 3.28160165e-01  1.28984965e+00 -1.10250520e+00 -3.38875761e-01
  9.30508062e-01 -1.56134347e+00  1.29415565e+00 -1.38751672e+00
  2.48352448e+00 -1.52563883e+00  8.98919080e-01  1.44665152e+00
 -8.52886637e-01  3.83317388e-01 -7.80320915e-01  7.20788917e-02
 -1.92183029e+00 -9.09464300e-01 -1.11195445e+00 -1.07298763e+00
  4.26507522e-01 -1.68648072e+00  3.52207206e-01  2.00388431e+00
 -1.98095537e-01  3.00750615e-01 -6.38696957e-01  5.52479545e-01
  8.36053396e-01 -4.22620209e-01 -1.30088873e+00 -1.24329083e+00
  1.53611553e+00 -7.78743769e-01 -3.05681364e-01  1.04111251e+00
  5.21573153e-02 -1.72199678e+00 -6.17684740e-01 -4.55651915e-01
  3.05740237e-01  7.75496654e-01 -1.58948606e-01 -1.66965500e-01
  9.73581215e-01  5.65709933e-01 -3.89776096e-01  5.50268168e-02
  6.41719103e-01 -1.29441636e+00 -1.91003600e+00 -9.05256743e-01
 -2.29022444e-01 -7.38171936e-01  3.13788996e-01 -1.18776121e+00
  5.42674940e-01  1.13305896e+00 -1.26841860e-01  2.12161020e+00
 -5.71173220e-01  6.63155490e-01 -7.13487694e-02 -4.84433483e-01
 -1.84896746e+00  8.19906082e-01 -6.04610464e-01  1.08173992e-01
 -4.18905860e-01  8.49835688e-01  5.08959654e-01  1.13348514e+00
 -3.57109651e-01 -3.32650843e-02 -7.11965470e-01  1.29728661e-01
 -1.67778194e+00 -1.09030437e-01 -3.82531413e-01 -6.03206717e-01
 -7.48554046e-01  7.27837812e-01  1.07179467e+00 -5.90917526e-01
 -8.60028743e-01  1.81182745e-01  2.06480076e+00 -6.58228573e-01
  4.59779931e-01  9.36117632e-01 -6.75146207e-02 -1.05137776e+00
 -6.81232592e-01  1.36994933e+00  3.02844189e-01  5.26243940e-01
  1.07614889e+00  4.34216373e-01  6.60684218e-01  7.36036749e-01
  5.80965637e-02 -1.06859382e+00  4.93120595e-01 -1.63476187e+00
  6.17789648e-01 -4.93332326e-01  8.55808987e-01 -4.11129810e-01
 -2.29958494e+00 -1.23605251e+00 -1.21276993e+00  2.33375264e+00
  3.30153995e-01  7.45300345e-01  1.73455573e-01 -2.82299250e-01
 -3.83310126e-01 -9.35113773e-01  1.99786809e+00  2.78787067e-01
  7.86008621e-01 -1.12128814e-01  1.45437447e+00  8.06737090e-01
  4.59569289e-01  2.24180925e-02 -7.78812467e-01  2.25715164e-02
  5.65289616e-01 -7.65477752e-01  6.60150149e-01  7.37803376e-01
 -7.85509640e-01  1.37300971e+00 -5.95700653e-01  1.89142934e-01
 -5.04165028e-01 -2.39676847e+00 -5.98672415e-01 -1.83193848e+00
 -9.80085664e-01 -1.68894498e+00 -3.71762697e-01 -8.50899081e-01
  6.35108042e-01  1.70496749e+00  1.09752808e+00  5.81147526e-02
  1.05654796e+00  7.67988716e-01 -3.16386735e-01 -1.03523696e+00
  2.29317363e-01 -8.81232496e-01  4.25792271e-01  1.03496502e+00
 -2.20346324e-01  7.55807832e-01 -1.94563953e-01 -7.38916425e-02
  8.58313139e-01 -1.64578886e+00 -1.79967212e-01  4.94218127e-01
  1.67411899e+00 -1.16591930e-01 -3.64052053e-01  7.86034253e-01
 -7.89322996e-01  1.72413532e+00  2.97361031e-01 -1.23221922e-01
  3.69048346e-01 -1.01558311e+00 -9.55578317e-01  1.17071634e+00
  8.61393398e-01  8.40993513e-01  2.41142979e-01 -1.46138080e-02
 -1.29257585e+00  5.74648270e-01 -2.20203094e+00  2.53737916e+00
 -6.87654924e-01  5.94348676e-01 -1.01240858e+00 -1.67866369e+00
  1.16365103e+00 -7.94481275e-01 -8.52663476e-01  3.34073091e-01
 -6.78806271e-01  2.86202589e-01  5.62503096e-02 -4.33246477e-01
 -5.89055888e-02 -8.20639319e-01 -1.37303302e+00 -4.63573565e-02
  7.39464742e-01 -4.95889030e-01 -2.39833063e-01 -2.68894713e-01
  1.71868568e+00 -4.86808585e-01  1.67110176e-01  7.78786623e-01
  1.54588988e-01  1.09469602e+00  7.06843295e-01  5.12785950e-01
  7.41821162e-01 -1.38204650e+00 -3.05971805e-03  1.44762702e-01
 -9.36118625e-03  1.33018154e+00  6.87012928e-01 -2.69009820e-01
 -2.90227390e-01 -1.58788774e+00  8.63033595e-01  2.07453296e-01
 -2.22735039e+00 -1.39858205e-01  7.38392876e-01  1.26494956e+00
  4.86643384e-01 -2.12762001e+00  3.90410399e-01  7.24780114e-01
 -4.11029449e-01 -1.04484391e+00 -7.45343105e-01 -1.27446852e+00
 -1.25020519e-01  1.06697524e-01 -2.36268009e-01 -1.26062272e+00
 -1.54816769e-01 -1.55532264e+00 -2.85707720e-01  4.00824779e-01
 -1.04249161e+00  1.69787549e+00 -3.35417092e-01 -6.75666758e-01
 -5.94104076e-01 -1.21047452e+00  7.76789206e-01  6.94082593e-01
 -3.94765776e-01  4.65591937e-01  2.31430774e-01  1.01851836e+00
  9.13224438e-01 -4.59929688e-01  1.51728145e+00  5.25524447e-01
  3.11028816e-01  8.13463361e-01 -2.27967713e+00  1.56729746e+00
  2.23148802e-01  1.61715360e-01 -7.75564708e-01 -9.54513255e-01
  2.85968583e+00  3.59694723e+00 -1.99229572e-01 -4.26063538e-01
  2.91453395e-01 -7.32653121e-01  3.26419184e-01  5.97219967e-01
 -7.05677057e-01 -6.07452675e-01  2.24155401e-01 -1.91438081e-01
  5.89468144e-01 -1.37302565e-01  1.22238565e+00 -1.24122251e+00
  5.10262457e-02  1.64328174e+00  1.51738895e+00 -1.34530452e-01
 -6.89568830e-02 -1.84427905e+00  1.41962289e-01 -6.95980209e-01
  5.64047669e-01 -1.65536428e+00  1.10907828e-01  7.56874399e-01
 -3.69900032e-01 -1.71390913e-01  8.10643135e-01  2.11967674e+00
 -5.92026361e-01 -6.92902774e-01 -1.30759467e+00 -1.01905280e+00
  1.70188997e+00 -4.56776101e-01  2.16867378e+00  1.32727450e+00
 -2.91021321e-01  1.93667869e+00  4.99377295e-01  1.50969392e-01
  1.44784357e-02  6.18842272e-01  1.44329088e+00  1.02927820e+00
 -7.41511510e-01  1.08484311e+00  3.74950119e-01  7.69729999e-01
 -5.88971651e-01  8.36059663e-01  6.34339222e-01 -2.56621566e-01
  8.13404422e-01  5.15995882e-01  7.35258602e-01 -1.34419836e+00
 -1.11727392e+00 -1.91532443e-01  1.03100020e+00 -4.89080807e-02
 -6.49048936e-01 -1.05823187e+00  4.53605442e-01 -3.80925821e-01
  1.40848727e+00  1.78178185e-02 -1.03682070e+00 -8.99361344e-01
  5.86098730e-01 -1.00945016e+00  3.44129628e-01 -1.57223247e+00
 -5.06389620e-01  2.43094876e+00 -5.74144496e-01 -4.87132360e-01
  4.99990205e-01  5.64033633e-02 -2.02063679e+00  9.37129119e-01
  3.06845032e-02  1.17314549e+00 -1.36320502e+00  2.83481583e-01
 -6.75252408e-03 -4.49087717e-02 -8.48938310e-01 -8.59196519e-02
  1.16713721e+00  4.55757752e-01  4.58602716e-01 -3.56841228e-01
 -1.69646750e-01 -6.49973540e-01 -8.75475061e-01 -1.68495676e+00
 -7.96251227e-01 -1.11338816e+00 -9.95200760e-01 -6.04309851e-02
  8.58471672e-01 -1.16055611e+00  9.75648306e-02  5.70598262e-01
 -9.38229887e-01 -7.72802609e-01 -6.04397539e-01 -3.40449561e-01
 -1.49654168e+00 -6.94431296e-01  5.94401063e-01  1.09528144e+00
  3.84863723e-01  1.08857198e+00 -1.14492576e+00 -5.45974919e-01
 -2.07246538e+00  1.98772586e-01  1.47122192e+00 -7.69919241e-01
  1.08661443e+00  9.99072717e-02 -6.17760402e-01  2.05890390e-01
 -7.96757125e-02 -1.09067230e+00 -2.95220846e-01  6.00882163e-01
  5.48507307e-01  4.44763957e-01 -1.60952904e+00 -1.49916247e+00
 -8.30918908e-01 -1.39379361e+00  2.00411896e-01 -1.53279979e+00
 -2.02294881e+00  1.19587414e+00  3.15778175e-01 -1.62533292e-01
 -4.70861098e-01 -1.09670712e+00  5.30240719e-01  1.02580385e+00
 -2.30327355e+00  2.18140919e-01  6.05213149e-01  1.29006364e-01
 -7.85303832e-01 -1.32179238e+00 -2.36670277e-02  3.34988366e-01
 -1.62530870e+00 -3.66266303e-01  7.22728200e-01  7.42261993e-01
  2.04912694e+00 -1.43855636e-02  1.48376926e+00 -2.45799936e-01
 -1.29173302e+00 -5.15603886e-01  1.03317877e+00 -1.14073680e+00
 -1.30460723e-02  7.91453574e-01 -1.40977403e+00 -1.13761144e+00
 -6.60228488e-01  1.25159978e+00 -1.28173295e+00  3.93593923e-01
 -6.97360260e-01 -7.00818999e-02 -6.25621107e-01  9.91497321e-01
 -2.20638408e-02 -8.11070925e-01  1.18423563e+00 -1.21063526e+00
  1.38528054e+00  2.75633297e-01  1.17764742e+00 -6.85518568e-02
  2.82881637e-01 -1.33512198e+00  1.98084163e+00  1.80630355e-01
  8.23226867e-01  4.01742720e-01 -1.01187357e+00  4.71092438e-01
  1.67251381e+00  1.53847906e+00 -6.08993006e-01 -4.11865618e-01
  2.27628975e+00 -1.96812069e-01 -2.48379926e-01  1.57444749e+00
  3.14447663e-01  2.18030459e-01  2.39794142e-03 -1.25146005e+00
  4.00296914e-01  8.21109331e-02 -1.29491671e+00 -8.56407254e-01
 -2.58183436e-01  6.88306458e-01  6.39116479e-01  4.42429587e-02
  1.24396607e-01  7.88315846e-01 -8.87307472e-01 -6.53169988e-01
  6.03511393e-02 -1.84851949e+00 -3.34909221e-01 -2.16372988e+00
 -6.15381518e-01  1.12617961e+00 -9.09905990e-01  3.39168334e-01
 -8.15033083e-01 -4.80277473e-01  5.85916653e-01  1.14525413e+00
  8.58921154e-01  1.53712789e-01  7.85044703e-01 -1.44331887e-01
 -5.06080677e-01  3.91493645e-01  5.63716690e-01  9.19011941e-01
 -7.78189026e-01  6.98885028e-01  3.21316935e-01  1.60275397e+00
 -1.54639315e+00  1.50121874e-01 -3.68514526e-01 -4.63537106e-01
 -1.84976932e+00 -1.16404113e+00 -9.50908030e-01  2.35497210e+00
 -3.45124199e-01  1.61373315e+00 -1.09041760e+00  1.52774120e+00
 -6.91184191e-01 -3.42747752e-01 -2.61389837e+00  1.58361187e-02
 -5.38256573e-01 -6.10776445e-01 -5.80456971e-01  1.14986230e+00
 -2.97986751e-01  6.18645761e-02  2.35647606e+00  7.87823328e-01
 -7.45214352e-01  4.93181610e-02  4.85599857e-01 -3.03169943e-01
 -4.34541330e-01  1.07205279e+00 -6.92740019e-01 -1.09314228e+00
 -1.39320464e+00  2.88430575e-01  1.28917157e+00 -1.59030965e-01
 -4.18076949e-01 -1.41550408e-01 -7.81935326e-01 -5.90011900e-01
 -1.54894023e-01  3.61737460e-01 -7.82680672e-01 -4.32682275e-01
  3.15717622e-01  1.20274884e+00  3.98118081e-01 -7.05709249e-01
 -1.53975723e+00  1.84536905e+00 -2.38072400e-01 -8.96793028e-01
 -2.64057612e+00 -4.69383823e-01 -8.56047824e-02  2.92345683e+00
  2.96113611e-01  1.71184672e-01  5.57397353e-01 -1.19830893e+00
  3.63755544e-02 -1.06610673e+00  5.82908023e-01  1.52970845e+00
  6.26329178e-01 -1.52717206e+00  2.61146519e+00 -3.45079700e-01
  4.81433728e-01 -5.13281036e-01 -5.34471548e-02  1.30621839e-01
 -1.06358546e+00 -4.17329771e-01  2.30540652e-01  5.42876992e-01
 -1.67060241e-01 -1.33269026e+00  5.77914933e-01  5.77374246e-01
  4.34346650e-01 -4.01718233e-01  9.72192209e-01  4.64185626e-01
  1.63374756e+00  1.39413606e+00  1.41486520e+00  1.46504512e+00
 -9.26476626e-01 -1.06451882e+00  2.93475459e+00 -3.54375703e-01
 -6.15431970e-01 -7.21660921e-01  8.88409110e-02  4.67934958e-01
  5.20442712e-01  3.29707476e-01  1.72288376e+00 -1.01466142e-01
  4.72724077e-01 -5.28563174e-01  1.81086815e+00  2.31786160e+00
  8.85961469e-01 -2.38487905e-01  1.62305618e+00  5.67876508e-02
 -2.21048050e+00 -5.84827901e-01  2.51410775e-02 -4.88336897e-01
 -2.63278355e-01  2.71091696e-01 -7.35345524e-02 -3.33535393e-01
  2.35052597e-01 -8.81922857e-01 -1.36805893e-01  2.25457714e-01
  1.09640175e+00  4.81737431e-01 -1.82323894e-01 -1.62353391e+00
  9.75503559e-03  4.74112413e-01 -3.54049805e-01 -9.15798044e-01
  5.12548542e-01  1.53998973e+00 -2.13311607e+00 -3.67020884e-01
  6.13124624e-01 -1.03840055e+00 -3.12180349e+00 -7.85392341e-01
 -8.13336081e-01  2.70514331e-03 -6.32544755e-02  2.35452567e-01
  2.67075571e-01 -1.96826863e-01  2.14722906e+00 -1.01581251e+00
  1.35485067e+00 -7.05756647e-01 -3.56328124e-01  5.30623243e-01
  8.56161748e-01  6.66903543e-01  8.21375848e-02 -4.22210707e-01
  2.92848573e+00 -1.52648912e+00 -7.56113121e-01 -1.59400733e-01
 -7.68545318e-01  2.28496103e+00 -1.26953037e+00 -2.28689525e+00
  5.12375478e-01 -6.62169991e-01 -3.33242365e-01  1.94837074e+00
 -1.09375916e+00  1.31318665e-01 -1.39179052e+00  4.58856009e-01
 -2.42581652e-01 -6.11454250e-01  4.29483611e-01 -1.46044911e+00
  1.21518976e+00 -1.02561307e-01  4.44044976e-01 -9.23785375e-01
 -8.84746990e-01  5.83341706e-01  7.27299393e-01  1.26833871e+00
 -7.29640439e-01  5.62644953e-01  1.15552876e+00  2.61767739e-01
 -1.34865406e+00  8.86877216e-01 -1.27270589e+00  2.95304702e-01
 -1.13388590e-01 -1.07806478e+00  1.14867118e+00  6.03934544e-02
 -1.87533912e+00 -1.11159583e+00 -1.53976405e-01 -7.64652970e-01
  4.99089783e-02 -9.52805286e-01 -9.67019841e-01 -4.45214591e-01
  1.02214379e+00 -6.94258967e-01  2.86490344e+00  9.49939711e-01
 -4.75292702e-01 -7.74415086e-01 -9.64814607e-01 -1.58863977e+00
 -8.84264918e-02 -4.70494690e-01 -4.39751835e-01  5.77492072e-01
  7.53386268e-01  4.93647200e-01 -6.95971390e-01 -7.38369911e-01
 -4.47965577e-01 -8.24284376e-01  8.80799704e-02  2.17495136e-01
  5.48907618e-01 -3.08749084e-01 -3.33625729e-01  9.46416272e-02
 -2.83266719e+00 -1.92732639e-01  1.23079198e-01  3.80469625e-01
  5.75835937e-01  5.70797576e-01  1.52586371e+00  4.65560560e-01
 -9.68739344e-01 -2.23113099e-01  9.30578426e-01 -3.91090737e-01
  1.77718979e-01  6.20667159e-01 -2.00290577e+00 -3.22101012e-01
 -1.18380419e+00 -3.25820026e-01 -1.27390253e+00 -5.30499175e-02
 -1.11335778e-01  1.68394031e-01 -4.88920920e-01  5.15912378e-01
 -2.79642827e-01 -4.87292528e-01 -6.40568236e-01 -8.66759236e-01
 -7.93625007e-01 -1.57689641e+00 -1.60422962e-01  1.44287625e+00
 -7.06879262e-01  2.95768127e-01 -4.91582210e-01  2.25267055e-01
 -8.43989681e-01 -6.92405105e-01  2.34954201e-01  2.64360787e-02
  3.86553264e-01  6.16730632e-01 -9.39645145e-01  4.65744375e-01
  7.20714375e-01 -1.28369196e-01  5.89307732e-01 -8.81795900e-02
 -2.70242382e+00 -9.02724551e-02  1.93809538e+00  8.15450616e-01
  2.64639716e-01 -6.84622324e-01  1.70870257e+00 -2.87444114e-01
 -9.79864899e-01 -4.18044100e-01  9.08605571e-01 -7.36767540e-02
 -1.47201859e+00  1.42911683e+00 -4.08622379e-01  4.03334628e-01
  5.64722712e-01 -2.35581079e-01  3.12328615e-01  4.24347465e-01
  1.24238324e+00 -1.85814204e-01 -8.58598960e-02  4.80886838e-01
 -4.22605962e-01  3.20125796e+00  1.70906806e-01  2.12762287e-01
  1.76135097e-01 -6.82568275e-02 -7.08908146e-01  1.07581895e+00
 -9.09762672e-01 -2.03430242e-01 -7.54483134e-01  1.80795495e+00
 -3.76394902e-01 -2.05895603e-01  2.06791688e-02 -9.26547281e-01
 -1.23038307e+00  5.61110796e-02 -7.54063724e-01  1.42173595e+00
  1.68927476e+00 -1.25944103e+00 -4.97945117e-01  3.88599295e-01
  1.09244899e-01  1.12886606e+00  9.77211596e-01 -8.94636002e-01
 -1.60138478e+00 -7.91900492e-01  3.36034947e-01  9.32792182e-02
 -1.10823085e-01  1.13132752e+00 -3.99607992e-01 -1.63042525e+00
  8.57428375e-01  1.24089919e+00  7.88907813e-01 -1.54699787e+00
  2.94152257e-01 -3.55893788e-01 -3.81927654e-01  2.71484261e+00
  6.34217959e-01  1.67268470e+00  1.95147471e-01  2.89000094e-01
 -1.80111469e+00 -1.69570101e-01  3.65643449e-01 -1.37080384e+00
 -6.90481441e-01  1.92103184e+00 -6.22061828e-01 -2.61581358e-01
 -1.20376253e+00  1.14749677e+00  1.40919406e+00  1.37744074e+00
 -3.69580985e-01 -1.34535684e+00  1.58395485e+00 -9.26155967e-02
 -9.12859913e-01  6.13769983e-01 -2.45726417e-01  3.69849047e-01
  4.84250791e-01  4.04035091e-01 -1.41059398e+00  4.41365271e-01
  1.38999890e-01 -2.08816352e+00  1.27467091e+00  1.26065267e+00
  4.29898784e-01  1.06917000e+00 -5.81827961e-03  9.62728449e-01
  1.04557421e+00 -5.74222042e-01 -4.22418120e-01 -1.20604039e+00
 -3.60622305e-01  1.19692841e+00 -1.01170531e+00 -1.12386077e+00
  3.51338276e-01 -1.48079844e+00 -6.82375716e-01 -3.43592746e-02
  6.27253629e-02  8.52261124e-01 -3.00255767e+00  2.74201418e-01
  2.19110685e+00 -2.73922508e+00 -1.22833553e+00 -1.18571380e+00
  8.67076327e-01 -6.50072489e-01  1.05462371e+00  1.94642681e-01
 -1.01292557e+00 -1.66597261e+00 -4.44432046e-02  2.24291645e+00
 -3.40638740e-01 -1.70458168e+00  1.06699424e+00  2.05112350e+00
  5.82181477e-01 -5.79769863e-01 -1.44566663e+00 -7.19550866e-02
  1.30084094e+00  1.86045297e-01  2.14308864e+00  1.57175403e-02
 -2.08506257e-02  1.21517700e+00  1.03612312e+00  1.15722723e+00
 -5.41927432e-01 -1.69867414e+00  1.16158965e+00  3.47617637e-01
  1.18109968e-01 -1.79344623e+00  4.04012346e-02  3.82466363e-01
  5.38651771e-01 -6.06669633e-01 -1.23817025e+00  3.23121249e-01
  8.25848399e-01 -2.18824556e-01  1.97685174e+00  1.50783206e+00
 -7.70479486e-01  1.54917539e+00 -4.02177504e-01  1.06404246e+00
  1.38410774e+00  6.11071940e-01  1.78199651e-01  8.48135132e-01
 -9.68158148e-01  1.31285037e+00 -1.48317705e+00  2.33499159e+00
  5.56036621e-02 -2.44926921e-01  4.77282625e-01 -6.17830359e-01
  1.90137123e+00 -6.16240270e-01  3.07699049e-01  2.32403521e-01
  1.19977046e+00  1.20022104e+00 -4.08729433e-01 -1.31274018e+00
  1.31568604e-01 -9.44050817e-01  1.15328415e+00  1.47196375e+00
 -1.94534627e+00 -8.28867644e-01  7.91539090e-01 -8.63841754e-01
 -1.00181578e-01  3.90984418e-01 -5.70007794e-01  2.28241398e-01
 -1.34173336e+00  1.41457411e+00 -2.53094095e+00 -1.39525984e+00
  2.22088941e-01 -5.00128103e-01  4.80250533e-01 -1.56975523e+00
  1.29687829e+00 -7.53664530e-01 -1.15783375e+00 -1.13211054e+00
 -6.48304416e-01 -6.07297768e-01 -1.40632315e+00  1.15217755e+00