 5.36819619e-01  1.29648386e+00  4.94075920e-02  1.37012698e+00
 -7.61463221e-01  7.31609673e-01 -5.13240576e-01 -6.80340348e-02
  1.87085172e+00  3.82976146e-01 -8.14717926e-01 -5.44848102e-01
 -2.16639646e+00  4.93118443e-01  9.61072222e-01 -1.28203507e+00
 -6.58003236e-01 -9.82097395e-01 -1.38119332e+00  5.57655361e-01
 -1.59861884e-01  8.80531446e-01  4.25139938e-01 -1.56992223e+00
  3.57689558e-01 -1.63107916e+00  1.90385630e+00 -1.06628827e+00
 -5.60949094e-01 -1.40321275e-01  5.20706997e-03  1.84490099e-01
 -8.99007447e-01  7.98477207e-01  8.59631847e-01 -4.46003411e-01
 -8.23625698e-01 -1.60741780e-01 -1.58148586e+00  6.12308481e-01
 -2.54480206e+00  4.15800142e-01  6.94874599e-01  1.38127500e+00
  8.69198484e-01  5.15618181e-01 -1.04255381e-01  8.98020487e-02
  1.65248219e+00  4.56054019e-02 -4.45880289e-01 -2.72871385e-01
 -2.88035209e-01 -2.81764416e-01 -2.37822855e-01 -5.25647739e-01
 -4.11974317e-01  3.39062494e-01  2.04228357e-01 -3.83483867e-01
  9.55673826e-01  7.42759966e-01  1.42009514e+00 -1.17574259e+00
 -7.75337635e-01 -7.35820709e-02 -5.25916214e-01 -1.02152475e-01
 -3.60714463e-01 -5.19382758e-01  2.42279192e+00 -7.83696944e-01
  6.50774920e-01 -9.35710578e-01  1.15263308e+00 -1.25510081e+00
  1.37665681e+00  1.04211123e-01 -1.77584893e-01  2.96729125e-01
 -1.32070920e+00 -1.64343221e+00  5.26065726e-01 -1.10926642e+00
  9.09622661e-03  1.18075545e-01 -2.01826867e+00  2.90069097e-02
  6.61026327e-01  6.83335156e-01 -3.40019688e-01 -8.14303102e-02
 -4.38217997e-02  9.37793770e-01  1.09486385e+00 -1.88595782e+00
  6.76250871e-01  7.58446374e-02  1.60953438e-01 -8.53331739e-02
  9.96623243e-01 -8.52764069e-01  3.31578166e-01 -1.53604140e+00
 -5.62077804e-01 -1.48223607e+00  7.93014133e-01 -9.37563987e-01
 -1.37628996e+00  1.50887247e+00  1.94167426e+00 -7.07258573e-01
 -5.14466821e-01  5.05728239e-01 -4.03036533e-02 -1.02586392e+00
 -4.75209192e-01  1.22975450e-01  1.46403106e+00 -3.01417550e-01
 -9.37860051e-02  2.79196550e-01  9.86782024e-01 -2.17128556e-01
 -2.01860062e+00  7.60190924e-01 -6.17059370e-01 -1.38321319e+00
  3.09939853e-01  1.23948518e-01  9.05802626e-03 -2.18177071e-01
 -1.16735788e+00 -1.08122905e+00  5.16930033e-03 -2.21131549e+00
 -9.46255750e-01 -2.22508651e-01 -5.02423244e-01  8.65907296e-01
  8.63605647e-01 -1.39561639e-01 -2.78441914e-01  3.25649281e-02
  2.74035788e-01 -1.48427389e+00  3.59630887e-01  2.31233374e-01
  1.25276912e+00 -1.12888018e+00  1.29827428e-01  1.34728154e+00
 -1.45762870e+00  1.45500969e+00  8.34372043e-01 -6.33427305e-02
 -1.58772302e-01  2.68637550e-01  2.86043606e-01 -1.89123313e+00
 -2.52721083e-01 -5.37907978e-01  1.24639829e+00 -1.60807282e+00
  1.26731679e+00 -1.06743471e-01 -1.71072566e+00 -8.54646534e-01
  1.55649206e-01 -2.88486169e-01  1.19486221e+00 -4.11824230e-01
 -3.25246987e-02  7.18755378e-01  2.02693258e+00  1.12355896e+00
 -3.68600288e-01 -8.75753478e-01  6.24435047e-01 -9.48575489e-01
  3.30713596e-02  2.23145978e-01 -6.45785818e-02 -8.05783624e-01
 -4.10839415e-01 -4.36788457e-02  2.87051490e-01 -1.64578261e+00
  1.70694434e+00 -8.00005797e-01  1.37405257e+00  7.46031544e-01
  7.76158869e-02 -6.09124691e-01  1.79419848e+00  1.57442943e+00
 -1.34439255e-01 -1.70964446e+00  9.79746274e-01  6.14149960e-01
 -1.70120440e-01  1.89264381e+00 -4.35820897e-01 -1.46010420e+00
  1.63082789e-01  4.82133688e-01 -1.18308632e+00  2.74669987e-01
 -5.51101611e-01 -4.22396877e-01 -2.27312632e-01 -9.98849211e-01
  1.14855802e+00 -5.81273178e-01  6.69391899e-01 -1.14543570e-02
  7.90981166e-01 -1.73267136e-01 -7.00834771e-01 -1.01096609e+00
  1.00974280e+00  3.94369920e-01 -6.95813284e-01 -1.71319144e-01
  4.29142401e-01 -2.07399325e-01  1.72868473e+00  5.31994614e-01
  1.11729850e+00 -4.09910258e-01  3.44620673e-02  9.47062859e-01
  4.87878219e-01 -1.04624098e+00  6.12621524e-01 -3.69635887e-01
 -1.21526525e+00 -1.91741556e+00  8.70987709e-01 -5.20444812e-01
  1.33837247e+00  8.56278303e-01 -3.13458948e-01  2.16565955e+00
  3.49675955e-01 -6.43628225e-01 -9.63820797e-01 -1.41744552e-01
 -3.46325178e-01  2.91331626e-01  4.06964352e-01 -8.58128946e-01
  3.23751323e-02  1.27534413e+00  4.59584055e-01  1.85956702e+00
  8.00786941e-01 -4.16397227e-01 -5.34020842e-01  6.55100327e-01
  6.20682089e-01  2.72647335e-01 -1.05044050e+00  1.13175151e-01
 -2.37017982e-01  1.08952922e+00 -2.02508796e+00  1.57046375e+00
  1.12496910e+00 -1.49180954e+00  8.31845310e-01  2.30124994e+00
  2.23920178e-01 -2.26548715e-01 -3.88254151e-01  2.01468933e-01
  1.94793485e-01 -1.11075727e-01  4.65899157e-01 -2.69421229e-01
 -5.10132242e-01  1.61692817e+00 -3.82646977e-01 -5.50245368e-01
 -3.03998501e-02 -3.28007727e-01 -1.14094585e+00  4.83043814e-01
 -5.84663932e-01 -1.51163088e+00 -1.60988888e-01 -1.27654205e+00
 -9.09094856e-01  8.55480093e-02  2.32681050e-01  6.79913679e-01
  9.07256696e-02  7.36713732e-01  1.28903134e+00  4.38848923e-02
 -4.12711301e-01  3.48025897e-01  1.76888741e+00 -1.78013672e-01
  5.56369696e-01 -1.66288202e+00 -8.80432129e-01 -1.42180674e+00
  4.59769816e-01  2.97341916e-01  4.64700474e-01  3.23568481e-01
 -1.28206953e+00 -5.02222126e-01  1.13036219e+00  4.87869956e-01
  7.58085486e-01  1.66267786e+00 -7.88062165e-01 -2.94723535e-01
 -1.82715326e-01  1.38333457e+00  6.47198794e-01  2.96260796e+00
  7.52839988e-01  2.81184111e+00 -1.23691468e+00 -1.40319808e+00
 -9.06216246e-01 -1.21304070e-01 -9.74696592e-01 -6.64103513e-01
 -7.52833606e-01 -1.11791950e-01  1.44751474e+00 -1.18949884e+00
 -5.92053424e-01  3.09868577e-01 -1.45411798e+00  2.71330539e+00
  7.89533812e-02 -1.28606047e+00 -1.82673021e+00  9.27101897e-01
 -1.10501627e+00  3.58589738e-01  1.80765541e-01  1.12389894e+00
 -1.23878350e+00  2.69622533e-01  6.81824557e-02  6.08385359e-01
  6.22429784e-01  5.41652718e-01 -1.94393085e-01 -5.48323582e-01
 -1.19324299e+00 -6.13813524e-01 -1.07912603e-02 -1.84277455e-01
  1.84974184e+00  3.28494477e-01  2.78102293e-01  1.29848375e+00
  6.08413801e-01  1.23520833e-01  4.15935424e-01 -9.39285865e-01
  1.80710765e+00 -9.01918664e-01  3.98033500e-02 -8.48317543e-02
  1.43789158e+00  1.89442762e-01  1.51989663e+00 -1.75328213e+00
 -1.46218115e+00 -1.59764278e+00 -2.77351900e-01  9.88775274e-01
  6.25174190e-01 -8.24582084e-01  3.53829167e-01 -6.35007531e-01
  5.19797762e-01  1.47667971e+00 -8.09290315e-01  3.19854805e-01
  1.45523085e-01 -1.22959932e+00 -7.37091996e-02  2.79322046e+00
 -7.17326564e-01  7.66838011e-01 -3.28272088e-02  5.32395202e-01
 -9.63584660e-01 -7.14584051e-01 -1.30885412e+00 -1.55531149e-01
  5.91621992e-02 -6.21178207e-01  8.84328617e-02 -3.46535824e-02
  1.00438343e+00  2.74367236e-01 -4.16250729e-01  2.10300118e-01
  1.30335282e+00 -1.29593709e-01  9.27359128e-01  4.48359586e-01
 -9.41401594e-01 -9.66058329e-01  1.75130082e+00  3.06828207e+00
 -4.03264728e-01 -7.72114387e-01 -2.59318782e-01 -9.63889885e-01
  1.91796774e+00  9.86804644e-01  6.51550520e-01  2.98327819e-01
 -1.57651110e+00 -6.84068775e-01 -2.52177651e-02 -1.28687702e+00
  3.36828140e-01  1.21316073e+00  2.00269115e-01  7.49989757e-01
 -2.92475210e-01  4.37764955e-01  2.35184310e-01  5.58518117e-01
 -1.34557097e+00  2.13091236e-01 -2.32590084e-01  1.85393517e+00
 -2.04042065e+00 -3.75713368e-01 -1.74786213e+00 -7.74341860e-01
  1.03834959e+00 -7.08050011e-01 -5.85398488e-01  1.90300049e+00
 -3.17826736e-01 -7.13578991e-01  6.21044337e-01  4.95465076e-01
 -1.52006552e-01 -1.34226669e+00  1.40470603e+00  1.68742135e-01
  8.20961990e-01 -1.84182714e+00 -8.95540995e-01  9.15763490e-02
  2.47309659e+00 -2.03560051e+00  6.45850525e-01 -1.02783616e-01
  2.00848585e-03 -1.19321402e+00  1.28228481e+00  7.79263575e-01
 -4.83073395e-01 -2.66141995e-02 -1.79569025e-01 -3.86205347e-01
 -6.25641381e-01  1.77849791e+00 -1.21722734e-01 -3.93968079e-01
  2.30989665e-01 -2.61768052e-01  1.17185136e+00 -3.24637400e-01
  2.10200774e+00 -1.94846539e+00 -1.02245912e-02 -6.09859876e-01
 -1.60516058e+00 -1.36821226e+00 -1.26261559e+00  2.23463398e-01
 -1.74060163e+00 -5.20524868e-01  2.38029350e-01  2.15070988e-02
 -1.23599252e+00  1.60399818e-01  8.25080639e-01 -1.26544641e+00
  6.87435828e-01  6.20640132e-01  1.07666394e+00 -1.58206897e-01
 -6.59151989e-01  1.98595951e+00 -3.72702803e-01  2.53683805e-01
  9.25919172e-01  7.82792214e-02 -6.15267964e-01  3.10583331e-01
  3.84232725e-01 -4.37450087e-01  2.34430719e-01  1.58640079e+00
 -1.24436849e+00 -1.19280894e+00 -4.92547819e-02 -1.65700356e+00
  1.00802448e+00 -1.48143740e+00  8.24799293e-02  2.57253629e-01
  4.82123764e-01  4.42447192e-01  1.00340945e+00  5.97477755e-01
  3.64033793e-01 -7.59225073e-01 -1.57291168e-01  9.26037982e-01
 -2.77512830e+00 -1.17195438e+00 -1.22835088e-01 -1.20208870e+00
 -5.59482393e-01  2.72138555e-01 -5.81761473e-02  2.41265259e-01
  3.62796314e-01 -1.44642663e+00  2.40457543e+00  9.71118907e-01
  3.70432072e-01  2.28712306e+00 -4.73104008e-01 -2.19094092e-01
  2.18996110e-01  6.29131899e-02 -1.12482664e+00  9.75780666e-01
 -1.25337839e+00 -5.48214198e-01 -7.39973117e-01  9.56234038e-01
 -1.36963695e+00 -7.91875465e-01  3.67404972e-01  4.16168822e-01
  2.56378733e-01  1.26808766e-01  1.01612812e+00 -1.31150066e+00
 -1.27233040e+00  5.25924623e-01 -2.21670652e+00 -8.80967625e-01
  5.38946884e-01 -6.53609325e-02 -7.96539631e-01  1.98492325e+00
  1.85635099e+00 -1.66494328e+00 -1.28707697e+00  7.58352616e-01
  1.00856925e-01  7.80354391e-02  4.86264653e-01 -1.02707613e+00
 -1.08272348e+00  3.02661123e-01 -3.83735412e-01  7.32359989e-01
  3.56274615e-01  7.39750581e-01  2.08933128e+00  3.75550514e-01
 -9.62801531e-01  6.24887736e-01  1.78304032e-01  1.34527814e-01
 -7.87016950e-01 -2.65268895e-01  6.09499336e-01 -1.80389829e-01
 -1.11569630e+00  5.76119086e-01  1.14080222e+00  5.55187433e-01
 -1.83642462e-01  3.20673179e-02  4.87710606e-01  1.01802135e+00
 -4.36928665e-01  2.08818280e-01 -1.48427956e+00 -6.39781886e-01
  1.61142446e+00  9.61634002e-01  1.40251568e+00  3.45914761e-01
  3.16906968e-01 -1.26337014e-01  6.04880242e-01 -5.52265252e-01
 -2.92910241e-01  1.39722371e-01 -1.98347679e+00 -1.38051363e+00
 -3.12155032e-01 -1.14092371e+00  6.71137733e-01  6.75687091e-01
  1.91361423e-01  3.13610434e-01 -1.69998190e-01  9.54360258e-01
  3.20480632e-01 -1.47117786e+00  4.79832270e-01  4.70429052e-01
 -4.47538531e-01  1.22398678e+00  4.41543148e-01 -4.02281744e-01
 -1.06763679e+00  3.38873387e-01  1.68937110e-01  2.61521221e-01
  1.72590713e+00  2.27212704e+00 -2.16496166e+00 -5.22906507e-01
 -1.13004277e+00 -3.43419422e-01  1.89780293e+00 -5.30161380e-01
 -2.52479832e-01 -1.69552455e+00  3.97089340e-01 -1.36970310e+00
 -1.26850984e-01 -1.59619952e+00  8.40925998e-01 -1.76870163e+00
  9.81850368e-01 -1.84398053e+00  3.28039741e-01  1.22572368e+00
  7.56960573e-01  2.33020961e-01 -1.34832299e+00  2.31842300e+00
 -1.49939740e+00  7.69513896e-01 -1.02863204e+00 -6.49836485e-01
 -1.57865649e+00  9.17390336e-01  1.45697625e+00  8.93473257e-01
 -8.49326669e-01  4.24614425e-01 -3.36457496e-01  2.11222823e-01
 -2.75382212e-01 -1.27914206e+00 -8.24052580e-01 -4.51932435e-01
 -1.22567937e+00  6.85996455e-01 -3.63275724e-01  2.23433222e+00
  6.41618485e-01  1.49341595e+00 -3.61501709e-01 -2.93152738e-01
  2.78168364e-01 -4.10982116e-01  1.02249603e+00 -9.36590022e-01
 -1.28627889e+00 -1.62935896e-02 -1.53686373e-01 -2.82213908e-01
  6.46968557e-01 -9.02823840e-01  9.49295151e-01 -4.31767820e-01
 -7.32350496e-01 -6.75369645e-01 -1.84944246e+00 -4.77643837e-01
  8.52506384e-01  3.05105725e-01  9.85909067e-01 -5.51483876e-02
 -1.21114487e+00  1.24404732e+00 -2.31450016e-01 -9.26244487e-02
 -3.16696544e-01 -4.71470851e-01  5.20371415e-01 -2.92344402e-01
 -8.43011286e-02  6.66884485e-01 -1.14386931e-01 -4.66088131e-01
  1.00582623e+00 -1.42834708e-01  6.05447742e-01 -5.20898104e-01
 -3.39852944e-01 -1.06092631e-01  1.49400828e-01  7.13205574e-01
 -1.08871776e+00 -1.12087966e+00  7.82155146e-01  3.70901901e-01
  1.63992126e+00 -2.52093818e+00 -1.10089357e-01  1.89692888e+00
  7.40992118e-01 -3.10351259e+00  7.83850583e-01 -1.51054254e-03
 -3.96377468e-01  4.42467494e-01 -1.38680384e+00  6.96940460e-02
  1.11143041e-01 -2.27254147e+00  1.87956889e+00  1.63998301e+00
  4.17248728e-01 -1.31378301e+00 -2.24136102e+00  1.14375587e+00
  4.99506871e-01  3.12263616e-02  1.13978658e+00  1.87167738e-01
  1.96696035e-01 -3.57828660e-01  1.69201115e+00 -8.87183822e-03
 -4.81090925e-02  1.19694970e-01 -1.37130140e+00  1.32945121e+00
 -2.05027359e+00  1.00178210e-01  9.72742365e-01 -6.97815551e-02
 -4.21213349e-01  1.19436439e+00 -1.98284329e+00 -4.88137040e-01
 -9.80813334e-01 -2.16247865e+00 -3.79119874e-03 -7.42252100e-01
 -8.76507842e-01  2.18914918e-01 -1.15363661e+00 -4.45989974e-01
  5.69011862e-01  1.17666228e+00 -3.52132537e-01  1.80868353e-01
  7.03431800e-01  8.01690629e-01 -1.04953439e+00  1.31899819e+00
  9.99701709e-01  1.37180215e+00  1.33809558e+00 -5.74627795e-01
 -6.09792079e-02  1.71281464e+00  7.36283701e-01 -8.09595792e-01
  3.01702258e-01 -1.55438362e+00 -1.91552662e-01  7.52840919e-01
  2.95128855e-01  6.77316819e-01  1.85677509e+00  2.04912435e-02
 -1.45837746e-01 -5.06351721e-01  1.09402541e+00  1.27340719e+00
 -9.54751758e-01  6.77523198e-01 -1.06533186e+00 -1.95998225e+00
 -9.90618595e-01  7.71752228e-01 -1.31425123e-01  5.97351275e-01
 -7.77861397e-01 -1.76142018e-01 -3.26949292e-01  4.76557557e-01
  3.44181388e-01 -4.68369516e-01 -1.07684911e+00 -7.59597203e-01
  7.43541483e-02  6.57355154e-01  3.22260684e-02  8.95835239e-01
 -5.35063236e-01  1.38805753e-01 -8.54190810e-01 -2.71285608e-01
  1.22232559e+00 -3.27980396e-01 -1.66284106e+00 -1.50221565e+00
  1.78404807e+00 -1.08450811e-01 -2.08434000e+00 -4.08734820e-01
 -7.69527825e-01  2.87787339e-01 -1.33865361e-01  8.75216068e-03
 -1.30356490e+00  3.33820297e-01 -4.21157693e-01  1.44651553e+00
  1.15234337e-01  2.35211734e-01  2.21225190e+00 -1.45359910e+00
  1.56807895e+00  4.69244593e-02 -1.30788395e+00  9.10145560e-02
 -1.47518168e-01 -5.17693252e-01 -1.47234991e-01 -1.98384929e-01
  7.96985977e-01  1.91373058e+00  1.09253063e+00 -6.28705976e-01
 -3.68132738e-01  1.88165035e+00  5.34964781e-01 -2.01261054e+00
 -1.25920970e-01  2.17497485e+00  3.57826572e-01 -2.13903399e-01
  3.84120866e-01 -4.74899117e-01 -2.03331399e+00 -4.35468948e-01
 -1.05670658e-01 -5.82569077e-01  8.30658670e-01 -4.40846556e-01
  4.46498411e-01 -3.59294353e-01 -3.19556951e-02  1.97358263e+00
  3.19812262e-01  4.29490928e-01 -7.20607135e-01 -9.05455675e-01
  9.69160275e-01  3.91100455e-01  3.74010070e-01 -4.78228801e-01
  1.48339771e+00  1.22853647e-01 -7.36825058e-01 -3.01639856e-01
  1.78885295e+00 -3.33452480e-01 -9.43681634e-01  6.32271398e-01
 -8.92047824e-02 -1.08169355e+00  9.75103530e-01 -1.42816019e+00
 -1.49326006e+00 -8.54932865e-01 -1.56181875e+00  1.01171312e+00
  6.41698896e-01  2.74105839e-01  3.68014287e-01  5.01790567e-02
 -1.85009003e+00  2.82604851e-01 -2.27987216e+00 -1.15899286e+00
 -8.25919218e-01 -8.44408713e-01 -6.23815455e-01  6.58949119e-01
 -7.86725140e-01 -1.27617758e+00  1.42640268e+00  9.16453238e-01
  1.30998589e+00 -5.81899795e-01 -1.78771276e-01  7.85026009e-01
  3.37312863e-01 -1.12769814e+00 -1.54650586e+00  4.15796244e-01
  8.08607900e-01  8.45698416e-01  1.07275360e+00  5.52004747e-02
  6.96634865e-01  6.39059531e-01  1.15051176e+00 -8.05086600e-01
  3.40041589e-01  1.98689232e+00 -7.75215865e-01  3.50753969e-01
 -1.45617354e+00  4.73530560e-01 -1.49191601e-01  2.03973189e+00
 -1.83720048e+00 -9.51396280e-01  7.18424478e-01  1.57131244e+00
 -7.66620580e-02  1.42867258e-01  1.37500248e-01  6.07940962e-01
  4.45734296e-01  8.37336527e-01 -9.54229657e-02  2.50931329e-01
 -7.75920445e-01 -3.15839556e-01 -1.05584344e+00 -1.15296029e+00
 -9.21321763e-02 -8.78715228e-01 -6.85793928e-01 -8.72566463e-01
  7.17610814e-01 -4.26069433e-01 -5.30126488e-01  1.05639879e+00
  6.59208368e-01  9.20021572e-01  1.30785109e+00 -9.70314656e-01
 -1.34547516e+00 -5.40472885e-01 -5.38612632e-01  1.20958123e+00
 -3.93996524e-01 -8.37159410e-01  4.26078743e-01 -9.48901342e-01
 -6.31735021e-01  1.25937687e+00 -2.14134144e+00  1.36946996e+00
 -9.54413214e-01 -4.93200767e-01  6.63984273e-01 -1.83002800e+00
 -3.82186636e-01 -6.53906044e-01  7.99443400e-01 -4.77851840e-01
 -3.41627078e-01  6.69398983e-01 -5.99053877e-01  8.30711943e-01
  4.63937787e-01  5.91308442e-01 -2.51124815e-01  1.44766816e+00