-5.63308071e-01  5.59222952e-01 -2.52896631e-01  3.76623052e-01
  9.46998586e-01 -2.69965830e-01  1.98167593e+00  3.17085465e-01
  1.47369355e+00 -1.26259700e+00 -6.99498498e-02  9.25005738e-01
 -9.81916656e-01 -3.27294974e-01  9.61250055e-01  3.69171562e-01
 -1.05604512e+00 -7.67867721e-01  2.10339701e+00 -9.44692080e-02
  1.48474802e+00 -3.40603562e-01  1.13690210e+00  1.78477180e+00
  1.86523404e-01 -1.63837818e-01  3.70509972e-01  1.77173775e+00
  4.93481901e-01  1.06480331e+00 -8.97693008e-01 -9.09380851e-01
  1.40702181e+00  1.38143802e+00 -7.73951696e-01 -4.29970117e-03
 -6.54793556e-01  2.28732002e-02 -1.28331979e+00 -4.86429816e-01
  1.04309489e+00 -2.97453211e-01 -1.48784533e-01 -1.16655726e+00
 -7.25520754e-01 -1.10915344e-01  1.48308236e-02  2.35164567e-01
 -4.42734076e-01 -1.12471999e-01  1.62373061e+00  3.83147914e-01
 -1.12895174e+00 -7.10282083e-02  6.12575948e-01 -4.39423088e-01
 -3.85037193e-01  1.73564752e-01  1.66398423e-01 -1.20638904e+00
 -3.94224643e-02 -1.70815078e+00 -1.31292471e+00  6.99804497e-01
  5.66738779e-01 -2.23900847e-01  1.45430086e+00 -4.38999840e-01
  8.12593892e-01  1.77722137e+00  2.16828116e-01 -3.10456927e-01
  2.92347308e-01  3.15186932e-01 -1.10813593e+00 -6.61331800e-01
 -9.68918509e-01 -1.34567530e+00  6.67614528e-01 -4.08997436e-01
 -2.83460794e-01  1.00813558e+00 -1.32551888e-01  1.67796893e+00
 -7.18601952e-01  9.36748397e-01  3.79204075e-01  1.60272504e+00
  2.07356684e-01  3.89225943e-01  3.67016901e-01  8.04507937e-01
 -9.12865039e-01  2.66511767e+00  1.06881507e+00  8.43835123e-01
 -1.27072984e+00 -6.72398645e-01 -1.01424469e+00 -1.49886808e-01
  7.11438803e-01 -3.15422754e+00 -5.06838904e-01 -1.71728551e+00
 -2.16270441e+00  6.72906672e-01 -1.08621352e+00 -1.59851157e-01
 -1.66428656e-01 -1.67945325e+00  1.20339175e-01  3.88461478e-01
  4.22860396e-01 -4.81803380e-01 -3.12095673e-01 -3.12721482e-01
 -1.80777914e+00 -8.79353655e-01 -1.92577009e+00  4.12626004e-01
 -4.14370173e-01 -2.53135009e+00  1.86278977e+00 -1.40181893e+00
 -8.17416377e-01  1.41377990e+00 -5.18346639e-01 -8.64989574e-01
  2.11432829e-01  4.82569400e-01 -6.95016769e-01 -9.19357157e-01
  1.89956221e-01  1.33533070e-01  1.52770383e+00  7.05374749e-01
  5.31020709e-01 -1.25772600e+00 -6.94005002e-02 -8.22536482e-01
 -1.54774592e+00  1.13280716e+00  1.63926458e+00 -7.97383765e-01
  5.84072188e-01 -1.16298450e+00 -1.43111583e+00 -1.12594220e+00
 -6.34772001e-02 -1.42342767e+00 -2.33817181e+00  4.39708436e-01
 -1.41582767e-01 -1.34876872e+00  5.24309062e-01 -5.18910218e-01
  4.61760015e-01  1.23381234e+00 -2.81628195e-01 -2.13931008e+00
 -1.21549354e+00 -1.98353805e+00  3.19677875e-01  1.46044736e+00
 -3.72144376e-01 -7.59326410e-01  5.01594604e-02 -6.82539493e-01
  1.63700358e+00 -2.98900346e-02 -7.98086240e-01  2.20719401e-01
 -1.32099398e+00 -1.15324277e+00 -1.80856824e+00  2.55121869e-01
 -9.32947593e-01 -4.99826743e-02 -1.93989373e+00  3.23956153e-01
  1.40009225e+00  1.12920710e+00 -4.31954376e-01  6.23577830e-01
  2.13041560e+00  1.37242965e-01 -1.36389666e+00  3.61478808e-01
  3.54522517e-02  6.64530682e-01  1.13154447e+00 -1.67119343e-01
  8.82061222e-01  7.74861275e-01 -7.13590459e-01  4.21209209e-01
 -7.27317716e-01  1.45299608e+00 -1.27456348e+00  7.75349420e-01
 -2.30067793e-02  2.61880329e+00 -3.02241271e+00  5.38089517e-01
 -6.41300044e-01 -7.42841138e-01 -1.16727519e+00  1.81656382e+00
  1.40622138e+00 -1.06033489e+00  6.29008347e-01  1.82592384e-01
 -6.33647014e-01  1.14981747e-01 -4.24847893e-01  5.26658806e-01
  1.34492317e+00 -2.47509685e+00  5.93027334e-01  1.62225845e+00
  4.80805817e-01  4.55782290e-01  1.15952826e+00  5.05864049e-01
 -4.47219230e-01  2.07732195e+00  1.31925923e+00 -2.35157493e+00
 -7.51309230e-01  7.82578780e-02 -4.55491337e-01 -1.50197445e+00
  2.28257757e+00 -1.07918747e+00 -1.98729890e+00  7.54980479e-01
 -1.10206778e-01 -2.58293903e-01 -4.09777638e-01  1.85773006e-01
  6.81391370e-01  7.85139902e-01  6.47925491e-01  1.42399582e-01
 -4.28474548e-01 -5.70769124e-01 -5.67571116e-01 -8.29365686e-02
  4.31848830e-01  6.43602964e-01 -1.12275074e-01 -1.20970711e+00
 -6.13629949e-01  5.28679487e-01 -2.37772054e+00  1.44243534e+00
  7.78275740e-01  1.09264686e-01  8.18716094e-01 -3.91230493e-01
 -8.54436451e-01 -3.38490263e-01 -7.72396238e-01  1.38352426e+00
  4.87953794e-01 -7.63546188e-01  1.75854357e+00 -8.98140092e-01
 -5.23347703e-01 -6.03399096e-01 -5.63590005e-01 -4.71427925e-01
 -3.59119554e-01 -1.75743367e+00 -5.78972229e-01 -2.53825866e-01
  9.10828645e-01 -6.17037856e-01 -1.01808489e+00  2.65890249e-01
 -7.48462441e-01 -3.44942288e-01 -2.52484857e-01  1.26245084e+00
 -1.50487444e-01 -4.27335328e-01  1.42893696e+00 -2.15440967e-01
 -9.03294787e-02  5.59323585e-01 -3.77482759e-01  2.75703807e-01
 -9.85790671e-01  2.06871861e+00  3.29023454e-01  1.89453149e+00
 -2.58247706e+00  3.94011510e-01 -7.34998430e-01 -1.08474241e+00
  5.66868580e-01 -1.15839391e+00 -2.47897187e-01 -1.28273146e-01
  5.44643996e-01  3.89635876e-01  1.27241937e+00  2.60175162e-01
 -1.16057079e+00 -1.95880651e-01  8.44833272e-01 -3.99804997e-01
  9.25037124e-02 -5.24650777e-01  6.91908539e-01  5.84915081e-01
 -1.01460539e+00  1.60688317e-01 -1.46198629e+00 -9.37978887e-01
 -4.25290488e-01 -2.51354421e+00 -9.82607726e-01 -1.53358658e+00
  1.05875934e-01  9.64705788e-01  1.12888509e+00  5.95566439e-01
  7.66087466e-01 -9.31616671e-02 -6.55423921e-01 -8.85627971e-01
  1.01453669e+00 -4.57090759e-01  1.14787097e+00 -5.69460129e-01
  1.42230235e+00  1.25644784e+00 -9.75955542e-01 -1.38600941e+00
  1.25512211e+00  9.87308745e-01  8.93799822e-01  4.11860186e-01
 -2.92161438e-01  1.16608816e+00  1.91060492e+00  4.79980186e-01
 -1.06535194e+00  3.78409968e-01  1.45555780e+00  1.06954219e-01
 -1.24952062e-01 -6.66315205e-01 -7.79216128e-01 -8.23421694e-01
  3.35370955e-01  9.65760060e-01 -9.87581234e-01  6.90095576e-01
 -1.25754399e-01 -4.29218847e-01 -1.21188491e-01  4.88493000e-02
  5.10760509e-01  1.73653557e+00  6.51807807e-01 -7.90132821e-01
 -4.16656385e-01 -2.51997417e-01 -8.95443278e-01 -1.48941474e-01
 -6.89618529e-01 -1.71312525e+00 -2.84834112e-01 -1.50917649e+00
  1.51515739e+00 -5.76842273e-01 -7.32561931e-02 -1.71113228e-01
 -4.30510879e-01  3.55040102e-01 -4.53194550e-01 -8.51566279e-01
 -7.99124289e-01  6.69166851e-01  1.16031166e+00 -7.47579693e-01
  2.75221666e-01  5.58729866e-02  7.14621201e-01  7.97190528e-01
  1.41226278e-01 -4.85583039e-01 -7.27800437e-01 -2.34759650e+00
 -3.94102813e-01 -3.63915092e-01 -4.17930653e-01  3.30992267e-01
 -2.94521763e-02  7.11285640e-01  2.40558407e+00  2.83570108e-01
 -1.66780384e+00 -3.44910312e-01 -1.90015941e+00  1.52192330e-01
  4.01905088e-01 -2.56536617e-01  3.97363138e-01  5.56501198e-01
 -1.57441454e-01  3.94696382e-01  1.18735933e+00  1.08356385e+00
 -8.00483360e-02 -6.60060353e-01  1.76788129e-01 -6.17821338e-01
 -7.54489750e-01 -2.38518722e-01 -1.03764558e+00  9.89880049e-01
 -8.57972129e-01 -6.44896723e-01 -1.13271797e+00 -8.10848291e-01
  1.52484825e+00  1.05874044e+00  4.11499679e-01  3.64800087e-02
 -1.39139976e-01 -1.18231667e+00 -7.90598277e-01 -5.13645683e-01
  5.84017569e-01  5.83185263e-01  1.46574214e+00  4.02630643e-01
 -8.75410643e-01  1.73077468e-01  2.51138275e+00  8.39973275e-01
 -8.34027202e-01  3.88458977e-01 -2.85760389e-02 -2.09376333e-01
 -6.79050145e-01 -1.25113954e+00 -3.67432077e-01  2.84545373e-02
 -2.33367403e-03 -6.09250957e-01 -1.23208368e+00  7.40081256e-01
  1.17223903e-01  1.69382312e-01 -8.73354723e-01 -6.58279286e-01
  2.11259480e-01 -1.01729134e+00 -6.27171611e-01 -1.74289685e+00
  7.32123579e-01  3.14881352e-01 -8.70702085e-01  5.35621390e-01
 -1.94057564e-01 -2.93593170e-01 -1.41371316e+00 -5.60955168e-01
  1.05351741e+00  3.15407351e-01 -9.31753518e-01  9.51415025e-01
 -6.47472078e-01 -5.38340682e-01 -6.64267055e-01 -1.27970097e+00
 -6.10993443e-01  9.79879409e-02 -4.19764290e-01  1.23405214e+00
 -7.49949601e-01  6.57134078e-01 -7.26070947e-01  7.81882898e-01
  9.82124535e-01  1.40268278e+00  4.69959366e-01 -2.79938096e-01
 -1.12815279e+00  6.42710018e-01 -2.44352199e-01 -2.22681619e+00
 -3.97358012e-02  1.85625681e+00  1.36646059e+00 -6.44835806e-01
  7.16986612e-01  3.02682544e-02 -2.62789257e-01  7.77334816e-03
  2.32122948e-01 -1.28188114e+00  4.35766915e-02  1.17713400e+00
  2.25274859e-01 -1.33445467e+00  1.72752369e+00  1.39227140e-01
 -8.66302346e-01  7.03235299e-01 -1.21404066e+00 -1.10162112e+00
  9.24943057e-01  1.50291401e+00 -1.10007619e+00 -3.01730026e-01
  7.58028527e-01  1.21313874e+00 -8.26596371e-01 -6.33827692e-01
  9.09875925e-01 -3.67005359e-01 -1.43510049e+00  2.89583343e-01
  3.21692539e-01  1.64731937e+00  1.31566203e+00  7.11061816e-01
  7.44453659e-02  1.01856655e+00  7.03389624e-01  7.98311893e-01
  1.26776653e+00  1.34956768e+00  1.06534818e+00 -6.86095775e-01
 -3.40750379e-01  1.49148632e+00  1.83466377e-01 -6.47645689e-01
  5.56270704e-01 -1.08394201e+00 -1.05941298e+00  4.66771466e-01
  4.99232539e-01 -1.20201221e+00 -5.59314834e-01  9.02249066e-01
 -8.31974419e-01 -5.93020046e-01  4.98060138e-01 -1.80859303e+00
 -2.00012329e-01 -1.44099118e+00  1.48541837e+00 -2.72757869e-01
  9.27902252e-01  7.03402308e-01 -5.00505238e-01  1.53513288e-01
 -1.36037764e+00  9.43718305e-02 -4.27237028e-01  1.64831625e+00
 -1.24646126e+00 -2.00051821e-01  1.85164209e-01 -5.78477399e-01
 -3.09632229e-01 -2.25041939e-01  1.02761584e+00  1.49083405e-01
  7.92295411e-01 -9.11640819e-01  1.36195001e-01  2.40353696e+00
 -1.67643182e+00 -6.66174168e-01  4.47726146e-01 -1.18344731e+00
 -8.84684864e-01 -7.65840728e-01  1.39855224e+00  8.89636625e-01
  1.06440622e+00  2.55625096e-01  1.30190149e+00  5.59391608e-01
 -6.07882532e-01 -6.43585224e-01 -1.72652844e-01  6.77156214e-02
 -1.37597361e+00 -7.81272177e-01 -9.52204682e-02  6.19023499e-01
 -3.92934589e-01 -4.17378015e-01  8.98644957e-01  1.22448876e+00
  1.61401680e+00 -7.53760640e-02 -1.18779077e+00  1.08756410e+00
  8.35303344e-01 -3.30238419e-01 -4.56416043e-01 -3.44615818e-01
 -6.44276652e-01  5.46933881e-01  3.26982824e-01 -2.99962448e-01
  7.23941149e-01  6.66741186e-01 -2.68374143e+00  4.67958308e-01
  1.05181239e+00  3.01775505e-01  1.52946186e+00 -5.64944508e-01
 -4.18305272e-01 -2.48866980e+00  1.36738009e+00 -5.49968463e-01
  1.08560361e+00 -3.22407447e-01  5.72325680e-01  3.50553389e-01
  4.98887911e-01  1.49374343e+00 -1.07968074e+00  1.97990147e+00
 -1.82603278e-01  6.06705189e-01 -3.70588373e-01  1.78002903e+00
 -5.27946434e-01 -1.01171529e-01 -2.67519487e-01 -3.52947874e-01
 -6.02255341e-01 -6.70131788e-01  1.20220849e+00 -3.20751885e-01
 -1.18740683e+00 -3.25537586e-01 -5.93940309e-01  1.92351735e-01
  5.19508357e-01 -1.40268091e+00  1.11940323e+00  5.43824490e-01
  7.46599506e-01  2.46633603e+00 -3.37865745e-01 -1.20743262e+00
  1.53651650e+00  1.06731757e+00 -1.63459629e+00  4.80373158e-01
 -1.19551313e-01  9.31009379e-01  1.02285690e+00 -4.65526083e-01
 -8.68536425e-01  5.40742075e-01  2.14551345e+00  2.37788215e+00
  1.57825819e-01 -1.09194124e+00 -5.79861936e-01  1.10556932e+00
 -6.55934997e-02 -3.57497044e-01 -5.11573059e-01 -1.08767397e-01
 -3.97426141e-01 -1.13407404e+00 -5.00176489e-01 -1.27470758e+00
  4.42395993e-01  1.35132585e+00 -1.24713961e+00  8.80633472e-01
  1.04407097e+00 -2.68966779e-01 -8.90848073e-01  9.90345208e-01
 -8.51761946e-02 -1.20508305e-01 -2.10308011e+00 -9.74743551e-01
  1.24262044e-01  1.23454689e+00 -6.02121421e-01  2.13358686e-01
 -1.12974194e+00  7.09463572e-01  1.94617971e+00 -2.44465076e-01
  8.01343020e-01  8.20777579e-01 -7.67034731e-02  3.13628874e-01
 -1.18814152e-01 -9.49443592e-01  4.04921019e-01  5.70211767e-01
  2.02401101e-01  2.23495176e-01 -6.88966590e-01  3.10466961e-01
 -1.33847455e+00  1.27740849e+00  2.81477508e-01  1.92179189e-02
  6.16603836e-01 -4.81253932e-01  1.57964630e+00 -3.01226933e-01
  9.93407511e-02  1.08745869e+00 -4.00030485e-01  1.45304061e+00
  4.72165558e-02  1.27956117e+00  1.10579997e-01 -5.76510810e-01
  5.99824201e-02 -1.49580167e+00  1.16517137e+00 -6.84925812e-01
 -2.55931292e-03 -8.80507401e-01  2.38249687e-01 -1.38077921e+00
  1.30838724e+00 -2.28120507e+00  5.76753151e-01 -1.22608318e+00
  2.47978947e+00 -9.31315525e-01  5.07708744e-01 -3.31355795e-01
 -1.17671508e+00 -4.29284874e-01  4.35312795e-01 -6.39632592e-01
  2.64110105e-01  2.51144367e-01  7.06302184e-01  6.92157675e-01
  4.27497671e-03 -1.65789905e+00  3.62077029e-01 -7.01454811e-01
  1.31151932e+00  1.63884593e+00  3.40448789e-01 -6.31339174e-01
 -1.42398275e-01 -2.33536496e+00 -1.08548034e+00  7.42959174e-01
 -5.03615144e-01 -3.63762223e-01 -2.54312912e+00 -3.84609879e-01
  1.29816630e-02 -8.01138893e-02 -1.10062831e+00  2.26662756e+00
 -6.47593433e-02  3.88927477e-01 -2.62598800e-01  1.04016890e+00
  7.52724710e-01 -1.33634196e+00 -5.85715858e-01 -4.86934621e-01
  4.45128980e-02  3.14438720e-01  5.33378799e-01  1.68281457e-02
  1.56967043e+00  1.20630610e+00 -1.47615747e+00  3.28916429e-01
  5.28362464e-01  2.53092000e-02 -6.70013533e-01 -6.90955990e-01
 -4.32950567e-01  1.51571772e+00  5.70172647e-01 -6.80426499e-03
  1.24267794e+00  1.04520333e-01  3.58017247e-01  1.62753529e+00
  4.28323719e-01 -1.31773670e-01  8.46907759e-01  2.81480138e-01
  2.13005425e+00 -3.91072667e-01 -9.80142361e-01  2.46208622e+00
  2.77302316e-01 -6.31401522e-03 -1.20793511e+00  5.28477278e-01
  2.01127197e-01 -3.74645091e-02 -1.88205815e+00  6.79714931e-01
 -1.80850392e+00 -6.63126007e-01 -3.67188919e-01 -1.51593009e+00
 -6.61554544e-01 -4.83111256e-01  8.04707476e-01  9.09361719e-01
  6.88963750e-02  1.36240520e+00  8.94750259e-01  3.95860709e-01
 -2.39447226e+00  2.77575613e-01 -1.23010449e+00  2.31403266e-02
 -3.64191593e-01 -4.36203733e-01 -1.88902862e-01  1.17652752e+00
  6.40823047e-01 -1.43042947e+00  9.46971212e-01  1.06122352e+00
  9.93219508e-01  1.44004865e+00 -6.79332529e-01 -3.65685485e-01
 -3.29638312e-01 -5.81694736e-01  2.88546036e-01  3.30216217e-01
  2.43507664e-01  1.52517056e+00  2.32981979e-01  6.59085638e-01
 -9.09398702e-02  9.18434118e-02  3.69141021e-01  1.60771659e+00
 -8.11035766e-01 -6.01863907e-01 -2.23368611e+00 -1.28091553e+00
 -1.18893430e-01  1.47451626e+00 -1.57402654e+00  9.08417207e-01
  1.23150039e+00 -1.29200129e-01  7.42496215e-01  9.84923570e-01
  5.93965509e-03 -3.59702244e-01  1.57834578e+00  3.44041249e-01
 -1.79641945e+00  4.57613100e-01 -1.41692635e+00  1.28477528e+00
  9.75890446e-01 -7.99712887e-01  4.71679177e-01  7.88438376e-01
 -9.49334745e-01 -2.20912530e+00  5.86058155e-01 -1.21600017e-01
  1.05786701e+00  1.08835739e+00  5.11152526e-02  1.51649578e+00
 -1.42862663e-01  2.68888024e+00 -1.11413273e+00 -2.93554433e-01
 -1.58559551e+00 -1.30291526e+00 -4.56914738e-03 -6.42015465e-01
 -3.77509714e-01  6.54789627e-01 -1.07069946e+00  1.14134932e+00
 -1.34948763e+00 -1.52367401e+00  6.60670780e-01  1.55669154e+00
 -2.43236246e-01 -7.60354729e-02  7.77022630e-01 -3.02054171e-01
 -1.05935919e+00 -1.16544818e+00  1.23433553e+00 -6.58277198e-01
  3.07575453e-02 -1.76070893e-01 -5.88874238e-01 -2.16436606e-01
 -4.81318191e-01  4.32524471e-02  1.64797528e+00 -4.51304088e-01
 -1.35677466e-01  2.96971130e-01  9.95610108e-01  3.25877784e-01
  5.78993596e-01 -3.96453414e-01 -7.49892381e-01 -8.61868680e-02
 -1.63100015e-01 -1.25469935e+00  2.04017839e-01  1.00001374e+00
 -7.93861674e-01  1.29713230e+00 -5.53081777e-01 -8.51082942e-01
 -9.18469685e-01  3.90972511e-01  3.56189375e-02  4.31995103e-02
  4.17852811e-01 -8.41364381e-01  1.70012557e-02  1.46259901e+00
 -2.58976441e-02  3.76228796e-01 -1.64368649e+00 -9.82215945e-01
  2.10740978e-01 -1.23803403e+00 -1.34641893e-01  4.94838735e-01
 -2.58393285e+00  9.27070822e-01 -3.23600100e-01 -7.65513368e-01
 -1.12697436e+00 -1.33157263e+00  1.73441396e+00 -8.80881522e-01
 -4.43360373e-01  2.86370942e-01  5.48132217e-01  1.05158558e-01
  1.39691017e+00 -1.59995611e-01 -2.80529159e-01  1.49033350e-01
  6.43755477e-01  4.74990505e-01 -1.09167394e+00  2.47787392e-01
  1.27193860e+00  1.35713071e+00 -3.09422256e-01  5.66764049e-01
  7.06536529e-01 -7.68284016e-01 -2.92612561e-01  6.11467348e-03
  8.76479363e-01 -9.86176642e-01  7.36304596e-01  1.39229878e-02
 -2.71300400e+00  2.76087368e-01 -2.16626566e-01  1.41618740e-01
 -2.08384884e+00 -8.14845549e-02  5.89816086e-01 -9.66312543e-01
 -1.47293448e+00 -6.80798441e-01  2.26697854e-01 -4.20193195e-02