-1.93569745e+00 -2.56160824e-01 -2.56691849e+00 -3.30285333e-01
  1.83743597e+00 -1.70807638e-01  3.98661976e-02 -1.42002175e+00
  1.78787055e+00 -2.25362590e-01  1.32018571e-02  9.95819629e-01
 -1.85304393e-01 -2.53211923e+00 -7.35755884e-01  3.54114460e-01
  4.03943546e-01  6.28997779e-01  8.01528840e-01  1.90405182e-01
 -1.16576243e+00  1.94406795e-01 -1.07559746e+00  2.27317405e-01
  4.33147881e-01 -4.08294433e-01 -2.63486366e-01  3.49240741e-01
  4.65361128e-01 -3.86867722e-01  7.23721170e-01 -1.37740432e+00
 -5.33085271e-01  4.06203508e-01  7.16577643e-01  8.03090471e-01
 -1.78984066e-01 -2.71167094e-01 -7.09193279e-01 -1.23501506e+00
 -1.18186298e+00  5.40775398e-01  4.26858158e-01  5.43279066e-01
  2.15870901e+00 -4.38328271e-01  2.19813830e+00  1.13524458e-01
 -1.85367430e+00  1.37870367e+00 -7.67296911e-01  5.29744272e-01
  1.30373713e+00 -7.60651031e-01 -9.77388433e-01 -7.45360866e-01
  1.38867695e+00 -2.20106597e-01  3.45133429e-01  8.83131406e-01
 -1.20434079e-01 -5.37084881e-01 -7.57862014e-01  2.16751632e-01
  2.03583322e-01 -1.36181589e+00  1.38709774e-01 -2.38639989e-01
  6.88891312e-01  6.24176867e-01 -4.87236415e-01  1.26420649e+00
  1.31923251e+00 -1.38033085e-01 -1.27614195e+00 -1.54517064e+00
  4.47298217e-01  1.39696524e-01 -1.71037757e+00  6.42539767e-01
 -1.20297192e+00  5.49246175e-01 -5.96915354e-01 -4.79916326e-01
 -1.53877006e+00  1.05701257e+00 -1.56746175e+00  3.97810661e-01
  6.54151439e-02  1.43720368e+00 -7.69672292e-01  1.86960916e+00
  1.33797637e+00 -8.17712230e-01  2.57329206e-01 -7.28946514e-01
  1.25830203e+00 -4.09803843e-02 -6.07465224e-01 -2.64368461e-01
  2.18660435e+00 -2.41403163e+00 -2.17413148e+00  1.45549349e+00
 -1.05105010e+00  1.63978307e+00 -2.17559967e-01 -1.27290416e+00
  5.36269623e-01  1.07989068e+00  9.55402320e-01  7.28947324e-01
  2.30752639e-01 -3.45418714e-01 -6.12992569e-01  1.02747028e+00
  3.29748392e-01  2.00593472e+00 -9.97311529e-01 -8.37824578e-01
  1.81057502e-01  4.50200671e-01  4.33345514e-01 -8.73356784e-01
 -1.21765782e+00 -5.86048015e-01 -8.53120612e-01 -7.96664208e-01
 -9.87900996e-01  3.28214774e-02 -3.35946299e-01  7.31124875e-01
  6.65287425e-01 -1.39321528e-01  1.05381230e+00 -5.26712424e-01
  1.06705003e+00  1.07687587e+00  2.18363269e+00 -9.34430742e-01
 -1.24759820e-01 -7.95475514e-01 -3.22393460e-02 -6.45694560e-01
 -5.47670670e-01 -4.90427390e-01  7.49432904e-02  1.26918389e+00
  3.83851823e-01  8.44525901e-01 -2.15843181e-01 -5.23323934e-01
 -4.04847857e-01 -8.89098325e-01  8.03837847e-01  1.16692320e-01
  3.78091043e-01  8.12104861e-01  4.31919207e-01  1.34623243e+00
 -2.28160038e-01  2.15745066e-01 -1.93724201e+00  3.62620123e-01
 -1.15522954e-01  6.03040612e-01 -6.67049284e-01 -1.24337744e+00
  1.89324872e+00 -3.64251801e-01 -1.12932389e+00  2.51931802e+00
  1.47009361e+00  1.50695861e+00 -1.13507268e+00 -6.81511985e-02
 -2.76891498e-01 -1.68984602e+00 -1.24635261e+00 -9.28004293e-01
 -1.27197788e+00  2.22002203e+00 -8.88558557e-01  7.02789634e-01
 -1.61608503e+00  1.03064197e+00 -3.03063632e-01  1.30302466e+00
 -5.92589968e-02 -1.06007751e+00 -6.84184973e-01  6.10956082e-01
 -8.31358618e-01  3.40081640e-01 -4.07562597e-01  1.75835342e+00
  8.27982600e-01 -6.28917834e-01  8.55403244e-01  1.40127851e+00
 -1.13808148e+00  5.09451299e-01  1.79475687e+00  6.24714863e-02
  6.29364568e-01 -2.88610430e-01  8.02229693e-01  1.45906089e+00
  2.64546053e+00 -1.03234816e-01 -1.26662295e+00  3.44577238e-01
  5.06948640e-01 -2.18937159e-01 -5.82308494e-01  9.93764369e-01
  1.15189657e+00 -4.07831103e-01 -1.23053871e+00 -5.87720141e-01
 -1.43871771e+00  1.00251013e+00  1.36928911e+00  4.40337343e-01
 -9.52050917e-01  2.48247330e-01  5.19409219e-01 -2.19742607e-01
 -1.07022165e+00 -1.06836330e+00 -3.97718186e-01  2.93822567e+00
  1.13442670e+00 -1.02562128e+00  4.68480879e-02 -1.45148040e+00
 -5.32645602e-01 -2.59003914e-01  2.92321434e-01 -2.06820729e-01
  6.48953265e-01 -9.63721674e-01  1.43694702e+00 -1.56685022e-01
  5.80619455e-01  8.18205418e-01  2.41489827e-01 -2.81458076e-01
  4.90634198e-03  1.43342395e-01 -7.64269537e-01  1.62471425e+00
  5.95043531e-02  1.27749879e-01  2.02253449e+00 -3.50795957e-01
  1.06052768e+00  1.51041997e+00  7.67704810e-02 -1.89649001e+00
  4.00933210e-01  2.19559431e-01  1.20523950e-01 -1.68205543e+00
 -3.63844935e-01 -7.59586189e-01  2.78472295e+00 -7.65622180e-01
 -8.42888328e-02 -1.75330874e-01 -2.01815522e-01 -6.55705244e-01
 -1.12613755e+00  3.69514802e-01 -1.19232016e+00  7.64442429e-01
  2.63559384e-01  1.48959581e+00 -8.60620249e-01 -3.03095330e-01
  1.19591355e+00 -4.62958313e-01 -2.95294728e-01 -6.95970484e-01
 -1.07486200e+00  2.19613333e-01  1.86337564e+00 -1.37939197e+00
  6.96628697e-01 -5.56374070e-01 -1.02792524e+00 -1.41694555e-01
  1.19119662e+00  1.49852454e+00 -2.56687040e-01  1.10712271e-01
 -5.09174323e-01  2.50389744e-01  7.93363252e-01  1.51868752e+00
 -2.14418591e+00  1.98149700e-01  1.80289305e+00  3.83359585e-01
  6.28535761e-01  1.48558720e-01  7.89478006e-01 -6.50081476e-01
 -9.03544536e-01 -4.25149775e-01  2.47836987e-01  1.86075007e+00
  9.52321161e-02 -5.86994829e-01  3.66231911e-01 -7.20205990e-02
  4.70504161e-01  2.59899559e-01 -8.57069139e-01  3.42007001e-01
  1.14854495e+00  2.36937844e-01 -1.57853654e-01  6.81571063e-01
 -1.75571159e+00  8.38921783e-01  3.49719220e-01 -1.72557524e-01
  9.67095741e-03  7.11035912e-01 -3.33843764e-01 -7.53318126e-01
 -5.60001743e-01  2.02396450e-01 -7.58241021e-01 -6.08067524e-01
  4.48903895e-01 -1.09884809e-01  9.48170240e-01 -1.63692006e+00
  9.53964097e-01 -2.33477978e-01 -7.30181122e-01  8.96110903e-01
 -5.29522292e-02 -3.20242994e-01 -3.73110427e-01 -5.21583011e-01
  2.77632979e+00  1.63313767e-01  1.72589679e+00 -7.43663036e-01
 -1.03654258e+00 -1.38356537e+00 -8.05236724e-01  3.20491361e-01
 -5.20031382e-01 -1.02714378e+00 -9.85098250e-01  2.28753224e+00
 -2.40857214e-02 -1.94185550e-01  1.48929886e+00 -2.09917247e+00
  2.39510893e-01 -7.28047143e-01 -4.54433963e-01  7.86312650e-03
 -1.47661394e+00 -1.11004873e+00 -1.09987144e+00 -9.45835652e-01
  6.17299749e-01 -1.78342757e+00 -1.06690998e+00  2.93126499e-01
  5.29386785e-01  2.93773212e-01  1.94775607e-01  1.34980208e-01
 -4.18588808e-01  8.25052340e-01  3.42527898e-01 -1.37879852e+00
  9.37623314e-01  8.32119139e-01  5.34808013e-01 -1.27435925e-01
  1.19388644e+00  1.91289921e+00 -9.64518234e-01  1.17400371e+00
  4.36481319e-01 -2.11638069e+00  9.85975093e-01  2.86229917e-02
  1.22213966e+00 -1.60186678e-01 -2.09967867e-01 -1.88813091e+00
 -7.33196645e-01 -1.21006342e+00  1.19507356e+00 -1.23423145e+00
  3.42201613e-01 -1.13118023e+00 -3.25156310e+00 -3.26930783e-02
  1.43944405e+00  5.58639507e-01 -1.52261067e+00  2.17799834e+00
 -7.76712588e-01 -8.34040622e-01 -1.59385662e+00 -4.76333755e-01
  1.89748711e-01 -3.04531345e-01 -2.67147135e+00 -1.74450713e+00
  7.03912947e-01 -8.57466226e-01  3.35244542e-01  2.83381712e-01
  7.82048838e-01 -1.06699064e+00  7.93100545e-01 -5.52829072e-01
 -2.52545796e+00  1.53328996e-01 -1.18456705e+00 -2.00879033e-01
  2.01969626e+00 -1.79524072e+00  5.31019635e-01  1.92639627e+00
  1.13957295e+00 -9.53536718e-01  2.03525414e+00 -3.53900265e-01
  1.43288277e+00 -5.13671140e-02 -3.01555214e-01 -4.06560850e-01
 -4.31884012e-01  4.87837040e-01  5.67941898e-02 -1.43627730e-01
  5.52871286e-01  1.22619739e+00 -6.24578974e-01  8.90637818e-01
  1.42023353e+00 -2.03107185e-01  9.37109470e-01 -1.12251156e+00
  1.93026752e+00  6.70739221e-01  3.92126731e-01  5.32141211e-02
 -1.39149010e+00  8.24079457e-01  1.58397569e+00  9.89543352e-01
 -1.17219769e+00 -2.18252204e+00 -1.82856893e+00 -2.21973821e+00
 -1.28362803e+00  2.31626400e+00 -3.01510334e-01  4.98204211e-02
  8.19611193e-01 -6.88913226e-01 -1.05892144e-02 -1.25311765e+00
 -1.52801550e+00  1.52172618e+00 -2.96381742e-01 -1.28128638e+00
 -4.52471884e-01 -3.60706117e-01  7.82751391e-02 -3.16150084e-01
  8.52632252e-01  9.21484167e-02 -1.42393344e+00 -6.75654946e-02
 -7.58326799e-01  9.43395834e-02  1.36223677e+00  1.33780476e+00
  1.45264370e-01 -3.80101501e-02  3.59001107e-01  5.66323546e-01
 -1.21320750e+00 -6.20806854e-01 -6.92730226e-01  8.50694055e-01
 -9.87668200e-01  1.03951341e-01 -5.74273995e-01 -1.41175572e+00
 -6.66007278e-01  8.62954759e-01 -9.02618843e-01 -1.40335261e-01
 -2.05676500e+00 -1.18481334e-01  1.44388139e+00 -5.12829579e-01
  1.77395848e-01  2.75771215e-01 -8.53612732e-01  4.04999247e-01
 -6.80446687e-01  1.84555942e+00 -1.05645231e+00  4.18782604e-02
  5.05535229e-01  8.58417636e-01 -1.33492211e+00  6.83231732e-01
 -8.92888037e-01  3.66458925e-01  1.47150062e-01  2.48418910e+00
 -2.50846018e-01  3.15707557e-01 -7.90361926e-01 -1.37034070e+00
 -1.39140166e+00  1.51328391e+00 -8.70001029e-01 -7.69348983e-01
  5.24664551e-01  1.49947958e+00  1.08458918e+00  4.46697792e-02
  1.88172406e-01 -1.63458615e+00 -1.38282359e+00 -1.90469150e-01
 -7.11220029e-01 -9.36183272e-01 -1.74376506e+00 -8.49236822e-01
  1.20826494e+00  5.88841627e-01  1.03295718e-01  1.31253797e+00
 -6.73271159e-01  4.66817000e-01  1.16702596e-01 -4.70145079e-01
  5.15842583e-01  1.51516340e-01  8.27275928e-02  6.32829144e-01
  9.33434708e-02  6.54082800e-01  1.15603342e-01 -1.70960623e-01
 -3.77028365e-02 -1.75473261e+00 -1.12140320e+00  8.98837528e-01
 -1.47520190e-01  2.21668050e-01 -5.28616930e-02  1.50895550e-01
  6.05888304e-01  2.52648997e-01 -6.98208897e-01  4.53255019e-01
  2.45287181e-01  5.11578412e-01  3.43200555e-01  4.55076215e-01
  1.39098403e+00 -7.65672767e-01  5.66234636e-01  1.68515238e-01
 -1.18449448e-01  1.26129182e+00 -2.63759865e-01 -8.70088994e-01
 -1.50662762e+00 -7.80394471e-01 -1.02088825e+00  4.18479757e-01
  1.80097938e+00 -1.00598632e-01  1.36570347e+00 -1.82827527e+00
  1.14844407e+00  6.92547054e-01 -2.22288629e+00  2.02157969e+00
  2.53897153e-01  1.61172246e+00  1.31400819e+00 -1.56251896e+00
  1.24265578e-01 -6.09421495e-01  1.03823173e-01  7.56654985e-01
 -2.91709439e-01  6.63963857e-01  1.43363609e+00 -5.91451096e-01
 -2.86497705e-01  4.84985060e-01 -8.75577837e-01  3.07422024e-01
 -3.71641650e-01 -1.85976159e+00 -2.30179880e-01 -4.47192639e-01
 -4.58642698e-01 -1.48922712e-01 -7.98834854e-01  5.14022205e-01
  4.81770786e-01  6.78910578e-01 -2.12675906e-01  2.13324084e+00
 -3.93507829e-01 -1.51530669e+00  3.07066166e-01 -6.57987248e-01
  8.60156572e-01  1.61188445e+00 -7.61748270e-01  4.67495820e-01
  1.56944319e-01 -1.19983350e-02 -1.07953575e+00 -3.90200027e-01
 -1.53216111e+00 -1.50483409e-01 -5.27355413e-01  6.56561941e-01
  1.05589824e+00 -1.09195007e+00 -1.32152425e+00 -1.39540046e+00
 -9.36869801e-01 -3.15020483e-01 -3.47612579e-01  8.56333638e-02
  1.08441487e+00 -6.00197799e-01  1.85118261e+00  1.18131063e+00
 -1.40173132e-01  1.20786596e+00 -9.17612717e-01 -6.20293061e-01
  2.07624678e-01 -1.83720947e+00 -3.08068366e-01 -5.76508722e-01
  1.04875387e+00  9.07640913e-01  4.30083894e-01  1.62870088e+00
  3.20789698e-01 -1.34977367e+00  1.02912361e+00  2.11706304e+00
 -1.63269550e+00  1.64916392e+00 -8.59184808e-01  5.36463889e-01
  9.04195674e-01 -3.55788293e-02 -1.47195292e-01  6.70587801e-01
 -1.84398092e-01 -1.23835598e+00 -5.44875274e-01  4.06258777e-01
  2.22703132e-01 -1.25269478e+00 -1.19775954e+00  2.92201327e-01
  8.57780470e-02 -5.83244648e-01  1.08680001e+00  1.32780624e+00
 -7.61925960e-03  8.84211102e-01 -1.66137980e-01 -2.82237445e-01
  1.04449443e+00  1.15280367e+00 -1.09147255e+00  1.99589832e-01
  9.44620035e-01 -1.08165836e+00  1.63492085e-01 -1.16589158e+00
 -6.34905029e-02  7.07839836e-01  6.82485795e-01  2.04643333e-01
  5.34238506e-01 -1.11836501e+00 -1.69540959e+00 -1.29051138e-01
  1.10436888e-01 -8.97984696e-01  6.57392819e-02 -1.50562606e+00
  1.29487988e+00  9.84735220e-01 -1.27030181e-01 -1.35926480e+00
  3.70897295e-01 -5.96410171e-01  8.12409400e-01 -1.59976626e-01
 -4.39570365e-01  1.03469741e+00 -8.21671516e-01 -9.92339394e-01
 -9.56466314e-01  4.69087267e-01 -1.38179981e+00 -8.34518712e-01
  1.27104082e+00 -9.27490349e-01 -8.74174393e-01 -1.16884983e+00
  7.78387451e-01  4.03624068e-01  3.16442271e-01  1.65193078e+00
  4.30362483e-01  3.26764154e-01  3.43356406e-01 -5.86341702e-01
  4.55231917e-02  1.37998694e-01 -2.87479616e-01 -2.91197147e-02
  1.04376853e+00 -2.32012599e-01 -9.63617779e-02 -1.35406534e+00
 -1.48359920e+00 -1.13317116e+00  3.21333563e-01  1.24151838e+00
  4.78212612e-01  6.43666302e-01  3.44454911e-01 -1.85380513e-02
  4.10734184e-01 -1.16882647e+00  1.59625691e-01  5.68157708e-01
 -5.28546502e-01  6.18343311e-01 -1.03459462e+00 -2.24071872e-01
  7.24059734e-01 -1.37698605e-01 -7.16295672e-01  1.60727846e-01
  1.52886008e+00 -1.62763325e+00  9.15602158e-01 -9.27235558e-01
  1.37919567e+00 -9.23308959e-01  1.91657733e-01 -1.08726186e-01
 -1.20224960e+00 -1.69546217e+00  1.45835328e+00 -1.53948983e+00
  3.63546946e-01 -1.34595250e+00 -1.80407381e+00 -7.11723940e-01
  1.35227260e+00 -1.83684731e+00  5.24460620e-01 -2.21304153e+00
 -2.98777588e-01  2.31200698e+00 -2.16905100e+00 -1.66294178e-01
 -5.97402687e-01  1.36061327e+00 -9.57749261e-01  5.68886584e-01
  4.53348816e-02 -3.03402404e-01 -1.98705936e-01 -8.97875949e-01
  6.88791096e-01  2.23361565e+00  2.18293363e-01 -1.98425027e+00
  4.67591255e-01 -1.00882568e+00  1.01444715e+00  4.07456793e-01
 -1.31660360e+00  6.34024497e-01 -7.00380866e-01  6.00906600e-01
  9.43899079e-02  1.01945209e+00 -1.20060012e+00  8.45461851e-01
 -1.53219232e-01  2.13073993e-01 -3.45464484e-01 -1.71836781e-01
  4.56625973e-01 -1.60647728e-01 -9.19664353e-01 -5.93445292e-01
 -6.66349152e-01 -1.54175734e+00 -2.58059567e-01 -1.08065811e+00
 -2.38395261e-01 -1.43049293e+00  1.06956913e+00  1.00861082e-01
  4.76198115e-01  1.22110448e+00 -8.22717373e-01 -1.87029586e-01
  6.79415241e-02 -6.97366392e-01  1.24901973e+00  4.29919704e-01
  9.97422244e-01 -1.70396226e+00 -5.42375296e-01  5.44162249e-01
 -5.71854559e-01  8.39084152e-03 -1.97274274e-01  1.07501115e+00
  1.26965930e-01  6.77194917e-01 -5.45340018e-01  2.43815550e-01
 -3.92789232e-02  1.62491663e+00 -4.08301632e-01  9.63364727e-01
 -5.08302830e-01  3.79674434e-01  7.30840173e-01 -1.29864541e+00
 -1.58895305e+00 -2.15932048e+00 -2.35041889e-02 -1.86038296e+00
  3.10314304e-01 -8.35579060e-01  2.11886214e+00 -9.74780895e-02
 -1.09337559e+00 -5.85658744e-01  2.90234475e-04 -1.18895104e+00
 -2.42365520e-01  5.42420464e-02 -1.27933831e+00  2.84906203e-01
  4.26161332e-01  1.25758316e-01  9.06930910e-01  1.31994021e+00
  1.53641508e-02 -8.08004915e-01  1.28505707e+00 -8.31878194e-01
 -1.80069661e+00 -5.89702992e-01 -1.54097579e+00 -4.93355532e-01
 -8.01156431e-01  1.13554896e+00  6.83580534e-01  2.12678394e+00
 -3.49699616e-01  4.99436492e-01 -4.44929260e-01  5.18506684e-01
 -1.04307546e+00  1.77006376e+00 -6.44077337e-01 -1.30603178e-02
 -8.38195648e-01  4.51501003e-02 -3.21884968e-02 -1.26572371e+00
  6.00531205e-02  2.06481623e+00 -2.02331623e-01  7.27565314e-01
 -1.15199937e+00 -3.05567898e-01 -5.19515745e-01  1.02492768e+00
 -3.52475502e-01 -5.89767124e-01  1.18859439e+00  1.07972887e+00
 -3.48566271e-01  3.25977086e-01 -9.32888372e-01 -3.21968968e-01
  9.43174450e-01 -6.88301710e-01  3.05865696e-02  1.14682503e+00
  9.91541302e-01  8.04782007e-01 -8.95816244e-01  6.06096307e-01
  1.00465088e+00 -8.76750877e-01 -1.09549042e+00 -1.52378616e+00
  1.34730283e+00 -1.26397826e+00 -5.53954966e-01  6.61950976e-01
  7.05487918e-01  6.72932590e-01 -1.11856244e+00  8.54845144e-01
 -1.32261880e+00 -1.37734925e-01 -1.42398624e+00  1.30236039e+00
 -1.06204640e+00  2.21192045e-01  1.05375502e+00  1.16003207e+00
  1.13808866e+00 -4.29018186e-01 -9.88915535e-01 -3.49536797e-01
 -1.09491417e+00  7.27768294e-03  1.51411034e+00 -1.34682782e+00
 -9.96004172e-01  1.37335541e+00  6.79708202e-01 -7.14810092e-01
 -1.18260908e-01 -1.36510071e+00  1.41156464e+00 -1.61892228e-01
  1.06158720e+00  5.06123351e-01  1.62231884e+00 -7.08599729e-01
 -5.84054122e-02 -2.11538248e+00  3.61166265e-01 -8.67580808e-01
 -1.55039394e+00  2.63464214e-02  2.72871234e-01  1.16733739e+00
  8.89295694e-01 -2.19894944e+00  4.01593842e-01 -1.31931982e+00
 -2.02627834e+00 -1.14909431e-01  1.34421261e+00  7.24682742e-01
 -2.81379639e-01  2.69889140e-01  6.09500877e-01  1.45723048e+00
 -5.01144250e-01 -6.93441531e-01 -8.08435889e-01  1.70218139e+00
 -6.19358718e-01 -2.71961880e-01  5.94356778e-01 -7.45778328e-01