 4.14097679e-02 -4.90647355e-02 -2.45638243e+00 -6.98209321e-01
 -1.15942819e+00  1.05350373e+00  5.92085673e-01  5.63098889e-01
  5.93454846e-01  1.53852026e+00 -5.73090700e-01 -1.61417892e+00
  1.00572058e+00  1.91172793e-01 -6.68617322e-01 -1.29767818e-02
  1.67628656e+00 -2.72229922e-01 -8.89645719e-01  7.66141863e-01
 -3.27422271e-01  2.39100820e-01  7.17495921e-01  9.66366191e-01
 -1.05009898e+00  1.19608738e+00 -1.92074722e-01 -1.16103077e-01
 -3.09440061e-01 -7.34516620e-01  3.02266717e-01 -1.67530445e+00
 -7.51337950e-01  8.18011965e-01 -2.60424417e+00  2.89309742e-02
  2.88774681e-01 -4.62405316e-01  3.25109647e-01  3.21238209e+00
 -6.61320117e-01 -2.41857563e-01 -1.79061886e-02  2.14241232e-01
  4.91924985e-01 -4.13083959e-01  4.81443612e-01  1.48482747e+00
 -6.39470038e-01 -1.17574842e+00 -5.07010725e-01 -9.79489724e-01
  1.05133853e-02  1.78683758e-02 -1.15274533e+00 -2.43328472e-01
  4.32817612e-01 -3.27304786e-01  1.13792549e+00 -1.96572888e-01
 -7.05886574e-01  2.57357944e-01  3.04312894e-01 -1.05806231e-01
  1.08622047e+00 -1.60901273e+00 -4.68786853e-01 -2.05789773e-01
 -7.13797054e-01  7.88840706e-01  1.03353516e+00  8.21861084e-01
 -1.04272938e+00  1.64951295e-01  3.88467255e-01 -1.47428075e-01
 -1.49868295e+00  2.19155418e+00 -1.41698411e+00  8.99433589e-01
  4.02833855e-01  5.94337986e-01  7.08217655e-01 -6.98047066e-01
  1.30424181e-02 -1.14571097e+00 -7.86400750e-01 -2.02281767e-01
 -3.42243294e-01 -1.57368652e-01  4.22221110e-01 -6.19782659e-01
 -1.01960899e+00  1.13920697e-01  1.33151645e-02  2.80445675e-02
 -4.27837398e-01  9.34931284e-02  1.19110338e+00 -5.76288525e-01
 -1.43931883e-02 -1.23776367e-01 -1.09488402e+00  1.27269055e+00
  6.64882849e-01  1.45129939e-01 -2.37351753e-01  1.11264357e+00
 -4.17676422e-01 -1.29885872e-01  5.28692245e-01 -2.14231635e-01
 -1.30890238e+00 -1.41482422e+00  3.39398421e-01  1.44257367e-01
  2.13185853e+00 -1.47549409e-01 -1.62191176e+00 -4.49924224e-01
  1.14419545e+00  1.41709852e+00 -6.40163936e-01  1.14373462e+00
  1.22548670e+00  9.30331020e-01 -1.70330808e-01 -4.80239895e-01
  2.00284318e+00 -3.53686407e-01  2.91548767e-01  5.80832236e-02
  2.75015604e-01  1.06098601e+00  2.46584093e+00 -1.37767201e+00
  2.20880547e+00 -1.37950481e+00  1.57824350e+00 -1.09664505e-01
 -4.14415953e-01 -1.66267287e+00  7.44978733e-01  1.10383270e+00
  3.06375847e-01 -9.57945164e-01 -1.45983820e-01  1.32573905e+00
 -1.78867382e+00  1.47004372e+00  1.23855361e+00  5.24327235e-01
  5.75343554e-02 -2.19273723e+00  9.94866707e-01 -2.45921828e+00
  1.33448343e-01 -4.30611462e-01  1.31808521e+00  1.35042298e+00
  1.22612543e+00 -7.83175637e-01 -7.49379205e-01 -9.40534539e-02
  5.77623338e-01  1.80312966e-02 -2.62410554e-02 -5.05033999e-01
 -1.41249947e+00  1.10909852e+00  3.94502048e-01  1.62502595e+00
  1.70653152e+00  4.60143986e-01  1.52281779e+00  1.83445528e+00
  5.32065807e-01 -1.25557910e+00 -2.20715166e-02  9.78076809e-02
 -1.19697452e+00 -1.81494154e+00 -4.58752616e-01 -4.77768212e-01
 -2.82718038e-01 -1.03614851e+00 -1.17194241e-01  2.43872682e+00
 -3.80972944e-01  4.11639960e-01  1.37559857e-01 -1.04711345e+00
  1.64306374e+00 -7.28744102e-01 -6.22349174e-01 -8.61788208e-01
  4.77658800e-01 -3.23281421e-01 -8.47848549e-01  4.42045877e-01
 -2.05014331e+00  7.99756429e-01  8.86846607e-01 -7.78773858e-01
  5.57371243e-01 -7.06617512e-01  1.48153959e+00  1.72338955e+00
 -9.35843777e-02  9.34799213e-01 -5.28614872e-01 -3.47425953e-01
  6.28967791e-01 -6.02861424e-01  2.08826441e+00 -1.34895743e+00
 -1.07107738e+00 -1.19903655e+00 -2.06161050e-01  7.51065699e-01
  7.27116910e-01  1.47700377e+00  7.64508521e-01  3.11173447e-01
  2.01251390e+00 -2.06725472e-01 -1.21928155e+00  4.61564674e-01
 -3.36360375e-01 -4.41900508e-01  1.13885164e+00 -3.24530350e-01
  8.49049766e-02  4.72036664e-01 -1.96980737e+00 -4.61341460e-01
 -9.87067551e-01 -1.04866010e+00 -1.33433165e+00  1.00308422e+00
 -7.21667323e-01 -5.73066171e-03 -1.61164798e+00 -4.35253781e-02
 -6.48495303e-01 -1.68316041e+00  4.21358161e-01 -1.74564392e+00
  1.16332354e-01  5.65804368e-01 -4.42943237e-01  1.84865293e-01
  1.38305446e+00  2.18642890e-01 -4.55755519e-01  2.42319454e-01
  1.09010953e+00 -2.86597172e+00  5.93874104e-02  2.43618908e-01
 -6.80620279e-02  5.81822190e-01 -4.94097071e-01 -1.55495686e+00
  9.95558875e-03  9.79678226e-01  6.17893159e-01 -6.84192106e-01
  4.15446334e-01 -3.87871210e-01 -1.73336986e+00 -2.18425222e-01
  9.93094660e-01  1.14961562e+00  1.08944455e+00  5.33491153e-02
 -3.32739964e-01 -4.02120688e-01 -3.44621304e-01 -4.91796136e-01
 -5.82314842e-01 -5.50948583e-01 -1.30933926e+00 -4.96421604e-01
 -1.04641668e-01  1.68499588e-01  1.99309496e-01  9.52667224e-01
 -9.78630949e-01 -6.95306049e-02 -5.73200367e-01 -7.78093556e-01
  5.59362178e-01 -1.03487319e-02  3.15261638e-01  1.03099213e+00
 -1.02957960e-01  1.84803122e-01 -1.45379191e+00 -4.32056899e-01
  1.35843924e+00  7.56668384e-01 -1.06096915e+00 -9.53763536e-01
  1.98013107e+00  1.37974631e+00 -1.29760104e+00  5.72917967e-01
 -3.04256036e-01  1.47975959e+00  1.94966597e+00  4.38143799e-02
 -1.12660125e+00  9.70856191e-01  3.88706843e-01  4.18664043e-01
 -6.24342233e-01  1.26792262e+00  1.81590285e-01  5.88332325e-02
 -1.58335330e+00 -1.10008252e+00 -1.08539095e+00  2.22227950e+00
 -1.26430204e+00 -1.08516148e-01 -9.26198405e-01  2.69202887e-01
  1.99771783e-01  1.91830383e-01  1.17148597e+00 -1.05613407e-01
  1.73942359e+00  7.54468188e-01  5.88000522e-01 -1.21881551e+00
  6.18045695e-01 -1.25962722e+00  8.07208994e-01 -1.37980644e+00
 -1.36170100e+00 -3.94266619e-01 -5.74301425e-02 -4.26902769e-01
  5.83047897e-01 -1.33962497e+00 -1.00878502e-01 -2.14179621e-02
  7.97108688e-01  1.73105778e+00 -3.63223583e-01 -7.94659543e-01
 -1.38579917e-01 -2.55251900e-01  1.06067640e+00  1.87994024e+00
 -2.15022097e+00  9.69088424e-01  2.37547872e-01 -2.34645549e-01
 -4.61773038e-01  3.39221322e-01  2.02730778e-01 -8.88032173e-01
  1.25196699e+00 -7.10883210e-01  7.84877750e-02 -2.34794943e+00
 -3.80368091e-01  8.30354968e-01  2.26757014e+00 -8.29178901e-01
 -7.04941889e-03 -5.26199641e-01  2.41702146e-01  1.19429095e+00
 -1.20039211e+00 -1.47886785e-01  7.15959909e-01  8.26592320e-01
  1.23127156e+00  3.22171290e-01  9.49542302e-01  5.82556381e-02
  1.17325416e+00  5.33286551e-01  1.95704483e-01  6.90193343e-01
 -3.21414992e-01 -8.38168619e-01 -7.59418288e-01 -2.05703167e+00
 -1.91193060e+00 -2.79681420e-01  1.78119928e+00 -1.38121116e+00
 -8.27833140e-01 -5.43054917e-01  8.21681110e-01 -1.74866316e+00
  8.29630676e-01  5.55593050e-01 -1.43155854e+00 -1.12220391e+00
  7.64082624e-01 -4.11156613e-01  1.30803846e+00 -2.24357912e+00
 -4.26275094e-01 -4.54101868e-02 -1.05000316e+00  3.20381112e-01
  1.23331238e+00 -1.37801675e+00 -7.08225241e-01  1.38876417e+00
  7.15798775e-01 -1.90201980e-02  4.79474347e-01 -9.63710231e-01
 -1.19436508e+00  8.25928337e-01 -1.22828650e-01 -9.52299643e-01
 -5.31630724e-01 -1.65283793e+00  2.15488963e-01  1.07432575e+00
 -2.91693436e-01 -1.50830591e-01 -2.24207036e+00  2.24526104e-01
  8.56201710e-01  6.65134848e-02  1.66566090e+00  1.52727039e+00
  4.69038878e-02  6.08547778e-02  4.10649287e-01 -1.04350258e+00
 -2.63119403e-01 -4.82394326e-01  5.42334258e-01  1.27158407e+00
  1.92683588e+00 -4.12383195e-01  6.20870393e-01 -1.13917565e+00
  1.74302183e+00 -4.50575359e-01  1.01483218e+00  9.88647743e-01
 -6.98864149e-01  1.15962593e+00  1.43995238e+00  3.35528224e-01
  8.04283317e-01  1.82701435e+00 -5.99145717e-01 -1.01098152e+00
  5.07098667e-01 -4.15704711e-01  1.34819431e+00 -9.88940973e-03
  2.96463407e-01  1.69239597e+00 -8.61072280e-01  3.10575902e-01
  5.53813644e-01  1.55344907e+00 -1.80121027e-01 -1.58845763e+00
 -1.17256036e-01  9.51413224e-01 -9.66267753e-01  1.21876593e+00
 -1.02604201e-01  3.41426060e+00  1.10168695e+00  1.28310175e+00
 -5.35876945e-01 -1.39543440e+00 -2.38309420e+00 -1.31694083e+00
 -2.54406022e-02  1.05622998e+00  5.35177565e-01 -3.88235242e-01
 -1.81583527e+00 -6.82791164e-01 -1.02519382e-02 -5.59391624e-01
  7.93770135e-01  3.69585437e-01 -6.65186457e-01 -3.79783897e-01
 -1.14176600e+00 -2.17734066e+00 -1.49047695e+00  8.12848064e-01
  8.62558576e-01 -1.11445914e+00 -1.95015068e+00  1.14467242e+00
  1.06650103e+00  6.70630151e-01 -1.61261107e+00  5.02464324e-01
  6.99063098e-01 -5.51793417e-01 -9.36965911e-01 -1.31743611e+00
  9.51768092e-02 -9.15966046e-01  1.54980149e+00  2.43849640e-01
 -5.59391011e-01  5.42688577e-01  5.44991058e-01  8.80026311e-01
 -1.52301024e+00  9.36312190e-01  9.90255349e-02  1.25785371e-01
  4.83866793e-01 -7.42270658e-01  4.88137543e-01 -5.97651076e-01
 -5.54260114e-01 -2.91605672e-01 -5.73852347e-01 -1.28370309e-01
  1.16965851e+00  8.08105769e-01 -3.45014572e-03  1.42189603e+00
  1.20300926e+00  1.34526818e+00  2.54157716e-01 -2.97868889e-01
 -4.22491442e-02  1.40111181e+00  6.68990728e-01 -1.79594090e-01
  8.18816697e-01  4.08783378e-01  2.33375155e+00 -7.34439174e-01
  7.03093042e-01  6.80781635e-01  2.70059008e-01 -1.43382090e+00
  2.41989975e-01 -3.88496182e-01  5.25619485e-01  5.57271784e-02
 -6.76520422e-01  2.92903675e-03  3.55289440e-01 -5.56432629e-01
  1.79874598e-01  5.61142057e-01  7.22408232e-01  1.01818387e+00
 -3.34755739e-01  6.16868140e-01 -1.48030763e+00 -9.44070823e-01
  3.29407748e-01  1.02315659e+00  1.34752692e+00  9.94807206e-01
  7.25320637e-03 -5.60450304e-03  1.01280075e-01 -4.32531113e-01
 -5.11312947e-01  6.51323304e-01 -4.31555040e-01 -1.01971200e+00
  7.66620357e-01  7.13696218e-01  7.87589515e-01 -1.16841690e+00
  9.04743347e-01 -1.08406990e+00 -1.79117710e-01  1.51862821e+00
  3.29658580e-01  1.53007213e-01  9.39960457e-01  1.38295212e+00
  1.55669198e-01  4.09488437e-01  2.46498054e-01 -4.77637133e-01
 -1.80206041e+00  5.85570723e-01 -1.98882644e+00  2.50387217e-02
 -1.35619652e+00 -9.76033233e-01 -1.81800929e-02 -1.63814844e+00
  1.20717172e+00 -6.64111813e-01 -1.64226121e+00  1.70937899e+00
  1.60665203e+00  9.25975888e-01  1.01201763e+00 -1.41673761e+00
  1.35755544e+00 -1.99350560e+00 -4.38744851e-01  5.67584376e-01
 -9.47802770e-01  3.62284381e-01 -1.80366188e-01 -1.88200265e+00
  3.95341868e-01 -8.47044958e-01 -4.58409850e-01  1.04075836e+00
 -8.71938844e-01 -1.24983469e+00 -3.09349671e-01  9.20221631e-01
 -7.45948224e-01  8.55466177e-01 -1.85535973e+00 -3.47669849e-01
 -4.84061108e-01 -1.85991864e-01  4.88439710e-01 -4.10700616e-01
  5.15852918e-01 -2.79547227e-01 -2.72687351e-01 -9.79140536e-01
  9.28224497e-02 -6.74323520e-01 -1.39553504e-02 -3.71108466e-01
 -8.83895584e-01 -6.98416302e-01  1.94791984e-01 -9.14989246e-01
 -6.77010580e-01 -5.51206156e-01 -1.07081534e-01  3.94475474e-01
 -1.97531517e+00  7.18671574e-02  2.94197517e-01 -1.32069863e+00
  1.30424836e+00 -1.27129656e-01  1.41237390e-01  1.02019418e+00
  1.06811605e+00  2.32595396e-01 -1.32546789e+00  1.50695771e+00
  1.11486053e-01  7.88150413e-01  9.68294442e-01 -7.51948780e-01
  2.53580048e-01 -4.45842585e-02  2.14556467e-01  1.44890542e+00
  9.03968553e-01  2.26682632e-01 -1.08453509e+00  7.41281669e-01
 -1.95182089e+00  9.39631368e-02  1.29562762e+00  1.81980959e-01
  5.62310609e-01 -1.44493863e+00  8.08996832e-01  7.45802939e-01
 -1.77461888e+00 -2.79230316e-02 -1.03330077e+00  1.18623695e+00
 -1.29307763e+00  8.12279438e-02 -7.40351086e-01 -8.48348146e-01
  1.86375774e+00  2.15198991e+00 -8.72113683e-02 -6.22461577e-01
  3.74478068e-01 -7.34567161e-01 -1.63722729e-01 -1.65086923e+00
  1.57330896e-01 -3.58233976e-01 -4.06850232e-01  2.78351360e+00
 -2.47695173e-01 -6.23223207e-02  1.03933765e+00 -1.13095440e+00
 -1.17456528e+00  1.65103189e-01  2.60502833e+00  2.30073300e+00
  6.14158308e-01  3.20104241e-01 -4.57575664e-01  1.30150476e+00
  8.64712526e-01 -4.45600527e-01  1.92753995e+00  8.13270947e-01
 -5.38863704e-01 -3.88365996e-02 -2.19964383e-01 -1.62647166e+00
 -7.63447130e-02 -2.28365032e+00 -1.12061073e+00 -1.46026230e+00
  2.16885718e-01 -1.22723502e+00  6.62627953e-01  1.11733684e+00
 -8.97989896e-01  1.23113749e+00 -6.68648036e-01 -2.06003390e-01
  9.09940858e-01 -3.97212119e-01 -5.63880464e-01  3.48204294e-01
  2.80056328e-01 -1.59698227e-02  4.61507720e-01 -9.47377407e-01
 -7.21853223e-01 -7.96472754e-01  1.57308344e-01 -2.15126782e-01
 -7.60937064e-01  1.35573111e+00 -2.84711711e-01 -3.68952622e-01
  1.53629649e-01  5.36764181e-01  1.48327574e+00  2.45120922e-01
  3.50852254e-01 -4.83121229e-01 -1.19431471e-01 -3.06084701e-01
 -2.96965413e-01 -7.96389675e-01 -4.09170627e-01 -2.94676244e-01
 -1.13696981e+00 -2.50557797e-01 -1.97657055e-01  1.48363950e+00
 -5.78935085e-01 -5.24601574e-01  1.42828186e+00  2.78643445e-01
 -3.88470851e-01 -2.28095280e+00 -5.01179823e-01 -7.90225043e-01
 -1.61943471e+00  1.68207697e+00  9.62409045e-01  1.48075662e-01
  2.05548836e+00 -1.20853890e+00 -1.80100656e+00 -2.56446761e-01
  1.17873708e+00 -8.63082822e-01  3.14443141e-01 -6.99744273e-02
 -1.54721769e+00  1.45047535e+00  3.16887745e-02  1.05352851e+00
 -1.81981357e-01  6.95109872e-01  1.33461935e+00  1.00299531e+00
 -3.37684672e+00 -1.22373274e+00 -2.15104334e+00  1.80028202e+00
 -1.70212606e+00  6.22222061e-01  8.32090731e-01  1.40994526e+00
  1.43492116e+00 -5.09826489e-01 -4.63683587e-01  1.34092004e-01
 -1.09097478e+00 -1.67986260e+00 -1.42567707e-01 -5.29184387e-01
 -1.23088047e+00 -5.13244139e-01 -2.01043961e-01 -6.71396401e-01
  8.26920132e-01  8.88503014e-02 -1.49136513e+00  1.41253228e+00
  6.47241866e-01  7.69823972e-01 -4.37584279e-01 -3.47646868e-01
  2.70410536e-01  5.75306456e-01 -3.52911074e-02  1.17774971e+00
 -3.92027838e-01 -5.80966190e-01 -8.58618803e-01 -2.12782838e-01
  6.02597472e-01  1.84401801e-01  1.66636235e-01  8.85860209e-01
  1.43095190e+00 -1.71734074e+00 -9.79455831e-01 -2.42941005e-01
  2.11889071e+00 -5.13881660e-01 -6.98159799e-02 -9.38890490e-01
 -5.54418175e-01  9.85958579e-02 -5.55867620e-01  1.33479118e+00
 -1.22960830e+00  1.43159074e+00  1.88378954e+00 -1.67627849e+00
  5.65951279e-01 -9.09987181e-01  4.03787145e-01  4.91334497e-01
 -7.77716034e-03  2.65705338e+00  1.52332092e+00  5.78310950e-01
 -1.57929997e+00  3.87110517e-02 -1.34778425e+00  7.44344468e-01
 -9.34627543e-01 -1.54931580e+00  8.47905871e-01  1.29116115e+00
  4.63224550e-01  3.33912524e-01  9.95086417e-01  6.55754666e-01
  3.25829869e-01 -7.38815588e-01  1.01210972e+00  6.70316032e-01
  1.68316413e+00 -9.70140556e-01  3.33292209e-03 -8.93755389e-01
  3.28872345e-01 -6.29028081e-01  4.98131118e-01  1.57566018e+00
  1.41553224e+00 -5.86152865e-01 -4.66487291e-01 -3.77582806e-01
 -4.78837146e-01  3.40147158e+00 -6.53844607e-01 -1.39575886e+00
 -1.99055012e+00 -1.96098424e-01  7.86765728e-02  1.87326347e-01
  1.49672418e+00 -3.91993330e-01  1.05352049e+00  1.19766467e+00
 -2.73592384e+00  1.06732155e-01 -3.59668362e+00  6.49266736e-01
 -1.61860528e+00  6.89676637e-02  9.19460299e-01  7.35256379e-01
  7.06980899e-01 -6.56635758e-01  1.89427883e-01  1.37454235e+00
 -8.46864232e-01 -1.71160587e+00  5.77895878e-01  7.87130968e-01
 -5.99515287e-01 -9.78265328e-01  2.34238500e-01  1.29316693e+00
 -1.11087517e-01  5.49511617e-02  5.73701114e-02  5.39049175e-01
 -1.10510695e+00  5.92515443e-01  6.88616802e-01  8.00363445e-01
  2.68715073e-01  5.11085354e-01 -6.49172414e-01 -2.95078837e+00
 -1.11658541e-01 -1.13571193e-02  1.48223703e+00 -7.72286674e-01
 -4.54708337e-01 -2.91081779e-01  5.34076234e-01 -8.27822984e-01
 -1.80772019e+00  2.42395916e+00 -1.33415454e+00 -1.90640769e-02
 -1.42440125e-01 -8.94093491e-02  2.36073427e+00  1.62584051e-01
  8.08526208e-01  1.40560244e+00  6.50153958e-01  1.66959019e-01
  5.92943250e-02 -1.04135457e+00 -6.21505640e-01 -4.70256599e-01
 -6.59879849e-01  7.17081345e-01  1.18397043e-01  1.40489783e-01
  3.82159397e-01  8.71526235e-01 -2.20951981e-01 -9.01059471e-01
  1.09593662e+00  1.12903803e+00  3.37541580e+00 -1.54736266e+00
  6.94821611e-01 -7.48619055e-01 -1.14891133e+00  7.51627286e-01
 -8.20106992e-01  8.73659987e-01 -5.24420154e-01  9.68297990e-01
  6.92668307e-01 -3.36663715e-01 -6.69123174e-01  2.17877917e-03
 -3.51336688e-01 -6.23297301e-02 -8.09563996e-01 -5.24511391e-01
  9.71524129e-02 -4.54708579e-01  1.28452001e+00  9.18690493e-03
 -9.78680026e-01  8.59761357e-01  5.51218310e-01  3.68102761e-01
  8.92710836e-01  1.15176677e+00 -3.59169864e-01  1.02932245e+00
  8.68893382e-01  9.29819124e-01  6.09037019e-01  9.48667390e-02