 1.25166134e+00 -2.00048238e+00  9.21392737e-01 -9.42647050e-02
 -1.25739454e-01  6.29228460e-01 -6.65466376e-02 -1.97053090e+00
 -1.49563203e+00  8.73636766e-01 -1.03191116e-01 -6.59681692e-01
  1.45431096e+00  1.74122205e-01 -7.38421204e-01 -7.47083793e-01
  2.29794256e+00 -3.76574856e-01  6.29975118e-01 -1.04419500e-01
  7.08978731e-01  8.40333026e-01  8.60120395e-02  7.18305014e-02
  8.31273751e-01  1.04703140e+00 -5.50943796e-01 -1.45443847e+00
 -5.77983435e-01 -2.03318420e-01 -9.08597434e-02 -4.88929118e-01
  3.20284839e-01  1.29149675e+00 -2.69635841e-01 -3.14828674e-01
  9.16490384e-01 -1.22008730e+00 -1.23037716e-01  1.00767084e+00
  1.27846653e+00  1.25198203e+00 -9.63860703e-01  5.73981781e-01
  2.45371869e-01  1.53886196e+00  2.52288377e-01 -2.74889482e-01
  7.98263570e-01  4.00096960e-02  9.46148675e-01 -1.77400885e-01
  6.03222837e-01 -5.02735052e-01  7.58459296e-01 -3.16467601e-01
  7.09743419e-01  1.21142226e+00 -5.05173859e-01 -5.44557446e-01
 -2.89459740e+00 -1.11073511e+00  5.74468128e-01 -8.06007243e-01
  8.20470328e-01 -2.41135695e-01 -2.36586786e-01  4.66715425e-01
  1.40490789e+00 -1.20717171e+00 -7.05652759e-02  1.09423761e-01
 -7.24729545e-02  1.34326379e+00 -9.18935075e-01  1.57266324e+00
 -3.55977977e-01 -7.00222971e-01 -4.74673779e-01 -1.36029552e-01
 -1.80670497e-01 -1.00103000e+00 -7.78957807e-01 -1.03371699e+00
 -3.03266552e-01  1.46745904e-01  1.77736738e+00  1.39871170e+00
 -1.07263975e-01  1.43965293e+00  1.94756438e+00 -1.62899918e-01
 -1.30054310e+00 -1.12604972e+00 -8.08189335e-01 -8.48869472e-01
 -9.18118108e-02 -8.32572685e-01 -2.25608726e-01 -2.37779844e+00
  5.32260861e-01  1.59886851e-01 -1.62456884e+00  2.58872362e-01
  9.41358672e-01 -8.27439355e-01 -1.72931701e+00 -1.41064922e+00
  8.17866921e-01 -1.80698277e-01 -2.05383299e+00  1.04184709e-01
 -7.89811225e-02  2.21099922e-01 -1.51926179e+00  1.15366479e+00
 -2.81138523e-01 -3.69197706e-01 -1.41967319e-01  1.80097085e+00
 -6.58607365e-01 -1.19305343e+00  3.79170173e-01 -7.62279028e-01
  2.57752420e+00 -1.20889032e-01  3.37285941e-01  5.78813629e-01
 -1.89693344e+00  5.87395692e-01  1.07997439e+00 -3.25753407e-01
  7.61058488e-01 -3.05920705e-01 -1.47535416e-01 -7.67857719e-01
  2.45092577e-01 -1.81257238e+00  1.47305378e+00 -7.45261071e-01
  5.50229779e-01 -2.73491124e-01 -1.01164116e+00  1.08011846e+00
 -7.36886594e-01 -4.99175944e-02 -7.76364343e-01 -8.03878114e-01
 -1.39087296e-01 -3.34308738e-01  3.46845612e-01  8.71639016e-02
  4.92319721e-02 -3.77914868e-01  5.54604015e-01  2.13023911e+00
  1.03351507e+00  1.33731297e+00  2.06419824e-01  1.69572872e+00
  1.21351702e+00  7.51393736e-01  1.57056967e+00  7.86547365e-01
 -1.67241054e+00  1.99424225e+00 -6.40250242e-01  3.76987946e-01
 -9.49711054e-02 -8.66845343e-01 -4.41318474e-01  8.01172741e-01
  1.68954918e-01 -8.03525467e-01 -1.32481928e+00  1.50177551e-01
  2.36360387e+00 -8.74922117e-01  3.18299535e-01 -4.90125747e-01
  1.69037898e+00  1.16687367e+00 -1.32746539e+00 -1.51162346e+00
  8.94838487e-01 -4.11372483e-01 -3.10748531e-01 -1.11350222e+00
  5.40032521e-01 -3.88652566e-01 -1.74678355e+00 -3.73295339e-01
 -4.31075001e-03 -8.25764150e-01  1.14584825e+00  3.36505598e-01
 -7.42657411e-01  6.17891790e-01  2.78418656e-02  4.13502064e-01
 -8.92114390e-01 -2.05122070e+00  1.39239787e+00  1.10095785e+00
 -1.32361421e+00 -2.50283094e-01  6.99149201e-01 -8.68747072e-01
  9.61392233e-01 -3.39402300e-01  5.68874161e-01 -2.54317146e-02
  2.93484699e-01  2.17210372e-01 -1.80519349e+00  1.47809346e+00
  3.26602406e-01 -4.61075293e-01  1.44781422e+00 -1.29713316e+00
  1.53810155e+00  6.30893052e-01 -2.54470944e-01  9.46963919e-01
  9.10287099e-01 -7.94052567e-01 -1.89295834e+00 -1.16008421e+00
 -1.29124162e+00  2.27732098e-02  1.97307291e+00 -2.76963950e-01
 -7.46965900e-01  4.19894435e-01  6.18500351e-01  6.88616170e-01
 -9.17448290e-01 -8.32469731e-02 -7.89700624e-01  4.16202673e-01
  8.40337437e-01 -1.67161905e+00 -1.48460908e-01 -2.58192304e-01
 -1.54471856e+00 -6.74040234e-01 -2.01027877e+00 -4.25815931e-01
  9.51052422e-01  2.49015442e-01 -6.70647622e-01  2.48528172e-01
  8.13161042e-01 -1.26651573e+00  8.73838188e-01 -2.55947433e-01
  1.27325879e+00  5.51008859e-01 -2.83876870e-01 -2.86037085e+00
  1.04181543e+00 -3.28670030e-01  3.64096277e-01 -1.76654383e-01
  1.05806113e+00  1.12690745e+00  3.54366264e-02 -7.84911030e-01
  3.61742018e-02 -4.80659888e-01  2.51785553e-01  3.15893971e-02
 -2.94509245e-01  5.54763609e-01  2.64921807e-01 -7.90059252e-03
 -5.73780329e-01 -2.14776318e-01 -1.06520797e+00  1.91701879e+00
  2.61259164e-01  1.67244107e-01 -1.25301278e-01 -5.10208284e-01
  2.54085665e-01  1.38531609e+00 -4.61940297e-01  6.85702905e-01
  1.37479694e+00  7.97850541e-01  1.87593119e-01  1.05728341e-01
  2.67489444e-01 -1.23369853e+00 -8.80110256e-01 -7.42444289e-01
 -9.31753082e-01  1.31852602e+00  7.14900397e-01 -1.08234190e+00
  1.47630694e+00  1.14511753e+00  5.59854076e-01  6.18767511e-01
  8.79006416e-01  1.51401008e+00  5.59762876e-01  5.27843672e-01
 -1.84947212e+00 -6.26657489e-01  1.28023648e+00 -7.83224199e-01
 -1.81860654e+00 -8.38529994e-01 -6.98239984e-01  3.90703836e-01
  6.50862592e-01  8.63132647e-01 -5.75938510e-01 -1.28964085e+00
  7.57323634e-01  1.76398443e-01  1.32944703e+00 -7.22685085e-01
  6.97990416e-01  4.77196561e-01 -3.34316647e-01  1.48385836e+00
  1.59490696e+00  5.13408796e-01 -6.97477596e-02  1.61102727e+00
 -3.65700436e-01 -5.36878151e-01 -1.24164970e+00  4.29977714e-02
 -2.77303085e-01 -3.00274087e-01  6.80195226e-01 -8.75024971e-01
 -2.00268355e+00 -6.28715779e-01  5.53491910e-01 -1.25459455e+00
  1.91955904e-01  5.65046886e-01 -2.02545184e+00 -5.45071970e-01
  4.87082453e-01  2.53479786e-01 -7.92616061e-01 -5.82305589e-01
  8.10328550e-02  1.58049663e+00 -1.60857559e+00 -1.09994448e+00
 -1.10576986e+00 -1.93801947e+00  3.62053374e-02 -1.28413619e+00
  1.20619277e+00  9.33776383e-01 -6.54103003e-01 -8.74030115e-01
  1.39910780e+00 -4.02377965e-01 -8.76959169e-01  5.53607147e-01
  8.87900560e-01 -1.08217379e+00  5.12502832e-02 -5.82954372e-01
 -1.73336342e-01  1.06354544e+00  3.22149565e-01  1.86003918e+00
 -1.18726755e+00 -4.75360260e-01  1.51190252e-01 -3.31512796e-01
 -8.34582505e-01  6.07284830e-01  7.79695553e-02 -8.84221522e-02
 -4.12775095e-01  1.00514224e-01 -1.03915416e+00 -1.14124823e+00
  3.17154781e-02 -8.88627453e-01 -1.22190227e+00  4.30143836e-01
 -1.02334146e-01 -1.14087757e+00 -5.04767699e-01  8.24098225e-01
  1.32114431e-01 -3.90203405e-01 -5.79320199e-01  6.15048984e-01
  2.37019592e-01  7.88104966e-01 -3.92126137e-01 -6.14871696e-01
 -5.48892890e-01  1.04133755e+00  6.31763488e-01 -2.01954120e-01
  3.38439995e-01  4.51933797e-01 -6.25842248e-01 -2.23502161e-01
  1.94062056e-01 -4.60721799e-01  4.02100095e-01  9.04706988e-01
  1.98968942e-01  3.73854312e-01  1.11399585e+00 -1.49028755e+00
  7.62988939e-02 -4.00930478e-02  1.38610764e+00 -6.88292506e-01
 -5.68908971e-02 -1.29118068e-01 -1.56367451e+00  1.24973052e-01
  2.81814597e-01 -1.56064633e+00  5.59097433e-01 -2.41923670e-01
 -1.15805226e+00 -8.45392800e-01  1.97774006e+00  1.75615588e-01
  7.83993367e-01  3.40460230e-01  1.04331583e+00 -7.97066694e-01
  1.80644716e+00 -1.54546919e+00 -1.75229349e+00 -2.95806936e-02
 -7.45960313e-01  7.56452982e-01  3.35583647e-01  7.23918026e-01
 -3.44794774e-01  4.47349239e-02  1.34768185e+00 -6.47673361e-01
 -8.55381284e-02 -8.81243370e-01 -8.49187413e-01 -1.12184653e+00
  1.71707438e-01  6.20029807e-01  1.39376804e-01 -8.23858440e-01
  1.44534924e-02  4.38998531e-01 -6.65561285e-01  1.19351437e+00
 -2.16758329e+00  2.67094261e-01  2.21920049e-01  1.35005561e+00
  1.32271796e+00  9.48788595e-01  2.68011418e-01 -2.63881802e+00
  3.96328719e-01 -3.21192034e-02  1.04317943e+00 -1.55274328e+00
 -2.18050850e+00  1.12208444e+00  5.15714015e-01 -1.56316446e+00
  7.37203775e-01  6.51425508e-01  1.47356234e+00 -7.11106642e-01
  3.85686539e-01  3.32369773e-01  8.72927798e-01  8.54567792e-02
  8.36589723e-01  5.99072849e-01 -8.26679523e-01 -4.97440953e-02
  5.38181126e-01  1.34868073e+00  1.29063996e+00  1.29811481e+00
 -1.01497596e+00 -1.56509642e+00 -1.12856647e-01  3.60266099e-02
  1.33260279e+00  6.63138323e-01  9.20278769e-02  2.62251190e+00
  6.64191613e-01  4.87869520e-01  1.12162285e+00  1.12452806e+00
  4.49101906e-01  8.27467781e-01 -1.86969964e-01 -1.69068200e-01
 -4.02483511e-01 -6.77120749e-01  4.33230489e-02 -1.39569141e+00
 -1.13691142e+00  1.34160612e+00  6.97490174e-01 -1.08614635e+00
  7.01612634e-01  2.27738438e-01 -8.36701175e-02  7.10304809e-01
  2.05539649e-01 -2.56991463e-01  3.26951651e-01 -1.16720139e+00
  6.89964844e-02 -1.57206831e+00 -3.09444066e-01  9.72499353e-01
 -2.14949113e+00 -8.14156842e-01  2.07924373e+00  8.48493425e-01
 -5.01211449e-01 -6.30563744e-01 -4.71734069e-01  6.67505257e-02
  1.03873790e+00 -8.33645111e-01 -1.48519565e-02  1.24050436e+00
  2.38582564e+00  7.49799999e-02 -1.12516316e+00 -1.08852474e+00
 -7.26789617e-01  9.56231279e-01  5.94759762e-02 -2.59163346e-01
  2.89919594e+00 -1.08725141e-01  4.93772364e-01 -1.14058403e+00
 -1.05551493e+00 -8.11249232e-02  1.41259954e+00 -1.06784904e+00
 -1.10785538e+00  5.75791089e-02  3.94150323e-01  3.86763620e-01
 -3.42527812e-01  3.49456712e-01  1.07585614e+00  6.82984725e-01
 -1.00820166e+00 -1.15602042e+00  1.50090856e+00 -4.50910145e-02
  5.47567642e-01 -7.68575624e-01 -7.14331897e-02  7.74581473e-01
  1.61991299e+00  1.18329610e-01 -1.05408959e+00  1.54942991e-01
 -6.57362352e-01  1.51771935e+00 -4.42060399e-01 -4.64803752e-01
 -1.58189633e-01 -5.86945573e-01  1.43009682e+00 -1.09599695e+00
  1.50970151e+00 -4.55896949e-01 -3.64695201e-01  2.21045309e+00
 -1.11771901e+00 -7.19278370e-01 -1.15342877e-01  3.78325697e-01
  6.74843184e-01  7.07360626e-02  1.43954436e-01  1.36764571e+00
  3.43306180e-01 -2.77609446e-01  7.80736059e-01  9.17094146e-01
  7.01590240e-01  3.63091111e-01  2.92554673e-01 -3.84421298e-01
  3.23744827e-02 -4.88667168e-01 -7.99917295e-02 -2.28784187e-01
  3.06919970e-01  7.48593952e-02 -3.00681294e-01  2.29605472e-01
  1.59630653e+00  1.76343875e-01 -2.46484783e-01 -1.24629611e+00
 -5.02583352e-01  7.21694527e-01 -5.76902461e-01 -1.84470258e+00
  1.02183469e+00  1.61776896e+00  1.40407264e+00  1.86294746e-01
 -6.73788998e-01 -1.73161270e-01 -4.80131447e-01  1.05737646e+00
 -1.86905643e+00 -4.37189345e-01 -9.41288479e-02 -3.25860021e-01
  1.63433934e+00  6.04963808e-01  7.82570593e-01  3.06786093e-01
  5.57666283e-01 -1.14319145e+00  9.53342570e-01  3.24647832e-01
  8.66255941e-01 -5.25431914e-01 -5.78682883e-02  1.76095742e+00
 -1.27469704e+00 -3.57338785e-01  2.05828393e+00  2.18381505e-01
 -7.58429169e-01 -2.48374117e-02 -3.78470528e-01  8.88963416e-01
 -1.07395550e+00 -7.33760245e-01  5.18056107e-01  7.98015118e-01
  7.59555200e-01  6.82019064e-01 -5.89665810e-01  5.78924695e-01
  1.25472437e-01 -2.80596031e-01  2.46158580e-01 -1.14396274e+00
 -5.98584415e-01  3.79376141e-01 -1.05228016e+00 -2.60621257e-01
 -8.38851699e-01  1.29629249e+00 -4.44840837e-01  2.31246989e-01
 -8.31524059e-01 -1.14238305e+00 -9.54585802e-01  1.67212998e+00
 -9.66812921e-01 -1.40475127e+00 -2.41494512e-01  1.68421315e+00
 -5.67040424e-01 -1.82501215e+00 -1.17259139e+00  8.48271167e-01
  6.21822526e-01  7.12998282e-01  1.58048044e+00 -6.75698119e-01
  7.16700756e-01  1.44869115e+00 -6.62792680e-01  1.00878430e+00
  1.01300648e+00  2.22729152e-01 -1.42605042e+00  6.77492421e-01
  1.51282335e-01 -6.20979648e-01 -2.49338461e-01  1.16566366e+00
 -1.27932859e+00  3.33890176e-01 -2.73822683e-01 -1.66114202e+00
  1.82367106e+00  7.97196955e-01  1.33622962e+00 -7.14367918e-01
 -2.79695649e-01  1.14203271e+00  1.11719308e+00  1.59273648e+00
 -1.24968076e+00  1.42851014e+00 -1.38418275e-01 -1.75154312e+00
 -6.09198778e-01 -1.16235331e+00 -5.43640040e-01  3.79556835e-01
  1.62259882e+00 -8.52475975e-01 -1.39970661e+00 -1.07694662e+00
  3.91503274e-01 -1.35791255e-01 -5.60796314e-01 -2.29752930e-01
  4.54223782e-01  5.47832822e-01  7.20367235e-01  5.52871864e-01
  1.50745246e-01  1.32541415e+00  1.82355299e+00 -1.57555749e+00
 -5.80596690e-01  3.99975073e-01 -1.17159517e+00 -4.06376570e-01
 -1.57419259e-01  1.02712601e+00  3.27259122e-01  1.44852905e-01
 -1.05036548e-01  7.26444713e-01 -2.89483411e-01  9.46719110e-01
  1.91821540e+00  3.72607874e-01  1.49201690e+00  1.06028476e+00
 -2.37900949e+00  1.98032667e-01 -1.20618634e+00  7.97491113e-01
 -8.02565556e-01  6.30966348e-01  4.18357427e-01 -9.19340424e-01
 -2.76010387e-01  1.36237392e+00 -2.83166343e-01  9.87224139e-01
  1.20185059e+00  1.89983664e-01 -1.25776519e+00  2.05128813e-01
  9.73916690e-01 -3.84117400e-01  4.48444231e-01 -7.38356897e-01
 -6.67430528e-01 -5.85976626e-01 -2.95343726e-01  7.10759916e-01
  9.27634082e-01  7.57134454e-01  5.11096736e-01 -2.48743125e+00
 -1.28415543e-01 -1.90578628e+00 -2.98905402e-01  9.49542122e-01
  1.69555280e+00 -1.00445226e-01 -9.03079034e-02 -3.20645313e-01
 -9.67426089e-01  3.48465992e-01 -3.27709067e-01 -1.84173228e+00
 -1.82749817e+00 -1.01319436e-01 -1.93492400e+00  2.74942241e-01
  3.16919490e-01  3.36622717e-01 -5.49834171e-02  4.88324796e-01
 -1.73067536e-01 -6.93366979e-01 -4.69261371e-01 -1.89545178e+00
  1.85827527e+00 -8.90378143e-01 -6.10017858e-01 -2.52590845e+00
  1.46241318e+00  7.15093780e-01  4.05662109e-01  1.15945046e+00
  8.73838815e-01 -5.49543096e-01 -8.16068597e-01 -4.71760431e-01
 -6.05841265e-01  6.76348658e-01 -9.06823882e-02 -8.66157211e-01
 -5.94782964e-01 -1.14846575e+00  1.34120304e-01 -2.30823662e+00
 -3.81555481e-01 -1.99711918e+00 -3.13172472e+00  1.14745755e+00
  5.71516158e-01 -6.94311051e-01 -5.17589830e-01  1.56623372e-01
  5.10843516e-01 -4.97819034e-01 -2.37107984e-01  2.06057973e+00
  2.01516417e+00  1.07423383e+00  1.83350963e+00  2.85788307e-01
  7.64901382e-01  3.16661440e-01 -7.96445379e-01  1.37346086e+00
 -2.76190245e-01  1.43338904e+00  7.86724815e-03  4.84608647e-01
  1.75542090e-01  1.91612392e+00  1.19580838e+00 -1.53256748e+00
 -3.76172887e-01 -1.52461036e+00 -6.57577727e-01 -2.21657504e-01
 -2.08837714e-01 -6.53093595e-01  9.87623842e-02 -6.39367452e-01
 -6.64783278e-01 -4.24509968e-01  5.38924582e-01  9.06579439e-01
  1.97004784e-01 -1.24678085e-01 -4.52401586e-01  6.34941332e-01
 -4.69893467e-01 -8.37058044e-01  2.01517779e+00  1.19487808e+00
  1.02977640e+00  4.92319865e-01  7.65309698e-01  9.10096508e-01
  5.21684276e-01 -1.08128013e+00  6.26326200e-01 -2.13059150e+00
  1.72629675e-01  1.63322415e-02  1.01645389e+00  1.07775912e+00
  1.25430682e+00  2.81850552e-03  4.17754171e-02  3.36279323e-01
  2.07243837e-02  5.54915500e-01 -5.08947510e-01 -9.04363096e-01
 -1.47074353e+00 -1.23601824e+00 -4.40146528e-01 -7.53219043e-01
 -9.14952515e-01 -5.03456047e-01  1.57507661e+00  6.86179793e-01
 -3.60109266e-01  8.61645314e-01 -7.97582542e-02  7.09864424e-01
  1.32785183e+00 -3.29575067e-01  1.02354770e+00 -7.90749790e-01
 -4.03368242e-01 -8.86341820e-01 -1.31980496e+00 -3.58903407e-01
  1.79681810e+00 -7.44578975e-01  2.64214422e-01 -1.48602131e+00
  5.02106142e-01 -6.40267877e-01 -6.08303513e-01 -1.18711724e+00
  6.33033971e-01 -5.26489266e-02  1.34182986e+00  2.99878117e-01
 -5.76484899e-01 -4.07908074e-01 -1.86458483e+00 -1.18088669e+00
  1.51995550e+00  1.36966373e+00 -1.13049631e+00 -7.08606526e-01
  4.16351058e-01 -1.99113326e-01  1.49893284e-01  2.42916774e+00
 -7.51881758e-02 -2.04393273e-01 -3.20925555e-01  1.80433461e+00
 -5.44025721e-01  1.69935557e+00 -6.15118824e-01 -2.32120737e-01
  1.25970843e+00 -6.95688322e-01 -1.23299273e+00 -5.88124781e-01
 -1.46351524e+00 -1.29973696e+00  1.33816614e+00 -1.19263213e+00
 -3.55669131e-02 -9.86990449e-01 -2.42923028e-02  2.75558929e-01
 -1.23072155e-01 -9.57794107e-01 -1.50967135e+00 -1.78871436e+00
 -4.23580112e-01  5.74841686e-01  5.98124575e-02  1.34418575e+00
  1.26487887e+00 -1.03454908e+00  2.10529358e-01  2.84131589e-01
 -1.74237098e+00  1.27343876e+00  1.48695662e+00 -7.20976055e-01
  1.11029369e+00  2.13994728e+00  2.97184642e-01  6.04204849e-01
 -2.38614448e-01  1.06758349e+00  2.42860025e-01  9.13398780e-02
  5.65969221e-01 -4.26170331e-01 -8.86249409e-01  2.00802195e-01
 -1.14091694e+00  1.87512049e-01  1.72403075e+00 -9.17318262e-01
 -1.70924264e+00  1.68095056e+00 -7.11320089e-01 -2.47128640e-01
  9.51916996e-01  6.20717389e-01 -6.97595317e-01 -1.83556894e+00