-1.96778648e+00 -1.24026531e+00 -2.55970831e-01 -3.34305091e-02
 -1.01953370e+00  9.73809250e-01  2.83152275e-01  1.90313873e-02
  2.40882505e+00 -2.79152685e-01  7.22655393e-01  1.20240992e+00
 -1.14787646e-01  3.29120112e-01  5.04850376e-01  3.47352639e-01
 -2.08227748e+00 -5.33695039e-01 -1.23010793e+00 -9.90076205e-01
  1.58697256e-01  9.18494104e-01  1.17028357e+00  1.40551224e+00
  4.62096704e-02  7.90034575e-01 -5.76393099e-01 -1.00224991e+00
  1.51442741e-01 -1.12602138e+00  1.12295064e+00 -1.08691086e+00
  7.70792569e-01 -6.90289292e-02  1.36174577e+00  9.19900024e-01
 -3.72883338e-01  1.50308651e+00 -2.26094480e-01 -3.86760604e-01
  1.82462036e+00 -6.63695727e-01 -1.14756528e-01 -2.15162472e-01
  3.95210745e-01  3.09316540e-01  9.26804167e-02 -3.11604224e-01
  2.29640143e-01  2.90519595e-01  3.59102336e-01  1.90567852e-01
 -1.65561995e+00  1.87664988e+00 -8.43101036e-01  4.27642552e-01
 -1.28161511e+00  7.14661195e-01 -4.23480203e-01  1.19975544e+00
 -5.42053743e-02 -3.14822946e-01 -1.24258849e+00  9.37564277e-03
 -1.88272488e-01 -2.04729183e+00 -1.37061303e+00 -1.40734143e+00
 -1.91514475e+00 -4.10330373e-01  1.12238906e-01 -7.88449459e-01
 -7.61010057e-01  1.30402619e+00 -3.86154293e-01  1.73534941e+00
 -7.84557221e-01 -2.56324514e-01 -2.19450863e-01 -4.25002498e-01
 -1.57816687e-01 -2.38126967e-01  7.56697856e-01  9.73814743e-01
 -1.90604547e+00  1.04113091e+00  4.73343196e-01 -4.03295338e-01
 -9.22541352e-01  7.79171826e-01  1.44934786e+00  1.20871870e+00
 -1.29595412e+00 -1.28209458e+00 -1.18705948e+00 -1.61156759e+00
 -1.59610850e+00 -1.73387723e-01 -5.31256785e-01  1.80987897e-01
  2.24402712e-01 -2.16310277e+00 -8.66516716e-02  1.86050207e+00
  1.83206216e+00 -1.21721049e-01  3.30233463e-01 -7.64223759e-01
 -4.87809937e-01 -3.01859455e-01  1.26394292e-01 -2.22081780e-01
 -3.86994692e-01  5.66513668e-01 -1.18574336e+00  5.17611863e-03
  1.95043768e-02 -4.92683596e-01  1.38671623e-01  3.09311354e-01
  5.52527936e-01  1.84932969e+00  5.45617452e-01  1.24384360e+00
  3.35398202e-01  3.06092035e-01  2.71119854e-01 -2.02736559e+00
 -1.44415499e+00  6.28337202e-01 -1.74447070e+00  3.31126312e-01
  8.31510446e-01 -1.32214040e-01 -1.46990384e+00  5.59231987e-01
 -9.78918656e-01 -1.51182604e-01 -1.02552938e+00 -5.24942945e-01
 -4.53222683e-01  2.40435459e-01  1.33161986e+00  7.06534864e-01
 -1.46353250e-01  1.11524133e+00  1.02438803e+00 -8.72543835e-01
 -1.88828022e-01 -1.51120835e-01  1.06258441e+00  2.41669349e-01
 -7.56156010e-01 -9.46349126e-01  2.89380851e+00  6.37285177e-01
  5.53691497e-01 -1.36875497e+00 -7.80645316e-01 -2.12827692e-01
  9.31618731e-01  4.17753738e-01  8.12508370e-01 -2.33273255e-01
  5.75386730e-01 -5.39245265e-01 -1.52004192e+00  2.61990957e-01
  4.82628935e-01 -5.96370782e-01 -4.50706376e-01 -5.84294070e-01
  1.33799187e+00  1.72021714e-01 -1.22810460e+00 -9.98445260e-02
 -1.85017626e-01  2.55449198e-01 -1.17580456e+00  3.28491658e+00
 -3.42880450e-01  3.93002977e-02 -5.23289872e-01 -3.53222901e-01
 -1.55436552e+00  3.13669915e-02  1.47872379e-01  1.58794132e+00
  3.43205130e-01 -6.42902196e-01  1.51910594e+00  8.82314554e-01
  1.00397840e+00  3.84484714e-01 -1.26174773e+00  7.71416522e-02
  5.90652004e-01  7.16955338e-01 -1.20977674e+00 -3.63298723e-01
 -8.86289167e-01 -6.82896456e-01 -2.28755276e+00 -3.14644667e+00
 -3.39482285e-02 -1.73113485e+00  1.03631388e+00  4.35477793e-01
 -9.36915874e-02 -5.43450059e-01 -1.31060782e-01  1.75084069e-01
  1.44708213e+00 -7.06279510e-01  1.35188713e+00  6.80511380e-01
  1.85008941e+00 -1.40137669e+00 -2.69201461e-01 -7.75918360e-01
 -3.09380553e-01  3.72801799e-02  2.18740091e-01 -7.68612592e-01
 -1.21032609e-01  2.03077978e-01  4.02838876e-01 -1.59887981e+00
 -1.40344722e-01 -3.69308684e-01  1.12167461e+00 -6.38916561e-01
  1.26950591e+00  2.13184262e-01 -1.29682762e+00  7.58331802e-02
 -1.60337510e+00 -6.03868593e-02  1.11192942e+00  1.00709247e+00
  7.55958609e-01 -4.18250691e-01  4.79818456e-01 -1.34961257e+00
  2.13210603e-01  3.51849833e-01  2.92440601e-01  1.22531308e+00
  1.75526550e+00  5.20790683e-01 -3.95249177e-01  8.90471535e-01
 -2.37925752e-01 -1.84186950e+00 -2.09344025e+00  4.52103749e-01
 -5.41160489e-02  2.39062466e+00  8.48618659e-01  4.80894523e-01
 -6.18334307e-03  1.66615664e+00 -1.65020207e+00  4.40005638e-01
  4.64761915e-01 -1.52951219e+00 -3.75667186e-01  1.24667104e+00
  6.32567473e-02 -1.07120199e+00  9.42997972e-03  1.69281672e+00
 -1.40548426e+00  4.09604972e-01  1.00626827e-01 -5.77404250e-01
  1.69596938e+00 -4.62039391e-01  2.44000553e-01 -1.79950230e+00
  7.57998821e-01 -1.56412002e+00  1.48603155e-01 -3.58361479e-01
 -1.82841891e-02  1.14849549e+00  1.10511880e+00 -5.17309128e-01
  4.50977164e-01 -8.84542137e-01  4.27044499e-01  6.10115122e-01
  2.10484477e-01 -1.20613347e+00 -2.95062835e+00  6.94379890e-01
  3.22086004e-01 -4.50680759e-01 -4.17840320e-01  2.44063879e+00
 -7.49685225e-01 -5.28090850e-01  1.82671441e+00 -1.38646863e+00
 -4.72831359e-01 -9.24950609e-01 -1.67102877e+00 -1.40440482e+00
  9.77866629e-01  1.53030575e+00 -1.18784161e-01  1.08467816e+00
  1.87463965e-02  3.53641659e-01 -5.66929195e-01  7.52144483e-01
  3.23911512e-01  2.76726153e-01 -2.65409303e-02 -1.12795152e+00
 -4.47142046e-01 -3.18313811e-03  1.13941300e+00  1.01266115e+00
 -3.63995413e-01  1.03171709e-01  7.32546240e-01 -8.71763473e-01
  1.38758249e+00 -9.17505916e-02 -2.59686471e-03  8.48467164e-01
  9.60029193e-01  1.11186403e-01 -1.57659859e+00  6.87160676e-01
 -5.99213248e-01  2.24104244e+00  1.56012727e+00 -1.19093445e+00
  1.04338985e+00 -9.79847017e-01 -7.64096278e-01  1.75242628e+00
 -1.60037230e-01  1.16279179e+00  3.40635910e-01 -4.07864212e-02
  1.31264243e+00 -3.79064226e-01  1.69081642e+00 -1.14456466e-01
  9.62646931e-01 -5.91273236e-01  6.11112546e-01 -8.44680126e-01
 -1.10332936e-01 -5.40374805e-01 -8.66383459e-01  1.43133017e-01
  1.12608543e+00  1.85491444e+00  1.96697488e-02 -1.52884164e+00
  6.67252527e-01 -5.12032581e-01 -1.56952901e+00  1.27131887e-01
  4.16926961e-01 -6.68982899e-01 -1.42065000e+00  3.80001306e-01
 -1.75895379e+00  3.96437816e-01 -1.33447951e+00 -7.13898957e-01
 -3.91343064e-02  6.79662303e-01 -1.33502766e-01  2.68174796e-01
 -9.08513315e-01  8.71838572e-01  2.35120846e-01 -2.90280472e-01
  1.77327028e+00 -1.27289402e-01 -7.69051623e-03 -1.57839692e-01
  3.52772416e-01 -6.55452091e-01  3.23934296e-01 -4.15726538e-01
 -5.33766338e-02 -8.46109129e-01 -1.42198231e+00  1.64590643e+00
  1.11800116e+00  8.03289017e-01  1.72715715e-02 -5.21334624e-01
 -1.48092426e-02 -5.05399405e-01 -3.17685218e-01  9.23532387e-02
 -7.59815230e-01  9.65269252e-01  1.51126854e+00  8.13447996e-01
 -7.58004502e-02  6.11598733e-01  5.69480916e-01  3.89500527e-02
 -7.75212224e-01 -1.51449756e+00  4.48332884e-01 -1.58408416e+00
  3.09229102e-01 -8.72419563e-01 -5.86483209e-02 -6.00175608e-02
 -4.28003418e-01  6.31181199e-01  8.10645747e-01 -2.46799685e-01
 -9.61248451e-01 -2.66147503e-01 -9.09694637e-01 -4.30159402e-01
 -1.08497869e+00  8.14721886e-01 -1.37973820e+00 -1.98565650e+00
  8.40986337e-01  4.81843226e-01  1.17036667e-01  1.26992249e+00
  7.56866527e-01 -8.68973572e-01 -1.92994274e-01 -1.92940566e-01
 -1.94951919e-01  1.03831908e+00 -2.42645319e+00 -5.61492922e-01
 -6.59680124e-01 -4.73277051e-02  1.38507701e+00 -2.45539081e-01
 -7.95826217e-01 -1.72260197e+00  2.28747087e-01  7.24472207e-01
 -6.65129038e-01 -4.01948638e-01 -5.14887515e-01  9.04379043e-01
 -3.48402409e-01 -4.79864268e-01  1.32760678e+00  1.42243287e+00
  5.38031413e-01  3.71043239e-01  3.65161999e-01  5.72196012e-01
 -9.80163812e-02 -2.10051539e+00  2.11768757e-01  1.96225257e+00
  1.16173899e-01  6.04640294e-01 -5.39987431e-01  6.67859122e-01
  3.28852543e-01 -1.13820384e+00  1.11365362e+00 -3.43810130e-01
 -5.50914309e-02  7.16342545e-01  1.90147771e+00 -9.58413610e-01
  3.28687314e-01 -4.71911641e-01 -6.45219377e-01  1.60330523e+00
  2.04704920e+00  1.39358477e+00 -1.27559342e+00 -5.46229511e-01
 -1.30943501e+00 -1.83110605e+00 -2.18091614e-01  1.27243033e+00
  2.80382947e-01  1.78323549e-01  6.22513914e-01  6.53313429e-01
  4.48564658e-01 -2.37808395e+00 -3.77341489e-01  1.98150387e-02
  3.32809018e-01 -2.68943705e-01 -9.27263024e-02 -4.47690862e-01
  4.16871564e-01  1.11374183e-01 -6.57876716e-01  1.00640217e+00
 -1.26397766e+00 -5.54020209e-01 -9.57026331e-01 -1.32208462e-01
  1.03501440e+00  1.95292531e+00 -6.43429315e-01 -1.05948864e+00
 -8.64398712e-01 -2.20855274e-02  1.54298756e+00 -6.48301179e-01
 -2.24040510e-01  7.07465798e-01  4.25500913e-01 -2.63805614e-01
 -4.53735703e-02 -7.16671065e-01  2.39622881e-02 -4.14719118e-01
  1.32024015e-01  4.49442791e-01 -1.09538299e+00  9.02425154e-01
  3.10333432e-01 -5.26816011e-01  2.41436319e-01 -7.65433659e-01
  1.83462317e-01 -1.45974043e+00 -7.96943372e-01 -8.76887862e-02
  1.02766014e-01  3.02655182e-01  7.41457511e-01  3.25319796e-01
 -1.46763169e+00  3.33357330e-01 -5.35757480e-01 -1.44564554e+00
  1.57217590e+00  2.33043847e-01 -5.84548266e-01  1.04852161e+00
 -3.71847877e-01  3.46656021e+00 -2.52408566e-01 -6.55629710e-01
 -3.01396021e-01  1.54172176e-01 -2.84409592e-01  5.73613215e-01
 -7.18535275e-01 -2.60770044e-03  1.62667248e+00 -1.39836381e+00
  7.77801086e-01 -5.79099109e-01  6.77832774e-01  5.80190230e-01
 -6.52842862e-01 -5.69803599e-03  2.20791096e-01  9.95750465e-02
 -1.20304703e+00 -9.64703858e-01  2.09032839e-01  1.01285186e+00
  1.71549861e-01 -2.22368758e-01  5.72294070e-02  3.83371749e-01
  9.30139136e-01 -9.27003088e-01  2.77873690e-01 -2.18254308e+00
  5.12889285e-01  6.19651090e-01 -4.52437726e-01 -2.86080995e-01
 -4.20452382e-01 -2.06296867e+00  2.71992525e-01 -6.49913917e-01
  9.44397143e-01  2.09483217e+00 -9.41209895e-01  7.12021800e-01
 -8.09796917e-01  3.99830031e-01  5.89747589e-01  7.15764607e-01
  2.94121950e-01  9.43089734e-01  1.47698194e-01  1.03886219e+00
  5.96213626e-01  2.36219274e+00 -2.06127015e+00  1.93243580e-01
  2.72383490e-01 -1.71370351e+00 -1.17436967e+00  5.22634600e-01
  2.87153325e-02  7.79342275e-01  3.54762526e+00  3.03235084e+00
  1.60612714e-01 -9.09287725e-02  2.64973701e+00 -2.68109758e-01
 -8.35980650e-01  3.65589877e-01 -4.90435845e-01  3.85805334e-01
  1.54626358e+00  7.70948481e-01 -5.12062131e-02  2.83672630e-01
  7.21612256e-01  8.16950022e-01 -5.63845139e-01  5.93947305e-01
  3.08376834e-01 -1.61486726e+00 -4.14017055e-01  1.43739644e+00
 -6.95357917e-01  1.63733436e+00  7.22839156e-02 -3.03796770e-01
 -3.48785126e-01  4.82437879e-01  5.91008159e-01 -3.31340157e+00
  2.24183850e+00  1.64742217e-01 -1.26727742e+00 -1.24257218e+00
  4.71031155e-01 -8.84559827e-01 -8.04719300e-01 -3.94250725e-01
  8.16921842e-01 -1.90718434e+00  1.43559067e+00 -1.00430282e+00
  1.74946624e-01  7.81017751e-01 -2.04513214e+00  1.06749365e+00
 -1.97978642e-01  4.73729378e-01 -9.77957443e-01 -7.06315541e-01
  5.03900384e-01  1.12187566e+00  5.97297719e-01  5.03612483e-02
 -1.61256011e+00 -4.81198843e-01  5.64575249e-01  4.99672627e-01
 -4.95291352e-01  1.85192579e-01 -1.99900820e+00 -3.75329129e-02
 -1.07746451e+00  1.22439816e+00 -1.70021574e+00 -6.30246454e-01
  2.21378837e+00  1.08023801e+00  2.80761224e+00 -1.16130413e+00
  1.60515023e+00  2.18107381e+00 -6.95092248e-01 -5.23260083e-01
 -2.74021251e-01 -1.02200440e-01 -6.95754616e-02 -4.57096941e-01
  6.06304777e-01  7.90720736e-02 -2.71396068e-01 -2.09330018e+00
 -3.32044901e-01 -1.75852929e+00  5.88698537e-01 -1.17676361e+00
  1.02889172e+00  5.56876969e-01 -1.06836619e+00  2.65729346e-01
  7.47992818e-01 -1.98199836e+00  8.79891733e-01 -7.18559349e-01
 -4.42607689e-01  1.88272818e-01  6.85197380e-01  1.16108762e+00
 -1.76366258e+00  6.70038661e-01  2.91289159e-01  1.57791162e+00
 -1.07675496e+00 -9.43921342e-01 -1.09747047e+00 -7.55040225e-01
  1.67608532e+00  4.37583806e-01 -1.13973321e+00  1.36779025e-01
 -1.92721471e-01 -1.51624809e+00 -6.67824096e-01 -4.16968201e-01
  3.88840835e-01  1.53796435e+00 -9.80506730e-02  3.33968429e-01
 -2.03619665e-01 -2.52727758e-01  4.90487559e-01  3.20819073e-01
  1.93733630e+00  1.11240003e+00  4.02025183e-01  7.19539556e-01
  1.09624546e+00  6.30746280e-01  8.23661182e-01  3.08606259e-01
 -2.25104115e-01  4.03575770e-01  8.41176233e-01  5.21143874e-01
  8.21392638e-01  5.78930004e-03 -8.31504104e-02  7.32420314e-01
  6.07988334e-01  4.89341752e-01 -7.07496422e-01  2.90868822e-01
 -7.46949065e-01 -1.19670352e+00 -3.67698134e-01 -1.87451629e-01
  2.35036773e+00 -1.51906636e+00  1.00764585e-01 -1.30214375e+00
  1.39029152e+00  2.69304721e-01  7.74874716e-01  1.91283054e+00
  8.02000168e-01  1.23460329e+00  7.71798563e-01 -7.25345226e-01
 -6.09839556e-01 -7.50963374e-01  3.11483406e-01  2.93180236e-02
  1.33503985e+00  1.30295692e-01  1.18188854e+00  8.90995759e-01
 -7.46017558e-01  1.69903597e-02  1.88957772e-02  8.58605163e-01
 -3.33897097e-01  1.08075765e+00 -2.42080472e-01  8.99436847e-01
 -7.27392971e-01 -1.07664872e-01 -1.77265371e-01 -2.57722750e-01
 -1.46644176e+00 -7.91983732e-02 -9.33085488e-01  5.03938160e-01
  1.94106164e+00  1.15012469e+00 -4.06646007e-01  5.69512748e-01
 -1.53079999e+00  1.40993002e+00 -6.70631844e-01 -5.62133053e-02
  3.29336218e-01 -1.17515761e+00  1.56581292e+00  1.29105823e+00
  4.31143818e-01  1.58089436e-01  1.65438678e-01 -9.56483056e-01
 -3.44459852e-01  5.92243548e-01  1.27687768e+00 -4.81126755e-01
  1.07477433e+00 -1.60495906e+00  1.27193752e+00  5.49165603e-01
 -1.41187258e-01 -1.60347924e+00 -1.13263908e-01 -1.17232574e-01
 -1.98116264e+00  1.66723056e-01  6.62815324e-01  6.21798377e-01
 -1.29991929e+00  3.25151714e-01  5.33111348e-01 -1.89158166e+00
  2.42386066e-01  4.07269422e-01 -1.12194835e+00  5.58947921e-01
 -2.19230512e-01 -1.78341358e-01  6.29917232e-01  1.20146413e-01
 -2.14029472e-01 -1.48158560e+00 -1.27393115e+00  1.87860904e+00
 -6.42832977e-01  5.67632756e-01 -1.40243796e+00  1.07147356e+00
 -5.20323063e-01 -6.15319389e-01  2.90902516e-01  2.00931766e+00
  1.97533053e+00 -4.80718910e-01 -4.82224708e-01 -1.58851027e+00
  9.69797515e-01 -3.50352574e-01  2.51813440e-01  2.86387901e-01
  8.85487488e-01 -1.29895960e+00  1.44352206e+00 -1.40960321e+00
 -1.57956291e+00 -4.20713785e-01 -6.13181881e-01 -1.07445354e-01
  4.49227214e-01  2.94716963e-02 -5.40554711e-01 -1.35599908e+00
 -1.23867365e+00 -9.75673511e-04  5.23307701e-01 -1.74354107e-01
  4.33004750e-01 -7.23107685e-01 -2.93159036e-01  5.24811169e-01
 -3.90064791e-01 -2.14616277e+00 -6.48998744e-01 -2.29934508e+00
  1.90976577e+00 -2.09616186e-01 -1.11189759e+00 -1.07039206e+00
  7.21977446e-01 -3.72879178e-01  1.12590081e+00  1.19201153e+00
  5.47949321e-01 -5.76574025e-01  1.33649750e-01  7.85257867e-01
 -2.72952259e-01 -8.20105674e-01 -2.59620937e+00  3.86833671e-01
 -1.15615839e-01 -1.17061359e+00  2.36798353e+00  3.75395990e-01
 -9.37789333e-02 -1.27406712e-01 -4.57203132e-01  4.27994000e-01
 -1.68063518e+00 -8.22319921e-01  6.82508975e-01 -6.63832898e-01
  6.43261852e-02 -1.24822839e+00  9.06313204e-02  3.51626920e-01
 -3.88064329e-01 -6.48948961e-01 -6.77169508e-01 -1.75983122e+00
  1.03083527e+00 -1.58126448e+00  2.54224204e-01 -1.40424676e+00
  9.05414769e-01  2.45285075e-01  3.94461326e-02  2.19049810e+00
 -1.09691332e+00 -1.08806521e+00  2.11993619e-01  2.06557609e-01
 -1.41363094e-01 -7.80278132e-01 -2.96103011e-01  3.90766827e-01
  2.45419925e-01  1.38193195e+00  7.76208097e-01 -1.01249399e+00
 -6.83713124e-01 -6.91048538e-01 -2.17166703e-04 -1.30130196e+00
 -2.35664877e-01  1.85994019e-01  5.79243657e-01  7.62626574e-01
 -8.23105940e-01  4.64398494e-01  1.53662068e-01  6.92416979e-01
  1.81083747e+00 -1.38165531e+00  7.89897053e-01  3.72396516e-01
 -1.78620359e+00  5.60671471e-01  1.29291261e+00  3.94323917e-01
  9.27814004e-01  2.05372065e+00  5.42128304e-02 -2.39346141e-01
 -1.22053492e+00 -1.42061782e+00  1.59011261e+00 -8.41102015e-02
 -3.29073418e-02 -3.50202368e-01  8.49887860e-01  1.87423758e-01
 -1.23483877e+00  5.49134809e-01 -2.19505944e+00  1.43700135e-01
  4.41790450e-01 -4.79062880e-01  5.00667941e-01  1.57504972e-02
 -9.27473703e-01  3.23389004e-01 -4.83964442e-01  7.22883058e-01
 -6.62050396e-01  4.28585978e-02  6.95551201e-01  9.29960614e-01
  1.28107479e+00 -7.79787330e-01 -1.93628188e+00  3.02036027e-02
  2.36887170e-01 -2.01335212e+00  1.12983776e+00  7.62870309e-01
  3.46217206e-01 -2.48372719e-01 -1.39489468e-01 -1.26275519e-01