-1.81618410e-02  9.66811605e-01  1.10649651e+00  5.90685921e-01
 -5.38614072e-01  9.20079916e-02  4.45008364e-01  8.93087281e-01
 -3.62612641e-01  2.05402536e-01  3.45839765e-01  1.54267916e-01
  1.37740436e+00 -2.19724158e+00 -4.28345443e-01 -5.22007750e-01
  1.36809718e+00  3.23750070e-01 -1.11735263e-01 -3.71811126e-01
 -1.01071425e+00  2.77580706e+00 -4.35242923e-01 -6.40038171e-01
 -7.81993012e-01  1.98667186e-01  9.31713349e-01  1.24627276e-01
  1.91877492e+00  1.85559386e-01 -4.02068921e-01  1.38543690e+00
 -6.16274880e-01 -9.26522168e-01 -6.27738343e-01  3.74447004e-01
  1.23208112e+00 -1.02735835e+00 -4.23920650e-01 -5.47054494e-01
  4.32352744e-01 -2.30566871e-01  1.38903717e+00 -2.45799557e-01
 -1.14107606e+00  6.82188188e-01 -1.82182625e-01  4.63125059e-01
 -6.60843017e-01 -5.43722594e-01  1.52204545e+00 -2.81693734e-01
 -1.38755456e+00 -2.41815218e-01 -8.99623354e-01  2.01243980e-01
  1.35815817e+00 -1.98282010e-01  1.15937933e+00  3.27613872e-01
 -6.60546633e-01 -8.91291889e-01  5.67072949e-01  1.97961789e-02
  1.38652039e+00 -1.99219849e-01  5.11857347e-01  1.39808897e+00
  1.25302447e+00  1.39348883e+00 -1.41228251e+00 -4.29064680e-02
  2.30453223e+00 -1.95258165e+00 -1.18003506e+00  6.81681835e-02
 -1.40017786e+00 -1.07266835e-02 -1.52290001e+00 -7.82703967e-01
 -5.49576719e-01  1.11677575e+00 -1.06373193e-01 -4.94818966e-01
 -2.12620943e+00  9.44411777e-01 -1.09584005e+00  1.06107908e+00
  2.94316670e-01  2.56161155e+00  7.65818748e-01  1.11164148e+00
  5.77880832e-01 -3.74020991e-01  6.38584421e-01  5.67566577e-01
 -5.03559685e-01 -4.76431572e-02  7.96513977e-01  4.33556242e-01
 -2.40463370e+00  4.08299498e-01 -1.16928383e+00  8.90038788e-01
 -3.30090082e+00 -1.24558754e+00  1.89804020e+00 -3.49440616e-01
  2.77448483e+00 -1.48855266e+00  4.57633646e-01  9.24463202e-02
 -5.93015084e-01  1.63275486e+00 -1.31703208e+00 -1.04444991e+00
  2.09267915e+00 -1.27009153e-01 -1.68276348e+00 -3.84052439e-05
 -1.00199606e+00  2.17420902e-01 -1.03717993e+00  3.94531091e-01
  1.31191347e+00  7.25719510e-01  9.83135718e-01  1.48098541e+00
 -4.96053441e-02  2.71076066e-01  7.17887032e-01  1.93349143e+00
 -1.96402797e+00  6.30865379e-01  7.02598900e-03  6.15496399e-01
  7.84165568e-01  3.70872017e-01  3.66150493e-01  3.61095846e-01
  7.88642468e-02  7.13534004e-01 -6.12210303e-01  1.16158273e-01
 -1.45362234e+00 -1.58743005e-01  5.11707333e-01  9.27900660e-01
  1.40025771e+00 -2.05649949e+00 -1.61329307e+00  2.83640777e-01
 -1.08048881e+00  2.40855988e-01  9.30671214e-01 -4.06250558e-01
 -2.19565530e+00  3.46978397e-01  8.45974350e-01  1.23875337e+00
  4.93526932e-01  4.05524689e-01 -5.49807979e-01  1.34386237e+00
  2.77784450e+00  7.64064281e-02 -2.29419564e-02 -2.21830686e+00
  4.95808828e-01 -8.05193109e-01 -4.49107550e-01  1.08767270e-01
 -7.90543179e-01 -6.20258473e-01  2.83884817e-01  1.02326515e+00
  1.81609377e-01  2.14788671e-01  6.28150947e-01 -4.62825817e-01
  2.28408664e-01  1.63826941e+00 -1.38135374e+00 -8.18900056e-01
 -7.57432146e-03 -6.41760773e-02 -1.66355720e+00 -6.78935150e-01
  1.24109280e+00 -9.23484042e-01  1.44726646e-01 -5.25198322e-01
 -1.47120779e+00 -1.09896747e+00 -5.72354168e-01 -1.02496703e+00
 -1.21942855e+00 -1.42189569e+00 -1.02012153e+00 -1.01518326e+00
 -2.38607080e-01  3.82130361e-02 -4.55227907e-01 -5.20557133e-01
  7.70758130e-01 -1.28036890e+00 -8.04964967e-01  7.98946421e-01
  5.99231666e-01 -1.24845836e-02 -4.97282277e-01  1.13381387e+00
 -2.11552820e+00  2.50531127e+00  7.01378602e-01 -2.52323156e+00
 -5.31386515e-01  3.27306951e-01 -1.18969487e-01  1.08124128e+00
 -6.97391889e-01  2.13009195e+00  1.20265177e+00 -4.18245783e-02
  1.31999757e-01 -1.19284980e+00 -5.57337932e-01  1.26724792e+00
 -3.77669835e-01  8.45202011e-01 -9.55135370e-01 -3.95649323e-02
 -1.89205039e-01  1.60437752e-01 -1.26317566e+00 -1.39526727e-02
  1.19779308e-01 -2.26166315e-02 -2.43244809e-01 -9.31358316e-02
 -4.14839667e-01  2.66174932e+00 -4.67578682e-01 -9.16442316e-01
  8.48480328e-01 -8.71678883e-01  3.36902249e-01 -1.31695482e+00
  1.63392906e-01 -6.71597895e-01  1.30122152e+00 -1.67243140e+00
 -1.78749552e+00  1.42256711e-01  2.04790576e-01 -6.61636403e-01
 -4.15729814e-01 -5.56241737e-01  6.02555816e-01  4.85134305e-01
 -6.21670533e-01 -1.52351807e+00  2.30154542e-01 -7.67973924e-01
 -1.66881705e-01 -1.27621168e+00 -1.63368720e+00  2.18449886e-01
 -4.83907390e-01 -1.09240199e+00  4.84247036e-01 -1.09498069e+00
  1.19291104e+00  1.02617063e+00  8.65258834e-01 -1.43408898e+00
 -2.16443228e-01  1.01241684e+00  1.09020699e+00 -1.15427892e+00
  3.64141258e-01 -9.13318634e-01 -1.96671895e+00 -1.14800612e+00
  2.24095260e-01 -6.38100641e-01  1.20260309e+00  2.15815967e+00
  1.21389783e+00  8.48943089e-02 -8.58144787e-01  1.21806010e+00
  1.47123274e+00 -2.33923665e-01  1.16936717e-04 -7.55008868e-01
  3.73484885e-01  5.35235298e-01 -1.94561014e-01 -5.16051159e-01
  2.37539061e+00  3.55074866e-01  1.75325774e+00  6.99868352e-01
  3.36007903e-01  3.83318230e-01  6.73882173e-01  1.90071584e+00
 -1.70907299e-01  8.95531649e-01 -1.57370909e-02  1.59666980e+00
  9.06885115e-01 -1.82299467e-01 -2.51040052e+00  8.17809930e-01
 -1.04156105e-01 -8.95484774e-01  1.39167700e-01 -1.01532638e+00
 -1.21494019e+00  8.70712304e-02  1.15279267e+00  1.33370761e+00
  4.09911497e-01  7.51928785e-01  9.04760338e-01 -4.32578904e-01
  4.58461749e-01 -3.45017566e-01 -1.50453537e-01 -1.97378480e-01
  9.76869678e-01 -1.22499109e+00 -1.63322129e+00 -1.24932648e+00
 -1.30851937e+00 -1.55287209e+00  5.49467319e-01  1.10490846e+00
 -3.39927169e-01 -3.79619773e-01 -3.98170944e-02  1.49143411e+00
 -8.38866160e-01 -6.59813090e-01 -1.10380122e+00 -7.72909972e-01
  2.02550008e+00 -9.27480577e-01 -5.17360698e-01 -4.44007705e-01
 -8.25538031e-01  5.36451123e-01  4.83448223e-01  5.77134180e-02
  1.90852044e+00 -6.11947856e-01 -5.01600866e-01 -2.71542748e-01
 -1.14946071e-03 -3.37820966e-01  3.63438294e-02  4.86883864e-03
  7.19382749e-01  1.48890996e-01  8.38640640e-01  2.07814323e-02
  1.37080755e+00 -3.13656701e-01  7.54282288e-01  2.09142356e-01
  1.01113164e+00  5.43897475e-01 -2.20987963e-01 -2.02187492e-01
 -6.58537156e-01  1.06487575e+00 -2.23089276e-01 -4.79023015e-01
  1.19726114e-01  2.40551459e-01 -1.83923040e+00  7.23853311e-01
  8.64668427e-02 -1.07535809e-01  4.19852021e-01  1.09111904e+00
 -1.33774822e-01  1.33105574e+00  5.57805711e-01 -1.07256674e+00
  1.77898813e-01 -1.78600655e-01  1.03282269e+00 -2.90900352e-01
  3.69454764e-01  5.49202322e-01 -8.39416699e-01 -2.42336574e-02
  5.57958312e-01 -9.21092251e-02  9.55341264e-02 -7.74971078e-01
  1.01770819e+00  8.79071870e-01  1.49963540e+00  6.86038839e-01
  2.99560510e-01 -7.15568781e-01  4.99951540e-01 -1.37138956e+00
  7.52943024e-01  5.28529343e-02  1.11688496e+00 -1.22190501e+00
 -1.02431267e+00  1.71297037e-01  2.98272305e-01  8.50903630e-01
  1.95140881e-01  9.17236723e-01  3.96311829e-01 -9.08351208e-01
  9.58756465e-01 -9.67371751e-01 -4.63436138e-01  6.96284664e-01
 -1.93569720e+00 -2.40622963e-01  6.72789486e-02 -5.37778253e-01
  1.70262279e+00 -1.22477575e-01  6.80188417e-02  1.62370523e+00
 -7.68802143e-01 -1.10207200e+00  2.56808343e-01 -6.07566901e-01
 -2.47832491e-01 -1.46391292e-02  8.20430970e-01 -4.89950122e-01
 -1.73616300e+00  9.85086267e-01 -2.23596891e-01 -7.08966328e-01
 -1.48641649e-01  8.94542277e-02  1.08647381e+00  6.49612935e-01
 -1.16857099e-01  9.14076881e-02 -5.78618566e-02 -8.99557050e-01
 -1.68650757e+00  2.44184893e+00 -8.72120300e-01 -3.68761713e-01
  7.31590016e-01  6.69903978e-01  4.64822505e-01 -1.71499121e+00
 -9.98989153e-01 -1.22475191e+00 -6.47506165e-01 -7.62522959e-01
 -6.31895443e-01 -2.57731434e-02  4.33984436e-01 -8.05234817e-01
  5.46904809e-01 -4.78613218e-01  3.22660044e-01 -2.68326726e-01
 -9.11842754e-01 -3.26873600e-01  2.24221763e+00 -3.47470217e-01
 -7.00516280e-01  9.45949594e-01  8.02475749e-02  2.79931196e-01
  4.74327640e-01 -2.49320948e-01 -1.21842254e+00  1.90859512e+00
 -2.34701900e-01 -1.80225298e+00 -3.09331886e-01  4.98107744e-02
  8.90527231e-01  1.42786439e+00  1.19662403e-01 -8.52851431e-01
  5.21973455e-01  8.21876795e-01 -8.42476283e-01 -1.47723057e+00
 -9.67794778e-01  6.29640097e-01 -7.87447878e-02 -1.17476371e+00
 -1.78385646e+00  1.62122450e-01  1.17956216e-01  1.00377882e+00
  3.43875731e-01 -1.14966281e+00  2.20747562e-01 -5.21817841e-01
 -1.19034074e+00 -6.92785473e-01 -1.38139723e+00 -3.09302768e-01
  2.25306575e-01 -4.77094546e-01 -1.49028898e+00  4.38453723e-01
 -6.59426011e-01  2.83985759e-01  1.14305154e+00 -1.38285248e+00
  1.79079265e+00 -3.80323870e-01  1.07788128e+00  9.81512326e-01
  8.86666109e-02  1.82708430e-01 -9.05247641e-02  6.82381507e-01
  2.22327456e+00  5.89541010e-01 -9.19180343e-01 -4.83500430e-01
  4.41922373e-01  1.17475777e+00  3.14475929e-01 -1.83377309e+00
  1.58584701e+00 -9.46141054e-01  8.93031183e-01 -1.55262590e+00
 -1.35570849e+00 -1.54944007e-01 -1.62399844e+00  1.80007574e+00
  2.11542923e-01 -1.47099782e+00  1.70004876e+00 -2.70893195e-01
 -2.76526502e-01  1.42280798e+00 -3.51260513e-01 -5.02573830e-01
  4.74872443e-01  1.22410321e+00 -1.15097150e-01 -5.62807004e-01
  5.25699364e-02 -4.52052185e-01 -7.91763709e-01  7.54181871e-01
  5.56592420e-01  6.98944989e-01 -9.98376207e-01 -1.71405384e+00
 -9.98492851e-01  4.96773230e-01 -7.91228944e-02  5.45357425e-01
  8.17637451e-02 -5.44586469e-01 -6.29085417e-02  2.97582292e-01
 -1.93250176e-01  1.94529059e+00 -6.41739135e-01  1.10248548e+00
 -8.06667108e-01  1.32481560e+00  2.28437532e-01  5.56092518e-01
 -1.26748152e-03  3.06704418e-01  9.06561403e-01  1.13225932e+00
  3.01268994e-02 -4.88678011e-01 -7.93805173e-02  1.26214389e-01
 -8.88342382e-01 -2.07183470e+00  1.74602241e+00 -4.33629739e-01
 -3.54294163e-01 -4.88299678e-01 -3.71122714e-01  1.43463683e+00
  2.71608917e-01 -1.04371862e+00 -1.04879539e+00  1.69308203e+00
  2.01037979e-01  4.50977730e-01  4.62205147e-01  1.57341064e+00
  1.62793514e+00 -4.01848609e-02 -1.77765597e+00  7.11041876e-01
  9.09465444e-01  1.72141296e+00  1.08259336e+00  1.00131421e+00
  1.48652614e-01 -2.41836171e-02  9.36794359e-01 -8.95462151e-01
  1.05252330e+00 -2.22055856e+00 -1.08514471e+00  1.61347171e+00
 -2.54951735e-01  1.87732313e+00  1.64475618e+00 -4.61074804e-01
  6.21857034e-01 -3.23672945e-01  6.07175294e-01 -6.74314299e-01
 -3.91347870e-02 -2.80988684e-01 -8.18659477e-01 -4.04666044e-01
 -9.60756598e-01 -2.80059974e-01  2.97980033e-01  6.19596335e-01
 -1.20289725e+00 -7.91434356e-01 -9.01393328e-01 -1.68292141e+00
  7.02865334e-01  1.42451632e-01 -1.24545305e+00 -1.31411016e+00
 -3.52945283e-02  9.49182885e-02  1.21569016e+00 -1.26986942e-01
 -7.33311874e-01  9.47438326e-01 -8.58490866e-01 -1.56731299e+00
  8.04630081e-01 -1.64863292e+00  1.80851561e-01  1.06319352e+00
  1.65140604e+00 -2.19283653e-01 -8.39228975e-01 -4.85085733e-01
  5.34703630e-01  1.85502805e-01  1.17767799e+00 -1.17270197e+00
 -1.03366617e+00  4.12342028e-01 -7.38174661e-01 -1.13044321e+00
 -3.43027253e-01  4.67577886e-01 -1.06986888e+00  2.57206450e-01
 -7.15792956e-02  1.70840917e-02 -5.72251590e-02 -1.41773943e+00
 -6.69827360e-01 -4.92707212e-01  2.08587608e+00 -2.07998810e+00
 -1.28996307e+00  4.72530259e-01  1.29617680e-01  1.34280233e+00
 -2.31369585e-01  9.24403504e-01  6.20910681e-02 -4.77266202e-01
  4.16233816e-01  1.16701812e+00 -5.61418294e-01  9.21831437e-01
 -1.91192030e+00  8.76485074e-02  7.43102403e-01  2.38262801e+00
 -5.70269172e-01  1.49282495e-01  2.15179480e-01  1.54267541e+00
 -5.26268693e-01  1.75457160e+00 -3.75515874e-01  5.77556147e-01
  1.16631618e+00 -1.06529279e-01 -5.03944864e-01 -1.98608288e-01
 -1.19416360e+00  1.21541526e+00 -1.39967622e-01  5.10566446e-01
 -4.82796873e-01  7.01722340e-01 -4.76295286e-01 -1.63875695e+00
  3.24604376e-01  8.43121304e-01 -6.12559917e-01 -2.95968298e-02
  1.70897368e+00  4.37539029e-01  5.58858927e-01 -8.10819374e-01
 -1.06993960e+00 -3.79216886e-01 -1.05129205e+00  1.20650753e+00
  8.10259131e-01 -1.18523233e+00 -5.75814672e-01  1.40887201e+00
 -7.27466941e-01  2.08819111e+00 -1.51941519e+00  8.07491456e-01
  1.87881380e-01  1.85014820e+00  1.39395412e+00  4.11695191e-02
  4.84794496e-01  6.80630402e-01  1.75970414e+00 -4.24542844e-01
  5.40083246e-02  3.14133003e-01 -2.25255213e+00  7.82271031e-01
 -8.69410896e-01  1.03419257e+00  4.00713838e-01  1.99405131e+00
 -1.73674559e+00  2.03187414e+00  8.68006009e-01 -2.80050606e-01
  1.62885861e+00 -2.60024036e-01 -1.38038835e+00  1.29363814e+00
 -2.96164436e-01  1.54965766e+00  5.86012896e-01  9.59343128e-01
  1.78774860e-01  3.50240504e-01 -1.24453103e+00  5.55951972e-01
 -1.64086598e-01 -6.55573081e-01  3.74269793e-01  1.44557651e+00
 -1.61634347e+00  1.70746787e-01  3.29697930e-01 -2.01999490e-01
 -2.00941997e+00 -4.57665679e-02  2.43914462e+00 -8.42411269e-01
 -4.10230249e-01  6.61904028e-01 -9.82906232e-01  8.98267705e-01
  7.69551455e-01  5.37487820e-01 -5.14825294e-02 -2.31484928e-01
 -1.07615213e+00  3.09259021e-01  2.45147175e-01  9.43882353e-01
  6.92808943e-01 -9.88337707e-01 -1.70039076e+00  5.59273973e-01
 -2.23259846e+00 -4.76849350e-01  1.97954039e-01  1.32741204e+00
  2.28669555e-01 -5.25853927e-01  4.38085987e-01  1.23536971e+00
 -3.64262356e-01 -1.85534852e+00  3.30602559e+00 -2.59280197e-01
 -1.72865013e-02 -5.97017896e-02 -3.65244689e-01 -1.27611864e+00
 -3.46534581e-01 -1.42907964e-01  1.52946886e+00  2.01465928e+00
 -2.76007412e-01  4.75868568e-01  1.01147737e+00  1.41874284e+00
  4.19333078e-01  5.63902036e-01  9.12875183e-01  7.61611484e-02
 -8.55732329e-01  1.46638558e+00  1.06950053e-01 -7.69346129e-02
 -5.97065345e-01 -5.00090584e-01  1.43154688e+00 -3.15790584e-02
  1.17778965e-01  3.98124814e-01 -9.78066182e-02 -2.41234019e+00
 -4.98364835e-01 -6.53372641e-01  5.62248199e-01  6.46451150e-02
 -1.13632135e-01 -9.48549293e-01  9.71527786e-01  6.14104198e-01
 -2.89360578e-01  2.12870426e-01 -1.23346659e+00 -6.20175640e-01
 -9.46100902e-01 -7.09528403e-01  2.62597174e+00 -3.44538717e-01
 -1.62099113e+00  4.10070954e-01  1.42205050e+00 -3.35902181e-01
 -1.32495985e+00  6.35642121e-01  2.68826252e-01  5.63451710e-01
 -8.26665811e-01 -6.36394721e-01 -1.35294636e-01  5.78555943e-01
  6.75954039e-01  2.27688805e-01 -2.43946365e-01  4.50080578e-01
  1.20964635e-01 -1.76125908e-01 -1.35664863e+00  1.32878788e+00
  4.10183945e-01 -6.88250319e-01  9.60888980e-01 -7.24448878e-01
 -1.43691102e+00 -1.11474915e+00  1.74341604e-01 -7.06772241e-01
 -7.15467263e-01  7.60429423e-01 -5.47895078e-01 -3.25023880e-03
 -7.56418105e-01 -9.76455700e-01  1.53409816e+00 -9.52744981e-01
 -1.47239169e+00  1.77738236e+00  4.92333866e-01 -7.43177005e-01
  2.90573941e-01  8.43159723e-01 -6.66413513e-02 -9.88023216e-01
 -8.41043191e-03  1.33162991e-01 -5.31944233e-01 -3.78579401e-01
  7.79361976e-01 -7.91526769e-01  3.40266275e-01  1.16149798e-01
 -1.52947929e+00  7.58584012e-01 -1.24156905e+00  2.05941642e-01
  4.61787884e-01 -5.76648393e-01 -4.95387871e-01 -1.52323174e-01
 -8.58359717e-01 -5.12138234e-01 -3.33908921e-01  4.26942183e-01
 -1.36963046e+00  1.07708181e+00  1.61564320e-01 -7.14749983e-01
 -5.40428383e-01 -2.56912503e-01  9.50061777e-01 -7.54493835e-01
  8.77118214e-01  4.67243729e-01  1.76801288e+00 -2.79455538e+00
 -1.55098150e-01 -9.19953590e-01 -8.74403953e-01 -5.60918771e-01
 -6.38522783e-01 -2.93363518e+00 -4.02207457e-01  9.67054574e-01
  5.35634100e-01 -1.62038854e+00 -2.15414783e-01  7.60566656e-01
 -1.32910793e+00  1.66026066e+00 -1.20769131e+00  2.54114382e+00
  8.43005124e-01  3.37770389e-01 -5.12049926e-01  3.35801683e-01
  4.10659034e-01 -3.82033904e-02  1.97931439e+00  1.35075580e-01
 -2.26749622e-01 -4.94711830e-01  5.37509776e-01 -1.92582464e+00
 -2.19787629e-01 -5.10334423e-01 -1.33602772e-01  1.07780712e+00
 -5.74244567e-01 -4.36996533e-01  1.98230124e+00  2.98463499e-03
 -5.02219445e-01 -9.48590888e-01  1.67563276e+00  9.98742147e-01
 -1.51893429e-01  4.31959385e-01  8.79454869e-01 -2.46346757e+00
  1.10440879e+00  1.93968131e+00 -1.84014112e+00 -5.89626553e-02
  1.62318818e-01 -1.86591473e+00 -1.44739698e+00 -1.79499383e+00
  1.24885997e+00  7.64691604e-01  9.37722520e-01  7.11774063e-01
  5.06838705e-02 -7.32947851e-01 -5.14145647e-01  1.05705064e+00
 -6.34032213e-01  8.90608733e-01  7.66562695e-01 -1.40508036e+00
  1.64329536e+00 -4.76644628e-01  1.42587793e-01  1.93486051e+00