-5.40994814e-01 -9.15911629e-01 -2.83986366e+00 -7.13499314e-01
  7.91422748e-01  2.62348410e-01 -1.36625369e+00  1.50558303e+00
  2.44444021e-01 -1.43375668e+00  2.04393663e+00 -5.19177778e-01
 -1.76828841e+00  1.69976355e+00  3.50969429e-01  6.04610598e-02
  8.39120173e-01 -1.46558373e+00 -6.85214937e-01 -1.63205899e+00
 -1.51730394e+00  1.05040924e+00 -3.40669412e-01 -2.82315551e-01
 -1.18593444e+00  1.03849321e+00  1.95644919e-01  1.22835685e+00
 -7.47101573e-01 -3.02513506e-02 -7.69983928e-01 -6.80166778e-01
  1.37504346e+00 -2.21337835e-01  3.04322917e-01  7.45971732e-02
  6.45055706e-01  1.76240810e-01 -3.29596838e-02 -1.65877460e+00
 -7.47669704e-01 -6.00050663e-01 -5.50146501e-01  3.06232405e-01
 -1.10442609e+00 -1.04428514e+00 -2.00386338e+00 -2.02685702e-01
 -1.00151988e+00 -7.57765684e-01  3.15850929e-01 -1.00471427e+00
 -1.32921969e+00 -2.22113756e+00  1.75289675e+00  4.36458449e-01
 -1.98970859e+00  1.14063800e-01  7.11469134e-01 -1.27565471e-01
  2.30635716e+00  8.26458116e-02  6.48471528e-01 -8.98196370e-01
  6.10880867e-01  3.06613424e-01 -5.59187754e-01 -1.11288494e+00
 -1.12749196e+00 -1.37648286e+00 -1.49297877e+00 -1.30785801e-01
 -1.57887995e+00  1.06935155e+00 -6.14566530e-01 -3.76964491e-02
 -4.31101672e-01 -5.08605619e-01 -1.53720141e+00 -1.85400912e-01
  1.15707947e+00  4.41108433e-01 -2.82940492e-01  1.51545745e-01
  1.64892547e+00  2.02879878e-01 -1.11334760e-02 -7.62269673e-01
  8.75557313e-01  5.32542206e-01 -3.91292224e-01 -1.74387172e+00
  1.08267254e+00 -2.55362516e-01 -5.35966529e-01 -1.57482477e+00
 -9.42741073e-01 -4.53670819e-01  1.45784324e+00  9.89652056e-01
  1.48309418e+00  2.04587649e-01 -4.90010578e-01 -3.23983771e-01
  1.38823524e+00  7.22628729e-01  4.67416271e-01  2.63878759e+00
  1.46299706e+00 -6.35326792e-01  1.05873173e+00  1.16853323e+00
  2.76462833e-01  1.20983716e-01 -4.59597238e-02 -7.64048226e-01
  4.93841235e-01  1.14991483e+00  1.18987006e+00  9.78382969e-01
 -4.80149222e-01  9.61141934e-01 -5.22619060e-01 -1.68465007e+00
 -2.55869376e-01  2.43182395e-01 -4.74605926e-01  1.30255799e-01
 -6.74624916e-01  4.74382066e-01  2.12462512e-01  1.38917403e+00
  1.33923919e+00 -4.29031845e-01  6.18759577e-01 -2.16814228e+00
 -9.37780757e-01  7.02471420e-01  7.34175517e-01  8.51155735e-01
 -3.40946880e-01  3.62047196e-01  9.58935261e-02  1.73492287e+00
  4.84316098e-01  1.96884824e-01  1.18680631e-01  2.03963954e+00
  9.63291146e-02 -2.09718913e+00  4.21265313e-01  7.59019850e-02
  1.56989865e+00 -7.94144158e-01 -4.37314467e-01  4.36463378e-01
  1.33516162e+00  1.48668224e-01 -3.50404980e-01 -1.57531460e-01
  9.22325193e-02 -9.90366839e-02  1.03725981e+00  5.21958191e-01
  2.11325294e+00  5.41755004e-01  8.27848609e-01  1.15633177e+00
  1.82422408e+00 -9.18933982e-01 -1.09765660e+00 -7.80782311e-01
 -1.69175602e+00 -6.00961409e-01  2.35345031e-01 -4.82624302e-01
 -4.03337656e-01 -6.58291304e-01  5.84077028e-01  1.33241840e+00
 -1.51576194e+00  1.20833372e+00  9.00199035e-01 -6.64655528e-01
 -8.67871386e-01 -1.89125315e-01  4.52230867e-01  4.53776296e-01
  2.93913608e-01  9.09533197e-01  3.59168657e-01  1.85440594e-01
  6.77854712e-01  2.78364240e-01  8.97023561e-01  1.08787912e+00
 -1.94616368e+00  2.66997583e-01 -9.54524544e-02 -8.91520527e-01
 -9.65352914e-03 -1.04865831e-01  1.11991171e+00  3.43227798e-01
  2.17045332e+00  7.14566997e-01 -8.79575090e-01  1.19239646e+00
  9.07607509e-01 -1.87673711e+00  6.34921932e-02  1.18172908e-01
 -2.71975574e+00  3.72371563e-01 -4.15254939e-01  7.93932497e-01
  1.58179211e+00 -5.53307663e-01  1.06992014e-01 -2.66106805e-02
  6.56061326e-01  5.57313890e-01  1.05190239e+00  1.17516967e+00
  1.08760626e-01  3.99879457e-01 -1.56169992e-01 -3.38058960e-01
  9.32051135e-01  2.29343050e-01 -2.43995854e-01  4.84639860e-01
  7.04322472e-01 -1.79013596e+00  6.97595379e-01 -6.74867894e-02
 -5.29388197e-02  7.89049728e-01  7.78000542e-02  7.31844380e-01
  2.82350213e-01 -5.19772021e-01  5.61887451e-01  2.08567088e+00
  4.15988228e-01 -8.09982587e-01  2.39151898e+00 -1.28794131e+00
 -2.38483589e+00 -1.71447114e-01  6.55564800e-01  2.10583999e-01
 -4.17960964e-01 -2.19334821e-01  1.36744826e+00 -2.21825331e-01
 -1.13600907e+00 -9.85341916e-01  1.41330994e-01 -1.41836981e+00
 -1.63211753e+00  6.36824567e-01 -1.46845311e+00 -2.59854222e-01
 -1.04692273e+00  5.23223580e-01 -1.01919312e+00 -9.53777545e-01
 -1.21039570e+00 -6.74932605e-01  1.08821173e+00  3.11870294e-01
  6.96700188e-01 -1.91740860e+00  6.20772893e-01  1.09077430e+00
 -1.13701433e+00  1.06510603e+00  3.59258700e-02  1.57193579e+00
  7.85692266e-01  1.40560126e+00 -9.41945075e-01  3.80911036e-01
 -9.85236158e-01  6.82436338e-01  9.66934117e-01 -8.96337944e-01
  5.83234799e-01  1.49737556e-01  2.12996594e+00 -6.89576836e-01
 -1.49741701e+00  3.46563165e-01 -1.93494336e+00 -6.31502030e-01
  1.48539713e+00 -2.11646928e+00  2.66370128e-01  7.09285629e-01
 -5.09194549e-01  6.66247433e-01 -1.06741184e+00  4.10403491e-01
  1.91289690e-01 -1.51691871e+00 -6.13831655e-01  1.44863737e+00
 -9.06106367e-02 -1.10561388e+00 -1.33074426e+00 -7.82345162e-01
 -7.28325418e-02 -6.81837396e-01 -1.00082181e+00 -9.46539227e-01
  5.04750869e-01 -1.25184807e-01 -4.42319922e-01 -4.19416010e-01
  5.02934541e-01  6.40574073e-01 -7.76810191e-01  7.24393073e-01
  2.75912457e-01  3.85198041e-01  2.20947511e-01  8.55187503e-01
 -2.93448501e-01 -6.96712233e-01  9.73051754e-01  1.61863446e+00
 -1.88234556e-01 -1.50927258e+00  4.18677576e-01 -4.45748268e-01
  1.11276462e+00 -1.15730518e+00  7.53558906e-02  7.18539416e-01
 -3.54251465e-01 -2.10461838e+00 -3.25282204e-01  4.08179252e-01
  7.17260743e-01  2.57056604e-01 -1.79158120e+00 -2.21376357e-01
  1.23982314e+00  1.03857653e+00 -1.71934367e+00 -9.36528430e-01
  1.85469778e+00  8.96099773e-01  1.00898961e-02  1.49354603e+00
  1.62925445e-01  5.53054842e-01 -7.88449749e-01 -4.17548600e-01
 -1.65629147e-01  4.65588720e-01 -1.81457295e+00  4.48314208e-01
 -1.64551337e+00 -2.19749517e-01 -1.78157649e+00  1.26907932e+00
  4.58853353e-01 -1.02507537e+00  9.55218460e-02  1.23145283e+00
 -8.84996854e-01  8.29276473e-01 -7.81084395e-01 -1.17645792e+00
  1.20304814e+00  1.18158414e+00 -1.46576670e-01 -2.01131888e+00
 -6.84123324e-01 -1.58404201e+00  6.86852657e-01 -3.04643756e-02
 -9.29645295e-01 -7.79942227e-01  1.86501665e+00  3.18917019e-01
 -3.29994989e-01  1.18701915e+00 -1.02164964e+00  5.31742423e-03
 -4.21885769e-01  1.95761512e+00  7.48225140e-01 -3.06444193e-01
  8.28348587e-01 -9.05995201e-01  6.20288097e-01 -9.48159582e-01
 -5.09816141e-01 -1.10330706e+00 -1.89435640e+00 -4.19322409e-01
  3.26462607e-01 -5.76302205e-02 -7.26218372e-01 -8.69076114e-01
 -5.08812231e-01 -1.34473619e+00 -1.42240329e+00  2.82750514e-02
  2.27437079e-01  2.13208945e-02  4.74602114e-01  5.72715969e-01
 -2.92512133e-01  2.30096634e-01 -2.41656299e-01 -8.25989030e-01
  1.68885591e-01 -2.72901621e+00  8.36845332e-01 -8.48738334e-01
 -9.13414759e-01  2.02273424e-01 -2.60955181e-02  1.34410917e+00
 -2.63911193e+00 -8.34478168e-01 -6.49279612e-01 -6.71318245e-01
  4.86312779e-01 -1.29984051e+00  1.21339936e+00 -1.41460825e+00
 -1.79884545e+00  8.52355464e-01 -1.12405770e+00 -3.83359247e-01
  8.42377063e-02 -2.28833351e+00 -1.18208452e-01 -9.67843863e-01
 -1.13490397e-01 -2.45386130e-01 -1.15650203e+00  1.22613842e+00
  4.85997090e-02  3.52632019e-01  1.53787724e-01 -7.63884654e-01
 -6.63685602e-01 -4.55579241e-03  8.15362897e-01  2.19383512e+00
  9.28475205e-01  5.50625075e-01 -5.67082583e-01 -1.14464559e+00
 -2.51963949e-01 -6.99059445e-01 -6.90053862e-01  3.12905154e-01
  1.00373357e+00  6.12429463e-01  4.33559990e-02 -4.95203596e-01
 -1.78155383e-01  3.93704166e-01  5.45515471e-01  4.32469514e-01
  1.45001800e+00 -2.11483453e+00  8.38207542e-01  1.04358399e+00
  2.26588394e-01  7.14272223e-02 -1.69160427e+00  5.52240077e-02
 -2.06161174e+00  3.22740399e-01 -2.57256785e+00  2.64758655e-01
  1.15228558e-01 -1.93389889e+00 -1.01936388e+00 -1.34713125e+00
 -5.95946320e-01 -3.35707287e-01  1.97846040e-02 -2.38821692e-01
 -1.78004360e+00 -1.01433626e+00  1.99482394e+00 -1.53294811e-01
 -8.03830890e-01 -5.01003196e-01  1.62595016e+00 -4.08586895e-01
 -6.97750007e-01  4.47519504e-01  1.19372800e+00 -5.72052162e-01
 -1.38129496e+00 -6.43789102e-01  4.52828044e-02  2.58034054e-01
  6.71361468e-01  1.05332963e+00 -1.01973697e+00  5.70571307e-01
  1.66082531e-01 -8.84384315e-01  6.42970826e-01 -4.94103617e-01
 -1.17823575e+00 -5.82861204e-01  1.13778967e+00  1.11713212e+00
 -4.66424508e-02 -2.19325467e+00  3.40442802e-01  1.57700129e-01
 -8.32052772e-01  1.12657745e+00 -1.58459936e-01  7.21736714e-05
  1.12540437e+00  8.62473061e-01 -9.51619389e-01  5.53440487e-01
 -3.70896444e-01 -4.03376495e-01  2.63638265e-01  1.18137405e+00
 -1.69409894e+00 -6.39433612e-01  3.18229811e-01  3.79898550e-01
 -1.79263910e+00  7.45696260e-01  3.65803634e-01  2.05367253e-01
 -8.80167749e-01  1.45623405e+00 -2.34710368e-01  1.55335660e+00
  1.09369170e+00  4.44009709e-01  1.26479183e+00  1.76515130e-01
  5.75185545e-01  3.57057242e-01  2.35521652e+00  3.07553267e-01
 -1.41210796e-01 -3.38892974e-01 -6.84658643e-01  1.32804931e+00
 -4.66777851e-01 -1.71422217e+00  1.54652681e-01  1.63254749e+00
  5.45058022e-01 -9.35664001e-01 -2.82980596e-01  9.31741923e-01
  7.87458691e-01  2.33271111e+00  1.78323615e-01 -4.84113394e-01
 -1.43179303e-01 -1.18563875e+00  7.46829232e-01  7.57414952e-01
 -4.24130270e-01 -1.12253320e-01 -3.49139957e-01  8.57757594e-01
  9.24376883e-01  1.60965918e+00  3.33025416e-01 -2.86612106e-01
  6.17047740e-01  4.00276819e-01  2.55788263e-01  1.47162366e+00
  4.94962838e-02 -7.58438753e-01  8.30175701e-01 -9.20458201e-01
 -4.65463592e-01 -7.70483454e-01 -6.15909206e-01 -9.78306330e-01
 -7.87002152e-01 -1.82550790e+00  2.55548631e-01  1.45594833e-01
  1.28832179e-02  1.58296577e+00 -1.56654603e+00  6.39405129e-02
  1.25830550e+00  1.17406974e+00  5.11871656e-01 -6.02587987e-01
 -3.68168561e-01 -1.13929070e+00 -7.39780920e-01 -4.98848170e-01
 -6.04352407e-01  1.39182829e+00  1.10118853e-01 -7.81214246e-01
 -8.08980975e-01  1.04632871e-02  1.56101550e+00  4.02430226e-01
 -7.28233687e-01 -2.41515625e+00  3.98022902e-01 -7.50944748e-01
 -5.90715920e-01  9.40628411e-01  5.43413798e-01  2.87836234e-01
 -6.90250171e-01  4.40529894e-01  2.87666961e-01  1.19005771e+00
  3.66825499e-01  6.19793299e-01 -1.91122901e-01  3.71855098e-01
 -2.14886946e+00 -2.19582099e-01 -9.73411823e-04  1.42330034e+00
 -2.21301961e-01  8.20924201e-01 -7.77075691e-01  1.00887635e+00
 -7.98606242e-01  1.90022163e+00 -4.27953536e-01 -6.38528080e-01
  2.50120146e-01  2.78445589e-02  5.06765068e-02 -1.29511227e+00
 -3.01249861e-01 -3.92146308e-02  3.57394973e-01  2.35315499e+00
 -7.92855623e-01  8.71307925e-01  9.86290226e-01  4.10765962e-01
 -1.02128398e+00 -2.26082741e-03  8.91398238e-01  8.30097622e-01
 -1.56811160e-01 -5.69862815e-01 -2.08819518e+00 -4.27904410e-01
 -7.35312171e-01 -1.52851341e+00 -8.33205309e-01 -5.83288642e-01
 -2.85001057e-01  2.98529488e-01  9.00053074e-02  1.77655435e+00
 -4.61006872e-01  1.01010067e+00 -1.26347527e+00 -6.55580961e-01
  7.28562194e-02  1.30246606e+00  1.28651827e-01 -2.39576273e-01
  6.91673210e-01  5.91340511e-01 -1.28008621e+00  1.37756956e+00
 -1.78933617e-01  2.77787640e-01 -9.98636600e-01  9.29196848e-01
  1.93684763e+00  5.05489302e-01 -1.62790406e+00 -2.51212629e-01
  1.09676812e+00 -2.99042506e-01  2.56591671e-01 -1.23132152e+00
  1.17526879e-01 -8.27862371e-01 -1.33243981e-01 -6.25869719e-01
 -8.33281060e-01 -1.20001136e-02 -2.03501279e-01 -1.69701591e+00
  2.47082173e+00 -3.57254921e-02 -9.93123636e-01 -1.33273441e+00
 -1.08959985e+00  2.76835501e-01 -1.95320772e+00  7.09175858e-02
  1.20871200e+00 -9.29240878e-01 -5.66465935e-01 -7.04699064e-01
  5.11090697e-01 -1.09622235e+00  4.92603218e-01 -3.80469460e-01
  9.94124039e-01 -7.26485689e-01 -7.73110333e-02 -1.62807306e+00
  1.81750640e-01  7.37449409e-01 -5.26905860e-01  2.10915997e-02
 -1.12366905e+00  6.03263070e-01  1.63139992e+00  1.46900798e+00
  1.15715267e-01 -5.36687731e-01 -1.70098362e+00 -1.31462009e+00
  1.13572786e+00 -1.42092095e+00 -2.06300015e+00 -3.11111823e-01
 -1.21268516e+00  7.54944802e-01  4.34551413e-01 -1.01850245e+00
 -6.33514901e-01  1.15331514e+00 -8.41441053e-01  5.99535575e-01
  3.07451580e-01 -1.35701335e+00  8.25977363e-01 -1.36126043e+00
  8.08375617e-01 -1.62775865e+00  7.45025185e-01 -1.42258982e+00
  3.64741463e-01  1.62149327e+00  1.30307037e+00 -1.59819269e+00
 -1.44904242e-01 -1.64727738e+00 -8.16066704e-01 -3.80788383e-01
  1.21098291e+00 -3.52963529e-01  5.60716167e-02 -8.18367384e-01
 -2.34344038e-01  3.75384412e+00  8.35169170e-01  1.22657821e+00
  9.05655426e-01 -3.79549227e-01  4.01275109e-01  2.42438242e+00
  1.79507805e-01  5.92853119e-01  7.89639655e-02  1.04499806e+00
  1.31624108e+00 -2.41614064e-01  4.53899342e-01 -2.17538124e-01
  7.76491682e-01 -1.07499344e-01 -1.17675877e+00 -5.25005088e-01
  1.54809607e+00 -3.18551840e-01  4.23270644e-01 -1.21742205e+00
  4.95411076e-01 -2.87662331e+00 -9.70930788e-01  7.26021191e-02
  1.84990119e+00  5.67467135e-01 -1.81203229e-01 -1.50434413e+00
  7.56223691e-01 -2.35528691e-01 -4.45142432e-01 -1.60859324e-02
 -4.55535724e-01 -1.53278146e+00  5.42039653e-01 -1.58049234e+00
  6.85936853e-01 -6.10465067e-01 -2.72312781e+00  2.87534833e-01
  1.63275458e+00  2.18686168e-01  6.62304324e-01 -8.32599351e-01
  1.70896937e-01  7.84122775e-01 -1.18014551e+00 -1.85976964e-01
  1.15043366e+00  1.87038016e-01  4.50243517e-01 -1.85869016e+00
 -1.93560247e+00 -7.91321537e-02 -5.64629871e-01  9.49240521e-01
  3.35518729e-01 -1.76900099e+00 -2.27218181e+00 -1.64858675e+00
  5.81923211e-01 -8.48479745e-02  2.25175429e-03  8.13222902e-01
  1.34008719e+00 -4.63720551e-01 -5.29494261e-01 -9.16673090e-01
 -4.12483228e-01  1.37779291e-01  2.17620979e-01 -5.24910466e-02
  1.23914639e+00 -6.21376253e-01 -1.64203502e+00  4.59494714e-01
  4.45819838e-01  9.20300617e-01 -1.41170686e+00  5.75764687e-01
 -3.29964350e-01 -2.14415593e-01  3.37644125e-01 -2.44701569e+00
 -1.43526327e+00 -4.83087592e-01 -1.21325629e+00  4.77131919e-01
  3.14623901e-01  1.04519049e+00 -8.99621108e-01  6.12802600e-02
 -5.12577949e-01  1.03623822e+00 -9.19101390e-01  9.07338836e-01
  5.30940775e-01 -4.10804169e-01  4.06205453e-01 -1.31313078e+00
 -1.08715874e+00 -4.93643534e-01 -1.78037375e+00 -3.30741739e-01
 -8.65220182e-01  2.02418614e+00 -2.74073191e-01 -8.40313892e-01
 -7.82506543e-01  6.06670204e-04  6.35021564e-01  3.60973296e-01
 -1.83441442e+00 -3.45523183e-01  1.06267884e+00 -6.28219155e-01
  5.74430671e-01  4.84856975e-01 -1.33079968e-01 -7.08532278e-01
  2.99074459e-01  2.08699444e+00 -1.68979658e-01  6.06336526e-01
 -5.29874676e-01 -1.25164301e+00 -1.61849092e+00  2.49794019e-01
 -4.45533775e-01  1.40176929e+00  4.87802575e-01  3.37943064e-01
  1.80122218e+00 -5.70072063e-02 -5.67345177e-01  1.35611161e+00
  2.35273962e-01  7.41554183e-01  9.45685503e-01  1.15729315e+00
 -1.38177363e+00  3.78652565e-01  1.82081705e+00 -1.03432545e-01
 -2.11365094e+00 -1.18354812e+00  4.75992787e-01 -2.42763405e-01
  1.16787046e+00  2.10681575e+00  7.75811352e-01  4.40096528e-01
  1.10627542e-01  5.52952898e-01 -1.36316844e+00 -5.27550850e-02
 -4.51696978e-01 -1.66074880e+00 -1.09368909e+00 -1.31264296e+00
  5.68121809e-01 -5.24827730e-01 -8.60718667e-01  2.00549755e+00
 -3.16036252e+00  1.20985829e-01  1.06108385e+00 -1.10033906e+00
  5.87648154e-01 -1.54020507e-02  1.05851007e+00  2.66147383e-03
  1.50676401e+00 -1.57563732e+00 -5.17486457e-01  1.55756136e+00
  1.78880948e+00 -1.82465269e-01 -4.44091916e-01 -8.78786161e-01
 -1.61252061e+00  2.62207522e-01  1.51272682e+00  3.94021214e-01
 -5.74383894e-01 -9.06773503e-01  1.83325103e+00  3.19470337e-01
  9.27144142e-01  4.85514182e-01 -5.64519935e-01 -1.69009143e-01
 -4.97689130e-01 -1.74903031e+00 -1.57607970e+00  5.60451666e-01
  1.53444286e+00 -5.51810289e-01 -5.58790852e-01  9.80904450e-01
 -1.04324331e-01  2.16194975e+00  1.31726278e+00  1.53418401e+00
  9.75820199e-01  9.96281032e-01  1.56084846e+00 -4.58230683e-01
 -1.15418314e+00 -9.22617904e-01 -8.63609312e-01 -9.25616201e-01
 -7.12499691e-01 -6.22658210e-01 -3.32452831e-01  8.83764761e-01
 -1.30459478e+00 -1.92242149e+00  3.46411905e-02 -1.75404165e+00
 -1.35148407e+00  1.38249439e+00  6.61524586e-01  1.21013373e+00