-0.35003537  0.46221247  1.08855027  1.01633573 -0.26245673 -0.70081578
  0.67967853  0.62098206  0.64321438  0.29780702 -0.87037271  0.38444765
 -0.0400429   0.59269905  0.7383794  -1.8994977   0.38252428  0.01108813
 -1.79535863 -0.47515448  0.58523597 -0.17987066 -0.59419268 -0.03845684
  0.90843652 -1.19131551 -1.03506326 -0.50517559 -0.19204627 -1.42896691
  0.546573    1.55534178  1.10358651 -0.92979533 -1.4576216  -0.98969942
 -0.86799832  0.55425342  1.23473101 -2.03729628 -0.37127979  0.17885216
  0.62742903  0.45884155 -0.43818856  1.6164798  -0.70316265  1.32016214
 -0.48315922 -0.28109565  0.08256045  1.74348143  1.49753996  2.43489027
 -0.1671889  -0.7895525   0.2608081   0.39842078  0.42924424 -0.60754412
 -1.44636351  0.18054952  0.26195387  1.4496072  -0.99860026 -1.60068574
  2.09769825 -0.70403342 -2.17621817 -0.27529007 -0.0420818   1.4305735
  0.02308136  1.31180813 -0.16291012  0.1523156   0.59736679 -0.2704535
 -0.74071364  0.71712229  0.30417482 -2.09346477  0.16253904  0.75272801
 -0.97531284  2.0425797  -1.58113742  1.92048863  0.14590859 -2.02906782
  0.92761682  0.0488358   0.80465287  0.68322729 -0.3249066  -0.53950444
 -2.04473844  2.55051189  0.12436429 -0.63396588  0.49075073 -0.59118439
  0.50800097  0.11516389  1.88165159 -0.87383234 -1.53922228 -1.75921144
 -1.46096977  1.87122444  0.78046591  1.32869107 -1.00891273  1.14122421
  0.4725759   1.22248937  1.79281206  1.29708241 -0.03481196 -1.81893963
  2.49695179 -0.09177355 -0.41621412  1.52527822  0.90419758 -0.69833523
 -1.40016998  2.45870248 -0.16705686 -0.65863006 -0.34818348 -0.21748557
  0.1452246   1.27567103  1.44728424 -2.13555738 -0.39415427  0.03485781
  1.711976    0.20357575  0.43545314  1.02499382  1.5938152   2.15321988
  1.37677751 -0.55685931 -0.36064694  1.30601908 -2.29837705 -0.92421418
  0.75181947  2.0686729  -0.47905327  0.26163673  0.06462796  1.64982664
 -2.19270753 -0.94595566  0.27761832 -0.43086628 -0.40230398  0.60066013
 -1.2387486  -0.44213146  1.52325378 -0.6499739  -1.18496261  0.46063904
 -0.61655528  0.08894931  0.59938966 -0.79704483  0.73449749 -1.5840961
  1.1885105  -0.55349763 -0.29063225  1.23192598  0.66982611 -1.60807299
  1.24879704 -0.72218086 -0.29013455  1.10028028 -0.05341542  0.17099565
 -0.48672809  0.01617665  0.08271315 -0.85109199 -2.10370174  0.74682382
  1.76209267  0.02225145  0.89595192  1.54784566  0.00884548  0.56966003
  0.68335453 -0.24703918 -0.68623089 -0.14140733 -0.61923944  0.58480937
 -0.73287645 -0.57513824 -0.75673074  1.71427356  1.47987196  0.38555691
 -0.15372371 -0.97163159 -0.6072364  -1.38959779 -0.93756758  1.21443326
  0.06448121 -0.52650543 -0.58359345  0.2873243  -0.93809445 -0.65955122
 -0.14537858 -2.31437183  0.599986    1.13377047 -0.42545142 -0.67809588
  2.49950574 -1.90768709  1.20384917 -0.84552321 -0.18284935  0.87298954
 -0.17584927 -2.08476647 -0.59847347 -0.80960527  0.87541285  0.30514804
  0.20012825  0.01380346 -1.49613711  0.12598594  0.81369031  2.01228554
 -1.76452307 -0.9868227  -0.34134418  0.50952964 -0.06024923  0.03058561
  1.00993235 -0.23519206 -0.4854317  -1.58746897  0.01789762 -1.05610736
  0.8705628  -0.22754325  0.41047048  1.28929962  0.2686166  -1.08941008
 -0.13211624 -0.04038597 -0.44835404 -0.10584832 -0.05216452 -1.34770941
  1.64196096  0.18593365 -0.03182322 -1.70908887 -0.47775366  1.80656899
  0.11669715  1.94807796  0.63363166  1.38549347 -1.00427904 -0.20394412
  0.45971121  1.88725618 -1.2545611  -0.5821509  -0.93299791  1.95904451
 -1.37251657 -0.32641753 -0.76838882 -1.20101768  0.43880607 -1.55646174
  0.47652902  1.79600475 -0.13332851 -0.27917252 -0.92534957  0.74583388
 -0.53545468 -0.98980199 -1.96163259  0.29945274 -0.4266317  -0.87890469
 -0.1202304   1.19338572 -0.55116133  0.3589727   0.93803687 -1.90165478
  0.03908013  0.25772739 -0.95445507  1.33541577  1.84064091 -0.38791327
 -0.64254206 -2.135055    0.80012797  1.00197193  0.74441679  1.02941375
 -1.45801817 -1.10229205  1.09334704 -1.69946275 -0.52636838  0.20115257
  2.04583736 -0.01334036 -0.44114671 -0.73524451 -0.27450026  0.91448014
 -0.25024832  0.95635312  2.33940338  0.37104836  2.17719917 -0.07227958
 -0.13644559  1.02675024 -0.0233442  -0.39839083 -1.05665772  0.29838139
 -0.43086894  0.10403094  0.02513543 -1.20930332  0.08783567 -0.45274739
  0.39753216  0.32279561 -1.25631664 -0.44270828 -0.75536835 -0.18103869
  0.45229675 -0.5550136   1.00404118 -1.77741045 -0.44915206  1.23409051
 -1.80442517 -0.80726862  1.18240562  0.43283258 -0.4447807   0.19947317
 -0.14737993 -1.62674582 -0.5077944   0.45528473  3.37002182  1.24608492
 -1.13684281 -0.22557898 -1.83245672 -1.52766675 -1.42119095  0.38502756
  0.73392123  0.52993498  0.71367712 -0.64482842 -0.12708997 -0.41291603
  0.41901151 -0.71327007 -0.14544837 -0.14087776 -0.05887286 -0.58462009
  0.08200836  1.72164724 -1.34040193  0.66537384  0.28419162 -1.90296662
  0.45641375 -0.78495707 -3.40205062  0.34371939  0.17484245  0.79510128
 -0.29253473  0.12820309  0.65609728 -1.05003729 -1.23701732  0.78699849
  0.26202275 -1.14594951 -0.06993228  0.75699642  0.95500607  0.2436929
 -0.17121658  1.57557482  0.02024053  0.20785155  0.56016009  2.466121
  0.40954793 -0.57913346  2.45435351 -0.18204967 -0.46910627 -0.93777391
  0.0154743   0.31702146  1.11092268  0.18334592  0.18275846  0.32333479
  0.98631368  0.4301811   2.18915819 -1.61800636  0.2019834   1.35287363
  0.38675167 -0.74886524  0.00950994 -1.64173799  1.08933736  0.67226666
 -1.13595814  0.00605538  0.34330368  0.49026331  1.5063094   1.45810505
 -0.37800551 -1.08147777 -0.97580668 -0.56764168 -1.0314326   0.35977792
 -0.24527607 -0.70215842 -0.18686551 -0.50670115  0.29969963  0.3382371
 -1.54354194  0.08400855 -0.80904182  2.32152114  1.74868768  0.52839834
  0.24913642 -1.56074082 -0.04400968 -0.8688254  -0.15218135  0.90549386
 -0.85151957  0.23693239 -0.26592092  0.48099877  0.09254219  0.21691304
  0.09971244  0.15988361 -0.74235584  1.19115344 -0.50949455 -0.79208298
  1.58926539 -0.29633218 -1.04466269  0.86663465 -0.09150403 -0.74394129
 -0.06930682 -2.11086485 -0.26342431  0.31496063 -1.0738935  -0.40496518
 -0.53307001 -0.39927194  1.03591531  2.07938079 -1.09362693  0.53729776
  1.18168153  0.66167303 -0.89407388  1.23125555  1.84594834  1.53597413
  1.31868985 -1.06029424  0.7055273  -1.17474741 -1.74278654  0.74433293
 -0.1661029  -2.0294265  -0.29340159  0.06232579 -0.2106679  -0.39931076
 -0.09217347 -0.36320805 -0.14028372 -1.6978474  -0.34359368  0.08629167
  1.22533518  0.89996504  2.28947109 -1.3054283   0.12087004 -1.03250883
  0.00994157 -1.05883226  0.3571979  -1.25674662 -0.50120611 -1.83656239
 -1.64962708  0.41504592  0.96509574  1.42610484  0.69994006 -0.20348421
 -0.15862067  0.77119863 -0.36215116 -0.52580149 -0.68756948 -1.20127046
  0.72464336 -0.20973194 -0.66008695 -0.6843881  -0.09257897 -0.38361109
 -1.01524528  1.8054836  -0.16229163 -1.36686352  0.35926189 -1.02073271
  1.595957    0.18006355 -0.22975021 -0.52665283  1.40825248  0.81415567
 -0.44340129 -0.44006582  0.86028651 -3.02205666  0.07925337 -0.38223095
  1.76945198  0.51776164  1.98831386 -1.48521058  1.94576376  0.62357413
 -0.34668873 -2.02499548  0.11445945 -1.53182551  1.0109613   0.47338371
 -0.65542835  0.02698753  1.46393197 -0.05892441  1.71809306  1.01184621
 -1.31514439  0.49631439  0.56798739 -0.13181832 -0.343382   -1.05387783
 -1.25110818 -2.87715765  0.60677412 -1.60342303 -0.2546171   0.98017817
 -1.13567368  0.42989909 -0.40022145 -0.95290645  1.92222741  1.04663473
 -0.44090626  0.76202646 -0.2098498  -0.08116324 -0.15589437 -0.80950194
  0.11531591 -0.3827439   1.54577736 -0.78900236 -0.30897037 -0.4806995
 -0.72643067 -1.19513038 -0.1264306   1.00844637  0.99272681 -0.70762636
  1.86526601 -0.08126085 -1.70424702 -1.05369142  1.00882862  1.28740588
  0.06132593  1.23180177  0.34694761  0.32655929 -0.86934195  1.62436529
  0.34071642 -0.51935759  1.21455198 -0.14039822  1.11942946  0.95792462
  0.38084803  0.32856565  2.68121308  0.20128302  0.280057   -0.95365713
 -0.21649308  1.55095742  0.34670885 -1.44362808 -0.890014    0.15136051
  0.10585425 -0.64992142 -0.74892946  2.47024101  0.94375804  0.58026305
  1.48227622  0.32491169  1.761606   -1.85281336  1.21111207 -0.13020702
 -0.18348463  0.57785314 -2.35377707 -0.13607117 -0.24377896  0.10656075
 -0.38037104  0.79286187 -3.23265211  1.07108204 -0.33598172 -1.62505408
 -0.99523184 -0.54416344  0.54814533 -0.8705827   0.23260393 -0.43543278
  0.47051494  0.26506541 -0.40185166  1.23598474  1.03594037 -0.86410408
 -0.48200382 -0.16286474  0.62391748 -0.38358293 -1.35242007 -0.08866593
 -2.45620223 -0.63106846 -0.60676185 -0.10153537  0.63154583  0.15072243
  1.5246545   0.32495639  0.93186943 -0.17541759 -0.10099774  0.31096598
  0.54279004  0.29340048  1.43832204  0.66860208 -0.60544112  0.2943594
  0.35580056 -0.73018271  1.50631582  2.53663533 -0.1639161   0.47413757
 -0.9088571   0.61198727  1.18589725  0.69879721  0.73102413  0.11348597
  0.75532327 -0.68212136  0.36254748  0.29986933 -1.26102782 -0.47999252
 -0.1484015   0.68826822 -0.24522576  0.13900876 -0.82987913  0.54122679
  0.55320977  1.30370058  2.03311764 -1.87708766 -1.30416755  0.71553195
  0.40275793 -0.27716143 -0.58052818  0.01437296 -0.67774804 -0.01181879
  0.19257027  0.16897202 -1.29754036 -0.88249857 -0.13653502 -0.26962977
  1.29330201  0.07094921 -0.43091923 -0.35222165  0.8493807  -1.28605551
  1.16974801 -0.39882159 -1.45037533  1.36775947  1.38774579 -1.41934264
  0.64987856 -0.65847275 -0.78597055  0.68911243 -1.4629527  -0.76420826
  0.34241781 -0.04724757 -0.93305465  0.47876655 -2.1081379  -1.7433322
  0.95355502  0.45802207  0.19914552  0.85138045 -1.65127067 -0.08936792
  0.47855399 -0.16252001 -1.06607345 -0.37410366  0.12706756 -1.53049252
 -0.07928619 -0.34844989 -0.02336763 -1.36168341 -2.26881402 -0.46948985
  0.66147787 -0.66921576  1.39159119  1.45560231 -0.11137064 -0.98822251
  0.44580596  0.39125316 -0.43822173 -0.65928504  0.26041657  2.29064172
 -0.10196903 -0.01109672 -0.93236181  1.49068342 -0.68049022 -0.32047422
  0.40901947 -0.04957276  0.18020075  1.32348192  0.274192   -0.8126996
 -1.75021492 -1.52769256  1.77886054  0.93957594  0.49927736 -1.0102632
 -0.71007497  0.07972123 -0.13149269 -1.08482274  0.18886185 -0.6029544
 -0.08463291 -0.12234787  1.14776731 -0.15701496  0.18053039 -1.16024211
 -0.445705    0.02307855  0.49331184 -1.26863176 -0.48674425 -0.83886174
  1.2630263  -2.02058924  0.72660445 -0.55944802 -1.36836645 -0.68449988
  0.73895688 -0.46475005  0.14254457  0.365203    0.71053301 -0.33194597
 -0.43278656 -0.97617214  1.40770839  0.1686129  -1.06173036 -0.85398136
  0.34927843 -0.50344821 -0.51833054 -2.02356345  1.20152547  0.83726237
  1.02832021 -1.08511719  0.68462521  0.83080346 -0.6205608  -0.59279167
  0.32068839  0.05491217 -2.91284549 -1.06096807 -1.04756543  0.45924972
  1.50951316  1.37846592 -0.35216192  1.48923718  0.87906076 -0.98795148
 -0.74819308  0.61658989  1.50049888 -0.35784238 -1.2321862  -0.84776774
 -0.55278958  0.49560488  1.81160467 -0.06524941  0.70998214  0.44686203
 -0.65747556 -2.41372511 -0.95227246  0.42653821 -0.20947452 -1.85922244
  0.97314511 -0.374328   -0.05862868  0.28659308 -0.15732633  0.02932166
 -0.41154681  0.12431068 -0.84396359 -0.06617554 -1.42222299 -0.21123627
 -1.42687162 -0.28870243 -0.46233825 -1.54392505 -0.51758003  1.57881153
  1.49892337 -1.18702319  0.24782367 -1.37403852  1.83156628 -1.26774227
 -0.33836756 -0.37561847 -0.60807837 -0.43935304 -1.07079608 -1.55054213
 -0.29975878 -0.28431818 -0.40536777 -0.71270894 -0.79327332  0.60500456
 -0.36736381 -0.39149521  0.94952483 -1.37348312 -0.65899145  1.02653537
  0.22128854  1.47748766  1.45060193  0.73934231  0.93152305 -0.37706846
 -0.83902632  1.87216693  1.14683922  0.00966713 -0.09058841 -0.2837534
 -0.85104113 -0.62669813  0.55675437 -0.9016634   0.6154593   0.23660127
 -0.29888373 -0.62688364  0.86316272 -0.71165259  1.7671823   1.13393306
 -0.90067855 -0.41536085 -0.29781976  0.92277637 -0.22199638 -0.56087194
  0.08313818  0.83027284  1.98214762 -0.58273142  0.48991014  0.28155595
  1.00147507 -0.5723481   0.7900704  -0.86049284