 3.98095010e-01  8.25114396e-01  2.35446387e-01  1.95547051e+00
 -1.33595949e+00  7.37841225e-03  1.56199352e+00  1.77047865e-01
 -9.91982560e-01 -5.34078786e-01  4.60636630e-01  3.82781015e-01
  1.91262245e-01 -1.24812174e+00  3.02117265e-01 -2.88348551e-01
 -2.38769991e+00 -1.38524482e+00 -6.17672329e-01 -8.08104416e-01
 -7.89649787e-01  2.70564153e-01  1.31917852e+00  2.14878385e+00
  8.54643437e-01 -1.41630497e+00  5.92825255e-01  5.57326951e-01
  1.74350307e-01  8.66328261e-01 -6.53502907e-01 -1.81225635e+00
  2.27718877e+00 -2.95210616e-01  7.16739024e-01  9.13202508e-01
  4.86497939e-01 -1.55945980e+00  1.76593670e+00  6.17816298e-01
 -1.03927592e+00  9.58477870e-01 -4.16630016e-01  1.96362555e+00
  4.39516693e-01  3.87328586e-02  5.92592340e-02 -4.86341133e-01
  3.47926497e-01 -6.60126361e-01  1.40242939e+00 -2.85940295e-01
  7.67855303e-01 -6.60154168e-01 -4.46604169e-01 -7.85048861e-01
 -1.20514392e-01  1.36454473e+00  1.56550711e-01 -9.09493166e-01
  8.76039509e-01 -1.41748735e+00 -9.34350758e-01  3.20199403e-02
  1.65696131e-02  2.14663740e-01 -4.17044376e-01  7.63138233e-01
  9.94220619e-01 -2.33534059e-01  1.03117956e+00 -4.62690038e-01
 -8.36740413e-01 -1.09748329e+00  8.73298328e-01  9.66821954e-01
  5.70721222e-02 -1.78172141e+00  1.67100538e+00  3.88856992e-01
  2.14753549e-01 -3.27844598e-01  7.36460260e-01  2.85245751e-01
  1.37375007e+00 -7.08431540e-01  7.72636452e-01  9.12722492e-01
  1.40531254e-01 -2.07682914e+00 -1.14132441e+00  9.41686150e-01
  4.75417172e-01 -1.43194667e-01  2.57049729e-01  1.60558617e+00
 -1.02122440e-01 -6.26504968e-01  3.46581038e-01 -1.44709090e+00
  5.38665166e-01  7.64741298e-01  7.37515818e-01 -2.12695839e-01
  1.08534014e-01  5.85842535e-01 -4.26985836e-01 -9.38018563e-02
 -3.47385948e-01  1.44700503e+00  4.04960134e-01 -9.87127165e-01
  2.32972597e-01 -8.80349927e-02  4.62500790e-01 -2.66743649e-02
  2.29148270e-01  9.91323541e-01  4.04717598e-01  4.57915690e-01
 -1.09755462e+00 -8.04674323e-02  6.76910871e-02  2.31568192e-01
 -2.63706546e-01 -1.50345673e-01  4.18324303e-01 -2.31253330e-01
  1.77862839e-01  3.90875607e-01  1.49151494e+00 -2.17034407e-01
  9.52839135e-01 -1.61821437e+00 -1.34479209e+00 -8.89911726e-01
 -1.47012586e+00  1.22569289e+00 -1.90393356e+00 -1.37199284e+00
  9.28991785e-02  4.05856561e-01 -1.07395020e+00  9.81681198e-01
 -1.40349018e-01 -1.22254987e-01  1.30818316e+00  6.51357787e-02
  5.36656731e-01  1.29173674e+00 -6.32780719e-01 -9.71770024e-01
 -1.15045509e+00  5.46507599e-01 -4.74150815e-01 -1.56766710e+00
  2.07809876e-01  3.59343852e-01  6.79714669e-01  5.57503528e-01
  1.57208599e-01  1.05471637e-01 -1.33365451e+00 -1.72021571e-01
  2.33720614e-01  1.46423642e+00  1.17071437e+00  1.43952959e+00
  6.92901640e-01 -7.89544795e-01  1.50065970e+00 -3.14934788e-01
  6.78478892e-02  1.23581916e+00 -1.33275581e-02  2.06134076e-01
 -5.50505482e-01  2.05471671e+00 -3.78917602e-01 -1.02894349e-01
  1.09581735e+00  1.27148780e+00  6.99773469e-01 -2.15148453e+00
 -1.50311790e+00 -1.83851421e-01 -1.58116943e+00  1.67405627e+00
 -1.58620903e+00 -7.62425305e-01  1.49924946e+00  1.43503709e-01
 -1.60800833e+00 -1.65106103e+00 -1.54749504e+00 -8.57277145e-01
  4.57194352e-01 -4.35543454e-01  7.46786150e-01 -2.06242371e-01
 -7.02192435e-02  8.36110777e-01 -1.54458325e+00 -9.45488015e-01
  7.10717439e-01 -1.39863859e+00  3.85151554e-01  8.81776571e-01
 -1.70757942e+00 -2.02603946e+00  1.13409197e+00  1.50190256e+00
  3.32140382e-01  1.60708900e+00 -9.82165464e-02 -9.69888285e-01
  6.49474383e-01  1.53055851e+00 -3.47165452e-01 -2.69579044e-01
  1.41639360e-01  1.48855982e+00 -1.79813941e+00  7.70275070e-01
 -1.62687818e+00 -8.95384875e-01  1.18517177e+00 -1.05070937e-01
 -2.50796909e-01  5.96407805e-01  5.88343686e-01  9.71477425e-02
  4.89984034e-01 -1.82664144e+00 -6.31524934e-01  5.28223589e-01
 -4.37319054e-01  1.25496925e-01  1.06020835e+00  1.13867734e-01
 -5.36053212e-01 -1.17941223e-01 -1.00504850e-01  5.81532032e-02
 -6.15904002e-01  3.00539473e-01  7.90507704e-02 -8.30834292e-01
 -2.73946686e-01  2.04229279e+00 -6.25118214e-01  4.89673111e-01
 -5.97720215e-01 -8.13749708e-01  9.98949319e-01  1.44533463e+00
 -9.82800683e-01  1.10415083e-01 -9.74559337e-02  8.18735532e-01
 -9.80313511e-01  5.98090591e-01 -1.11989647e+00  1.30351973e+00
  1.19141050e+00 -8.53363442e-01 -1.75897460e+00 -9.70222531e-01
 -1.23003524e-01  1.20543045e+00  1.07006105e+00 -1.85418367e+00
 -2.77814314e-01 -2.03546069e-01  1.27535720e+00  1.58735590e-01
 -2.14153197e+00 -1.09051060e+00 -4.43263045e-01 -7.22233497e-01
 -3.81916757e-01  1.57727024e-01 -1.84012045e+00  4.34085185e-01
  1.27221178e+00  7.42666628e-01  3.21225637e-01  7.29440998e-01
  1.08221071e+00  1.79651985e+00 -1.31134385e+00 -1.93039247e+00
  1.35973563e+00  1.16526491e-01 -1.09978471e+00  1.76305602e-01
  1.35454749e+00 -6.09014763e-01  8.25849400e-01  3.66576076e-01
 -7.28931119e-01  1.22901730e+00 -8.82626534e-01 -1.86916818e-01
 -7.52507862e-01  3.85217555e-01  3.93682513e-01 -7.03028472e-01
 -2.29787482e-01 -4.30524399e-01 -3.27378988e-01  9.97126193e-01
 -3.82057151e-01 -1.79615832e+00 -1.06329880e+00  2.22190410e-02
  5.59386435e-01 -7.81057049e-01 -1.65653876e-01 -8.48565527e-01
  1.18707222e+00 -1.88153175e+00  4.81286864e-01 -3.01614566e-01
 -1.81395289e-01 -2.14888732e-01  1.09961286e+00  1.52940568e-01
  6.94818310e-01 -2.82329722e+00 -2.89797618e-02 -6.58643816e-01
 -2.22147999e-01  2.00712598e-01  4.34799578e-01  3.21366315e-01
 -7.01809159e-01 -1.58802699e+00 -1.12396431e+00 -1.49871572e+00
  1.53394350e+00 -1.26570759e+00  1.47160379e-01  2.25246053e-01
  2.07945935e+00  9.69316345e-01 -1.40782485e-01 -1.99516081e-01
 -7.05000405e-01  6.41527611e-01  6.89123386e-02  4.56050255e-01
 -6.12477424e-01  2.60840388e-01  4.73941330e-01  7.18066460e-01
  2.04136440e+00 -5.29047115e-01  1.46509405e+00  2.44909337e-01
 -4.57218150e-01 -8.82936577e-01  3.99135532e-01 -7.21317004e-02
 -4.59251163e-01  8.37029475e-02 -1.07014042e-02 -2.36502151e-01
 -9.25077394e-01 -7.78148960e-01  2.59685141e-01  6.05493304e-01
  1.55914171e+00  5.47247010e-01  1.45637665e+00  1.08975156e-01
 -1.78970256e-01 -4.91243626e-01 -1.24422894e+00  1.28216382e+00
  1.36576364e+00  1.15894033e+00  7.77042642e-02 -6.01516942e-01
 -1.73461415e+00  5.59023269e-01  6.97996855e-02 -1.62888447e-01
 -7.24613554e-03 -3.40247336e-01  8.61688820e-01 -6.23948383e-01
 -3.20527539e-01  1.77176594e+00  1.58824563e+00  2.41382257e+00
  1.07354693e+00  5.85746253e-01 -9.60026985e-01 -4.75749630e-01
 -5.59537748e-01 -1.34482435e+00  3.96512427e-01 -4.21085309e-01
  8.54527879e-02 -2.67165584e-01 -7.79389924e-01  4.00834915e-01
  1.27911072e+00 -8.64167406e-01 -7.80803337e-01 -7.07438128e-01
  1.18448227e+00  5.78528466e-01 -7.26292977e-01  1.33843489e+00
 -1.35759933e+00 -1.67779477e-01  3.84067447e-01  1.34433984e-01
  1.09426951e+00 -5.46227154e-01 -1.32449785e-01 -9.53878687e-01
  1.06556488e+00 -3.45479198e-01 -1.22242893e+00 -8.79036653e-01
 -2.14153844e+00 -5.21348066e-01 -2.06206999e-01  2.04637248e+00
  1.78903179e+00  2.32216975e-01  7.38928107e-01  3.92753994e-02
  7.22942734e-01  2.85921664e+00 -6.02062819e-01 -8.68737130e-01
 -4.24833715e-02 -4.99823449e-01 -1.50584836e+00 -3.11286399e-01
  1.55179855e+00 -1.04948461e+00 -9.22566798e-01  9.60053528e-01
  3.05451947e-01  8.85871145e-01 -1.22377647e+00 -1.23163759e+00
 -4.03570452e-01  1.02152730e+00  7.29126359e-01 -2.66932068e-01
  8.40324757e-01  6.58611125e-01 -6.27488410e-01 -1.00291637e-03
  9.48869243e-01 -8.63151332e-01 -3.03664971e-02 -5.12439196e-01
  1.06209014e+00 -2.69198031e+00  3.52562907e-01 -9.18010178e-02
 -1.38233770e-01 -8.90109922e-01  1.25953036e+00 -1.55038810e-01
  2.08791238e-01  2.26586632e-01 -1.50986205e+00  7.97845990e-01
 -2.18281657e-01  1.20115263e+00  8.04242154e-01  8.28842372e-01
 -1.70483948e-02  2.21485897e+00  1.32451980e+00  7.62218099e-01
  6.64495989e-01 -5.47106919e-01 -2.19442044e-01 -1.45080500e+00
 -5.22010592e-01 -1.08655199e-01 -2.73014044e-01 -3.76526573e-01
  1.43353916e+00 -2.46540336e-01  1.70499434e+00 -4.61778939e-01
  1.21072848e+00 -1.98204173e+00  8.30324188e-03  2.15811755e-01
 -4.85025571e-01  7.81371049e-01 -3.11212511e-01  1.96946524e-01
 -3.07156568e-01  3.58619785e-01 -1.67575238e+00 -1.97716984e+00
 -2.36458562e-01 -6.03608701e-01 -9.70865832e-01  9.70944028e-01
 -3.18478317e-01 -1.10813351e+00 -1.01524540e+00  9.75439799e-01
  4.86900580e-02  5.63444625e-01  5.52982382e-01 -1.59110614e-01
 -3.02583425e-02  1.33918396e+00 -1.03197223e+00 -7.22897907e-01
 -3.39457948e-02  7.87964770e-01 -1.03518866e+00 -4.66015480e-01
  3.63377387e-01 -5.59774940e-01  4.18707196e-01  1.23384281e-01
  2.61961145e-01 -7.58932431e-01  1.69163766e+00  3.80589700e-01
  1.06521213e+00  1.22909482e+00  1.70932855e-01 -4.58258721e-01
 -1.25532351e+00 -8.51229067e-01 -3.91555783e-01 -1.35695876e-01
 -1.15734441e-01  1.13334094e+00 -3.05284382e-01 -7.91351086e-01
 -4.72062089e-01  6.50566100e-01 -7.57531584e-01  1.10678645e+00
  1.64932282e-01  1.64021116e+00  1.65434923e-01  9.04050771e-01
 -1.46645126e+00  1.74685429e+00 -1.15901677e+00 -2.19410049e+00
  2.58056249e-01  1.97071144e-01  8.10528456e-02 -2.78062997e-01
 -2.92303816e-02 -4.82360041e-01 -5.44038283e-01  1.28333960e-01
 -1.10287168e+00  8.05140966e-01  2.89998623e+00  2.63260862e-01
  1.81849713e-01  1.73074928e+00  3.80192804e-02  9.53071379e-02
 -2.14948836e-01  1.69895862e+00 -2.06975626e+00  2.76360345e+00
 -6.77323888e-01 -9.78832359e-02 -3.40908327e-01 -3.03421640e-01
 -5.43824973e-01 -2.01564000e+00  5.20384413e-01 -4.22761914e-01
 -2.59020154e-01 -2.00009261e+00  5.73629355e-01  1.09823002e+00
  1.00492472e-01 -9.82685349e-01  8.42816653e-01  1.60750274e-01
 -6.78960875e-01  2.76254465e-01  1.06964672e+00 -4.92095311e-01
 -2.05008816e-01  1.81645746e+00 -1.31401880e+00 -2.39443413e-01
  4.79424179e-01  2.97894245e-01  1.34562265e+00  1.05019608e+00
 -9.63689216e-01  1.20314315e+00  1.03227838e+00 -7.64481243e-01
 -7.06935456e-01  1.41860083e+00  1.63594704e+00  1.55151489e+00
  5.46179960e-01 -7.34817720e-01 -5.89637835e-01 -1.49118644e-01
 -2.16580085e+00 -6.05969394e-01  6.75267871e-01  7.59462486e-01
  7.16779268e-01  3.05522389e-02 -1.50763118e+00 -1.81064484e+00
  6.54545262e-02  1.04607073e+00 -1.26325246e+00 -7.37780021e-01
 -5.15650973e-01  1.03158723e+00 -5.18273078e-01  7.28336832e-01
  6.24423151e-01 -4.67159576e-01  1.27276375e+00  1.32203457e-01
 -6.34341698e-01  2.01940355e-01 -6.19932936e-01  4.49477098e-01
  1.08455957e+00  7.61609127e-01 -4.48023903e-01 -2.35403384e-01
  2.82764982e+00  1.38020473e+00 -8.21293120e-01  2.42563306e-01
  6.12342012e-01  9.13230431e-02  1.31871931e+00 -8.52661251e-01
  4.86212651e-01 -6.80678565e-01  1.41831742e+00  3.68871730e-02
 -6.44510912e-01 -9.29558326e-01  7.20157887e-01  1.59677149e-01
  1.48987641e+00  8.18253189e-01  2.32951222e+00  1.48499885e+00
  5.43783755e-01  1.41533762e+00 -4.98384676e-01  2.00132314e-01
 -5.67505999e-02 -2.81589852e-01  4.32502562e-02  6.78181600e-02
  8.44257669e-02 -6.68816243e-01  4.46224571e-01  2.82143324e-01
  5.58952051e-01 -1.21944105e+00  5.98330945e-01 -2.55549422e+00
  1.54045776e+00 -1.12046002e+00  6.86648274e-01 -4.32628640e-01
 -1.58398388e+00  2.54908292e+00 -4.88250455e-01  6.48325191e-01
  5.36095457e-01 -1.75940949e+00  2.49715072e-01 -1.16010504e+00
 -1.28538949e+00 -9.87502161e-01 -2.50320313e+00  1.68294439e+00
  3.72185447e-01 -6.53195621e-01 -3.37522083e-01  1.78320010e+00
  3.36939503e-02 -2.64913617e-01 -1.23189061e-01  3.32901142e-01
  9.72239026e-01  5.82187740e-01 -5.33228744e-01  1.08765644e+00
  5.49745038e-01 -5.27706234e-01  4.51006772e-01 -1.35458722e+00
  2.47933080e-01 -1.46071277e+00  6.45497967e-01  2.20291315e+00
  2.85256475e-01  6.50760074e-01  1.13116270e-01 -5.63630369e-01
  5.02548460e-01 -5.10125888e-01 -8.33352162e-02  7.85796405e-01
  4.26288989e-01  5.39332411e-01  3.63396644e-01  1.03923341e-02
  6.57864505e-02  1.78899560e+00 -4.12051017e-01  1.74544073e-01
 -4.95668576e-02 -3.45855414e-01 -3.61953688e-03  1.93128891e-01
  1.63150866e+00  7.12964377e-01  9.02906252e-01 -1.83410740e+00
 -3.50320435e-01  2.50098752e-01  1.04202278e+00 -5.10557297e-01
  1.03235130e+00 -1.30104513e+00  9.48580272e-01 -5.97448869e-01
  5.78640860e-01  2.32367384e-01  1.00212164e+00 -2.18673356e+00
  6.33253556e-01 -7.14234373e-02 -2.59470575e-01  1.34666750e+00
  1.00455018e+00  1.44216500e-01 -5.42535529e-01  4.27299962e-01
  4.68798522e-01  1.20284730e-01 -4.03311460e-01  1.59831270e+00
  2.17857245e+00 -9.21440257e-01  2.39835290e+00  5.41635741e-01
  1.59897628e+00  5.03404846e-01 -2.98934133e-01 -1.48226225e+00
 -7.43546550e-01 -1.57222695e+00  7.54483283e-01  9.68719016e-01
  4.97983002e-01 -2.05097859e-01  1.34333428e+00  4.29193414e-01
 -8.34456991e-01  3.69519470e-01  4.73021803e-01 -4.26206400e-01
 -3.28242453e-01  3.45024927e+00  2.22862032e+00 -8.25949443e-01
 -4.97402985e-01  1.36873367e-01  1.00216324e+00  1.16445993e+00
 -4.13152723e-01 -1.05712502e+00  5.83855204e-01  1.98505011e+00
 -1.48622469e-01  2.90570699e-01  1.51531509e+00  3.01605978e-01
 -6.43442835e-01  1.49476363e+00 -2.54131891e-01  3.83108831e-01
 -9.38516284e-02 -2.00967332e+00  6.60601762e-01 -6.58123086e-02
 -2.90774802e+00 -8.52001046e-01  6.69592981e-01  2.88576700e-01
  2.04138655e+00 -7.33043106e-01  1.83632699e+00 -6.36589505e-01
 -2.71915708e-01  2.81455482e-01  6.00896370e-01  3.98289101e-01
 -2.48459383e-01  5.60848089e-01 -6.58326691e-01 -9.44449968e-01
 -4.54281165e-01  4.27152065e-01  2.58945732e-01  1.71859091e+00
  1.13160495e+00  1.47796746e+00 -1.53085065e-01  2.63557754e-01
 -4.07503112e-01 -8.32943835e-02 -5.26391852e-01  6.44900179e-01
 -4.71470907e-01 -7.10167662e-01 -6.05039557e-01 -6.38917722e-01
  2.11504150e-02  2.10480648e+00 -1.27264644e+00  1.29962454e+00
 -2.64941111e+00 -1.61184411e-01  1.29329943e+00 -1.94737222e+00
 -2.41893814e-01 -1.49441781e+00  1.27680913e+00 -5.40935677e-01
  1.38746275e+00 -7.42651081e-01 -9.58905276e-01  1.90526969e+00
  9.01003750e-01 -1.25321006e-01  1.11356702e+00 -1.06927918e+00
 -9.21982693e-01  1.56893808e+00 -7.61159909e-02 -3.09548145e-01
 -1.08820731e+00 -3.21208047e-01 -8.36157185e-01  3.09783874e-01
 -8.30207410e-01 -1.69454252e+00 -1.54892497e-01 -5.63005310e-01
 -7.51782088e-01 -2.31682063e-01 -1.81183703e+00  1.29899856e+00
  4.07069439e-01  1.14303476e+00 -1.93694360e+00  7.74845947e-01
  6.17415147e-01 -4.72779808e-01 -5.89640795e-01 -6.40617935e-01
 -2.47915849e+00 -8.40223685e-01 -8.69740586e-01  7.60770543e-01
  1.89754891e+00  7.18606160e-01  4.02429096e-01 -4.75191133e-01
  7.53238266e-01 -1.95110301e-01 -2.50718454e-01 -9.33289241e-01
 -3.27439820e-01 -1.11883108e+00  2.55671718e+00 -2.97239006e-01
 -8.14665574e-02  2.02959543e+00 -1.40153090e+00  3.61729341e-01
 -8.33673722e-01  8.55593720e-01 -1.23304268e+00 -6.76326742e-01
  8.83793938e-01  2.63178709e-01  9.16439069e-01 -6.55146798e-01
 -2.68659686e-01  1.87374090e+00  1.07988658e+00  2.79175459e-01
 -2.08532625e-01  1.88511213e-01  2.13408389e+00  6.48253968e-01
  5.12561316e-01 -6.18769446e-02  3.50052309e-01  4.88621023e-01
 -2.71579844e-01 -5.16046477e-01  6.82405025e-01 -8.62718409e-01
 -1.69093548e+00 -1.85212158e-01  5.80141763e-01  5.62148804e-02
  1.39960999e+00 -4.00284740e-01 -3.01335383e-02  1.34675357e-01
 -5.68973013e-01  5.00191440e-01  1.03546901e+00 -4.89639323e-01
 -4.94658161e-01 -9.52338078e-01 -9.62073406e-01 -1.43592197e+00
 -9.95091299e-01 -3.08454037e-01 -4.72318327e-01  1.34058504e+00
  2.29071665e-01  2.66260613e+00  1.54147627e+00  1.48749289e+00
 -1.35447118e+00  3.25511522e-01 -8.34262617e-01  8.16988606e-01
 -2.56702613e+00  1.45131106e+00 -2.20345642e-01 -9.21724693e-01
  1.67447449e+00  2.34843076e-01 -2.93938005e-01  4.95893914e-01
 -5.18071664e-01  3.35162472e-01 -1.40686638e+00  1.20820565e+00
  1.60734401e+00 -1.90132400e+00  1.10272125e+00  4.83567682e-01
 -1.02190180e+00 -1.84916446e-01 -1.45620660e+00 -1.50226532e+00
  1.41123940e+00  5.94506339e-01  2.89479801e-01 -1.82492996e+00
 -8.09435923e-01  1.19140075e+00  2.86059974e-01 -1.77739462e+00
 -2.37772004e-01  1.03856855e+00 -1.48552903e+00 -3.66904829e-01
  1.18051886e+00  2.09507152e-01  2.00915834e-01  3.50385235e-01
 -7.63341447e-01 -5.07559984e-01  1.36979660e+00  9.37113241e-02