-5.19025810e-02  3.86139338e-01 -3.04375582e-01 -2.06001870e+00
  7.74283716e-01  1.86129096e+00  1.56477734e+00 -3.32804728e-01
 -5.03464011e-01 -1.11446218e+00 -8.03504521e-01 -1.46139507e+00
 -5.46096511e-01 -2.45961879e-01 -1.52067998e+00 -2.69783847e-01
  5.17950251e-01  4.38692674e-01 -1.64127173e-01 -1.30138162e+00
  2.80653312e-02 -1.08750736e-01  2.62679369e+00  8.25760211e-01
  2.68384939e-01  3.77299799e-01 -1.00276224e+00 -1.51015224e+00
 -3.01015845e-01  5.07251157e-01  6.34672549e-01  2.28779576e-01
  1.35684138e+00 -7.94577086e-01  3.40023157e+00 -1.49020532e+00
  2.97961058e-01  1.55072053e+00  2.20129004e-01  3.01566011e-02
 -3.46770065e-01 -1.59890990e+00  8.09805926e-01 -1.60556272e+00
 -1.19874780e+00  7.38522654e-01 -9.82024560e-01 -7.29961734e-01
 -1.81519019e+00  2.31013190e-01 -7.54267853e-01  1.34143012e+00
  1.64685469e+00 -2.35759015e+00  1.01413966e+00  1.67462960e-01
  1.75669121e+00 -6.57702756e-01  8.25468051e-02  6.77266713e-01
  1.50447277e+00  1.86505946e+00  1.24967482e+00 -9.25952419e-01
  1.00253015e+00  1.02932270e+00  3.34679619e-01 -1.33697003e+00
 -1.44334332e+00 -1.84242551e-01 -1.35531346e+00  5.04216075e-01
 -3.07091133e-01 -9.33488355e-01  6.30759138e-01  6.61392050e-01
  8.09052783e-01 -2.23321686e+00 -6.57227666e-02  2.13447457e+00
 -1.94283081e+00 -5.48951633e-01 -1.66135809e+00 -1.89564381e-01
 -3.53204371e-01  1.77579262e+00 -1.04399459e+00 -8.08733080e-01
  3.30154408e-01 -1.88898600e-01  1.47553275e+00  1.23051324e+00
  8.53375364e-01  4.14486291e-01 -6.14772461e-01 -5.95070804e-01
 -1.47888994e-01  1.06167674e+00 -1.81512735e+00  3.90312270e-02
  3.13659568e-01  7.07598443e-01  2.51397357e+00  2.11761426e-01
 -1.72543309e+00  1.04524452e+00  1.09896923e+00 -1.63849036e+00
 -1.31495372e+00  4.24410352e-01 -8.53290679e-01 -1.36090583e-01
  4.39042756e-01 -1.07995181e-01  1.75957515e+00  1.13522222e+00
 -5.76146903e-01  2.33223940e+00  6.77514568e-01  4.79997393e-01
 -1.68945119e+00 -8.82839286e-01  3.42254284e-03 -5.20102459e-01
  3.76838248e-01  2.10042593e+00  2.50792167e-01  9.48937806e-01
 -1.81306590e+00  1.30602029e+00 -1.36943880e+00 -1.04643803e+00
  1.93563845e-01  1.11176884e-02  4.85902317e-01 -6.19917255e-01
 -1.73866180e+00  9.08727875e-01  1.72004116e-01 -1.24688803e+00
  1.70951117e+00  5.13654381e-01 -1.17611847e-01 -2.17511938e-02
  8.84559092e-01 -2.35837366e-01  1.00061944e+00 -7.11676575e-01
 -1.47555887e+00  1.65815806e-01 -1.21500037e+00  3.25866424e-01
 -2.34411572e-01  9.17947205e-01 -1.13922765e-01 -2.53341002e-01
  6.71827359e-01  7.13855449e-01 -9.80502552e-01 -2.57952096e-02
 -1.91370907e+00 -1.63546278e-01 -6.01024477e-01  3.02958944e-01
 -8.54841788e-01 -8.37293695e-01  2.25365687e-01  1.59607457e+00
 -1.16993832e-01 -9.06286738e-01  5.53140548e-01  4.42774101e-01
  8.48411916e-01  4.76598144e-01 -7.06281372e-01 -1.13558331e+00
 -4.10579358e-01  1.90674282e-01  3.72631699e-01 -1.77428397e+00
 -5.32787874e-01 -8.81202098e-01 -9.52067545e-01  3.29784480e+00
  2.21455357e+00  1.12461594e-01 -9.46712765e-01 -5.76123546e-01
  4.89100081e-01 -8.47464557e-02  1.48075622e-01  2.43044255e-01
  9.81215771e-01 -1.55317611e+00 -1.44866545e-01 -6.42341877e-01
 -1.49018867e+00 -1.90153828e+00  1.14006178e-01 -1.30300184e+00
 -1.44698205e+00 -3.13865805e-02 -6.50915053e-01  4.59907563e-01
  4.35621500e-02  2.10111801e-01 -2.83591030e-01 -1.99587493e-01
 -1.63140157e+00  4.32075018e-01 -9.64023991e-02  5.30244680e-01
  2.81845961e-01  3.02979839e-01 -1.26259299e+00 -8.64710540e-01
 -7.37016438e-01 -7.44012424e-01 -1.15330280e+00 -1.03327884e-01
 -1.59943709e-02  2.30116024e-01  1.75437280e+00 -3.89515747e-02
 -3.58229808e-01  4.17800379e-01  5.90759006e-01 -2.42653289e-01
  1.36650364e+00  7.67226273e-01 -5.28776522e-01  1.72010132e-01
  1.71375556e+00 -8.64298110e-01 -9.22630625e-01  1.20165098e+00
  3.98531278e-01 -5.32291588e-01  1.33716795e+00 -1.22812896e+00
 -3.05091121e-01  4.17165021e-01 -1.22807097e+00  1.13894102e+00
 -7.17587404e-01 -2.82192095e-01 -2.58752987e+00 -1.85092029e-01
 -3.25926754e-01  8.96202181e-01  2.81633319e-01  1.31287849e+00
 -2.38488538e-01  1.34848778e+00 -1.89835824e+00  4.68633016e-02
 -1.00380975e-01 -9.77004531e-01 -8.43087945e-01 -6.03508948e-01
 -3.98930307e-01 -2.34086346e-01 -1.48919176e+00  1.61764227e+00
  2.75645827e-01  5.55503925e-01  4.36133564e-01  2.73440057e-01
 -2.54544396e+00 -2.17408540e-01 -1.37323955e-01 -1.31647879e-01
 -4.73934382e-01  3.90806813e-01 -7.12127413e-01 -1.06224937e-01
  2.55351125e-01 -2.81503765e+00  3.61365613e-01  1.06769759e+00
 -4.11434424e-01 -1.36853376e+00  5.53497835e-01 -1.17962920e+00
 -1.14848958e+00  1.38987537e+00  1.29758275e+00  6.31183001e-01
  6.58298260e-01  8.82457510e-01  9.86447614e-01 -2.15157398e+00
 -1.38870300e+00  4.55098952e-01 -1.90287105e+00 -2.27040825e-01
 -1.28846415e+00  3.04620969e-01  5.07572955e-01  6.75417691e-01
 -1.69669858e+00  1.09353437e+00 -1.37071549e+00  2.03423126e+00
  7.31201032e-01 -1.53660252e+00  1.34006018e+00  2.53542953e+00
  3.96589874e-02  3.60903269e-01 -1.21583827e+00  6.53516070e-01
 -7.19712104e-01  7.82625345e-01  1.28818008e+00  2.24742693e+00
  1.18485728e+00  3.50864014e-01 -2.51293586e-02 -3.12298376e-01
  2.43386804e-01  8.64185769e-01 -8.21625706e-01  1.73313971e+00
  5.83732001e-01  1.24644222e+00  2.12532159e-01 -6.65026753e-01
  1.53434285e+00  8.26390907e-01 -1.30928807e-01 -4.11654401e-01
  3.82607296e-01  2.01655348e-01 -1.34875758e+00 -6.15329356e-01
 -5.94836284e-02 -1.77698886e+00 -9.16313920e-01 -1.46466855e+00
  1.33534056e+00  2.94304878e+00  1.58842479e-02 -2.15678607e+00
 -8.10932243e-01  5.03387733e-01  6.78804359e-01  1.31139668e+00
 -1.28955696e+00  1.27541414e+00 -1.50415844e+00  8.18832800e-01
 -7.28146415e-01  2.86703010e+00 -1.08162908e+00 -6.47992416e-01
 -1.41044068e+00  7.82172336e-01  5.18616352e-01  6.90526631e-01
  1.74988136e-01 -1.15635736e+00  1.57331253e+00  1.44395197e+00
 -8.11323096e-02 -1.63938246e-01  1.00271513e+00 -7.09258157e-02
  9.45433867e-02 -2.22922749e+00  1.13986355e+00  7.88585853e-01
  8.98455585e-01 -7.83037908e-01  1.20446260e+00 -4.47063910e-01
  2.18925712e+00 -1.36307192e-01 -1.04855850e-01 -8.52289635e-01
 -1.29174447e+00  6.22308529e-01 -1.05060502e+00 -1.04637167e+00
 -1.36038968e-01  1.01913599e+00  2.99072248e-01  7.74086891e-01
  3.24822915e-01 -3.19625668e+00 -1.16500133e+00  6.30357629e-01
  2.19310191e-01  1.31127118e+00 -1.61670181e+00  7.55211392e-01
  1.44484753e+00  1.75929292e-01  9.15950185e-01 -1.31962784e+00
  1.84235654e+00 -5.21089702e-02 -7.97780364e-01  5.76141594e-02
  2.32156278e+00 -3.10528075e+00  4.39398290e-02  8.02324860e-01
  8.68479990e-01 -2.03250033e-01  1.36441598e-01  1.56063558e-01
 -5.65389014e-02 -1.57699148e+00 -5.37514087e-01 -1.32439798e+00
  2.66646447e-01 -1.60000658e-01  1.27561840e-01 -1.68813084e+00
 -1.03421472e+00  6.79156247e-01 -7.44122524e-01 -1.02634252e-01
 -4.64457672e-01 -1.74196104e+00  2.47605196e-02 -7.02116414e-01
 -5.40347483e-01 -1.37523279e-01 -2.18837712e+00 -1.27676854e+00
  9.01667414e-01  1.50714623e+00  1.07031221e+00 -1.45692873e+00
  3.09872088e-01  1.53274303e+00  1.46462501e+00 -1.42722531e-01
  7.55678670e-01 -7.52057678e-01 -9.17903543e-01  5.16051792e-02
  4.74956906e-02  2.90517463e+00 -1.64540607e+00 -1.44390696e-01
 -4.05463065e-01 -4.46386708e-01  1.27682545e+00 -2.42098924e-01
  1.46809760e+00  8.21874862e-01 -4.60124291e-01 -8.46714737e-01
 -2.06863251e-01 -1.58284417e+00  2.98296500e-01 -2.17077038e+00
 -1.12257723e+00  6.05789393e-01 -8.95798438e-02 -4.33559008e-01
  1.07925004e+00  6.85913967e-01 -2.56074609e-01  3.50284759e-01
  6.83500820e-01 -1.00729698e+00 -7.98932966e-01 -1.22116196e+00
 -1.06174149e+00 -1.58786493e+00  6.10908816e-01  5.51296188e-01
 -7.29917695e-01  9.15533056e-01 -4.30695108e-01 -4.98381812e-01
  2.26878603e+00  4.00448332e-01 -4.46653510e-01 -5.61594873e-01
 -1.25565151e+00  6.59142486e-01 -6.06920860e-01 -1.10468512e+00
 -5.17822601e-01 -8.68424267e-01 -1.28207621e+00 -4.51720673e-01
  3.24720649e-01  4.42315352e-02 -2.75772413e-02  1.62919424e+00
 -9.71747307e-01  1.73551542e+00  5.06489108e-01 -1.30452759e+00
 -3.97728454e-01 -5.54931820e-01 -2.07015092e+00  3.52895748e-02
  6.57810311e-01 -1.41265677e+00 -7.62025132e-01  9.51535009e-01
 -7.59686632e-01  9.45433468e-01 -6.70562170e-01 -6.55439591e-01
 -2.77772487e-01  6.66051440e-02  2.58678675e+00  4.43820995e-01
 -1.35176384e-01 -1.19949598e+00  1.32076359e+00 -2.20969873e-01
  6.32986467e-01 -2.36593975e-01  7.37812741e-01  5.96549132e-01
 -2.29603018e-02 -4.94242002e-01 -1.29199006e+00  1.76186660e+00
 -1.29091788e+00  3.65194411e-01  1.29626985e-01  2.53134665e-01
 -7.42851814e-01  2.38010444e+00 -4.00854529e-01 -1.14129312e+00
  1.84234795e+00 -1.05026278e+00 -1.58385914e+00  1.42511982e+00
 -2.08314622e-01  5.69261515e-01  1.17631506e+00  9.54198156e-01
  8.32159885e-01 -1.09301596e+00 -1.57329695e+00  2.26226948e-01
 -4.33912648e-01 -1.27643501e+00 -1.09111705e+00  7.11596745e-01
  4.52197395e-01 -1.03064650e+00 -2.15096503e+00 -2.26712346e-01
 -1.26631501e-01 -2.59735132e-01  6.71604298e-01  1.08698757e-01
  1.53566857e+00 -1.37756207e-01  1.41114556e+00 -1.85285861e+00
  1.55909985e+00 -1.73272462e+00  3.15022882e-01  2.41692038e+00
 -3.82572962e-01  1.25783033e-01 -1.27652688e+00 -5.37592339e-01
  2.66968241e-01 -1.63248651e+00  1.51535265e+00 -8.80136528e-01
 -2.65148155e-01  4.26639201e-01  4.73945376e-01 -1.84468883e+00
  1.03235419e+00  1.24901479e+00 -1.12835616e+00 -4.64293235e-01
 -8.91522955e-01  7.04383548e-01  1.28724462e+00 -3.57742739e-01
 -4.67250344e-01 -2.65494051e+00 -1.24219635e-01 -1.52063504e+00
  7.02309385e-02  6.59607129e-02  4.47624116e-01  1.29350908e-02
 -6.74378151e-01 -5.21076085e-01  7.64458807e-01  7.86046956e-02
  8.22859554e-01 -1.02103180e-01  3.06923722e-01  2.80978775e-01
 -1.03820078e+00  1.28218523e+00 -5.58992055e-01 -1.45218980e+00
 -2.20098449e+00 -1.39666812e+00 -6.93192576e-01 -1.37257632e+00
 -1.66333585e-01  9.32391602e-01 -7.22353083e-01  1.00089086e+00
  4.37535150e-01 -2.82984192e-01 -1.83663652e+00  1.14711633e+00
 -1.73602018e-01 -5.13333064e-01 -2.57416515e+00 -1.27257980e+00
 -5.02946678e-01 -6.05878353e-01 -3.16821094e-01 -1.02346117e+00
 -6.98021946e-01  2.28169055e+00 -3.17986603e-01  3.62377833e-01
 -1.44503759e+00 -7.53000567e-01  3.33742073e-01 -1.24953652e+00
 -1.23670927e-01 -7.31882968e-01  2.78731201e-01  1.80930993e+00
  5.15841883e-01 -3.09866608e-01  4.52990740e-01 -1.66592025e+00
  7.32086078e-01 -1.36725839e+00  1.69492193e+00 -1.98387868e+00
 -4.61094721e-01 -1.19428639e-01  3.49721646e-01 -4.53503740e-01
 -6.16957328e-01 -1.24240880e+00  8.73086980e-01  1.19749453e+00
 -6.72040960e-01  2.39953906e+00 -1.13605692e+00 -1.48007494e+00
 -2.53447813e-01 -1.01156733e-01 -2.25887812e+00  1.14724325e+00
 -3.42393118e-01 -7.76471994e-01  1.88396684e-01  1.77896114e+00
  9.31321779e-01 -1.27224043e+00 -8.84474080e-01  6.21738246e-01
  1.24223253e+00 -2.69993283e-01 -1.13998508e+00 -6.84137727e-01
  3.34888153e-01  1.09207488e+00  5.65809387e-01 -3.64441696e-01
  4.39955140e-01  5.20833730e-02  4.08796667e-01 -8.53179456e-02
 -4.76317370e-01  1.96880564e+00 -2.22209173e-02  7.19739228e-02
  1.56131018e+00  6.53863318e-01  1.26629690e+00 -1.90546017e+00
 -2.95705075e-03 -1.45772977e-01  5.63315650e-01  2.60313352e+00
 -6.11665508e-01  6.73527742e-01  1.24148478e+00  5.46181852e-03
 -1.69718412e+00  2.59937337e-01  7.35974077e-01 -1.52944905e+00
 -9.77973576e-02 -7.44163893e-01 -1.65633898e-01  6.81345733e-01
 -1.63174955e+00  2.90644351e-01  3.22769400e-01  1.74113555e+00
 -2.37291995e+00 -9.00804145e-01  2.22009801e+00 -6.55204543e-01
 -2.36403844e-01  7.28234352e-02  4.34944523e-01  1.52984687e+00
 -1.62981359e-01  2.24507212e+00 -3.64725697e-01  2.64759014e-01
 -7.54407064e-01  9.93085521e-02 -9.52481446e-01  3.16325696e-01
  2.06588280e-01 -1.21298326e+00  1.96017862e-01  1.24613125e-01
 -4.22846105e-01 -2.31173806e-01 -1.65531339e+00 -8.34800795e-01
  1.53305767e-01  7.16997384e-02 -1.26651175e+00 -7.80811106e-01
 -5.47614986e-01  4.53623189e-01 -1.05755571e+00 -8.50145593e-01
 -1.27767405e+00 -4.72040171e-01  4.84795149e-01  5.11338617e-01
 -1.75157960e-01 -2.65806836e-01 -1.88292193e+00  1.50926924e+00
  3.19358837e-02 -1.03725597e+00  3.20164026e-01 -7.46616657e-01
 -5.53466333e-03 -8.07737911e-03  2.32650769e-01  2.67413742e-01
 -1.27655147e+00 -3.99464038e-01  9.83268973e-01  7.45024787e-01
 -7.76637435e-01  2.48354536e-01  3.14213594e-01 -5.85705889e-01
  2.97398232e-01  2.04116695e-02 -9.96110249e-01  1.43124277e-01
  2.46673724e-01 -1.44345820e-01 -2.52353391e-01  8.07358671e-01
  1.09457094e+00  1.61610869e+00 -3.73880144e-01 -6.36290321e-01
  2.00224524e-02  1.00265144e+00 -1.89516150e+00 -4.40385897e-01
  5.22654821e-01  1.51626227e+00  1.20927086e+00  1.34946321e+00
  8.22867786e-02  2.93429242e-01  4.25852984e-01 -4.08482868e-01
 -1.05672061e+00  3.17964252e-01  3.90135160e-01 -1.95446086e-01
 -3.68919155e-01  3.48838525e-01 -1.37014343e+00  1.33212570e+00
  9.88274237e-01  9.63608556e-01 -4.58237759e-01 -4.38226108e-01
  7.72711105e-01 -3.37497483e-01 -1.23119382e+00 -8.92408738e-01
 -1.24171451e+00  5.12877366e-01  3.62608137e-01  1.59092990e-01
  5.45096764e-01 -4.33091292e-01  6.70447000e-01  7.35631940e-01
  1.40701667e-01  6.17346797e-02 -2.83746910e-01  6.40926118e-01
  1.55520608e-01 -7.36839775e-01  2.67540066e-01 -1.06740835e+00
  8.76620010e-01  1.00260759e+00 -7.79924433e-01  1.94830126e+00
  8.89428031e-01  1.22944805e+00  1.33694202e+00  7.48306013e-01
 -1.50456988e+00 -1.58209891e+00 -7.27664739e-01 -3.37483900e-01
 -2.47878059e-01 -5.02905038e-01 -8.73189170e-01  9.69139894e-01
  6.16951863e-01  3.51356561e-01 -6.78496170e-01 -1.15286121e+00
  1.90397013e-01  6.58848486e-02  1.43097059e+00 -8.86092132e-01
 -2.10167614e-01  6.68520353e-01  4.38676900e-01  1.78859514e-01
 -1.69578618e-01 -1.98397333e+00  2.72703472e-01  1.09285336e+00
 -4.23686512e-01 -5.90832377e-01  1.84175876e+00  9.00034360e-01
 -4.08732088e-01  1.57225919e+00  1.38913021e+00  5.92114722e-01
  3.18490788e-01  1.50870894e+00 -9.20695303e-01 -8.09327219e-01
 -1.04443288e+00 -5.70012827e-01  2.83344810e+00 -6.85974424e-01
 -5.08577629e-01  9.21354304e-01 -3.91347608e-01 -1.36050389e+00
 -2.15281324e+00 -2.05296864e+00  8.26737060e-01 -6.06895645e-01
  1.20914732e+00  7.37643655e-01  7.63404216e-01 -1.88569424e-01
 -1.24029878e+00 -6.10748134e-01 -1.24258311e+00  6.36098586e-01
 -1.47642381e-01 -6.24921149e-02  5.61920358e-01 -1.30765741e+00
  2.07964590e+00  1.33524452e+00  5.27623570e-01  3.85151727e-01
 -9.42268393e-01 -3.06448545e-01  1.23196910e-01 -1.02911295e+00
 -1.41781215e-01  7.39036497e-01  1.26788752e+00 -1.11244932e+00
 -1.06889467e+00  8.06296160e-01 -1.15497471e+00 -9.70593679e-01
 -1.90210297e-01  6.03961698e-02  5.36188245e-01 -2.07707549e+00
  4.60585807e-01 -3.28856251e-01  1.39872872e+00 -1.38579982e+00
 -3.97740728e-01  1.16676088e+00 -9.44246040e-01  1.27022726e+00
  1.18841736e+00  2.50855563e+00 -2.23805181e-01  1.12422009e+00
 -7.71584638e-01  1.42160281e+00 -2.09161936e+00  1.27032618e-01
 -6.51688118e-01 -4.76322960e-01  1.04857066e+00 -3.06126772e-01
  1.28298461e+00 -7.39893744e-02 -1.26815973e+00 -2.58910380e-01
  1.32062427e+00 -6.01368395e-01  7.20594095e-01  3.02981655e-01
  3.29809469e-01 -1.12522157e+00  7.54807625e-01  6.20587439e-01
  1.62523216e-01  3.91519744e-01 -6.09158499e-01 -1.93468807e-01
  1.31964586e+00  2.71322927e-03  2.94281641e-01 -2.32665852e+00
  1.14307736e+00  8.00719098e-01  2.90333642e-01  1.75575610e-01
  8.99751094e-01 -3.97033612e-01 -1.78338852e+00 -2.32993168e-01
 -5.22152927e-01  1.66011113e+00  1.80197964e+00  1.75625386e+00
  1.80902840e+00 -7.34135344e-01  6.78581896e-02  7.79992736e-01
  3.93948367e-01 -1.44564393e+00 -7.29974069e-01  1.68887830e-01
 -7.49702569e-01 -5.33448046e-01 -8.47013714e-01  1.41378421e-01
 -4.54914539e-01 -3.65580894e-01 -7.51658387e-01 -4.06892344e-01
 -8.29273035e-02 -1.70737846e+00 -7.16951211e-01 -1.08984197e+00
 -1.01210013e+00  7.54056962e-01  1.22085859e+00  1.90420481e+00
 -8.10067307e-01  2.96591270e-01 -4.82515252e-01  8.58173648e-02
 -1.27300057e+00  4.93338559e-01  1.77040308e-01 -2.78060028e-01
  1.45888960e+00 -4.63040216e-01  7.92397694e-02  6.62551184e-01