 9.36951799e-01  1.47395560e+00 -1.48036236e+00 -9.14728896e-01
 -2.07428900e-01 -9.75488966e-01 -1.19750814e+00 -9.87928962e-01
  4.48117298e-01 -2.15420081e+00  2.87068884e-01  2.60105462e-01
  2.51561879e+00  4.65378036e-01 -1.08341722e+00  8.48009776e-01
 -1.97504038e+00  7.05133948e-01 -8.02841289e-02  4.46570469e-01
  4.39163411e-01  4.42289677e-01  7.87920203e-01 -2.27998591e-01
 -1.65723128e+00  1.77208739e+00  3.85707424e-01 -6.33190242e-01
  8.28120708e-01 -1.12245401e-01 -6.45451144e-01  2.15927081e+00
  7.41426521e-01  1.22369087e+00 -1.24722221e+00  6.82616633e-01
  1.05331042e+00 -9.32402635e-01 -9.44052765e-01 -1.18663515e-01
 -1.97364689e+00 -2.01434976e+00 -1.75444828e+00 -2.34126456e+00
 -9.45902028e-01  1.08394428e+00 -2.48134382e-01 -1.09290971e+00
  3.99710146e-02  2.39030184e-01 -2.24473735e+00 -3.12014340e-01
 -1.99540380e+00 -2.18607142e-01 -1.36244232e-01 -1.71592443e+00
 -2.99951535e-01  2.80236135e-01 -8.42370585e-01 -2.07351770e-01
 -1.36422022e+00 -1.13254275e+00 -1.20723056e+00  1.60892069e-01
 -6.32802919e-01 -4.38462180e-01 -8.50923387e-02  1.17309069e-01
 -8.63081635e-01  3.79513378e-01 -5.45845597e-01  1.27507735e+00
 -1.94405736e+00 -1.77795163e+00 -4.39374722e-01  9.87849089e-01
  1.52528371e-01  4.47504065e-01  3.19781100e+00 -1.19105185e+00
 -9.29367089e-01  1.59645160e+00 -1.20937181e+00  1.97211757e-01
  1.03029718e+00  8.91815674e-01 -7.58676868e-02  1.57321059e+00
 -1.33852524e+00  2.11823265e+00 -9.40804808e-01 -1.26226143e+00
  5.44517902e-01 -4.82202212e-01  1.40983506e-01 -1.21328531e+00
  2.18436694e+00  2.38641013e-01  5.47847678e-02  7.25954324e-03
  1.69834602e+00  1.97326053e+00 -3.45909610e-01 -9.16166057e-02
  2.80429336e-01  1.72980961e+00  4.28257750e-01 -8.62252251e-01
 -3.79893247e-01  1.26244419e+00  2.80957249e-01 -1.21796999e+00
  8.71624191e-01  3.81610603e-01 -7.93616392e-02 -2.55368196e+00
  1.09964722e+00 -2.44285249e-01  9.48396585e-01 -8.14595513e-01
  1.96705994e+00 -1.40498854e+00 -2.32145995e-01  1.97849596e+00
  4.04992520e-01 -9.15753356e-01 -1.86442826e-01  1.37981462e+00
 -6.88078992e-02  1.25799569e+00 -4.12959017e-01  5.42991381e-01
 -5.01271194e-01 -2.60349367e-01 -1.18695939e+00 -5.97899650e-01
  5.13600516e-01 -6.21071213e-01  7.12633525e-01  5.34945940e-01
  8.01445599e-01  1.73665455e+00  3.06780872e-01 -1.32209605e+00
  7.38750991e-01 -3.00279054e-01 -9.27632923e-01  2.61380539e+00
  9.39541232e-01  5.65308229e-01  8.00537835e-01 -4.26855563e-01
  1.29301986e+00 -3.80187152e-01  1.51170688e+00  3.79501628e-01
 -9.50341409e-01  1.28947467e-01  5.72304433e-01 -7.07692382e-01
  8.14497343e-01 -6.94445689e-03  2.14708679e-01 -8.65755569e-01
 -1.49810662e+00  2.26913818e+00 -8.94324338e-01  6.84515295e-01
  4.64896509e-01  2.64102643e-01 -2.35918594e+00 -3.86552084e-01
 -3.91243965e-01  8.89321530e-01  2.39594071e+00  1.46599160e+00
 -2.46129486e-01 -8.49147475e-01 -1.25781009e+00 -6.84963308e-01
  8.59639702e-01  1.30571871e+00 -5.99053189e-02  2.05079429e+00
 -1.12169041e+00 -1.38633672e+00  2.23238992e-01  1.53153352e+00
  1.98915425e+00 -4.11733287e-01  3.54041877e-01 -9.15750026e-01
  6.62575386e-01 -3.01735656e-01  2.38520629e-01 -1.09685959e+00
 -1.03478594e+00 -8.94961527e-01  1.51741715e+00 -7.49009941e-01
  3.02862172e-01 -2.71753112e-01 -2.67014916e-01  9.27281686e-01
  9.33508814e-02  3.83288325e-01 -5.62996057e-01 -1.69408925e-01
  1.60720364e-01 -9.33282075e-01 -1.87395131e-01  2.14016033e+00
  1.04837166e+00  8.42082555e-02  1.55331728e+00 -4.87925529e-01
  1.31998161e+00  6.05964109e-02 -4.74358897e-01 -1.11349169e+00
 -9.47003108e-01 -5.04404745e-02 -4.43837277e-01  1.16172083e+00
  3.98759006e-01  2.09714296e-01  1.26339488e+00 -4.24798468e-01
  4.03231841e-01 -3.13491331e+00  4.09081565e-01 -3.63025230e-01
 -5.89279461e-01 -7.85596019e-02 -2.25954389e-02 -2.96323450e-01
 -9.14311700e-01 -5.89040077e-01  6.60074954e-01  9.24533861e-01
  1.34121207e+00 -2.09936896e+00  1.18137992e+00  4.15304004e-01
 -1.32599026e+00 -1.31866571e-01  9.26287866e-01 -2.92748080e-02
  9.37738293e-01 -2.50961702e-01 -2.87919605e-01 -7.63213482e-01
 -6.21828689e-01 -3.11896496e-01 -2.38656274e-01  3.35279987e-01
 -1.37748068e-01 -5.57963668e-01 -7.86422498e-01 -4.57392879e-01
 -4.64787165e-01 -7.50750759e-01  6.20032172e-02  1.44422971e+00
  5.61111084e-01  7.51409025e-01  6.06705213e-01 -2.51877044e-01
 -6.91210530e-01 -6.02255289e-01 -9.99385397e-01 -3.06102136e+00
 -9.58687486e-01 -1.19535108e+00 -1.86664964e+00 -4.18853149e-02
 -3.11910823e-01 -9.41388788e-01 -1.75854791e+00 -1.02134628e+00
 -6.36365644e-01  1.63270288e-01  2.07382482e+00  1.26526956e-01
  4.55483421e-01 -7.33631399e-01  5.46990898e-01 -6.38380300e-01
  7.66448149e-01 -6.68978304e-01  1.05157369e+00  6.77889394e-01
 -4.30186705e-01 -2.68894430e+00  1.76035971e-01 -6.17214699e-01
  1.58356807e-01  1.72087315e+00 -3.58492095e-01  3.37409006e-01
 -5.11176958e-01 -3.00668933e-01  6.89392950e-02 -4.20272517e-01
 -3.36676537e-01 -1.26954556e+00 -6.22997951e-01 -2.31107349e+00
  2.16350877e-01 -4.00329877e-01  1.44458653e+00 -6.23185128e-01
 -1.60239537e+00 -4.77007615e-01  5.93096074e-02 -3.22571856e-01
  1.39291860e-01 -2.22296334e-01 -1.67197934e+00  4.87929633e-01
 -2.06746042e+00 -8.48332529e-01  1.14698244e+00  8.51025475e-01
  3.82838462e-01 -2.51676711e-01  1.08345974e+00  8.28619034e-01
  1.18196856e+00 -6.54888617e-01  1.71505768e+00  6.88186001e-01
 -2.68708941e-02  1.26065942e+00  1.03275951e+00 -2.72166492e-01
 -1.81971237e-01  1.66928008e+00  1.07009350e+00 -2.46717812e-01
  1.45326440e+00  1.28552705e+00 -3.32626317e-01  5.25221840e-01
 -1.70868556e+00  1.28657820e+00  1.10326076e+00  4.10373095e-01
 -6.77494645e-01 -1.90661507e+00  2.68243774e+00  1.88374156e-02
 -2.29758360e+00 -1.09554090e+00 -2.01244594e+00  9.34156281e-01
 -1.25013259e+00 -8.86612809e-01  1.98869674e+00  1.30065397e+00
 -1.22966645e+00 -4.98666767e-01  7.59730057e-02 -3.89624411e-01
 -1.27543477e+00 -2.84056088e-01 -7.44522835e-01  5.62157397e-01
  2.59283091e+00  8.75464957e-01  1.54031089e+00 -7.06371861e-02
 -3.55208190e-02  7.58973432e-01  1.27090317e+00 -1.04213196e+00
 -7.17039285e-01  2.41259726e-01  8.97719067e-01 -2.50102974e+00
 -1.69775125e+00  2.18117586e-01  1.21227759e-01  2.90899149e-01
 -3.18006972e-01 -2.43123635e-01  7.75298134e-01 -1.00091550e+00
  1.92571508e+00 -1.62053221e+00  9.26819052e-01  4.89728405e-01
 -1.68795338e+00 -3.74342496e-01  5.05172459e-01  4.49773732e-01
  5.76476777e-01 -6.81901237e-01  1.08507871e+00 -3.57082676e-01
  9.19389683e-01 -1.23605856e+00  3.92310125e-01 -4.30526718e-01
 -1.81421818e+00  1.81082545e+00 -1.14349010e+00  7.11340417e-01
  1.13776014e-01 -1.74711108e+00  2.85195823e-01 -2.36999711e-01
 -7.65930188e-01  4.96633956e-01  4.33825361e-01  5.28344688e-01
 -1.58927500e+00  3.45354238e-01  1.04613562e+00 -5.13008275e-01
 -1.76389781e+00  7.96910572e-01  3.79828482e-02  1.42287166e-01
  5.88181251e-01  1.14816648e-01  3.55083776e-02  6.01732215e-01
  1.80340756e+00  1.67401461e+00 -4.99507886e-01  6.25836833e-01
  7.45277911e-01 -3.22816061e-01 -1.76371759e+00 -2.82058271e-01
  4.37786368e-01 -7.42492378e-02  6.88484985e-02 -4.76049256e-01
  4.14462590e-01  2.77146826e-02 -3.31397837e-01 -3.59311839e-01
  1.60118943e+00  1.36047467e+00  1.45268451e+00  1.99289734e+00
 -6.72629246e-01  2.20526667e+00 -5.30835012e-01  2.05665064e+00
  3.44110202e-01 -5.10487035e-01 -3.23363616e-01  1.76836780e-01
  1.04222980e+00  2.73732452e-01  1.30451813e+00  1.22022510e+00
 -2.23108635e+00  1.24365966e-01 -1.49719641e+00 -1.06063802e+00
 -6.42572619e-01  7.56821700e-01 -3.54392287e-01 -3.03076679e-01
 -3.62707623e-01  4.11936481e-01 -1.08846606e+00 -9.37463146e-01
  3.01460443e-01 -1.04120767e+00  4.89103588e-01 -1.94584361e+00
  6.20466265e-01 -1.17941566e+00  5.71575508e-01 -2.73792498e+00
 -1.11170992e-01 -1.31397021e-01 -1.18659156e+00 -1.16444935e-01
 -3.93268766e-01  1.34063105e+00  9.39850896e-01 -1.68893976e-01
  4.37634866e-02 -2.80342802e-01  5.78074849e-01  8.18547622e-01
 -6.62583167e-01  1.10565693e+00 -1.80200042e-02 -3.19504396e-01
  1.45715469e+00 -1.33624922e-01 -1.92461507e+00  9.76740511e-01
 -2.27260236e+00 -1.70118980e-01  7.59296313e-01 -8.08563378e-01
 -5.84138350e-01  1.67912567e+00 -1.13024798e+00  5.52629785e-01
  1.83023221e-01 -1.97309174e+00 -2.89105182e-01 -1.21669244e+00
  9.54267535e-01  2.51765655e-01  9.12350711e-01  7.90793487e-02
 -7.39569219e-01  1.22271290e+00  1.11570924e+00 -3.51325576e-01
 -9.68310448e-01  1.25922213e+00  1.89020152e+00 -6.44439126e-01
 -2.17842172e+00 -2.99233375e-01 -1.64935818e-01  5.39503001e-01
 -1.89466100e+00  1.58515870e-01 -1.40833001e+00  9.23312870e-01
 -5.34149541e-01  9.08265104e-01 -3.81128822e-01 -5.51075708e-01
 -1.46111237e-01  1.52439851e-01  2.45430489e+00 -1.32444301e-01
 -5.76632114e-01  1.19767668e+00 -9.50036378e-02  7.20917730e-02
 -5.10354327e-01 -5.63208798e-01 -5.62627262e-02 -7.33809364e-01
  1.64113264e+00  1.70317865e+00  5.98474989e-01  2.89307412e-01
  2.07747158e+00  1.71027933e+00  5.30901431e-01  1.21480402e+00
 -2.90241514e-01 -8.28004191e-01  6.67286273e-01 -1.86935614e-01
 -8.22547662e-01 -6.63004101e-01  3.10234982e-01  7.14170175e-01
 -2.03964176e+00  1.07620038e+00 -7.95291995e-01  1.66259855e-01
 -3.87677408e-01 -9.09550737e-01  1.12074177e+00  9.16939559e-01
 -1.33042752e+00  1.51984921e-01  1.18679312e-01  1.23664375e+00
 -1.13276516e+00 -7.10249248e-01  1.62491943e-01  2.58439005e-01
 -1.48694795e-01 -7.88263531e-01 -5.92867399e-01 -1.00734384e+00
 -3.05727389e-02  6.54002576e-01  1.68868050e+00 -1.56149841e+00
 -6.33526798e-01 -1.24791949e+00  2.13596789e-01 -5.96442651e-01
 -9.81062273e-03  1.61228193e+00  3.16572728e-03  9.05842033e-01
 -8.65168084e-01  1.26849820e-01  7.52744893e-01 -1.68834864e+00
  3.34391646e-01 -9.98845554e-01  3.39264753e-01 -2.49224445e-01
  1.27078700e-01  7.16184855e-01  4.08826041e-02  8.28234799e-01
 -9.36465515e-02  1.56892947e+00  5.85206432e-01  6.48373624e-03
  1.07098169e+00  8.87191625e-01 -6.78303621e-01 -7.39532651e-01
  1.40914984e+00 -1.84223011e-01 -3.76117675e-01 -5.51498051e-02
 -5.32880832e-01 -3.13156497e-01  5.69393445e-01 -2.88731590e+00
  1.11308276e+00 -1.41991625e+00  1.86560581e+00 -1.13127184e+00
 -2.81821349e-01  1.30508253e+00  7.52115521e-01  4.84057063e-01
  3.75705952e-01 -3.33344237e-01 -1.40941384e+00 -5.95165880e-01
 -1.48407407e+00  1.58248586e+00  5.01631650e-01 -1.07250596e+00
 -2.40389815e-01  6.09116468e-01 -1.62363402e+00  6.30610802e-01
  1.69214842e+00 -1.40287865e+00  2.04964817e+00 -1.32027408e+00
  2.90349709e-01  4.75449231e-02  1.63379899e+00 -7.74326736e-01
 -1.02054033e-01 -6.69209357e-01 -1.18164560e+00 -1.51984708e+00
 -2.32800276e+00  1.18939904e-01  8.15861930e-01 -2.01697854e+00
 -1.40948877e+00 -1.37071364e+00 -1.28453516e-01 -3.93646184e-01
 -5.68860928e-01  4.24474646e-01  1.04756921e+00 -8.51717611e-01
  4.33515617e-01 -2.06982747e-01  1.23438246e+00  3.06667637e-01
 -1.31075991e-01 -6.43614677e-01  1.39639643e-01  4.45268207e-01
 -1.46416012e+00  1.24406193e+00  3.15472237e-01  1.48221025e+00
  6.52525184e-01 -4.07057010e-01 -5.70439660e-01 -9.86137389e-01
 -1.70426382e+00 -5.71925370e-02  1.05267905e+00  3.31019938e-01
 -1.03841570e-01 -1.07543691e+00  1.95231472e+00  2.26841756e+00
 -2.91886655e-01 -1.93713614e+00 -1.12583212e+00  1.17467442e+00
 -7.41073943e-01 -1.45218355e+00  9.24783047e-01 -5.88607798e-01
 -4.88470062e-01  7.24371691e-01  1.43976326e-01  4.35405460e-02
  1.08924372e+00 -2.81023089e-01  6.92617255e-01  1.38831127e+00
  4.79854428e-01 -7.37046218e-01 -4.69991908e-01  2.68787122e-02
 -1.54444738e+00  9.26730535e-02 -3.67439596e-01 -4.96410553e-01
  4.23343409e-01 -4.98917257e-01  3.83581300e-01 -1.18702175e+00
 -5.73488245e-01 -8.84873926e-01  3.32594546e-01 -2.86104907e-01
  1.46834152e+00 -1.16158958e+00  1.28685929e+00  2.78158404e-01
  2.14201651e-01  1.22065051e+00 -1.85252492e+00 -1.28211374e+00
 -2.41456775e-01 -1.13328347e+00 -6.15961511e-01 -1.28745039e+00
  6.32246626e-01  8.36070768e-01 -5.85010507e-01  9.66404049e-01
 -4.67137927e-01  1.42041646e+00  8.96874119e-02  1.58189038e+00
  1.04645624e+00  4.00330175e-01  8.71330172e-01 -7.72752740e-01
  1.47131185e+00 -8.25891120e-01 -1.01154812e+00 -6.74225323e-01
  1.31106871e-01 -3.28038348e-01 -2.06188659e+00 -4.95962407e-01
 -4.65369782e-01  1.04093332e+00 -5.90006465e-01 -1.31130598e+00
  2.31546472e-01  6.24970186e-01 -1.28315515e-01 -3.88398686e-01
 -1.36505219e+00  1.36995593e+00  2.50052812e-01 -2.77783943e-01
  1.33616268e+00  1.43515723e+00  8.67460581e-01  3.90284053e-01
 -1.01054832e+00  1.21253230e+00 -1.11369599e-01 -3.41885517e-01
 -1.27344345e-01  6.86860627e-01  2.68987898e-01  2.49405782e-01
 -6.66433913e-01  6.73869329e-01 -1.62347931e+00 -3.00384983e-01
 -5.99096448e-01  5.45975069e-01  7.03714639e-02  1.26406983e+00
 -1.14733797e+00 -4.72153435e-01  1.19837238e-01 -6.75208644e-01
  1.24321445e+00  8.68665869e-01 -9.24435504e-01 -3.43081553e-01
  6.38147564e-01  1.49147611e+00  1.59490098e+00  6.49978679e-01
  4.06751929e-01  5.75753492e-01 -4.47400566e-01 -8.12679860e-01
  1.81401195e+00  8.58366730e-01  1.70146412e+00 -1.26710817e+00
  1.00513625e-01 -2.35195165e+00  1.72559663e+00  2.48965259e-01
  2.04305750e-02 -5.47965354e-02 -1.26356499e+00 -9.97284712e-01
  8.94887893e-03  1.96362354e+00 -5.50277244e-01  3.48638381e-01
 -5.45439814e-01 -9.14623065e-01 -8.49659306e-02  8.39689658e-02
 -6.06354869e-02 -1.75520508e+00 -1.40470286e+00  5.22393639e-01
 -7.59587698e-01 -2.12022611e-01  3.71417145e-01 -2.99750262e+00
 -4.69210341e-01 -7.72005626e-01 -6.74969965e-01 -1.15473908e+00
  1.44329139e+00  7.56819314e-01 -2.42904681e-01 -1.14511945e+00
 -1.20842673e-01  4.07910136e-01  5.46138702e-01  1.24804179e-01
 -2.96167112e-01 -1.23503697e+00  6.12780384e-01  1.82308089e+00
 -3.11530747e-01 -5.57331955e-01  7.71607567e-02  2.35733671e-01
  6.44317444e-01 -4.57945214e-01  1.24360894e+00 -9.96931155e-01
 -7.37054409e-01  3.11571006e-01  7.95741441e-02 -3.58216519e-01
  3.42734373e-01  3.46308629e-01  7.06921225e-01  8.94715551e-01
 -6.64801124e-02  8.83069517e-01  1.18993793e+00  7.45670683e-01
 -3.82559563e-01  9.37292099e-01 -1.35377524e-01 -3.68761539e-02
 -1.88287171e+00 -1.47513225e+00 -6.02911345e-01  2.02866089e+00
 -8.20268873e-01  3.35299195e-02  1.89501988e+00  7.25171707e-01
  1.00171235e+00  1.03138868e-01 -8.06293508e-01 -7.42412118e-01
  1.24306067e+00 -5.07968983e-02 -1.33071391e+00  1.12993798e+00
 -4.95902378e-02 -5.79637340e-01 -6.87831254e-01 -1.03135716e+00
  7.40883686e-01 -1.12411827e+00  1.01079358e+00 -6.64400718e-01
 -4.81215659e-01  6.98555146e-01 -6.12947693e-01  6.11859097e-01
  6.18082773e-01  7.69094617e-01 -1.90788570e+00  7.80325746e-01
 -1.35800772e+00 -1.39514459e+00  9.93970442e-01 -4.54592570e-01
 -9.88719286e-02 -1.16364825e+00  9.08358987e-01 -4.19390863e-01
  5.44188453e-01 -2.76562110e-01  1.73740731e-01 -1.82098128e+00
  4.90346081e-01 -1.30720964e+00  1.19287055e+00 -1.74162819e+00
 -3.86660573e-01 -3.79428356e-01 -1.43388633e+00 -4.02390939e-01
 -1.04706098e+00  5.94955004e-01 -1.78036023e+00  1.02365767e+00
  1.65484265e+00 -1.04846299e+00  3.43181955e-01  4.42916606e-01
  6.37031098e-01 -4.28004935e-01 -3.59433109e-01  1.38611739e+00
 -8.51350913e-01  3.16878521e-01  6.07954618e-01  1.39423329e+00
 -1.16803480e+00 -5.63167155e-01 -6.37071948e-01  1.32617991e+00
  4.98215865e-02  6.94764041e-01 -5.59212045e-02  1.50991172e+00
  8.62849755e-01  1.13149056e+00 -7.63655389e-01 -8.69208332e-01
  1.06557756e+00  1.00045922e+00  5.48761771e-02 -1.31651292e+00
  3.51445639e-01 -7.26909625e-01  7.40956220e-01 -8.52470425e-01
  2.12894910e-01 -4.72965592e-01  4.76052319e-01 -1.16691769e+00
 -4.67651853e-01 -1.13544439e+00  1.30850897e-01  1.59257042e-02
 -8.72891896e-01  1.05071754e+00  1.59622299e+00 -8.90446232e-01
 -1.83315494e+00 -2.00973939e+00 -1.10552645e-01 -1.21108041e+00
  1.34912741e-01 -6.67827202e-01  9.19010472e-01 -8.86759002e-01
  2.22750372e-01 -1.90328222e-01  3.85879652e-01 -6.47412096e-01
  1.52251270e+00  1.48375383e+00 -6.33156086e-01  4.88614199e-01
  2.50542458e+00  1.12613176e+00 -3.23060909e-01 -4.86660291e-01
 -8.15627709e-02  2.80250605e-01 -3.88616814e-01 -9.74215031e-01
  7.82655130e-01  8.26558154e-01 -1.07951834e+00  7.93687032e-02