-0.69945824  1.49256682  1.51787473 -0.69229738 -0.65065826  0.76370678
  0.94436217  0.02059158  0.16108034 -0.73304086 -0.37012396  1.02343255
 -1.05518584  1.02319123  0.099886    1.26061094  0.58290817 -0.89200388
  1.14835186  0.43595156 -1.55397749  0.21285575 -0.46278067  1.79717303
 -0.55606483  1.0031021  -0.14485616 -1.7077908   1.20452069 -2.05638383
 -0.65349013 -0.4590709   1.95784955  0.9049136   0.74946677  2.81961312
 -0.7711102  -0.49581679  1.68338382 -0.4373781  -1.54360053  0.53180399
  0.11644047 -0.15252831 -2.18875636 -0.9074167   1.01883542  0.63613991
  1.45794467 -1.50133502  1.60312292 -0.94944167  1.09300969  0.13834305
  1.87120988  0.3287592  -0.7871196  -1.43164976  0.53414729 -0.08082608
  0.62519762  0.50359197 -0.19594467 -0.65275348  0.31818118  0.73298121
 -1.69037957 -0.53653208 -1.40159835  0.04377031  0.05871192 -0.70332971
 -0.61057952 -2.25083486  1.19317953  0.0893745  -1.09651244 -1.12046351
  1.4679628   1.77886247 -0.24977652  0.88238296  0.05866971  0.77584063
  0.26657298  0.9876483  -1.20261478 -0.01742338 -0.11001728  1.35129352
  0.94310785 -0.51905931  0.09125894 -0.52180219 -0.00529246 -0.04387687
 -0.2926475   2.0484415   1.40625898  0.101447    1.66876706 -0.07532303
 -1.24767066  1.18245335  0.61578111  0.21126562  0.66491229  1.05271319
  0.43906397 -0.57310592 -1.56326515  0.05176029 -0.5604976  -2.66834693
 -2.06327794  0.01987595 -0.69687104 -1.21149564 -1.27869462  1.24540197
 -0.30951893  1.02004467  0.58681806 -0.55832296 -0.57685711 -2.37421904
  0.25475971 -0.53879368 -0.41408193 -1.98743021  0.95590968  0.35200479
 -1.90925772 -0.4021914   0.09850391  0.21752027 -0.17869104  1.91233053
  1.25990066 -0.20964637  0.96905982  0.65618631 -0.38981434  0.20633578
 -1.62144899  0.92964838 -1.13259298  0.63552485  1.37340412  0.69599894
  0.47082905  1.21268662 -0.18458058 -1.79951888  1.39473722  0.96441666
 -1.34969795 -1.56013181  0.291566    1.80726555 -0.4220152   0.6801846
  0.36504853  1.21032208  0.25103327 -1.22771038 -0.95942067 -1.09375332
 -0.84880937  1.09122596 -1.04928679  1.25152705 -0.59913653 -0.09784015
 -1.49076814 -1.09878038  1.29734175  0.69769643 -0.53347305  0.45081974
  2.22485047 -0.01149643 -0.50927753  1.68116724 -0.29710322  0.49920016
  0.46777825 -0.38487149 -0.14007798 -0.25621658  0.8077776  -0.47953355
  0.91540266 -1.46755688 -1.11052912  0.89438787 -1.20900461  0.13813921
  0.90191182 -1.74109308 -0.78314195 -0.26276991 -1.18963532 -1.56102672
  0.87051747  0.88611411 -1.000083   -0.09006632  0.59334043  1.24294443
  1.47102811 -1.05362041  0.39412755 -0.55011581  0.28794961  0.04887883
  0.97159267  0.65368418 -2.38604575  0.23313352 -1.65354375 -0.85298279
  0.54918424 -1.5875846   0.35591159  0.23027589 -0.14865719  0.05481672
 -1.73977118  0.35358515 -1.35126611 -0.75281496 -0.7883727  -0.00774244
  2.02937564 -0.37013899  0.79100923  0.72102377 -0.4716772   0.09700474
  0.6076073   0.01408996  1.7882658   1.56034584 -1.83367856  0.83600081
  1.78696304  0.05573992 -1.07865734  0.83634102 -1.0600843  -0.67979293
  0.33992099  0.51643388  0.72428916 -2.51157769  0.70624958  0.87369719
  2.11173876 -1.88849027 -0.25038319 -0.25662205  0.31658866 -0.49889265
 -1.198301   -0.68903911  0.11284868 -1.54583383 -1.20092671  0.77337587
  0.50346811 -0.46349127 -0.92125364 -0.94702939  0.57654865  0.27679454
 -0.36069408 -0.18674947 -0.28314903  0.16129043 -1.37159748  1.34574087
 -0.76064391  0.05469206 -1.58903097  0.51005621 -1.07256083  0.33368034
  0.6939244  -0.9055458  -0.9213805  -1.7870194  -1.14480781  0.5749424
  0.02825278 -0.26571555 -0.44557215  0.56370082  1.27365037 -0.85203632
  1.27625679  1.6464388  -1.95231844 -1.21175606  1.72177086  0.15765468
 -1.94088805  0.42004824 -0.47062042  0.89924766  0.62200501  0.12308112
  1.26950166 -0.92730944 -1.1586873  -2.01704944 -0.66135167  1.02340027
 -0.42123776 -0.37940284 -1.78267617  1.49235216  1.36140867 -2.67532542
 -0.76221642 -0.8321175   0.06742387  0.24074919 -2.64504022 -1.48550471
 -0.70555979 -0.50671022 -0.22570555  0.69783868  0.14856536  0.74675573
  0.57271697 -1.18011401 -1.50552568 -0.11626123 -0.5421804  -0.35374037
  0.65839575  0.09605306  1.1388334  -0.28934081  0.75870196 -0.95538616
  1.00342119  0.70064515  0.04644737  1.33608249 -0.49671444 -0.47270066
 -1.45625333 -1.12484549  1.16669451  0.8542282   1.42176145 -0.1305586
  0.09694861  0.07212828  1.8811369   1.05510023  0.3032756  -0.96852327
  0.15283197 -1.28300418 -0.30685543  0.56459308 -1.83741893 -1.60467838
 -0.05362768 -0.41408325 -0.30786911  1.00439973 -2.21368775  0.10608185
 -0.52628371  1.07939696 -0.00614895 -3.28970345 -1.44839829 -0.62236883
 -0.08406176 -0.86762437  0.0692109  -0.11833365 -0.70486931 -1.63665715
  1.62117655 -0.11642289 -1.30016135 -0.27036624  2.16436621  1.03160677
  0.0707742  -0.22535986 -0.14752535 -0.91804479  0.88359661 -0.07554692
 -1.88966103 -1.17862686  0.24326485  0.42964592 -0.87429827  2.24465181
  0.71945688 -1.01189606  0.01387678  0.0105653   0.30930057  1.13243173
  0.73090678 -1.1680278   0.2588061  -0.76672051  1.00818952  0.60217937
  0.41882857  0.80699945  0.89034438  0.49448405  1.09450606 -0.1809777
  0.10500583 -0.50198417 -0.87648452  1.07588612 -0.85168035 -0.21177532
  0.88437405  0.20229253 -0.09090058  0.88759411  0.51417958  0.2961081
  2.03201483 -1.11060697 -1.1512521   0.8948299   1.69038084  1.19085502
 -0.12384475  1.32236862 -0.48544235  0.49873614 -0.40792417 -0.68643166
 -0.58101267 -0.74429633  1.0279642  -0.93691885 -0.42094669  0.85755655
  0.70258344  0.88464852  0.40733805  1.83834747  1.02917499  1.87792374
 -1.081146   -0.50950829 -0.34639    -1.01658213 -0.98804873  0.71736881
 -0.39664593 -0.15109511 -0.40388517 -0.50791801  0.80453983 -0.78379209
 -0.66675613 -0.51022123  0.97761323  0.10542643  0.69196831  0.60994819
 -1.08577789 -1.18450377  0.36747934 -1.22752014  1.10596616 -1.73740961
 -1.5427559  -0.25740825  1.00701317 -0.44920472 -1.48840115  0.89645555
 -1.85600747  1.47830242  2.44362231 -0.809124   -0.52496038  0.33967848
  0.42952691 -1.24331637  1.13301102 -0.65700214 -2.18686211  0.29488012
 -0.42070295  1.11036789 -0.77021117  0.01370154  0.30045809  0.08930272
 -0.84799088 -0.09440182  2.24464943  0.74870502  2.49892458 -0.2120508
 -0.36585626 -0.99588576  1.12639295  1.15379975  1.45401307  0.26270499
  0.02731918  0.40090738  0.05100852  0.09092878 -0.11916652  1.46357304
 -1.31885731 -0.77840243  0.38264258 -1.25512094 -0.04128499  0.24007263
  0.54156051  0.8862385  -0.43790142  0.13737822  1.01175311  0.29566559
 -0.49070949  0.27811993 -0.33002423  0.37253262 -1.01990313  1.53397939
  0.6039509   0.05390917 -2.73711154 -0.07956283  0.20280243 -1.52888452
  1.13513896 -2.01238241 -0.67710896  0.1044511  -0.16900113  0.08860509
 -0.44408192  0.95768777 -0.45301494 -1.46149624 -2.47205024 -0.00938048
  0.51052033  0.63880257  0.80942807  0.01576842 -0.43818749 -0.86970093
  1.65926656  0.25875501  0.6673774   0.72167806 -0.72016816  0.73606429
  2.15482574 -0.86247442 -0.4907172  -0.88753773  0.82680583 -1.25259874
 -0.79338324 -0.86254496  0.5241144   0.41856552 -0.84264521 -3.05179316
  1.04629524  0.40495354  1.43486507 -0.31188275 -2.43976087 -0.7602552
 -0.95590174 -0.86122858 -0.8608539  -1.27753852 -0.28908773  1.94589922
  1.27083545  0.558472   -1.28826116 -0.17210987  0.09701661 -0.11482075
 -0.25890984 -0.44524035 -0.24063654 -0.6767419   2.00745395  1.4263517
 -0.36890568 -0.17972611  1.11342394 -0.9515826  -1.25629199 -0.34751326
 -0.04863908  0.75226781  1.85426032 -1.77888408 -1.52150889  0.8125672
  0.68542428 -0.47873352 -0.89679537 -0.37644079  0.54209779  1.04018351
 -0.51492925  0.49466557 -3.20620075  0.78003683 -0.28319492  0.24206706
  0.42164871  1.84432778 -0.03481514  0.53320638  0.40190237 -0.92847257
 -0.72330134  0.26369929 -1.22933365  0.32319037 -0.70315622 -0.77901474
  0.53301879  2.06715271 -0.7488017  -1.83132244  0.16032456  0.34151522
 -0.3029825   0.55627841 -0.43301528 -0.88249179  1.52448128 -0.01844004
  0.56587537  0.27716374 -0.56038303  0.14141583 -0.83233248  1.72646782
  0.78771303  0.24555088  0.61320203 -1.68043682  1.88423491 -0.99678626
  0.71111032 -0.90634733 -1.21927428  1.18954267 -0.91979612 -0.78800548
  0.16367816  1.0087902  -0.56588452 -0.02937315 -0.01100164  1.35982485
 -1.08730793  0.00876545  0.71019303 -0.83522073  0.42499446 -0.43063811
  2.42455517  0.40249557  0.64381716 -3.04100802  0.34943305  0.23208879
 -0.46100089  0.17612987 -0.0054095  -1.39870727  0.40916581 -0.88391534
  0.8752725   1.28803768  0.3574253  -0.30155587 -1.39975425  1.21404644
  0.89674991  1.61501797 -0.43374285 -1.08583596 -0.06417834  1.07437578
  0.18253056  1.49008374 -0.03918845  0.36617875  0.01787701 -2.11737655
 -2.04904044  0.01439222 -0.59630042 -0.23257014  1.26348261  0.19155004
 -0.84344456 -0.57476244  0.37382611 -2.59473914 -0.35221833 -0.58085301
 -0.26252359  0.28481906  0.47580394  0.59461814 -0.88658074  0.48308293
 -0.12325132  1.25870501  0.35690858 -1.77217065  0.64920934 -1.4177769
 -0.34944031  0.58339304 -0.97452279 -0.49818211  1.42554172  0.22518117
  0.37046336  1.96029301  0.55165145 -0.47816834  0.02540305 -2.70946986
  1.60579762 -0.54579495 -1.55323333 -1.03111229 -0.15472345  0.82427395
 -0.13451841 -1.21475502  0.70917701 -0.13623654 -1.2493968  -0.80623356
  1.30360273  0.06822483 -0.04502412 -0.55449755 -0.26273433 -0.2992305
  0.29217138 -0.18744742 -2.02548935  0.05563505  1.33231887  0.09207702
 -0.74378339 -0.33508943 -0.71730729 -1.18599933 -1.40007121 -0.83574818
 -0.07019263 -0.84621517 -0.17306905 -0.65551378 -2.35499755 -0.29660412
 -0.1729341   0.71549518  1.33806254 -1.27114403  0.01039125  0.06070347
  0.70381275 -0.38968594  0.57387811  1.25704225 -0.10312314 -1.726187
 -1.31730547 -2.09319107 -1.08160655 -0.37518859 -0.32833277 -0.06418928
  1.51443698 -0.70996994  0.0046821  -0.25917498 -0.05812948 -2.83376693
  1.45042386 -0.03146505  0.48943411  1.17183454  0.00751136 -0.09466947
 -1.00361875 -0.04890518 -0.65409306  0.14790451  0.42961708  0.4976881
  1.26264915  1.24586147 -0.69266068  0.73327363  0.06817049 -1.68935156
 -0.11881462 -0.85688348 -0.09210256  0.46537534  0.41412212  1.42872715
 -0.37851674  0.37037587 -0.96411163  0.32833878 -0.883855   -2.02284175
  1.64334217 -0.173391    0.45561653 -0.22134962 -0.34802151  0.13770318
  0.25247771 -1.78623228  2.2234744  -1.87829676 -1.46307281  1.35791313
 -1.54622997 -0.80664888  0.43454816  0.56871961  0.26230143 -1.1978549
  0.1308703  -0.00607584  0.11116781  2.9827246   0.32865124 -1.47607588
  0.8479279   0.53179094 -0.91857193 -0.28279213  0.78187714  0.92998095
  0.4684814   0.4868151  -0.42047211  0.8710334  -1.1037082   1.9541817
  0.02289644 -0.22818154  0.70290396 -0.02143848  0.28020357 -0.03139678
 -2.44786866 -1.34168278  0.05117715  0.09864354  1.5647932  -0.66145931
  0.45928271 -1.01916675  0.64893335  0.38636244  0.89183952 -1.28347924
  0.60785304  0.30333472  0.45378926 -0.18899848  0.83197375 -0.38724251
  0.14775796 -1.05165072  0.27946797 -1.94364257 -0.68840762  1.99410526
 -0.68420422 -1.47430532 -0.27581711 -1.31926922 -0.55777527 -0.56462806
  2.21397812  0.11450807 -0.26593298  1.73104657 -1.63443228 -0.92584692
 -0.4496653   2.08596047 -1.89492859 -0.35083202 -2.73595025 -1.05035704
 -0.18098428 -0.85534617  0.14760307  0.52978131 -1.05447446  1.2572964
 -0.37352782  0.05527315 -1.07593871  1.07389834 -0.72183676  0.50044163
  0.49482386  0.9019029   0.5335921   0.66121016  0.12449028  1.2207239
  0.97885293 -1.14790024 -0.5245845   0.58137351  0.64701122  1.80168295
  1.38863336  1.45252235  1.81225533  1.14173994 -0.11799506  2.748088
 -0.83620739 -0.89493691  0.37417524 -0.68239645  0.79010416 -2.50831259
  0.37036459  0.21128673  0.42157544  1.05638747 -0.52210575  0.28945704
  0.11019005 -0.11039507 -0.8627606  -0.09070787  0.26746547  0.31796726
 -1.30873197  2.22654821 -1.36985496 -0.09277246  0.46720559  0.98041782
  0.49475498  0.40128383  1.02952728 -0.19334694  1.98870595  0.05702661
 -0.45940527 -2.79825791  0.63157063 -0.58380516  1.76851836  0.17477878
 -0.53082382  0.23801582  0.79922474 -0.02078828