-1.38339941 -0.61637561 -2.07595283  0.05461022 -3.15483281 -0.83695767
 -1.2161096   1.43749957  1.79352234 -0.5632822   0.47337481 -0.18788307
 -0.96097127  0.27121818 -0.35112199  1.03323014  0.84208786 -1.15294574
 -1.49398383  0.33022187 -1.07702678  0.09874375  1.65311969  1.43322489
 -1.96255569 -0.29166077 -1.07697473 -0.70325527  1.07685096  2.93618553
 -0.17219112 -0.69419804  0.64040176 -1.11339366  0.86616071 -0.06032052
  0.351559    1.03915135 -1.01444678 -0.84227654 -1.07101576 -0.76232597
 -0.03268612  0.44655536 -0.79180899  1.46298898  0.49081185 -0.55629592
 -0.22910341 -0.04609878 -0.02881856 -0.17523125  0.23591903 -0.89730159
  0.63653319 -0.41034784 -0.28019402  2.26231217 -1.03012543 -1.62264493
 -0.09768865  1.24300906  1.17262008  0.098668   -1.93410572  0.60522455
  0.75161714  0.92130504 -0.6576914   1.63887325 -1.25493169 -0.23614952
  1.44087321 -1.19602797  0.93099192 -0.01644917  0.21244997 -1.6770674
  0.63850936 -0.49002288 -0.4719348   0.57139017 -2.41676801 -0.53081409
 -0.16664096 -0.53792667  1.36016978 -0.63785528 -0.43055857 -0.58587455
 -1.08092735 -0.05661048 -0.85287527 -0.64647836 -1.75571553 -0.19726904
  0.21292838  0.76225925 -1.0722393  -0.54970896  0.24643447  0.66415585
 -1.19249832  0.15931948  0.42560907 -1.1192589  -1.29382606 -0.83478994
  0.71088646 -0.63834835  0.98859212  0.31241322  0.11096905  0.14212703
  1.13286887  0.07486923  1.26487874  0.33862773 -0.54371087  0.12293117
  0.27470854 -0.41624064  1.22371988 -0.92742178  0.55961563  0.81161764
  1.31725038 -1.12617835 -1.03227282  1.94181806 -1.11410045 -0.17996638
 -0.44537626  0.68991291 -0.63020483  0.23123579 -0.40745774 -0.45421352
 -0.05854573 -1.36161052 -0.15410219 -1.55409101  0.65875959  0.59768932
 -0.06736134 -0.06511432 -0.67762532  0.67792709  0.26794792 -1.01165497
 -1.15360166 -0.25975694 -1.78980373 -0.14389534  1.0201185  -2.09107278
 -0.03536697  0.60385523 -0.651805   -1.20010541 -0.04243746  0.63471483
 -1.66452674  1.07525026  1.38084393  0.46525094  0.5103656  -1.37080951
  1.38907903  1.02583757 -0.71052125  2.20984926  0.45919545  1.74064269
 -0.56088903  2.58843902 -0.47196648  1.40404733  0.52511482 -0.7997662
 -1.10559026 -1.88182169  1.27785493 -1.19950557  1.52493638 -0.03490831
  0.11382005 -0.1385778  -0.25941385  0.20099019 -1.48357361 -0.21799161
  1.20214938  0.14765561  1.42930723  0.1169236  -2.10096973  2.28117127
 -0.02141065 -1.0388036   1.14161023  0.34871401 -0.34404561  0.00652083
 -0.14394099 -0.70718047  0.17097586  0.51891936  0.5878743  -1.19400844
 -1.54756871 -2.10256471 -1.02328644  2.91914605  1.11837396  0.61534762
  0.02365949  0.34567331  0.46390204  0.44741179 -0.03260096 -0.63165079
 -0.12276808  0.08083791  1.66995076 -0.42405774 -0.0226392   0.48960256
 -1.02843416 -1.94814549  0.27172447 -0.17443646 -0.05831243  1.0874551
  0.14020619  1.06974137  0.01723278  0.1814728  -0.77927875 -1.58068021
 -1.33162925  0.36654821  1.86104722 -0.33053161  1.55142693 -0.95123872
 -0.52484836 -0.07231824 -0.48264932 -0.1393185   0.80782992 -2.10681759
  2.26142489 -0.71770042  0.17320877  0.58181018 -0.37408449 -0.55132661
 -0.54981431  2.28897347 -0.57488537  0.5376943  -2.83416109  0.72186029
 -1.18041284 -1.16378464 -0.94352682  0.62196699 -0.61305501  1.45152388
 -0.68436979  0.98824449 -0.0473867  -1.15447048  0.81987695 -0.00507521
  0.48984588  0.78545565  0.22679467  0.9888647  -1.86831268 -0.53752637
  0.40654585 -0.78535906  1.46133917  0.30359131 -0.41167035 -2.68551555
 -1.13998682  0.76836021 -1.04371651 -2.25588559  0.36718951 -1.27446355
  0.55017741 -0.19360387 -0.10171566  0.68560107  0.91119573 -0.07725523
  0.71436792 -1.08981591 -0.98903325 -0.66264129 -1.16448956 -1.08907389
  0.01506608  0.58688324  1.51367923  0.3608723  -0.1964394  -0.71177597
  0.97286396  1.55907357 -0.0824913   0.29729763 -0.13412549 -0.47751614
  0.06006533 -0.34993227  0.8826123  -0.51719757 -0.33039505  1.34661526
  0.8976439   0.66146407 -0.31277564 -0.00901341 -1.34921995 -0.56146911
 -2.14783887 -0.23250349  1.1491871  -1.29683403 -0.07174629  0.14424481
 -0.26584957  0.62932999  1.0282487  -1.26888874  0.10838429 -0.77506092
  0.48919321 -0.27652491  0.53300171  1.98360754  0.96851419 -0.49931572
 -1.71913638 -1.32410465 -0.73668288 -0.28892015 -0.65370266 -0.45741663
  2.28166871 -0.37451901  0.00687731 -2.7686313  -0.47255715  1.00517562
  0.56450415  0.03902346 -1.80404673 -2.15631574 -1.05663856 -0.63412685
 -0.37555485  1.57148018  0.41340692  0.12883688  0.68999124  2.16116977
  0.4584624   0.41468481 -0.62946303  0.655227   -1.44172667  1.59076909
 -0.03241253 -1.63019544  1.06812459 -0.94706558  0.56851592  2.09705135
 -0.15127734  1.1909667   0.59339138 -1.07811688  0.8888944  -0.82150995
  1.78388902 -2.7216418   0.4677739  -0.76374224 -0.18798496  0.88504517
  0.10416399 -0.10597881 -0.03211005 -1.52661704  0.94546935 -0.27963689
  0.03769345 -1.97082752  1.92600547  0.35824073 -0.67275635 -1.61444233
  1.41807788 -2.02400938  0.85653067 -0.04326395 -0.21316895 -1.51528884
  0.22415931 -2.63255504  0.81908118  0.90486699  1.41126132  1.64540712
  0.788946   -0.87816222 -0.31432239 -0.56419743  1.43325942  0.4648658
  0.78872186 -0.02689735 -1.20226902  1.37489032  1.36020977  0.51376924
 -0.22653583 -0.66219942  1.78096453  1.24467204 -0.06567491  1.36676065
 -1.05903987 -0.68767698 -0.10508173 -1.14982257 -0.99594545  2.43421774
 -0.92094631 -0.513211   -2.08541146 -0.81446388 -1.10074661 -1.04472519
  0.47893029  1.65102058 -0.44801762  0.69475638  0.91132468 -1.57395752
 -1.65859032  0.56819567 -1.13165257 -0.45585535 -0.78529989 -0.79550326
  2.34395349 -0.46204692 -0.17805475  1.53881532  0.08733157  1.10415415
  0.48297458 -0.77951393 -0.48001661  1.61853939  1.65695426 -0.38525279
  0.79369942  0.92469582 -1.10190954  1.01781377 -0.75856251  1.76082266
  0.62890751 -0.72053244 -0.44150974  0.45132135 -1.29133736  0.57208553
  0.19088379  0.34520728 -0.20620254 -0.67090856  0.59186272  0.45399506
  0.30978193  0.8408167   0.35879037  1.57008237  1.13059826  0.27186937
  1.6023881  -0.42510499  0.76425291  1.80698201 -1.26117683 -0.57419341
 -1.33963659  0.17824356 -0.43835985  0.46619414  0.15222449 -0.09036948
  0.38089961  0.2562688   1.49258093 -0.63518614  1.88287414 -0.16824797
  0.41575222 -0.77343693 -0.89386236 -0.81274285 -1.72196107  0.90162389
 -0.2093368   0.80999821  0.10809878  1.20936004 -0.08824424 -0.65156192
  0.39831425  0.77641352 -1.10811629  1.52293022 -0.76989929  2.79015199
 -0.51340919 -0.54772884 -0.79285605 -0.54247073  0.95333051  0.44387284
  0.90614976  0.44902728  0.12391552  1.48773604  1.25582074  0.0494445
  1.36560352  0.85969311  1.88658634 -0.07745292 -0.00624191  0.52529109
  0.04189337  0.81835691  1.13449323  1.64871093 -1.24024875 -1.32201651
  0.37635986  0.82790353 -0.17673537  0.35123111  1.22833627  0.78538851
  0.12823643  1.39557255 -0.32500957  0.34943028  0.70329972  0.2406103
  0.6865254   0.33335222 -0.66494375 -0.77367467 -0.30207858 -0.16653787
  1.05867045  2.17504717 -0.90718428 -0.85479892  1.69185582 -1.23011438
 -1.76607735  1.88053185  1.49896855  0.01574082 -0.2542401  -0.61990173
  0.67624167  1.57581467 -0.52042111  0.3909762   0.68563603  0.96919155
 -1.11724205 -0.36329777 -1.46745249 -0.34762615 -0.59799455  0.47977557
 -0.7405937   0.69420083  0.58918681  0.38085026 -0.63889772 -0.99828366
  0.82575715 -0.89660432  2.1250814   0.25681518  1.15254437  1.62640623
 -0.59874673  0.69375631  0.58046857 -1.09157253 -0.45946635 -1.57203587
 -0.41868614  0.59122203 -1.28346444  1.24130891  0.46723798 -0.44757186
  0.13535082 -1.23406711 -1.2328422   0.48676988 -0.2394973  -1.00541058
 -0.20756179 -1.11122538  0.38007201 -0.8719696   1.57659924 -0.35905599
 -0.07978446  2.14748767 -1.07102959 -0.30477299  0.02402848  0.43872095
  1.28725116  0.26056374  0.3465464   0.98457218 -0.31119487  1.40278958
  2.55758386 -0.50578375 -2.49467172 -0.76858157  0.66097831  0.78989266
 -0.84123056  0.10245267 -0.02144007 -0.06090686 -0.89318986  1.09651019
  0.76600229  0.15019717 -1.14814449  0.98028588 -0.17517921 -2.35533546
  1.28886489  0.33590239  1.03242167 -1.01338365 -1.85057591 -2.01184065
  0.86492688  0.11120496  0.17803905 -1.06103504 -1.49412376  1.0050968
  0.18910908  0.69193164  0.37139156 -0.27372088 -0.23632912  0.9829873
  1.56870823 -0.8205871  -1.15739913 -0.08968714  2.31046135  1.05897772
  0.42055618 -0.43767019  1.11535986 -1.91845547  1.13601151 -0.45237542
 -2.42752292  1.01736786 -0.59026874  0.11976072  1.01266805 -0.80608496
  0.50094028  0.27947877  0.47717271  0.29327186  1.39355469  1.5827518
 -1.58652474 -0.87220185  1.19362043  1.29785911 -0.38427678 -2.29949591
  0.648041   -0.10500526  2.04531176  0.22840419 -1.13253494  0.74413256
  0.55315036 -0.4480414   0.44909836  1.06769428  0.699803    1.16483013
 -1.15170028  0.28053718  0.15358634  0.344487   -0.31991499  0.56190088
 -1.4023926   0.80890536 -1.31469059 -1.26848194  0.45797645  0.66052578
 -0.07507527  1.00584704 -0.87830026 -0.83498359 -0.27069754  1.11121452
 -0.86823339 -0.75083969  0.95132404  1.50131228 -0.15118941 -0.01736559
  0.08769511 -0.90242806  1.65125898 -0.18172133 -0.58596377  1.82233843
 -0.0664607   0.80639053  1.39226051  2.06250181  0.51526942  0.08356581
 -1.47005026 -0.5520459  -1.00157823 -0.15288876  0.24113235  0.15866182
  1.95820262  0.57714046 -1.07927128  0.13696972 -3.09509317 -1.2199141
 -1.97705202  0.47253247 -1.18152631 -0.58822575  0.85347942  0.05026666
 -0.3776542   1.14147636 -0.12505983 -0.59296595 -0.03365252 -0.66006786
 -0.73181421  0.77392032  1.49821818 -0.3437874  -0.08492176  0.55113566
 -0.0053952   0.29122712  1.32906409  0.9054583   0.14295704  0.1395852
  1.09010104  0.82490735 -0.97561089  0.67826276 -1.77049199 -0.38889657
  0.49607696 -0.15775922  1.30138151 -1.71434505  0.85868246  0.22527648
  0.27148131 -1.24719276  2.11104292  0.50833521 -0.93473511  0.18003629
  0.09312823  0.01852051  0.79228541 -0.70466834  0.76715026 -1.41310395
  2.11091994 -1.05918298  0.8612312  -0.9567156  -1.11873986  0.26988272
 -0.4758063  -0.03445302 -2.97402678  0.77310684  0.97318867  0.75852041
  0.17703483  0.03184529  0.56904751 -1.51530473 -0.12420436  0.53702502
  2.40179286  0.17352477 -1.09167805 -1.26152975 -1.89828353  0.32700545
 -0.51198093 -0.32610298  0.17252342 -1.19505918  0.43673579 -0.97149137
  1.54368669 -0.66860893  0.59091837 -0.5077197   0.40458847  0.17873857
  0.28608575 -0.39644192 -1.27485506  2.21421481 -0.45277113 -0.84437742
 -0.49850344 -1.10497818  0.6114863  -0.67396358 -0.10531188 -1.1864786
 -0.60082173  0.82267797 -0.9187321  -0.56903497 -1.00106747  0.82732204
 -1.09380296  1.64521111  0.71498899  1.60184778  0.17202311 -1.94966753
 -1.3076789  -0.78610491  1.16020569 -0.92045157  2.13159864  0.093648
  0.24936495  1.61460681  1.38409799  2.33619767  0.73795528  0.73651776
  1.28333609  0.78516883 -0.64111905  2.0390765  -0.06695575 -0.058652
 -0.24926473  1.02480786  0.45840742 -1.90122874 -1.15603673 -0.8169718
  0.71646101  0.54364779  0.04864864 -0.20264249 -1.51258429 -0.92875207
  2.33234124 -0.72884229 -1.37452366  2.62880546  1.00581648  0.12134178
  0.24490783 -0.54811395  0.12086822 -0.50296655 -1.2902786  -0.14323909
 -0.90690382  0.53917965  0.67521774  0.14866958  1.07014098 -0.43804448
 -1.43522451  0.05198363 -1.05371777 -0.75232069 -1.08861867  0.77876234
  0.30120952 -0.60665951  1.13219    -0.01977285  1.28816482 -0.41350625
  1.13693738  1.12115971  0.51087438  0.49827194 -0.21049755 -1.96143566
 -0.44407145 -0.45872494  0.21122371 -1.05834628 -0.57100469 -1.16381266
  0.62140512  0.15107363 -1.91672937  0.78961003  1.33438635 -0.72742988
  0.7977335   0.688819   -1.32991109  1.50845914  0.82735313  0.10508551
  0.52134525 -0.29187289 -1.18079654 -0.65263329  0.53639058 -0.43082269
 -0.46542875  0.29338231  2.03872205  1.0354001   0.09811164  0.93066161
  0.26298969 -0.78157198 -1.44513097 -0.86532331  1.03602463 -0.09789011
 -0.17841502  0.54573791  1.34776951 -0.6978198  -0.8704278   2.32108726
  0.8274753   0.28081047 -0.81325858  0.99978629 -1.7899438  -1.76692652
  1.07169179  0.04890959  0.49620858 -0.07043016