 2.92593967e-01  2.11493157e+00 -1.08475804e+00 -9.11233416e-01
 -7.62130496e-01 -5.97713694e-01  1.48280643e+00  8.75098264e-01
  1.51405000e+00  7.98964111e-01  7.64726691e-01 -1.21020084e+00
  6.28187443e-01  1.52857431e+00 -1.10278355e+00 -6.50092354e-01
 -8.68743533e-01  4.11929470e-01 -2.05957003e-01 -5.63113449e-01
  6.31401963e-01 -8.30039749e-01  1.56122148e-02  9.17516918e-01
  1.68648052e+00  1.22732063e+00  1.93032011e+00 -1.10675740e+00
  6.03925052e-01 -1.22289555e+00 -1.46415666e+00  8.71518247e-01
  1.74679561e+00  8.29196334e-01 -8.41722949e-01 -3.91817371e-01
  1.63102509e-01  4.54650407e-02  4.54361603e-01  4.04350287e-01
  1.52881496e+00 -4.24887385e-02 -3.81545961e-02 -1.07644264e-02
  2.38594335e-01  1.25628874e-01 -1.54170774e-01  6.79945037e-01
 -9.11883945e-01  2.41639104e-01  4.22455974e-01  1.61267091e-01
 -2.02879903e+00 -9.69589877e-01 -5.98266527e-01 -6.22803367e-01
  1.81265133e+00 -7.86121661e-01 -1.55690872e+00 -1.49438697e-01
 -1.07340053e+00 -4.25552211e-01  8.38210114e-01 -4.17591074e-01
 -7.05940118e-01  1.01995010e+00 -3.89201827e-01  8.40535301e-01
  8.25600765e-01 -3.75430816e-01 -2.71589325e-01  9.33086155e-01
  8.66310345e-03  2.63145430e-01 -1.27505564e-01 -3.14703785e-01
 -6.30454197e-01 -1.51904670e-01  1.02066701e+00  1.62171800e+00
 -1.09283609e+00 -1.13288339e+00  8.04473812e-01 -1.61173776e+00
  1.21130754e+00 -5.80646402e-01 -4.31498696e-01  1.48052293e+00
 -8.30567885e-01 -1.51288350e+00  1.09112291e-01 -8.49107492e-02
 -1.17915501e+00  2.88944228e-01  1.76076687e-01 -3.77473282e-01
 -1.37388929e+00  1.46345143e+00  7.56409307e-01 -2.63855072e-01
 -4.87976327e-01 -9.72370234e-01 -4.59351590e-01  1.43858460e+00
 -1.06583095e+00 -1.34110273e-01  1.03418321e+00  2.65226077e-01
 -1.21118722e-01  8.81112294e-01  9.49063050e-01 -1.03579798e+00
  1.02002096e+00  5.20404301e-01  5.16654341e-01  8.32538711e-01
 -8.22544829e-02  1.85108244e+00  9.60403375e-02  2.66242145e+00
 -2.89828369e-02 -1.58066314e+00  2.12688074e-01 -2.23497350e+00
  8.17162187e-01 -1.42657502e+00 -1.54574492e+00 -7.66699068e-01
  1.01231137e+00 -1.06871404e+00  8.95721990e-01  7.71314533e-01
 -3.45598349e-01 -1.28500645e+00 -9.03617020e-01 -3.83880308e-01
  2.08234415e-01 -1.82645292e-01 -1.05513473e+00 -4.45906736e-01
  5.58895433e-01  7.68101099e-01  8.86573229e-01  1.13276763e+00
  6.01537848e-01 -2.64684989e-01  4.02504732e-01  2.06133800e+00
 -5.85063790e-01 -1.35107789e-01 -1.53747614e-01  6.28784029e-01
 -6.51302248e-01 -1.11109143e+00  6.40687683e-01 -1.19173755e+00
 -2.14627712e+00 -2.17919984e-01  1.13045883e+00  1.65403648e+00
 -5.87859149e-01  9.09072786e-01 -4.68283083e-01  1.66109019e+00
  1.95220980e+00  5.75508942e-01 -1.77166185e+00 -1.14445542e+00
  1.09193585e+00 -2.40857166e+00 -2.59680079e+00 -1.03102911e+00
  9.69348426e-01 -1.49956916e+00 -1.23427620e+00  2.55845831e-01
  3.05745057e-01  7.06435275e-01  4.93042259e-01  2.09962480e+00
  8.47632024e-01 -1.56750069e+00  1.23940933e+00 -8.79123781e-02
  1.94404001e+00 -1.18439472e+00 -2.18285040e-01 -2.68083800e+00
  6.03599617e-01  1.57577544e+00  4.68309697e-01  6.86649311e-01
 -1.45247326e+00 -8.06636521e-01 -1.11981202e+00 -1.18427597e+00
 -1.91215645e+00  3.84241120e-01 -1.30904397e+00 -6.49181305e-01
 -1.48151371e+00 -2.35841131e-01 -2.39322846e-01 -9.05715000e-01
  6.11434942e-01  2.22250772e-01 -2.06299914e+00 -2.15544295e+00
 -4.60431688e-01 -3.53861457e-01 -2.60137177e-01 -3.76149432e-01
  2.24150997e-01 -5.84957773e-01 -6.56920005e-01 -9.65915747e-03
  3.92056456e-01  3.43922793e-01 -9.82337696e-01 -6.19114724e-01
  7.77868687e-01 -3.93060356e-01  1.04751243e+00 -2.46203669e+00
 -5.93541176e-01 -3.63865993e-01  9.49555511e-01 -1.12864187e+00
 -9.73059150e-01  2.46440977e+00  2.66269401e-01  3.26731592e-01
  2.41827276e+00 -1.49017215e-01 -1.75137788e-01  4.44961913e-02
  1.48532004e+00 -4.32010392e-01  7.19901237e-01  4.35124862e-01
 -6.12727421e-01 -2.55032240e-01  5.10802830e-01 -3.43832235e-01
 -7.17879080e-01 -2.56472809e-01  7.29367168e-01 -3.51014691e-01
  6.62462952e-01 -4.55115648e-01 -3.41617867e+00 -1.65416382e-03
 -1.59275396e+00 -1.55835551e+00  7.74029329e-02  7.46385118e-01
 -1.61811268e-01  3.31472128e-01  2.72983291e-01  1.44315228e+00
  1.05301765e+00  1.10742384e+00 -1.92331799e-01  2.28855780e-01
 -3.85256506e-01  5.53078610e-02 -1.25281890e-01  8.01741196e-01
  1.99622424e+00 -2.17616997e+00  9.00021362e-01  1.42793506e-01
  1.04438850e+00  1.70804352e-01  9.60182909e-01  1.13774238e+00
  3.20496789e-01 -3.14770955e-01  6.39597559e-02  3.63892689e-01
  3.59312946e-01 -7.28232216e-01  7.38259118e-01 -4.77089522e-02
  1.11645509e+00  9.94421387e-01 -3.81257463e-01 -1.91164190e-01
  2.71484571e-02 -7.70755434e-01  6.49032126e-01  9.37929292e-01
  4.33022955e-01  2.26941355e-01 -2.22838327e-01 -6.94459962e-01
  7.26405331e-01  6.85592014e-01 -1.39695885e+00 -6.80686378e-01
 -2.13888877e+00 -2.34733737e-01  1.25456950e+00  1.80314494e-01
 -2.13880180e-01 -2.42992167e-01 -7.97663536e-01  1.12864704e+00
  3.29449221e-01  9.71460163e-01 -1.01700522e+00  7.15335010e-02
  7.11807520e-01 -6.60568978e-02  4.92850673e-01 -1.23618347e+00
  1.97422298e-01  1.44642371e+00 -8.54061910e-01 -6.91220555e-02
 -5.96390377e-01 -6.29608515e-01  1.59398433e-01  2.62479430e-03
  9.00312983e-01 -9.11952260e-02 -1.46605716e+00 -3.30166741e-01
 -2.78312479e-01  6.20367407e-01  1.46208586e-01 -1.01087086e+00
  2.38526479e-01  6.07226131e-01 -3.34112554e-01  7.86693201e-01
 -6.63535030e-01  3.97061047e-01 -1.54843404e+00 -7.07551494e-01
 -1.43278272e+00  1.03081799e-01  3.43542004e-01  1.43133423e+00
  1.05306152e+00  1.14347808e+00 -7.70734264e-01 -9.48352153e-01
 -4.96331673e-01 -1.70308416e+00  1.28680947e+00 -6.18267966e-01
  9.48933702e-02 -1.25546724e+00  5.06424103e-01 -7.01923290e-02
 -1.01724611e+00  1.76954380e-01  2.54901081e-01 -1.36502253e+00
  4.34312537e-01 -1.87839651e+00  1.18173574e+00 -4.40395662e-01
  7.92035472e-01  1.15569066e+00 -1.08036440e+00 -7.44379440e-01
 -3.74219973e-01 -1.19770544e+00  4.09470624e-01  2.27804458e+00
  1.10195314e+00 -5.65214109e-01  1.84923348e+00  4.75438960e-01
  4.09700621e-01 -1.63593895e+00  4.15495351e-01  9.20364267e-02
  2.95302582e-01  7.10775981e-01  5.57749720e-01  7.67280138e-02
  7.61303320e-01 -4.29409877e-01  9.72949377e-01 -9.97155891e-01
  1.76700437e-01  1.61897933e+00 -8.54875002e-01 -9.07883706e-01
 -7.24886998e-01 -6.94452618e-01  2.10905375e+00 -2.32590053e-01
  2.01038422e+00  5.49889297e-01  4.15074139e-01  1.50615832e+00
 -2.78009723e-01 -2.95243345e+00  3.44421964e-01 -9.11543620e-02
 -1.09315375e-01 -1.70008317e+00 -3.75173976e-01 -2.09728237e+00
  1.00148969e-01 -5.48229978e-01 -6.36103644e-01  9.57060782e-01
 -1.00655726e+00  3.83150692e-01 -1.17169597e+00 -2.55002530e+00
 -5.93716531e-01  3.58841802e-01  2.37103199e-01  1.22780670e+00
  2.22629602e+00 -2.71414225e-01  5.16011196e-02 -8.51943016e-01
 -6.76277927e-01 -5.52534537e-01 -1.25640107e+00  1.53751838e+00
  4.40748780e-01 -1.37486590e+00  1.00893198e-01 -9.57000827e-01
  6.91886194e-01  8.92483905e-01 -7.41038913e-01 -4.91485214e-01
 -2.16342911e-01 -7.18729446e-01  2.64476578e-01 -1.79605538e-01
  2.65951382e-01 -2.85420306e-01 -1.56689539e+00  4.81420152e-01
 -3.96284759e-01  1.30059396e-02 -3.42195958e-01  1.30459630e+00
  1.22637959e+00 -1.20429693e+00  7.35710574e-01  1.27357516e+00
 -4.45791961e-01  1.59886266e+00  2.47194098e-01 -2.25564802e-01
  4.31619061e-01  8.98058716e-01 -7.16407991e-01 -1.58206499e-01
 -3.65302176e-02 -2.01561840e-01  1.00202478e+00 -2.64672507e-01
  1.63472166e+00  3.91046827e-01 -1.29437061e+00  3.91127116e-01
  1.94170589e+00 -5.66530533e-02 -1.33797382e-01 -1.51294989e-01
 -1.63919185e+00 -9.39691602e-01  3.46681713e-01 -3.29637755e-01
  8.52155200e-01 -4.16465438e-01 -1.11280541e+00 -2.14101538e-01
 -8.21018066e-01  2.97821346e-01  4.39697993e-01  2.22413247e+00
  4.99539830e-01 -1.37030017e-01  8.39265437e-02 -8.89768612e-01
  1.64769781e+00 -1.98019922e+00 -2.38865345e-01 -2.58386460e-01
 -1.01550894e+00  1.63178114e+00  1.02362589e+00  1.23198169e+00
  6.88677771e-01 -2.13702040e+00 -4.97184788e-01  3.52429939e+00
 -4.15831733e-01 -9.94376838e-01 -5.34481834e-01  2.62346495e-01
  1.25692171e+00 -1.10658795e+00 -5.86304431e-01 -1.75416087e-01
 -2.31819750e-01 -1.15035945e+00  7.58461443e-01 -2.72770986e-01
  5.47909855e-01 -1.74115390e-01 -6.92308413e-01  8.37830880e-01
  4.08120775e-01  1.56558192e+00  8.77278543e-01 -2.05180671e+00
 -2.73887464e-01 -2.72268406e-01 -2.51763023e-01 -5.19051534e-01
  1.69786608e+00  5.37357995e-01 -6.01251219e-01 -2.61515220e+00
  2.39785351e+00  3.35949951e-01 -4.06635047e-01 -1.28530164e+00
 -1.10260190e-01 -7.22984446e-01  9.18282385e-01  3.50645910e-01
 -1.29337681e+00  1.39430215e+00  1.02494226e+00  1.43404592e+00
 -7.12231281e-01  3.15746223e-01 -2.22357904e+00 -1.29886540e+00
 -1.00026443e+00 -7.37879279e-01 -1.08298325e-02  3.12481962e-01
 -1.29283018e-01 -1.91881989e+00 -4.38792396e-01  7.16950398e-01
  1.93518657e+00  6.92530945e-01  5.41933631e-01  2.18284903e-01
 -4.07615239e-01  4.99360924e-01  1.17346625e+00 -7.41520480e-01
  1.01840152e+00  6.58552235e-01 -1.80720065e+00 -1.18601454e+00
  1.86919797e+00 -7.29649668e-01 -7.54570439e-01  1.68734497e+00
 -3.31437240e-01 -9.39925243e-01  7.03164408e-03  3.34472186e-01
  1.09354702e-01  2.28557329e+00 -1.86465323e+00  2.39176703e-01
  1.55776045e+00  8.36583842e-01  1.88292268e+00 -1.61512774e+00
 -1.05127869e+00  6.85901841e-01  5.92671096e-01 -2.93354822e-01
  1.12137780e+00 -1.76431736e-01 -1.63909348e+00 -4.21398728e-02
  1.48331167e-01  1.94847746e-02  1.38279779e+00 -6.03360407e-01
  7.18303036e-02  5.45695266e-01  1.47943920e+00  2.10100842e-02
 -8.26296190e-01 -5.73757981e-01 -9.56131829e-01  6.22427022e-01
 -2.31576989e-01 -5.52946183e-01 -1.13028252e+00  7.22414900e-01
  2.51241054e-01  1.00572272e+00 -1.73658321e+00 -1.59394463e+00
  8.09048453e-01  7.16081299e-02  3.48451778e-02 -7.37721786e-01
  1.84506072e-01  9.07207015e-01 -9.38954388e-01 -5.04625080e-01
 -6.78339539e-01 -2.28428959e-01 -2.83404375e-01  1.05397231e+00
 -1.26270367e+00 -7.02816305e-01  5.72294897e-02  1.65708593e+00
 -1.18145544e+00  3.15386564e-01 -1.59364330e+00  1.41357097e+00
  8.46158088e-01  9.40715224e-01  1.78221313e+00 -1.18069703e+00
  5.53319997e-01  1.10159992e+00  9.38857860e-01 -2.33380511e-01
 -9.48347984e-02  3.73481759e-02 -2.61844814e+00 -1.58173675e-01
 -3.29878490e-01 -7.94036334e-02 -2.13168563e+00  3.30960107e-01
  4.34961300e-01  3.88510835e-01  1.02504349e+00  5.12559320e-01
 -1.48856595e+00 -8.19563385e-01 -1.50249888e+00 -4.95342829e-01
 -6.04363267e-01  8.38755910e-01  1.07760707e+00  9.20345377e-01
  6.35168943e-01  1.14435665e+00  1.31709214e-01  8.92526259e-01
  6.94514119e-02 -2.32982429e+00  8.16623693e-01  4.18466209e-01
  5.46236572e-01  3.24881944e-01  1.59043784e+00 -5.78779469e-01
 -4.29216539e-01  3.36278153e-01 -4.48709862e-01  5.51810930e-01
  1.76547909e+00  8.75795847e-01 -7.14431471e-01  9.60950523e-01
 -1.95347120e+00 -7.68869686e-02 -1.71778525e-01 -1.39427297e+00
 -7.92191842e-01  6.69448876e-01  7.59734564e-01 -1.32637758e+00
 -1.15267083e+00 -7.45229299e-01  1.02315836e+00 -8.05760675e-01
 -1.03595426e+00 -3.75310264e-01  7.72183578e-01 -3.90367184e-01
 -6.40060810e-01 -3.20483935e-01 -6.05218715e-01  9.67204325e-02
 -8.49820872e-01  1.02386273e+00 -1.20789183e-01  8.75950945e-01
 -4.23895970e-01  8.65155857e-01  4.47637122e-02 -1.41845830e+00
 -7.22991240e-01 -1.23281757e+00 -1.85403185e+00  1.18407742e-01
 -7.18941646e-01 -1.10188796e-01 -5.83915450e-01 -1.34455355e+00
  1.13703578e+00 -2.31731425e+00 -1.02247686e+00  5.36997887e-01
 -6.09558213e-01  9.77626717e-02  9.81581949e-01 -1.02666326e+00
  1.09247919e+00  4.63571086e-01  1.02458914e+00  2.74751217e+00
 -2.63992713e+00  1.13395254e-01  2.09546008e-01  1.23694093e+00
 -1.11370176e+00  7.23486929e-01 -1.80384178e-01  7.72149560e-01
  5.65999466e-01 -6.19932671e-01  7.21148339e-01 -4.31576637e-01
 -5.22293508e-01 -8.70099973e-01 -4.08630559e-01 -1.00980908e-02
 -1.61371626e+00  3.21525238e-01  4.08062302e-03 -1.83028937e-01
  3.15929646e-01 -3.42944026e-01  2.41097819e-01 -7.69093177e-01
  8.62182766e-01 -3.06263501e-02  1.46802212e+00  6.08025085e-01
  2.36275482e-01  4.10961842e-01  7.69785854e-01  4.12521447e-01
  1.56019077e+00  5.64819459e-01  2.35095326e-01  2.26713417e+00
  9.59056375e-01 -1.97631629e+00  3.73261061e-01 -8.38710780e-01
 -6.60379569e-01  9.53832269e-01  7.49969348e-02 -9.07610928e-02
  1.12205166e+00 -3.69746394e-01 -4.38685729e-01 -1.61842281e+00
  5.56788741e-01 -4.96977809e-01  3.88394009e-01  6.71115786e-01
  1.20963773e+00  1.25349681e+00  6.48584874e-01  8.16919532e-01
  1.37548812e+00  1.07190123e+00 -6.47631349e-01 -6.33486607e-01
  5.03893239e-01 -2.74877920e+00 -8.81128241e-01 -2.61590713e-01
 -5.45375744e-01 -1.92945122e+00  4.69134935e-01  8.58602782e-01
  4.38409077e-01  2.05487838e-01  2.00344529e-02  1.25964912e+00
  8.32290417e-01  1.15284068e+00  1.47642976e+00 -8.13444507e-01
  3.64608123e-01 -1.75263301e-01  1.47250879e+00  1.29243537e+00
  7.12419382e-02  1.93740267e+00 -6.08217019e-01 -2.72906492e-01
 -3.50376520e-01  4.06324470e-01  4.02256628e-01  5.60282514e-01
  9.31755454e-01  2.05640983e-01  1.73261129e+00 -1.71192810e+00
 -9.97265478e-01  6.88055945e-01 -1.73250258e+00  1.23237806e+00
 -1.43211721e+00 -3.41120212e-01  3.93100423e-02  6.92601222e-01
 -3.01284621e+00 -4.41595113e-01  6.43626931e-01  4.51109213e-01
  3.36725696e-01  6.77056963e-01 -2.87512273e-01  1.67383449e+00
 -3.51547240e-01 -2.59072251e+00 -1.15475728e+00  1.01991991e+00
 -1.23447117e+00 -1.69286037e+00  6.40215863e-03 -2.35220327e+00
  1.14184639e+00 -9.49812176e-01  5.09147814e-01 -4.76635119e-01
  1.13101919e-02 -1.81050179e-01 -1.32950469e+00  2.25430759e+00
 -4.66860076e-01  1.45011307e+00  4.15004324e-02  4.97961829e-01
  2.87405945e-01 -2.64683157e-01 -1.02101900e+00  6.59510602e-01
  5.19538624e-01 -2.71538277e-01 -3.22653848e-01 -1.10333792e+00
  1.02391794e-01  3.10234685e-01  1.39047702e-01 -5.22873557e-01
 -1.11448740e+00  7.58359613e-01  8.00779130e-01  3.49998361e-01
 -7.31724872e-01 -4.12471096e-01 -3.85374440e-01  7.26441521e-01
 -3.31291174e-01  7.66863763e-02  1.24678044e+00  9.28763085e-01
  1.10943312e-01  1.15512892e+00  9.49397331e-01 -1.33475074e+00
 -3.60883066e-01  4.84962732e-01 -1.07089751e+00 -1.23945012e-01
  1.05715469e+00  1.31856880e+00  1.75141273e-01 -3.53328547e-01
 -6.99861417e-01  1.81875363e-01 -3.29245932e-01  6.57968590e-01
  1.70180210e+00 -3.60151749e-01  5.73783064e-01  6.16376237e-01
  9.51053345e-01 -1.64826067e-02 -7.85731088e-01  1.71011343e+00
  1.68163125e+00 -1.99336194e+00 -8.20281836e-01 -1.18345385e+00
  1.46752265e-02 -7.03510668e-01 -7.81718344e-01  8.03034004e-01
 -4.21236542e-01  1.66513005e+00 -9.58688504e-01  3.85748918e-01
  1.30190605e+00  1.22145512e+00  1.22062117e+00  2.44464574e-01
 -9.04686984e-02 -3.43184444e-01  6.92080378e-01 -1.23639140e+00
  1.66986797e+00 -1.53872839e+00 -1.05164933e-02 -7.67233960e-01
  1.08848999e+00 -4.63815921e-02 -2.60494065e-01  7.21800167e-01
  6.21529123e-02 -1.20247988e-02 -1.74869591e-01  4.85261570e-01
  7.89213136e-01  1.62345811e+00  2.87593564e-01 -1.38832498e-01
 -4.59183890e-01 -1.74434949e+00 -1.34565049e+00  1.26422667e+00
  9.64798243e-01  2.27055635e+00  1.29826063e+00 -1.84533156e+00
 -6.57289144e-02 -1.80623853e+00 -3.36769406e-01 -9.40285899e-02
 -6.21764439e-01 -1.78006203e-01 -1.57770589e-01 -2.22417579e+00
 -8.39123623e-01 -9.51571202e-01 -3.37668745e-02  1.00986014e-01
  1.83858803e+00  1.38955790e+00  3.34664212e-01  3.16114410e-01
  1.61548715e+00  3.65487860e-01 -9.73134038e-01 -2.72191245e-01
 -5.91705948e-01 -8.14167117e-01  8.86584821e-02 -9.95422110e-01
  1.00528646e+00 -5.75328827e-01  4.39714892e-01 -4.47455138e-03
  5.05408771e-02  1.64360582e+00 -1.49949367e+00 -1.63046918e+00
 -5.32852367e-01  2.04793405e-01  4.31423820e-01  8.34916134e-01
  1.72422572e+00 -1.35544312e+00 -1.00841092e+00  5.23302953e-01
  1.40319712e+00 -4.67817306e-01 -6.90877769e-01  5.36139700e-01
  1.40008682e+00  1.67890665e-01  2.13827006e-01 -2.71631115e-01
 -1.83722568e+00 -1.60974475e+00  5.77976021e-01 -8.90727327e-02
  3.69264843e-01 -1.73992332e+00 -8.12768765e-01 -8.48392260e-01