 2.56732877e-01  7.76899517e-01 -9.06098859e-01  1.31698047e+00
  8.41796228e-01 -1.65281442e+00 -2.44197869e-01  1.80953468e+00
  2.20756164e+00  2.05864083e+00  5.85258226e-01  9.05013471e-01
 -5.56748947e-01 -4.95093196e-01  2.33142754e-01  1.26276242e+00
 -1.47353587e-01 -1.51039819e+00 -1.44846015e+00 -8.44719085e-01
 -9.23356380e-01 -2.12860243e-01  1.10339190e-01  2.46759676e-01
 -8.04709798e-01  5.07945426e-01  8.83808431e-01  5.94632134e-01
  5.93442017e-01 -1.09729286e+00  1.02330301e+00 -3.72992627e-01
  9.18549364e-01 -1.55944193e+00 -1.33756253e-01 -1.29316591e+00
 -1.81079758e+00 -1.65557355e+00 -1.63904219e+00 -9.20059790e-01
 -1.08319697e+00  1.02543636e+00  2.56693806e-01  7.40412738e-01
  2.51773170e+00  1.34237613e+00 -6.75153097e-01  4.36359731e-01
  1.01326287e+00  5.17377107e-01 -2.03478029e+00  4.28765345e-01
  9.94051196e-02  1.23382756e+00 -3.42414727e-02 -6.47579991e-02
  3.54329809e-01  1.76190197e-01  3.66618582e-01  1.06929054e+00
  2.86889259e-01  3.52549758e-01 -9.80595134e-01 -7.19713838e-01
  7.69072006e-01 -2.75857371e-01 -1.29608523e+00  3.34276334e-01
 -7.22638578e-02  6.17766698e-02  6.70904196e-01 -9.69814366e-01
  8.62467121e-02  2.73298275e-02  4.61529078e-01  6.72451514e-01
 -1.24139315e+00 -1.07730063e+00  9.32465091e-01  1.15233099e+00
 -1.02587687e+00  8.02623206e-01 -1.13654223e+00  6.36084456e-01
 -1.13734279e+00  1.29640777e+00  1.99368314e-01  7.66515137e-01
  1.53701477e-01  1.04859139e+00  6.47649246e-02  1.40598228e+00
 -1.02570341e-01 -3.05428110e-01  7.47833216e-01  9.56024473e-01
 -1.62887021e-01  1.08507757e+00 -2.14915176e-01 -5.55419815e-01
 -8.16894202e-01 -6.53323510e-01 -5.33998492e-01 -6.63012224e-01
  1.36166687e+00 -1.39224528e+00  9.34138844e-03  6.05611632e-01
  8.87986108e-02 -1.27215807e+00 -1.44940950e-01 -9.56207283e-01
 -1.18446079e+00  1.38314719e-01  1.13237061e-01  1.84314730e+00
  1.31337994e+00  1.20218277e+00 -1.90813027e+00  1.37311017e+00
 -2.84614544e-01 -9.85063632e-01 -7.69988540e-02  3.87719845e-01
  3.75427307e-01 -8.48399249e-01 -9.76273242e-02 -5.73252890e-01
 -1.59655329e+00 -5.06052186e-01 -5.54506579e-01  5.85151711e-01
  1.20545100e+00  2.43841456e-01  3.84811218e-01  1.89430229e-01
 -1.02303596e+00 -2.13550232e-01  1.26679808e+00 -8.41132617e-01
  1.25855351e+00 -1.12681417e+00 -2.07333226e-01 -2.01547175e+00
 -3.04343867e-01 -3.32807983e-01  1.47412005e+00  1.82031314e-01
  3.53957271e-01 -2.58845358e-01 -1.29870879e+00 -1.20208577e+00
  2.18043613e+00  2.11232792e-01 -1.32467361e+00 -1.53098652e+00
 -7.07783330e-02 -2.05461988e+00 -1.13957004e+00  7.78365594e-01
  3.89810216e-01 -2.22026562e-01 -3.42242869e-01 -1.86132000e+00
  4.40607727e-01 -8.87354980e-01 -7.53681749e-01  7.02602113e-01
  1.16267630e-01 -1.64048580e-01 -2.19796709e+00 -1.91405519e-01
 -9.08683830e-01 -6.42785368e-01 -4.24902241e-01  1.89566333e+00
  3.35291126e-01  5.06835176e-01 -9.09002853e-01  1.14770830e+00
  9.39696184e-03  5.57476447e-01 -2.28666506e+00  3.51379404e-01
 -7.28711076e-01  9.25772345e-01 -1.00386796e+00  3.17358278e-01
 -6.64324349e-01 -8.68169862e-01 -1.53682565e-01  7.26926982e-01
  1.19464429e+00  5.27192258e-01 -1.58210469e-01 -5.39094620e-01
  1.48848588e+00 -5.15671323e-01  2.73047564e-01 -4.75656737e-01
 -1.80441490e+00  1.88432285e+00 -5.10105257e-01 -6.32613244e-01
 -2.81952151e-01  6.65358708e-01  3.21907188e-01  9.91428941e-01
 -1.55257151e+00  7.31765110e-01  1.83889757e+00 -5.99777381e-01
 -4.22721915e-01 -8.73601088e-01  1.68371373e-01 -3.09452498e-03
  2.31958936e-01  5.38810933e-01 -5.70872701e-01  1.71028737e-01
  4.62658481e-01  1.22982748e+00  5.70504927e-01 -1.47567701e+00
  1.43622539e-02  9.15882151e-01  7.17921809e-01  3.79417471e-01
  4.90145398e-01  1.35561252e+00  7.02550188e-01 -1.30855175e+00
  9.20436761e-02 -2.15219340e-01 -8.06976001e-01 -1.15720320e+00
  1.17026539e+00  3.56525255e-01 -2.26552578e-01 -1.70643786e+00
 -8.91114221e-02 -1.56791990e+00 -1.37784722e+00  2.80191239e+00
 -5.45355779e-02 -2.33058120e-01 -6.87793893e-02  6.94264097e-01
  3.08970667e-01  1.15832095e+00  5.87061903e-01 -7.04254464e-01
  4.02188445e-01 -7.51358774e-01  1.13138719e+00 -1.04665961e+00
  6.14036062e-01  1.22234162e+00 -2.32528754e-01 -2.09834783e+00
  3.83513623e-01  6.96298322e-02 -1.25771621e+00  6.55587997e-01
 -1.56559154e+00 -2.88367638e-02 -1.13028848e+00 -8.38916980e-01
 -1.94855544e+00 -1.43705049e+00 -9.43214957e-01  1.40602317e+00
  5.19787740e-01 -7.41959514e-01 -1.05704814e+00 -3.65420415e-01
 -7.20388212e-01  1.38763463e-01  7.36788856e-01  2.50265925e-01
 -5.35505270e-01 -1.49940223e+00 -2.04235575e-01  1.12755958e-01
 -2.35553630e+00  2.04675896e-01  1.16934424e-01  1.68027016e+00
 -5.10728326e-01  6.96669680e-01 -7.14378232e-01  3.93519103e-03
  1.15373147e+00  9.81392381e-02 -4.65938456e-01 -1.56587996e+00
 -1.12867224e-01  8.25086366e-02 -7.21873127e-01  9.31822159e-01
 -6.28226690e-01 -3.93960378e-02 -3.86090226e-02 -8.45428382e-01
  7.34403505e-01 -1.00346432e-01  8.23492654e-01  1.92406646e+00
  7.93952647e-01 -1.95266983e-02  3.68898777e-01 -1.42107213e+00
  3.22461683e-01  1.43105099e-01  3.66122861e-01  1.03900401e+00
  4.99735151e-01  6.15416470e-02  7.83912551e-02  1.99680300e+00
 -4.86003017e-01 -7.80451633e-02 -1.11370052e+00  7.85880221e-01
  2.62190750e-01 -5.83503658e-01 -5.09053615e-01  8.44824389e-01
  2.47344220e-01  1.81173988e+00 -4.02986685e-01 -3.16832958e-01
 -1.24817700e+00 -1.23591718e+00  8.46628591e-01 -3.52481834e-01
  1.10096088e+00  3.13386367e-01  6.75177743e-01 -1.19912012e+00
 -2.86414824e+00 -1.46185049e+00 -5.89186839e-01  1.29302578e+00
 -6.81054979e-01  6.80766670e-01 -1.62377883e+00  4.77689856e-01
  6.45535155e-03 -2.32764297e+00 -8.80776965e-01 -1.69813359e+00
 -1.76269655e+00 -3.13674251e-01  6.31277650e-01 -1.52821060e+00
 -2.16506802e-02  6.40166030e-01  5.63125493e-01 -3.38075310e-01
 -4.88521292e-01  1.49023508e+00 -1.07627398e+00 -3.19260541e-02
 -9.39159329e-02 -3.34483064e-01 -5.78631418e-02 -1.53724826e+00
 -4.19015013e-01 -1.68092536e+00  1.27652132e+00 -6.73098353e-01
 -1.94779757e-01 -5.02867573e-01 -4.04290554e-01  1.37156616e+00
 -1.53644114e-01  1.03101036e+00 -1.06450292e+00  7.41970795e-01
 -3.94789482e-01  4.00939047e-01 -1.19266222e+00 -6.05449310e-01
  6.53971482e-01  6.69284504e-01  2.12007249e+00  1.56862064e+00
  1.10573938e+00 -3.84709162e-02  2.25368574e-01  2.79773101e-01
  1.58159990e+00 -3.77866830e-01 -3.56303315e-02 -3.36784861e-01
  6.03428715e-02 -4.92844688e-01  2.43947942e-01 -8.64908297e-01
 -1.08862586e+00  5.80941090e-02  2.05709325e-01  2.30877490e+00
  1.65272728e+00  1.44418397e+00 -6.78863814e-01 -2.83367297e+00
 -5.22212773e-01  8.96255855e-01 -8.13551930e-01 -4.46193082e-01
 -1.11725466e-01 -1.29347701e+00  1.44055677e+00 -8.00663978e-02
 -1.03243870e+00 -1.62881065e+00  9.06018777e-01  9.28070830e-01
 -1.66990722e-01  3.61976234e-01 -5.03985531e-01 -9.37916390e-01
  6.30283255e-01 -1.23089413e+00 -1.37827445e-01  1.63098103e+00
 -7.19200271e-01 -6.64503736e-01 -2.22839186e-01  8.79094938e-01
  1.54220746e+00 -1.43070181e+00  8.08425882e-02  1.24309112e+00
 -4.31894540e-02  2.26077258e+00  4.21247277e-01  5.05826833e-01
  9.09293442e-02 -4.69417987e-01 -5.01219617e-01 -6.73809480e-01
 -5.46648396e-01  5.79617199e-01 -1.07163286e-01 -4.36545825e-01
  1.72997253e+00  5.68954434e-02 -1.04947933e+00  1.37151788e+00
  4.23509657e-01  2.07862744e+00  1.04614515e+00 -7.58051961e-01
 -1.69787396e-01  1.61563449e-01  1.57197047e+00  1.05569997e-01
 -9.98917189e-01 -1.47904949e-01  5.03702755e-01 -2.20001784e-01
  1.64591381e+00 -6.25460061e-01 -1.07577910e+00 -1.94724151e+00
  3.57779012e-01  3.37413421e-01 -6.22764238e-04 -2.39928547e-01
 -3.92951846e-01  1.80921015e+00 -7.33242658e-01 -1.07082288e+00
 -1.42636864e+00 -8.69144915e-01 -1.47552600e+00  1.21928499e+00
 -5.64163152e-01 -1.22543983e+00 -4.69467710e-01 -2.19588159e+00
  9.60953990e-01  6.47251864e-01  3.85044142e-01 -7.45684262e-01
 -7.47077779e-01 -1.53195301e+00  9.71427201e-01 -5.93577024e-01
 -8.21970187e-01 -4.58941050e-01  6.64479777e-01 -3.57664437e-01
 -1.90761873e+00  3.21656177e-01  2.08554878e+00 -5.10552864e-01
  1.01085588e+00 -9.78999835e-01 -4.43801451e-01 -1.46570139e+00
 -1.43402586e+00 -1.26328329e+00  1.31474703e+00  2.10719196e+00
  4.29935155e-01 -2.84159691e-01 -1.41123287e+00  8.42928147e-01
 -1.50951551e+00 -1.63359057e+00 -2.26906442e+00 -6.37169342e-01
  1.88592867e-01 -8.55030729e-01  1.82223375e+00  6.15272728e-01
  1.38657876e+00 -2.02728314e+00  1.51886520e-01  2.70375023e-02
 -7.20856561e-01  1.33728516e+00  6.81494517e-01  6.31684229e-01
 -4.06898762e-02 -7.73836857e-01 -7.43727636e-01 -1.22457079e+00
  2.24249643e+00 -1.98749785e+00 -1.36692223e+00  1.37178765e+00
 -1.82807068e-01 -1.12173811e+00 -4.56831617e-01 -1.09176142e+00
  4.10382638e-01  3.01831688e-01  9.88291745e-01 -1.20332091e+00
 -2.00279363e-01 -2.36986622e+00  5.64473845e-01  6.47387349e-01
 -3.15826340e-01  2.75606606e-01  7.52507375e-01  6.61441551e-01
 -3.84180694e-01 -5.55099397e-01  2.46489956e-01  4.44520451e-01
 -3.83961013e-01 -9.02450434e-01 -1.49751147e-01  1.01548812e+00
  5.68831082e-02  4.10080394e-01  1.81715924e+00  4.61534027e-01
  1.03490139e+00  5.88426082e-01 -1.62781277e+00 -1.17412894e+00
 -1.00838200e+00  1.79711130e+00  1.29814842e+00  4.27661392e-01
 -8.28487479e-01  8.26878827e-01 -5.67567053e-01  7.15104882e-01
  1.65844857e+00 -1.27580552e+00 -3.87055550e-01  7.40539397e-01
 -4.61834965e-01 -1.25830635e+00  1.87508863e+00  3.45489006e-01
  2.41783067e-01 -7.95283337e-01 -8.65104383e-01 -5.58676660e-01
  3.81041038e-01  7.94224273e-01 -7.56858518e-01  1.52870551e-01
 -9.19107634e-01 -1.24986795e+00  1.14949004e+00  1.08155233e+00
  2.85081488e-01 -8.97258067e-01  1.58793072e+00 -4.70457283e-02
 -3.26279445e-01 -3.95743953e-01  2.12716385e+00  2.42381816e-01
 -1.87524685e+00  3.36829561e-01 -2.95419285e-01  2.91230700e-01
  2.19725238e-01  7.53826904e-01 -1.96292286e+00 -7.78546338e-01
 -7.54490073e-02 -3.86236735e-01 -1.09287153e+00  1.19218575e+00
  9.22130557e-01 -1.77306654e-01 -1.35803037e+00  6.25000343e-01
  7.98540831e-01 -2.50354386e-01 -1.51669761e+00 -7.76330724e-01
 -2.38110475e+00  3.98476320e-01  5.04342035e-01  2.24197827e-01
  1.44024069e+00 -1.91640364e+00 -4.76357645e-01 -7.80101923e-01
  1.02122382e+00 -5.30558755e-01  9.98688495e-01 -1.01742666e+00
 -6.74321239e-01  5.79953452e-01 -3.31365205e-01 -1.29388342e+00
 -6.50816320e-01 -3.75170913e-01  9.70605601e-01  1.18754231e-01
  1.00846690e-01  1.31294586e+00  7.05681163e-01 -6.32251897e-01
 -1.86535274e-01 -2.94194997e-01  5.37525970e-01 -1.65554953e-02
 -1.78591781e-01 -7.60875351e-01  1.41106707e+00 -1.96087137e+00
 -3.65484514e-01  1.45514432e+00  7.28125922e-01  1.13062382e+00
 -1.06493082e+00 -6.09522556e-02 -4.89363949e-01 -7.05860344e-01
  6.93124734e-01  1.14631526e+00 -1.50009797e+00  1.35672615e+00
 -5.35337641e-01  1.17550580e-01  2.04503094e-01 -4.14091228e-01
  1.00367083e+00  7.33652856e-01  1.04466555e-01  3.88782467e-01
 -7.31050327e-01 -1.58001880e+00 -5.25032592e-01 -4.11864115e-01
  1.44339293e-01  1.84442300e-01  5.44332521e-01 -2.11812185e+00
  9.96849472e-01  6.40403310e-02 -2.35157519e+00 -8.68547649e-01
 -4.74844578e-01 -1.22075743e+00 -2.16705215e-01  1.82607922e+00
  6.56172650e-01  3.40868288e-01  5.20612287e-01  1.02391500e+00
  2.38231214e+00 -2.01783419e+00 -1.25909161e+00 -6.69616242e-01
 -1.12890810e+00  2.44162770e-01 -1.39327812e-01 -3.02191470e-01
  1.10849319e-01 -3.81188852e-01  1.01745008e+00  2.30362053e+00
 -1.98842929e+00  6.16660937e-01  5.05111816e-01  9.79638543e-01
  4.21601045e-01  6.58593389e-01 -1.84717940e+00  8.93735825e-01
 -2.98505499e-01 -1.85125132e+00  6.40654934e-01  9.54997297e-01
 -5.78739820e-01  2.49162343e+00 -1.43816120e+00  9.44561772e-01
 -3.16422301e-01 -8.20597088e-01  1.05582344e+00 -2.65520302e+00
 -2.86662491e-01 -1.54552795e+00  2.17573048e+00  1.09748162e-01
  9.46681250e-01  9.07849957e-01 -7.86680050e-01  1.36523410e+00
 -8.98313844e-02 -5.14667372e-01 -7.24093885e-02 -3.86264680e-01
 -1.18456956e-01 -9.57430675e-01  4.86838779e-01  3.29530344e-01
 -1.09709678e+00 -2.72818777e+00  1.43091140e+00 -1.22748627e+00
 -8.28498471e-02  8.76769424e-02  2.05023077e-01 -1.10510263e+00
 -1.17401482e+00 -1.75994863e-01  7.20072360e-01  8.00575057e-01
 -7.51209131e-01 -1.12544870e+00  1.95428098e-01  7.29222131e-01
 -7.25203318e-02 -4.76008795e-01  1.49840911e+00  9.81908260e-01
  1.01444190e+00  2.88800836e-01 -7.75314651e-01 -3.87490416e-01
  4.31852647e-01  7.35648579e-01 -2.52051396e-01  9.11840147e-01
 -7.67063799e-02 -4.06512499e-02 -6.99848630e-01  1.02973075e+00
  3.10198842e-02 -6.94475092e-01 -9.01559198e-01 -3.02102987e-02
 -1.36265679e+00  6.01944366e-01  9.48983932e-01 -1.55086716e+00
 -7.70678479e-01  2.15545874e+00 -5.84572795e-01  8.85131188e-01
  1.88201272e+00 -8.25703262e-01 -3.91010064e-01  1.26722051e+00
  1.20981640e+00 -9.54631479e-02  6.94027693e-01  5.31895633e-01
 -5.27008221e-01  2.31229169e-01 -9.83824522e-02 -2.35249070e+00
  3.05944672e-01 -9.28163233e-01  1.41696388e+00 -1.29089081e+00
  4.59972303e-02  2.88181832e-01 -1.00751878e+00  6.88621145e-01
  4.34142324e-01  1.20434450e-02  1.24554626e+00 -9.36520359e-01
 -1.21006552e+00 -1.64707361e+00 -9.55153642e-01  2.66605111e+00
  1.17966985e+00  1.11635389e+00 -1.17263889e-01  6.59961985e-01
  1.60439882e+00  5.70408938e-01 -1.17162689e+00  6.99077042e-01
  1.21904404e+00  8.16542815e-01  5.94803165e-01 -1.82140495e-01
 -7.07121741e-01  7.49969098e-01  5.49092087e-01 -6.85740472e-02
  1.79811651e+00  5.85592209e-01 -1.23182705e+00  2.03522086e-01
 -8.67343752e-01  2.65382939e-01  3.98500075e-01  7.34715678e-01
 -1.17134819e-01  5.06313331e-01  1.19168060e+00 -1.70288638e+00
 -7.06534743e-01  1.73557429e+00  1.19933850e+00  1.48475976e+00
  2.02384351e-01 -1.21348041e+00  1.71420440e+00  3.07582327e-01
 -1.19462332e+00 -9.07570696e-01 -3.21697316e-01 -1.61428724e+00
  4.28899450e-01 -8.19940140e-01 -3.14438295e+00 -1.60843264e+00
  7.77669747e-01 -2.87937064e+00  3.07876318e-01  2.84096010e-01
  1.42029930e+00  1.46436489e+00  1.17015118e-01  3.78037518e-01
  1.97989235e+00 -6.16932584e-01  1.85022177e-01  1.59592220e-01
 -6.25718750e-01  1.65240963e-01  1.46433466e+00  5.33406083e-01
  2.11699513e-03  2.61355647e-01 -5.99673295e-01  7.21938125e-03
 -6.55015711e-01 -1.69758540e+00  1.65502618e+00  1.71512705e+00
  1.80694871e+00 -2.00820833e+00  2.23462349e-01  1.20696122e+00
  3.39889254e-01  5.70398674e-01 -2.31136990e-01  1.07571614e-01
 -1.75629242e+00  1.90255226e+00  3.26079437e-01  3.05507113e-02
  7.12418034e-01  9.43936038e-01 -1.07543270e+00  1.53910895e+00
 -9.54152082e-01 -7.51916083e-01  6.22098147e-01  1.03884421e+00
 -1.22005659e+00 -4.31543190e-01  1.79590975e+00 -3.17222130e-01
 -4.52548465e-01 -2.20783766e+00 -1.10611332e+00 -1.03436378e+00
 -1.65721855e-01 -1.62534325e+00  1.87708853e-01  1.47105574e-01
 -1.46885654e+00  1.34430741e+00 -1.83854937e-01  1.19681239e+00
  1.64132273e+00 -1.44027773e+00 -3.23698589e-02 -5.42994697e-02
 -6.84642512e-01  8.80839031e-01  1.57929812e+00  8.86645558e-01
 -7.94254565e-01  4.34927079e-01  5.39384928e-01  7.08688798e-02
  1.76890409e+00  1.82065099e-01 -1.76732661e-01  5.24002000e-01
 -1.04693277e+00 -4.73812924e-01  1.88679966e-01 -9.81149582e-02
  1.83402940e+00 -4.33526559e-01 -1.38473320e-01  2.24051747e+00
 -1.15683594e+00  3.31166153e-01 -1.50271989e+00  9.06386015e-01
  9.47807015e-02  9.20739838e-01 -1.46485644e+00 -1.13552442e+00
  3.04979978e-01 -5.65026159e-01  2.85629698e-01  4.47123716e-01
 -2.52580387e-01  4.80848032e-01  1.66514030e+00 -2.47412152e+00
 -7.10995152e-01  4.79806185e-01  3.70711891e-01 -5.13268877e-01
  1.70654773e+00 -3.22995263e-01 -3.44489112e-01  8.91841616e-01
 -1.94430922e-01 -3.97856500e-01 -4.60243736e-01 -7.62981206e-01
 -6.97617528e-01  9.41757774e-01  7.54201553e-01  6.88402492e-01
 -9.55029892e-01  1.15698011e-01 -7.92513145e-01 -1.05783893e+00
  5.88357275e-01 -7.64616554e-01  1.86037360e+00 -1.21206655e+00
 -1.52367277e+00  4.64100241e-01  4.41489838e-01  2.16651121e-01
  9.14081894e-01 -1.49279309e+00  2.00286111e-01  2.60799238e-01
  8.31686606e-01  2.91061284e-01  1.54562982e+00 -9.71533346e-02
 -6.87046462e-01 -6.15713947e-01  2.03200896e-01  9.66224417e-01