-2.72431317e-01 -1.73111562e+00  4.56386882e-01  6.53296917e-01
  3.33121267e-01  6.71119431e-02 -4.62710678e-01  2.03886298e+00
  3.21470424e-01 -2.66812201e-01 -3.56616042e-01  6.71990583e-01
  1.43579271e-01  2.00250325e-01 -1.94039910e-01  1.07311312e+00
  1.34239557e+00  2.03611419e+00  1.19679288e+00  1.43140333e+00
 -1.66479462e+00  2.13448554e-01  9.99188777e-02 -2.03066184e-01
 -3.71160877e-01 -6.54419928e-01  1.59172631e-01 -4.01265116e-01
 -3.04688386e+00  4.14183333e-01 -1.41918109e+00 -1.71939201e+00
 -1.43363211e+00  4.19489814e-03 -1.01954861e+00  4.19373673e-01
  1.84952235e-02  2.20302939e+00  1.39504360e+00  1.49048286e+00
 -1.14870855e+00 -2.15909292e+00  1.12092101e+00 -1.83796432e+00
 -5.37245426e-01 -1.90876526e+00  1.08245665e+00 -1.66635582e+00
  6.67264897e-01  1.31872823e+00 -1.82353815e+00 -1.17356086e+00
  7.48490305e-01 -1.25043519e+00 -1.99207219e+00  8.80095938e-01
  1.16473645e+00  1.36581495e+00 -7.77230944e-01 -4.51020827e-01
  7.23615000e-01 -1.32922575e-01  1.15106984e+00 -1.21128026e+00
 -4.04771752e-02 -8.58606935e-01 -1.03999242e-01  1.69175742e+00
  1.37809756e+00 -2.99932620e-01  4.51964041e-01  3.65384914e-01
  9.88833388e-01 -9.06362940e-01  6.04804981e-01 -6.59194919e-01
 -6.07614957e-01 -7.73725521e-02 -4.36149056e-01  1.50764178e+00
 -1.60283462e+00 -1.00393564e-01 -9.26007164e-01 -1.06752269e+00
  1.23716872e+00 -9.80867546e-01 -9.43781793e-01 -6.42134302e-01
  1.67498777e+00  1.51544861e+00  5.75912213e-01  1.75135373e-01
 -2.36861049e-01  2.67180230e-01 -9.66867236e-01 -2.29673804e+00
  7.99050544e-01 -2.12708396e-01 -1.07042183e+00  6.81022344e-01
  3.30311175e-01 -4.85036191e-01  1.71533384e-01  1.38009584e+00
 -1.32357904e+00 -2.96685703e-01  1.53710366e-01  1.01414511e+00
 -1.39988187e+00 -4.96927952e-01  3.38614274e-01  1.22538268e+00
 -3.33691968e-01 -2.68198383e-01 -6.47519162e-01 -1.14657685e+00
  2.67821057e-01 -8.12580925e-01  1.35077772e+00  7.35124770e-01
  1.81853989e-01 -2.31681293e-01 -2.90996796e-01 -8.00039354e-01
  6.50646959e-01  7.13361110e-01  1.28390988e-01 -4.05007774e-01
  1.43068216e-01  1.92687377e-01  8.54973764e-01  1.63516962e+00
  2.65915483e+00 -1.14689522e+00  1.24981751e-01  6.92249764e-01
  1.43508359e+00  4.92751783e-01 -5.64204445e-01  1.14572227e+00
  1.88117774e+00  1.30360832e+00 -2.61223967e-01  1.91852641e+00
 -7.99601593e-02  1.00960464e+00  1.17587968e+00 -4.31483440e-01
 -5.07132513e-02  2.61256137e+00 -2.23592692e+00 -4.72265935e-01
 -7.59518148e-01  1.46205265e-01  2.17918502e-02 -1.04277495e-01
  1.12464575e+00  8.70608062e-01 -2.90970879e-01  3.26658369e-01
  2.10849503e+00  2.26922214e-01  1.79291167e+00 -1.37835756e+00
 -1.54891789e+00 -1.25014287e+00  3.08404489e-01 -1.36401318e+00
  3.73684515e-01  1.94820946e+00  1.24043347e-01  1.71355610e-01
 -1.40144736e+00  3.15278766e-01  9.46226937e-01 -8.21372137e-01
  6.92816932e-01 -3.04323495e-01  9.06820816e-01 -2.26082868e-01
  2.31090348e-01  8.36458953e-01 -1.08167452e+00 -1.07245601e+00
 -3.01190186e-01 -8.97356779e-01  1.10493680e+00  8.12051969e-01
 -4.13177175e-01  6.21246891e-01 -2.14151731e-01  4.72955428e-01
 -3.08657108e-01  4.69216737e-01  1.80931264e-01  3.12201331e-01
 -9.86289830e-02  2.36621131e-01  3.35381862e-01 -2.26439038e-01
  1.13265590e+00 -9.75484653e-01 -8.49788989e-02 -1.55294825e+00
 -8.82867608e-02  5.30979265e-01 -1.75021303e+00 -1.89185043e-01
 -1.14355221e+00 -1.65926468e+00  2.08316057e+00 -2.02092362e+00
 -5.89998440e-01  1.27889640e-01  1.42412240e-01 -1.80055842e+00
 -3.79929520e-01  1.06477302e+00  1.95213200e+00 -1.18525791e+00
 -4.02845518e-01 -3.20903242e-01  3.52791106e-01  1.43286001e+00
  7.89492549e-01 -2.67991066e-01 -5.79535819e-01  5.54605731e-01
  1.09480162e+00  2.16281475e-02 -1.05570031e+00 -6.23996227e-01
 -5.75350102e-01  9.56178773e-01 -1.17918091e+00 -1.65767171e+00
 -6.80356733e-01  2.82732470e-01  8.80841365e-01 -3.95991639e-01
 -7.91462162e-01  7.85720016e-01 -1.03999904e+00  9.15046151e-01
 -2.05508458e-01  9.77051824e-01  7.37660480e-01 -6.36863142e-02
 -9.79545447e-01  8.53823974e-01  7.49133011e-01 -1.04609667e-01
 -4.67560841e-01 -4.16972024e-01  1.05812389e+00 -1.11227356e+00
  4.48865315e-01  4.23396382e-01  5.61117261e-01  2.65404029e-01
  2.16163488e-01  6.76437212e-01  1.81310730e+00  8.64647181e-02
  4.67392335e-01  1.24693599e+00 -3.10944085e-01  8.92483420e-01
  3.78973183e-01 -5.05232843e-02 -5.63858346e-01 -3.75447559e-01
 -2.02253036e-01 -5.80219927e-01  1.04612530e+00 -9.67881716e-01
  1.38758826e+00  4.99825228e-01 -1.31494313e+00 -5.00066804e-01
 -4.01924923e-01  4.58396886e-01  6.14046428e-01 -7.15544655e-01
 -4.15113039e-01 -1.02713977e+00  1.20168527e-01 -1.07377916e+00
  1.14086823e+00 -2.03745539e-01 -1.68365474e-01  4.53719328e-01
  4.86090017e-01 -6.73015885e-01 -1.07829439e+00 -1.08185840e+00
 -3.87524021e-01  1.96670295e-01 -1.82439200e+00 -2.41745543e-01
  2.66937293e+00  1.25033427e+00 -8.71414013e-01 -3.44058922e-02
 -1.08112608e+00 -1.37699598e+00 -1.44612226e+00 -1.21884994e-02
  5.84967081e-02 -8.52292577e-01 -2.55506860e-01  7.56286166e-01
 -1.22789912e+00 -1.15920389e-01 -9.11043361e-01  1.14385608e-01
 -2.14986534e+00  6.87363164e-01 -4.18739517e-01 -1.80031681e+00
 -1.24791300e+00 -1.69032836e-01 -2.38852560e-01 -4.41669318e-01
 -1.17323109e+00 -1.41999811e+00 -1.54495161e+00 -1.52882957e+00
  5.18511910e-01 -1.82387268e+00 -6.54113757e-01  3.18812368e-01
 -2.35822491e+00 -9.32180069e-01  1.26109759e+00 -3.90997447e-01
  6.85509158e-01 -1.31609595e+00 -1.28956822e-01  1.36195310e+00
  2.03975259e-01  1.07909403e+00 -2.89257751e+00  1.27425671e+00
 -1.17563221e+00  6.01770530e-01 -1.49655819e+00  1.17426219e+00
  6.67289252e-01 -3.83842799e-01 -1.21634341e-01  2.46758745e-01
 -8.41556328e-01  1.14932902e+00 -5.49195965e-01 -1.47537661e+00
  5.71374843e-01 -1.19032944e+00  1.69167958e+00 -6.14347193e-01
 -1.56030879e+00  1.21957409e+00 -2.69411292e-01 -4.62742867e-01
 -4.69863131e-01  1.01288472e+00  1.09354710e+00 -1.92986655e+00
 -3.82247833e-01 -3.68665882e-01  8.79652066e-01 -7.14806159e-01
 -1.49523968e+00  6.21226782e-01  1.05173859e+00  3.23632926e-01
  3.32568704e-01  4.54256115e-01  1.47722221e+00  9.48048755e-02
 -1.89602304e-01 -5.41539993e-01  1.18912727e+00 -4.80898334e-01
 -8.97164800e-01 -1.06761307e+00  1.64250452e+00  1.69989703e-01
 -9.37010124e-01 -1.26200009e-01 -4.98355890e-01  5.78935143e-01
 -1.05592644e+00  8.11162328e-01  3.20510672e-01  1.70737981e+00
  5.22912895e-01 -6.41521180e-01  4.76354064e-01 -1.42130583e-01
  1.93800749e+00 -1.04721897e+00 -2.42268588e-01  6.73682719e-02
 -1.64127404e+00  8.56288862e-01  6.72403209e-01 -7.66412463e-01
  1.32181303e-01  1.80652082e-01  1.49222335e-01  1.30611520e+00
 -1.67304534e+00 -4.64453962e-01 -1.90555258e+00  1.35354297e-01
  9.92777451e-01 -6.04487485e-01 -7.56769621e-01 -2.61258779e-01
  1.79317802e+00 -5.17513102e-01  1.31579127e+00 -4.75397667e-01
  1.45226193e+00 -6.34801352e-01  1.96199526e-01  7.20823091e-01
 -1.32471789e+00 -4.69974247e-01 -1.93363826e+00  1.19154296e+00
  1.09707164e+00  1.65198597e+00 -1.71161040e+00 -1.24651449e+00
 -1.64697782e+00 -5.09952365e-01  2.00789381e+00 -2.53143544e+00
  5.36894453e-01  7.41453832e-01  3.41955550e-01  3.61343281e-01
 -1.31489326e-01 -1.81150121e-01  1.00119779e-01 -1.06390400e+00
 -1.56160274e+00 -1.88298405e-01  8.66944197e-01 -1.25180887e+00
  1.49422914e+00  6.41045374e-01 -8.86233786e-01 -4.02545755e-01
 -1.10097019e+00  5.00134650e-01  4.59730406e-01 -6.65263261e-01
 -8.87284007e-01  1.54992586e-01  9.74288295e-01 -4.15148963e-01
  7.44783868e-01 -6.56294341e-02 -2.30400602e+00  7.24025808e-01
 -6.55740890e-01 -8.39377250e-01 -6.65904800e-01 -4.61138560e-01
 -8.39946644e-01  8.08823032e-01  1.62699410e+00  1.28789795e+00
  1.96649635e-01 -8.44555290e-01  4.20234716e-01 -1.12469759e-01
 -8.17104826e-01 -4.35228897e-01  1.13037635e+00  1.07657471e+00
 -8.85086571e-01  8.33241296e-01  7.45733949e-01  1.43205786e+00
  1.47733432e+00  9.09506495e-01 -1.34143037e+00 -1.88387579e-01
  3.21934727e-01 -2.60043793e-01  3.24814501e-01 -4.27305724e-01
  7.59251704e-01  1.17894705e+00 -1.61716314e+00  7.81933822e-01
  2.28179843e-01 -3.82504032e-01  1.43300426e+00  8.40090090e-02
  4.57502107e-01  1.63193092e+00  1.35270681e+00 -1.19270474e+00
  5.54244586e-01 -5.30692203e-01  2.00895634e-01  3.26469310e+00
  4.77072354e-01  1.71946267e+00  1.17358011e+00  4.02749976e-01
 -1.46380472e+00 -2.54827907e-01  2.12585834e+00  7.26537104e-02
  1.00745007e+00  2.76183332e+00  4.35249090e-01 -1.06051755e+00
 -8.27236865e-01 -6.98133854e-01  7.23536211e-01 -1.64762712e+00
 -2.29228190e-01 -8.37674547e-01  1.38869300e-01  1.27786645e+00
  5.09864129e-01  1.19718457e+00  9.21921065e-01 -1.33660345e+00
 -5.66764742e-01  1.16106513e+00  4.41710589e-01  1.42299321e+00
  9.89348739e-01  6.75491980e-01  1.31609504e-01  5.97672922e-01
  9.41937174e-02 -1.69618737e-01 -6.01318747e-01 -1.55214358e+00
 -6.59340427e-02 -3.78118135e-01 -2.53266810e+00  8.07242950e-01
  1.23579787e-01  5.41007199e-01  1.99940877e+00  6.90862077e-01
 -9.55508759e-02  1.06032223e+00  1.41929248e-01  1.12473597e+00
 -2.71355829e-01 -8.87666296e-02  8.06085313e-01  7.32943628e-01
 -2.76292117e-01  2.95898553e-01  4.35439091e-01 -4.05011149e-02
 -2.16957703e+00 -3.58143912e-01 -7.84262126e-01  1.18231457e+00
  1.42949690e+00  3.54066158e-01 -1.84909939e+00 -3.36716450e-01
 -2.71374141e-01  5.14037561e-02 -5.16834868e-01 -5.72555176e-02
  1.13512837e+00 -3.91823793e-01  1.70697218e-01  3.24019111e-01
  2.77267249e-01 -3.54265496e-01  4.92740034e-01 -3.40478998e-01
 -1.56582809e+00 -1.46317955e-01  9.73203575e-01  2.33900034e-01
 -1.14386486e+00 -2.83065291e-01  5.79304008e-01  9.02685290e-01
 -9.70502453e-01  1.59746005e+00 -2.28050590e-01  8.22152162e-01
  9.70905124e-01 -9.88250859e-01 -5.03228636e-01  9.09737601e-01
  1.47077187e-01 -1.15660742e+00  9.67716894e-02  3.94279037e-01
  1.52004435e+00 -2.56355707e-01  6.61871313e-01  2.58038400e+00
 -6.83904735e-01 -1.78854160e+00 -1.57816683e+00  1.06684876e+00
 -4.91044535e-01 -2.03859276e-01  1.68892401e+00  1.04042930e+00
 -8.33704291e-01 -4.05238047e-01  9.15483704e-01 -6.41470217e-01
  4.52897854e-01 -1.32524893e+00 -1.24718372e+00 -1.23728122e+00
 -3.85545123e-01  8.96117592e-01  1.48365344e+00  9.94831285e-01
 -1.06035305e+00  1.01771273e-01 -1.39329888e+00  8.11782893e-01
  4.74032982e-01  1.39161654e+00  1.98908297e-01 -5.34797112e-01
 -7.52659855e-01 -6.84936922e-01 -3.11666838e-01 -1.20976269e-01
  3.04902923e-01 -2.86038662e-01 -1.52247087e+00  1.18040210e+00
 -1.45772432e+00  5.41409710e-01  9.45394505e-01  1.06652930e+00
 -2.63883626e-01 -1.38142955e-01  5.00350229e-01 -7.95394039e-01
  1.25872716e+00  6.40188808e-01 -6.98213655e-01 -1.67981350e-01
  3.11481046e-01  2.11980066e+00 -1.52244181e+00  9.03201529e-01
  1.50631440e+00  9.61991264e-02 -1.00314917e+00 -1.46635660e-01
  2.32287466e-01  9.79612105e-01  1.26591471e+00  2.65122750e-02
 -2.31682693e-01  4.39321465e-01  2.57076379e+00 -5.51685663e-01
 -9.50243732e-01 -1.98784953e+00 -1.32130894e-01  3.87478326e-01
 -3.14687744e-01  1.59875205e+00  1.44130160e+00 -1.77989585e+00
 -1.27983820e-01  2.98483671e-01  1.19912296e+00  1.20432206e+00
  2.74990673e-01 -1.06953533e+00 -8.22059476e-02  2.57803583e-01
 -1.37097945e+00  1.27400227e+00 -1.13875081e+00 -3.51741556e-01
  1.96594523e-01 -3.15854273e-01 -4.78646359e-01 -1.06974873e+00
 -1.40994269e+00  7.43222952e-01  3.85690333e-01 -3.86477378e-01
  9.75620937e-01  2.39703881e-01  1.77031424e+00  2.29707524e-01
 -9.00342524e-01 -1.52645172e+00  1.43016694e+00  7.25914507e-01
 -6.08211530e-01 -5.53109002e-02 -9.95051056e-01  3.90837852e-01
  6.91163215e-01 -9.38571899e-01 -1.54550082e+00 -3.41332411e-01
  1.61489352e+00 -4.17420110e-01 -7.17575561e-01 -1.85211775e-01
 -2.28725539e+00  1.06591669e+00 -3.40101289e-01 -1.08663166e+00
  1.41477248e+00  6.56154720e-01  1.34347263e-01 -8.47239259e-01
  2.06296855e-01 -1.53257329e+00  5.53051240e-01  1.33169059e-01
 -1.07361222e+00 -2.91057333e-01 -1.02832707e+00  7.22726091e-01
  1.06409971e-01 -2.34407902e-01  2.95628936e-01 -1.53528529e-01
 -1.01734523e-01  2.67327817e-01  9.10467883e-01  5.50896705e-02
  3.85084923e-01  1.08076780e+00 -8.13509461e-01  2.96217314e-01
  1.21926338e+00 -3.40218196e-01  2.28163596e-01 -2.02125244e-01
  1.16398989e+00  9.09692578e-01 -2.93052275e-01  4.01112551e-01
  2.64626572e+00  2.71327550e-01  7.99475923e-01 -8.24010540e-01
 -7.36522131e-01 -1.15500994e+00 -9.75725174e-02 -4.09835004e-01
 -1.17444641e+00  9.77472911e-02 -2.85708753e+00 -4.45013083e-01
 -7.06262398e-01 -1.76542833e+00  3.64813153e-01  1.14542013e+00
 -1.95062394e-01 -7.24623160e-01  2.80791055e-01  5.98156214e-01
  5.82899639e-01 -4.78182739e-01 -1.59023569e-01  1.19888935e+00
  1.50609619e+00 -9.53841885e-01  1.29648346e+00  9.79813804e-01
 -1.28926099e+00 -1.96595883e+00  6.70469236e-01  7.66528888e-02
  2.95231209e-02 -1.88593077e+00 -9.89767324e-01  1.57417447e-01
  2.35262583e+00  9.54756027e-02  2.33935265e-01  1.17265535e+00
 -2.39356241e-02  3.79918451e-02  1.54285975e+00 -1.37239394e+00
  1.57191370e+00  5.66092658e-01  1.16187014e+00 -1.02057301e+00
 -6.77692631e-01  1.03229961e+00 -1.63722310e+00  4.56750076e-01
  5.91283583e-01 -5.38637250e-01 -4.99476057e-01 -8.95898243e-01
 -2.07539498e+00 -1.41078395e+00  6.41791633e-01  1.60274331e+00
 -1.22224970e-01  6.85442473e-01 -3.91565131e-02  6.41960525e-01
  3.19735632e-03 -5.71495740e-01  5.53025766e-01 -1.54751939e-01
  1.28859894e+00 -4.61116298e-01  3.05590540e-01  1.94430780e+00
  2.46060985e+00 -4.78166988e-01 -3.54660577e-01 -7.78305324e-02
 -1.18881844e+00 -1.87900691e-01  1.99946862e-01 -8.55577109e-01
  1.24880231e+00  2.99547018e-01 -2.01129230e-01 -7.22357628e-01
  2.08609002e+00  1.97433109e+00 -1.35773892e-01  2.57199046e-01
 -5.99341262e-01  3.94925706e-01 -5.26782854e-01 -8.48872775e-01
  7.49511278e-01 -1.85023428e-01 -8.60522308e-01  1.42020219e+00
 -1.29151884e-01 -1.04181995e+00 -5.95115691e-01  6.24466745e-01
 -1.48880569e+00 -7.13061534e-01 -1.36107336e+00  9.82304093e-01
  2.41266354e+00  2.27375441e+00 -1.06476159e+00  3.63951025e-01
  8.60597822e-01 -1.04198980e-01 -2.99002322e-01 -2.78542888e+00
 -1.91865046e-01 -1.00189280e+00 -3.10061654e-01  1.39206895e+00
 -1.77118442e+00 -1.56698819e-01 -4.63965908e-01 -1.01575973e+00
 -2.31844946e+00  1.08093453e+00  5.30732326e-02 -5.73130884e-01
  8.26096952e-01 -5.46099928e-01 -2.27093021e+00  2.05486449e-01
 -3.41093734e-01  8.90705136e-01 -2.60585052e-01  2.05907812e-01
 -2.24483034e+00 -8.04998003e-01  9.22623044e-01 -2.79044551e-02
  1.46535223e-01 -9.94022351e-02  1.53235343e+00  1.74426385e+00
 -2.87965719e-01 -1.59533417e+00  4.63973051e-01 -9.34424772e-01
  1.85347345e-01 -6.13863731e-01  7.78408975e-01  1.73571519e+00
 -7.30221383e-01  4.53302368e-01  4.89943187e-01  4.46988232e-01
  5.36142377e-01  8.25956824e-01  3.65553079e-01 -3.47508759e-01
  1.29419264e+00  3.13888909e-01  5.41225843e-01  6.62448594e-01
 -6.30220035e-02  8.67470342e-01 -6.44389761e-01  2.56554417e-01
  7.82450876e-01  3.41237617e-01 -2.20368238e-02  3.57575835e-01
 -5.30315809e-01 -6.26100353e-01  1.67176961e+00  1.80470082e-01
 -7.56246969e-01  9.96210400e-01  5.41552445e-01 -5.08591726e-01
  2.96829340e-01 -6.64240043e-01  1.58735773e-02 -3.32343252e-01
 -7.27527622e-01 -1.54811913e-01 -1.19930200e+00  1.86604920e-01
  4.96264990e-01 -5.37892642e-01 -6.30103087e-01  1.36110641e+00
  1.04751748e+00  7.56437955e-01  1.14012339e+00  1.03133996e+00
 -4.47780192e-01  8.45596978e-02 -4.68645342e-01 -6.62753648e-01
 -2.39466040e+00 -1.49531379e+00  1.86458594e+00  9.53543806e-01
  1.40060911e+00 -6.54505772e-01  3.58006815e-01  1.25621206e+00
  3.29206417e-01  8.17365211e-01 -6.41454465e-02 -9.32567836e-02
 -3.72102010e-01  1.80264709e+00 -1.29202147e+00 -9.21645387e-01
  2.03577018e+00 -1.03279175e+00 -8.87256813e-01  2.64001327e+00
  3.74383812e-02  9.00214314e-01  1.60807073e-02  1.00134799e+00
 -7.69810288e-01  9.29047099e-01  6.29383906e-02  1.49689688e+00
  2.11338568e+00  3.20964242e-01  1.19265649e+00 -1.08798737e+00
  5.48406827e-01  7.62951704e-02  9.86667251e-01  1.65311955e-01
 -5.94268705e-01 -9.35897683e-01 -7.52359034e-01  1.82890703e+00
  3.87793948e-01 -6.23515462e-01  9.31033183e-02 -1.82192318e+00