 8.10286198e-01  9.38088082e-01  1.17793144e+00 -2.19338763e+00
  2.68590694e+00  1.63439286e-01 -4.30079035e-01  1.54942623e+00
  1.23790950e+00 -1.11779835e+00  6.86853777e-01 -5.02161624e-01
  5.22173660e-01 -9.89102621e-02 -2.11660159e-01  1.35151897e+00
 -1.39568783e+00  2.30961896e-01 -6.35385392e-01  1.06734217e+00
 -2.05177381e-01 -5.96657828e-01 -2.86937354e-01  9.80682999e-01
  2.84577362e-01  2.06068049e+00 -6.60688023e-01 -4.07108694e-01
  7.29674672e-01  1.35929157e+00 -4.62252726e-02  6.36906218e-01
  2.48868644e+00 -9.87998558e-01  1.19835201e-01 -1.43325225e+00
 -2.93554058e-01 -1.31583572e+00  7.26567028e-01 -2.61644259e-01
  1.48666095e+00  1.64193767e+00 -2.72029696e+00 -7.39988610e-01
 -2.00958640e-01  2.89409817e-01 -1.07079170e+00 -1.40608819e+00
 -4.42479128e-01  1.42226525e+00  8.36084117e-01 -2.11279022e-01
 -4.12753695e-01  9.72465445e-01 -7.17765323e-01  2.48461850e-01
 -7.33555910e-01  1.62492980e+00 -5.47234737e-01 -1.25479503e+00
 -1.66232650e+00 -4.40755993e-01  2.91393561e-01 -1.55610527e+00
 -8.80050796e-01 -2.44941386e+00 -2.25894762e+00 -2.22514984e+00
 -3.29577659e-01  2.25769828e-01  5.48272562e-01  7.21140276e-01
 -6.67915599e-01  1.61366223e+00  2.09263182e+00 -6.13574094e-01
  2.04930767e-01  2.69870008e-01 -1.25205000e+00  8.90492491e-01
 -1.67938659e+00 -1.82223847e+00  4.59455119e-01 -4.09808402e-01
  2.12348611e-01  3.65632422e-01  1.33581826e+00 -2.74434406e-01
  1.97059779e+00 -7.29416694e-01 -1.27878090e+00 -2.53194927e-01
  4.66502393e-01 -8.15758828e-02 -1.00576291e+00 -1.13521591e+00
 -8.62850676e-01 -1.89839780e-01  1.55296121e+00 -2.43088202e+00
  2.57597715e-01 -1.51507555e+00  8.01517848e-01 -1.21092504e+00
 -5.07623590e-01  7.61505241e-01  1.86263009e-01 -2.47831260e+00
 -1.98159085e+00 -1.07395613e+00 -3.54106488e-01  2.95972608e-01
 -3.71056490e-01 -9.92752677e-01  2.91742169e-01 -1.03421116e+00
  1.86073952e+00  2.05044084e+00  4.30129405e-01 -3.79116121e-01
  8.26867377e-02  9.59795641e-01  9.24955022e-01  1.17133592e-01
 -5.42461257e-01 -4.10828985e-01 -3.05975920e-01  7.74143585e-01
  6.07191887e-01 -1.92666691e-01 -6.76360851e-01 -6.85894182e-02
  2.18262083e+00  2.90298325e-01  2.21494749e+00 -2.74947401e+00
  6.21093683e-01  2.56203227e-01  1.88795317e-01  9.28564003e-01
  5.97130630e-03  7.17183968e-01  6.96421660e-01 -5.06911484e-01
 -1.35003544e+00  8.90781824e-01 -2.17037509e-01 -1.72913587e+00
 -8.90713791e-01 -4.72012327e-01 -1.13564502e+00 -1.57856267e+00
  1.10390535e+00 -3.55577879e-01 -1.09069288e-01 -1.10814667e+00
 -1.32881303e-01 -9.27868323e-01 -6.78542193e-01  4.69530249e-01
  1.38005260e+00  1.56531652e-01 -1.78416761e-01  1.09179617e-01
  1.63440142e+00  5.40615598e-01  2.03978959e-01 -1.18841158e+00
 -1.24743909e+00 -1.35052747e+00  1.04984835e+00 -2.64323532e-01
 -9.66521148e-01  1.35267106e-01  2.16490626e+00  1.26465711e+00
 -7.35164708e-01  2.38595685e-01  3.15217718e-01 -3.92595813e-01
 -4.64332225e-01  4.18617828e-02  5.75798109e-01  8.21012085e-01
  2.40014919e-01 -2.81117757e-01  1.24128780e+00 -1.35716102e+00
  1.77888963e+00 -1.12622921e+00  8.51997205e-01  1.49053110e+00
  1.76507276e-01  2.65332846e-01  2.30835512e+00 -5.40871911e-01
  1.99084607e-01  7.31718566e-01 -9.65254529e-01 -2.32292085e-01
  1.13229323e-01  2.30929070e+00 -4.60500697e-01  1.04892228e+00
 -2.15381811e+00  1.16653446e+00 -7.31643834e-01 -7.94466415e-01
 -2.35488779e+00  1.49877738e+00 -1.18304982e+00 -1.01186125e+00
 -9.32261837e-02 -4.27053732e-01  8.02013507e-01  4.58611194e-01
  6.18623723e-01 -1.10640942e+00 -1.97801498e-01  7.38782942e-02
  5.90228204e-01  1.00924389e-01 -9.96060749e-01 -7.81523791e-01
 -3.75821118e-02 -4.97349467e-01  1.06543286e+00 -1.32549928e-01
 -2.29128423e-01  6.39414725e-01 -1.37521805e+00 -1.66481292e+00
  1.45287554e+00 -6.71979725e-01  2.10568114e+00 -1.06818238e-01
 -1.35860436e-01 -2.87103072e-01  4.17331974e-01  1.36262234e+00
 -1.28153481e+00  1.95889474e-01 -9.20882870e-01  1.35742917e+00
  7.35941657e-02  3.86339463e-01  1.26977801e-01 -1.43277411e+00
 -1.16398710e-02 -3.68275701e-01 -1.81311632e+00 -9.82263445e-01
 -1.16523081e+00 -1.28408541e+00  1.03053108e-01 -6.23751601e-02
 -1.82761413e+00  8.64642169e-01  9.84132614e-01  1.92231539e-01
  1.48849452e-01 -4.90096290e-01 -1.67886232e+00  7.97337382e-01
  9.89070402e-01 -4.47119760e-01 -9.27755293e-01 -1.69538702e+00
 -1.60196493e+00  6.31965995e-01 -2.82140807e-01 -8.14025198e-01
 -3.08377709e-01 -4.51289350e-01  5.95367241e-01  2.13554518e-01
  1.38685385e+00 -2.26571613e-01  2.01791964e-01  1.55868317e+00
 -5.30439013e-02  2.81999938e-01 -9.98454830e-01  7.33810187e-01
  1.30571422e-01 -1.31015212e+00 -2.91353309e-01  5.54404085e-01
 -7.30527715e-01  1.80264482e+00 -2.56448413e-02  4.37414053e-01
 -8.04004132e-01 -4.35003693e-01 -6.14062614e-01 -1.15157550e+00
  3.30269721e+00  1.20746981e+00 -1.58801395e-01 -1.20966042e+00
  6.23751938e-01 -1.69478858e+00  7.41188624e-01  1.96732167e-01
  1.41258702e+00 -1.53930063e-01 -1.17118003e+00  1.63076348e-01
  4.34660062e-01  1.16153225e-01 -5.01848808e-01 -5.79607240e-01
 -1.64245276e+00 -1.71544508e-01  2.46488178e-01  3.74031496e-01
  1.23193957e+00  7.09589181e-01 -5.33506890e-01 -1.22700108e+00
  1.06455037e+00  2.29339229e+00 -5.59790282e-01  7.58190292e-01
 -1.67127357e-01  3.60671103e-01 -1.04840988e+00 -1.50943845e+00
 -2.69661380e-01 -2.72000402e-01 -2.63396543e+00 -1.42965247e+00
 -5.22669911e-01  4.38391735e-01 -8.62660748e-02  5.29747005e-01
 -1.31050850e+00 -1.37791005e+00  8.61385435e-02 -8.47869675e-01
 -6.48085518e-01  8.45505915e-01 -1.78129552e+00 -9.75593793e-01
  1.90404098e+00  8.70219501e-02 -1.94893240e-01 -8.93253661e-01
 -1.79152090e+00 -2.00543600e-01  9.38365697e-01 -4.88766361e-01
  2.26192196e-01 -8.35385453e-01  6.14920428e-02 -9.68622287e-01
  1.60299434e+00  9.71416989e-01 -7.85247813e-01 -2.43713564e+00
  3.78664125e-01  1.02617558e+00 -4.70715265e-01  5.22951615e-01
 -8.73329953e-01  2.26493890e-01  5.46085845e-01 -1.26310602e+00
 -1.59197448e+00 -1.00928340e+00 -4.88161658e-01  6.48982392e-01
 -1.42383478e+00 -9.20078010e-01 -4.92252017e-01 -1.03162945e+00
  1.02901461e+00  1.55079618e+00  1.08621755e+00 -6.81696230e-01
  1.00864771e+00  1.33906988e+00 -7.54719193e-01  9.21358256e-01
 -1.39132294e-01 -4.92408339e-01 -8.57498973e-01 -8.14837539e-01
 -9.22038214e-01  1.54004288e+00 -8.28810370e-01 -1.59947842e-01
  4.62716597e-01 -1.28871648e+00 -1.46824292e+00 -3.40718481e-01
  1.41900274e+00 -1.11563840e+00  2.97803940e-01 -9.89387499e-01
  9.36431515e-01 -1.61912529e-01 -6.91760702e-01 -5.68232776e-01
 -5.92711102e-01  8.25967385e-01 -6.53968673e-01 -1.83695541e+00
 -5.80761253e-01  2.38403050e+00 -8.02133522e-01  1.92258183e+00
  8.16046875e-01  2.79607684e-01  1.69865782e+00  4.09534975e-01
 -6.39175874e-01 -3.37198980e-01  1.41301468e-01  3.24104445e-01
  1.92449220e+00  7.29868845e-01 -3.52198615e-01  3.15021343e-01
 -4.98772183e-01 -1.62717350e+00 -2.73831702e-01 -2.24863465e-01
 -7.80387237e-01 -6.37827921e-02 -1.63857857e+00  7.16418348e-02
  2.28812354e+00  7.01703695e-01  2.08947045e+00 -8.82572332e-01
 -2.39210000e-01  1.51567121e+00  5.56708436e-01 -2.73532464e-01
 -1.46281173e-01  1.93232011e-01  1.94402662e-01 -3.77556051e-01
 -5.24900047e-01 -1.38270120e-01  1.35309355e+00 -4.01275608e-01
 -1.42034119e+00  2.28580735e-02  4.82349321e-01  1.17803683e+00
  2.53345031e-01 -1.24941910e+00  1.18735043e+00  2.41593984e+00
  5.24055357e-02 -5.12285171e-01  4.45120416e-01  6.32289500e-01
  1.29846952e+00  2.46255223e-01  1.02697754e+00 -5.11884731e-02
 -3.49198460e-01 -4.53657005e-01  2.78275667e-01  1.75640026e+00
  4.03955498e-01  9.45822343e-01 -5.10682426e-01  9.79405135e-01
 -1.49750845e+00 -3.08071852e-01 -2.45838126e-01 -2.47436694e-01
 -1.52305577e-01 -3.24240878e-01  1.27607554e-01 -3.25167624e-01
 -1.12843198e+00  7.74420120e-01 -9.00862181e-01  5.97378643e-02
 -2.22971449e-01 -3.04635328e-01  5.73019726e-01 -7.93869694e-01
 -2.68175244e-01  8.95762751e-02 -8.99233148e-01  3.24079928e-02
 -1.04520192e+00  1.91207922e-01  3.65648996e-01 -5.34772381e-01
  4.07648078e-01 -3.69487948e-01 -5.73852750e-01  3.32838877e-02
  9.69501677e-01  6.62840399e-01  1.13121707e-01  2.11140760e+00
 -1.10068166e+00 -8.13504280e-01 -4.35790051e-01 -4.61795484e-01
  1.39307204e+00 -2.92529998e-01  7.04965020e-01 -7.14746447e-01
  4.44759287e-01  8.65354023e-01  2.29492797e+00 -8.63262020e-01
 -1.93512055e+00 -1.17993375e+00  7.68091895e-01  5.19627304e-01
  1.48795393e+00  7.63225061e-01 -2.02814598e-01  1.70437108e-01
 -1.46688013e-01 -3.78596958e-01 -4.17779437e-01  2.57615826e-01
 -5.75468870e-01  1.30613807e-01 -1.72493293e-02  1.26008592e-01
  5.13906437e-01 -3.18372819e-01 -4.06136773e-01 -1.77244537e+00
  6.95647779e-01 -1.49082849e-01  7.11394312e-02  5.23816768e-01
  1.32935724e-01  5.73715442e-01 -6.73256280e-01 -3.61465516e-01
 -2.69703354e+00  3.34343939e-01 -1.25398232e+00 -6.71099903e-02
 -1.06365775e+00  1.11555492e+00  1.21702635e+00  4.73422074e-01
 -2.02996722e-01  9.01089105e-01 -1.40612154e+00 -3.50324818e-01
 -4.67443216e-01  1.68066358e+00 -2.02779937e-02 -6.87172902e-01
  6.83987142e-01 -4.95427418e-01  6.98991306e-02  1.90024429e-01
 -6.63035909e-01  1.57319559e+00 -5.29263748e-01  7.65363513e-01
 -1.04119112e+00  3.66668532e-01  2.78422421e+00 -2.31761749e+00
 -1.44950801e+00  6.48001641e-01 -1.25610640e-01 -5.33642449e-01
  5.37916347e-02 -2.00737272e-01  9.18480016e-01  1.30081892e+00
  8.75091626e-01  5.15997089e-01 -1.19211518e-01  8.79832323e-01
 -2.39471769e+00  4.33023326e-01  2.88843622e-01 -1.12104958e+00
  3.40597662e-01 -4.22764825e-01  1.50371408e+00 -1.10588739e+00
  6.66158890e-01 -9.17360467e-02 -9.26881661e-01  1.59103284e-01
  1.91910021e-01 -1.37567377e-01  6.24148342e-01  1.39118212e+00
  3.81162875e-01  8.24591520e-01 -4.78158376e-02 -7.94296535e-01
  1.15488575e+00  2.85508051e-01  1.62002582e+00 -1.44461115e-01
 -9.32148368e-01 -6.38177224e-01  5.93445658e-01  5.10659378e-01
  2.02680800e-01 -7.78022464e-01 -9.66977251e-02 -5.04164638e-01
  6.40265099e-01  7.62877321e-01  1.90262973e+00 -8.50446006e-01
 -1.02528199e+00 -1.65487468e+00  5.43602580e-01  3.37801270e-01
 -8.77839294e-02 -9.44102121e-01 -4.67126852e-01  6.80926694e-01
 -1.36290914e+00 -8.78711394e-01 -3.98384000e-01 -6.00912495e-01
  2.18104724e-01  1.33298038e+00  1.33948660e+00 -2.81859285e-01
 -7.31755636e-01  8.07285422e-01 -3.18125810e-01  7.31565368e-01
 -1.99549118e+00 -7.19320446e-01  5.20092125e-02 -8.06707894e-01
  1.97456627e-01  8.77182271e-01 -1.76927266e+00 -9.60724941e-01
  1.90523269e+00  3.03971370e-01  1.76667987e+00  7.06915885e-01
 -1.19400816e+00  1.28970289e-01 -5.27415344e-02 -6.16879481e-02
 -2.60132431e-01 -1.04996294e+00  3.88286373e-01  3.09423085e-01
  1.46737160e+00  5.12095650e-01 -1.34692205e+00 -7.81581069e-01
 -1.23361134e-01  1.58504318e+00  7.34171778e-02 -5.82956416e-01
  4.91339948e-01  1.71251391e+00  1.08572036e+00  4.91716448e-01
  3.21806992e-01  2.44729135e-01  7.60112671e-01 -1.80988129e+00
 -1.86657340e+00 -1.26699192e+00 -6.82555664e-01  1.94820490e+00
 -3.35984891e-01 -6.06405188e-01  3.30862739e-01  1.12938749e+00
  2.89561312e+00  1.28440903e+00 -2.09763941e+00 -1.10038602e+00
 -1.66421526e-01  5.67225939e-01  2.09571013e+00 -2.78211126e+00
 -6.25456225e-01 -8.08214680e-02  6.70963880e-01 -5.46797128e-01
  1.02933713e-02  2.11847958e-01 -1.90990614e+00  5.65776018e-01
 -1.23287435e+00  5.15094226e-01 -1.70111140e+00  4.58700183e-01
 -2.13356081e+00 -3.53229551e-01  1.33425308e-01 -1.63270540e+00
 -4.01632950e-01  1.27176345e+00 -4.95641599e-02  1.06953282e+00
  7.74322463e-01  1.15374283e+00  1.23339979e+00 -4.17410952e-02
 -8.39824812e-01  1.88149050e+00 -1.16561910e+00 -5.73913430e-01
  3.27373652e-01  1.04433508e+00 -1.40707309e+00 -2.05717144e+00
  1.02073245e+00  4.68006416e-01 -1.65147934e+00 -8.21067385e-01
  1.36216260e-01  2.06312474e-01 -2.38151521e+00  8.32246206e-01
 -6.09707706e-01  4.14400036e-01 -3.90486029e-01  6.55449299e-01
 -2.55488027e-01 -1.66269638e+00  1.20486783e-02  2.08175199e-01
 -1.43708096e+00 -3.84729152e-01  1.17834002e+00  4.02980937e-01
  1.03780184e+00 -7.45630512e-01  6.74164034e-01 -5.03264908e-01
 -1.94499589e+00 -5.44743400e-01  1.26986930e+00  1.36417565e-01
 -3.46586616e-01 -3.03525833e-01  2.42366486e-01  8.78960309e-01
  6.44686566e-01 -1.34628132e+00 -4.30899673e-01  1.33138091e-02
  8.30506838e-01 -1.34304990e-01 -2.47786417e-01  8.27178251e-01
 -6.52140977e-02 -1.11302357e+00  1.21443228e-01 -5.66183259e-01
  8.18364559e-01  5.04565227e-01 -2.42929770e-02  2.49994369e-01
  4.24310699e-02 -1.79241095e+00  9.13264503e-01 -1.48263068e+00
 -2.14655530e-01  2.09342958e-01 -1.27687533e+00  1.73777987e+00
  1.21093128e+00  6.87272289e-01 -6.68626596e-01 -5.88180088e-01
 -3.22780387e-01  1.58742291e+00  2.76253199e-01  7.62255294e-01
  8.52506705e-01  6.55741375e-01  1.19020306e+00  1.07721772e+00
 -7.52541091e-01 -4.62415315e-01  7.72249418e-01 -6.12161261e-02
  2.60483615e-01 -9.82711577e-01  2.18430547e+00  5.63293259e-01
  3.59289855e-01  1.62800602e-03 -8.13737885e-01 -1.34889667e+00
  4.86388467e-01  5.50838301e-01 -5.29320271e-02 -2.12118574e+00
 -4.24788834e-01 -2.45377337e+00  4.30937165e-01 -1.35058837e+00
  7.89830291e-01  1.67250623e+00  8.56509921e-01 -5.06853371e-01
  3.08496674e-01  2.97730755e-01  4.79849769e-01  1.59648992e-01
 -6.87176091e-01  9.98501344e-01 -1.40896963e+00 -1.09738417e+00
  6.85184628e-01  1.59120529e+00 -2.18790980e-01  5.91005896e-03
 -6.84124190e-02 -9.80691030e-01 -1.56005719e+00  1.52442837e+00
 -2.28194935e+00  5.42527339e-01  1.82469680e+00  1.66003481e-01
  1.15079447e+00  2.81900493e-01 -1.24855501e+00  1.02548539e+00
  5.69973066e-01 -1.16266657e+00 -2.87316129e-02 -8.26846167e-01
 -1.51532101e+00  2.33887759e+00  7.02208255e-01 -4.74743939e-01
 -1.30395463e+00 -3.66076485e-01  9.89376284e-01  6.41039880e-02
  5.74554675e-02  1.28292182e+00  7.87609254e-01 -8.87638132e-01
 -1.36598919e+00  3.36183558e-01 -5.27474671e-01  1.11617344e+00
 -1.43677100e-01  2.83287787e-01  7.57050529e-02 -4.53615793e-01
  6.98606175e-01  3.70343706e-02  3.87223992e-01  1.16413378e+00
 -4.62422131e-01 -1.41117152e+00 -1.43282425e-02 -9.94618607e-01
 -1.20073288e+00  7.94171377e-01  1.06986329e-01  1.28743095e+00
 -5.23825661e-01  1.82830065e-03 -1.08201182e+00 -1.79607114e+00
 -1.42098535e+00 -1.33221764e+00 -1.87634024e+00 -1.76222529e-01
  1.10572343e-01  9.27777973e-01  2.18364788e+00  3.22736900e-01
  4.99988132e-01  2.87973557e+00  1.19952017e+00  1.86573398e+00
 -1.43404272e-01  2.87356946e-01 -9.78220530e-01  6.35734019e-01
  1.06852283e+00 -4.79171357e-01  1.50912557e+00 -1.37228779e+00
 -5.05712449e-01 -4.85144340e-01 -1.55172944e+00 -1.44321496e+00
  1.16852813e+00 -2.03649584e-01 -1.21728107e+00  1.89360578e-01
  1.73423199e+00 -1.83956238e+00 -7.29899322e-01  8.40181378e-02
 -9.11892356e-01 -8.45093273e-02 -3.94411144e-01 -1.58176673e+00
 -1.10908460e+00  9.86757614e-01  9.57276442e-01 -2.12084672e-01
 -6.24289315e-01 -1.25705770e+00 -9.04663660e-01 -1.25476467e+00
 -1.29099860e+00  6.62912888e-02 -7.85595406e-01 -2.12382835e+00
 -7.36494307e-01 -2.18395076e+00 -7.74729914e-01  1.08120705e+00
  3.78815754e-02  2.97051268e-02  8.98757624e-01  1.87379951e+00
 -6.05775548e-01  1.33061300e+00  5.12323157e-01  1.40075398e+00
  8.60895320e-01 -2.60272312e-01 -5.67574072e-01 -7.19030761e-01
 -2.72488804e-01 -1.69246978e+00 -9.01384280e-02 -2.01495783e+00
  7.32360750e-01 -8.38785995e-01  2.48081927e-01  1.08294323e-01
 -1.01801810e+00 -1.65855111e+00 -1.17756927e+00 -1.13817716e+00
  4.95824728e-02  3.13375685e-01 -1.69423769e-01  1.88809379e-01
 -6.18552270e-01  1.50678076e+00 -1.40543269e+00 -2.34074541e-01
  7.76517968e-01 -2.41773996e+00  6.03526719e-01 -1.77888065e+00
  6.59053539e-01 -2.81812970e-01 -6.58040854e-01 -4.58859734e-01
  8.07253054e-01  3.13944472e-01 -1.28115457e-01  1.43447276e+00
 -4.45114242e-01  1.05880154e+00  2.41380869e+00 -1.08609365e+00
  4.18582332e-01  2.72725372e-01 -2.04454188e-02 -1.79992106e+00
 -1.66874976e-01 -9.44670315e-01  1.19166432e-01 -3.85536552e-01
  1.30113251e+00  5.50344063e-02  1.29715329e+00 -1.51428570e-01
  3.94687009e-01 -9.91306773e-01 -1.44086250e+00  3.39012423e-01
 -1.13309119e+00 -5.61229783e-01  1.79337140e-01  7.18241133e-01