 7.81579585e-02 -1.58394945e+00  2.82556118e-01  3.38522956e-01
  1.61264435e+00 -2.88012411e-01  1.48158802e-01  8.05464840e-01
  1.20803771e-01 -1.06417875e-01 -1.56543532e+00  4.95308240e-01
  1.44768383e+00 -1.84115694e-01 -9.15584570e-01 -3.75479532e-01
 -9.06125299e-01 -5.34860541e-01  3.27284888e-01  7.10848882e-01
  1.72893670e-01  1.43509989e+00 -7.34515286e-01  8.92214092e-01
 -1.39402354e+00  4.04686949e-01 -1.61940595e-01 -7.70421931e-01
 -8.96430402e-01  1.84447516e+00 -2.85543566e-01  6.54912190e-01
  4.10785003e-01 -4.53403154e-01 -2.49043376e+00  1.84577406e+00
 -9.37707293e-01  2.11680518e+00  3.15737601e-01 -1.12178317e+00
  8.76771053e-01 -7.31503238e-01 -1.30990533e+00  8.24375183e-01
 -6.71474047e-02 -6.14849056e-01  5.20312181e-01  3.26853823e-01
  9.90520000e-01  1.91988247e-01  9.70302480e-01 -1.69010056e+00
 -8.25363615e-01  6.42806147e-01 -2.81477568e+00  1.71110821e+00
  9.34717306e-01  1.82168862e+00 -7.47267451e-01  2.40338154e+00
  5.63353674e-01  8.74015540e-01 -7.98334053e-01 -1.23055800e-01
 -1.22537093e+00 -2.63022589e-01 -1.28371048e+00 -1.94252488e+00
  7.85967995e-01 -9.34470615e-01 -5.19965429e-01 -2.70821893e+00
 -1.64229679e+00  1.62913406e-01  8.88041323e-01  3.50294681e-01
 -4.32703810e-01  1.52402286e+00 -6.61651608e-01  1.17498362e+00
 -4.26290997e-01 -7.80098396e-01  3.57573803e-03 -1.32080830e+00
  1.65694363e-01 -1.01632772e+00 -1.25652926e+00 -1.11190359e+00
 -8.67883692e-01  3.21522044e-01  8.80097627e-01  7.34902183e-02
  8.78199942e-01 -1.01355835e-01 -8.34157479e-02 -1.25150310e+00
 -1.04725056e+00 -1.44982039e+00  3.36414458e-01 -3.30721722e-01
 -3.98316528e-01  7.84337718e-01 -3.63228333e-01 -1.49495995e+00
 -5.00028381e-01  1.42166248e-01  1.02845814e+00 -5.43523955e-01
 -7.55674968e-01 -2.62780612e-01  3.69756014e-01  1.47695953e+00
 -3.32798169e-01  1.13929691e+00  6.10685205e-02  1.30585384e+00
  1.26697437e-01  1.06735149e+00  8.34275121e-01  8.87621243e-01
  6.99109201e-01  8.60142898e-01 -6.78456823e-01 -5.82060179e-01
  7.34873879e-01  3.22362385e-01  6.12165350e-02  1.29049142e-01
 -1.02826743e+00  1.73837006e-01 -4.17753077e-01  1.65797295e+00
  5.68865531e-01 -5.68850796e-01 -7.12769932e-01 -6.01787051e-01
 -1.12843376e+00  3.70918810e-01 -2.20266677e-01  3.26524247e-01
 -6.89852244e-01  4.58234898e-01 -4.96632683e-01  1.92238598e+00
  7.70895930e-01 -8.63254395e-01 -7.05034364e-01  1.89967536e-01
  1.89979725e+00 -9.43722060e-01 -7.95139718e-01 -1.25044501e+00
  3.97249912e-01  6.61127839e-01  9.31146668e-02 -1.55446953e+00
  7.93059799e-01 -5.73378108e-01 -5.02397854e-01  1.96778821e+00
  2.03088201e+00  6.55350445e-01  2.77105932e-01  8.07186465e-01
 -1.56994119e+00  6.86182843e-01  8.00765164e-01 -1.96171265e-01
  9.42499785e-01 -2.34651185e+00 -2.44782811e-01  1.02859307e+00
 -1.20513901e+00 -1.25630587e-02 -8.37100531e-01  7.87079022e-01
  4.38789224e-01  4.47506597e-02 -7.49079568e-01 -2.02503550e+00
 -1.06766029e+00 -3.05755737e-01 -2.16163376e-01  1.97627543e-01
 -7.59676300e-02  3.83654700e-01 -2.70665217e-01 -3.60665767e-01
 -4.34121145e-01  1.11259918e+00  1.12903323e+00 -1.05572739e+00
  7.82630867e-01  3.32577048e-01  9.93938278e-01  6.92233802e-01
  2.86923138e-01 -1.64351806e+00 -1.08011261e+00 -2.19000580e+00
  1.23831251e+00  1.18611550e+00 -2.89005448e-01  3.53589738e-01
 -9.80122166e-01  1.64928956e+00  5.47367622e-01  8.00241664e-01
 -1.37118309e+00  2.07850382e+00 -5.06969282e-01 -3.51140350e-01
 -2.06364104e+00  4.39047184e-01 -1.01119819e+00  1.61621297e-01
 -1.32161163e+00 -2.29276588e-01  1.03561847e+00  7.20669441e-01
  2.13046777e-01 -3.62352057e-01  1.19099956e+00  4.87184585e-01
  2.36093887e-01  1.75512821e+00  1.15724924e+00  9.10893700e-01
  3.47037258e-01  2.76127104e-01  6.27763668e-01 -1.05328418e+00
 -9.67066924e-01 -1.83622738e+00 -7.20503821e-01  1.11663679e+00
  1.26903255e+00  8.36239897e-01 -1.21836427e+00  1.19880162e+00
  1.92899796e+00  4.54670904e-01 -1.66119827e+00  8.63715384e-01
 -4.36008313e-02 -1.25339404e+00  1.59606767e+00 -7.08279095e-01
  9.86140552e-01 -1.14517464e+00  2.89353810e-01  6.76739528e-01
  1.64301266e+00 -1.11295869e+00  7.03515074e-02  1.65949126e+00
  3.33107726e-01 -1.40516879e+00  5.09747890e-01 -1.05775386e+00
 -5.41508627e-01  7.74936938e-02  6.76628821e-01 -5.20035698e-01
  1.12289745e+00  1.14084794e+00  7.50055326e-01 -2.14181134e-01
  9.10992122e-01  7.10086846e-01 -7.62883056e-01 -3.37222190e-01
  7.19718283e-01 -1.57938710e+00 -2.75670872e+00  1.68481149e-01
  6.47560330e-01  6.78164411e-01  4.62643566e-01 -2.89306792e-01
 -1.46463765e+00 -2.21278559e-01  6.31674066e-01 -1.66241905e-01
 -2.07353029e+00 -1.24857229e+00  9.36086047e-01  1.21392896e-02
  9.05577671e-01  1.15225913e+00  6.42795351e-01 -6.92584783e-01
 -1.26806417e-01 -2.04643376e+00 -4.83766938e-01 -1.65259009e+00
  5.60759202e-01  5.57535790e-02  1.31393026e+00 -3.01503781e-01
  7.56376801e-01  2.38507952e+00 -1.15148560e+00 -3.83099562e-01
 -2.58015357e-01  3.49709726e-01  3.45710720e+00 -3.02365727e-01
 -7.22190024e-01  2.38911805e-01  9.03372244e-01  3.50604400e-01
  1.38760440e+00  1.82061581e-01 -7.41716667e-01 -1.17934263e+00
  1.30807501e+00 -2.06226131e-01  1.39765379e+00 -1.14825621e+00
 -1.43613868e-01 -8.28790979e-02 -2.92430171e-01 -1.54267278e-02
 -1.81776110e-01  8.46681624e-01  1.28824771e+00 -6.75847974e-01
  6.30067450e-01  1.39895816e+00 -1.96449029e-01 -5.85106538e-02
  3.29021433e-01 -4.65058710e-01  4.72984111e-01 -1.71303776e+00
 -5.00936572e-01  1.61860121e-02 -1.01181438e+00 -2.30570451e+00
  8.88672761e-01  4.24596959e-02 -4.54252368e-01 -6.51760998e-01
  4.49051728e-01  9.69472198e-01  2.65790895e-01  2.06610332e+00
 -3.55368916e-02 -1.27451532e+00  9.26560441e-01  1.09014777e-01
  6.86739129e-01 -7.92857194e-01  1.71067498e+00 -1.55276341e+00
 -1.60195226e+00 -8.44464579e-01  1.16267444e+00 -4.75282665e-01
 -1.30108860e+00 -1.08407904e+00 -7.36619677e-02 -2.02443930e+00
  3.47909404e-01  1.77178137e+00  1.77293778e-01 -1.67437229e+00
 -5.49192180e-01 -1.65488383e-01 -1.30760431e+00  7.31222792e-01
 -2.32112605e-01  1.18084142e+00 -2.39640724e-01 -7.00307968e-01
 -3.89934802e-01 -6.01685028e-01 -2.51633598e-01  1.58763996e+00
  3.52851820e-01  3.84265737e-01 -1.14994030e+00  7.25756731e-01
  7.03930538e-01 -1.89674965e+00  4.39151215e-01 -1.92094156e-01
 -1.17370674e+00 -7.66949861e-01 -1.22937367e-01 -8.97394540e-01
  7.34403735e-01  3.57716236e-01  3.95568998e-01 -1.77194278e+00
  4.56391119e-02  3.39292477e-01 -4.96977792e-01 -4.90457864e-01
 -8.64646766e-02 -8.61047549e-01 -1.51155116e+00 -3.01325234e-01
  8.31035440e-01 -3.07942848e-01  5.39005807e-01 -1.60556472e+00
 -1.43114886e+00 -1.03196031e-01  3.96241292e-01 -1.30343248e+00
 -5.12964922e-01 -1.77948572e-01 -4.11328610e-01 -2.77485181e-01
 -2.49953049e+00 -8.70568493e-01  8.28060137e-01 -2.47787449e+00
 -7.84672222e-01 -5.10479920e-01 -2.77815214e-01 -2.80127181e-01
 -9.66951244e-01 -2.24399699e-01 -1.05333168e+00  6.25448343e-01
  6.60854845e-01  1.11971965e+00 -2.33592893e+00 -1.72266082e+00
 -3.48177106e-01 -3.35518293e-01  5.89359608e-01 -1.54850382e-01
  4.17515664e-01  2.76415400e+00 -1.06797654e+00  1.29641190e+00
 -1.02747252e-01 -1.62289102e+00 -5.50512593e-01  2.75483190e-01
 -1.98764635e-01 -1.30760406e+00 -3.52531225e-01  1.05472231e+00
 -1.61280917e+00 -1.46893531e+00  1.07773861e+00 -1.27139848e+00
  1.75228887e+00 -3.68448251e-01  1.53439466e+00  7.81331552e-01
 -1.67992346e-01  1.77395596e+00 -1.94970426e-01 -3.36128900e-02
  4.20838640e-01 -2.66430936e-01  1.42894997e-01 -1.11535489e+00
 -9.64379745e-01 -6.03960777e-02 -1.60957512e+00 -5.25559847e-01
 -6.49309823e-01  6.48414320e-01 -2.55069854e+00  1.82444012e-01
 -1.59720813e+00 -1.84375268e+00 -8.37888212e-03 -8.96291844e-01
  2.56871638e+00 -4.51561052e-01  1.71992270e+00 -4.79132361e-01
  1.18747886e+00  1.80848802e+00  1.44840556e-01 -6.75141280e-01
 -8.09030847e-01  5.47230599e-01  1.00819665e+00  1.68084804e-01
  6.60931943e-01  3.06845606e-01  5.80062211e-02  2.40148978e-01
 -7.14709542e-01 -1.08956485e+00 -4.27574895e-01 -5.74550448e-01
  1.11610494e+00 -1.05542728e+00  5.56658171e-01  2.65725625e+00
 -1.17437218e+00  4.87903505e-01  9.63000901e-01  2.71774133e-01
 -6.37338282e-02  5.23896014e-02 -5.18851243e-01 -3.08529753e-02
 -6.26440926e-01  8.02093035e-02  7.49694166e-01 -2.22573308e+00
  4.34997350e-01 -1.37202695e-01 -5.88267711e-01 -6.87478180e-01
 -1.65150049e+00 -1.16023687e-01 -4.36837988e-01  2.64752059e-01
 -5.99635761e-01  6.31492804e-01  4.73232070e-01  6.32408382e-01
  6.64366921e-01 -3.98596599e-01 -1.88770623e-01  1.40258472e+00
  2.17552297e-01 -1.63695609e+00  1.55512631e-01 -2.19006279e-01
 -5.78992698e-01  2.07148897e+00 -6.52691535e-01 -9.15497388e-01
  3.67216717e-01  4.22381761e-01 -1.29539869e+00  2.56339107e-01
 -1.13835589e+00  1.82964158e+00 -1.37109506e+00 -2.55361681e-02
 -1.13184141e+00  1.01604030e+00 -6.75479914e-01 -5.32952801e-02
  6.91219531e-01  1.73724001e+00  6.75299377e-01  1.26736051e-01
  2.04448541e+00  2.94984534e-02 -1.66874360e+00 -1.64604220e+00
 -1.50517008e-01 -3.74293661e-01  7.94157344e-01  1.50750234e+00
  9.33306185e-01  1.14395642e+00  1.66116740e+00 -3.61161302e-01
 -1.16060081e+00 -2.84939864e-01  7.53180515e-01  9.89057315e-01
 -1.27615977e-01  1.49074967e+00  1.20522071e+00  2.07298308e+00
  1.02918687e+00 -2.41172175e-02 -1.91107241e-01 -1.25881884e+00
  2.96268166e-01  9.67920631e-01  2.62639337e+00 -3.47130883e-02
 -1.14749268e+00  1.18664017e+00  7.25364791e-01 -3.47792077e-01
 -1.05150086e+00 -6.06001776e-01  1.13623358e-01  1.41166311e+00
  2.38822640e-01 -2.28558909e+00 -1.34198240e+00  4.39586755e-01
  1.68970830e-01 -4.20225868e-01  1.25664914e-01 -4.82785969e-02
  1.33218147e+00  6.92013303e-01 -4.90821994e-01 -1.62617784e+00
  4.58344583e-01  1.25630425e+00  1.23645247e-01  1.22077231e+00
  4.95331272e-01 -1.04908108e+00  1.82344967e-01 -5.50381247e-01
  1.37775145e+00 -5.59653458e-01  7.11822279e-01  1.83957009e+00
 -3.22405424e-01 -8.00441184e-01 -8.88785094e-02  1.88960377e-01
 -1.84487878e-01 -8.20469715e-01 -4.89920305e-01  1.29756092e+00
  8.59082855e-02  3.04220778e-01  1.40151705e-01 -4.85971892e-02
  8.20165413e-01  1.18771877e+00 -1.13093791e+00  7.96260759e-01
 -3.05637694e-01  4.80580738e-01 -1.49654785e+00  1.18579551e+00
 -5.43162603e-01 -1.24890335e+00 -2.81805558e-01 -8.58201592e-02
 -9.89991137e-01 -5.45369201e-01  1.38958057e+00  1.58050249e+00
 -7.23643827e-02 -9.70294166e-01 -1.03129852e+00  6.05012538e-01
  7.61770995e-01 -2.26503543e-01 -3.90028103e-01  1.23862952e+00
  4.49860903e-02 -1.10619028e+00 -1.84075100e+00 -1.16329218e+00
  1.84904996e+00  1.20799885e+00 -5.63573588e-01  8.94087866e-01
  5.49444962e-01 -1.83735902e+00  7.09806286e-01  6.25053835e-01
 -4.23643856e-01 -2.11530843e-01 -1.61432634e+00  5.21596408e-01
  1.35373844e+00  1.21151615e+00  3.55954546e-01  1.21259142e-01
 -9.34109961e-01 -1.31179409e+00 -1.63130263e+00  1.17628359e+00
  7.10475804e-01 -5.88240524e-01  2.00903799e+00 -2.74140083e+00
 -1.06169185e+00  1.61769247e-02 -1.10306985e-01 -7.36756991e-01
 -9.89840622e-01 -1.22997178e+00 -4.88911450e-01 -9.58819707e-01
  7.92014222e-01  3.57288041e-02  3.82873789e-01  2.27261566e-01
 -2.02737933e+00 -1.08950373e-01  2.14980128e-01  1.31094202e+00
 -1.08719468e+00 -7.19960382e-01  1.13854314e-03  4.65244365e-01
 -2.04723964e-01  1.16158627e-01 -4.75834737e-01 -2.09707688e-01
  1.21454992e+00 -3.01221850e-02 -6.75064010e-01  1.96887671e-01
 -3.70403726e-01 -1.03510716e-01 -1.12533901e+00  1.97503659e-01
 -6.14624970e-01  1.18690182e+00 -2.97386960e-01 -4.33753520e-01
  1.17528825e+00  1.40987975e-01  1.49665596e+00  2.72497041e-01
 -4.42053924e-01 -5.26242044e-01 -1.48083077e+00 -8.02643976e-01
  8.38777750e-01 -5.30227893e-01 -2.68718508e-01  1.10944310e-01
  2.30016013e+00  5.01688605e-01  5.49510049e-01  1.47069391e+00
 -2.94016755e+00 -1.96452641e-01 -2.58120226e+00  5.24760791e-01
 -4.64191096e-01 -4.48844012e-01  3.89234236e-01  3.98005127e-01
 -1.49081246e+00 -3.17704108e-01 -1.29667118e+00 -5.86528706e-01
 -7.66999040e-01 -2.97521250e-02 -1.44174213e+00  7.01370384e-01
 -5.52570377e-01 -1.93277566e+00  7.52496838e-01  6.16737292e-01
 -1.92526010e+00  9.80484025e-01 -6.83516379e-01 -3.68533827e+00
  1.91891292e-01 -1.94015332e+00 -3.44964108e-01  6.82245066e-01
 -5.23347499e-01  5.55023510e-01 -1.78294498e+00 -9.14042646e-01
 -3.85319837e-02 -6.32300183e-01 -4.02502094e-01  1.40401782e+00
 -2.48289963e-01  1.15678170e-01 -7.50473662e-02  3.33200873e-01
  1.43769604e-01 -1.13388671e+00 -8.98781488e-01  1.69043873e-01
 -1.11055498e-01  3.56560358e-01 -1.00718936e+00  1.09729760e-01
 -6.93138994e-01  1.85710610e-01  7.32437277e-01  9.41711149e-01
  3.99510973e-01  9.71660371e-01  1.42672018e+00 -2.67568760e+00
  7.50639224e-01 -1.89285773e-01  2.14754435e+00  6.11498216e-01
 -1.09389846e+00 -9.58168251e-01 -5.45847748e-01 -7.42541252e-01
 -4.65672741e-02 -1.28202388e+00 -1.76355664e-01 -6.67928898e-01
 -3.68165723e-01  9.90604465e-01 -5.82063264e-01 -2.16848407e-01
  1.64210309e+00  3.99156581e-01  2.96334331e-01 -1.02463136e+00
 -7.84206194e-01 -1.43395048e+00 -1.19951470e+00 -2.54840281e-01
 -5.13817821e-01 -2.22736338e+00  5.78046889e-01 -5.15337091e-01
 -1.16156834e+00  1.16209892e+00  1.23175538e+00 -3.66411018e-01
 -5.00248381e-01 -1.99182103e-01  1.84417141e+00  1.84390143e-01
 -5.95687113e-01 -4.43321129e-01  3.78060298e-01  1.10570616e-01
 -1.51435096e+00  3.67362055e-01  1.18254048e+00  6.00835655e-01
 -1.01905611e-01 -3.87557800e-01  8.54278231e-02 -2.18901056e-01
  7.26486217e-01  1.00248724e+00  1.86720092e-01 -5.05557875e-01
 -5.09412576e-01  7.74941538e-01  2.12286605e+00  8.57962916e-01
  4.18226869e-02 -4.41965100e-01  1.28752554e+00  6.43722520e-01
 -1.06436117e+00  4.88093340e-01 -8.07874368e-01 -4.14662611e-02
 -1.45755283e+00  8.94457011e-01  1.52757780e-02  1.58458229e+00
  1.00991458e+00 -9.04421793e-01  1.70827205e-01  1.03780107e-01
  1.15254676e+00  5.02334296e-02  1.62158835e+00 -2.47254675e+00
  1.45090703e+00 -1.17110750e+00  8.81742509e-01  8.96899444e-01
 -1.82519100e+00 -7.25180354e-01 -3.82875903e-01  1.37393797e+00
 -3.75207844e-01  5.28160208e-01  7.28179715e-01 -2.38724020e+00
 -1.49553303e+00 -2.89730599e-01 -7.55158130e-01 -4.40069116e-01
 -2.15034096e+00  1.58390985e+00  2.32957312e-01  2.54986944e+00
 -3.23606232e-01  3.35719156e-01  1.36070588e-01 -1.51448174e+00
  5.16672590e-01 -2.08010012e+00  1.29547364e+00  1.64009801e+00
 -1.14606237e-01  3.13346159e+00 -2.87957574e-02 -8.29851269e-01
  4.22444212e-01 -1.57580330e+00  1.31581849e+00  1.35529951e-01
  7.65440140e-01  9.05552224e-01  9.40693338e-01 -1.19866766e-01
 -4.67388193e-01 -1.65026987e+00 -9.19477292e-01  2.28850648e-01
  6.64222857e-01  2.22857809e-01 -8.66806090e-01  4.38102172e-02
 -3.40666533e-02 -1.63161069e+00 -1.56048910e+00  2.39020979e+00
  3.82925313e-01  3.59265921e-02 -2.16737682e+00  4.73638464e-01
  1.09352211e+00  8.98797166e-01 -2.22405900e-01  9.92846560e-01
 -1.74551533e+00  7.48160590e-01  1.03173355e+00  1.51717676e+00
  4.32986700e-01  2.06616014e-01  3.79339280e-01 -1.93605211e+00
  2.20539924e-01 -8.07937872e-01  2.25909843e+00 -8.86224451e-01
 -1.01075485e+00  2.89919258e-01  1.48993633e+00  9.43049175e-01
 -1.01583674e+00 -7.90403180e-01 -2.18608619e+00  2.64850988e-01
  2.24478241e-02  7.41647560e-02 -2.16125351e+00  1.01523747e+00
 -1.67054580e+00  1.82480621e-01  6.66454766e-01  8.14903157e-01
 -1.26845854e+00  9.19865779e-01  2.69778933e-01  1.13488154e+00
  2.05513918e+00 -1.09373230e+00  1.39615308e+00 -7.79857412e-01
  3.52183150e-02 -1.22034305e+00 -3.99437687e-01  9.18086177e-01
  1.70935978e+00  2.84513723e-02 -8.89855068e-01 -1.92309961e-01
 -1.38092004e+00  6.77131807e-01  9.19369085e-01  4.26588403e-02
  1.14200148e+00  1.66124143e+00 -7.69618919e-02 -1.95590476e-01
  1.57073159e-01  1.29062325e-01  1.33744367e-01  4.53754590e-01
 -1.57559147e+00 -1.71348280e-01  7.73334791e-01  1.94053914e-01
 -5.70410989e-01 -4.03117483e-02 -1.30708908e+00  2.66903089e-01
 -8.83691614e-01 -7.75668062e-01 -8.32768079e-01 -3.60570089e-01
  6.53108183e-01  3.76401454e-01 -3.41102833e-01 -1.20863733e+00
  1.70167232e+00  2.21365040e-01 -1.26150579e+00 -3.59278640e-02
 -1.18833548e+00 -2.30457224e+00  9.36071725e-01 -2.80778911e-01