-9.57310833e-02 -7.07900549e-02  3.11472678e-01  1.24993409e+00
  1.56474595e+00  8.81117499e-01 -1.26033916e+00 -3.31467877e-01
  3.00644790e-01  1.09522701e+00  8.39127472e-01  5.77532004e-01
 -3.21461517e-01  1.04967090e+00 -5.68436799e-01  8.56680886e-02
  2.07405111e-01 -1.51827647e+00  1.35810742e+00 -1.87368518e-01
  1.52563900e+00  8.47648434e-01 -2.97338625e+00  1.33578403e-01
 -1.38613697e-01 -1.77017262e+00  1.75947923e-01  9.57149452e-03
  1.33457442e-01  6.40057350e-01 -1.37010849e+00  1.12831403e+00
  1.09021907e+00  1.00397873e-01 -1.47817568e+00 -7.23983371e-01
 -1.13482197e+00 -1.40159892e+00  9.74120955e-01 -1.35315136e+00
 -9.09695891e-01 -4.21459684e-01  4.57403747e-01  1.95507142e+00
  1.50878663e+00 -7.75322169e-01 -3.24990495e-01  3.77189804e-01
  1.46784093e+00  7.16617838e-01 -2.73561536e-01 -5.19096904e-01
  4.31610333e-01  2.46425434e-01 -1.58594795e+00 -3.98240304e-01
  5.25956251e-01 -5.40283309e-01  1.30054137e+00 -6.01890642e-01
 -1.64219341e+00 -1.47204440e+00 -5.00928869e-01 -1.59471390e-01
 -1.45682902e+00  8.44884397e-02 -9.09940934e-01  7.72243577e-01
 -2.49948728e+00 -7.32867520e-02  2.18030849e-01 -4.49368194e-01
 -7.40545356e-02 -7.64270129e-01 -1.20305672e+00  1.03541518e+00
  3.35107435e-01  1.04688892e+00  1.16126154e+00  1.32691025e+00
 -1.07941445e+00  3.45435568e-01 -4.51305371e-01  1.83574996e+00
 -1.15344981e+00 -9.76550801e-03  1.52291757e+00  4.32253647e-01
  5.94311577e-01 -1.54125803e+00  1.66758434e+00 -6.42567087e-01
 -8.55238984e-01  7.89770186e-01 -4.94717239e-01  2.48709400e-01
 -2.46774434e-01 -4.96405538e-01 -1.43097888e+00  8.24478772e-01
 -1.18437734e+00  1.15772447e+00 -9.98842523e-01 -1.33597368e+00
  6.26179836e-01 -7.10342896e-01 -5.97227057e-01 -1.76405552e+00
  1.24256134e+00  1.10716836e+00 -2.33410521e-01  1.13968845e-01
 -3.68241235e-01  1.57391920e-01 -6.53271845e-01 -1.54739677e-01
 -4.45964014e-01  1.46182046e+00 -2.14557276e+00 -5.44885573e-01
  3.98148366e-01  1.62552843e+00 -8.31781743e-01  6.26249455e-01
 -1.26154300e+00  1.40907544e+00  7.26803778e-01  3.57188851e-02
  1.62997698e+00 -1.53914226e-01  9.18453512e-01  2.83066623e-01
 -1.39427634e+00 -1.15381416e+00  1.42403740e+00 -8.83318729e-01
 -1.66499750e+00 -7.63901104e-01  1.25032955e+00  1.14192637e-01
  3.43233126e-02 -3.54065614e-01 -1.85884060e+00 -2.07591503e-02
 -3.87552803e-01 -1.43498288e+00  1.12032028e+00 -1.10257285e+00
 -6.12631219e-01 -2.47256172e+00  1.02245475e+00 -6.06351151e-01
  7.73567852e-01 -8.19665729e-01 -1.79642607e+00  3.90863411e-02
 -6.43522349e-01 -9.49776616e-01 -9.40956975e-01  1.65237620e+00
  9.75221064e-01  9.86451184e-01  2.53861575e-01 -1.37291260e+00
 -1.71480766e+00  2.28802040e-01 -2.66169240e+00  1.76022183e-01
  3.88367254e-01  1.27353719e+00 -1.39076287e+00 -1.04536988e-01
  5.13650445e-01  2.59013736e+00  1.96226987e-01  1.13854496e+00
  4.97721403e-01 -1.28691784e+00  1.05207208e+00  5.75612869e-01
 -1.59585476e+00 -1.74512461e-01  1.52782553e+00  1.08780689e+00
  3.56059993e-01 -6.76007487e-01 -3.96635287e-01 -1.11246822e-01
 -2.20783364e-01 -2.39577590e-01 -9.83824250e-01 -5.34883080e-01
 -6.60004921e-01  4.23750843e-01 -2.14623900e+00 -1.59784369e+00
 -5.42716165e-01 -6.12475037e-01  2.70177715e-01 -2.23801269e-01
  1.38511424e+00 -1.87811312e+00  3.96751210e-01  1.05745110e+00
 -2.09933278e+00 -2.40102521e-01  1.69444822e+00 -1.96106459e-01
 -1.82220342e+00  6.55692304e-01  2.94138029e-01  6.61926773e-01
  1.25562792e+00  1.21232967e+00  8.51322872e-01 -3.78152738e-01
 -7.63872944e-01  2.54219859e-01 -2.41144976e-01 -1.26268745e+00
  3.86930354e-01  5.07013215e-01  1.71210351e+00  8.12954519e-01
 -3.47068151e-01 -3.12200080e-01  2.49477772e-01 -6.68598261e-01
 -5.48359738e-01 -3.01956533e-01 -2.48644159e+00 -1.22345691e+00
 -6.16496863e-01 -3.74367207e-01 -1.34991020e-02  6.74507170e-01
  3.84607305e-01  1.02539871e-01 -2.73177210e-01 -3.34761334e-02
 -3.78068248e-01 -1.02101368e+00  1.86971848e-01  5.26050356e-02
  2.70183915e-01  7.14875799e-01  4.85483670e-01  1.23144889e+00
  6.39255356e-01 -1.06260993e+00  9.62023483e-01  1.97444825e-01
  2.03884148e-01 -2.04202465e+00  1.31892818e+00  9.47877984e-01
 -1.24570813e+00 -2.26406638e-01 -7.14019937e-01  1.04647089e+00
  1.17564500e-01 -6.11348317e-01  2.27026177e-01 -4.86670094e-01
 -4.76660604e-01 -6.24744960e-01 -1.46479217e+00 -4.76410874e-02
  1.30508329e+00  1.12295305e+00 -7.77642816e-01  6.23873650e-01
  1.69714234e-01 -4.50220236e-01 -6.57852867e-01  3.29432964e-01
 -4.26345311e-01  9.37068011e-01 -7.52978673e-01  3.47579395e-01
 -2.76110119e-02 -2.29622904e-01  2.25485020e-01  1.66956257e+00
  4.86548849e-01  2.75798755e-01 -1.50613366e+00  3.59325835e-01
  3.19011978e-01  2.81816497e-01  3.12018603e-02  8.74288177e-01
  1.99574408e+00  1.47569586e-01  2.83716371e-01 -1.22604590e+00
  5.23983908e-02 -1.20152443e+00  9.37640347e-01 -6.52580733e-01
 -2.90999606e-01  2.03717306e+00  4.89615614e-01 -1.76319019e+00
 -3.05627392e-01  5.79325729e-01  9.25457576e-01 -4.08034959e-01
  8.81796461e-01  8.23314184e-01 -4.28124389e-01  2.52069919e-01
 -3.69866641e-01 -1.46728952e+00  4.19217929e-01  2.83596383e-01
 -1.78061680e+00 -5.91548860e-01  3.31748574e-01  5.17768721e-01
 -1.82115149e+00  7.19375447e-02 -1.35055254e+00 -8.28184031e-02
 -3.07258354e-01 -1.37674587e+00  1.89947532e-01  9.70062091e-01
 -7.65696001e-01 -1.11712503e+00 -4.62830557e-01  5.46996833e-02
 -9.78149985e-01 -8.13309857e-04 -5.62905506e-01 -3.93911545e-02
  1.07295292e+00 -4.24478883e-02  4.18270062e-01 -9.96223637e-01
  9.95465253e-01 -9.46095133e-01  6.67615098e-01 -4.00871048e-01
  8.39884480e-01 -9.65702531e-01  2.20746723e+00 -4.84692240e-01
 -5.39398662e-01  6.59705428e-01 -9.07880155e-01  1.26644689e+00
 -4.06727285e-01  1.66199962e+00 -2.01457513e+00 -1.63578826e-01
  8.29507123e-01  1.10724043e+00  3.46836752e-01 -1.98645896e-01
  1.27776008e-01 -5.06349848e-01 -6.41252774e-01 -2.96067629e-01
 -1.25401535e+00  8.59976463e-01  1.63329065e+00 -4.02024535e-01
  1.11819748e+00 -7.96638747e-02  1.36148190e+00  7.22617314e-01
 -7.88277436e-02 -1.97925099e-01  7.98080375e-01 -2.03511157e+00
 -5.66712695e-02  1.32872270e+00 -4.54869649e-01 -2.41305209e-01
 -7.99902202e-02 -4.88939889e-01  5.58549357e-01  9.06953756e-01
  2.23082218e-01  1.03066857e+00 -3.79595619e-01 -5.36720402e-01
  6.90629962e-01  4.59257204e-02  1.62034359e+00  4.97756615e-01
  2.91410180e-01 -3.36294581e-01  8.25874888e-01  2.30131693e+00
 -5.17614621e-01 -1.78365122e+00  1.51135253e+00 -5.44672221e-01
 -2.04105407e+00  1.98514741e+00  4.02936906e-01 -1.54618234e+00
  1.15988976e+00 -6.90356228e-01  2.56110178e-01 -4.08006025e-01
  5.47050355e-02 -1.29262959e-01  2.88476497e+00 -2.38173873e+00
 -1.84479678e+00 -1.21200728e-02  2.36298670e+00 -1.11992285e+00
 -9.88384600e-01 -2.04574905e+00  4.99060780e-01  2.15618979e+00
 -1.15113283e-01  9.85454926e-01  8.52345423e-01 -7.70801125e-02
 -1.35898484e+00 -7.97068461e-02  6.72001024e-02  1.59168808e+00
 -3.07550384e-01  1.03823620e+00 -5.50764347e-01 -6.91409563e-01
  6.48513872e-01  1.40485265e+00  1.60503267e+00 -2.99124692e-01
 -4.27289333e-01 -8.34030607e-01 -1.45583623e+00  3.79983172e-01
  4.51805686e-02  1.35040478e+00  3.04715727e-01 -8.54649854e-01
 -8.50444751e-01 -1.11747045e+00  1.64814630e-01 -4.76564682e-01
 -1.75712143e-01  1.05870328e+00  1.86102957e-01  6.54002796e-01
 -8.42573431e-01 -2.80649707e-01 -7.68806351e-01  9.97706944e-01
  6.56003659e-01  1.62464391e+00 -2.47593589e-01 -8.32360075e-01
  9.91265618e-01 -7.72277608e-01 -1.43718916e+00  7.04854796e-01
 -4.77138777e-01  1.29205827e+00 -6.30528183e-01 -1.41021302e-01
 -1.46737799e+00 -9.26187269e-01  1.28593415e+00  9.06227749e-01
 -4.38590777e-01 -2.13657410e-01  5.43028882e-01  1.86085542e+00
 -9.57986738e-02 -3.38781337e-01  1.73842793e-01 -1.34830672e+00
 -1.23069136e-01 -8.65260036e-01 -1.92287179e+00 -4.51630670e-01
  1.28075973e+00  1.19979803e-01 -6.37152709e-01  1.46072113e+00
  3.37483780e-01 -1.24882511e+00 -4.97075311e-02  6.20912045e-01
 -1.44789543e+00  2.16841926e-01  7.44739842e-01 -1.06072043e+00
 -6.84329790e-01  7.66057463e-01 -7.28199271e-01 -4.82437882e-02
 -6.17263864e-02  1.57399207e+00 -7.56687310e-01 -5.63747777e-01
 -3.20896837e-01  2.00026217e+00 -9.06093809e-01 -1.15818969e+00
  6.61891689e-01 -1.75364406e-01  1.84930699e+00 -1.76700267e+00
 -6.03294795e-01 -2.51712148e-01 -1.19207452e+00  1.01916016e+00
 -1.00657252e+00  7.23532042e-01 -7.25543814e-02 -1.75932842e+00
  9.93036293e-01  7.96520741e-01  1.40823043e+00  1.01695995e+00
  9.20349350e-01  8.69446350e-01 -1.67694117e+00  6.75079127e-01
  7.13154109e-01 -1.86658283e-01  2.86658709e+00 -6.30019741e-01
  3.21526546e-01  1.53597974e+00 -5.22841413e-01 -9.26661872e-01
  3.46439741e-01  6.21686871e-01  8.77646235e-01 -1.28523737e+00
 -1.24153204e+00 -3.00632079e-02 -1.62234644e-01  5.48452333e-01
 -6.42584531e-01 -6.84972221e-01 -3.85693058e-01  1.33762993e+00
  4.88620781e-01 -5.34796197e-01 -6.43859211e-01  3.09448138e-01
 -3.59306622e-01  1.23189719e+00 -4.73137822e-02  6.98351111e-01
  7.01698844e-01  3.34794411e-01 -2.52333525e-01 -1.19004805e-01
 -1.26937638e+00  1.01053738e+00 -2.13321578e-01 -8.75584675e-01
 -2.15935467e-01  8.45575812e-01  9.50579488e-01  5.11729833e-01
  8.61342373e-01 -7.38066867e-01  7.64019705e-02  7.89629873e-01
  8.39005096e-01 -7.17289090e-01 -2.23176270e-01 -4.41591877e-02
  1.48781310e+00 -1.57146695e+00  1.33191902e-01 -1.80878648e+00
 -1.64395980e+00 -8.33428321e-01  2.55711729e-01  1.07204709e+00
 -1.06526645e+00 -4.27996984e-01  6.97704400e-01  6.85844309e-01
  5.24588758e-01  3.06348250e-01 -1.62674967e+00  1.67943541e+00
  1.59875755e-01  3.59861461e-02 -6.36039461e-01  1.22216562e+00
  3.12434149e-01 -2.06019602e-01  2.21096291e-01 -2.24903801e+00
 -9.41697686e-01  1.95618369e-01 -1.22400725e+00 -1.88093301e+00
 -3.50295725e-02 -9.77555571e-01  1.66407940e+00  4.25269585e-02
 -4.92839003e-01  1.62672098e+00 -1.33572431e+00  1.17914150e-01
 -4.90768484e-02  2.15942401e+00  8.24354460e-01  1.24988231e+00
  1.27019121e+00  1.87542402e-02  6.80414206e-01  5.80632194e-01
  1.63476656e+00  6.55231366e-01 -5.06529062e-01 -1.76891147e-01
  1.20403795e-01 -9.70032272e-02  9.68627261e-01 -4.13971623e-01
 -1.16134974e+00  9.54427349e-01 -8.75850765e-01 -1.03182122e+00
 -4.34554661e-01 -1.15574165e-01  9.00327060e-01 -6.98405617e-01
 -1.81919224e+00 -1.13951858e-01  2.46489393e-01  7.50174953e-01
 -4.28229354e-01  1.48403903e+00 -1.72158212e-01  2.50847001e-01
 -1.23082191e+00  3.21912244e-01  7.63432584e-01  9.44234549e-01
  9.20741768e-01 -1.55965761e+00  8.09575456e-01 -4.80486456e-03
 -1.47462835e-01  9.86914036e-01 -5.82400746e-01 -3.04327429e+00
  1.23875327e+00  3.63542274e+00  6.76130899e-01 -5.26240072e-01
  1.26267001e+00  1.45127064e-01 -6.43834074e-01 -4.79268706e-01
  6.94760663e-01 -2.34679444e-01 -9.76068970e-01  1.47556525e+00
 -1.07445082e-01  1.10393289e-01  7.72428897e-01 -3.83666650e-01
  6.54377365e-01 -1.36929995e+00 -1.09880574e+00 -1.37308702e+00
  1.11275232e+00 -1.11111862e+00 -2.36529683e+00 -2.35768368e-01
  6.01348167e-01  1.16034193e-01  2.08152661e-01  1.44542002e+00
  8.02623797e-02 -9.55836611e-01  1.63262662e+00 -7.27785148e-01
  2.75870469e-01  3.92336307e-01 -6.46674516e-01 -3.21717660e-01
  1.13230087e-01 -4.09693144e-01 -1.83983368e+00  5.66079252e-01
 -1.09774570e+00  8.32326846e-01 -2.79058078e-01 -1.36926879e+00
  4.05335682e-01  6.16890490e-02 -7.39033359e-01 -2.03298896e+00
 -1.12759321e+00 -4.40549285e-01 -6.14037700e-01 -1.59335760e+00
 -1.40653657e-01  3.67516278e-01  1.67196111e-01  3.41871886e-01
  2.31165311e-01  1.02937101e+00  2.62102386e-02  6.03355589e-01
 -8.16861524e-01 -1.32160353e+00 -1.33050323e-01  1.51976875e-01
  1.36301208e+00 -4.26049846e-01  2.11589615e+00  3.65000404e-01
 -1.53345854e-01  6.40382607e-02  2.76348937e+00  8.76066622e-01
 -3.59800769e-01 -2.30322388e+00 -6.02857119e-01  1.19329830e-01
 -2.31830812e-01  8.25344592e-01  4.32230611e-01  1.52998298e+00
 -1.95177314e-01 -5.55122461e-01  1.04800946e+00  5.45031935e-01
 -3.30694441e-01  3.02340007e-01  9.41151323e-01 -3.34555351e-01
 -3.73996088e-01  1.09058559e+00  5.44625240e-01 -3.00179458e-01
 -2.39965656e+00  5.68092848e-01  1.16340152e-01  9.49996028e-02
  3.82097180e-01  1.37084976e-01 -4.24629626e-01 -1.02411834e+00
  3.29238575e-01  2.46396345e-01 -1.90041188e-01  9.49979796e-01
 -1.41000416e-01 -2.25625422e-01  4.74196421e-01 -1.65383943e+00
  3.67780593e-01  1.76832280e+00  1.30093342e+00  8.06328477e-01
  9.37480967e-02  1.78639405e+00  4.23841136e-01 -1.09838734e-01
  1.89537560e+00  2.95083340e-01  4.24703222e-02 -1.14278697e+00
 -8.83144447e-01  8.07501058e-01  3.99059198e-01  6.68321468e-01
  3.29012654e-01  7.57735315e-01 -3.06652467e-02 -3.44931043e-02
 -1.61686920e-02 -1.03754391e+00  3.16283799e-01 -1.86674650e+00
 -3.11344315e-01  3.33399727e-01  1.35530542e+00  1.63627414e+00
  1.82337679e+00  2.19235917e+00  5.75566372e-01 -1.32538003e-01
 -1.25183885e+00 -1.12929971e+00 -1.62423752e+00 -2.00727689e+00
 -8.49853819e-02  1.42598956e-01  1.82169874e-01  3.56605125e-02
  1.14455543e+00  5.34776990e-01 -1.87082993e-01  2.78530075e-01
  8.23795158e-01  7.86968008e-01  1.26445328e+00  6.41021088e-01
 -2.07032266e+00 -2.22997325e-02  3.79362526e-01 -1.69552573e-01
  1.37369175e+00 -1.14514383e+00 -1.97231565e+00  3.97114267e-01
 -2.00553620e+00  2.47619167e+00 -3.79782469e-01 -1.86648186e-01
 -5.05257451e-01 -9.55495874e-01  8.96491170e-01  7.15291012e-01
  1.63747521e+00  1.64291131e+00 -1.27571672e-01 -4.83019102e-01
  1.80701451e+00 -9.23076594e-01  1.14628454e+00 -7.60782038e-01
  1.81298177e-01 -6.27667822e-01 -2.42028651e-01 -4.79061877e-01
 -5.71309581e-01 -1.59482635e+00  4.03435364e-01 -3.10109503e-01
  3.89973311e-01  5.34327863e-01 -1.15284476e+00 -6.98685790e-01
 -6.67229674e-01  8.08210200e-01  5.13210701e-01 -1.00875480e+00
 -3.25817971e-01  4.90834580e-01  1.79143115e+00  2.84713670e-01
  1.83151164e-01  1.05630337e+00  3.87117666e-01 -6.49979429e-01
  9.42176461e-02 -1.40484776e+00 -7.94851517e-01 -1.92967198e+00
 -9.03691868e-01  6.74867998e-01 -6.57797691e-01 -1.67420189e-01
 -9.96006920e-01  1.21933611e+00  2.43930412e+00  3.37001136e-01
 -8.74278406e-01 -1.37959748e-01  1.45836858e+00 -1.22259367e+00
  4.33561637e-01 -1.72406636e-02  2.01260104e-01 -2.59426021e+00
 -7.38862093e-01  6.82466238e-01 -4.82539564e-01 -1.29214381e+00
 -5.87424217e-01 -1.25278183e-01  3.43148079e+00 -1.67523974e+00
  8.24378123e-01 -7.99052010e-01  5.53477922e-01 -2.50302971e-01
 -5.28860520e-02 -7.78186529e-03  1.86383685e-01  8.29639330e-01
 -1.06604651e+00  1.61656970e+00 -1.91798200e-01 -4.76874937e-01
 -4.70702444e-01 -5.51220081e-01 -6.65696268e-01 -5.98950339e-01
 -1.93568831e+00 -1.82643619e+00  1.02040228e+00 -1.59858265e+00
  5.54571123e-01  1.54830788e-01  4.02764971e-01 -1.07766045e+00
  1.15606202e+00  1.22083878e+00  1.03437586e-01  5.84293035e-01
 -5.80795048e-01  5.73143902e-01 -8.13252919e-02  7.58880354e-02
  6.91249587e-01 -2.62800466e-01  2.09011475e-01  1.93434191e+00
  3.75654911e-02  1.89941518e-01 -1.20174781e+00  3.12995399e-04
 -4.35559855e-01 -7.82736644e-01  9.77175951e-01 -1.48023374e+00
  1.21636147e+00 -2.43056582e+00 -9.45129049e-01  9.20715545e-01
 -1.48857039e+00 -1.59038154e+00 -1.12778220e+00 -1.29078108e+00
 -1.01315992e+00  1.19148554e-01 -1.14838395e+00  1.02286239e+00
  1.56743864e+00 -1.02410335e+00  8.04787106e-02  1.72899175e-01
 -9.16323884e-01 -1.34136369e-01 -8.61284011e-01 -1.35183620e-01
  4.26831475e-01 -4.77140120e-01 -3.88339627e-01  1.40921910e-01
 -1.43562337e+00  1.16146337e+00  1.82082900e+00 -8.56852073e-01
 -1.16197031e+00 -1.56962916e-01  1.99858466e+00  9.55755291e-01
 -1.72356181e+00  9.58775966e-01  8.59558901e-01  4.75268196e-01
 -3.66168149e-01  6.27394291e-01 -1.08590768e+00  1.66107267e+00
 -1.23327273e+00 -1.33002174e-01  2.19092626e+00 -7.38332881e-02
 -4.52500870e-01  1.10195075e+00 -4.57808805e-01 -4.03624047e-01
 -1.35591474e+00 -6.58361880e-01  1.63854527e+00  4.82255365e-01
 -3.18468427e-01  1.07993037e+00 -1.51825004e+00  3.02083674e-01
 -1.01316713e-01  1.47062396e+00  2.23680642e+00 -2.85223350e-01
  6.10575148e-01 -1.89922974e-02 -2.10331314e-01 -1.10103807e+00
 -2.25490957e-01  1.91886151e-01 -2.02737722e+00  6.12412015e-01