-8.47357399e-01  1.06155658e+00 -2.20301377e+00  1.18086372e+00
 -8.41024793e-01 -1.88900412e+00 -1.94381005e-01  1.08439490e+00
  1.01924698e-01  9.91952591e-01 -6.48545757e-01  7.99920031e-02
  1.61066293e+00  6.32156804e-01 -6.85103828e-01 -1.68891477e+00
 -8.11677581e-02 -4.74618793e-01  1.33883711e+00  8.23301213e-01
  7.42680727e-01 -5.57241522e-01  8.81016881e-01  1.36222589e-01
  7.19346716e-01 -3.02754697e-01  7.80516819e-01 -6.90063557e-01
 -3.01572626e-01  1.18341663e+00  3.83583514e-01  4.69555791e-01
 -9.86833930e-01  8.06302270e-01 -1.73511316e+00  1.96026473e+00
 -7.24539412e-01 -2.25338713e+00  6.83478008e-01  8.53428631e-01
 -7.03862305e-01 -9.69206659e-01  1.33431809e+00 -3.06221706e-02
 -1.59097299e-01 -4.70829274e-01  1.18240292e-01 -3.88403702e-01
 -1.18269302e+00  1.00937068e+00  1.20253519e+00 -1.40926845e-01
 -1.49983523e+00  1.06799689e+00  1.16172227e+00 -1.55466091e+00
  1.43093951e+00  1.43773212e-01 -1.31103332e-01  7.64074356e-01
 -1.04381536e+00  1.29679813e+00  4.28376404e-01  9.29630543e-01
  8.23639003e-01 -8.02001732e-01 -4.95516893e-01 -1.09653314e+00
  9.09274080e-02  4.91346501e-01  7.14017483e-01  9.89175292e-01
 -8.88531458e-01 -1.00895335e+00  1.58262871e+00  7.53872704e-01
  5.82049772e-01  1.22596038e-01  4.56793684e-01  2.39340130e-01
 -5.94141284e-01  5.79249205e-01 -8.04852543e-01  6.04826459e-01
 -4.95467070e-01 -6.76460888e-01 -4.22006158e-01  9.01589334e-02
 -6.03931307e-01 -2.30266205e-02 -4.40721163e-01  8.88714824e-02
  7.07214261e-01 -8.34730673e-01  2.76839256e-01 -1.90505972e-01
 -2.05074372e+00  3.45800047e-01 -7.46301118e-01 -1.57446757e+00
 -5.87696680e-01 -5.58501246e-01 -1.40184327e+00 -3.37722189e-01
 -9.18375705e-01 -5.09774507e-01  1.15810839e+00 -6.84802570e-02
 -5.30122645e-01 -1.01750312e+00  6.16427800e-01  8.23400228e-02
 -1.01429722e+00  1.35794310e+00 -3.71562295e-01 -9.99206436e-02
  1.32771185e-01 -5.71619687e-01  6.91514846e-01  2.28529876e+00
 -1.32605563e+00 -1.13023599e+00 -1.08224423e-01 -1.19003139e+00
  8.62591510e-01  2.57447543e+00 -8.94265433e-01 -1.68960882e+00
 -3.64042846e-02 -6.59507715e-01 -1.05968020e+00 -1.01172829e-01
 -9.23778496e-01 -3.56816331e-01 -1.70879749e+00  4.52607257e-01
  1.00223489e+00 -4.15666733e-01  9.24743035e-01 -2.68686737e+00
 -2.61923106e-01  1.74902031e-01  5.51143077e-01  1.75822426e+00
  3.49849357e-01  4.93834597e-02 -1.18471579e+00  1.79371847e+00
  4.14137274e-03 -3.69359874e-01  3.26485139e-01 -2.46730487e-01
  8.70868705e-01  8.62641767e-01  1.61134641e-01 -6.36198145e-01
 -1.38807200e+00 -6.54135799e-01  4.33966138e-01  1.54685716e+00
  7.50540772e-01  4.28134957e-01 -1.02289703e+00  3.63022449e-02
 -1.30008132e+00  2.19015475e-01 -5.35980455e-01  1.68099094e+00
 -8.42200561e-01  3.65765979e-01  2.27560455e+00  1.95440340e-01
  1.01178896e-01  2.45888871e+00 -7.40117299e-01  5.79330641e-02
  1.51304226e+00  1.09277009e+00  1.22537078e+00  5.21911606e-01
 -7.10293644e-02  5.27826717e-01 -8.73387326e-01 -2.56524782e+00
 -1.47997309e+00 -3.34432460e-01  1.53306951e+00 -1.43401545e+00
 -6.46901285e-01 -9.05344472e-01  1.03286296e+00  7.72566400e-02
 -6.29123429e-01  1.61428233e+00  1.45636633e-01 -4.38859360e-01
 -8.20051974e-01 -1.92735613e+00  4.28996956e-01  1.25521803e+00
 -5.41481059e-01 -5.79859071e-01  1.61219767e+00 -3.71145724e-02
  2.16365759e-01  4.56936776e-01  1.84727816e+00  1.87406733e+00
 -9.54375496e-01 -3.09116336e-01  7.59855028e-01 -4.74745373e-01
 -2.21694484e+00 -9.81618718e-01 -5.87175533e-01  2.94368132e-02
 -5.75109735e-01  2.07174044e+00 -6.64063394e-01  3.29954502e-01
 -1.82734528e+00 -8.07044500e-01  7.65238541e-01 -1.28653625e+00
  1.25666151e+00  3.39178739e-01 -1.66626623e+00 -3.53159612e-01
  1.05436258e+00  2.34437167e-01  4.20199592e-01  1.05713612e+00
  2.20579243e-01  8.15135788e-01 -5.84471254e-01  1.45799360e+00
  1.50604988e+00 -1.47687801e+00  6.86302790e-01 -1.71679868e-01
  1.72069232e-02 -3.49555890e-01 -3.90618062e-01  6.14185279e-01
  1.18919281e+00  1.66275579e+00  1.63670626e+00  1.05715957e+00
  1.96853014e+00  6.16205006e-01  7.59241453e-02 -2.07468255e-01
  6.13645319e-01 -1.24205340e+00  6.24838945e-01 -9.63621339e-01
  1.58814291e+00  6.67424185e-01  1.26821206e+00 -1.56569306e+00
  2.46627905e-01 -2.15036527e+00  1.19055875e+00  1.63682295e+00
  4.89414968e-01  1.76903581e-01 -2.32639703e-01 -2.12066693e+00
  1.44776898e-01  3.91782539e-01 -2.74766806e-01  1.06916292e+00
 -9.18481903e-01 -1.28934192e+00 -1.43460068e+00  6.39078008e-01
 -1.99589650e-01 -2.00796298e-01 -2.58635352e-01  2.65231389e-01
  1.41780429e-01 -1.62956754e-01  3.71153681e-01 -9.36649993e-01
 -5.15787100e-01  1.32411726e+00 -1.16979705e+00  1.56572979e+00
  1.53203314e+00 -2.11040427e-01  5.99917039e-01  5.24574128e-02
  3.93978026e-01  5.00993615e-01  6.56486858e-01  1.08488333e+00
  1.29850240e+00 -7.89412630e-01  1.47938274e+00 -1.05213024e+00
 -5.54945922e-01  1.54474097e+00 -9.86268744e-01 -2.25042879e-01
 -1.33683104e+00  6.04738102e-01 -2.21043680e+00  1.04378953e+00
 -1.14367269e+00 -7.29460607e-01 -5.93367495e-02 -1.84263887e+00
 -8.09713346e-01  4.30788563e-01  4.15534841e-01  1.22856322e+00
 -9.44564517e-01 -1.20224946e+00 -1.20081140e+00 -5.36003968e-01
  1.96064466e-01  2.16886354e-01 -9.17550355e-01  1.30477444e-02
 -1.44281598e+00 -8.80580192e-01  8.69387310e-02  2.02181183e-01
  3.63461108e-01 -3.95907293e-01  1.37609564e-01 -2.13721441e-01
  1.13822726e-01 -2.22018949e+00  1.08287166e+00  1.93231030e+00
  1.28938374e+00  1.38576815e+00 -3.71089372e-01  8.29607991e-01
  2.91501708e-01  4.62582446e-01  2.36805399e-01 -3.00077804e-01
 -1.02877322e+00  7.77905662e-01 -1.47307140e+00  1.33985228e+00
  3.31620448e-01 -1.79073851e-01  1.17496820e+00 -6.35468354e-02
 -2.25092902e-01 -8.70082813e-02 -6.75070903e-01  1.22305789e+00
  3.01317089e-01  8.53150520e-03 -1.23005499e+00 -4.09225865e-01
  8.26750677e-01 -6.02431734e-01  1.27528099e+00  6.48656185e-02
 -7.78087506e-01  4.60257324e-02 -7.98207257e-01  7.45358832e-01
 -7.59021031e-01  7.75559385e-02 -9.42031770e-01 -1.53993207e+00
  1.25955202e+00  3.18035852e-01  2.39363186e+00  2.22557017e-01
  8.06136915e-02 -2.29528598e+00  8.35377471e-01  1.02001420e+00
 -1.06796979e+00 -7.38768274e-01 -1.98177829e+00 -1.51176189e+00
  1.40591013e+00 -3.08358030e-01  3.36528435e-02 -1.12194592e+00
 -3.55593317e-01  1.46038020e+00 -5.55325534e-01  1.05287976e+00
  2.26568300e-01  6.00779688e-01  5.49048257e-01 -1.41558072e+00
  3.21495593e-01 -4.61854450e-01 -3.77791716e-01  1.57148353e+00
 -6.47406568e-02 -9.68185828e-01 -1.78684544e+00  5.35430085e-01
 -1.60035023e-01 -7.95824351e-02 -4.52344444e-01 -1.27558668e+00
  1.02583867e+00  6.22025436e-01  1.22664957e-01  4.51949370e-01
  5.78319327e-01 -2.77539983e-01  9.15035758e-01 -6.76515585e-01
 -5.74596410e-01 -1.08339056e+00 -4.99560786e-01 -4.51205326e-03
  6.16037193e-01 -5.14645109e-01  1.75157534e+00  5.01592858e-01
 -2.40644881e-01  1.03899136e+00 -1.31572041e+00  1.93758505e+00
  1.61065688e-01  2.31665651e+00 -9.96568016e-02 -2.50858093e-01
 -1.00835931e+00 -5.65401579e-01  8.51462968e-01  2.55218175e-01
 -6.42470523e-01  4.64876408e-01 -7.49646408e-01  2.29897991e+00
  2.48981779e-01  6.37538095e-02 -8.56731526e-01  8.67987081e-01
 -6.67377704e-01  3.27367009e-01  8.65979819e-03 -1.62088344e+00
 -2.45847117e+00 -1.22811207e+00 -1.16959025e+00  1.44557586e+00
  1.73050581e+00 -3.99276590e-01 -1.45607885e+00 -6.21913569e-01
 -6.07484856e-01  1.41387736e+00 -6.38146764e-01 -1.19646989e+00
 -9.56297440e-01 -6.37800462e-01 -6.56525510e-01 -2.62500160e+00
  8.27993405e-01 -1.40312763e+00  1.36053674e+00 -1.96628029e+00
 -2.41406103e-01  1.78443210e+00  8.86255419e-01 -2.00237549e+00
 -7.44480863e-01 -4.07451594e-01  7.12107856e-01  3.14538552e-01
 -3.34924310e-01  7.48081451e-01  6.16868958e-01 -1.71168639e+00
  5.11030166e-01  1.15481468e+00  3.93106664e-01 -1.26209346e+00
  1.55893590e+00 -3.11348140e+00  1.48395134e-01  2.47639121e-02
  1.50609180e+00 -1.89322303e+00 -3.62881153e-01 -1.39382352e+00
  5.64309747e-01 -4.09644345e-03  1.75642083e+00  4.59704023e-01
  9.03717716e-03  2.20020534e-01  8.11341862e-01 -6.72410097e-01
 -2.30470835e-01 -7.67602799e-01  5.71040400e-02 -1.00786699e+00
  4.02289039e-01  1.47682306e-01  1.00437249e+00 -7.26504861e-01
  1.50110634e+00  1.00228778e+00 -3.30730057e-01 -7.37027895e-01
 -2.71353049e-01 -1.41126715e+00  7.65665978e-01 -1.51695125e+00
  4.08311969e-01  1.67584303e+00  1.12146344e+00 -7.30741712e-02
  2.13005812e+00 -2.81171546e-01 -1.00079877e+00  7.50863196e-01
  1.21801118e+00  2.95467633e-01 -3.97737311e-01 -9.53209979e-01
 -7.45091786e-02 -1.34754256e+00 -5.97465974e-01 -4.04800601e-01
 -2.78969454e-01 -3.07822068e-02 -5.10968404e-01 -3.81567101e-03
 -4.49381896e-01 -1.04962476e+00  6.66591952e-01  1.37184823e+00
 -1.25638934e-02 -3.87406462e-01  3.94816045e-01  1.74903818e+00
 -6.24651173e-01  7.36765953e-01  1.01227554e+00 -1.95292812e+00
 -4.18008544e-01  1.05626794e+00 -1.09195625e+00  3.31488255e-01
  1.06770444e+00  9.47452365e-01  1.74430660e+00  5.23728565e-01
  1.01335022e+00 -9.98651214e-01  4.76350134e-01  9.63473392e-01
 -8.56807384e-01 -2.13828011e+00 -7.36019834e-01 -2.72169345e-02
  2.99277189e-02 -9.66233669e-01 -1.49356704e+00 -3.93969341e-01
  1.00282179e+00 -4.07649021e-01 -1.01823911e-01 -1.65028208e-01
 -1.11897422e-01  3.50188019e-01  1.05572122e+00  4.93785090e-01
 -5.34898036e-01 -7.34340912e-03  3.10922223e-02  1.44548488e+00
  2.31608181e-01  4.98491656e-01 -7.06103141e-01 -1.01239109e-01
 -1.97455754e-01 -3.05134534e-01  1.28099520e+00 -1.38620478e-01
  1.62502929e+00  5.61482721e-01  5.14476978e-01 -5.35696808e-01
  6.10411917e-01  1.95894415e+00  7.04693403e-01  1.45035145e-01
  2.29435982e-01  7.32919000e-01 -5.86232879e-01  3.53155928e-01
 -8.05596465e-01 -4.67077628e-01 -1.01242110e+00  1.51607137e+00
  1.19665672e-01 -2.01692761e+00 -1.45774193e-01 -9.54498285e-01
  8.30357668e-01 -5.00533592e-01  1.73757484e+00  1.02743545e-01
 -1.74333816e-01  1.10607422e+00 -1.11492442e+00 -2.90649575e-01
 -1.17848227e+00  6.06027427e-02  4.42541910e-01 -1.39799732e+00
  1.16846781e+00 -1.24535081e+00  7.07383720e-01  9.34126924e-01
 -5.66383362e-01  1.00202754e+00  4.10315372e-01  4.10932889e-01
 -1.79910451e-01 -2.73617290e-01  4.44979968e-02 -1.09496982e+00
  1.12136361e-01 -3.83962040e-01  2.47568720e+00  1.64371382e+00
 -3.84562901e-01 -1.62176085e-01  2.53291582e+00 -2.95039608e-01
  7.43314356e-01  1.16046424e-01  3.98043864e-01  8.12431446e-01
  1.23387151e+00  1.44137432e+00 -5.43987784e-02  8.52294841e-01
  1.04764295e+00 -1.40950207e+00  8.32147649e-01 -8.04145436e-01
  2.83477163e-01  1.19285893e+00 -3.62912569e-01 -2.38098943e+00
 -1.11120673e+00  1.44651584e+00 -6.64432680e-01 -1.44733440e+00
 -5.15020457e-02 -1.03049459e+00 -1.26233758e-01  1.88937932e-01
 -3.46853850e-01  2.00505623e+00 -1.64496186e+00  7.23758407e-01
  3.01190169e-01  9.06533236e-01  1.81020114e+00  1.19788214e-01
 -1.21487116e+00  2.29979051e-01 -5.84641117e-01  2.61640080e-01
  2.49765416e+00  3.94691766e-02 -1.48880281e+00 -2.97664268e-01
 -7.69175182e-01 -1.79393667e+00 -6.35102378e-01  6.42957452e-01
 -1.95075716e-01  4.39113797e-01 -2.76972368e-01 -6.03938395e-01
 -1.25471646e-01 -3.72411548e-01  7.52890186e-01  6.46305879e-01
  9.31811992e-01 -2.13905865e+00  1.90100760e+00 -7.41738418e-01
  6.87502340e-01 -7.41663800e-01 -1.43352848e+00  1.53619174e+00
  1.05035133e+00 -3.38872420e-01  2.23105524e-01 -9.29287162e-01
  3.60132163e+00  2.34587229e-02  1.05745599e+00  1.52144182e-01
 -1.00050814e+00  1.41239021e+00 -8.58233997e-01 -5.57099078e-01
  3.56835935e-01  5.41326415e-01 -3.59181249e-01 -3.43297747e-01
 -1.42539004e-02  8.13837285e-01  1.00419106e+00  4.82919860e-01
 -5.97460624e-03  7.42942735e-01  7.48707960e-02 -9.15069521e-01
 -5.72246705e-01  7.85043750e-01 -1.83627647e-01 -1.02468500e+00
 -5.82306186e-01 -1.72963975e+00 -1.33988535e+00  6.13918320e-01
 -3.05975327e-01 -7.28454526e-01  5.41634628e-02 -1.56389677e+00
  8.20351142e-01  1.34200810e+00  1.99260808e-01 -6.12559324e-01
  1.42799340e+00  4.23253271e-01 -2.07627327e-01  9.11084415e-01
 -1.51957178e-01  1.17939533e+00  8.80893548e-01 -2.19663821e+00
 -6.20338261e-01 -8.07960119e-01 -2.01575996e-01  3.92125819e-01
 -1.06236630e+00  6.38976100e-01 -1.13429589e+00  1.17939441e+00
 -7.44218623e-01  9.07658736e-01  3.06691715e-02 -9.45700499e-02
 -1.05668186e-01 -1.63693228e+00  6.24965712e-01  1.20180979e+00
 -1.16149063e+00  1.85646001e+00 -8.53178991e-02 -1.07727007e+00
  5.72954894e-01  1.96978792e+00  8.09221006e-01  1.63055156e+00
  1.11067842e+00 -7.69528294e-01  5.91359681e-01 -8.00518605e-01
 -4.25817530e-02 -5.76307387e-01 -5.15437224e-01  1.13149825e+00
  5.47968430e-01  1.74988210e+00  5.71841055e-01  1.74490512e+00
  6.74406129e-02  4.20022252e-01 -1.10069500e+00 -1.37688116e+00
  7.92014333e-01 -8.50475723e-01  4.83953428e-01  1.73489912e+00
 -6.10445792e-01  7.08529377e-01 -3.60621766e-02 -4.56572055e-01
  1.55405882e+00  8.83068526e-01  1.32875682e+00  3.27113326e-01
 -1.55267176e+00 -4.98899963e-01 -1.74477021e+00 -6.23597375e-01
 -1.02539387e+00  3.01537292e-01 -9.68951838e-01  5.80128971e-02
  9.40117697e-01  4.25329201e-01 -1.60472105e+00  1.04271136e+00
  2.48189351e+00  1.35025379e+00  6.15279826e-01 -9.09003031e-02
  7.71386264e-01 -8.34643861e-01  3.40928806e-01 -5.31171423e-01
  2.15847071e+00 -1.51571002e+00 -5.91978700e-01  1.89722352e-02
  2.51136006e-01  5.24750616e-01  2.91903789e-02 -2.88835041e-01
 -7.24321758e-01 -2.61535733e-01 -5.60308277e-01 -1.36801412e+00
  4.89307347e-02 -6.11259519e-01 -4.64780542e-01  1.40228417e+00
 -2.96524080e-01 -1.50537199e-02 -1.67954384e-01 -1.52258109e+00
  1.16729504e-01  4.94662911e-02  1.32089970e+00  1.79976423e-01
  6.53659892e-01 -2.58062679e-01 -1.46414249e+00 -1.89167053e+00
 -8.57515900e-01 -4.07800972e-01  2.09895149e-02  4.39005538e-01
 -1.33212727e+00  4.22370480e-01 -1.16700684e+00 -3.66669574e-01
 -5.39717178e-02  5.76118528e-01  2.38207347e+00  6.49393631e-01
 -8.01304223e-01  2.83695329e-02 -2.98562040e-01 -1.26901526e+00
  3.32923976e-01  8.31086739e-01  6.08193923e-01  1.26091636e-02
  9.56276290e-01  1.44762332e-01 -3.61765002e-01 -5.06278770e-01
 -3.58644868e-01  1.50322249e-03  4.13389391e-01  1.50179901e-01
 -1.20696645e+00 -2.02162618e-01 -3.45995614e-01  1.74263365e+00
 -7.00861631e-01 -2.87901553e-01 -1.58695085e+00 -3.58619335e-01
  6.13572215e-01  1.32431407e+00  6.50353051e-01 -1.71849242e+00
 -5.06947484e-01  5.26445401e-02  4.27126022e-01 -1.53557901e-01
  5.02840491e-01 -5.28718916e-02  7.07999479e-01  2.68083717e-01
  5.62962618e-01  2.20263655e-01  1.54818787e-01  7.19578384e-01
  2.53408511e-01  6.42062307e-02  1.66138967e+00 -1.09662831e+00
 -1.17037290e+00 -3.61193808e-01 -4.24219925e-01 -1.24859353e-01
  1.68219743e+00  2.11719270e+00 -1.06812392e+00 -9.39266220e-01
 -1.07479433e+00 -1.22700917e+00 -1.09811055e+00 -8.96433758e-01
  9.21668214e-01  1.29238162e+00  2.76092368e-01  2.19811581e-01
 -5.77172397e-01  4.67461903e-01  1.99376202e-01 -1.57646391e+00
  2.10190877e+00 -1.11269545e+00 -6.93748742e-01  1.63757699e+00
  1.85533281e-01 -1.67192595e+00 -2.25709566e+00  1.07347961e+00
  8.74223640e-01  1.03123491e+00 -3.88707461e-01 -7.71555516e-01
 -1.08048079e+00  1.41999680e+00  1.87394317e+00  1.07458978e+00
 -1.00262201e+00  1.87441742e+00 -3.80565648e-01 -9.29306336e-01
 -1.09034968e+00  9.93851485e-01  5.13569528e-01 -1.38313225e+00
 -2.03168180e-01 -1.56314772e-01 -5.84240872e-04 -1.16769261e+00
  6.16143566e-01  5.07510785e-01 -4.63941332e-01 -7.23136049e-01
 -9.79666020e-01  1.03398597e+00 -3.84545905e-01 -7.93142742e-01
 -2.18726899e-02  4.43088105e-01  5.13494591e-02  1.36734985e+00
 -1.09469483e+00 -6.71789268e-01  2.35322940e-01  7.71253020e-01
 -7.04445417e-01  7.33582374e-01  1.39360633e+00 -1.06458898e+00
  2.99374500e-01 -1.43324844e+00  8.62758915e-01  6.99721791e-01
  3.08559533e-01 -1.56304790e-01  1.46891705e+00  1.16298668e-01
  3.57977149e-01  7.99074037e-01 -1.82445555e-01 -4.75580818e-01
  7.99787695e-01 -6.36080443e-02  3.14701592e-01 -1.82116196e+00
 -1.17281372e+00  1.18184081e+00 -1.60648987e+00 -4.68633618e-01
 -9.39218206e-01  1.06872345e-01 -4.25837259e-02 -3.15655137e-01
 -1.29267629e+00 -1.76044326e+00  7.43228179e-01  5.72877157e-01