 6.36740778e-02 -1.24462266e+00 -9.27059457e-01  1.87290862e+00
  2.15365027e+00  7.86450709e-02 -1.19059101e-01 -1.33625191e-01
  8.33443557e-01  9.29034000e-01  2.09258949e+00  2.05358171e+00
  1.13558566e+00 -2.39512771e+00  3.02370006e-01  1.25104358e+00
  7.63687664e-01  9.39784174e-01  6.25164983e-01  1.22820887e+00
 -1.44739878e+00  8.74299752e-01  1.73703903e-01  1.20737554e+00
 -6.85719156e-01 -1.14390758e-01 -2.55680150e-01 -6.49904268e-01
  1.08635853e+00 -1.54080893e+00 -4.21960325e-01  6.32713947e-01
  1.27774816e+00 -1.33255709e+00  8.17706940e-01 -1.02690143e-02
  1.86283742e-01 -5.36556938e-01  1.19512812e+00  7.48292509e-02
  3.31424700e-01  8.40836302e-01  1.13181702e+00 -3.39790502e-01
  2.96939676e-01 -1.70438344e-01 -8.01434469e-01  1.60392835e-01
  9.30874160e-01 -7.00952022e-01 -1.41766884e+00 -8.72390237e-01
  1.01315886e-01  6.33998052e-01 -6.61932579e-01 -6.57525948e-01
  1.83509682e+00 -2.49427575e-01 -1.35132075e+00  8.80699499e-02
 -1.53409385e+00  3.55976852e-01  1.40945794e+00  1.26198190e+00
 -3.49976142e-01  1.42174256e+00 -5.04481373e-01 -1.58198301e+00
  1.64344663e-01  6.61830055e-01  6.82214148e-01  1.14660135e+00
 -6.23302256e-02  1.07085723e-01 -9.47012317e-01  4.74160544e-01
 -1.50274664e+00  3.80187327e-01  3.17780837e-01 -2.70302040e-01
  1.79932825e-01 -1.11683736e+00 -2.39116593e-01 -1.79341898e-01
  5.22027931e-01  7.44416207e-01 -1.52393697e+00 -1.49276771e-01
 -1.40152919e-01  3.13235262e-01 -6.09412589e-02 -2.10533530e+00
  4.05436482e-01  6.95979511e-01  5.81181365e-01  1.84296816e-02
 -5.86192520e-01  8.12364476e-01  1.84724846e-02  2.69100883e-02
 -2.68071338e-01 -1.62899133e+00 -6.78663331e-01 -9.04149549e-01
 -6.70313301e-02  2.38034878e-01  2.00809273e+00 -3.82538326e-01
  1.19383237e-01 -1.67913675e+00 -1.15537139e+00  7.18585174e-01
 -2.48138778e-01  1.31582250e+00  1.17745228e-01  3.01407669e-01
  1.91663109e-01 -3.89198807e-01 -1.69813439e+00  4.24705714e-01
  6.56544535e-01  4.70653993e-01 -9.23678469e-01  4.49952869e-01
 -6.00853279e-01  1.02197279e+00  5.93319955e-01 -1.94344653e+00
  1.57874019e+00 -3.51805279e-01 -1.70137087e+00  1.67205299e+00
  2.62800618e-01  3.90804067e-01  1.35874616e+00  1.77735695e+00
  1.73827793e+00 -1.54551480e+00 -7.18538700e-01 -1.81375660e-01
 -7.12187251e-01 -9.22047292e-01 -1.52409768e+00  1.53189909e+00
  1.10245011e+00  4.55902665e-01 -1.08777485e-01  1.23366776e-01
 -8.43012051e-01 -3.50902224e-01 -7.86928676e-01 -8.71777215e-01
  1.35249334e+00 -6.02564473e-01  3.60829202e-01 -5.39307170e-01
 -1.60210068e+00  1.11435621e+00 -8.78937897e-01  7.57085980e-01
  5.93866253e-01  2.19443047e+00  9.07358171e-01 -2.00100299e-01
 -1.42338692e+00 -1.36676069e+00 -6.33829261e-01  5.09838574e-01
 -1.25356152e+00  1.22531390e+00  1.42726268e-02  4.04056878e-01
 -1.06518950e+00  8.78822896e-01  5.79350561e-02  1.69345667e+00
 -1.11101504e+00 -2.64885296e-01  2.76667513e-01  1.05486169e+00
 -6.89388458e-01 -2.37579245e-01  1.81685171e+00  1.30276253e+00
 -3.89142151e-01  1.37684399e+00  6.69279629e-01 -6.61780236e-01
  9.90389045e-01  2.83474898e-01 -2.98127752e-02 -9.01526759e-01
 -8.27738404e-01  2.44925605e-01 -7.17377650e-01  3.21663396e-01
 -4.25638411e-01  1.51823927e+00  9.53957511e-02 -7.15305360e-01
 -5.56248891e-01 -5.68267865e-02  3.76281106e-02 -1.12767187e+00
 -1.80617458e-01  8.83877628e-01  6.00588962e-01  6.23897807e-01
 -1.63202306e+00 -6.81634993e-01 -1.04888134e+00 -8.83784596e-01
  3.00110219e-01  1.17889132e+00  8.87647247e-01 -7.73098648e-01
 -3.56106290e-01 -1.32443770e+00 -3.10879666e-01  1.55585541e+00
 -5.35912356e-01  5.81997885e-01 -3.96981322e-01  1.80097627e+00
 -1.11830021e-01  3.73544823e-01 -3.21524085e-01 -7.07668596e-01
 -5.81006919e-01  1.33299776e-01  1.22175524e+00 -1.31352283e+00
 -1.51220400e+00  1.06829569e+00 -8.30941419e-01 -1.15562079e+00
  1.40296829e+00 -4.18247215e-01  3.74312971e-01  1.00226284e+00
  2.21273746e+00  5.97396380e-01 -1.84417771e+00 -4.26731342e-01
 -1.52033323e+00 -1.28881600e-01  2.76690228e+00 -1.23325183e+00
 -2.10166773e-01  5.82378203e-01 -6.02016032e-01 -8.83665005e-01
 -3.17026581e+00 -1.83354376e-01 -7.00671574e-02 -1.14641837e+00
 -2.11518381e-01  6.87654357e-01 -5.77422758e-01  5.96566591e-01
 -8.76108495e-01  1.00600752e+00  7.81256017e-01  5.04744130e-02
  9.04355752e-01  1.19408413e+00  2.69445451e+00  8.41015726e-01
  2.32248408e+00 -2.87210656e-01 -6.68059497e-01 -1.29213488e+00
 -8.68123874e-01  1.23294302e+00  6.01711516e-01  3.46467734e-01
 -3.72257662e-02 -1.23730015e+00  8.97235994e-01 -2.78818912e-01
 -1.51159666e-01 -4.01905801e-01  4.90060201e-01  3.34053676e-01
  2.73494848e-01  1.17324013e+00  3.25973137e-01 -1.24508033e+00
  2.44566226e-01 -1.04008560e+00 -2.51927100e-01 -5.97671047e-01
  6.05972091e-01  4.63311400e-01  7.86941932e-01  9.26154363e-01
  1.59298149e-01 -7.55491873e-01 -1.47884721e+00 -1.54272603e+00
  1.09444413e+00 -1.30077340e-01  5.78644839e-01 -9.12685509e-01
  1.15064843e+00  8.75454882e-01  8.88215738e-01 -9.72352734e-01
  1.16726568e+00  2.01192153e-01  3.29691598e-01 -7.79149611e-01
  8.69040959e-01  1.04720559e+00  2.85390502e-01 -8.93828624e-01
  1.10636170e+00 -4.58838931e-01 -1.47644422e-02 -1.12599842e-01
  2.98256685e-02 -1.71516130e+00 -5.75024922e-01  5.08174653e-01
  1.02609487e+00 -3.15751247e-01 -9.12665211e-01  2.82048340e-02
 -1.05993803e-01 -2.72973446e-02  1.26278073e+00  7.51423394e-01
 -1.83200253e+00 -3.96364443e-01  2.73445380e-01 -2.26053652e+00
  6.72224101e-01  9.50673534e-02  7.79258851e-02 -3.57031008e-01
 -2.99865954e-01 -2.00806111e+00  5.24663613e-01  9.69942240e-02
  3.63369286e-01  1.63689729e+00 -5.97282024e-01  6.85734140e-01
 -2.52572125e-01  1.05369549e+00 -1.15127185e+00  7.19006975e-02
  4.30558348e-01 -1.13073058e+00  6.83554181e-01 -7.83753576e-01
  1.60079226e-01  7.50783036e-01 -1.45502762e+00 -3.27522193e-01
 -3.32162539e-01 -7.66055097e-01 -1.03112579e+00 -1.39417672e+00
 -1.41078833e+00 -1.21526162e+00  2.99278282e-01 -9.06994332e-01
 -1.09493679e+00  4.42371388e-01  5.71064273e-01  2.32451326e-01
 -4.82076224e-01  8.76962564e-01 -1.55249789e+00 -2.12439933e-01
 -1.59469027e-01 -1.19474304e+00  4.19156567e-01  7.71640134e-01
 -7.05078039e-01  2.63542566e-02  1.37164886e+00 -8.58248740e-01
 -4.10777497e-01  1.79285380e+00  3.08648707e-01  2.88051242e-01
  6.31931764e-01 -1.89418819e-01  1.03482149e+00  7.84101789e-01
  4.19867198e-01  6.05945748e-01  1.19393377e-01 -1.37784042e+00
 -3.72263385e-01  2.27479556e-01 -1.13776534e+00  2.00958180e+00
  2.20097354e+00  7.04631988e-02 -3.04996887e-02  1.14629852e+00
 -3.86601128e-01 -2.23070326e+00 -9.28395365e-01  1.39985506e+00
 -2.20571227e-01  4.24480497e-01  1.12042726e+00  9.02586286e-01
 -2.21431424e+00  3.01352910e-01  1.00268828e+00 -1.38616633e+00
 -8.47298172e-01  2.17582516e+00  3.23825998e-01 -5.19626003e-01
  1.54961352e+00  7.78487172e-01  7.32276794e-01 -1.59125868e+00
  1.11417493e+00 -1.05080122e+00 -1.29655943e+00  9.83148959e-04
 -6.52267345e-01 -1.22626338e-01 -3.54435247e-01  1.38936271e+00
 -3.17714209e-01 -9.29649713e-02 -1.22642954e+00  1.39850679e+00
 -1.41635263e+00 -1.76604390e+00  2.57996183e+00 -1.81785398e-01
  3.48368830e+00 -2.15902508e-01 -1.03792714e-02  2.01602083e+00
 -1.31542929e+00 -1.34006047e+00 -7.07262234e-01  2.00071574e+00
 -4.92062670e-02  4.03260348e-01 -1.15305348e+00 -6.23729478e-01
 -6.53306580e-01 -7.58387838e-02  1.12434220e+00 -4.06786707e-01
 -1.30203571e+00 -7.75196224e-01  1.20241168e+00  4.69555356e-01
 -1.09203058e+00 -3.81473391e-02 -1.96666104e+00 -6.10682175e-01
 -5.85075525e-01 -8.22386738e-02 -1.94441429e+00 -1.56302844e-01
 -1.06265501e+00 -8.53380518e-01 -7.38084806e-01 -1.20956400e+00
 -1.99680512e+00  7.18777471e-01  4.28976410e-01 -2.67527190e-01
 -7.71344579e-01 -1.61280550e-01  1.20188454e-01  4.57098895e-01
 -2.48402592e+00 -6.53920621e-01  4.64080319e-01  2.41810685e-01
  8.78061221e-01 -8.86688693e-01 -8.36208336e-01  1.55286195e+00
  1.75992983e+00  2.72396762e-01 -1.14286669e+00 -3.11604071e-01
 -5.98903462e-01  6.81123607e-01 -2.03145144e-01  7.28186887e-01
  4.41731037e-01  2.00877732e+00  9.46143104e-01 -1.90352108e-01
 -1.26098760e-01  7.24423307e-01 -6.28464675e-01 -1.00596150e+00
 -9.47036164e-01 -2.45874563e+00  7.66402047e-01 -5.23918526e-01
 -1.05563203e-01  2.85832495e-01  7.55798552e-01 -2.57823375e-01
 -2.04796492e+00  1.85554845e+00  1.33819842e+00  5.32191400e-01
 -1.20810777e+00  1.03127715e+00 -1.80413709e+00 -4.90817475e-01
 -1.00747244e+00  7.47962366e-01 -8.65207680e-01  1.09175724e+00
 -3.73478056e-01 -9.59394556e-01 -5.33243518e-02 -2.00993880e+00
  7.91616569e-01  1.48623706e+00 -6.75538756e-01  1.33577372e+00
  3.54312222e-01 -7.12272243e-02 -9.57125400e-01  3.20101502e-01
 -1.12548831e-02  1.19646404e+00 -1.11658536e+00  7.31859161e-01
 -3.20402139e-02 -2.44087984e-01 -5.63810412e-01  1.42955608e+00
  1.13200457e+00 -7.87390577e-01  1.33618908e-01 -7.37001391e-01
  2.77063179e+00 -2.45399407e-01 -1.60854257e+00 -1.23835412e-01
  1.28995865e+00  2.57243945e-01  9.27119437e-01  2.08638202e-01
 -6.59898867e-01 -3.68351961e-01  1.55986029e+00  2.32231766e-01
  1.53842550e-01 -7.05741145e-01 -1.43590005e+00  7.41757941e-01
 -1.75333344e+00 -9.49366671e-01  1.58604505e+00 -1.13307106e+00
  2.12544658e-02  1.00388578e+00 -5.52502569e-01  3.42215639e-01
 -8.70713388e-01 -8.28497103e-01  4.15582838e-01  6.06425449e-02
 -9.72605469e-02 -2.72328185e-01 -9.62815557e-01 -3.88189032e-01
 -4.81668877e-02 -9.72802014e-01  5.08284096e-01 -2.32744852e-01
 -7.90269671e-01  6.10558385e-01 -1.27707801e-02  1.00988737e-01
 -3.21796155e-01 -1.36731370e+00  7.27285096e-01  4.78634972e-01
 -1.41195594e-01 -9.19627236e-02 -7.08643959e-01 -6.00731879e-02
 -2.13075039e+00  7.17436275e-01  1.34679496e+00  4.22307013e-01
  1.26875826e+00  1.71659008e+00  2.20502889e-01  7.13096668e-01
 -5.81263584e-01  1.35859985e+00 -1.09862651e+00  2.28639534e-01
 -1.89281323e-01 -2.07358299e+00 -9.31717782e-02  1.77514633e-01
 -7.44302963e-02  9.84223265e-01  1.39871568e-02 -2.12647870e+00
 -1.01840677e+00  1.82287604e-01 -1.46087851e-02 -6.95257338e-01
 -4.86885048e-01 -1.17298720e-01  9.45026551e-01  2.27230421e-01
 -1.14116027e+00  2.21817290e-01  2.84632193e-01  9.62790768e-01
  1.08742916e+00  5.30984743e-01 -5.27241909e-01  6.68101332e-01
 -8.38525824e-01 -2.05919287e+00  1.03529903e+00 -1.65963522e+00
 -9.10958919e-02 -1.38602573e+00  1.55910563e+00 -2.71731001e-01
  3.41369237e-01 -9.35747188e-01 -1.65283666e+00 -2.31235891e-02
 -5.95483382e-01  2.66367189e-01 -4.16999878e-01  8.81550608e-01
  1.63668529e+00 -3.20291935e-01  1.38517457e+00  4.37049221e-02
  9.59861996e-02  5.26355131e-01 -3.77846432e-02  5.20928866e-01
 -1.08603385e-01 -7.78650489e-01 -7.83791848e-01  1.31891905e-01
 -2.57030339e-01  1.30512843e+00  1.63330827e+00 -6.10839493e-01
  1.07368558e+00 -1.20260641e-01 -5.04237529e-01 -5.47431692e-01
  1.15988776e+00 -2.13530025e-01  3.21283393e-01 -7.20549990e-01
 -1.26736338e+00 -9.64724227e-01  2.25658739e-01  1.44998405e+00
 -6.98869292e-01 -9.52340663e-01 -1.01291884e+00  9.25317816e-01
  7.54066499e-01 -1.82056267e+00 -1.27144177e+00 -2.93480338e-01
 -1.10610724e+00  7.50344467e-01  7.77404585e-01 -2.39972791e+00
  5.58649617e-01 -1.14806338e-01 -7.95401313e-01  1.43717407e+00
  5.05211809e-01 -1.99313451e+00  2.33604409e+00  8.87072993e-01
  1.84161032e+00  3.21246838e+00 -5.96081230e-01 -3.29989926e-02
  7.61793205e-01  1.17043391e+00 -1.25863261e+00 -1.35229754e+00
  7.00192050e-01  3.59061365e-02  6.31189077e-01 -6.88841963e-01
  5.75912504e-01  1.69513397e+00  3.68282676e-01  1.59715993e+00
 -1.55828369e+00  9.47671263e-01  9.63145163e-01  9.12142084e-01
  9.47543524e-01  1.29568643e+00  7.23169497e-01  1.90508192e-01
  4.53103112e-03  8.97887460e-01  1.79750920e+00  2.34190817e+00
 -2.14522455e+00 -6.03694047e-01  2.23312023e-01  5.67063156e-03
  1.17895093e+00 -4.94841031e-01 -8.23498591e-01  3.47846448e-01
 -3.82999154e-01  5.01475798e-01 -4.56434961e-02 -1.44822458e+00
 -9.38133029e-01  9.59174992e-01  4.69315548e-01 -1.69117867e+00
 -5.87398273e-03 -2.88649062e-01  1.47530197e+00  1.72108579e-01
  9.63712394e-01  2.60065771e-01 -1.32945109e+00  1.98026587e+00
  1.14715222e-01  2.31848651e-01  1.64417990e-01 -7.03182059e-02
 -2.13417558e+00 -8.56578632e-01  1.45642961e+00 -2.55072894e+00
 -1.65661142e+00  2.46641725e-01  3.94450015e-03  1.11057824e+00
 -2.01659697e-01 -1.01445450e+00 -1.30657450e+00  1.29400125e+00
 -7.42883388e-01 -2.67105390e+00 -2.24739821e+00 -1.18543526e+00
  6.97326130e-01  1.57123771e-01  7.05278976e-01 -1.21475711e+00
 -1.74520522e-01  3.09676772e-01 -8.70296258e-01 -1.44293721e+00
 -3.90396585e-01 -1.30560177e+00 -1.57466150e+00 -1.15197753e+00
 -3.57858354e-01  9.23597789e-01  1.35951220e+00 -5.10115963e-02
  1.49203852e+00  2.97727542e-01  7.08659237e-01 -3.87038571e-01
  1.14164560e+00 -4.77378664e-01 -3.56901808e-01 -1.80697735e+00
 -2.47709489e+00 -1.38955206e-01  2.42920925e+00  7.42344874e-01
  3.64827316e-01 -9.66920155e-01 -9.36996611e-01 -1.55524236e+00
  6.79790603e-01 -4.18780482e-01  5.62537639e-01 -8.45326190e-01
  4.92651493e-01  2.81220020e-01 -6.05077571e-01  8.04934768e-01
 -1.77166637e+00  1.15267092e-01  4.32298485e-01  2.94269652e-01
  3.10498697e-01 -1.73621320e-01  2.02043217e+00 -2.35009297e-01
  1.06526027e-01 -3.14553960e-01  1.26393924e+00 -7.06493838e-01
  2.31357170e+00 -1.22587759e+00  2.98869810e-01  2.07417537e-01
 -2.29040951e-01 -1.54370798e-01  8.70033599e-01 -2.25484024e+00
 -3.24413481e-01 -4.35952224e-01 -1.09675713e+00 -1.18938674e+00
  1.59585488e+00 -5.88793581e-01 -6.22966972e-01  6.27665438e-01
  8.04866818e-01  1.60289476e+00 -1.24931191e+00  1.43646285e+00
  1.52616726e+00 -1.59711341e+00 -3.68551661e-01  8.64010129e-01
 -3.50024322e-01  2.49281645e-01 -8.99196028e-01  2.06109605e+00
 -1.07048272e-01  3.00873104e-01  1.81177908e+00 -5.23431415e-01
 -6.70624838e-01 -1.34294421e+00 -1.05789289e+00 -3.98334650e-01
  1.06122174e+00  8.94653783e-01  1.39508586e+00 -6.90302431e-01
  3.05663666e-01 -7.90174553e-01 -1.61260974e-01  1.24348068e-01
  4.87524291e-01 -1.13286664e-01  6.15520564e-01 -2.33113377e-01
  3.68789273e-01  8.32203288e-01 -4.71694832e-01  2.56204204e-01
  1.04063508e+00  2.27473520e-01  6.71396681e-01 -2.38958581e+00
 -1.39496776e+00 -2.59123703e-01 -3.23632827e-01  6.40847762e-01
 -8.48661125e-01  7.31648732e-01  7.38028930e-01  2.75829131e-01
 -1.13170911e+00  3.37939041e-01  4.04005151e-01  1.04537803e-01
 -8.35194202e-02 -1.26237163e+00 -1.19661051e+00 -8.72028305e-01
 -2.58886177e-01  1.11499812e+00 -8.01896980e-01 -2.02979590e-01
  8.18535500e-01  1.38721475e+00  6.93723756e-01 -4.72170615e-01
  2.81581466e-01  1.37844531e+00  7.85213932e-01 -1.55933592e+00
 -7.63384792e-01 -3.66368202e-01  2.46950621e-01 -1.26176783e-01
 -2.99442333e+00  1.63322505e+00 -1.98295413e-01  3.25469922e-01
 -1.41572686e+00 -3.71930535e-01 -1.79200473e-01  5.00474914e-01
  3.58313852e-01 -2.14153405e+00  4.94584524e-01 -8.37514211e-01
  1.19967199e+00  3.01025829e-02  6.54152496e-01  4.80921735e-01
 -6.89432666e-01  8.29985538e-01 -1.93753828e+00 -7.73617520e-01
 -6.86703376e-01 -1.23910923e+00  1.42801289e+00  2.38529822e+00
  5.68028152e-01  1.34118921e+00 -4.82672835e-02 -6.30255451e-01
  5.69960585e-01 -4.34277073e-01  1.12570354e+00 -2.46698750e-01
 -1.31235089e+00 -3.31534088e-01 -1.11074890e+00  7.83756651e-01
  1.32526715e+00 -5.28572934e-01  8.48938836e-02  7.12538728e-01
 -4.48518978e-01 -9.61113337e-01  1.97159795e+00 -2.03511621e+00
 -8.66077329e-01  2.07917014e-01 -8.83996997e-01 -5.20662198e-01
  1.81272648e+00 -1.94488620e-01  2.47659817e-01  8.76104921e-01
  2.05051775e-01  3.33356221e-01  7.07544556e-01 -3.04890182e-01
 -3.18102226e-01 -4.16287168e-01  5.87364883e-01  9.02695578e-02
  1.26979977e+00 -1.99840373e-01 -8.63818078e-01  8.74620997e-01
  8.31751967e-01 -5.91755529e-01 -2.11812577e-01  8.81421878e-01
 -1.17288531e+00 -1.10314435e+00 -1.71127513e+00  4.82434421e-01
  1.40851425e+00  1.90727068e+00 -1.08587133e+00 -1.36938886e-01
 -7.43139782e-01 -5.37423075e-01  1.08244073e+00  1.29743205e-02
 -3.85938883e-01  5.18738609e-01 -3.52458798e-01 -4.38989321e-01
  4.33528822e-01  8.45742207e-03  2.15174744e-01  3.47267037e-01
  6.67726706e-02 -7.83900759e-01 -2.64643988e+00  5.12031156e-01