 1.31694403e+00  1.02265124e+00  1.75746146e+00  1.29327128e-01
  1.07694041e+00  4.36560406e-01  9.48765645e-01 -6.70882947e-01
  1.10825420e-01  3.20851466e-01 -7.47068809e-02 -7.10528555e-01
 -1.09375125e+00  5.02124673e-01 -1.81966334e-01  2.53208219e+00
 -1.71157735e-01 -6.11581569e-01 -4.31070193e-01 -2.31675961e+00
 -1.21680274e+00 -3.97236623e-02  2.22133893e-01 -8.13746393e-02
  2.98028443e+00  7.62618695e-01 -6.96852104e-01  5.26998471e-01
 -3.38911734e-02 -1.42063255e+00  1.42904838e+00 -1.03228126e+00
  1.86522248e-01 -1.07164086e-01  1.51828446e+00  9.67829359e-01
 -1.43937808e+00 -1.06730256e+00  9.60966403e-01  1.36928269e+00
  3.33376491e-01  5.29614838e-01  1.07026336e-01  9.66311111e-01
  6.04784724e-01  6.71185335e-01 -7.09891817e-01  1.88114649e+00
  3.49996130e-01  8.92587940e-01 -1.12839174e+00 -7.42093989e-01
 -9.73867418e-01  1.43632797e-01  6.86811841e-01 -1.10932800e+00
  5.88481823e-01 -1.24158207e+00  7.45917829e-01 -1.36535455e+00
  2.10844866e+00  4.08572621e-01  5.66318732e-01  4.61362587e-01
 -1.37930913e+00 -1.01077537e+00 -9.48124647e-02 -1.02929782e+00
  6.00753025e-01  2.21334255e+00  6.41316359e-01  4.84879450e-01
  7.75168765e-01  2.67305882e-01  4.85974339e-01  7.86071217e-01
  2.05749816e-01 -1.83916308e-01  4.25535585e-02  1.62563944e-01
  9.92553186e-01 -4.99107892e-01 -7.16260222e-01  1.90232316e+00
 -8.94555584e-02 -8.89844444e-01  1.01974185e+00  5.52400607e-01
 -6.47504130e-02 -1.03016294e+00 -1.12706751e+00 -4.02705151e-01
  1.38572966e+00  1.37330338e-01 -4.04194779e-01 -8.49459518e-01
  1.34896830e+00 -9.11431825e-01 -7.44448923e-01 -1.28662922e+00
 -3.98180797e-01  1.11546480e-01 -6.48310751e-01 -1.67925022e+00
  4.10969697e-01 -7.75112058e-01  1.00686386e+00  1.04323616e+00
  1.48751335e+00  1.11516348e+00  4.43774104e-01 -7.02463192e-01
  1.20248415e+00  2.55353339e-03 -2.73789019e-01  3.10589349e-01
  4.56040113e-01 -2.35656018e-01 -8.28746653e-01 -1.53979558e+00
 -9.31878292e-01 -4.79435013e-01  1.55926206e+00  1.11682262e+00
 -4.81604076e-01  1.95753383e+00  1.17319151e+00 -4.63803706e-01
 -1.55065680e+00  7.33162881e-01  2.68687726e-01 -1.80689089e-01
  4.18653406e-01 -1.99951684e-01 -1.06050869e-01 -1.13777235e+00
 -5.08961089e-01 -1.26491509e-01 -1.95040591e-01  6.94186368e-01
 -4.32017880e-01 -8.27813008e-02 -1.71867298e-01 -3.41019813e-01
 -6.30423018e-01 -9.98926223e-01 -6.57925822e-01  1.43293275e-01
 -1.50249059e+00 -3.44325099e-02  1.36778575e+00  8.58975103e-01
 -1.04080632e+00  6.21074455e-01 -7.38870043e-01 -4.14397688e-01
 -1.72732987e+00 -8.85580895e-01 -2.15735916e-01 -1.36773486e+00
  6.95719431e-03  4.84475623e-01 -2.55019722e-01  1.75808634e+00
 -9.98741822e-01 -2.11352519e+00 -1.14310274e-01 -4.55036852e-03
 -2.07254120e-01 -1.38921483e+00  8.41917078e-02 -6.21081217e-01
  8.86354998e-01 -1.02336021e-02 -9.09736263e-01  3.91599121e-01
 -9.54362015e-01  7.11353825e-01  1.48648609e+00 -2.95726600e-01
 -1.44990396e+00  8.39487062e-02  4.25785864e-01 -8.50955080e-01
  7.72518739e-01 -8.77358885e-01  1.00689383e+00 -1.23001965e+00
 -5.96674221e-01  2.67092438e-02  4.07598006e-01  2.33478365e+00
 -1.14329746e+00 -4.24896580e-01 -2.97877473e-01 -3.25864145e-01
 -1.65364922e+00 -8.00316666e-01 -1.52392536e+00 -5.08935350e-01
  8.82779595e-01  1.09823528e+00 -2.88127699e-01 -1.74792770e+00
 -6.97545269e-01 -1.05646195e+00  9.69815675e-01 -1.50083415e+00
  9.65060086e-01 -1.04577217e+00 -1.32512636e+00 -1.42595439e-01
 -1.52525003e-01 -5.29726362e-01 -1.17890899e+00 -1.17929725e+00
 -2.14135691e-02  4.40839685e-01 -2.06816284e-01  2.68505552e+00
  2.66572973e+00 -1.10592345e+00 -4.87566102e-01 -1.40480123e+00
  7.81693186e-01 -5.11941806e-01 -1.28976642e+00  1.09994827e-01
 -2.66311968e+00 -1.31047878e+00  9.70325057e-01  5.58627393e-01
  1.85242719e+00 -5.00377955e-01  8.70234848e-01 -3.12277831e-01
 -1.33767644e+00 -7.73062426e-01  1.13123783e-01  9.40509269e-02
  6.16099627e-01  7.14471631e-02  2.31649416e+00  8.24853077e-01
  6.77543917e-01  1.13496165e+00  4.27050946e-01 -2.85087377e-01
 -9.02865608e-01 -2.75712351e+00 -7.68912317e-03 -3.97436327e-01
  6.69568139e-01 -5.71126764e-01  1.47766588e-01  6.77900461e-01
 -9.77715535e-01  3.94472367e-01  1.26939139e-01 -6.39595683e-01
 -2.95262075e-01  7.68758612e-01  1.13511969e+00 -5.34032274e-01
 -8.92782484e-01  1.50783982e+00 -7.15418133e-01  2.66712710e+00
  1.95939446e-01 -1.34998717e+00 -7.43676064e-01 -2.76399603e-01
  1.28360221e+00  9.74851864e-01  2.10900355e-01 -1.95421503e+00
  4.71655298e-01  3.23402482e-01 -6.55065294e-02  5.77834799e-01
 -5.53374028e-01  8.86290990e-01  9.84365094e-01 -1.54101801e+00
 -6.59247923e-01  3.49151548e-01 -3.85933621e-01 -4.06720924e-01
  5.09675410e-01  4.80455348e-01  5.38614906e-01  1.17694877e-01
  1.24054605e+00 -3.90159092e-01  1.01941117e+00 -1.27437196e+00
  2.60221925e-01  6.52834696e-01 -4.11332944e-01 -3.80150561e-01
 -1.57603060e+00  2.44498490e-01 -1.50431963e+00  1.44306092e-01
  4.56557879e-01 -6.20182299e-01  4.29361676e-03  1.46049192e+00
 -8.34913617e-01  9.04404660e-01 -9.53582445e-01 -9.17214056e-01
 -1.23661218e+00  2.25229927e-01  5.74297853e-01  5.81353559e-01
  5.91744259e-01  7.10449514e-01  5.98846127e-01 -8.93483408e-01
  8.98144763e-01 -5.13518400e-02 -6.00964112e-02 -1.03687807e+00
 -3.36944335e-01 -8.57497863e-01  5.36479954e-01 -6.15228234e-01
 -1.04597546e+00  1.49897678e+00 -1.37938910e+00  2.12083439e+00
  2.04954623e-01 -1.20158443e+00 -1.02700782e+00 -7.82790343e-01
  1.83925357e-01  1.01910007e+00  2.34849891e+00  1.65176005e+00
  7.53747832e-01 -3.52318606e-01 -1.47353836e-01 -1.53118008e-01
 -1.43244561e+00  3.47447246e-01 -7.00693860e-01  1.35891377e+00
 -8.00022798e-01  1.07488099e-01  7.86751542e-01  1.00308107e+00
  5.08736670e-01 -4.20804764e-01 -4.27734629e-01 -4.39561067e-01
 -2.73295143e-01  3.80983362e-01  1.62463938e+00 -2.41122798e-01
 -1.77868991e+00  4.84624823e-01 -1.25950504e+00 -1.81174048e-01
  8.13048054e-01 -1.57944219e+00 -1.70439361e+00 -4.73552520e-02
 -2.87445557e-01 -8.06706128e-01  4.05770660e-01 -1.03079311e+00
 -9.55670866e-01  7.74496785e-01  3.56053357e-01 -2.41590758e+00
 -2.58364181e-01  2.01850015e-01  4.84393160e-01  3.07167451e-01
 -1.22802119e+00 -8.60046986e-01  7.55216026e-01 -8.38029000e-01
 -8.42753082e-01 -2.92793924e-01 -1.10796674e+00  8.78559633e-01
  1.68236279e+00  1.26474376e+00 -6.70235213e-01 -9.97336570e-01
 -4.37715080e-01  6.35657534e-01  6.98905737e-01 -1.41697900e-01
 -1.83320193e+00  1.46944390e+00  5.35642137e-01 -5.98427223e-01
  2.11130322e-01  6.72951891e-01 -1.29269728e+00 -1.80072837e+00
 -1.11131659e+00  1.20324333e-01 -6.53324354e-01 -2.63160229e-01
  5.84626972e-01 -5.83150481e-01 -1.52002999e+00 -7.25062046e-02
  1.64215114e-01  2.72566369e-01  6.64515048e-01  6.26830183e-01
 -1.03314468e+00 -1.45102190e+00 -9.32929892e-01 -2.29385820e-01
 -8.91029611e-01 -6.38385095e-01 -6.90087876e-01 -4.61365164e-01
 -6.07566438e-01 -4.97725375e-01 -1.17735286e+00  1.09158256e+00
 -8.04227135e-01  4.59103082e-02  1.07596216e+00 -1.84824495e+00
 -6.77937327e-01  1.39369814e+00 -1.17731007e-02  1.18905000e+00
 -7.82732204e-01 -2.18078594e+00  2.57397453e-01 -3.51903584e-01
  5.27020510e-01  1.41249993e+00 -4.87785217e-01 -4.34081881e-01
  2.03264017e-02 -9.59898778e-01 -1.39102183e+00  6.57793270e-02
  5.39659853e-01 -2.49308786e+00 -1.07796545e+00  6.06951083e-01
  1.08150857e+00  9.60259666e-01  2.19257508e+00 -9.03501968e-01
 -3.98847809e-01  1.03931816e+00 -1.61491773e+00 -5.76302630e-01
 -3.06004600e-01 -2.01244169e+00  8.62228053e-01 -4.27392230e-01
 -2.81651700e-01 -6.17554726e-01  6.62470915e-01 -9.10224594e-01
  3.23783839e-01  7.30640861e-01 -1.91541069e+00 -9.03814897e-01
  7.93052275e-01  7.33292698e-01 -8.73952690e-01 -2.54044844e-01
 -1.29589226e+00  1.92923385e-01 -9.33527568e-02  5.82075532e-01
  1.01979764e+00 -1.04463512e+00 -4.89037345e-01  3.74950104e-01
  7.69754440e-01 -2.70332513e-01 -3.15000860e-01  9.52367568e-01
  1.63630158e+00 -4.24852238e-01 -2.11357125e+00 -1.86717165e+00
  1.15600195e+00  2.33294827e+00  1.03634801e-01  3.16125820e-01
 -8.39817041e-01  4.81790661e-01 -6.06480015e-01 -3.80767707e-01
  7.56716990e-03  1.04541411e+00 -9.27337977e-01  1.02401297e+00
  1.11770082e+00  1.88146153e+00 -3.45039780e-01  4.32784101e-01
 -8.34308464e-01 -2.91329401e-01  2.53314457e-01  1.92379035e-01
  4.10212504e-01  2.87629095e+00 -4.78935427e-01  8.17831301e-01
 -2.32655049e-01  1.04768446e-01  5.67643612e-01  1.27586650e-01
  2.06918673e-01  4.71446915e-01 -6.99343677e-02 -1.51812945e+00
  9.00260499e-01 -1.05472731e+00  1.67052582e+00 -1.19165979e-01
 -1.26651451e+00 -5.96967238e-01 -2.95068952e-01  1.09646633e+00
  1.34431815e+00  2.54769736e-01  2.78646758e-01 -6.75506486e-01
  1.36483594e+00 -8.66201305e-02 -1.97588960e+00  2.58883284e-01
 -7.61517834e-01 -4.63059391e-01 -1.30972522e+00 -1.81568798e-01
  1.22073768e+00  4.04382726e-01 -3.27578760e-01  3.95765840e-01
  1.75774629e+00 -2.11479887e-01 -8.52117639e-01 -8.74065500e-01
  9.68117636e-01 -1.67955205e+00  1.60388790e+00 -4.42659934e-01
  1.58421287e+00 -4.85284290e-01 -5.32277986e-01 -2.16810861e+00
 -1.28823733e+00 -3.28929073e-01  1.04566907e-01  1.68668079e-01
  8.38658430e-01 -4.82573826e-02 -1.11457539e+00  1.84027434e+00
 -2.28719280e-01 -1.99757234e+00 -2.66892612e-01  4.88046360e-01
  4.11538287e-01 -4.24319375e-01  1.59065375e+00  2.06740215e+00
 -1.44653327e+00  1.56615085e-01  1.99402882e+00  2.29317075e-02
 -1.20912720e+00  9.76330812e-01 -1.45356006e-01  8.99557088e-01
  9.13598273e-01  7.50211672e-02  9.47242476e-01  2.25469566e+00
  3.33232463e-01 -2.10384761e-01 -3.20584416e-01 -2.98354417e-01
  3.68653811e-01 -4.82214679e-02 -8.25182720e-02 -1.19755454e+00
  1.61304377e+00 -4.79247433e-01 -1.47073783e+00  2.20610675e-03
 -6.26133519e-02 -2.56051022e-01 -1.99775677e+00 -3.88320254e-01
 -6.01059857e-01 -1.12027528e+00  1.07853140e-01  2.18662908e-02
  5.14316810e-01  4.31618775e-01 -6.96247608e-01 -8.17875225e-01
 -9.67580340e-03 -5.94535523e-02  5.14718647e-01  5.87473465e-01
  8.77888393e-01  3.29991931e-01  2.23914360e+00 -8.88947585e-01
  8.21759153e-01 -1.04454681e+00 -7.25969640e-01 -1.82510822e+00
  6.63844965e-01 -9.78730779e-01  4.12704679e-01 -2.15493849e+00
 -9.65040795e-01  4.18746441e-01  6.53977892e-01  1.04155233e+00
 -2.18066279e+00  3.62820410e-01 -8.53474139e-02  3.44382254e-02
 -9.75346419e-02  1.64760654e+00 -1.01515957e+00 -3.84784971e-01
  7.33276772e-01  3.37867539e-01  4.96723962e-01  1.14607634e+00
 -4.79810430e-01 -2.50495286e-01  1.69150545e+00 -2.63993123e-01
 -1.27033748e+00 -7.37407150e-01 -1.29651172e-01  1.25826671e+00
 -7.35812855e-01  2.12842323e-01 -5.85223147e-01  1.65146281e-01
 -5.88470969e-01 -7.10976693e-01  8.48168651e-01 -1.58393715e+00
  5.08115108e-01 -7.48305944e-01  1.37852797e-01 -1.34841521e+00
  1.66480593e-01  4.04732376e-01  2.18786138e-01 -2.28000754e-01
  1.47552280e+00 -1.29351953e+00 -3.98792612e-02 -2.46048622e-01
  6.00885879e-01 -2.68803401e-01  3.87776162e-01 -1.12492088e+00
  7.98811235e-01  1.68351285e-01  1.64371761e+00  7.67567165e-01
 -8.24932870e-01 -1.15101171e+00  1.78057869e+00 -7.51794745e-01
  1.58337379e+00 -3.18065898e-01 -3.94998985e-01  3.73189823e-01
  6.88628341e-01 -1.51927190e+00  2.51817011e+00  2.60527660e-01
  1.66501788e+00 -7.99588371e-01  5.82028975e-01  1.67141622e+00
 -3.34239008e-01 -1.14296433e+00  2.11693705e+00 -2.36578671e-01
  8.58308932e-01  3.39669436e-01 -2.03868829e+00  3.70139880e-01
  3.00486109e-01 -1.46583656e+00  5.79723688e-02 -3.84446247e-01
  1.05489559e+00  2.36879036e+00  2.35228061e+00  6.27591066e-01
 -5.30967118e-01  3.88140151e-01  1.73522497e+00  2.03288789e-01
  5.01745830e-01 -1.16782492e-01 -7.12258827e-01 -6.96659684e-01
  5.54996289e-01 -6.09297751e-01 -1.65151016e-01  7.88163202e-01
  2.40175438e-02  1.45392936e+00 -1.31350097e+00  1.06579591e-01
 -1.13231547e+00  1.10926041e+00 -1.23181080e+00  2.42646913e-02
 -9.94829428e-02  2.85536782e-01 -6.95997976e-01  1.88367495e-01
 -1.84509180e-01 -8.32653512e-01  1.23119053e+00  1.43677866e+00
  7.35157523e-01  7.62262077e-01  1.36638610e+00  1.24181356e+00
  1.28067911e-01 -4.59223146e-01  1.37888252e+00  2.74575283e+00
  1.51989808e+00  1.86076230e-01  6.18186282e-01 -1.68754887e+00
  1.27434108e+00 -2.67369928e-01 -2.33143473e-01 -1.97122897e-01
 -9.58236884e-01  5.22225417e-01  2.22966827e-01 -4.20889760e-01
 -8.77707527e-01 -5.06499612e-02 -6.11908484e-01  1.66941732e+00
 -2.73113976e-01 -1.14783952e+00 -8.34152799e-01 -9.53104745e-01
  1.06565707e+00 -1.59216890e+00 -1.62769729e-01  4.69464698e-01
  9.95119873e-01  2.01133252e-01 -3.22933041e-01  2.47410657e-01
 -2.16843791e-01 -1.81109744e+00  1.81931470e+00 -2.85448783e-01
  1.37882330e-01  4.99998114e-01  9.33768113e-01 -2.94831323e-01
  2.67650469e-01  4.81319627e-01 -4.13960846e-01 -8.33741438e-01
 -3.40898705e-01  8.75070293e-01  7.89416786e-01 -4.37143832e-01
 -1.26912491e+00  7.00390248e-01 -8.41796247e-02 -3.89376270e-01
 -5.12751854e-01 -5.73591047e-01 -1.23324600e+00 -2.29407407e-01
 -3.16305332e-01 -1.39445419e+00 -1.88763221e+00  6.54733022e-01
  2.07637871e-01  4.37146764e-01 -7.05339755e-01  6.42905316e-01
  1.25080114e-01  1.67392186e+00 -3.29482064e-01 -9.64133247e-01
  3.73684494e-01  6.46848383e-02  4.01052006e-01 -3.41524835e-01
 -1.88500205e-01 -6.29363215e-01  7.58895302e-04 -8.41852955e-01
 -8.00929801e-01 -5.27322673e-01 -6.06076193e-01 -6.97121280e-01
 -8.15516999e-01  1.66737989e+00  1.00788147e+00 -8.28293684e-01
  1.02951782e+00  7.42184284e-02  1.53212899e+00  1.08096818e+00
  3.32949996e-01 -8.98805978e-01  3.74419948e-01 -4.00200615e-01
  7.15840285e-01 -1.02115312e+00  7.21653384e-01  5.89003557e-01
 -2.15897339e+00  1.21347635e-01  2.88876098e-01  1.37963272e+00
  4.23733670e-01 -1.95998054e+00 -1.00507410e+00 -5.54902402e-02
  6.54376602e-01 -9.78233994e-01  7.34781985e-02 -1.99888298e+00
 -9.32605075e-01  1.12482111e+00 -7.01539563e-02 -5.46969571e-01
  5.40079856e-01  6.31757757e-01  1.78869896e+00 -1.20017260e-01
  2.57565973e-01  4.51642432e-01  4.18038458e-01 -1.52665785e+00
  5.18457026e-01 -4.23910420e-01 -9.35008558e-01  1.12823649e+00
 -1.48586523e+00  6.75586676e-01  1.23663819e-01 -4.87150602e-01
 -3.23607991e-01  1.00679128e+00 -8.19067065e-01  6.66760844e-01
  5.99467828e-01  9.84690553e-01  2.06819203e-01 -1.39745213e+00
  9.42437148e-01  1.15840151e-01 -3.07643678e-01 -2.72719084e-01
  5.78149777e-01 -5.41470262e-01 -1.73931543e+00 -3.44713824e-01
 -2.73831788e-01  3.71826888e-01  1.40683100e+00  6.68514663e-01
 -5.41158720e-01  3.01105854e-01 -1.77563274e+00 -1.13339723e-01
 -1.49304962e-01  3.68534030e-01  7.35474979e-01 -3.47374706e-01
 -1.70664860e+00  3.02920988e-02 -1.30938541e+00 -3.21001350e-01
 -6.72593498e-01 -6.34768928e-01 -9.57399215e-01 -4.23851250e-01
 -1.28048785e+00 -6.52487571e-01  1.78492691e+00  4.70610943e-01
 -8.85892011e-01 -8.39846267e-01 -1.46060818e-01  1.42860984e+00
  8.25764807e-01 -2.10433015e+00  4.13783308e-01  1.34280595e+00
  1.25321478e+00 -1.54740320e+00 -9.93988773e-01  1.07977581e+00
 -1.53839366e+00 -6.96251442e-01 -7.35148177e-01  5.34343276e-01
  1.25051348e+00  1.02166705e+00  8.91685967e-01 -9.12650573e-01
  7.65785478e-02  7.45124942e-01 -1.07626931e+00 -1.13001240e+00
 -5.89698037e-01  6.77368254e-01  1.76898482e+00 -1.59450782e-01
  5.52853324e-01  2.02309361e-01  1.50404121e+00  2.07308866e+00
 -1.01244414e+00 -1.98883947e+00  5.87607085e-01 -3.26510612e-01
 -7.72781454e-01 -5.95412563e-01  6.16642232e-01 -8.65309406e-01
  9.44335606e-02 -2.11262222e-01  5.37046499e-01  1.18524487e+00
 -2.05570351e-01  9.42994153e-01  5.02858533e-01  1.59503708e+00
  1.01389691e+00  4.26493884e-01  5.30419099e-01  2.73926691e-01
 -2.41297418e-02 -6.28219856e-01 -1.18531625e+00 -6.16147962e-01
  3.09006961e-01 -8.85442446e-01  5.84035222e-01  5.29943992e-01
 -3.02492821e-01 -5.72837882e-01  2.76511739e-01  4.99331553e-01
  5.85578885e-01 -6.46470682e-01 -7.71805558e-01 -9.99090519e-02
 -1.63368700e+00 -5.94936389e-01 -1.22612966e+00 -1.86177152e+00
 -1.44381751e+00  2.33949810e-01  1.73051594e+00 -1.33967704e+00
  1.82724467e+00  1.11137779e+00  8.06417379e-01 -9.28213245e-01
  3.18651784e-02 -2.22201033e+00  2.32195309e-01  2.68631322e-01
 -1.28352773e+00 -1.43277973e+00 -7.05746049e-01  2.64668725e-01