 1.23604531e-01  8.89752351e-02  3.42258428e-01 -5.45549988e-01
 -1.01808825e+00 -4.08215651e-01 -4.37788184e-03  1.35926552e+00
 -1.02510114e+00 -9.08704234e-01  5.52047865e-01  1.40618197e+00
 -2.06024308e-01  2.34967860e-01  3.88148846e-01  1.73506986e-01
 -8.56489612e-01  1.32663372e+00  5.52518657e-01 -3.17475885e-02
 -8.72602712e-02 -1.28572801e-01  1.15447370e+00  1.59993434e-01
  1.58223204e-02  1.78631320e-01  1.14782567e+00 -1.36913865e+00
  1.36353421e+00  1.47635713e+00  1.19717552e-01 -9.61064454e-02
 -1.86850606e-01  2.49652269e-01  1.86279768e+00  3.10135710e-01
  1.45604412e+00 -1.00279123e+00 -3.87049331e-01 -5.31566215e-01
  1.03277438e-01 -9.97065583e-01 -8.20088604e-01  2.35342638e-01
  1.86681008e+00  2.72460559e-01  5.53040795e-02  1.36677510e+00
 -1.34333226e+00  4.26786265e-01  4.52052210e-01 -1.49165365e+00
 -1.10396486e+00  4.53488979e-01 -3.18389356e-01 -1.21929887e-01
  5.43636197e-01 -1.94278713e+00 -8.29211420e-01  5.45736125e-01
 -3.50190904e-01 -1.64039067e+00 -6.81529047e-01  1.52320117e+00
  9.57181996e-01 -4.10129291e-01 -6.36688136e-01  7.01038306e-02
  1.11352343e+00 -9.77556916e-02  2.63675144e-01  9.48279783e-01
  4.43174157e-01  1.39670376e+00 -1.70782145e-01  2.29072286e+00
 -3.59688474e-01  1.09515390e+00  6.25511262e-01  7.42825127e-01
 -2.57821981e+00  1.74475224e+00  1.00917542e+00 -6.35084439e-01
 -4.04986718e-01  1.11672698e+00  7.01587907e-01 -7.44756386e-01
 -2.35013527e-01  1.43966957e+00  4.52427847e-01  5.53732567e-01
 -1.34193423e+00  8.02795405e-01 -1.13965501e+00 -5.56461506e-02
  2.19268477e+00 -7.44111169e-01  4.31431661e-01  9.74349586e-01
  4.99330738e-01  3.53769700e-01  4.70240495e-01  5.35859954e-01
 -4.62152001e-02 -2.37737191e-01 -9.23775699e-01  4.07283203e-01
 -7.17402297e-01 -5.96439224e-01  1.13393772e-01 -5.62614269e-01
 -1.81267748e-01 -1.55761799e+00  1.09572318e+00  8.98018100e-02
 -4.47479641e-01  1.46764679e+00  1.73320029e+00 -1.48472926e+00
 -1.52550836e+00 -8.10441113e-01 -1.58130636e+00 -4.44888663e-01
 -1.02757707e+00 -1.41804093e+00 -9.89415225e-01  3.02406955e-01
  1.98457126e+00 -7.89468558e-01  3.53672243e-01 -1.15930513e+00
  1.17938717e+00 -2.12213968e+00 -3.91273841e-01  3.68544803e-01
 -1.38494355e+00 -1.62182356e+00 -1.08870285e-01  1.17650113e+00
  1.48092900e+00  4.43473425e-02 -5.36442368e-01 -2.49083961e+00
 -4.27077953e-01  7.92443111e-01 -9.02493295e-01  2.44581636e-01
  3.76229237e-02 -8.95043234e-01  1.76280537e+00 -2.36652021e-01
 -1.45600721e-01  2.59067480e+00 -4.73158666e-01 -1.07520155e+00
 -4.57338654e-01 -1.09868707e+00 -1.63486113e+00 -1.46674558e+00
  5.60415762e-01  1.96082286e+00 -7.26105269e-01 -5.71130066e-01
 -4.05437025e-01 -1.42791536e-01  1.95395380e+00 -1.33813773e-01
 -6.86113718e-01 -3.93611882e-01  1.14997197e+00 -3.44266518e-01
  3.19684500e-01 -4.56775748e-01  1.17549261e+00  3.67003219e-02
 -9.43450129e-01  4.79487824e-02  4.29021578e-01  7.70422954e-01
 -6.69582086e-01  3.90611182e-01  1.78781012e+00  1.86162124e+00
  4.92561250e-01 -4.98290472e-01  1.31511981e-01 -1.52838223e+00
 -8.70484778e-01 -8.97170618e-01 -8.33786481e-01  1.05712525e+00
 -4.04815476e-01 -8.83904324e-01  1.30763764e+00  1.01700718e+00
 -1.00870348e-02  3.92560535e-01  2.03457609e-01  1.33129695e+00
 -2.88750461e-02 -9.16966376e-01 -1.98784878e+00 -6.68889903e-01
 -1.24961936e-01 -8.68350580e-01  2.73372497e+00 -1.31905555e+00
 -2.58956619e-01 -8.33151956e-01 -4.57618216e-02 -1.30477288e+00
  8.83427494e-01 -1.19414540e+00  5.04666192e-01  1.69187381e+00
 -3.96892237e-01 -1.04711975e-02 -6.11771617e-01 -6.04387660e-01
  4.28108949e-01  1.31713941e+00 -1.08066575e+00  1.79997180e-01
  8.57912221e-01  2.73272507e+00  3.94028138e-01  3.22304456e+00
  8.35761644e-01 -1.33973403e+00 -4.88447396e-01  6.33498817e-01
  2.47556512e-01  1.62298370e+00  4.37003984e-02 -8.41296270e-01
  1.63531702e+00 -2.13251125e-01 -1.11255273e-01 -4.92252243e-02
  1.06459701e+00 -1.18740322e+00 -1.23017417e+00  1.27708629e+00
 -1.22886121e+00  1.23373362e+00  2.55634751e+00  9.19103667e-01
 -1.93615200e+00  3.27671881e-01  9.53437276e-01 -3.73796660e-01
  2.19102511e+00  2.03161274e+00  7.62837608e-01 -1.38291331e-01
  1.14004566e+00 -1.11549219e+00 -1.08315200e+00 -7.11910341e-01
 -1.97504328e+00  1.44688603e-01  8.31899742e-01  6.46250280e-01
  1.04645812e-01  4.27607192e-01  6.83797576e-01  2.38667540e+00
  9.98655662e-01 -1.69253531e-01  1.29428206e+00 -4.61990681e-01
 -2.05731406e+00 -4.47743723e-01 -8.47556962e-01 -1.07969144e-01
  1.91555118e+00  5.64219530e-01 -3.47736692e-01 -3.04971970e-01
 -9.86214720e-01 -1.35197743e-01  1.44057008e+00  1.40866117e-01
  7.87766196e-01 -1.17799481e-01 -2.59087336e-01 -2.81498115e-01
  2.11057651e+00  1.06249456e+00 -1.15699200e+00  7.39433499e-01
  4.13244664e-01 -1.84352828e-01 -1.28685280e+00  3.80828113e-01
  1.72182818e-01 -1.05203766e-01  1.68064724e-03 -6.77826818e-01
  1.16866997e+00  1.04854681e+00 -5.37789346e-01  1.32114378e+00
 -4.61783753e-01 -2.39914317e-01  1.01746249e+00  3.54691545e-01
  1.31435248e+00  4.67775787e-01  1.67247613e-01 -3.72079515e-01
 -1.57106980e+00 -1.43878870e+00 -2.87146874e-02 -1.00931226e+00
  1.82562675e+00  1.59264799e+00  4.64924367e-01  1.78312418e+00
 -3.82740483e-01 -2.40004776e-01 -1.43961355e+00 -9.80333684e-01
  5.24530888e-01 -1.31373590e+00 -3.48214479e-01 -1.38991740e+00
 -6.81209184e-01  1.46416157e+00  3.18428104e-01 -1.21822815e+00
 -1.16372602e+00  7.82626673e-02 -1.16897678e+00  1.75031746e-01
  2.95975742e-01  5.46404764e-01  2.80008704e-01 -1.23934103e+00
  7.02746688e-01 -9.19224909e-01  2.54560559e+00  6.45107238e-01
  3.77917360e-01  2.38785141e+00  1.90086167e-01 -7.66429428e-02
  1.62235618e-01 -1.91865333e+00  2.58068213e-01  4.31761297e-01
  6.36162625e-01 -4.02644763e-01  4.01544828e-01  9.37107779e-01
 -3.63892050e-01  2.87457440e-01  1.24402968e+00  1.08945978e+00
 -1.03141338e+00  1.40338141e+00  9.46245340e-01 -6.10057645e-01
  1.98842871e-01  1.35298912e+00  1.56571423e-01  1.88727637e-01
 -1.99455308e+00 -2.85276182e-01 -1.06616609e+00  2.51451925e-01
  4.98589698e-01 -6.32628082e-01  2.65952834e-01 -1.64399552e-02
  3.71851563e-01  1.01345451e-01 -6.87612392e-01  1.36176515e-01
 -2.08123603e-02  2.35733688e-01 -1.50848346e+00  5.06991380e-01
 -1.36010716e+00 -1.92199655e-01  9.73290844e-01 -1.40544889e-01
  8.57364235e-01  1.15907911e+00 -3.29794278e-01 -6.68619926e-01
  1.15872051e+00  1.44245223e+00 -4.28871760e-01  2.87231495e-02
 -2.93786091e-01 -4.16417439e-02  3.58606461e-01 -7.10612081e-01
 -2.30195454e-01  6.36318501e-01 -8.49612042e-01  1.60640122e+00
  2.23808841e+00 -1.73907939e+00 -2.22283744e-01 -2.19431601e-01
 -8.60792818e-01  1.58198732e+00 -9.25917837e-01  1.09644593e-01
  4.78985112e-01  1.65181986e+00  1.14474109e+00 -1.01043944e+00
 -8.61072654e-01 -1.03912309e+00  9.68832189e-01 -1.51597811e-01
 -2.16422748e+00 -6.35111613e-01  9.05427286e-01  4.44238821e-01
  8.27387199e-02  3.93997798e-01  2.10527734e+00 -4.19219775e-01
 -9.68479075e-01  7.82058949e-01 -6.98383082e-01  5.11298013e-01
  1.39139796e-03  3.83265524e-01 -1.38256662e+00  1.07562641e+00
 -1.16048341e-01 -1.80885063e+00  5.77060296e-01  4.96771872e-01
 -5.21902823e-01  1.21021387e+00 -1.22379893e+00 -7.50142578e-01
  3.10339186e-01 -1.63533624e-01 -2.12790706e-01  2.63513987e+00
 -5.65700341e-01 -5.84945997e-01  7.71348789e-01  7.28487191e-01
  5.22635855e-02  8.47826296e-01  4.86932685e-01  2.16901649e-01
 -1.16733406e+00  2.37118748e-01  1.65150148e+00  4.87114016e-01
  4.58721494e-01  2.09123692e+00 -1.51447713e+00 -2.83145207e-02
  2.57579788e-01  1.68919757e+00 -1.40743947e+00 -5.82563961e-01
 -6.68074151e-01  1.00692295e+00  5.90434665e-01  1.69163119e-01
 -1.75235932e+00  1.01307078e-01 -2.04112639e+00 -7.95289589e-01
  2.61319638e-01  1.17325376e+00  1.22507130e-01  7.63465290e-01
  1.70184547e+00  9.89017923e-01  7.54928579e-01 -8.60540368e-01
 -4.56698560e-01 -1.35053343e+00  2.14125603e-02  7.05610067e-01
  3.83994196e-01 -4.31673336e-01 -9.88960978e-02  1.24889318e+00
  4.68544757e-01  1.65362193e+00 -8.46802824e-01 -1.75305540e-01
  8.69307090e-01 -7.48732310e-02 -1.18544059e-01 -1.22099880e+00
 -3.86884510e-01  2.75587791e-01  1.66917050e-01 -7.77160531e-01
 -7.59949523e-01 -8.00754729e-01  3.35616954e-01 -4.75610710e-01
 -1.37557645e+00 -1.50905519e+00  9.60540478e-01 -1.48870141e+00
  2.79188409e-01 -5.22452808e-01  6.23596513e-01 -1.04530917e+00
 -1.70064188e+00 -1.09729858e-01 -7.39411943e-01 -4.03586818e-03
 -9.34845803e-01  1.18096226e+00 -4.08011252e-02 -1.58157449e-02
  5.80524926e-01  7.76694895e-01 -1.19351997e+00  2.17627511e-01
  1.81898351e+00  9.10192700e-01 -6.54774772e-01 -1.22360843e+00
 -1.30325884e+00  4.76422077e-01  1.07898904e+00  3.54355378e-01
 -8.87978694e-01  9.67542205e-01 -1.10038592e+00  7.40795645e-01
  2.06580683e+00  6.58430168e-01 -6.42307693e-01  1.50184023e+00
 -2.37989081e-01 -6.37935499e-01  1.65920117e-01  4.37780612e-01
  2.54630926e-01 -1.11780839e+00  2.27563652e-01 -2.07262820e+00
 -5.16748835e-01  4.87638249e-01  4.86923289e-01 -1.22122838e+00
 -1.04020048e+00  3.39196739e-01  3.95709588e-01 -1.08614710e+00
  1.40692609e+00 -1.63723398e-01 -5.56635620e-01 -2.76701379e-01
 -1.08552132e-01  2.09294373e+00 -8.05530543e-01  1.22511869e+00
  1.38121325e+00 -8.55630947e-01  1.07847821e+00 -1.64219305e-01
 -2.09175202e-01 -2.89111935e-01  8.00979288e-01  6.80395531e-01
 -3.63114529e-01  5.29458104e-01  1.29103459e-01 -4.10214387e-02
 -9.09828543e-01 -9.73049885e-01 -1.99318898e+00 -5.30038644e-01
 -1.24853421e-01  1.06065753e+00 -1.00355701e-01 -1.06076614e+00
  1.67371261e-01 -7.80618529e-01  9.54540723e-01  4.50376539e-01
 -1.79885795e-01  4.01394585e-01  2.29331042e+00  1.64433744e-01
  6.05029953e-01 -1.06225349e-01  7.02650436e-01 -9.43052313e-01
  3.92336376e-01 -8.77352641e-01 -2.39815620e+00 -8.90012014e-01
  9.91627416e-01 -4.67134963e-01 -3.64646722e-01 -6.09066278e-01
  1.02790160e+00 -1.61587557e+00 -7.99889179e-01  3.71730380e-01
  1.75111071e+00 -1.57308227e+00 -6.83128740e-01  4.40357463e-01
 -5.93243287e-01 -7.34234290e-01  2.02147176e+00  2.34316210e+00
  3.17945746e-02 -2.72958726e-01 -7.52878574e-01  4.74121344e-01
 -1.53584369e+00 -3.79143023e-01 -3.63793976e-01 -1.19657616e+00
 -1.58946266e-02 -2.51851835e+00  1.52868421e-01 -8.76208878e-01
  5.70654097e-01 -2.41832661e-01 -8.95884231e-02  5.32390094e-01
  1.38582569e-01  6.48039150e-01 -3.62187014e-01 -1.48842195e+00
  3.25096864e-01 -7.72004069e-01  3.66825948e-01  5.63758525e-01
 -1.36597901e+00  5.38306175e-01 -1.03934973e+00  9.05531163e-01
 -1.32714305e+00  2.75960971e-01 -1.23007611e+00 -1.19036965e-01
 -1.60850399e+00 -4.26012201e-01 -5.74974341e-01 -3.09879371e-01
 -6.51334074e-01 -9.00051704e-01 -4.51363981e-01  2.60290115e-01
  1.03808049e+00 -6.79804634e-01  1.56998017e+00 -6.75655608e-01
 -9.18217140e-01 -9.70967438e-01  7.72060922e-01  4.32917702e-01
  1.88847197e-02  2.08447186e-01 -7.45993407e-01  3.35851353e-01
 -8.31206404e-01  5.67414549e-01  2.23859583e+00  1.49827906e+00
  1.47350658e+00 -3.06041610e-01 -3.89921205e-01 -2.75533497e+00
  1.36772042e+00 -6.24323052e-01 -2.60164422e-01  4.25123817e-01
 -1.19291058e+00 -1.92682037e+00  2.33317668e+00 -3.09391537e+00
  2.08610813e+00 -8.24980316e-01 -1.61007475e-01 -1.64565581e-01
  7.25932775e-01 -2.39794854e-01 -1.22020456e+00  3.85419569e-01
 -1.23735515e-01  3.68775797e-01  1.19893772e+00 -1.63959035e-01
  7.67267702e-02 -1.67605692e+00 -1.21044743e-01  1.49286401e+00
 -2.56150562e-01 -8.17830093e-01  2.20240340e+00  1.63372953e+00
 -1.13223262e+00 -8.17997745e-01  2.28851374e-01  4.42318959e-02
  3.01251335e-01 -6.56417865e-01 -5.26139605e-01 -1.52151337e+00
  9.84876973e-01 -1.00287718e+00  5.07896514e-02  1.56318969e-01
  4.36085369e-01 -7.50699357e-01 -2.21256023e-01  5.69311194e-01
 -1.31454822e+00 -2.43380181e-01 -7.22013515e-01  8.84982017e-02
 -2.47067732e-01  3.84495736e-02  4.82026618e-01 -9.12916687e-01
 -5.26698266e-01  7.83429964e-01 -2.22038138e-01 -2.19944932e-01
 -2.30510770e-01  9.19460766e-01 -4.30540836e-01 -1.74996210e+00
 -2.65415188e-01  7.32889424e-01  5.42482193e-02  1.16228680e-01
 -2.81934917e-01 -4.33904720e-01  1.54663937e+00 -1.51261787e-01
 -2.75042737e-02  1.38984760e+00  1.03946354e+00 -1.09705192e+00
 -1.71666256e+00  1.27578483e+00 -1.07036055e-01 -3.57749565e-01
 -1.52014609e+00  1.49364253e+00  4.23855282e-01  1.06112651e+00
 -4.37659960e-01 -2.73793659e+00  1.86019114e+00 -1.55152794e+00
  9.53164283e-02  8.79520997e-01  8.08138434e-01  1.07140985e+00
  4.29291310e-01  5.30252425e-01 -3.43579520e-01  4.66101622e-01
  9.93332215e-01  5.36943731e-02  8.70614483e-01  2.90452364e-01
  1.35792917e+00  4.92138645e-01  1.04405145e+00 -3.87447223e-01
 -3.60056741e-01  2.29206423e+00 -1.95193511e-01 -8.67686256e-01
 -2.58727459e+00 -4.29355004e-01 -1.09908485e+00 -4.93546612e-01
  1.54736689e-01  3.88202120e-01  4.79690959e-01  7.28463317e-01
 -6.04013589e-01 -9.46564980e-02  1.55489032e+00  1.62863501e-01
 -5.13293980e-01  1.25397596e+00  4.31535801e-02  1.57095397e+00
 -4.52841425e-01 -6.08577327e-01  1.82250374e+00  5.02063488e-01
  3.20431591e-01 -2.41971011e-01 -9.92397137e-01 -1.07164727e-01
 -1.58162580e+00 -1.80619676e+00  5.53445473e-01  1.77515665e-01
 -3.48054175e-01 -8.29474480e-01  1.88839061e+00  1.18413287e+00
  1.54569293e+00  1.42717698e+00  1.00337972e-01 -7.50349952e-01
 -7.31390551e-02 -2.07909628e-01 -1.78606089e+00 -4.86987757e-01
  5.57170039e-01 -2.06461567e+00  2.45797242e+00  3.78323766e-01
  4.00718786e-01 -2.28532825e-01 -1.03305505e+00  7.23906704e-01
  6.60621609e-01 -4.06700877e-01  2.61811447e-01  1.18648957e+00
 -2.53653202e-01 -8.50852864e-02  8.60786435e-01  1.25084363e+00
 -2.31761608e+00  5.61576285e-01  3.22552695e-01  1.03454559e+00
 -1.72018482e-01 -5.02207574e-02 -3.40193766e-01  3.47607727e-01
 -5.02816558e-01 -9.98387267e-01 -1.75976382e-01 -8.13650236e-02
 -9.17341014e-01  1.68131251e-01 -1.17026796e-01 -1.15282329e+00
 -3.40326166e-01 -2.04273437e+00 -7.39837566e-02  8.03973495e-01
 -7.76812516e-01 -2.69015031e-01  5.82513138e-01  4.92239562e-01
  5.39759931e-01 -7.98840270e-01  1.66568944e-01  7.49522046e-01
 -1.27179767e+00 -1.05195246e+00  1.97873566e+00 -9.54395927e-01
 -2.42919390e+00 -3.15431108e-01 -4.20607416e-01 -9.45255945e-01
  1.48267146e+00 -6.78088161e-01 -1.72097148e-01  7.33598384e-01
 -1.71481237e+00 -6.79947810e-01  1.97855555e+00 -9.70188286e-01
 -3.39361833e-01  2.86386225e-01  4.74824238e-01  7.46568996e-01
  4.97992553e-01  1.25732580e+00  3.61688562e-01 -5.57879461e-01
 -2.04621557e+00 -3.46857859e-02 -4.34015216e-01 -2.59647035e-01
  3.77168403e-03 -3.29017467e+00  1.18609843e-01  1.03143035e-01
 -7.14736908e-01 -1.92947775e-03  1.94520299e-01 -6.95727222e-01
  3.34551675e-01  6.33728638e-01 -1.03547841e+00  1.27485254e+00
  1.07415304e+00 -1.11352363e+00 -1.54845249e+00 -5.34334504e-02
  1.32726211e+00  2.04958476e+00 -1.43927092e+00  1.15405559e+00
 -9.70633423e-01  1.09515365e+00 -2.59907952e-01 -7.34167464e-01
  7.53348397e-01  4.60500294e-01 -1.53744736e+00 -5.98203571e-01
  3.59194596e-02  1.18846051e+00 -8.08247121e-02 -2.16460234e-02
 -9.15551918e-01  9.03754065e-01 -1.02041232e+00  1.50789067e+00
  5.41914978e-01 -1.10224360e+00 -8.08096937e-01 -1.58089855e+00
  5.05146742e-02 -2.23403984e-02 -7.81407209e-01  1.02916006e-01
  7.82321476e-03  1.16485173e+00 -2.81915599e+00 -4.70250460e-01
  5.55793969e-01 -6.36314208e-01 -2.36143010e-01  5.46811030e-01
 -6.56870711e-02  1.34259447e+00  1.52019447e+00 -9.77578944e-01
  2.59198857e-02 -6.52668709e-01  1.96055920e+00  8.51543581e-01
  8.14865164e-01 -1.66687867e-01  3.30825983e-02  1.29642201e+00
 -5.42514088e-01  1.13925934e+00 -9.88245708e-01  1.48708426e+00
  5.98010863e-01 -7.63774461e-01 -1.43024847e+00  1.04012076e+00
  4.78664411e-01 -1.32184784e+00 -3.83610342e-02  2.19432756e+00
 -1.30181169e+00  1.36186130e-01  1.35674705e-02  1.63585230e+00
 -1.34112063e+00 -6.94515331e-02 -9.83838011e-01  2.16786391e+00
  7.42066446e-01 -9.72469827e-01 -5.24604190e-01  5.81166393e-01
  7.88285630e-01 -6.15634636e-01  8.07039545e-01 -1.19677720e+00
 -1.45453832e+00  4.15987506e-01 -2.57138579e+00 -7.66831058e-01
 -1.85158234e+00 -4.61625531e-01  1.83031636e+00 -2.16955641e+00
  6.65351761e-01 -7.37206149e-01  5.12171346e-01  2.57803703e-01