-9.54001760e-02 -1.17973811e+00 -4.83426669e-01 -1.25588916e+00
 -7.93891169e-01  8.99154894e-03  3.04977525e-01 -2.09290367e+00
  2.82485104e-01  2.34720893e+00  1.31493972e+00 -2.32941499e-01
 -1.08397050e-01  1.07800039e+00  8.54333887e-02  1.20296558e+00
 -6.44313064e-01  1.02417250e+00 -2.40554817e-01 -1.47847260e+00
  4.10149771e-02  8.87165883e-01 -1.35893788e+00 -2.36346654e+00
  1.22560317e+00 -1.80779258e+00  8.82906375e-01 -1.31282681e-01
  3.56006157e-01 -1.48357582e+00 -9.06174436e-02  4.41963161e-01
  1.42636414e+00 -1.11848055e+00 -5.45300088e-01  6.97225514e-01
 -9.96065448e-01 -5.68338125e-01 -8.63874622e-01  5.50404606e-01
  9.59234421e-02  3.86976055e-01 -6.13152173e-01 -1.56178847e+00
  9.69330944e-01 -1.08538504e+00 -2.02783282e+00  3.35296544e-02
  2.70076885e-02  4.65342475e-01 -1.01864109e-01 -1.10462727e+00
 -6.33108486e-01 -4.22899736e-01  3.81392200e-01 -1.85426499e+00
 -5.24633026e-01 -6.04890398e-01  5.23773693e-01 -7.41836788e-01
  4.69920410e-01  1.08707220e+00  3.58334982e-01  1.98809286e+00
 -2.24032285e-01 -1.06112645e+00  1.01366701e+00  1.58003679e-01
  6.51403532e-01  5.98924852e-01 -8.82496931e-01 -1.27854066e+00
  1.61920897e+00  8.36392434e-02  5.81562031e-01 -9.32277820e-01
  1.13349324e-01 -7.97709844e-01  6.95154253e-01 -2.02173623e+00
  4.65504067e-01  1.20836846e+00  1.13445020e+00  6.88400077e-01
 -9.44754347e-01 -5.42677308e-01  3.17057461e-01  9.75639263e-01
 -7.73042415e-03  8.81852356e-02 -4.21624353e-01 -2.17582443e-01
  1.15625216e+00  1.05626949e+00 -9.29109779e-01 -1.30466832e+00
  1.41915468e-01  9.51646363e-01 -7.48168960e-01  1.44665127e+00
 -1.32352949e+00 -1.57096765e+00  1.02461389e+00  2.37672291e+00
 -1.09138354e+00 -4.14024522e-01  1.25325805e+00 -5.87502545e-01
  1.40147137e+00  4.19054239e-01  2.04009744e-01 -7.66621090e-02
 -9.47408904e-01 -7.28737705e-01  5.39988680e-01 -1.38253207e+00
 -2.46352049e+00 -7.57318010e-01  8.11376485e-02  1.12856679e-01
  6.65820695e-01  1.61654335e+00  1.08675164e+00  7.33407107e-01
 -6.84860602e-01 -2.92973883e+00  7.84818017e-01 -2.17459254e+00
  6.41801196e-01 -9.91841984e-01 -1.07042143e+00 -7.98553856e-01
 -7.75386704e-01  1.17246399e+00 -9.80427902e-01 -7.57697813e-01
  1.02244639e+00 -8.87362261e-01 -4.51384487e-01  3.81132254e-02
 -3.35199087e-01 -1.10483151e-01  2.18482515e-01 -1.62589357e+00
 -8.74437634e-03 -5.10046954e-01  4.75357087e-01 -1.04290078e+00
  1.99428008e+00  1.02209369e+00 -4.39868232e-01  1.45964831e-02
  7.14726013e-01 -4.49270313e-01  8.38061760e-01 -1.94981916e+00
  3.97203594e-01 -2.28861153e-01 -7.26724273e-01 -1.81589605e+00
  2.63256706e+00 -4.09610900e-01  9.80668480e-02  1.35812833e+00
  6.89037796e-02 -4.83225169e-01 -3.03503887e-01  1.45472460e+00
 -2.87170585e-01 -6.33133724e-01  1.14370429e+00 -1.15140276e+00
 -1.30016215e-01 -6.19600645e-01  3.65798258e-01  1.52648545e+00
 -1.63779339e+00  9.85283071e-01  2.90943227e-01 -4.29275366e-01
  4.14069105e-01  9.83539120e-01  1.45723194e-01 -1.25619016e+00
 -2.01488217e-01 -5.12825779e-01 -1.93419851e+00 -2.81346242e-01
  5.83871962e-02 -8.94553554e-02 -3.93257569e-01 -1.30251827e+00
 -8.16959768e-01 -1.76126110e-01 -1.42513884e+00 -1.13641889e+00
 -7.80182068e-01 -1.19043991e-01 -4.45273518e-01 -1.15748335e-01
  2.92566643e-01 -1.53088558e+00  1.92826883e-01 -1.14296904e-01
  7.26282821e-01 -2.58116847e-01  1.23195827e+00  1.03740382e+00
  2.63767883e-01 -2.12673699e-01  1.16811586e-01  1.24520155e+00
  1.55440945e+00 -2.31859868e+00  1.09725576e+00 -6.68951695e-02
 -8.74352722e-01 -2.58158926e-01 -8.43351744e-01 -3.77991685e-01
  1.28346269e+00  1.64159280e-01 -7.99566781e-02 -7.11428613e-01
  1.46605037e+00 -1.03111499e+00 -1.25739698e+00  1.22238534e-01
  3.06383895e+00 -1.37881486e+00  2.75194225e+00 -1.15625875e-01
 -1.00508402e+00  7.72815787e-01 -6.92275551e-01  2.48052520e+00
  5.04840316e-01  4.51940959e-01 -1.19358557e+00  1.78715294e-01
  5.60215566e-02  2.73426321e-01  4.51821181e-01 -5.00174260e-01
 -6.69501826e-01  9.37551945e-01  1.52056640e+00 -2.32540530e-01
 -9.73255332e-01  3.46134919e-01  1.24524233e-01  5.55587342e-01
  1.12346210e+00 -1.60435891e-01  5.00743276e-01 -2.38839906e+00
 -4.97788704e-01  9.34723557e-01 -1.51632017e+00  5.17672688e-01
  9.99172952e-02  1.74962465e-01  5.00716597e-01 -3.86240061e-01
 -1.49595335e+00 -3.23434748e-01  4.12469302e-01 -1.14553408e+00
 -6.13652949e-01  1.76687652e-01 -4.17821112e-01  1.98543385e+00
  3.11939219e+00  1.02839306e-01  3.74166013e-02 -2.73833012e-01
 -5.96795003e-01 -2.45489180e-01 -1.02118146e+00  8.78178748e-01
  1.14306197e+00 -4.22314836e-01 -7.28531442e-01 -7.94693262e-01
 -6.79851086e-01 -1.79491518e+00 -5.89066279e-02  1.77227126e-01
 -8.45259142e-01 -4.01165279e-01 -1.68074358e+00  9.42855413e-01
 -1.70045101e+00 -1.33103813e+00 -2.26958780e+00 -8.25813740e-01
 -9.56817630e-01  1.30966129e+00 -1.08687439e+00 -1.08481068e+00
 -1.23526030e+00 -5.46883290e-01  7.38748363e-01 -1.45757033e+00
 -6.43491725e-01 -5.31290670e-01  1.26856687e+00  9.67544442e-01
  6.26762946e-01  3.88885150e-01 -1.87530342e-01 -1.16496776e+00
 -3.71827940e-01  9.93700297e-01  6.46207077e-01  2.59748686e+00
 -3.23809817e-01 -5.75416458e-01  8.05929289e-01 -3.51885055e-01
  8.35187474e-01  1.81818777e+00  5.54238301e-01  1.77134251e+00
 -1.62274394e+00  4.59750939e-01  8.03866865e-03  6.85862372e-02
 -5.90823296e-01  1.82401012e+00 -1.50262937e-01 -5.86448212e-03
 -6.88633736e-01  9.30535197e-01  6.04282641e-01  3.41799472e-01
  2.52263211e-02 -7.03836360e-01  8.46409858e-01  1.43871444e+00
  5.70839433e-01  4.41850923e-01  7.44430496e-01 -1.06515364e+00
 -1.67323237e-01 -1.49023014e+00  8.20205216e-01 -1.47618961e+00
 -1.52074249e+00 -4.21163245e-01 -1.09865292e+00 -4.53878315e-01
 -2.03688037e+00  6.64065292e-01 -3.09860421e-01  6.01286897e-01
  1.17193408e+00  1.56995649e+00  1.55082452e+00 -9.43641969e-01
  6.09876984e-01 -1.23243026e-01 -3.68286927e-01  1.65523803e+00
 -3.32481189e-01  6.85015330e-01 -8.62814026e-01  9.77597929e-01
 -1.06276662e+00  6.71704333e-01 -5.49352242e-01 -5.26730315e-02
 -5.30811614e-01 -6.84160317e-03 -1.94348811e-01  1.09809428e+00
 -5.13789286e-02 -3.21011639e-01  1.04399760e+00  2.10576274e-01
  1.79504020e-01 -1.13153026e+00 -8.54472501e-01  5.54124008e-01
 -4.21541596e-01 -1.89603521e+00 -1.28626711e-01 -7.93957559e-01
 -4.70358283e-01 -2.97341977e-01  3.95863331e-01 -7.32067436e-01
 -3.90082856e-01 -4.38810021e-01 -1.87043433e+00  1.67842734e+00
 -1.71711088e+00  5.99153447e-01  7.19297026e-01  1.32566180e+00
 -2.14179974e-01 -3.22473210e-01 -1.55500940e+00 -2.12122758e-01
 -9.40005668e-02  9.88525402e-01 -1.12439126e+00 -7.79842243e-01
 -2.68214605e-02 -7.56706796e-01  1.63557374e-02 -3.54015870e-01
  6.92672883e-02  5.35518966e-01  1.63075735e+00 -5.90731146e-01
 -1.20150452e-01 -9.25035365e-01  1.43457093e+00 -6.02750369e-01
 -3.65979581e-01 -3.78807701e-01  2.91205279e-01 -3.34197606e-01
  8.04870464e-01  1.34367577e+00  1.26812546e+00  3.18525232e-01
 -6.62217414e-01  2.74831974e-01  1.26680962e+00  2.28520181e+00
  1.15903906e+00  4.07149163e-01  1.04681028e+00 -8.47859110e-02
  1.16316217e+00  1.58352236e+00 -5.81217652e-01 -2.36891891e-01
 -2.40256440e-01  5.53993819e-01 -5.44774897e-02  1.19814370e-01
  1.68756045e+00  1.10047001e+00 -1.82022434e+00  9.42625200e-01
  1.99060229e+00  1.77706434e+00 -1.14189463e+00  7.09430556e-01
  7.02639934e-01 -6.89269669e-01  5.26314972e-01  9.70413973e-01
  1.83346449e+00  1.44474189e-02  1.43890230e+00 -1.68141596e+00
 -1.24221600e+00 -2.89842422e-02 -5.86603257e-01 -1.18163258e+00
  8.33247074e-01  5.10869049e-01  3.40943524e-01 -2.28523701e-01
  7.03188237e-02  1.23918985e+00  2.23948446e-01 -1.05545625e+00
 -1.39450337e-01 -2.29668529e+00 -3.56390415e-01  1.25708488e+00
 -2.00068779e-01  1.09141776e+00 -2.34177480e+00 -1.65754745e+00
  2.22932295e-02  1.61021396e-01  1.00819426e+00  1.20315922e+00
 -9.57033323e-01  1.30196166e-02 -2.41922991e+00 -1.07310890e+00
  5.87477276e-01  2.06528315e-01 -7.38858742e-01 -1.15837042e+00
  6.67504570e-01 -1.49370812e-01 -1.07558192e+00 -1.20948528e+00
 -3.18540451e+00  6.08431615e-03  9.22260602e-01 -2.48734949e-01
  4.14864692e-01 -1.59592216e-01 -1.20669272e-01  2.12644466e-02
  5.82726392e-01 -1.24394316e+00  2.26372505e-04 -5.27310592e-01
 -8.10710553e-01 -1.88938086e+00 -7.18884109e-02  4.05780789e-01
 -1.26971329e-01  2.34038983e+00 -6.51917717e-01 -2.86563082e-01
 -3.58460219e-01  8.72249585e-01 -7.52612268e-01  1.35595036e-02
 -1.65382930e-01 -3.76030197e-01 -1.48048579e-01 -9.13209088e-01
 -1.23723197e+00  1.38938852e+00 -4.55421505e-02  3.51999188e-01
 -7.97173641e-01 -1.38045510e+00  4.86400440e-01 -9.23279895e-02
 -2.17000549e+00 -1.03931947e-01 -4.99692110e-01 -5.43247167e-01
 -9.57597144e-01  2.60235283e+00 -1.70163027e+00  4.66485059e-02
  7.34654905e-02 -5.58119412e-01 -7.27999649e-01 -4.73347962e-01
  9.17789260e-01 -1.48555228e+00  1.42773876e+00  1.13458036e+00
 -2.65012408e-01  1.00269811e+00  1.10961880e+00 -1.28904300e+00
  1.17135846e+00 -3.45932318e-01  2.81132509e-01  3.37465555e-01
 -7.66109982e-01 -1.36323673e+00  1.25005273e-01 -8.82894720e-01
  2.69284523e-02  3.51588279e-01  9.69458418e-02  4.26563067e-01
  6.70301772e-01 -1.35413175e+00  6.52797931e-01 -5.20211576e-01
 -2.72802901e-01 -2.07413861e-01  1.46352527e+00 -3.93837857e-01
 -1.20775819e+00 -9.73594767e-02  8.46100596e-01  1.79216694e-01
  1.05817006e+00  1.18176202e+00  4.87354756e-02 -7.57288487e-01
 -2.21967118e-01 -4.14557081e-01 -2.79945741e-01 -1.24076671e+00
  1.02175934e+00 -9.72065851e-01  7.88132157e-02  1.03221891e+00
 -1.83774888e+00 -2.39030194e-02 -8.42727060e-01  7.39983437e-01
 -1.07577644e-01 -5.02341351e-02  3.35851109e-01  5.02623112e-01
  1.18247095e-01 -3.20004253e-01  1.23463353e+00  1.24452266e+00
  1.10138459e-02  8.77392104e-01 -6.74136321e-01  4.94477365e-01
 -1.09564170e-01 -9.26277899e-01 -3.88753469e-01 -1.05355167e-03
 -1.64364307e-01  6.62185771e-01 -3.98734474e-01  3.49620293e-01
  1.81842232e+00  2.84012350e+00  6.94940395e-02  1.37926218e-01
 -7.27130313e-01 -1.32786600e+00 -3.56282770e-01  1.64452483e+00
  4.55712195e-01 -8.29000405e-01 -2.23897950e-01 -1.31526885e+00
  3.93273915e-01 -1.58089100e+00  7.85668722e-01  3.91109281e-01
 -9.14963223e-01 -1.84358927e-01  6.48429158e-01 -3.83920303e-02
 -1.26772642e-01 -1.09571825e+00  4.40061372e-01 -2.37389112e+00
 -6.18797420e-01  3.34414015e-01  1.50719840e+00  1.73583834e+00
 -5.52418411e-02  4.83325341e-01 -5.67414015e-01  9.65181570e-01
 -7.85860246e-01 -3.91583178e-01  1.61568949e+00 -3.17136867e-01
 -2.68219200e-01  7.89209203e-01 -5.91291351e-01  2.13622528e-02
 -1.57388010e+00 -1.00878858e+00  1.79141981e+00  4.96377120e-01
  3.01804846e-01  1.54408870e-01 -4.70557027e-01 -6.50131457e-01
 -2.05993352e-01 -3.92637438e-01 -6.46478239e-01 -9.26993812e-01
  2.06312680e-01 -2.49813745e-01 -1.45964542e-01  4.10863329e-01
 -4.89523788e-01  1.57657809e+00  2.16735771e-01 -4.76414623e-01
 -1.03983327e+00 -9.84354884e-01 -9.58739498e-01 -1.36628050e+00
  6.72015055e-01  3.01095063e-02  9.45767594e-01 -6.42901292e-01
  1.85549655e-01  9.70820511e-01  3.62699574e-01  2.28175919e-01
 -1.53579890e+00 -6.49135937e-01  4.33292155e-01  4.17291747e-01
  7.01549656e-01 -7.56054072e-01  1.45308179e+00  1.12885148e+00
  1.27787438e+00 -2.69522948e-02  2.45862840e+00 -1.09587333e+00
 -9.44093196e-01 -3.38060753e-01  3.36847031e-01 -1.84327782e-01
  2.18352316e-02  4.02976599e-01 -1.48839474e-01 -1.06466572e+00
 -4.13935946e-01  2.90968094e+00 -8.67141449e-03  4.75821683e-01
  9.34512133e-01 -2.65490302e-02 -3.52184094e+00  1.25016608e+00
 -8.76292195e-01  2.96574569e-02 -9.08530326e-01  4.51667707e-01
  7.55197013e-01  1.23639526e+00  8.68892563e-01  5.61833631e-01
  1.51615998e+00 -1.20449898e+00 -4.62595127e-01  1.43012504e+00
 -4.79907275e-01  4.78864931e-04 -8.96737380e-01  4.73856351e-01
  6.91276082e-01 -4.39385864e-01 -1.13627993e-01  1.49695920e+00
  5.41682304e-01  1.36759538e+00 -5.95733673e-01 -1.57159317e+00
  1.48891439e-01  4.93220601e-01  1.41689911e+00  7.26070236e-01
  2.62604751e-01  2.95976618e-01  2.12176231e+00 -2.15265100e-01
 -3.57358649e-01 -1.12889417e+00 -1.37926143e+00 -1.16521242e+00
 -6.68625986e-01 -2.77424048e-01  1.81107264e-01 -5.94595679e-01
  3.64439852e-01  1.20932596e+00  4.91192144e-02  4.84362742e-02
 -5.55544115e-02  7.14763769e-01  9.58217631e-01  5.14303786e-01
  6.79793106e-01 -1.24853256e+00  5.76105628e-03 -5.95255469e-01
  2.29771257e-01  1.13329367e-01  2.27067898e-01  4.68891585e-01
 -5.54253846e-01  7.85577944e-01 -4.64502121e-01 -1.76797774e-01
  6.43091123e-01 -9.99604812e-02 -9.66173480e-01 -1.68500458e+00
 -4.78572833e-02  2.03162061e-01  2.58585172e+00  5.26005543e-01
  1.40357460e+00 -9.09579364e-01  6.46072842e-01 -2.21220855e+00
  1.79382648e+00  1.09859066e+00  1.18355269e+00 -4.97858977e-01
  1.03769743e+00  1.53531369e+00  5.63815585e-01 -6.55746736e-01
 -5.64283206e-01  1.57815281e+00  8.64075983e-01 -1.52272556e+00
  9.31419577e-02 -1.69764352e+00 -4.39577633e-01 -1.10631884e+00
 -2.73500678e-02  2.47131600e+00  3.07955290e-01  9.94694010e-02
 -5.77532775e-01 -8.91060512e-01 -5.60730114e-01  5.78986297e-01
  9.85158892e-01 -1.01714391e+00  1.20251581e+00  3.41598851e-01
  7.56130290e-01 -1.97003463e+00 -5.11222838e-01 -1.60812755e+00
  4.70724968e-01 -1.45205200e+00  1.37370420e+00  1.19580321e-01
 -1.35244446e+00 -2.96730586e-01 -1.58722217e+00  4.33478884e-01
 -9.30819727e-01  1.27363767e-01 -3.62620276e-01  7.17917320e-01
 -9.18597413e-01 -6.55759667e-01  2.16783031e+00 -3.72420213e-01
  1.62925530e+00 -1.47700555e-01  2.18042910e+00  1.23105495e+00
 -1.10428613e+00  1.37899863e+00  3.92565096e-01  1.08338581e+00
  1.57365114e-01  4.03780915e-01 -2.44052023e+00 -1.66131652e+00
 -6.34877308e-03  1.88636595e-02  1.38202195e-02  1.53635427e-02
  9.06551493e-01  4.45392054e-01 -2.73269197e-01  7.96693211e-04
 -2.38905827e+00 -4.73314227e-01 -6.10592773e-01 -7.40611862e-01
 -4.66285497e-01  6.14135583e-01  1.04313619e+00  5.29086236e-01
 -1.03573063e-01  4.48008158e-01 -9.55968039e-02 -7.46066185e-01
  8.53870386e-01  1.62262375e+00  4.43059265e-01  9.77774891e-01
  1.49966788e+00  9.42378265e-01 -2.07706955e-01  8.18481674e-01
  6.72190794e-02 -4.61768337e-01 -1.71767358e-01 -1.37590827e-01
  6.41246993e-01  5.36936355e-01  1.51962381e+00  4.16494712e-01
  2.55208502e+00 -2.07646836e-01  4.43602986e-01 -5.97966799e-01
  1.32980384e+00  7.05254754e-02 -1.66405363e+00  7.65586990e-01
 -5.66902632e-01 -1.79518872e+00 -1.80807010e+00  1.03515028e+00
  8.23064252e-01 -9.54347235e-01 -2.12619233e+00 -1.29570696e-01
  1.06289377e-01 -1.01233997e+00 -7.34515631e-01  1.36420139e+00
 -3.64867942e-01  2.96954788e-02 -1.57206005e-01  6.63680526e-01
 -1.42537641e+00  7.80051842e-01 -8.53609770e-03 -3.22892156e-02
 -9.32096382e-01 -1.14942396e+00  5.68498587e-01  7.81070514e-01
  5.19916779e-01 -1.59326054e+00  1.06205588e+00  3.29808619e-01
  2.12209725e+00  5.54056675e-01 -1.21000276e-01 -3.19340046e-01
  6.80503861e-01 -3.44682676e-01 -8.43379493e-01 -1.67090309e+00
 -2.64999721e+00  7.87409765e-01  1.58238365e+00 -2.41489934e-01
  1.17101063e+00  8.44751603e-01  9.65990980e-01  5.50829214e-01
  2.02113771e+00 -6.86667727e-02 -5.64050078e-02  9.65109520e-02
 -2.03873535e-01  1.32300015e+00  4.56513696e-01 -4.36491985e-01
  1.23593740e+00 -1.42006354e+00  1.04516800e-01  1.29602884e+00
  9.54720335e-01  1.01015993e+00 -3.86227264e-01  1.11729514e+00
 -2.72714845e-02  2.84780825e-01 -1.76703172e+00  6.89953372e-01
 -4.01833276e-01  2.27098172e-02  1.91500996e+00  2.57724764e-01
 -5.89038370e-01 -8.51707077e-02  4.37624446e-01 -8.73952096e-02
 -3.86447710e-01 -1.52380730e-01 -5.32873492e-01 -5.26728489e-01
 -1.68313908e+00  2.60893641e-01  2.03723591e+00 -2.88462670e-01
  1.13617409e+00 -2.40822548e-01  8.55977894e-01  1.14743459e-03
  1.30321485e+00  1.76828646e+00  1.21878375e+00  1.02334200e-01
 -5.95239902e-01 -1.33114827e+00  4.90382237e-01 -1.48868847e+00
 -3.75767333e-01  1.27373242e+00 -6.05253633e-01  9.51779936e-02
  2.20964096e+00 -4.57542497e-01  1.71514636e+00 -9.72052478e-01
  2.55502556e-01  7.53659202e-01  7.47427185e-01 -4.93648471e-01
 -2.30828059e-01  2.15530865e+00  1.55683104e+00  1.40079954e+00
  4.72802010e-01 -1.39130935e+00  1.65393589e-01  1.73520615e+00