 3.43655556e-01 -1.11210150e+00  1.99561325e-01  5.43941880e-01
  8.32975436e-01 -1.13757832e-02  2.11284405e+00  5.64219572e-01
 -2.43714233e+00 -6.83546216e-01 -2.83203506e-01  6.69499036e-01
 -7.72545614e-01 -1.20753407e-01 -3.09620732e-01  8.73926698e-01
  1.13292482e+00 -8.24503741e-01 -3.04039563e-01 -5.22646165e-01
 -1.42015090e+00  1.40233357e-01 -1.12070422e+00 -4.87598564e-01
  5.11508809e-01  2.82206336e-01 -6.69915724e-01  7.18764887e-02
  3.70422338e-01 -2.38919890e+00  3.15974133e-01  6.45037560e-01
 -2.58745938e+00  1.08012131e-02  9.91336061e-02  7.67208417e-01
  3.43650149e-03  3.62478939e-01 -5.43633710e-01 -2.22524969e-01
 -6.41336694e-01 -1.38305859e+00  1.04545765e+00  1.71082950e-01
 -9.99839015e-01 -6.35899525e-01  2.85223235e-01 -7.64468286e-01
 -1.14791089e+00 -7.53350206e-01 -5.88025401e-01  3.89833562e-01
  2.91152317e-01 -1.30931526e-01  9.48585471e-01 -1.41262801e-01
 -7.67810595e-01 -1.85828542e-01  6.08968397e-01 -7.04020565e-02
 -8.28532170e-01  6.51416877e-02  7.78146523e-01  3.10518168e-01
 -3.78926161e-01 -4.59600639e-02  8.57956014e-01  9.21047877e-01
 -7.91793738e-02  6.58698891e-01  1.31521435e+00  6.89094658e-02
 -9.74730162e-01  7.87198979e-01  1.74979289e+00 -1.71290103e+00
 -3.46587515e-01 -5.80387192e-01  6.57949075e-01  1.19095182e+00
 -1.34600369e+00 -3.17212092e-01 -5.53784256e-01  5.24608340e-02
  2.63289352e-01 -3.62783345e-01  2.12267615e+00  9.28850121e-02
 -5.90199401e-02 -2.30355141e-01  4.43985298e-01 -1.99068946e-01
 -4.69205114e-01  1.44543612e+00  8.09120518e-01  4.73838253e-01
  1.31915963e+00  1.00067533e+00 -1.84830485e+00  7.54686592e-01
  3.89512104e-01  1.42377156e+00 -5.69143873e-01  1.79869959e+00
 -2.05316470e+00 -2.15312543e-01 -2.20360931e+00 -2.22854962e+00
  8.16063365e-01  1.19222646e+00  1.13812904e+00  2.08332504e-01
  1.76927362e+00 -1.50354423e+00 -8.91993946e-02  1.21989935e-01
  1.62027300e+00  6.28026641e-01 -1.26954856e+00 -2.39146486e-01
  5.17908152e-01 -9.19841172e-01  5.15026063e-01  1.59215854e+00
 -1.41153027e+00  1.07008889e+00 -5.15659009e-01 -4.56048078e-02
 -1.09664462e+00 -8.13032079e-01 -8.76000773e-02 -1.02326612e+00
  1.01360942e+00  3.04387272e-01  1.11331176e+00  9.79469979e-01
 -6.78568278e-01  2.16606555e-01  1.86718663e+00 -1.80995428e-01
  1.02334612e+00  1.04931691e-01 -3.26339651e-01  5.19147978e-01
  4.88856167e-01 -7.82859240e-01 -6.61273983e-02 -5.37072716e-01
  1.25534248e+00  1.27893051e+00  1.85404915e-01  2.24800778e+00
 -5.25236527e-02 -1.42974977e-01  4.74424206e-01  1.71445545e+00
  1.25856229e+00 -6.52117792e-01  1.36269536e+00  6.98772954e-01
 -1.78735754e-01  4.21372595e-01 -1.17170877e-01  5.60915152e-01
 -5.93737289e-01  4.26891314e-01  2.21774125e+00  4.65217322e-01
 -6.07389694e-01  1.30326616e+00  3.61257286e-01 -6.15067184e-01
  9.84752634e-01 -1.08087676e+00  2.60374093e-01  6.54243474e-01
  3.05326539e-01  1.15632541e+00  5.77012936e-01 -5.36603167e-01
 -7.15466650e-01  1.51484332e+00  6.76626131e-01  2.10979718e+00
  5.58207518e-01 -7.10514767e-01  6.31523370e-01  3.21076651e-01
 -1.39792962e+00  2.78731700e-01  1.10826503e+00  1.35813728e+00
 -8.71438089e-02  1.40697591e+00  1.16759295e+00 -9.60895313e-01
  1.21531933e-01  2.68260313e-01  9.58199606e-02  6.68600107e-02
 -6.92648044e-02  1.64862839e-01 -8.23908145e-02 -4.75997995e-01
  7.36804340e-01 -1.15685487e+00 -4.23799444e-01 -1.90398381e-01
 -3.22573805e-01  7.96400439e-01 -1.98090820e-01 -4.87203140e-01
 -2.75413654e-01  9.90039289e-01  7.38770299e-01 -1.20810937e+00
  4.77085300e-02  1.60565977e+00  9.53898678e-01 -3.66074681e-01
 -1.31307316e-01 -1.59892453e-01 -1.74599975e+00  1.87488366e+00
 -1.42439588e+00  3.36945964e-01  1.91190122e-01  4.59293081e-01
  7.68256769e-01 -2.07693162e+00 -1.82164598e-01 -6.72875553e-01
  4.72715758e-01  5.85417479e-01 -1.31800071e-01 -1.25733531e+00
 -1.57049553e+00  7.24231290e-01 -1.50451082e+00  3.15911580e-01
 -6.02638137e-02  7.91877591e-01 -3.98464331e-01 -4.71810466e-01
  1.35476697e+00 -5.22823585e-01  5.58278973e-01 -3.78135618e-01
 -1.02834643e+00  8.73241882e-01 -5.55258927e-01  9.57629150e-01
  5.77112206e-01  1.92493631e+00  8.96679687e-01 -1.33997484e+00
 -1.55010602e+00 -8.80440747e-01 -4.99102110e-01  2.28098800e-01
  1.06857108e+00  1.88535547e+00  1.87056485e-01 -1.79963254e-01
  1.47675375e-01 -1.73922464e+00  1.16602124e-01 -1.74760838e-02
  1.70486369e+00  1.13694617e+00  2.17019864e+00 -1.48109971e+00
  1.58990684e+00  1.58812451e+00  9.38787625e-01 -4.54009487e-01
  1.49340180e-02  6.17562775e-01  6.97529290e-01 -1.10875331e+00
  1.79071852e+00 -1.24406385e+00 -6.29518977e-01  2.97705493e-01
 -6.73446054e-01 -1.75906908e-01 -1.35610612e+00  2.18129670e+00
  2.85044785e-01 -1.88463718e+00  3.67312734e-01  1.33909097e+00
  1.28127571e+00 -9.94689798e-01  5.47372620e-01 -9.16963018e-01
  9.50134516e-01  9.07461034e-02 -2.00321017e-01 -7.03745264e-01
  3.97847662e-01  6.99769005e-01 -8.19337363e-01  1.60958760e+00
 -8.62384139e-01 -1.80077242e+00 -1.45120613e+00  8.31657362e-01
  1.73686714e+00 -6.77004044e-01  1.26154948e+00  4.58115695e-02
 -1.90462367e+00 -1.47538633e+00  5.51694205e-01  7.84854820e-01
 -6.79579189e-01  1.05041627e+00 -1.00268530e+00  1.13566924e+00
  1.05799041e+00 -2.64796749e-01  1.06824053e-01  1.49475587e+00
 -7.59309843e-01  1.15451141e+00 -6.68700460e-01  2.07213981e+00
 -3.06505351e-01 -2.88665528e-01 -2.08388990e-02  4.80485505e-01
  1.47787209e+00 -6.50003621e-01  1.10435746e+00 -3.04584937e-01
  2.51399552e-01 -9.88004738e-01 -3.63608682e-01  7.11470215e-01
 -6.51896164e-01  2.35403018e-01  1.83175383e-01 -3.31803363e-03
 -1.45244170e+00 -4.78711520e-01 -2.42349929e+00  1.67069479e+00
  4.74414558e-01  1.45804191e+00 -1.40098843e+00  1.38479451e-01
  3.04475338e-01 -7.55678730e-01 -4.19487069e-01  1.22582144e+00
 -1.36131035e+00  2.94440170e-01  1.97062391e-01 -4.18926914e-01
 -5.96760751e-01 -1.39754603e+00  5.87653011e-01  4.21130166e-01
  1.01379143e+00  1.51520894e+00  1.93883002e+00  4.55006867e-01
  3.31765285e-01 -7.99493226e-01  3.51752391e-01 -1.18420680e+00
 -2.14446016e+00  1.06457505e+00 -2.31578682e+00  6.33549701e-01
  1.61701521e+00 -1.21560434e+00  1.26873042e+00 -7.28384619e-02
  2.08574783e-01  8.87954717e-01  1.26985476e+00  2.77947808e-01
  7.62756680e-02 -9.40647110e-02 -8.62774682e-01  1.31815265e+00
  6.63420471e-01  1.42076484e+00 -2.91540744e-01 -9.03938629e-01
 -3.30621929e-03 -1.80459932e+00 -5.06688583e-01 -1.53359396e+00
  9.25321721e-01 -4.11339464e-02 -2.17762345e-01  3.78163793e-01
 -3.64804204e-01 -1.55808796e-01  1.82065608e+00 -3.79407215e-01
  5.69485087e-01 -4.23800725e-01 -1.75887138e+00 -5.97909884e-04
  1.43302104e+00  1.37302798e-01 -7.11199977e-01  1.29794889e-01
 -5.64263513e-01 -5.75953142e-02 -1.37669715e-01  5.48132841e-01
 -3.22939522e-01 -1.04321513e+00 -1.81040502e-02  2.02340885e-01
 -9.07473555e-01 -2.79533199e-01 -7.49183876e-02 -3.06650221e-02
 -1.18267825e+00  2.36727360e-02 -1.73880274e+00 -2.37601009e-01
 -8.03764771e-01 -1.33323670e+00  3.53817208e-01 -7.12536973e-01
 -9.42520206e-01  7.84565496e-01  9.83951380e-01 -1.91592316e+00
 -1.52398791e-01  2.57611186e-01 -1.55249312e+00  9.56192431e-01
  9.41477906e-01 -3.41681038e-01 -1.43369599e+00 -7.18407869e-02
 -2.33575275e+00  3.96176590e-01  5.17092071e-02 -2.24809684e-01
  1.26053995e+00 -1.84600681e+00  1.33096443e+00 -1.38971969e+00
 -1.16407482e+00  1.62051218e-01 -1.14066589e+00 -2.56830973e+00
  2.14379733e+00  2.86361122e-01 -1.05876796e-01 -1.44838691e+00
 -5.28022734e-01  1.38419769e-01 -1.01348598e+00 -1.49193118e-01
 -8.37672339e-01  4.30571031e-01 -9.26354344e-01  2.82931912e-01
 -3.83167263e-01 -1.73547587e-01 -5.88387040e-01  1.34149736e-01
 -6.25637428e-01 -1.80535654e-01  5.01144265e-01  9.07862787e-01
 -2.97243857e-01 -5.50420844e-01  5.80156724e-01  7.20826340e-01
  2.23172911e-02  9.35337640e-01  1.42973816e+00 -2.84796124e-01
  5.98577037e-01 -6.56024702e-01  2.11071548e+00 -8.54460807e-01
  6.32084031e-01  4.96723313e-01 -9.84607780e-01  2.34303610e-01
  3.24362976e-01 -9.02573831e-01  8.83198173e-01 -5.30681398e-01
 -4.63226649e-01  4.38396657e-01 -3.97738108e-02  7.38984926e-01
 -1.38970169e+00  5.43470816e-01 -1.42060488e+00  2.75970371e-01
 -7.20009674e-02  1.35903188e+00  6.89575022e-01  3.63792740e-02
  1.61118274e+00 -1.06971935e+00  5.02943848e-01 -3.21480447e+00
  9.81737486e-01  7.99109929e-01  5.59592200e-01 -1.69099523e+00
  3.43410005e-01  1.13271999e+00 -7.94659483e-01  5.04043621e-01
  9.22641605e-02 -3.14672187e-01  1.21262155e+00 -1.98482643e-01
 -3.67930525e-01 -1.05046298e-01 -4.80819457e-01  1.65609894e+00
  1.44233521e+00 -3.80256185e-01  5.21644088e-01 -7.30178040e-01
  2.11730651e-01 -1.43847016e+00  6.03542538e-02  1.39927790e+00
 -9.42652734e-02  5.16423013e-01  8.77029595e-01  4.17271132e-01
 -1.04356054e-01  3.42044530e-02 -1.48853319e+00  5.25680990e-01
  6.46698241e-01 -6.00422866e-01 -7.52610282e-01 -3.14207416e-01
 -2.41767380e+00  9.64199192e-01  7.31208117e-01  9.85456059e-01
 -1.09889781e+00 -1.43910177e+00  1.82370885e+00 -1.10862631e+00
  1.86003041e+00 -1.41856683e+00 -1.08958437e+00 -1.73532957e+00
 -2.13779042e+00  1.14585438e+00 -9.67092019e-01 -3.22122045e-01
  4.33924989e-02 -2.58801554e-01  3.93121077e-01 -2.75418489e-02
  2.58808915e-01  5.66860002e-01  1.83061337e+00 -3.05048381e-01
  4.13062894e-01  1.02901101e+00  1.99088610e-01  3.24669415e-02
  5.77109053e-01  1.14089135e+00  1.12763632e-01  8.09345564e-01
  2.33960233e-01 -2.00597473e-01 -2.19249451e+00  6.65299660e-01
 -2.47632262e+00 -2.07666892e+00 -3.95845697e-01 -9.16646007e-01
 -2.80376775e+00  7.91986638e-01  1.58841215e+00 -1.99440890e+00
 -1.16877045e+00  8.64202918e-01 -9.03712971e-01 -4.62712267e-01
  9.99536087e-01 -5.00436101e-01  1.71103295e+00 -1.14672615e+00
  4.94103152e-01  2.19106336e+00 -6.81556317e-01  5.11814971e-01
  1.11996777e+00 -1.34019937e+00  7.03287975e-01  4.47290918e-01
 -1.75902229e+00  7.93538360e-01  6.73356040e-01  8.80617060e-02
  1.39169738e+00  1.40384223e+00  1.18165282e+00  6.93176090e-01
 -3.92643810e-01  4.82303681e-01  8.42928313e-02 -1.85373153e-01
 -3.57020186e-01 -3.55170418e-01  1.30644693e+00 -1.22922428e+00
 -1.77295129e+00  5.43940138e-02 -7.84429313e-01  1.15591994e+00
 -2.52347371e-01 -4.90048990e-01 -2.74148727e-01  7.61809081e-01
  1.82519701e+00  9.89106129e-01 -6.32161671e-01 -5.93590729e-02
 -9.64505179e-01  3.63747571e-01 -8.80096621e-01 -7.43784047e-01
  9.56869521e-01  3.38898723e-02 -9.01101138e-01 -1.71709164e+00
  6.81597499e-02 -1.66023356e-01  7.31334039e-01  1.27606417e+00
  2.88233914e-02  9.47644776e-01  2.23902908e+00 -1.36748863e+00
 -2.03931123e+00 -6.61054600e-01  8.96645330e-01  6.52476099e-02
 -1.21737836e+00 -9.09785143e-01 -7.26438916e-01 -9.90027149e-01
  3.15943319e-01 -5.28103713e-01  1.19584018e+00 -6.27703582e-01
 -2.38850590e-01  1.71825192e-01  2.43878653e-01 -8.14269850e-01
 -3.86850134e-02  2.69367053e-02 -9.14554864e-01 -4.34988792e-01
 -3.72656303e-02  5.84139359e-01 -1.31970253e+00 -7.59315681e-01
  2.77788350e-01  1.89877446e-01  4.41771970e-01 -7.48778994e-01
 -6.05401835e-01 -1.18361161e+00  1.61981389e+00 -4.92319397e-01
  1.43950053e+00 -8.70985274e-01  1.41563452e-01  1.70127597e-01
  8.45553603e-01 -4.43389511e-01  1.12767058e+00  6.11359850e-01
 -3.53728593e-01  7.04499715e-01  1.35808068e+00  1.59203837e+00
  4.91380510e-01 -9.77756124e-02 -8.22548136e-02 -2.11790153e-01
 -1.62677251e+00 -2.21569406e+00 -2.09665703e+00  6.82735680e-01
  6.91336251e-01  2.74495172e-01 -2.92936724e-02 -7.68557614e-01
  3.12428950e-01  1.51693773e+00  3.39138638e-01 -6.98834653e-01
  4.32631748e-01 -8.26217453e-01  6.11666487e-01 -3.69045921e-01
  7.98805771e-01  4.98287186e-01  8.94185069e-01  5.59057532e-02
  3.01650431e-01  1.41701381e+00 -3.42163487e-01 -1.24738428e+00
 -3.41184730e-01  3.10294903e-02  7.03159787e-01  6.40445886e-02
 -4.48036771e-02 -9.61638219e-02 -2.43104047e-01  5.60707703e-01
  1.16765044e+00 -2.39333266e-01 -8.02051568e-01  1.60707620e+00
  1.76682391e+00  8.85643750e-02 -6.76385268e-01 -4.71286037e-01
  1.61568387e+00  9.94054475e-01  4.43681791e-01  1.30777102e+00
 -2.89874076e+00  9.79569875e-01  4.34950209e-01  9.56721440e-01
  1.15762195e+00 -1.89110858e-04  1.18129708e+00  2.99709559e-01
 -5.19047232e-01 -1.38776027e+00  1.75339351e+00  2.32393131e+00
 -1.08176753e+00 -1.82605039e+00  9.06796447e-04  1.39682414e+00
 -8.45121502e-01 -1.27083396e-01  3.25830916e-01  9.71453790e-01
 -6.12989752e-01  5.75621343e-02  2.30438092e+00  1.31954435e+00
 -7.95842209e-01 -1.00174084e-01  4.62963720e-01 -5.21553650e-01
 -1.20020835e+00 -4.43977744e-01  3.51392000e-01 -1.92607089e+00
 -1.50489448e+00  5.90432070e-01  8.34560966e-01 -1.98283464e+00
  1.34619692e+00  9.55934887e-01 -1.26889345e-01 -3.13972809e-01
  6.27429487e-01 -1.05266554e+00  1.54793694e+00 -7.00380683e-01
  1.17633028e+00  1.87381816e+00  1.48599015e+00 -1.16853476e+00
  7.45287190e-01  1.22953977e+00  9.16073468e-01 -2.54771255e-01
 -7.31875892e-01 -1.18069546e+00 -1.10006599e+00 -1.64261585e-01
 -1.58974551e-01  1.84201529e-01  1.34446453e+00 -1.64129687e+00
 -1.17193829e+00  3.29144607e-01  7.09650763e-03 -1.25571311e+00
 -2.22050683e+00  6.73161543e-01 -1.21245884e+00 -1.35517031e+00
 -5.76443191e-01  6.84774761e-01 -6.17349157e-01  1.96475466e+00
 -1.06321614e+00  2.26423077e+00  8.31657897e-03 -3.21295268e-01
  1.00004542e-01 -2.22912291e+00  5.63185408e-01 -6.68570921e-02
  7.20168082e-01 -4.40082494e-01 -8.74867670e-01 -1.58711625e+00
 -3.47147965e-01  2.22682372e+00 -3.28797943e-01  2.94433775e-02
  1.22484043e+00  8.57491301e-01 -6.84933551e-01  1.10764043e+00
 -4.64524168e-01 -1.84369889e-01 -7.25413357e-01  5.44760948e-01
  4.76058839e-01  8.62940536e-01 -1.11300196e+00 -1.71325657e+00
  1.03826422e+00  4.29650044e-02  2.66170018e+00  1.28706695e+00
  9.69501205e-01  7.21359116e-01 -2.45482967e-01  1.53039450e-01
 -3.52206896e-01  1.25608997e+00 -9.55177344e-02  7.85729840e-01
  1.62171494e+00 -8.91953993e-01  2.48485028e-01  3.66340543e-01
 -4.88339440e-01  5.42350112e-01  3.81457572e-01  2.04892316e+00
  7.38010103e-01  3.21699532e-01 -1.14853222e+00 -3.79251082e-02
  2.71770922e+00  1.76549470e-02 -2.77333036e-01 -1.48566626e+00
 -1.98686859e-02 -6.51805518e-01  9.62383271e-01 -9.09208448e-01
 -3.37874164e-01  3.28455649e-01  1.51091514e+00  2.45825858e-01
 -8.28050664e-01 -1.01362546e+00 -2.17916356e-01  1.45459426e+00
 -1.48454757e+00  1.72805974e-01  1.32861057e-02 -5.33320888e-01
 -1.96402320e+00 -7.44855099e-01 -2.16097793e+00  5.69108403e-01
  2.21921940e+00 -8.39111502e-01 -8.34418361e-01  2.09160534e-01
 -1.60623377e-01 -5.30537215e-01 -4.09507892e-01  5.83570376e-01
 -9.34990237e-02  1.08304989e+00  1.14522698e+00  1.55041299e+00
 -1.84781645e+00 -1.14747984e+00 -3.36054713e-01 -1.79483870e+00
  8.29033421e-01  8.83258357e-01 -6.14361751e-01  7.98525242e-01
  2.37523757e-01  7.05823105e-01  5.52878922e-02  6.65440130e-01
 -4.96404720e-01 -3.45135781e-01  2.41167116e-02 -1.38792261e+00
 -7.63239568e-01  1.83714825e-02 -2.44986275e-01  5.35609859e-01
 -1.56912759e-01 -3.04839456e-01  8.17114237e-01 -7.40967606e-01
  4.83241960e-02  1.15771215e+00  9.49676019e-01 -8.94972810e-01
 -1.20266184e+00  5.58106187e-01 -4.22287880e-01  2.57892379e-01
  5.97857607e-01  1.38806551e+00  7.15565386e-02  1.22276307e+00
 -1.81920810e+00 -1.52127530e+00 -6.50093994e-01  4.97607959e-01
 -1.44710714e+00  1.04641426e-02  1.00448555e-01 -7.73538945e-01
 -1.11109388e+00  3.15691722e-01 -7.10812927e-01  2.72329767e-01
 -6.63826725e-01 -8.44530219e-01  8.39245405e-01 -1.88629137e+00
  4.56912409e-01 -1.05248124e+00  1.01846524e+00  1.82593659e-01
  5.31511024e-01 -6.70392749e-01  2.22108460e-01  2.62749843e-01
  4.11033161e-01 -6.57106714e-01 -2.73339459e-01  3.51084060e-01
  1.38259308e-01 -2.07151965e+00  1.82788913e+00 -1.15861940e+00
  5.98026050e-01  6.68090266e-01  7.86809149e-01 -3.68362884e-01
  2.68887698e-02 -5.39561928e-01 -9.87825244e-01 -6.69149043e-01
 -6.24642118e-01 -1.25570753e+00 -1.55735643e-01  8.05589507e-01
 -7.51992867e-01 -6.71732266e-01  4.92434489e-01 -8.39350516e-02
 -1.50483665e+00 -4.17742483e-01  1.37614039e-01 -3.17174283e+00
  1.07694478e+00 -6.13432360e-02 -1.52911577e+00 -3.47466239e-01
  2.78358801e-01 -3.25746175e-01  2.87479880e-01 -8.47145889e-01