 3.69892592e-01  1.80967268e+00 -1.32260095e-02 -1.33583561e+00
 -9.08043597e-01 -5.49116273e-01 -5.88450576e-01  6.13138814e-01
 -3.05778750e-01  7.35046893e-01  8.56501194e-01 -6.21309782e-01
  9.98860218e-01  6.06298824e-01 -8.12980271e-01  9.84668131e-02
 -3.10689251e-01  2.11778652e-01  7.75312226e-01  1.83791630e+00
  5.42016235e-01 -7.48660250e-03 -1.65135655e-01 -6.05679806e-01
  6.53005900e-02 -7.52254039e-01  7.46051389e-01 -5.26563370e-01
 -1.60143666e+00 -1.39677257e+00 -2.04491979e-01  8.71046064e-01
  4.74349724e-01 -2.59644371e+00  8.70134489e-01  1.12111075e+00
  6.55216674e-01 -8.34117830e-01  9.00996104e-01  3.34048360e-01
 -3.77518965e-01  1.61285367e+00  8.57422996e-01 -1.36447793e+00
  9.71154763e-02 -4.84313647e-01  2.69927403e-01 -8.69996264e-01
  1.91166127e-01 -8.65294826e-01  7.10076122e-01  2.06794627e+00
  1.21098329e+00  1.37294071e+00 -3.45790425e-01 -1.76224664e+00
  8.61498706e-01  1.16096903e+00 -5.23369221e-01 -3.81613735e-01
 -2.71552790e-01 -7.16207545e-01  1.19547366e+00 -1.65386616e+00
 -2.12463226e-01  3.43581908e-01  5.39836428e-01 -9.74376486e-01
  8.34782701e-01  4.13129091e-01 -1.41982156e+00 -3.85002596e-01
 -7.05633457e-02 -3.15427864e-01 -2.84065900e-01 -5.50680233e-01
  1.47614077e+00 -9.57208800e-01  5.70023718e-01 -4.42025709e-01
 -2.61273282e-01  1.34219344e+00 -1.77887845e+00  1.95028552e-01
 -2.43731454e-01 -6.24037776e-01  4.30831741e-01  9.34284128e-02
  1.99997804e-01 -8.07451368e-01  9.20259097e-01  1.69033866e+00
 -1.34096082e+00  1.03393609e-01  2.53879705e-01 -7.83455409e-02
  1.20427334e+00 -2.72547089e-01 -1.03674349e+00 -1.75457283e+00
  8.22592782e-01  9.27997700e-01  2.81149378e-02  1.76577735e+00
  3.31752986e-01  5.20415805e-02 -9.26627439e-01  1.78192758e+00
 -2.84090239e-03  1.56972848e+00  6.82050547e-01 -8.01131938e-01
  2.40308214e-01  4.23147064e-01 -1.92096789e-01 -1.04283426e+00
  1.13751033e+00  6.74787448e-02 -2.97518512e+00 -1.25118467e+00
  1.46932248e+00 -6.30530099e-02  3.38391124e-01 -3.80553613e-01
 -8.36013262e-01  8.60819047e-01 -8.54356329e-01  1.54620788e+00
 -3.19958486e-01 -2.50485920e-01  6.22375900e-01  3.57459632e-01
  3.65683949e-01 -7.07813915e-02 -6.10601042e-01  1.03491156e+00
 -1.70403677e-01 -9.37233227e-01  1.02945273e+00 -6.41319371e-01
  5.83010638e-01  1.49743806e+00  1.40899432e+00 -3.58234162e-03
 -7.05424974e-01 -2.60972435e-01  5.61200973e-01 -4.78216643e-01
  2.81031111e-01 -3.26506228e-01 -7.36206114e-01 -1.11623102e+00
  2.56408135e-01 -7.92266097e-01 -2.18969850e+00  4.24186687e-01
  6.86934274e-04  2.53312163e-01 -7.00359774e-01  7.10952391e-01
  6.82962699e-01  5.13865922e-01 -2.84398074e-01 -1.82897335e+00
  8.49389628e-01 -4.95282236e-01  4.91189885e-01  1.57541860e+00
 -6.27966300e-01 -8.35926051e-01  4.66712507e-02 -7.29783413e-01
 -4.97676355e-01  5.86837329e-02 -3.83275310e-01  3.29252773e-01
  6.19319148e-01  1.68590467e+00  1.39638828e-01 -7.24989537e-02
 -1.81155252e+00 -6.07056551e-01  4.59684076e-01  1.46344234e+00
 -1.96385873e-01  9.26888915e-01  8.28413965e-02 -3.18035529e-01
  2.07012453e-01  9.11289140e-02 -3.43038299e-01  7.10753488e-01
 -1.59874478e+00 -7.61193260e-01 -7.79893517e-01  1.17352047e+00
 -5.87225622e-01  1.64667876e+00  7.07337003e-01 -7.63884346e-01
  4.42518265e-01 -5.20038803e-01  7.69749945e-01  1.79415195e+00
 -2.08937891e-01 -1.87505288e-01  1.59580923e+00  2.35424232e-01
  2.07863047e-01 -1.64989298e+00 -1.17576860e-01 -1.16424512e+00
  1.78489848e+00  2.42659620e-02  4.95578460e-01  1.94667635e+00
  1.75267775e-01  1.04112901e-01  6.46219071e-01  1.91773735e+00
  2.31925431e-02  1.51093311e+00 -4.40973798e-01  2.49925062e-01
 -1.73688432e-01  1.15352375e-01  1.15901112e+00 -7.21714712e-01
 -1.01645543e+00 -1.48429750e+00 -2.54974970e-01  1.84760971e+00
 -1.50023499e+00  1.05251018e+00  1.15479578e+00 -6.67851731e-02
 -1.65953652e+00 -7.94936359e-01  9.46466213e-01  1.32974100e+00
  1.27026456e+00  6.43149126e-01  5.11627506e-01  3.39611476e-01
 -1.74097512e-01  3.99694066e-01  5.28124478e-01  8.09349884e-01
 -1.45358801e+00 -9.28161280e-02  3.45430260e-01 -3.63616180e-01
  1.33490854e+00  7.80022064e-01  9.15206443e-01 -3.89307319e-01
  5.94573372e-01 -4.24866291e-01 -1.40835219e+00  3.11589873e-01
 -6.24424750e-01  4.76666385e-01 -2.80652366e-01 -6.11062362e-01
  7.78767555e-02  1.88016461e-01  8.61883133e-01  1.39662629e+00
 -1.47403415e+00  1.78966148e-01 -6.49261702e-01  2.52015753e+00
  1.00644443e+00  1.35673225e-01 -2.30777152e-01  4.02633077e-01
 -1.26678267e+00 -8.56549307e-02  2.16054567e-01  1.02696093e+00
  1.77610052e+00  5.08046827e-01  2.03900163e-01  6.78064302e-01
 -2.87702304e-01 -8.59113958e-02  3.00343643e-01 -6.38565170e-01
  1.08976239e+00 -1.25423614e+00 -3.38297825e-01 -4.11370378e-01
  5.46744344e-01 -3.83320354e-01  2.41919325e+00 -1.12974202e+00
  6.64080556e-01 -5.49991605e-01  1.70319820e+00 -1.41432165e-01
 -6.50853673e-01 -7.82306568e-01 -7.94115163e-01  8.84800281e-01
  3.63121694e-01  5.53189853e-02 -1.94159025e+00  1.48936509e-01
  3.16442390e-01 -1.82828361e+00 -1.28832850e+00 -3.60559500e-02
  7.35070943e-01  5.17545115e-01  1.75368075e+00 -3.04795613e-02
  1.00391459e+00 -2.25663251e-01 -1.55715933e+00 -5.40640370e-01
  6.45810107e-01  1.52639949e-01 -1.17376563e+00 -2.10666484e+00
  9.27677782e-01 -8.07644798e-01 -4.54648696e-01 -3.43052658e-01
 -8.98092751e-01 -1.13750621e+00  1.15442171e+00 -1.37068079e-01
  3.79114016e-01 -5.80106291e-01  6.39957907e-01 -6.97911311e-01
 -1.49067917e+00 -4.49166543e-01  2.02891727e-01 -4.03077100e-01
  2.48164460e-01  8.13798380e-01 -6.20191571e-01 -5.10333866e-02
 -5.37806719e-01  6.83668434e-01 -1.69936180e-01  4.79409793e-01
  8.20391442e-01 -2.77423079e-01 -4.00835927e-01 -1.82368445e-01
  7.92859274e-02 -3.16889294e+00 -6.34706163e-01 -1.76165892e-01
  1.39249252e+00 -4.79446378e-01  9.14536409e-01  2.40368570e-01
 -9.39041359e-01 -1.50444403e+00 -3.63798279e-01  2.88914470e-01
 -1.50775826e+00 -7.34669575e-01  1.82365928e+00 -1.30004889e+00
  3.45257877e-01  9.37277296e-01 -3.01395293e-01  7.31302462e-01
 -9.74533749e-01 -6.00480511e-02 -2.22019015e-01  5.16718875e-01
 -6.84114768e-01 -4.96092851e-01  7.14230285e-01  6.66090418e-01
  2.19601801e-01  1.58669393e-01 -1.66760488e+00  3.53467497e-01
  2.44318325e-01  1.15707328e+00  4.05342745e-03  1.34288962e+00
  9.72204123e-01  6.11865156e-01  1.11246565e+00  5.32872393e-01
 -9.53472746e-01 -3.91378543e-01  2.77905914e-01 -4.92706091e-01
 -2.51256504e-01  3.88246658e-01 -1.40719136e+00 -9.10215353e-01
  5.10547518e-01 -1.22708457e+00 -9.59617937e-01  6.44446517e-01
 -1.29361623e-01 -3.57977995e-02  7.59490272e-01  5.64428440e-01
 -4.08105769e-01  1.36348022e+00  7.05420691e-01  3.11620173e-02
 -6.47627891e-01 -3.65694108e-01  1.39603194e+00 -4.35733941e-01
 -1.16438498e-01  2.51085233e-01 -9.59003896e-01 -5.51672036e-01
  8.78739787e-01 -1.57364912e+00  8.68344430e-01  6.05860697e-01
 -8.16565609e-01 -3.08894021e-01  3.33771234e-01  1.17676741e+00
 -9.96815191e-01  2.17299732e-01 -6.84843104e-01  6.59393385e-01
 -6.48703599e-01 -1.02829759e+00  1.30175217e+00  1.21867121e+00
  1.77137942e-01  2.28627113e-01  4.00092596e-01  1.40445016e+00
  1.17793885e+00  1.90510844e+00  5.59640466e-01 -8.90170665e-02
  8.81377025e-02  8.66357030e-02 -2.71544005e-01  3.39258981e-01
 -5.06556067e-02 -2.03816060e+00  5.07044820e-01 -3.53227917e-02
  1.12291370e+00 -9.35111799e-01 -1.58302800e-01 -9.62427077e-02
 -8.92015126e-02  7.14758230e-01 -1.91734817e-01 -3.21216918e-01
 -8.61820493e-01  1.57900168e+00 -2.35457939e-01  1.02193761e+00
 -5.61394573e-01 -1.43035159e-01 -1.79598244e+00 -2.36076130e-01
  6.18374579e-01  1.20727154e-01  9.91877111e-01 -2.91173447e-01
  1.95362454e+00  3.71824937e-01  1.33235874e+00 -8.46789995e-01
 -6.39471090e-01  1.46511433e-01 -1.69696168e+00 -9.49920824e-01
 -1.60723126e-01  3.41182403e-01 -1.40672907e+00  1.73993945e-01
 -9.17111942e-02 -1.06890802e+00  1.86959809e+00 -8.25883909e-01
 -3.67511068e-01 -9.26567034e-01 -7.67211015e-01 -6.60415260e-01
 -6.95074949e-01 -9.07448821e-01  1.91931731e+00  6.82646743e-01
 -5.30014042e-02 -1.16329001e-01 -1.12623945e+00 -1.24777332e-01
 -9.26468145e-01 -6.65525061e-01 -1.50346428e+00  1.30303234e+00
 -5.48244406e-01 -1.33689308e-01 -1.99107448e+00  2.33229967e-01
  1.08976631e+00 -1.83721463e+00  6.42125415e-01  1.98878743e+00
 -1.27138526e+00 -9.27365002e-02 -1.05397405e+00 -2.09110064e-01
 -2.53136779e+00  5.98181707e-01  7.30460833e-01 -1.79215516e+00
 -8.96169095e-01  1.12452018e+00  2.08191433e+00 -8.80129819e-02
  4.34673039e-02  2.16960037e+00  4.75599489e-01 -1.30142279e-01
 -1.37830654e+00  5.00087399e-02  1.43844710e+00  1.13521658e+00
  7.82362744e-01  6.53385815e-01 -4.74722469e-01  4.86999251e-01
  1.43446146e+00 -5.75307493e-01 -1.10301835e+00 -4.59407618e-01
 -4.61594125e-01 -1.23803127e+00 -2.29935725e-02 -1.06608124e+00
 -2.05582135e+00  1.23291807e+00 -1.33371303e+00 -8.04576884e-01
  1.34570449e+00  5.89658327e-01 -6.75804496e-01 -3.13154931e-01
 -1.60590510e-01  9.10344548e-01  5.40699421e-01  1.75153240e+00
 -1.76893516e-01  4.92848476e-01 -1.37835903e+00  2.88992043e-01
  8.80956203e-01 -2.06584893e+00  2.95492444e-01 -1.06615055e+00
  1.02853605e+00 -3.87258378e-01 -2.11292154e-02  2.76230652e-03
  2.87447299e-02  9.99521083e-02 -6.79665401e-01  1.54516247e+00
  1.32030208e+00 -1.28731860e+00  1.14286410e+00  1.39343060e+00
  2.61097233e-01 -7.14505974e-01  1.42963965e+00  8.05596182e-01
  6.13545200e-01  7.78122904e-01 -4.56170144e-01 -8.42906363e-01
  4.85277733e-01 -6.55673788e-01 -1.62524611e-01  2.03621735e+00
  4.80767159e-01 -6.66876554e-01  6.89829515e-01 -1.99846576e+00
  5.94692303e-01 -6.06077763e-01  5.15922189e-01 -1.52936582e+00
  1.41421518e-01  8.17092574e-01  2.84021027e+00 -2.27692285e-01
  4.98406927e-01 -1.25409480e+00  1.11781945e+00 -7.95408809e-01
  7.01016601e-01 -5.07388161e-01 -1.54426509e+00 -1.63959929e+00
 -1.20783987e+00  5.98640378e-01 -4.76225191e-01 -5.08933765e-01
 -5.69870477e-01  9.38916099e-02  3.94848137e-01  1.26471884e+00
 -1.16170418e+00  1.42344411e+00  4.26313887e-01 -3.55702157e+00
 -2.57401485e-02  6.12687921e-01  1.96234538e+00  7.74459936e-01
  7.44190940e-01  6.87645957e-01  6.62305703e-01 -2.62016933e-01
  2.63558033e+00  1.01737021e-01  1.63590105e-01  6.01224071e-01
  6.96593932e-01  1.30654211e+00 -3.99794080e-01  4.38930813e-01
 -6.28583097e-02  7.83071354e-01  1.14156183e+00 -1.48086695e+00
  1.09636757e+00 -7.88727356e-01  4.59623573e-01 -1.87855165e+00
  5.81512383e-01 -8.53492557e-01 -1.66565696e+00  1.61042376e+00
  3.80615275e-01  1.76824719e+00 -5.96370204e-01  7.48810550e-01
 -8.06886081e-01 -1.03862502e+00  7.67209098e-01  5.34266268e-01
 -1.48330348e+00  3.96898598e-01  2.80734721e-01 -1.22691389e+00
  7.77775996e-02 -7.09771756e-01  3.83584230e-01  2.85734926e-02
 -1.38082730e-02  1.18119857e+00 -1.07516659e+00  9.06946523e-02
 -7.56549481e-01  1.03969334e+00  3.96694424e-01 -8.92311053e-01
 -4.39405880e-01 -2.95329927e-01  6.98447417e-02 -1.05091930e-01
  1.20321259e+00 -9.30849296e-01  6.37271813e-01 -1.76003391e+00
 -2.15877839e-01  1.34836647e+00 -1.02643346e-01  2.15933622e+00
  8.45816067e-02 -6.42296598e-01 -6.30256370e-01 -6.33922079e-01
  1.61270503e+00 -1.56700974e-01  3.47688117e-01 -4.34553920e-01
 -7.21563287e-01 -8.09227533e-01 -1.28740181e+00 -2.56659874e-01
 -1.33770809e+00  4.02248168e-01  3.99868527e-01  6.67218432e-01
  1.73220028e+00  2.09192663e+00 -3.09150324e-02 -8.17350956e-01
  6.04799483e-01  6.51880318e-01 -4.95898454e-01 -2.15640625e+00
 -1.44850800e-01 -2.73360562e-01  8.14074261e-01 -4.47198461e-01
 -1.14119777e+00  7.39864184e-01  1.33066938e+00 -2.87691299e-01
  2.44465536e+00  1.75756967e+00 -1.53470629e+00 -3.44007343e-01
 -2.33803012e+00 -8.19507759e-02 -6.54137779e-01  2.53707063e-01
  2.04908436e+00  1.53360476e+00 -1.00586310e+00 -1.50901133e+00
 -1.51287782e+00 -8.32843872e-01 -2.07979287e-01  2.02036534e-01
  2.61997194e-01  6.65375693e-01 -6.80604113e-01 -8.03927335e-01
 -4.70631947e-01  2.76406423e-01  4.29926308e-01  1.00766599e+00
  4.59729273e-01 -7.68112525e-02  4.67661135e-01 -4.29173287e-01
 -2.28802959e+00  9.02871279e-01  9.97243957e-01  8.28505428e-01
 -7.02262819e-01  3.19092344e-01  5.95082886e-01  1.51582970e+00
  1.96277840e-02  9.42475957e-01  7.86423714e-01  1.56058709e+00
 -2.29571407e+00 -1.15113274e+00 -4.88856375e-01 -5.19571139e-01
 -2.95579879e-01 -1.10181638e+00 -1.36721563e+00  4.76618730e-01
  3.56578833e+00 -8.15172996e-01 -3.97739713e-01 -1.11665791e+00
 -6.29799825e-01 -9.34732401e-02 -3.96083683e-01 -2.81423273e-01
  4.52332447e-01 -1.09374056e+00  4.01051403e-01 -5.79944363e-01
  1.00529385e+00 -1.33421222e+00 -4.14025486e-01  1.40124760e+00
  4.74646065e-01 -1.90194279e-01  1.24528001e+00  6.79180406e-01
  2.40872714e-01  2.94150239e-01  6.08323244e-01  1.37918381e+00
 -3.98085641e-01 -1.35851255e+00 -7.91860237e-01 -9.42333745e-01
 -5.85253534e-01 -1.26767376e-01  5.27974450e-01 -7.34843282e-02
 -6.47589752e-01  2.42737151e-01 -1.06825109e+00 -6.75572093e-02
 -3.10584424e-01  2.19419941e+00  1.01705529e+00  4.45801896e-01
  1.84944364e+00  1.22606534e+00  3.73711592e-03 -3.53883714e-01
 -4.26752230e-02 -3.89930986e-01 -3.28205969e-01  5.49702664e-01
  2.72487733e-02 -1.00476940e+00 -1.74355348e+00 -1.16070181e+00
 -1.76462669e-01 -6.65402272e-01  6.61440860e-01  1.10163057e+00
 -2.88673288e-01 -1.15508947e+00  6.75464773e-02 -1.25531732e+00
 -2.82909506e-01 -2.45072572e-01 -3.83129853e-01  1.48835355e+00
 -8.86036106e-01 -7.80044163e-03  7.22916094e-01  5.69548522e-01
 -3.85303818e-01 -2.63158219e-01  1.13334391e+00 -1.98472802e+00
 -1.38437570e-01 -2.72130637e-03 -4.70776763e-01 -4.66873619e-01
 -5.52790650e-01  3.40197991e-01 -1.11568863e+00 -1.53524423e+00
 -1.03969836e+00 -1.19167855e+00  5.67201228e-01  2.18741541e-01
  3.78595517e-01 -1.06959914e-01  7.36520886e-01  4.04027443e-01
 -6.69193489e-01 -7.23270747e-01 -5.66751506e-01 -6.91521536e-01
 -7.49190762e-02 -6.33059636e-01  9.17868389e-01 -1.19653898e+00
  8.01168889e-01 -1.12198065e+00 -4.49752295e-01  6.73804959e-01
  1.43675204e-01 -1.20922002e+00  9.51874487e-01 -8.90935302e-01
  4.69547103e-01  8.55364322e-01  3.99881442e-01 -9.01579881e-01
  6.64624324e-01  7.06558285e-02 -1.96530705e-02  1.20907934e-02
  1.41732838e+00  1.04998158e+00 -2.26850032e-01  6.59373210e-01
  1.31335039e+00 -1.71875990e+00  6.38293473e-01  6.93592223e-02
 -5.71789898e-01 -9.79540975e-01 -5.72494034e-01 -1.15348623e+00
  5.44096457e-02  1.22772744e+00  2.03393713e+00  9.93676231e-01
 -2.52444728e-01 -2.40199202e+00  2.99433069e-01  1.98254991e+00
  7.43056246e-01 -8.31473427e-01  2.25279812e+00  1.03945466e-01
 -1.61087600e+00 -1.21009567e+00  1.26518092e+00  1.13023898e+00
 -4.22373519e-01 -1.45091356e+00  1.11380892e-01  1.91210134e-01
 -3.68521497e-01  1.60553930e+00 -8.76324459e-01 -7.05486664e-02
  5.65647704e-01 -2.13003510e-01  2.89460036e-01  1.04424251e-01
  1.92316901e+00  1.52178432e+00  3.41016702e-01  1.80940715e+00
 -3.74544984e-01  1.19260969e+00  3.58757258e-01 -1.72237398e+00
  1.15983030e+00 -8.01856811e-02 -2.40779970e+00 -1.63267011e-01
 -6.76005486e-01 -1.65856233e+00 -9.35342770e-01  4.69838702e-01
 -6.72475157e-01 -2.51891904e-01 -7.73523037e-01  1.91298925e-01
  3.73112955e-01  1.20979843e+00 -3.41821276e-01  4.41480314e-01
 -8.07371801e-01 -6.55342851e-02  6.38302026e-01  2.11893784e-02
  1.54564619e-01  1.58974946e+00  6.50470075e-01  6.07904128e-01
  7.90779790e-01 -5.11149497e-01 -2.57418004e-01 -1.41592587e+00
 -1.36626580e-01 -1.75816741e-01  4.68580062e-01  1.16227660e+00
  7.51717411e-03 -8.01483422e-01  3.96945420e-01 -1.01932035e-01
  1.16583899e+00  1.47933582e+00 -1.73273914e-02  6.00515495e-01
 -2.35554141e-01  2.88513227e-01 -2.86152528e-01  6.83037907e-01
  2.30845807e-01  2.98483854e-01  1.01199277e+00 -1.01507922e+00
 -3.74487527e-01 -3.74474781e-01  9.61941162e-01  1.55348719e+00
  1.01158763e+00 -8.56446603e-02 -1.14179385e+00 -7.16833082e-01
 -1.08989771e+00  1.68581216e+00 -1.90220956e+00  8.46883707e-01
  9.40048548e-01 -6.62866152e-01 -8.49992948e-01  7.48633106e-01
 -4.41383227e-01  1.04114648e-01  5.77562811e-01  5.63625275e-01
  3.41409724e-02 -3.01645141e-01 -8.09052009e-01  6.34151907e-01
  9.76400172e-01  5.40902827e-01 -6.05601366e-01  8.21853138e-01