-1.28500763e+00  3.36711565e-01  1.95172392e+00 -3.09321391e-01
  5.12744442e-01 -3.37476034e-01  6.58787798e-01  1.34027311e-01
 -6.76180779e-01  5.34859726e-01 -6.82985371e-01  8.72657160e-01
  1.43605941e+00  6.96565602e-01  5.89945035e-01 -9.82201861e-01
 -2.35201286e-01  6.34466284e-01  2.31731672e-02 -6.97588036e-01
 -7.69512409e-01 -1.94907092e+00 -1.63735975e-01  2.30757342e-02
  1.54276107e-01 -4.39157939e-01 -4.77003237e-01  1.53665411e-01
  3.33067413e+00  1.08118322e+00 -6.18142166e-01  6.51038370e-01
  9.03852099e-02  1.01150460e+00 -3.82823400e-02 -6.51276493e-01
 -4.73935188e-01 -3.80813768e-01 -7.38187044e-01 -1.80676877e-01
 -6.39614628e-01  1.02022330e+00 -7.55005049e-01  6.42395462e-01
  2.73250480e-01 -3.83768486e-02 -8.40667868e-01 -6.93843384e-01
  2.07939508e+00 -1.11638211e+00 -6.94377575e-01  4.87453647e-01
  8.53450894e-01 -1.32549706e+00 -1.64759752e+00  5.55378821e-02
 -1.87390617e-01 -1.28591257e-01  7.07952121e-01 -1.26815585e+00
 -6.53562300e-01 -2.03620699e+00  1.08221110e-01  1.71866581e+00
  5.11669132e-01  4.78446509e-01 -2.42668287e-01 -2.37828332e-01
  5.44395632e-01 -2.14561757e-01  1.78928638e+00  6.24158763e-02
 -7.29708708e-01  9.96414904e-01 -3.98340870e-01 -7.47562867e-01
  8.44121177e-02 -1.85818416e+00  4.89571469e-01  1.34341225e+00
  8.00155569e-02 -8.65840241e-01  5.95874967e-01 -1.90255865e+00
 -2.89476319e-02 -1.15008884e+00 -4.50990688e-01  1.65544372e+00
 -6.03733563e-01 -6.73647992e-01  5.13881517e-02 -2.19301441e-02
 -1.08235038e-01  2.49278475e+00  3.04442337e-01 -3.16419090e-01
  6.49440733e-01  9.92734506e-01 -3.07470908e-01  2.53065525e-01
  1.76223897e+00 -1.25256496e+00 -2.92994018e-01  5.60366264e-01
  6.42243161e-01  1.59491073e+00  6.21405979e-01 -1.70342630e-01
 -1.67435309e+00  7.34743172e-01  8.61387658e-01  5.82332475e-01
 -1.15121484e-01 -1.64118577e+00  8.77825536e-01  5.92016221e-01
  5.42193135e-02  3.26431096e-01  7.58360673e-01 -1.26015316e+00
 -4.00146216e-01 -3.77673592e-01  9.27172633e-01  1.54318182e-01
  1.54894864e+00 -4.43923989e-01  6.45023701e-01  1.23511220e+00
  2.80285887e-01  5.46356865e-01 -5.93279863e-01  2.72803126e-01
  8.10557142e-01  9.51225316e-01  9.75144096e-02 -3.07683623e-01
  1.13103169e+00 -1.15145530e+00  1.63905403e+00 -2.07009849e+00
  2.02251118e+00  1.93767150e+00 -7.78892592e-02  2.12389380e+00
 -2.24019474e+00 -1.06020266e+00 -3.11794044e-01 -1.51660988e+00
  4.13474343e-01  1.12934162e+00  1.42820275e-01 -5.16751623e-01
  1.03117280e-01 -1.70965286e-02 -5.82581486e-01 -4.24479696e-01
  1.96675730e+00 -1.66363723e+00 -2.12113350e+00  9.68716343e-01
  5.15683024e-01 -5.84124709e-01  1.38437353e+00  1.85915330e+00
 -2.53363268e-02  2.84787944e-01 -4.39456470e-01 -4.74710767e-01
  1.03701390e+00 -8.17994634e-01 -2.59575994e-01  1.33735988e+00
  1.04177652e+00 -5.58170512e-01 -3.00175629e-01 -4.94483092e-01
  1.09908051e+00  5.05241421e-01 -4.84005502e-01 -7.80353679e-01
  2.92322356e-01 -7.87748428e-01 -2.81395681e-01 -1.11828485e+00
  4.97885612e-02 -1.88956767e+00  4.10867311e-01 -1.40713425e-03
  1.18757757e+00  1.47907309e+00  3.63081410e-01 -1.85818606e+00
 -2.37902367e-01 -7.90413190e-01  5.55057058e-01 -4.98592369e-01
  1.61706530e-01 -6.72980582e-01  1.20858084e+00  3.40058454e-01
 -6.44095912e-01 -1.08278297e+00 -1.71512693e+00  6.55967469e-01
  6.99250351e-01  2.08404155e-01  2.19558796e+00 -5.10715475e-01
  1.16337988e+00  1.04941196e+00 -1.60073091e-01 -2.55567499e-01
  1.20538458e+00 -1.54385453e+00  1.09816114e+00 -1.01291507e+00
 -3.18771927e-01  7.85395568e-01  2.43419992e+00  2.01460528e-01
  7.60564562e-01 -7.54205932e-01  3.02992885e+00 -5.37098271e-01
 -1.07486243e+00  3.88490212e-01  3.69074721e-02  8.02412463e-01
 -7.38140284e-01 -4.17598026e-01  2.67482971e+00  5.27810569e-01
  8.17049414e-01 -1.26467984e+00  5.90551646e-01  5.16979342e-01
  5.60646020e-01  1.41950153e+00 -6.97106975e-01  2.40576559e-01
 -2.25981730e-01  5.89221356e-02  3.29372896e-02 -1.80670758e-01
 -1.82049885e-01  1.53092565e+00  1.34962684e-01 -8.38368350e-01
 -9.84528589e-01 -6.76698858e-01  9.16918163e-01 -3.09930497e-01
  7.79161153e-01 -1.14663247e-01 -7.01040000e-02  2.82758459e-01
 -7.92901711e-01  6.42991602e-01  1.37193264e+00  1.45989348e+00
  1.30160217e+00  1.21112949e+00  3.84751051e-01 -2.03916701e-01
 -2.52949995e+00  2.20765449e+00 -1.87075774e-01  1.57593123e+00
 -1.47268179e+00  3.10328879e-01  8.22064947e-01 -1.75431589e-01
 -3.24616912e-01 -1.73391502e+00  1.09069326e+00 -2.08051494e-01
 -4.17525634e-02  4.01876091e-01  1.55540031e+00 -6.58352685e-01
  1.19749834e+00 -4.43759304e-01  2.04385027e-01 -2.00378059e-01
  1.77277641e+00 -2.00566398e+00  4.99161878e-05 -1.83459533e-02
  1.71673033e+00 -1.47517718e+00 -6.22928084e-01  1.31388398e+00
  1.11835001e+00  1.37918806e+00 -3.35217162e-01 -2.07263148e-01
 -9.39238641e-02 -4.16475289e-01  4.52473503e-02  3.62432091e-01
 -5.53071969e-01 -7.75561001e-01  8.38350822e-01  4.12182017e-01
 -4.06136606e-02  5.34267526e-01  6.58456577e-01  4.64200043e-01
 -1.49126726e-01  5.55680055e-01 -8.91673495e-01 -2.95325278e-01
  5.86554644e-02 -1.40108447e-01 -1.09842936e+00 -7.94474923e-01
  4.01568190e-01  1.92479687e+00  6.09148128e-01 -1.55436367e+00
 -7.11227829e-01  1.67871464e+00  1.13521217e+00 -1.44141891e+00
 -4.94352513e-01 -1.35428834e+00  8.91309813e-01  1.29579110e+00
 -2.69481355e-02  1.76346450e-01 -1.87044238e+00 -1.10727541e+00
 -8.00478187e-01 -9.46323883e-01 -5.34455995e-01 -4.51683090e-01
  1.05228007e+00 -8.18868407e-01  1.56523408e+00 -3.38276016e-01
  3.74267131e-01 -1.97637644e+00 -9.93394233e-01 -6.04922810e-01
 -1.19299316e+00  2.71194397e-01 -2.38709493e-01  1.30920120e+00
  1.03398406e+00 -6.77625013e-01  4.40164973e-01 -4.37507557e-01
 -1.48068193e-01 -1.52420300e+00 -6.32050306e-01  4.83732786e-02
 -9.00984569e-01  8.41018905e-01 -2.33024038e-01 -1.21750228e+00
 -8.67485451e-01 -7.43186116e-01 -6.26163837e-01 -1.04251430e+00
 -6.05167974e-01  1.33352538e+00  1.05056468e-01  3.16663101e-02
 -2.10320620e-01  6.72540961e-01  1.52608231e+00  7.30887611e-01
  6.36264788e-01 -8.95847368e-02 -1.06591673e+00  4.90264143e-01
  4.25197055e-01 -8.27097911e-01 -1.33426823e+00  1.55451689e+00
 -4.87232599e-01 -4.54828158e-01  5.50476918e-01 -1.79133669e-01
 -2.21416964e+00 -7.38587573e-01  1.14318330e+00 -1.43309785e+00
  1.14737610e+00  6.39981430e-01  2.98700010e-01 -7.37057477e-01
  2.76452052e+00 -5.53102063e-02 -1.76702237e+00  5.16180717e-01
  2.86059556e-01 -1.13865190e+00 -1.51104057e+00  5.64929366e-01
 -3.16942093e-03  9.63481778e-02 -1.27896078e+00  9.50734275e-01
 -2.21357177e+00  8.00745106e-01  3.50390916e-01 -2.75687952e-02
 -9.16550026e-01  8.13753781e-01  2.81874626e+00  5.84563447e-01
  2.70112304e-01  4.32268392e-01  1.15078032e+00  1.02070327e+00
  8.31905975e-01  1.12190371e+00 -1.20489184e+00  1.37359778e-01
 -2.35722749e+00  2.11725602e-01 -3.32496764e-01 -7.17357999e-02
 -6.04170436e-01 -1.38023089e+00  1.61805440e-01  7.62981874e-01
 -1.24801692e+00  1.09331260e-01  7.66013301e-01 -9.44574415e-01
 -7.08990796e-01  6.62433456e-02  1.67382250e+00  1.12124899e-01
  1.04625514e+00 -4.89248296e-01  5.80896628e-01 -8.40286768e-01
  1.50822868e+00 -2.59895347e-01  8.18064979e-02  9.71110826e-01
 -4.74749386e-01  4.62087469e-01  1.26839073e+00 -8.44254896e-01
 -1.87778690e-01  2.31204656e-01 -7.45279058e-01 -1.24663753e+00
  1.35868109e+00 -3.38906781e-01 -1.02665762e+00  1.40973169e+00
  1.75203555e+00  2.76406761e-01  2.05791089e+00 -1.02562706e+00
 -1.62115171e+00 -4.10813997e-01  9.47217831e-02  3.77687895e-01
 -7.06485522e-01 -6.14072354e-01  5.02273955e-01 -5.97942576e-01
  1.14622284e+00  1.15711435e-01  5.47717376e-01 -2.25562255e+00
 -1.90436529e-01 -2.69209441e-01 -4.11808637e-01 -6.56211754e-01
 -1.91921729e-01  6.20312501e-02 -5.35145133e-01 -3.97068916e-01
  2.09104114e-01 -3.65450353e-01  2.16265119e+00  1.38653573e+00
  1.10179381e+00 -8.37087342e-01  3.90459670e-01  2.88974138e-01
 -2.33893451e-01  1.59877707e+00  8.52095200e-02 -9.54097880e-01
  7.06700934e-01  4.19977820e-01 -1.02937680e-01  3.47488642e-01
  5.47199889e-01 -8.13332922e-01  7.53239226e-02 -5.61938542e-01
 -5.92581100e-01 -9.99940205e-02 -2.58721757e-02  1.44952078e+00
  9.14157503e-02 -1.01644817e+00 -1.26294481e+00 -8.08961838e-01
  1.28406279e-01  7.61632378e-01 -6.86151801e-01 -1.22884839e+00
 -1.72998329e-01  1.92882684e-01  5.81455686e-01  1.11738303e+00
 -9.01728791e-01  3.73415980e-01 -2.96478978e-01 -3.55589017e-01
  8.25977763e-01 -1.17189085e+00 -4.72308020e-01 -7.85523653e-01
  1.65220135e+00 -4.34694005e-01 -3.62503816e-01  5.90994534e-01
 -6.80403217e-01 -1.56297496e+00  6.08098463e-01 -1.62032905e+00
 -2.60193122e+00  7.54381289e-01  1.30843601e+00  1.87192916e+00
  2.87764790e-01  3.04345750e-02 -1.88880492e+00 -6.04901452e-01
  8.99057984e-01 -1.17518731e+00  5.46348939e-01 -9.80969761e-01
 -1.61859942e+00  1.09655293e+00  3.16087681e-02  1.68750558e+00
 -5.34544664e-01  1.31368389e+00  4.35819418e-01 -9.97754598e-01
  1.82125023e+00 -6.22337965e-01 -4.66368180e-01 -7.91602303e-01
 -2.20673346e-01  1.26646085e+00 -2.76230297e-01 -1.91177962e+00
  5.76248201e-01  1.99421777e-01  5.11231063e-01 -3.80367980e-01
 -4.53110330e-02 -1.25090455e-01  1.45567501e+00 -8.18569119e-01
 -2.67321851e+00  2.12607683e-02 -1.14130400e+00  9.99497766e-01
  8.57652672e-01 -4.95392741e-01 -2.99398462e-02 -5.78752528e-01
  1.23892123e+00  1.27392736e-01 -4.97540780e-01  2.32724295e-01
  3.11071737e-01  6.74118056e-01  5.44011637e-01  1.15220900e+00
 -7.10156358e-01 -1.84065414e+00 -2.38934365e-01 -3.88427840e-01
  8.26511715e-01 -8.73367283e-01 -1.83976471e-01 -1.52418029e+00
 -8.98240942e-02 -3.64720464e-01 -1.36367711e+00 -7.07713125e-01
 -2.74648844e-01 -2.67292538e-01  5.81546158e-01  1.27149646e+00
 -8.51676031e-01  8.09374184e-02  3.11494717e-02 -5.93341642e-01
 -2.69181986e-01  5.11213437e-01 -1.72194035e+00  5.50590355e-01
 -8.54422471e-01 -2.78673267e-01 -1.74900093e+00  6.72353431e-02
  1.47729744e+00  1.08144329e+00 -5.64531350e-01 -7.96656896e-01
 -1.07794285e+00 -2.90417449e-02  5.29025215e-01 -5.27316648e-01
  1.23713279e+00  8.01349548e-03 -1.53540369e+00  2.41356625e-02
  5.73592898e-01  1.04421794e+00 -2.16159893e+00 -1.24491056e+00
  4.77682173e-01 -1.43480530e+00 -3.70886893e-01  9.09562384e-02
 -5.83343627e-02 -5.67665024e-01  2.64652292e-01  7.19179890e-01
 -1.71886535e+00  7.67881421e-01 -5.10328233e-01 -5.24065177e-01
 -5.22665406e-01 -9.45784406e-01  2.00836617e+00  4.24122607e-01
  9.21977040e-02 -6.51849819e-02 -2.68366977e-01  1.60516219e+00
  4.44930744e-01  1.56712228e+00  5.13007549e-01  2.23394712e+00
  2.65270216e-01 -3.53920918e-01 -5.53941227e-01 -7.08079712e-01
  1.02189838e+00  1.11764234e-01 -1.54532622e-01 -2.40700317e+00
 -2.84131206e-01  3.48786694e-01  1.37776599e+00 -1.44307841e+00
 -1.31390044e+00 -5.18275641e-01  6.63957795e-01 -7.54816393e-01
 -2.01341273e-01  3.68080963e-01  2.64682399e-01  1.36948321e-01
 -8.15068799e-01  6.93640542e-01 -2.65406866e+00  1.56462715e+00
  9.33293038e-01  1.37934701e+00 -8.21505869e-02 -8.19628204e-01
 -4.07786131e-01  7.05429789e-01 -1.40417799e+00  1.64946378e+00
 -3.00565583e-01 -3.06976188e+00 -5.77171029e-01 -1.60850300e+00
  8.55029557e-01 -5.42516111e-01 -1.32864750e+00  5.86041760e-01
 -1.54380342e+00 -1.48782890e+00 -6.74692187e-03 -5.10441053e-01
 -9.15259987e-01  1.03629201e-01  3.83656848e-01  1.30192570e+00
  6.25348363e-01  1.53982045e+00 -7.23330900e-02 -1.65973962e+00
  3.82179970e-01 -2.32145777e-01  1.21632286e+00 -6.47936211e-01
  1.12262164e+00  7.57437590e-01  4.60802559e-01  7.30189135e-01
  6.76928298e-01 -1.43634280e+00  7.59428726e-02 -5.84056703e-01
 -6.53485385e-01  8.14529204e-01 -1.40972542e+00  2.82107851e-02
 -7.68212916e-01 -4.64365771e-02 -2.74845546e-02  5.76797152e-01
 -3.25322968e-01  8.35509027e-01  2.51974814e+00 -1.16144780e+00
  6.56147416e-01  5.96315601e-01  2.13901936e+00 -8.44770770e-01
 -8.51983211e-01 -6.34210594e-02  5.09228855e-01 -1.53164529e-01
  8.12418503e-01 -6.48863867e-01 -1.54146442e+00 -6.47184600e-01
 -3.64647733e-01  1.54961735e-01 -2.38085558e+00 -1.55112493e-01
 -1.52199236e+00  8.45083668e-01 -1.22425933e+00 -6.07060973e-01
  1.25557355e+00  1.28935980e+00 -3.07261881e-01 -1.87405089e+00
 -1.17204812e+00 -1.55489756e+00  1.52653149e+00 -2.39964378e+00
  1.03829774e+00 -3.65554121e-01  1.07080308e+00  7.69782586e-01
  6.48380665e-01  1.22913866e+00 -6.11882565e-01 -2.03233701e-01
 -1.08319705e+00 -1.84536305e-01  1.13924663e+00 -7.60741115e-01
  4.95805845e-01  3.51358064e-01  2.57455691e-01  1.40419766e-02
  3.92717884e-01  3.81282826e-01 -1.10065490e+00 -1.55959267e+00
 -8.02291730e-01  4.62011712e-01  1.50917316e+00 -2.01067592e-02
  1.93344876e+00 -2.73238619e-01 -8.41070461e-01 -4.43786064e-01
  6.98498614e-03 -2.29570962e-01 -1.36880942e+00 -1.63222314e+00
  7.49310152e-01 -1.74958296e-02  1.42088324e+00 -6.05358982e-01
  9.05615257e-01  1.71309595e+00 -8.14903585e-01  1.21265169e+00
  1.71055597e-01 -1.65249557e+00  3.05399035e-01 -2.32742402e+00
 -1.93519002e-01 -5.66733331e-01  1.00470969e+00  4.24623801e-01
 -1.54087559e+00 -8.48318850e-01  3.71792097e+00 -1.35561640e+00
 -7.62056688e-01  1.24277951e+00 -3.08006872e-01  6.94952594e-01
 -1.04910850e+00 -6.60819926e-01 -7.44780853e-01  2.19880448e-01
  8.65001747e-02 -5.77685748e-02  1.41992074e-01  9.42356109e-01
 -4.28095038e-01  1.05832550e+00  2.02538481e-03  1.60466519e+00
  5.29936082e-01 -5.57740274e-01  1.93640755e-01 -1.54676639e+00
  9.01446264e-01  8.80822788e-01 -6.30274679e-02  1.54158232e-01
  2.01399408e-01  9.32306462e-01  7.66031130e-02  5.56861488e-01
  3.09575073e-01 -9.89555052e-03 -2.51836336e+00  1.11535803e+00
  1.17242454e+00  6.54361645e-01 -9.07034988e-01  4.98950262e-01
  2.15628250e+00  6.41671358e-01  8.89034649e-01  8.57792523e-01
  3.82642656e-01 -2.05624302e+00 -2.35453307e-01  2.93505681e-01
 -4.89806860e-01  1.08487235e+00  3.19864959e-02  1.72364458e-01
  2.06859910e-01  4.64542156e-01 -6.41269131e-01 -2.99940248e-01
  2.37282536e-01  3.97296660e-01  2.32407657e+00  6.19447527e-01
  1.53359450e+00 -3.30227561e-02  1.83147782e-01  8.36089978e-01
  1.65074317e+00  2.12225186e-01 -9.62725979e-02 -9.34087186e-01
 -3.98749043e-01  2.99386902e-01  5.31728680e-03 -1.69937276e+00
 -4.45099217e-01  1.19150757e-01 -7.08246634e-01  1.48572500e+00
  4.07557615e-01 -5.29046793e-01  1.00464856e+00  3.18024048e-01
 -7.48199924e-02  3.81825098e-01 -1.73602561e-01  2.50248510e+00
  2.53276659e+00 -2.22463137e+00 -1.07282086e+00  1.22199709e+00
  5.84806607e-01  7.79876784e-01  2.89290430e-01 -1.34260131e+00
  9.49906379e-01 -4.49556110e-01 -1.97102561e+00 -9.96066910e-01
  7.65350207e-01 -1.44643283e+00 -2.38361239e-02 -5.63607699e-01
  1.83179911e+00  3.85505380e-01 -2.61150557e+00  1.50889718e+00
 -2.05196714e+00  1.05531987e+00 -3.03180093e-01 -5.46907848e-01
 -9.71239120e-02  8.18480001e-02  9.64437866e-01  6.91604484e-01
 -2.09941691e+00 -1.26803601e+00 -3.80892703e-01 -6.35762966e-01
 -9.55360210e-02  2.85772520e-01 -6.08818318e-02  6.55546335e-01
 -1.83524899e+00  4.43855347e-01  2.00632405e+00  5.30962822e-02
  1.01287180e-01  1.35039169e-03  5.28430621e-02  1.07543696e-02
 -5.42182963e-01  1.19182488e+00 -1.27613556e+00 -1.06583308e-01
 -5.80681022e-01 -1.56572218e+00  7.88156633e-01 -2.23735979e+00
 -1.21231540e+00  9.13185911e-02  5.56886961e-01 -2.18401155e-01
  1.62765963e-01  5.21629262e-01 -1.31552375e+00 -2.09682026e-01
  1.81687748e-01  1.07782114e+00  6.68119143e-01 -2.10612215e-01
  1.14968252e-02 -2.97885362e-02 -3.06340162e-01 -3.53829710e-01
  1.47592103e+00 -3.17567562e-01  1.41163277e+00  3.72634641e-02
  4.85102783e-01 -9.52259211e-01 -2.32752747e+00  1.23475767e+00
  1.54271229e+00  6.08120093e-01  6.48132794e-01 -8.59267670e-01
 -1.51870777e-01 -1.32488706e+00  1.29411118e+00  1.02201847e+00
  1.62313045e+00  6.47922203e-01  3.03559968e-01 -8.57226035e-01
 -8.00857477e-01 -1.27169608e-01  1.25679213e+00 -1.76097575e+00
 -1.00656627e+00 -1.34659621e+00 -6.01728259e-02 -1.61662831e-02
 -3.09762581e-01  2.77825208e-01  5.84776490e-01 -6.75653957e-01
 -1.86367108e+00  5.28603735e-01  7.46753114e-01 -1.52250187e+00
 -4.08218574e-01 -1.40494379e+00 -2.41776591e-01  2.81751534e-01
 -3.26481630e+00  2.62479785e-02  1.38462781e-01  1.93925140e+00