 4.12437165e-01 -1.72783266e+00  3.80901059e-01  3.71266185e-01
  6.03864696e-01 -9.27253245e-01  7.02441706e-01  4.74762599e-01
  1.28024809e+00  6.06962073e-01  7.94974106e-01  6.05217391e-01
  4.50576868e-01  1.51431350e-01  6.66049320e-01  1.17650405e+00
 -5.30324994e-01  8.31166864e-02  1.66814726e-01  9.84877719e-01
 -1.09740862e+00 -1.80010331e+00  1.03120261e+00 -2.40014864e-01
 -5.93178623e-01  1.01618762e+00 -6.80054675e-01 -1.07762364e+00
 -1.44273777e-01  1.87154659e-01  2.01260880e-01  1.50596172e+00
  3.11554699e-01 -4.68265500e-01 -2.08153917e+00 -1.07053004e+00
 -2.91576251e-01 -4.45079017e-01  1.28903417e+00  1.39320955e+00
 -1.36811380e-02  1.53585199e+00  1.42134836e-01  6.57017203e-02
  2.37958937e+00  1.43674698e+00  2.47570127e-01  6.65647814e-01
  5.84940987e-01  6.78722755e-01 -9.54051525e-01  1.06362983e+00
  2.11162311e+00  1.36946041e+00  1.30655615e+00  1.69627958e+00
  8.50395574e-01 -1.88983680e+00 -4.11832924e-02 -9.14431626e-01
  1.76698649e+00  1.41696068e-01 -4.74339803e-01 -6.53844536e-01
 -1.94923683e-01 -2.01017051e+00 -1.82194671e+00  7.52520988e-01
 -7.37684124e-01 -1.43991722e+00 -8.43552460e-01  7.00115983e-01
 -8.57473580e-01 -1.05526683e+00  6.34847061e-01  2.00125773e+00
  7.05663934e-01 -2.29795555e+00 -7.77669538e-01 -6.05590953e-01
 -1.47807065e+00 -2.77242763e-01  6.43474929e-01  1.32173930e+00
  3.12596019e-01 -7.61241540e-02 -1.07697048e+00  9.19265491e-01
 -1.10234721e+00 -1.25575454e+00 -7.63890670e-01 -1.33685194e+00
 -1.14148040e+00  1.17591120e+00 -8.98033774e-01  8.20361862e-01
 -2.69936213e-01 -2.02935078e+00 -5.15029033e-01 -1.84748036e+00
 -9.31583342e-01  2.01589259e+00  2.96934373e+00 -1.01513617e+00
 -9.98305562e-01 -1.78863937e-01  1.23418229e+00 -9.09855537e-01
  2.35525713e-01 -1.30611593e+00 -8.92794281e-01  5.01333222e-01
 -1.90799951e-01 -5.63642899e-01 -8.22211509e-01  1.96823555e+00
  4.11909125e-01 -1.44166843e+00  7.42284955e-01 -2.29742254e-01
 -1.45180540e-01 -9.48311235e-02 -9.48822028e-01  7.90477553e-01
  8.03755615e-01 -6.04000679e-01  1.26254146e-01 -1.58446350e+00
 -9.64873798e-01  1.42139057e+00  4.52628345e-01  2.41208006e+00
  1.27061577e+00  4.69471003e-01  2.42723766e-01  2.70759237e-01
  3.36412761e-01  1.56240791e+00  3.03944571e-02 -4.87770193e-01
 -2.88409837e+00 -9.75158104e-01 -1.22124004e+00  1.10715176e+00
 -7.70931571e-01 -1.28399909e+00  3.90288135e-01  1.25945596e+00
  1.01211074e+00 -1.05503502e+00  1.49521824e+00 -1.62158533e-01
 -1.57386508e-01  6.63937183e-01 -2.11482601e+00 -1.79606236e+00
 -1.80021944e-01  6.35985292e-01 -1.36451564e+00  4.44659068e-01
 -1.16420318e+00  5.34361463e-01  8.03697246e-01 -6.56713582e-01
 -7.95060363e-02 -3.75380893e-01  1.08626929e+00  9.94849120e-02
  4.88226435e-01 -5.14483983e-01 -9.82059052e-01 -2.17752605e-01
 -9.09951744e-01 -5.00557440e-01 -2.54191496e-01  3.23354738e-01
  4.02900191e-01 -1.78657662e-01  2.77831524e-01  1.05629392e+00
  9.01824175e-01  3.48314297e-01 -3.07393307e-01  7.03148422e-01
 -6.00614656e-01 -2.06412037e+00 -9.18668222e-01  4.74555110e-01
  3.46458461e-01 -7.14156732e-01 -3.47851144e-01 -5.85801028e-01
  3.85844876e-01  2.95525303e-01 -8.75597313e-01 -8.17950634e-01
  6.20159675e-01 -4.29572670e-01  5.18475023e-01  8.25527425e-01
  1.00744877e+00  2.30573047e+00  1.06664314e+00 -9.72965271e-01
 -2.03448547e+00  2.45045694e+00  1.28816212e-01 -1.53568146e+00
  1.03469877e-01 -1.90661737e+00 -1.30702540e+00  1.15419669e+00
  5.46327013e-01 -1.97746384e-01  2.44890829e+00  1.31186325e+00
  4.08666373e-01  4.09181975e-01 -3.71568335e-01  1.01745976e+00
 -8.54191506e-01 -5.57640137e-01 -1.52784141e+00 -6.58562440e-01
 -4.52933877e-01 -7.60790692e-01 -1.57589929e+00 -1.77195336e+00
  1.99392044e-01 -1.08005216e+00 -1.60797943e+00 -3.47465206e-01
 -2.76622070e-01  4.62766525e-01 -3.38189149e-01  9.00431416e-01
 -1.00852611e-01  1.53995474e+00  5.01851586e-01  4.83060776e-01
  9.04776878e-02  1.13323916e-02 -5.84100438e-01  8.51005563e-01
 -3.46766552e-01  1.03520061e-01  2.61579276e-01  1.91436756e+00
 -7.58841343e-02 -6.84543738e-02  2.85829127e-01  1.38335820e+00
 -1.00459114e+00  1.30069171e+00  1.24186015e+00  1.64876112e+00
 -4.31346456e-01  4.57797629e-01  8.96531012e-01  1.40509490e+00
 -1.16654705e+00  1.40801217e+00  1.61211772e-01  1.00496502e+00
  1.37312480e-01 -1.76388377e+00  8.33131451e-01  4.57467759e-02
  6.24868494e-01 -1.22601153e+00  1.27797003e-01  7.35488811e-01
  1.27613792e+00 -1.47493798e+00 -9.60648935e-01  3.92805685e-01
  6.14221707e-01 -2.06033364e-01 -1.07022223e+00 -5.41659905e-01
 -1.24475679e+00 -4.16279417e-02 -1.28496960e+00  1.84820819e+00
  6.56805591e-01 -1.64122988e+00  8.33563688e-02  1.29870954e-01
  1.77120367e-01  7.40329626e-01 -2.46912398e-01 -1.17840510e+00
  1.31348896e+00 -1.08181543e+00 -4.65953152e-01 -2.47740602e-01
 -1.38470666e-01  1.01159184e+00 -1.69144171e-01  1.29118289e+00
 -8.73132112e-01  1.02217029e+00  2.04126033e+00  1.38892901e-01
  1.76848837e+00  1.45843899e+00 -1.01740347e+00 -4.22515653e-01
  1.61844118e-01 -1.31798735e+00  1.68196119e+00 -5.16775370e-01
 -8.60348711e-01 -2.28278076e+00  7.77072753e-01 -8.83167187e-02
 -6.50898138e-01  2.09641568e-01 -1.47290007e-01 -7.97090023e-01
 -1.96518013e-01  1.05916734e+00  1.96520179e+00 -1.18477923e+00
  4.68435536e-01  4.30156950e-01  4.69258363e-01 -3.93155808e-01
 -3.91557980e-01  2.23240293e-01 -1.86404808e-01  1.33237489e+00
 -4.95749502e-02  6.21294885e-01 -3.66004130e-01  1.23132596e+00
  7.87598426e-01 -6.80646014e-01 -1.58500173e+00 -1.64963665e+00
 -1.09277881e+00 -2.20930522e-01  1.78204998e+00 -4.68256791e-01
 -1.04705280e+00 -1.52160163e+00  1.19391395e+00  2.11226517e+00
 -9.99548449e-01 -1.12877389e+00  6.07047500e-01  6.92073122e-02
  2.17326037e-01  1.38949349e+00  4.72404267e-01  2.07384709e+00
  3.88989038e-01  5.29722615e-01 -1.42193065e-01 -4.59584596e-01
 -5.71940475e-01  1.13778580e+00  6.08447877e-01 -6.30190894e-01
 -4.25099878e-02  7.89426815e-01 -5.53162427e-01 -2.93113421e-01
  3.12904895e-01 -1.99733441e+00  9.03711165e-01  7.90439580e-01
 -1.94141525e-01  1.27752832e+00 -1.00842593e+00  1.04663743e+00
 -2.40139767e+00  8.87539866e-01 -1.40991991e+00  1.11826418e+00
  2.31892583e-01 -1.53606994e+00  3.52104446e-01 -1.17912945e-01
 -1.19100943e+00 -1.28109949e+00 -4.06799797e-01 -5.75604314e-01
  5.52454867e-01 -1.67167105e+00  4.48796108e-01 -1.57334442e+00
  4.85956256e-01 -1.34425786e+00 -3.56856059e-01  2.32610939e-01
 -1.29231405e+00  1.74483446e+00  8.28467145e-02 -9.53889053e-01
  1.85255895e-01 -1.32873039e+00  9.65437714e-02  3.83066321e-01
  1.92088535e+00 -7.36470987e-01  1.18702568e+00 -8.39241944e-01
 -7.13835313e-02 -1.33392505e+00  8.52263210e-01  7.45552705e-01
 -1.01941659e+00 -1.27215664e+00 -3.65875428e-01 -2.36291453e-01
 -5.96335309e-01 -2.10341633e-01  2.02245958e+00 -3.82548823e-01
 -9.39739408e-01 -2.03228298e+00  1.48200413e+00  1.42204417e+00
 -1.01176245e+00  7.06503101e-01  1.91749866e-01  1.21559591e-03
  9.67079359e-01 -3.40677502e-01  1.55679195e+00  3.65094005e-01
 -7.47919259e-01 -3.62699086e-01  2.91289697e-01 -4.25798681e-01
  1.08826470e+00  1.38299062e+00  7.97634581e-01 -1.11180819e+00
 -1.24754818e+00  2.35457703e-01  2.61651376e-01 -3.07287316e-01
 -1.99195018e+00  2.86869797e-01 -8.04525069e-01  3.48866406e-01
 -4.63822484e-01 -7.19662991e-01  7.91529594e-02 -6.42890968e-01
  1.54877016e-01  2.69872674e-01 -3.88324036e-01 -1.83861969e+00
 -1.42098856e+00  3.28017914e-01 -1.00849050e+00  1.57196154e+00
  3.40228274e-02  5.11413417e-01  4.67185847e-01 -7.69371128e-01
  3.23890342e-01  1.26950754e+00 -1.20759234e+00 -8.47830828e-01
 -1.15981169e+00  3.83230073e-01 -3.15076193e-02  4.55657454e-01
  6.44402749e-01 -2.68108304e-01 -1.68335494e+00  3.81859267e-01
  3.10750747e-02 -1.61056060e-01 -1.26099448e+00  4.35221664e-01
  3.64666960e-01 -7.55444770e-02 -3.98512736e-01 -1.53015534e+00
 -5.61500802e-01 -4.77685143e-01  2.22998176e-01  7.89400447e-01
  9.53486023e-02 -7.06585575e-01  6.55346071e-02  1.50710280e+00
 -5.93762082e-01 -1.03646013e+00  1.68781298e-01  4.27070290e-01
  2.41726858e-01 -5.08932279e-01 -4.37587895e-01  1.08023969e+00
  4.22801896e-01 -8.68676362e-01  1.03402210e+00  1.03257080e+00
 -3.40878121e-01 -6.47976463e-02  2.68387363e-02  2.92573558e-02
  6.60847444e-01 -1.57042262e+00 -2.44329729e-01  8.29028631e-01
 -1.05113296e-01 -2.66253279e-01 -4.09635658e-01 -1.02258559e+00
  4.32738258e-01  8.53662989e-01 -4.79812815e-01  6.76285990e-02
  5.93668179e-01 -6.27399860e-01  2.01717757e+00  1.69725039e-01
  1.56922968e+00  1.36511463e+00  9.01476094e-01  1.23238275e+00
  1.16341989e+00 -1.91270850e+00 -1.98167968e+00 -2.74824585e+00
  5.21193465e-01 -1.77302914e+00 -1.06586892e+00 -1.20348467e+00
  5.61784667e-02  2.12874890e-02  6.48917128e-01 -6.86305497e-01
 -3.78899800e-01 -1.68002527e+00  1.98840041e+00  9.71986441e-01
  9.30137146e-01  1.37806888e+00 -1.20551329e-01  4.62751688e-01
 -5.57536279e-01  1.89628909e+00  1.12937709e-02 -3.07883151e-01
  1.15563858e+00 -3.40463892e-01 -9.66817202e-01  1.93194362e-01
  3.22093691e-01  1.07920985e+00  1.15684018e+00  9.65879257e-01
 -1.17984260e-01 -2.13238639e-01 -8.60526445e-01  1.14245428e+00
 -9.60489865e-01  6.34055018e-01 -4.40014674e-01  4.55723272e-01
 -9.04046959e-01 -1.31744229e+00  9.72571532e-01 -1.31429617e+00
 -1.01719138e+00  4.76929213e-01 -7.37387417e-01 -7.33733239e-02
 -8.93952291e-01  8.42542649e-01  9.17282398e-01 -1.11947440e+00
  1.41806376e+00  4.80889765e-01 -2.03172612e-01  4.16369402e-01
  1.97077592e+00 -2.38955925e-01  1.07629842e+00  3.87737381e-01
  1.51171705e+00 -4.96638081e-01 -6.79264400e-01 -2.98101197e-01
  1.02586063e-01  2.65496112e-01 -8.12791213e-01 -1.63723088e+00
 -6.61693518e-01  2.19184151e-01  4.88688826e-01 -8.82889478e-01
  1.85859082e+00  1.55996303e+00  3.92774856e-01 -6.35577688e-01
 -1.89898034e-01  1.49431384e+00  2.93066050e-01  5.22931137e-01
  7.06649750e-01  4.16900530e-01  1.62504147e+00 -1.58512438e-01
  1.05528776e+00  1.40368649e-01  8.31702898e-01  4.95194555e-01
  2.16285109e+00 -2.74539484e-01 -8.73278664e-01 -1.26702253e+00
 -5.62069733e-01  3.00030041e-01  5.66746833e-01 -7.28717046e-01
  4.28498243e-02 -3.15822910e-01  1.01834228e+00  5.64819507e-01
 -1.17262362e+00  9.69179770e-01  3.50641018e-01  1.62084077e-01
  1.17855833e+00  1.48316467e-01 -1.92121292e+00 -5.49786051e-01
  4.62127349e-01 -6.66153684e-01 -9.09380754e-02 -4.95243340e-01
  4.82580314e-01 -6.96077014e-01 -1.75030045e-01 -1.19840391e-01
  5.81214692e-01 -7.75731790e-01  1.80282781e+00  4.99912604e-01
  1.12102934e+00 -5.54359835e-01 -5.08487098e-01 -2.16263745e+00
  4.27315873e-01 -3.69274995e-01  1.84413618e+00  7.87514675e-02
 -1.06737816e+00 -7.19432288e-02 -3.65353217e-01 -1.57853786e+00
 -4.95153623e-01 -1.47148014e-01  1.08018701e+00 -1.13379907e+00
  5.53631279e-01 -1.18098241e+00  1.39652354e-01 -8.99355953e-01
  6.54761106e-01 -8.19994008e-01 -2.57081610e+00  1.01595206e+00
 -5.42834430e-01 -6.91022670e-01 -1.66345794e-01  3.92733022e-01
 -9.09640856e-02  1.11526864e+00 -1.03872440e-01 -8.11284341e-01
  3.92805744e-01  9.40550191e-01 -2.00486670e+00 -2.51213483e+00
 -2.29636141e+00 -7.00277774e-01  7.93441094e-01  1.34192435e+00
 -1.36316304e+00 -6.52918582e-01 -1.37554526e+00 -2.93998994e-01
 -1.22923147e+00 -1.11343054e-01  9.14615314e-01 -8.59495489e-01
  2.88134714e-01  2.85023368e-01 -2.36009381e+00 -3.94658620e-01
 -1.11947020e+00  6.73236724e-01  4.70807149e-01  2.50227917e-01
 -1.54598946e+00 -1.11570046e+00 -6.91531523e-01 -8.16135290e-01
 -3.38534358e-01 -5.00071253e-01  5.06909303e-01 -1.49883448e+00
 -4.93824777e-02 -8.01699730e-01  8.52356063e-01  7.25981786e-01
  1.28210454e+00 -1.85457719e-01  1.45314738e+00 -6.73499453e-01
 -1.25505275e+00  8.79538411e-01 -1.42456412e+00  1.33037439e+00
 -1.04019696e+00 -8.67708546e-01 -1.02173558e+00 -1.63733021e+00
 -1.23516893e+00  2.99014592e-01  5.10235177e-01 -2.39366114e+00
  6.71307118e-01  5.28121142e-01  4.60938126e-01 -1.15332589e-03
  8.54485583e-01  6.32990591e-01  2.66381549e-01  1.55592954e+00
 -5.93064594e-01  5.98931068e-01 -2.89326528e-01 -1.23817960e+00
 -1.48857364e+00  1.07539725e+00 -9.13537612e-01 -1.22350154e-01
 -1.27828847e+00 -4.41159350e-01 -5.77374252e-01 -2.32901031e+00
 -6.45021769e-01  2.06636570e-01 -1.45561526e+00  1.16326137e+00
 -1.41789061e+00  1.26599741e+00 -1.56991341e-01 -7.34415354e-01
 -5.11857080e-01 -4.02092278e-01 -7.56524442e-01 -5.45966728e-01
 -6.60935887e-01  1.69423418e+00  7.06778240e-01 -3.04596844e-02
  1.77908526e+00  1.09231956e+00 -1.66702179e-01  4.06909246e-01
  7.56950226e-01 -2.45352031e+00  2.00660325e-02 -1.10480423e+00
  8.79613519e-01  4.75945970e-01  7.99424726e-01  1.38916249e+00
 -9.95676678e-01 -4.53095560e-01  7.39266542e-01  4.52629541e-01
  1.22386717e-01  1.37105666e+00  6.55143621e-01 -5.99135848e-01
  2.28279095e-02  2.82548672e-01 -1.69704510e+00  1.58214449e-01
  9.23908849e-01 -8.62020622e-01  3.01479420e-01 -9.92833763e-01
  1.51629845e+00  7.10249465e-02  6.21097037e-01 -1.12126952e+00
  6.52332463e-01  8.30574741e-02  1.75107090e+00  1.44548894e+00
  2.81436883e-01 -3.83542862e-02  1.26604085e+00 -1.31731704e+00
  1.55002230e+00  6.38733494e-01  4.24592256e-01  9.94446313e-01
  1.97390627e+00  3.27816827e-01 -4.65744824e-01 -1.70585882e+00
  5.68048479e-01  4.25662046e-02  1.07337566e+00 -3.24340121e-01
 -1.31022443e-01 -5.96657168e-01 -1.37318705e+00  1.40499323e+00
  2.06541844e-01 -5.03527043e-01 -1.96182006e+00  1.22871894e+00
  4.84709725e-01 -3.73377299e-02  1.84215104e+00  8.38939770e-01
 -1.82153731e+00 -1.17812582e+00  1.29399913e+00 -4.48020944e-01
 -7.35170299e-01 -6.65434023e-02 -6.89734746e-01 -4.62127538e-01
  5.16701277e-03 -3.14347145e-01  8.79466844e-01 -7.05591414e-01
 -2.89253288e-01  4.27896030e-01  2.59194903e-01 -6.07136179e-02
 -5.34417190e-01 -1.00829578e+00 -5.73673029e-02 -2.20641011e+00
  2.40133306e+00 -1.65245181e+00 -1.37427325e+00  1.77173352e+00
 -1.04378001e+00 -9.24262685e-01 -1.68465922e+00 -2.78096965e-01
 -8.60013252e-01 -7.16748695e-02 -2.84763445e+00 -6.91034037e-01
  1.31437124e-01 -1.16159601e+00 -1.12692652e-01 -2.58676220e+00
 -1.56084129e-01  7.56662078e-01  1.89634977e+00  7.82831280e-01
  1.04601299e+00 -7.33641273e-01  8.16701799e-01 -1.79530939e+00
  5.53515208e-01 -2.10484950e+00 -1.52899316e+00 -7.56239663e-01
 -1.66717134e-01 -2.27174017e+00  7.56575014e-01 -6.61227253e-01
  1.20118922e+00  2.36334202e-01  1.22734928e+00  7.73243152e-01
 -8.10879496e-01  3.50964377e-01  1.53776453e+00  7.48446478e-01
 -7.16552161e-02 -4.03448868e-01  3.79763990e-01 -9.94676870e-01
  5.97850369e-01  7.19573416e-01 -2.65759778e-01 -2.78621652e-01
 -2.18811859e-03 -1.42545728e+00  5.05163582e-01  5.37902050e-01
  2.40418864e-02  4.31264148e-01 -1.75374239e-01 -7.15684457e-03
  5.14035599e-01  1.08457608e+00  1.10260022e+00  5.87953957e-01
  1.11666927e-01  9.40059718e-01  4.81303973e-01 -1.56905038e-01
  1.10489717e+00 -2.47583727e-01  3.21911328e-01 -9.85636980e-02
 -9.86150356e-01  2.20305220e+00  1.10676244e+00 -6.25881351e-01
 -9.58999266e-02 -1.15020812e+00  4.89245691e-01  1.70991836e+00
 -1.19332330e-01 -6.39243086e-01 -1.25521639e+00 -9.97327361e-01
  1.13393019e-02  2.31085861e-01 -6.82172666e-01  7.99828950e-01
  1.53163585e+00  3.52780634e-03  8.27879157e-01 -1.66407974e-01
  4.70258047e-01 -1.01492756e+00  1.00491122e-01 -1.62450439e-01
 -6.91882701e-01  9.49872209e-02  3.46703834e-01 -5.57062257e-01
  6.09971205e-02  4.57453269e-01 -4.37292907e-01 -1.13712843e+00
 -2.66530901e-01  1.21888453e+00 -1.67972320e-01  1.32343783e+00
 -5.79439778e-01 -1.03338966e+00  1.23892388e+00  1.63355919e+00
  1.04534171e-01 -1.13251606e+00  4.36762703e-01 -1.71699439e+00
  5.74459476e-01  4.97971532e-01  5.08813888e-01 -2.86180522e-01
  1.54076979e+00 -4.79501631e-02 -1.04373555e+00 -3.32659008e-01
  1.81416382e-01 -1.14040141e+00  9.84118889e-01 -1.79824691e+00
 -1.74048129e-01 -5.13245163e-01  1.01084534e+00 -2.39534892e+00
 -3.95800862e-01  2.10626439e-01  2.01083284e+00  5.30301236e-01
  2.51193944e-02  3.20304092e-01  6.22088565e-01 -8.47976883e-01
  5.44001432e-01  1.43562397e+00 -8.61609292e-01 -2.98265448e-02
 -1.16192646e+00 -5.83895706e-01 -9.22218029e-01 -1.44053250e-01
 -5.31409819e-01 -4.26509058e-01  3.32649381e-01 -7.48564940e-01