 8.51602316e-01  5.27588637e-01  7.43499818e-01 -1.95538426e+00
 -8.78593321e-01  1.16492632e+00  3.80304299e-01  2.61762889e-01
  2.30787818e+00  9.33064049e-01  1.89445513e-01  3.72589114e-01
  7.54833493e-01 -7.95682853e-01  6.92542936e-01  2.36321159e-01
 -1.69616296e-02  6.39296390e-01 -2.91738208e-01  1.47250032e+00
  1.05177388e+00  1.43336328e-01 -2.21019104e+00 -1.25274036e+00
  2.85956726e-01 -1.03787665e+00  4.99299703e-01  1.17077956e+00
 -1.29682801e+00 -1.08631418e+00 -5.29299897e-01  6.36198120e-01
 -5.62978032e-01  6.85412534e-01 -7.33527320e-01  1.78933733e+00
 -8.53769923e-02  9.58522587e-02 -4.68415491e-01  2.04184340e+00
 -1.23524303e+00  4.13140920e-01  1.60082239e+00 -1.99205624e-01
 -5.17986931e-01 -2.01267904e+00  1.72667255e-01 -4.05852322e-01
  1.15857197e-02 -9.53729848e-01  2.39808301e-02  5.54118187e-01
  2.77827566e-01  8.85054772e-01 -1.09254825e+00  2.68486065e-01
 -5.87010369e-01 -3.83744609e-01 -4.42810186e-01 -1.84152024e-01
  2.34262464e-01 -1.10415404e-01 -6.61442842e-01 -1.44238689e+00
 -6.23014424e-01 -1.29931730e-02  3.32462582e-01  3.91771279e-02
  9.78704819e-01  2.49502846e-01 -9.24378042e-02  2.08954558e+00
  4.84171435e-01  1.31279812e+00 -1.48672094e+00  5.33671322e-01
  1.39200503e-01 -2.02152268e-01  8.12277704e-01  1.07063292e+00
  5.99868901e-01  6.14464036e-01 -3.44123491e-01 -1.17989151e+00
 -4.96821507e-01 -2.32179160e-01  1.94314455e+00  1.20049432e+00
 -1.59905922e+00 -1.60100703e+00  1.10067388e-01 -3.81859204e-01
 -1.46969790e+00  1.76953221e-01 -1.47270442e+00  1.50384895e-01
  1.37608749e+00 -2.28845944e+00 -3.76680395e-01  3.00556951e-01
 -1.20502860e+00 -4.52116058e-01  4.57389368e-01  3.78545342e-01
  2.94841278e-01 -1.25994372e+00  6.09234531e-01  4.39198789e-01
 -2.70620504e-01  1.10918452e-01  7.25255173e-01 -8.26875514e-01
  3.58384170e-01 -5.93344513e-01  1.79948787e-01  8.75320928e-01
 -8.81228038e-01  4.23176215e-01  1.01460255e+00  9.21623549e-01
  2.52547467e-01 -1.48278657e+00  1.57412620e+00  1.79614092e+00
  4.02870121e-01  1.66743942e+00  4.72228399e-01 -5.07324473e-01
 -9.60217279e-01 -1.81675928e-01 -1.69590282e-01  8.80905655e-01
  9.02170477e-01  2.65206218e-01 -9.66284896e-01 -1.94633529e+00
 -1.03776362e+00 -5.14189117e-01  1.07138713e+00 -1.33454912e+00
 -1.91507598e+00 -2.10768152e-01  1.72820480e+00  1.17671321e+00
 -1.04179572e+00 -8.64560604e-01  4.53971402e-01  7.96809114e-01
 -1.44627590e-01 -6.26180669e-01 -8.60617539e-01  4.08624099e-02
 -5.79928884e-01  1.03958068e+00 -7.36452068e-02 -2.93266199e-02
  1.57337886e+00  7.11276773e-01  2.61673098e+00 -1.09358009e+00
  6.08737066e-01  4.18123823e-01 -6.95020267e-01  2.92325547e-01
  1.19773664e+00 -3.29584389e-01 -4.19837884e-02 -5.31564840e-01
 -3.01455611e-01  8.42230662e-01 -1.54165692e-01 -3.86571393e-01
 -9.97864558e-01 -1.57980521e+00 -5.83894339e-01  1.42038963e-02
  7.99925362e-01 -2.42207489e-01  1.96579363e+00  3.07419125e-01
 -5.81776713e-01 -1.11508052e+00  2.00632858e-01  4.83250886e-01
  6.33117982e-01 -5.47290548e-01 -1.33514617e+00  5.57646354e-01
  8.13533298e-01 -1.88682304e-01 -1.08037852e+00  4.55413051e-01
  1.15896313e+00 -6.47256552e-01 -7.87163742e-01  8.75361188e-01
  8.92656814e-01  7.17691343e-01 -1.03399463e+00 -2.04334864e-01
  7.35707000e-01 -7.69711527e-01 -2.93206733e-02  1.54329881e+00
  1.96529869e+00 -6.05066107e-02  1.18233015e+00 -9.76039926e-01
  8.30403526e-02  9.42026424e-01 -5.91397812e-02 -5.43181481e-01
  1.05542374e+00  8.74867022e-02  4.94625431e-02 -7.77875623e-01
  4.96512291e-01  1.50557927e+00  7.49470061e-01  7.77160811e-03
 -9.64144162e-01 -7.86516410e-01 -1.23227585e-01 -2.83869266e-01
  8.97577035e-01 -5.46484296e-01 -1.08206867e-01 -5.43165475e-01
 -1.37540134e+00 -1.60201000e+00  1.65174168e-02  5.98430887e-01
  1.56003453e+00  4.09960461e-02  1.54637121e-01  1.60256340e+00
 -9.20132325e-01  1.01690890e+00 -6.58897750e-01  1.15491117e+00
 -8.81075039e-02  9.83457351e-01 -1.17081991e+00  1.14081586e+00
 -1.39324229e+00  1.80156279e+00  7.36531220e-01  2.22591767e+00
 -3.62010386e-02  1.43351112e+00 -1.82666855e+00 -9.50523681e-01
 -4.79545059e-01  1.86236648e-01 -1.13500952e+00 -6.13385397e-02
  7.60952986e-01 -7.05002817e-01 -5.65390185e-01  1.37558762e+00
 -9.62962902e-01  5.25746957e-03  4.92254572e-01  2.04319605e+00
 -1.52883979e+00  1.81676438e+00  6.22637644e-01  8.44860558e-01
 -3.08590135e-01 -5.92493716e-01  9.81394445e-01  3.25728853e-01
 -1.32308572e-02  2.25447904e-01 -1.70698961e+00  9.16029621e-01
 -1.41998754e+00 -1.52860385e+00  6.13874941e-01  1.10370866e-01
 -1.53821428e+00  1.09432186e-01  8.80422817e-02  2.48411450e-01
 -1.18780001e+00  1.37112263e-01 -7.61351910e-01  5.92579271e-02
  8.20463901e-01 -1.30089878e-01 -1.33144031e+00  3.38555834e-01
  1.38132021e-01  3.16259986e-01  6.11055448e-02  1.31183945e+00
 -5.26161900e-01  3.16151450e-01  3.89200305e-01  1.13730042e+00
 -7.33418731e-01  1.11646881e+00  3.03597561e-01  1.71124611e+00
 -1.79021748e+00 -5.57959119e-01  2.86645221e+00  9.14133386e-01
  4.64675816e-01  8.78817704e-01  6.66519408e-01 -7.67292548e-01
  1.52153339e+00 -3.86388347e-01 -9.90549286e-02 -3.85971217e-01
 -9.77678572e-01  3.59096084e-01  1.09590194e-01 -4.81731328e-01
 -6.90245305e-01 -1.74748070e+00  2.02078936e-01 -1.06997685e+00
  4.62355381e-01 -4.70284540e-01  4.03700324e-01 -2.59617973e-01
 -3.80213565e-02  1.14692374e+00 -7.79730839e-01 -7.90300384e-01
  2.59901496e-01 -5.19204143e-03 -1.38048621e-01 -1.03490177e+00
 -9.42394872e-01  2.33263240e-01 -1.64494437e+00  2.33070788e+00
 -6.45042038e-01 -2.08311397e+00  1.31954530e-01 -1.36815823e+00
  1.64235310e+00 -1.62560526e+00 -8.92155141e-01 -1.28141129e+00
  8.47579231e-02  1.53469337e+00  5.36118406e-01  5.59968358e-01
 -4.35188829e-01 -1.56122306e+00 -6.05977676e-01  3.01567554e+00
  3.10810928e-01  7.46464266e-01 -4.00744160e-01 -3.08816010e-01
  1.22660777e+00  2.44948818e-01  2.44951598e-01 -2.76718478e+00
  4.19960646e-01  1.04348057e+00  1.19362787e+00 -5.06453285e-01
 -5.81342748e-01 -6.85978134e-02  3.83886167e-01 -3.11103490e-01
  2.75697990e-01 -9.59345310e-02  9.61958836e-01  6.49188067e-01
 -8.55345632e-01 -1.31892238e+00 -2.08793314e+00 -9.11793436e-01
 -8.07767674e-01 -8.40731152e-01  4.18514635e-02 -2.08271904e-01
  1.71099745e+00  1.47053917e+00  1.50730787e+00 -4.60652506e-01
  9.18683239e-02 -3.61011481e-01 -1.68747213e+00  7.50065593e-01
  1.13390922e+00 -1.05800230e+00  8.54696113e-02  1.03330645e+00
 -1.10614858e+00  1.12085432e-01  6.40065394e-01 -1.95621378e+00
 -7.89156685e-01 -9.59548276e-01 -5.06807601e-01  2.04719625e-01
  4.98370090e-01 -8.91655844e-01  4.52944019e-01 -4.49217354e-01
  2.17695745e-01 -7.03088252e-01 -1.08825756e+00 -1.10318701e-01
  4.56883615e-02 -2.00134698e+00 -8.72837257e-01  3.62384326e-01
  7.30439146e-01 -6.20122311e-01  7.24343465e-01  6.91853251e-01
 -2.28618268e+00  1.17387279e+00  1.29571525e+00  1.18902736e+00
 -7.35801820e-01  3.49582265e-01 -2.98515127e-01  1.67388057e+00
  6.47177038e-01 -1.42133767e+00 -6.54171529e-01  5.14887144e-01
 -4.25782992e-01 -1.00446506e+00  8.10469864e-01 -2.02166409e+00
 -1.25856364e+00  2.88649333e-02  1.50030896e+00  3.73021531e-03
 -2.07832341e+00  1.92594379e-01  1.80617878e-01 -1.28047769e-01
  3.43879415e-01 -6.75959387e-01  5.97219627e-01  1.06491007e+00
 -1.57064573e+00  7.98539968e-01 -1.17676455e-01 -6.18012654e-01
 -2.92209318e-01 -8.55215210e-01  1.69944801e-01  1.05226657e-01
  1.69352144e+00  2.06210762e+00  2.03881613e+00  3.23372197e-01
  3.42814723e-01 -1.06065257e+00 -5.85646434e-02  1.13524294e-01
  1.32304260e+00  2.32585839e-01  6.34039604e-01 -1.44812400e+00
 -7.53363069e-01 -2.02285602e-01 -1.17018962e+00  5.89637679e-01
  2.28976815e-01  4.98344568e-01  1.00189739e+00 -1.25362706e-01
 -1.45382288e+00 -1.24719232e-01 -4.35396006e-01 -8.01740399e-01
 -8.36906687e-01 -1.18173700e+00 -1.61277462e+00 -8.35237420e-01
 -7.17291471e-02  3.29196705e-01  4.00900922e-01  1.09184701e+00
 -8.13789396e-01 -2.13613153e+00  1.65710605e-01 -2.51998277e-01
 -3.81349762e-02  1.55319766e+00 -5.67680532e-01  1.36917353e+00
 -1.27308397e+00 -1.49480439e+00  1.40895409e+00  1.62694821e+00
  7.23195900e-01  1.50769569e+00 -2.23794260e-01  7.75701350e-01
  1.77776282e+00 -4.71453952e-01  2.57536518e+00 -8.81787428e-02
 -4.32573931e-01  2.04655987e+00 -1.17915645e+00 -7.62758922e-01
  3.03298624e+00 -9.06195822e-01  8.97851552e-02  1.41106709e+00
 -1.53490894e-01 -7.04838371e-01 -1.00267464e+00 -2.85662707e+00
  2.34716879e-01  7.82798844e-01  2.96256906e-01  3.16507775e+00
 -3.99002000e-02  6.86428644e-01 -4.85551049e-01  9.50317815e-01
 -4.58154274e-01  9.55950495e-01 -2.32488931e+00  1.61130103e+00
 -1.34294725e+00  4.91948482e-01 -4.39730884e-01  9.51674781e-01
 -1.11250112e+00  6.38291515e-01  6.31294172e-01 -6.01772362e-01
 -9.78048279e-01  9.72888341e-01  1.01267268e+00 -1.54023447e+00
 -7.08231222e-01  2.53144869e+00 -1.61739145e-01 -4.12573831e-02
  1.57854806e-01 -1.46269200e-01  1.47806801e+00  4.36702600e-01
 -4.40527912e-01  1.36609923e+00 -9.07906862e-01  3.65939893e-01
 -4.50665670e-01 -1.80519541e-02 -2.36371769e-01  1.68080846e-01
  1.60959638e+00  1.31031162e+00  4.56418532e-01  1.33533404e+00
  1.13720623e+00  2.37228644e-01 -5.88394022e-01 -3.81849676e-01
 -1.09763336e-01 -2.05897899e+00 -9.21950776e-01  2.33964974e-01
 -1.33559448e+00  1.00690242e+00 -4.25083999e-01  1.75427766e+00
  4.81362288e-01  6.91771004e-01 -4.95932296e-01  6.84380478e-01
  4.26447295e-01  3.04870811e-01  7.67862346e-01  3.80819905e-01
  6.88806913e-01 -9.62612881e-01 -5.52663692e-01  4.65593109e-03
  4.74181813e-01 -1.87337465e-01 -1.59053817e+00  2.33315155e-01
 -1.65216648e+00  1.07670616e-01  5.35850605e-01 -4.20924118e-01
 -8.92896290e-01 -1.20986091e+00 -6.38641950e-01  2.27681108e-01
 -5.25657779e-01 -4.78307598e-01 -5.53128382e-01  1.26696689e+00
  1.57372621e-01  1.02434695e+00 -5.88590557e-01 -5.81133172e-01
  1.87391940e+00  8.16527817e-01 -1.35387281e+00  1.10472597e+00
 -1.42915477e+00  3.56850732e-01 -6.06857364e-03  3.54360686e-01
 -1.02307229e+00 -1.13300693e+00 -7.45899356e-01 -8.09531286e-01
  5.71232238e-01 -1.08689779e+00 -1.36942931e+00  1.19004717e+00
  4.81047822e-01  8.15744322e-01 -1.04063812e+00 -4.30786443e-01
  3.83988373e-01 -3.19061847e-01  5.78883035e-01 -1.24405420e+00
  1.39026222e+00 -5.96330377e-01 -5.57329973e-01 -6.94643488e-01
 -1.85123753e+00  9.52390417e-02 -7.94282789e-01 -3.71476730e-01
 -4.13073712e-01 -7.28780766e-01  8.71420102e-01 -1.50790290e-01
 -1.12649050e+00 -1.58565338e+00  1.79063686e+00 -3.54194034e-02
  3.80745630e-01 -4.26402404e-01 -1.06399556e+00  6.55061531e-01
 -2.26643522e+00 -1.53321138e+00 -1.01216044e+00 -1.96347280e+00
  1.03715405e+00  6.55559213e-01  3.38506725e-01  1.76767008e+00
 -2.28699257e+00 -6.66082607e-01 -9.55342653e-01  5.25067761e-01
 -2.33290346e-01  2.11896044e-01  6.41437398e-01  1.55588536e+00
 -1.68406943e+00  8.70327081e-01 -4.59267467e-01  1.23897318e+00
  8.86476351e-01  3.41665640e-01 -9.83029579e-01 -8.32415805e-01
  4.24241705e-02  3.21294019e-01  1.28839769e+00  5.70398656e-01
  8.46496894e-01  1.20152512e+00  6.61684936e-01 -1.39504037e+00
  1.46856024e+00  6.21775793e-01  8.18537081e-01 -1.07871304e+00
 -4.78706469e-01 -1.11302370e-01 -1.00669069e+00  1.34894054e-01
  1.58995375e+00 -2.08229791e-01 -5.24741569e-01 -1.23693051e+00
 -3.62904672e-01 -1.44384338e+00  7.29767759e-01  1.04219026e+00
 -1.39975812e+00  8.76479112e-01 -4.37061883e-01  1.31397967e-01
  1.51034895e-01  9.15853803e-01 -1.12467339e+00  8.77398305e-01
 -1.69961167e+00 -1.10658191e+00 -4.10720906e-01 -8.78966776e-01
 -1.31687586e-02  9.92577990e-01 -7.48119949e-01 -2.27363246e-01
  9.84068848e-01  8.23366838e-01  4.57278717e-01  1.34665422e-01
  8.99987718e-01 -5.54550485e-01  7.71013239e-01  5.58423549e-01
 -4.80431016e-01 -3.09387930e-01 -4.49694116e-01 -9.51967469e-01
 -9.97337060e-01 -1.04103387e+00 -1.15106905e+00 -1.30375028e+00
 -3.40036283e-01 -4.57489929e-02  7.18860055e-01 -1.18493003e+00
 -9.05202421e-01  8.53651968e-01 -7.34415260e-01  1.46206868e+00
 -3.09961047e-01  4.03906625e-01  1.73647014e+00 -2.31479682e-01
  9.91846285e-01  3.32206868e-01  5.60208910e-01  7.28233596e-01
 -1.38330340e+00 -1.18026723e+00  5.29797045e-01 -4.89352842e-01
 -1.61283147e-02 -2.50054193e-01  2.45356405e-01  1.15145737e+00
  8.51959972e-02 -7.83390133e-01 -4.20006784e-01 -3.60771717e-01
  3.78046359e-01 -7.82666689e-01  1.56241118e+00  6.93926291e-01
 -4.42662013e-01 -1.90047476e-01  8.56769819e-01  1.36137296e-02
  1.03951834e+00 -1.11318559e+00  4.79161983e-01 -1.47597052e+00
 -5.46094974e-01 -1.69158573e+00 -1.52629229e+00 -3.26374256e-01
  1.67518537e-01 -3.57706905e-01 -1.75062669e+00 -7.31270569e-01
 -7.53833252e-02  3.43212249e-02  1.62126376e+00  2.89969242e-01
  5.00569737e-01 -8.16917407e-01  2.83650930e-01  1.02640917e-03
 -8.05531785e-01  7.82603667e-01  8.17906696e-01  5.06641263e-01
  1.22006237e-01 -3.52648280e-01  2.09194604e-01 -1.20363737e+00
 -1.34902184e-01 -1.33688944e+00  9.90107917e-01  6.04317287e-01
  9.23125035e-01  2.75275830e+00  1.97213024e+00  6.65637627e-01
 -1.30322912e+00 -1.24383490e+00 -1.31942615e+00  4.52359197e-02
 -2.37116499e-02 -1.15330953e-01  1.15103993e+00 -2.03798500e-02
  1.14995487e+00  5.63552745e-01 -2.77365754e+00 -1.91931706e-01
 -2.01400470e+00 -8.84002241e-01 -1.03368453e+00 -1.19287266e-01
  7.43747258e-01  1.50242025e+00  3.22205261e-01  1.35716552e+00
 -1.81541234e+00 -2.06318906e-01  1.80322100e-01  2.10476823e-01
 -8.48800028e-01  3.15657052e-01 -4.97121146e-01 -3.78597612e-01
  1.10145930e+00 -1.16038760e+00 -5.03313222e-01  2.12164415e-02
 -9.47362987e-01  9.69974787e-02 -1.02986525e+00  6.82540779e-01
  1.81343905e+00 -7.24261874e-01 -8.29606362e-03 -8.35183126e-01
 -7.41613627e-02  8.16919076e-01  1.98865177e-01  2.50222710e+00
  1.16782451e+00 -8.07911517e-01 -3.96217129e-01  3.07760866e-01
  5.97606923e-02 -8.20395177e-01  8.75116819e-01  4.39788065e-01
  6.69727294e-01 -1.55463037e+00 -1.40781934e-01 -3.44577000e-01
  2.31354852e-01 -1.01627198e+00  1.03188007e+00 -8.67759747e-01
  9.01214235e-01  3.17152869e-01  1.95303478e+00 -1.22539773e-01
 -5.81728905e-01  2.42844802e-02 -7.25378728e-01  1.23529184e+00
  3.14674892e-01 -2.70713717e-01  3.71358893e-01 -1.29149912e+00
 -1.66359519e+00  1.67410790e+00  4.18042035e-01 -2.49276054e+00
 -4.56748537e-01 -2.54637922e-01 -3.08062407e-01  1.62465856e+00
 -5.29906631e-01 -8.14447928e-01  2.57918229e-01  1.20626718e-01
  1.03608015e+00  1.48190884e+00  1.48562286e+00  4.12341006e-01
 -6.22110847e-02 -4.31741610e-01  6.31249663e-01 -1.38816947e+00
  5.27331657e-01  4.07195030e-01  1.26148857e-01 -9.67474216e-01
  3.88665672e-01 -6.75135489e-02 -1.36412350e+00 -1.06078190e-01
  4.91424981e-01 -4.12134634e-01 -4.96255634e-01 -1.98144405e+00
 -1.18408417e+00 -9.87372087e-01  2.69798142e-01  1.03541614e+00
  1.31050199e+00  1.51954450e+00  4.60407384e-01  1.56769018e-01
  6.84039081e-01 -6.76851618e-01  1.12426284e+00 -1.01521578e+00
 -1.42134580e+00 -8.25335456e-01  3.54324759e-01 -1.01556540e-01
  1.66761810e+00 -1.95929158e+00 -6.06150741e-01 -2.24935370e-01
  7.61126071e-01 -2.28010395e-01 -3.14839780e-01 -1.16307658e+00
 -5.30358675e-01 -7.63725413e-01  4.02808183e-01  1.73957903e+00
 -5.09970207e-01 -4.54198424e-01  4.62022723e-01 -8.90408929e-02
  2.48141938e+00  1.22702016e+00  1.74021015e-01 -1.11950223e+00
 -5.30752405e-01 -1.46421336e+00 -2.23723515e+00  7.37538393e-02
  1.50346343e-01 -9.23454401e-01 -4.28350950e-01  1.40322549e+00
 -1.79922506e-01  6.13367968e-01 -2.76930825e-01 -3.49618394e-01
 -1.18755682e+00  2.39809124e-01  6.70280814e-01  4.73009324e-01
  9.51172723e-01 -1.82082166e+00  2.37516948e-01  4.10510488e-01
 -1.59317710e-01 -1.62923239e-01 -3.90733329e-01  5.77212571e-01
  5.61452370e-01 -2.45499585e-01 -4.36462360e-01  1.67119548e+00
 -3.26228844e-01  1.05295810e+00  1.26039693e-01  6.26557302e-01
  1.23989614e+00  6.91050695e-01  6.13707964e-01  3.60943764e-02
 -2.45452462e-01 -1.14573018e-02 -6.70309697e-01  4.61886326e-01
 -9.06485400e-01  6.87849952e-01 -6.22718005e-01  5.62252748e-01
  1.77397295e+00  6.05437918e-01  1.12025210e+00 -5.37792649e-02
 -4.25922857e-03 -1.50924453e-02 -3.86969223e-01  7.75074720e-01
  1.62322790e-01  4.43292576e-01  2.30195668e+00 -1.22385858e+00