-5.37661800e-01  2.51283682e-01 -1.36542688e-01  5.81688442e-01
  5.28963665e-02 -4.51007835e-01 -2.00457452e-01 -7.18339894e-02
 -1.04013246e+00 -1.26955169e+00 -1.02315079e+00  1.79298506e+00
 -8.92942067e-01 -1.25322159e+00 -2.07500071e+00  4.75556071e-01
 -1.44877482e+00  6.32849130e-01  6.65983925e-02 -1.54644301e+00
  4.62158159e-01 -8.10770027e-01 -5.82058330e-01 -1.17856829e+00
 -1.91447284e+00 -5.83534427e-01  1.64207912e+00 -9.92108120e-01
 -1.04337720e-01  3.24479620e-01  4.69974784e-01  2.83204010e+00
  1.34459191e+00  1.14687298e-01 -3.43494954e-01 -2.18339014e+00
 -6.81054928e-01  2.73668740e-02 -3.35838763e-01 -5.22058633e-01
 -6.95199889e-01 -1.18824554e+00 -1.47477792e+00  1.42592050e+00
 -6.80230166e-01 -1.64261802e-01 -1.34634328e+00 -1.01981651e+00
 -1.86143320e+00  1.24307821e-01  1.58181317e+00 -1.99168064e+00
 -2.45773112e-01 -2.87157864e-01  9.13687079e-01 -2.02063649e-01
  6.88342550e-01 -5.01852036e-01 -1.70895949e+00 -8.03269784e-01
  3.67702241e-01 -9.63422120e-01 -1.01292535e+00 -1.22536765e+00
  6.71313235e-01  4.34487843e-01 -1.71916475e+00  9.81428501e-01
 -7.73916343e-02  1.27520719e+00 -3.18079439e+00  3.67733334e-01
  1.76560639e-01  4.86733376e-01  9.71648185e-02  9.74127880e-01
  2.25485285e+00 -6.34057046e-01  1.63923887e+00 -4.14458997e-01
 -1.00136654e+00  1.60112509e+00 -1.45950904e+00 -1.00707389e+00
 -1.13279984e+00 -9.90255308e-01  1.30909129e+00 -8.78544905e-01
 -9.53570171e-01  1.69668294e+00 -9.98243380e-01  1.46137646e-01
 -1.33252767e+00  9.56941713e-01 -1.50687173e+00  5.59540813e-02
 -6.05139312e-01  1.05592632e+00 -5.78522859e-01  1.04650310e+00
 -2.32168039e+00  5.05256634e-01  5.14820938e-01  1.08575356e+00
 -1.35180941e+00  1.39691334e+00 -3.81578544e-01 -7.21773935e-02
 -1.69731083e+00 -6.57051132e-01 -7.08339254e-01 -1.66931725e+00
 -1.12087203e+00  1.71290586e+00  7.99592836e-01  3.65139582e-01
  9.47307785e-01 -1.35097226e-01  1.06615241e+00  7.04676524e-01
 -1.55573904e+00 -2.56832826e-01 -1.19393189e+00  5.04593004e-01
 -1.38114300e+00 -2.57586651e-01 -5.95785156e-01 -3.24995334e-01
 -3.00948034e-01 -6.66703585e-01  1.77286193e-01  1.97472145e+00
 -1.12384415e+00  1.06583871e+00  1.73050170e+00 -1.58857607e+00
  9.15140370e-01  8.64373884e-01 -1.64761797e+00  1.57645126e+00
 -1.69209751e+00 -1.43446884e-01 -3.85949066e-01 -1.29273321e+00
 -6.64488318e-01 -7.68113492e-01 -2.74350393e-01  1.38595156e-01
 -1.87615895e+00 -1.19860960e+00  6.90375572e-02 -2.67729012e-01
 -2.32084607e-01 -6.69959789e-01 -3.15357241e-01  1.42379631e+00
  4.17149329e-01 -1.25991112e+00  1.05145585e-01 -6.66732392e-01
  1.00229135e-01 -5.66144810e-01 -5.69769598e-01  2.92552008e-01
  1.40025397e+00  1.45097938e-01  2.64706136e-01  6.04034447e-01
  7.11067877e-01 -4.76632270e-01  9.12307271e-01  1.21928316e+00
  1.10987998e-01  5.58912118e-01 -2.05475117e+00  6.65643278e-01
 -1.13804029e+00  1.93415227e-01 -1.41831644e+00  1.21708083e-02
 -1.64219293e+00 -9.03848303e-01  2.08144124e+00  1.58315926e+00
 -8.20269310e-01 -3.98283687e-01 -4.72258811e-01  5.67515880e-01
  4.72508568e-01 -2.20247410e-01 -1.16011876e+00 -4.78354215e-01
  8.84383874e-01 -1.15295923e+00 -6.32416695e-01  1.59858782e-01
 -1.08725077e-02 -1.26259915e+00 -1.08135195e+00  1.63175553e+00
 -9.59826099e-01  1.16263708e+00 -2.09690764e+00 -1.46013886e+00
 -1.37084647e+00 -8.25827703e-01 -6.87782142e-02  1.67644150e+00
  6.46309265e-01 -1.64044645e+00  1.14980366e+00 -1.34697774e+00
 -1.15407334e+00 -4.03320951e-01 -6.35449944e-01  1.15937213e+00
  7.80420860e-01  8.39134410e-01  1.29360300e+00 -1.10787679e+00
 -6.85579922e-01 -2.29810596e-01 -4.86045748e-01 -1.90925856e-01
 -5.53113157e-01  1.20232590e+00  8.78646743e-02 -5.52080271e-01
 -6.78317101e-01  2.44046622e-01  4.15615522e-01 -3.38191793e-01
 -3.18204447e-01  3.07618129e-01  1.19831229e+00  4.55643831e-01
 -3.91979638e-01 -8.00426254e-01  2.83178803e-01  2.61256094e-01
 -2.17699236e+00 -1.23454656e-01  5.98033960e-01  3.22126725e-01
  1.10050407e+00 -1.27786447e+00 -2.26745054e-01 -1.47466422e+00
 -1.51512518e+00  3.15282594e-01 -7.65485853e-02 -6.46394741e-01
  5.68659030e-01 -9.61321556e-01  7.35030717e-01  1.59521357e+00
 -1.67069662e+00 -1.68294133e+00 -6.52849065e-01  1.02734612e+00
 -6.16618392e-01  6.41713516e-01 -1.06168040e+00 -8.27582648e-01
 -3.57472082e-01 -7.32714254e-01 -2.17532740e-01 -4.81802307e-01
  1.30584418e+00  1.10093905e+00  1.06484935e+00 -2.67391062e-01
 -3.79000451e-02  3.07425758e-01 -1.55752850e+00 -1.85897275e+00
 -2.79844635e-01 -1.63357843e-01 -2.49758682e-01  1.71557856e+00
  1.23081667e+00  7.29400052e-01  9.46092474e-01  1.38317085e+00
  1.33343683e+00  2.12115031e-01 -2.13816102e-01 -1.48240590e+00
 -5.13708144e-01 -2.56091682e-01 -2.64991660e-01  3.28049629e-01
  1.14364556e+00 -2.28074963e-01  2.58781197e-02 -1.20731206e+00
  3.39823618e-01 -2.38762050e-02  8.34039923e-01 -1.00882311e+00
  8.28798916e-01  1.05936691e+00  6.56822189e-01 -6.34119180e-01
 -9.43867396e-01  6.95918076e-01 -2.07903067e-01  1.06366548e+00
  2.22757224e+00 -5.90034276e-01  1.16611497e+00 -1.28999273e+00
 -4.81317229e-01  1.67484290e+00 -2.18679056e+00  4.50190613e-01
 -1.57054465e+00 -2.40948743e+00  1.53932235e-01  9.87451766e-01
  2.57662607e+00 -9.61732714e-02  9.61617228e-01 -1.15941412e+00
 -7.24469806e-01 -9.18776098e-01 -1.18424126e+00 -3.02204455e-01
 -1.55426719e+00 -5.02374075e-01  1.22990195e+00  3.42361019e-01
  1.75527348e+00  3.46270497e-01 -4.87119744e-01  1.21727130e+00
  3.63231315e-01 -6.36459621e-01 -1.56963241e+00 -8.38173802e-01
 -2.43881661e-02  2.66292291e-01 -1.11939999e+00  7.64550145e-01
 -7.00685259e-01 -1.27050887e+00 -1.43221384e+00  2.83718266e-01
  1.65492373e+00 -5.96707756e-01 -4.35080067e-01  1.06757854e+00
  3.26015360e-01  1.43965578e+00  3.06615580e-02 -8.68080105e-02
  5.60349117e-01  2.57431506e-03 -6.49834302e-01 -1.04715512e+00
 -2.34822243e-01  5.63453120e-01  9.98655030e-01 -1.66543579e+00
 -8.12343344e-01  8.69991778e-01 -5.51684674e-01 -4.18994743e-01
 -8.91965321e-02  1.04840471e+00 -5.34362104e-01  6.67328673e-01
  1.45204355e+00  1.56009823e+00 -3.74615951e-01 -7.09793046e-01
  3.74537479e-01 -5.51189692e-01  2.10009544e-02 -6.29256846e-01
  4.97250171e-01  2.48733325e-01  2.32296601e-01 -4.27783372e-01
 -1.19557922e+00  1.18321871e+00  6.05024569e-01  1.21599961e+00
  4.65623297e-01  1.01186094e+00  1.17652043e+00 -4.16243233e-01
  7.90847157e-01 -5.73004535e-01 -2.73425643e-01 -1.51780974e+00
 -7.77081545e-01 -4.76290014e-01  3.35149794e-01 -4.55343466e-01
 -6.31675756e-01  2.82321072e-01 -6.56890286e-01  1.09540355e+00
  5.87565954e-01  5.51183229e-01 -2.38028180e-01 -1.28545447e+00
  1.90609417e-01  4.68467842e-01 -3.22696391e-01 -5.41305045e-01
 -1.17080592e+00 -2.09845167e+00  5.48801290e-01 -2.67560756e-01
  1.55068721e+00 -7.66184167e-01 -2.25840584e-01 -1.80570244e+00
  1.92681573e+00 -2.35044156e+00  1.50326643e+00  1.74081562e-01
 -8.54352317e-01 -4.06581884e-01 -8.62784692e-01  6.98715167e-01
 -2.10140131e-01 -9.76574939e-01 -5.39511984e-01  2.35549879e-01
  2.45681657e-01  7.11017401e-01 -5.66251566e-01 -3.21428478e-01
 -9.63800942e-01 -2.93714404e-01 -2.11499665e-01 -7.67178199e-01
 -8.20400481e-01  8.81246082e-01  2.45266286e-01 -1.81517053e-01
  7.98482371e-01  8.37352333e-01  1.16093456e+00 -1.05145939e+00
  8.15305252e-01  4.93778686e-01  4.69913349e-01  1.41917416e+00
  6.67319878e-01 -1.00357057e+00  6.31837516e-02  2.67545625e+00
 -2.16202008e-01  1.66788865e+00  1.13677938e+00  1.02035892e+00
  1.20380782e-01 -1.42870119e+00  5.88828845e-01 -2.75439689e-01
 -8.53748426e-01  8.56402547e-01 -9.38335614e-01  4.08191145e-01
 -2.25010812e-01 -1.15187236e-01  7.05134445e-01  1.28955784e-01
 -1.22568667e+00  1.27833968e+00 -8.81191433e-02  7.71524686e-01
 -1.48684025e+00  6.74379746e-01  4.08626130e-01 -1.05000224e+00
  6.59861765e-01 -1.71668174e+00 -4.18343631e-01  1.61938001e+00
  1.28034930e+00  2.00161442e+00 -1.97695975e-01  1.43665413e+00
  2.33317196e-01  3.70636480e-01 -1.48741314e+00  1.09923889e-01
  3.86369070e-01 -1.10126827e+00  9.41241629e-01  2.20475522e-01
  1.07219582e-01  1.17350166e+00 -1.00761518e+00  1.88552173e+00
 -1.21892804e+00  1.35474650e-01  5.50328547e-01 -3.19678031e-01
  1.97264672e+00 -4.91265022e-01  6.10775170e-01 -6.93550614e-01
 -3.71726803e-01  1.08160478e+00 -1.09027094e-01  7.10860053e-01
  4.65430667e-01  2.16465963e+00  5.23633892e-01 -8.84567497e-02
  5.80759569e-01 -1.17969883e+00  1.28201113e+00  2.83759012e-01
  3.84415635e-02 -4.37556152e-01  2.52771135e+00  5.74738734e-01
  7.48375340e-01  6.93145726e-01 -3.49802539e+00  5.24966701e-01
 -1.89925575e+00  1.74565309e+00 -1.31049160e-01  1.66442575e+00
 -3.44944198e-01  1.78619302e+00  2.14629188e-01  1.04183099e+00
  5.50578861e-01  1.32178740e+00 -3.47506016e-01 -1.88694067e+00
  7.58509661e-01 -1.30802275e+00  1.83407485e-01  2.42476591e-01
 -3.65331684e-01  4.80017598e-02 -1.37851638e+00 -1.01973671e+00
 -3.64261803e-02 -8.33226762e-02 -1.25749802e+00 -1.58181163e-02
 -1.27817660e+00  3.48638227e-01 -1.21370712e+00  1.93422004e-01
  1.69637380e-01  1.61910266e+00 -2.59251954e-01 -1.59299630e-01
  1.67507733e+00  6.15376866e-01  1.19872849e+00  1.04136281e+00
  1.30951988e+00  8.89898152e-01  1.03373520e-01 -1.90552265e-01
 -4.52929638e-02 -7.62188948e-01 -6.53140384e-01 -3.40076047e-01
 -3.72881895e-02  8.14170143e-01 -2.01732946e-01 -9.38927279e-01
  5.15686376e-02  6.43807552e-01 -3.54203704e-03  1.35519440e+00
 -1.94644861e-01 -2.00183121e+00 -1.51759302e+00 -4.54013923e-01
  1.04368145e+00 -1.65686262e+00  1.09858166e+00  1.91597102e+00
 -9.39870180e-01  8.10335140e-01  2.05418027e+00  1.33620607e+00
 -5.92442379e-01 -4.79595612e-01 -1.14193156e+00  1.42282943e+00
 -1.42058530e-01  2.00927967e-01  1.09421146e+00 -3.10913624e-01
  1.46430878e+00 -8.46880897e-01 -1.48801145e+00  1.82561242e+00
 -1.21893667e+00 -1.16495728e+00 -1.56913238e-01  1.97555958e-01
  1.12364100e+00 -1.82777221e+00  1.44114043e+00 -1.00919334e+00
  2.69531018e-01 -6.53692990e-01  2.89042617e-01  2.15058202e+00
  1.90483153e+00  1.58445297e+00 -2.09051333e-01  1.17473195e+00
  1.45854991e+00  1.35966569e+00  1.44008974e+00 -1.15933560e+00
 -3.07821436e-01 -1.92887225e+00  1.20066200e+00  6.83845107e-02
 -2.16773291e-01  1.84447760e+00  1.56284613e+00 -1.04256083e+00
  1.22064000e+00 -7.26838568e-02  7.62054787e-01  1.14842710e+00
  1.15003854e+00  6.45947432e-01 -2.27401269e-01  1.11061494e+00
  7.12187023e-01 -4.55950946e-01 -7.62356493e-01 -1.85457265e+00
 -3.49422570e-01 -4.07592053e-01 -3.16892036e-01 -1.83662416e-02
 -3.09698873e-01 -1.89278371e-01 -2.29607081e-01  5.31586683e-03
 -7.69693300e-01 -1.54476200e+00  3.32923321e-01 -3.70761283e-01
 -4.05573820e-01 -1.50225218e+00  6.22786837e-01  1.36977464e+00
 -8.28481036e-01 -7.39674841e-01 -1.73731885e+00  1.99880726e-01
  5.91851121e-01  1.58683221e+00  1.77772201e+00 -7.07588225e-01
 -4.11535834e-01  9.73946616e-02  1.34261498e+00 -1.39518402e-01
  1.93516784e-01  1.20935117e+00  1.79166557e-01 -2.37161506e-01
  1.76670916e-01 -5.73580469e-01 -1.92247312e+00  2.01509522e-01
 -9.13686975e-01  1.15398345e+00 -2.01655109e-01 -1.49839554e+00
 -8.63962876e-02 -1.80021368e+00  1.26053203e+00  3.42404953e-02
  1.10304758e+00 -9.07287776e-01 -4.88369403e-02  5.79783258e-01
 -2.69304186e-01 -2.17330463e-01  1.04783945e-01  4.29044555e-01
 -1.13863955e+00 -5.27443392e-02  1.24805985e+00 -4.64645356e-01
 -5.72645853e-02  1.15310743e+00  1.51819159e-01  4.63281407e-01
  1.33279875e-01 -2.43705001e-01  9.94600467e-01  1.03401264e-02
 -1.06424151e-01 -6.38983106e-01  2.34206620e-01  7.17207472e-02
  5.33324917e-01  6.62064948e-01 -4.18442982e-01 -6.16067038e-01
  1.45880059e+00  7.37049005e-01 -1.58240153e-01 -2.70818047e-01
 -2.09428526e+00 -1.61156682e+00  4.44716872e-01  7.74230064e-01
  1.45868090e+00 -3.99471497e-02  7.22881468e-01 -2.05739819e-01
 -1.95726383e+00  1.28919094e+00  1.44474545e-01 -4.52565452e-01
  4.89355050e-01  1.64963779e+00 -2.40560377e+00  3.33117295e-02
  4.03812808e-01 -7.46696743e-01 -2.59403181e-01  4.74069392e-01
  8.49662319e-01  3.46684902e-01 -1.35041763e+00 -7.82828245e-01
  1.59214411e+00  1.21642845e+00 -1.48486726e+00  8.90488904e-01
  1.18910244e-01 -2.15299484e+00 -3.76339457e-01  1.18320788e+00
  3.51625957e-01 -8.33071535e-03 -9.04381441e-01  5.88539959e-01
 -9.09682427e-01  9.38179612e-01 -7.47981356e-01 -5.25864847e-01
 -7.84772883e-02 -1.07994729e-01 -7.43691689e-01  2.98256832e-01
  1.61863089e-01  5.97459114e-01  8.44833070e-02 -1.58721118e+00
 -8.00731263e-01  1.16420043e+00 -6.84914027e-01  8.50031585e-01
  6.29019591e-01  6.25748367e-01 -6.51352796e-01 -5.19633357e-01
  5.09267032e-01  1.83282888e-01  9.64882099e-01  1.12454948e+00
  4.13379864e-01  1.20661419e+00  1.83056138e+00 -1.39355737e+00
  1.75178718e+00  1.27264412e-01  1.56582004e+00  1.07900692e+00
  1.06382414e+00  8.42080620e-01  1.19596478e+00 -2.47917136e-02
  5.88936940e-01  1.27166177e+00  1.46006042e+00 -1.27945183e+00
 -9.19474646e-01 -5.67709405e-01 -2.47942365e-01 -5.96786405e-01
  4.29711672e-01 -3.82578238e-01  2.18166668e+00  1.00402729e+00
  4.96832801e-01 -5.86535045e-01 -2.90266450e-01 -2.39248775e-03
 -4.58069320e-01 -1.06277028e+00  4.16319911e-01 -5.88226692e-01
  4.05176095e-01 -2.35756220e-01 -3.62277052e-01 -8.94543109e-01
 -1.60137322e+00 -8.08010420e-01  5.99924779e-01 -9.12142898e-01
 -3.91803704e-02  5.34559779e-01 -1.89882149e+00  1.34211845e+00
 -9.81936992e-01 -1.37747873e-01 -1.57447610e+00 -6.31036238e-02
 -2.63178172e-01 -1.40110554e+00 -2.53119486e+00  1.90324682e+00
 -1.31665670e-01 -3.02135581e-01  1.08615136e+00 -1.24246924e-01
 -2.02963165e-01 -4.32797827e-01  1.01303701e+00  1.57689490e-01
 -1.57529056e+00 -6.18893930e-01  3.77854980e-02  6.86412264e-01
  2.23051484e+00 -1.45391607e+00 -3.04676009e-01 -2.91078341e-01
  8.44881251e-01  9.30196200e-01 -1.33248064e+00 -4.49688577e-01
  1.52868456e+00  6.67507103e-01  1.98325498e+00 -2.29114795e-01
  6.57807511e-03 -7.96468071e-01  1.98250521e+00  1.17114404e+00
  1.19828227e+00  1.34467844e+00 -8.00777421e-01  1.51917530e+00
  5.69733731e-02 -4.76975821e-01 -4.27804224e-02 -1.41859403e+00
  9.34129608e-01  6.20329422e-01 -7.20042471e-01  1.96284440e+00
 -1.74576077e-01 -1.15576116e+00 -9.58159404e-01  2.19653977e-01
  5.04685766e-01 -4.45307213e-01  5.13742394e-01  6.97335489e-01
  3.38646592e-01  1.40972526e+00 -1.21547901e+00  1.04744291e+00
 -1.50076026e+00  6.69919106e-01 -3.43422207e-01  1.81727648e-01
 -6.56258154e-01  7.92138140e-01 -9.55511108e-01  8.95120255e-01
  5.28802632e-01  5.24435562e-01 -1.52853403e+00 -2.97471214e-02
  1.19764042e+00 -2.97509383e-01 -6.20601733e-01 -1.23587115e+00
 -9.41912918e-01  4.10377680e-01 -8.95300517e-01  1.28788232e+00
 -2.20758747e-01 -4.82350527e-01 -2.33138961e-01 -1.43394403e+00
 -1.16661827e+00  1.32906357e+00 -2.51275081e-01  1.12454178e+00
  9.72804605e-01 -2.12849516e-01 -1.83227270e+00  1.54024773e-01
 -8.46293371e-01  7.38612718e-01  6.04019944e-01 -1.01017964e+00
 -1.81763946e+00  1.12270974e-01 -4.19046305e-01 -1.44292287e-01
  6.18841364e-01 -3.27402216e-01  3.45091633e-01 -9.18216937e-01
 -4.86041582e-01  1.03625144e+00 -1.53215135e-01 -2.07805740e+00
 -1.70963308e+00 -7.11317944e-01 -1.87259540e+00  1.30165291e+00
  1.67467380e+00 -1.00086694e+00  9.66883227e-01  8.80108729e-01
  2.46416990e-01  9.22210838e-01 -1.01424664e+00 -3.84280611e-01
 -2.24398772e-01 -1.40677513e+00  7.90441115e-02  2.20577382e-01
  6.21858309e-01 -2.51367347e-01  1.58378355e+00  1.97790854e+00
 -2.99084699e-01 -2.08673051e-01  3.83907508e-01  8.94386864e-01
 -7.76372380e-01 -1.93628924e-01  9.97713252e-01  1.31123506e-01
 -6.01601068e-01 -5.35120885e-01  3.10449456e-01 -1.20177462e-01
 -2.91933597e-01 -6.16715892e-01 -8.73836358e-02  2.03553870e+00
  7.47239310e-01  1.59662299e-01  7.04332704e-01 -6.95300207e-01
 -4.02401418e-01 -2.35052848e-01  1.18552482e+00 -1.26542718e+00
 -3.50856386e-01 -4.62630962e-01  9.65058023e-01  2.96747254e-01
 -1.60321337e+00 -9.24599955e-01  2.29693165e-01  3.14558336e-01
 -4.53656144e-01  1.60609469e+00  8.34497289e-01 -7.48191426e-01
  9.88934750e-02  6.32817644e-01 -1.12645651e-01 -1.51295074e-02
 -1.28759904e+00  1.19548671e+00  4.72209345e-01 -3.39398867e-01
 -9.74246460e-01 -6.42656672e-01 -2.11965162e+00  1.65087024e-01