 9.18996757e-01  1.01129317e+00 -8.53492055e-01 -1.79901942e+00
 -8.36814068e-01  1.12359051e+00 -8.62165412e-01 -1.80313923e-02
 -1.20495145e-02  6.76064544e-01  7.61706147e-02 -2.72798231e-01
  1.33927072e+00  1.86871564e-01  6.92245286e-01  9.58304269e-01
 -7.66508282e-01 -4.76404634e-01 -1.35960779e-01 -7.06693590e-01
 -5.00624200e-01 -1.21993720e+00  3.42672485e-01 -4.95669081e-04
  1.06103355e+00  1.19004582e+00  8.40573988e-01 -1.19030565e+00
  1.37173647e-01  7.09383443e-03 -1.01427501e-01  3.24990181e-01
 -1.15848685e+00 -2.80758084e-01  9.07926157e-01 -3.06872358e+00
 -1.24844379e+00  9.25851857e-01  2.63708696e-01 -7.96224804e-01
  4.14003215e-01  3.60983945e-01  4.73685636e-01 -1.53283540e+00
  5.52851308e-03 -6.99403682e-01  4.46180519e-01 -2.10913778e+00
  2.91667777e+00 -1.28288009e-01  4.45265303e-01 -9.19491177e-01
 -2.08149848e-02  5.86741151e-01 -1.82081751e+00 -4.66152223e-01
 -9.09702957e-01  3.00680251e-01 -2.10157610e-01 -1.54322844e-01
  2.16902786e+00 -7.69885402e-01 -1.07014825e+00  1.55675389e-01
 -5.17849746e-01  2.60365954e-01  1.78427648e+00  3.93211130e-01
 -3.68058703e-01  3.65740201e-01  5.42651720e-01  2.01941898e+00
 -1.10733875e+00  7.17367790e-01  2.45153143e-01 -4.81726075e-01
  1.43182613e-01 -1.91661122e-01 -9.63539173e-01 -1.56326547e+00
 -7.77532566e-01 -6.46596503e-01 -1.16832176e-01 -6.75786666e-01
 -3.80425399e-01 -3.19598400e-01 -8.01388469e-01  2.42715122e-01
  1.44708235e+00  1.64585581e+00  3.12060908e-01  2.51087930e-01
  5.07241345e-01  2.11411990e+00 -1.01840274e+00 -6.16604090e-01
 -9.34464634e-03 -7.25092400e-01  6.03377919e-01  1.38397197e+00
 -4.27789862e-01  2.33061195e-01  1.10988960e+00 -5.13390963e-01
 -6.75159172e-01  7.14676492e-01 -8.85817880e-01 -1.51244485e+00
 -2.22850618e-01 -1.54310908e+00  1.26003971e+00 -2.43504088e-01
 -4.87923915e-01  5.58736483e-01  1.15023276e+00  3.06425206e-01
 -6.51126117e-01  7.44303752e-01 -6.29624918e-01 -5.74282344e-01
  7.72473861e-01 -3.04640840e-01 -1.42280732e-01  7.22007495e-02
 -2.28344060e+00  6.15391567e-01  1.70478831e+00  5.24923236e-01
  6.34246324e-02 -5.13739375e-01  1.29604036e+00  9.64817514e-01
 -4.42706699e-01  1.69785579e+00 -4.39062221e-01 -7.07659940e-01
 -1.05142388e+00  1.55081047e+00  8.37953982e-01 -8.89930336e-01
  7.60551127e-01  1.09954743e+00 -3.40255829e-01  2.33399028e-01
  2.36274654e-02  9.59935523e-01  2.51796087e-01 -5.52876909e-01
 -4.98955374e-01 -2.77123770e-01 -9.20981935e-01  1.30309979e+00
  1.43868990e+00 -7.59185335e-01  4.87319021e-01  4.70618383e-01
 -1.07730128e+00 -1.38879732e+00  2.49410457e-01 -1.45399928e+00
  1.68051932e+00 -3.46371688e-01 -1.42141862e+00 -9.13100641e-01
 -8.75470643e-01  2.25215866e-01  7.53920639e-01 -6.74057409e-01
  7.67568762e-01 -4.49737666e-02  2.98196438e-02  2.28895442e+00
 -3.82095712e-01 -2.18140270e+00 -3.20219127e-02 -5.54773199e-01
 -1.36761542e+00 -2.01416158e+00  7.93369102e-02  1.22511886e+00
  6.28760636e-01  7.14287348e-01 -5.46695237e-01 -2.08859199e+00
 -8.52102790e-01 -1.27370627e-01 -1.14550322e+00 -1.63476043e-01
  2.21424744e+00  1.02618661e+00  1.68443854e-01 -3.98157893e-01
  1.00259937e-01 -1.36727866e-01  5.81541784e-01 -3.95929780e-01
 -2.73686394e-01  3.58067984e-01 -1.02075335e+00  9.23450114e-01
  5.39409210e-01  1.09743750e+00 -1.68773313e+00 -4.89900938e-01
 -3.41544933e-01 -4.88537897e-01 -7.93291366e-01  1.43549674e+00
 -8.31237526e-01  1.06247455e+00  1.41344863e+00 -1.04898220e+00
  7.95015761e-01 -2.63788820e-01  1.94559415e+00 -1.02034870e+00
  6.12055107e-01  3.53288613e-01 -8.45513439e-01  3.68292548e-01
  1.80930424e+00  1.31603477e+00  6.84070317e-01  1.12262775e+00
  1.00682761e-01 -2.95189147e-01  5.43547095e-02  4.30778438e-01
 -7.94310058e-01 -6.83345350e-01 -1.05266263e+00  4.34941313e-01
  1.16878913e+00  1.11052186e+00 -7.79112738e-01 -1.08996975e-01
  8.94476055e-01  1.38863338e+00  4.78213248e-01 -2.43610854e-01
  1.61370900e+00  8.92087888e-01 -7.15362466e-01  1.19691839e+00
  1.36106653e+00  2.67047069e-01 -7.06861276e-01  1.08048288e+00
  6.83451770e-01 -1.06646575e+00 -1.11162986e+00 -7.84001357e-01
  2.68017367e-01  5.41194675e-01 -4.26516000e-01  2.01655067e+00
 -2.50216696e-01 -1.17133618e+00 -5.52651493e-02  2.03228778e+00
  5.94578267e-01  1.59151914e+00 -1.07797779e+00 -8.58672511e-01
 -5.77038999e-01 -1.01741881e-02 -5.55955071e-01 -1.43267472e+00
 -3.64859845e-01  4.66951372e-01 -4.09001357e-01 -4.91662902e-01
 -9.32423157e-01 -2.52548905e-01  5.24094184e-01  1.41571602e+00
 -2.51898045e-01  1.74676534e-01  1.58648842e+00 -9.74159418e-02
 -1.01137465e+00  7.66203639e-01 -2.14498803e-02  1.06037081e+00
  1.20832862e+00  2.39741004e-01  2.56818803e-01 -7.31275693e-01
  6.48188691e-01  2.37961096e-01 -5.29006829e-02 -1.26360370e+00
 -8.33045838e-01 -8.72129385e-02  4.40167600e-01  7.12991702e-01
  7.13002587e-01  9.81567937e-01 -1.08534292e+00  1.25370261e+00
  4.75875316e-02  5.47409701e-01  1.20259906e+00  9.50858066e-01
  3.34862867e-01  2.50685335e-01  5.20400071e-01  1.75631478e-01
 -1.15905876e+00  2.64511352e-02 -6.13179838e-01 -1.36007001e+00
 -5.84245070e-01 -1.41013277e+00  2.93880630e+00  5.82574999e-01
  8.86624809e-01 -5.86570393e-01  1.86553315e-01  3.41323228e-01
  8.86239767e-01  7.77575098e-01 -5.29590332e-01 -8.60550610e-02
  1.16924801e+00  2.48747488e-01  9.18404297e-01 -5.43286314e-01
  8.69402315e-03  1.62651395e+00  2.62786345e-01  3.02886548e-01
 -1.51183022e+00  5.92291873e-01  4.60587711e-01 -9.70181435e-01
 -9.71650450e-01  1.15651297e+00 -6.57636451e-01  1.57520863e+00
 -6.28393945e-01  8.20285239e-01 -1.50067252e+00  1.06563565e+00
  5.12227943e-01  1.92857611e-01 -8.23049667e-01  1.32007946e-01
 -2.85375559e-01 -4.99304291e-02 -9.43724136e-01 -1.38505666e+00
 -4.72791040e-01 -9.41478255e-01 -9.35748554e-01  1.06952216e+00
  8.36707330e-02 -5.06107312e-01  2.29047125e-01 -2.63911333e-01
  6.38266239e-01  4.17770975e-02 -6.48268379e-01  6.18393013e-01
  1.15177864e+00  3.02723111e-01 -2.51060738e+00 -1.13164256e+00
  1.72399615e-01 -6.74001908e-02  5.09030370e-01  1.11195862e+00
  3.31549411e-01 -1.11603387e+00  8.23311164e-02 -9.65764180e-01
  2.53180413e+00 -6.47951222e-01  7.22178371e-01  7.14370613e-01
  3.54803310e-01  1.01408562e+00  3.52818798e-02 -1.18902897e+00
 -4.79991065e-01 -7.59190784e-01  1.58663918e+00  7.57355321e-01
  9.34062478e-02  3.33856955e-01 -7.28501094e-02 -1.41616679e+00
  9.29107998e-01  1.80336836e+00 -7.03968463e-01 -9.65549107e-01
 -7.96013627e-01 -4.64941049e-01  2.77606037e-01  3.36663593e-01
  1.20847752e+00 -1.01065915e-01  8.61436785e-01 -8.28374209e-01
 -8.23677324e-01 -7.48447580e-01  7.29956365e-01 -6.08827856e-01
 -1.07612290e+00 -9.26784423e-01 -2.59640035e-01 -9.95889916e-01
 -6.60867854e-01 -1.34254087e+00  6.96009832e-01 -6.62037917e-01
 -3.94468259e-01 -1.06547225e+00 -9.84436124e-01  1.43653979e-01
  1.76329758e-01 -1.22720757e+00 -4.95398671e-02  4.66371380e-01
 -3.58394974e-01 -1.70808691e+00  8.83337447e-01 -1.40763810e-01
  1.70724079e-01  2.65981210e-02 -1.52985880e-02  5.08657806e-01
  2.37629472e-01 -6.00999756e-01  4.63239205e-01 -5.76495946e-01
 -5.79612867e-01  7.11407271e-01  1.46134947e+00 -1.69269762e+00
 -8.94779355e-01 -5.39797107e-02 -1.33485870e+00 -1.61004996e+00
  7.85976220e-02  1.87990009e-01  4.19232229e-01 -1.71709839e-01
 -1.62688722e+00 -1.35297666e+00  6.48397458e-01 -5.72856947e-01
 -4.43917198e-01  3.98933594e-01 -1.56080000e-01 -9.33884673e-02
  2.60167660e+00 -1.36548415e+00  7.54015661e-01  6.25708071e-01
 -7.09978696e-01 -2.86497981e-01  4.98686379e-01  2.92598665e-01
 -3.14152520e-01  1.65978370e+00 -1.71568826e+00 -1.08383132e+00
  2.72265508e-01 -1.61282878e+00  9.33389700e-01 -1.22758684e+00
 -1.43810798e+00 -8.82559680e-01  1.65420620e+00 -1.06484289e+00
 -4.74675185e-01 -9.01674933e-01  4.94574241e-01 -4.35607847e-01
  7.42745060e-01 -1.62861180e+00 -6.59275059e-01 -4.09480638e-01
 -8.80042356e-01 -1.06931240e-01 -1.45213567e+00 -1.21570479e+00
  4.38403105e-01 -3.38462757e-01 -5.51926221e-01  2.80431117e-01
 -1.05515027e+00 -3.12893359e-01 -1.41885684e-01  9.44345901e-01
  3.28799404e-01 -1.92860184e-01 -6.68236485e-01  1.62699132e-02
 -2.17723455e+00  1.23699446e+00 -1.62711276e-01  5.84680099e-01
 -9.58644424e-01 -4.05503166e-01  1.50295789e+00  1.11446626e+00
 -3.93186146e-01 -4.83346784e-01  5.40801081e-01  1.93312257e+00
  9.47669543e-01 -1.48589077e+00 -1.24469355e+00  7.29390820e-01
 -4.38378189e-01  8.08678472e-01  8.26072367e-02 -6.96859686e-01
  6.49333126e-01 -1.51167721e+00  1.67340099e-01  1.73692406e+00
 -3.99632661e-01 -1.25508163e+00  8.67938982e-01 -4.65597969e-01
 -6.08580558e-01  3.06245393e-01  1.44844851e+00  1.33223105e+00
 -9.78010372e-01 -3.75574535e-01  3.01375385e-01  1.16989277e+00
  4.46856318e-01 -4.60848652e-01  5.94825219e-01  4.53675363e-01
  4.48208301e-01  9.28774716e-01  1.41724013e+00  8.86014430e-01
 -1.87844918e+00  2.52703720e-01  1.41861850e+00  2.29697243e+00
  1.36204290e+00  2.04484179e+00  7.24991995e-02 -1.82370693e-01
  7.23194159e-01 -1.88783165e+00  2.95166567e-01 -8.69736812e-01
  4.81037768e-01  7.48444080e-02  5.70088846e-01 -3.03191718e-01
 -4.33693287e-01 -9.96699137e-01 -8.71128409e-01 -1.30052372e+00
 -1.73919162e-01  2.25209306e+00  1.72972556e+00 -6.52327717e-01
 -9.95062651e-01 -1.16654266e+00 -1.37438219e+00 -1.02157739e-01
  9.86313105e-03 -2.15802181e+00  1.77434319e-01  1.42078164e+00
  3.47872999e-01  1.66589638e+00 -1.79704932e+00  1.32961111e+00
  6.00519484e-02 -7.28509563e-02 -9.16400735e-01 -1.28138209e-01
  1.71849745e-01 -7.89750126e-01  1.56343327e+00  1.59085719e+00
  2.32047192e+00  1.09483893e+00 -1.61178044e+00  6.70736734e-01
 -4.92377893e-01  4.00621662e-01  1.24504157e-01 -1.16239417e+00
 -5.75988119e-01 -8.18483166e-01  1.43051391e-01 -9.32614091e-01
  6.15835057e-01  1.60284113e+00  1.74551825e+00 -1.64966484e-01
  1.84243763e+00 -1.30586170e+00  2.61092690e-01  1.01512732e+00
  2.51884836e-01  1.44724195e+00  9.37250322e-01 -1.70645637e+00
  6.65115330e-01  4.17912171e-01  5.25314451e-01 -1.56721048e-02
  3.51454489e-01 -9.39031503e-01  4.60240899e-01 -4.77103431e-01
 -2.37696428e-01 -3.36741156e-01  1.03690290e-01 -1.96637402e-01
 -3.17416195e-01 -1.39013516e+00  1.65793187e+00  3.86685926e-01
 -6.23041512e-01  1.01603540e+00  1.02253551e+00  8.58194695e-01
 -2.32394415e-02  2.11365156e+00 -1.19448819e+00 -8.34227580e-01
 -3.79036265e-01  5.01749338e-01 -1.52143055e+00  4.44026397e-01
  2.24862294e-01  5.75141287e-01 -5.75129298e-01  9.93031617e-01
  5.33652287e-01 -2.39989244e-01 -1.43083822e+00 -1.39001589e-01
  8.68984298e-01  1.83677990e+00 -3.33563542e-01  1.77494674e+00
 -2.15048425e+00  6.38793978e-01 -1.06048954e+00  1.29697486e+00
  1.69265561e+00 -1.07064390e+00 -1.68125147e+00  1.38006077e+00
  1.17411684e-01  9.03647019e-01 -2.23895695e+00 -3.35985099e-01
 -2.28848882e-01 -1.81137294e-01 -1.18076028e+00 -9.14949276e-01
 -1.88946637e-01  1.89014634e+00 -1.93529991e-02  1.23095185e+00
  6.90002759e-02  3.98678625e-01 -9.17394442e-02  1.15268479e+00
  7.94472364e-01  1.02446185e+00  5.77404113e-01 -1.30898290e+00
 -1.53440434e+00  2.42543127e+00  2.55146823e-01 -3.15683363e-01
 -1.18987954e+00 -9.44848203e-01  6.93113564e-01  5.18530728e-01
  1.69667729e+00  3.46337334e-01 -7.56588910e-01  2.94436758e-01
 -5.76162768e-01 -2.71291250e-01 -1.48069357e-01 -9.24136028e-01
  2.23304283e+00 -3.05607415e-01 -8.08304744e-01 -3.72171104e-02
  3.85150531e-01  5.89326517e-01  1.07899056e-01  9.24216105e-01
  1.28020838e+00  2.08455049e+00 -1.12115533e+00  1.35553515e+00
  1.29931161e-01 -1.28686539e+00  2.34634784e+00 -2.06926322e+00
 -8.79393649e-02 -4.17448276e-01  2.76947935e-01 -1.84099928e+00
 -1.53304518e+00  1.63336132e+00  1.22585600e+00  1.23984037e-01
 -1.11312840e+00 -1.19510216e+00  6.83663317e-01 -4.23090300e-01
 -5.59885461e-01 -1.15146904e+00 -2.48076168e-01 -1.15491911e+00
 -6.32425633e-01 -1.57439291e+00 -1.10948658e-01  5.51484939e-01
 -1.05882736e+00 -1.84904864e+00  3.41749042e-01  1.93816911e+00
  1.52884187e+00  1.47854389e+00 -1.22567717e-01 -1.46222760e+00
 -1.22103448e+00 -1.45144174e+00  2.46662901e+00  6.66362311e-01
  3.93596367e-01  1.27775993e+00  1.24927261e-01  5.01537424e-01
  8.32044480e-01  7.00016604e-01  1.19627060e+00 -8.62711446e-02
  2.76297286e-01 -1.03086459e+00  1.83200620e+00 -1.36416540e+00
  1.19109283e+00 -5.53113426e-02  9.79613398e-01 -8.26840953e-01
  1.79331262e+00  9.71390675e-02 -2.68274885e-01 -1.34705996e-01
 -3.46807609e-01 -1.11274379e+00 -2.12138767e-01  2.18655769e+00
 -1.07646850e+00 -1.27715321e+00 -4.74224815e-01  3.04147627e+00
  6.43446640e-02 -1.78068823e-01  1.12014207e+00  3.66823634e-02
 -1.20422239e+00 -2.22201862e+00  6.66307823e-01 -9.09247752e-02
  7.45712575e-01 -9.38320197e-01  1.74400764e+00  2.20989147e-01
  1.03571749e+00 -8.07160102e-01  6.47790578e-01  1.47142144e-01
  8.58983924e-01  9.59139807e-01  1.40537454e-01 -5.14948051e-02
  3.25464443e-01  6.97563065e-01  1.11506789e+00 -1.60307588e-01
 -9.46517381e-01  7.10629003e-01 -1.24685421e+00  1.76164845e-01
 -4.68179773e-01 -1.82440492e+00 -3.26709111e-01 -2.36008599e+00
 -1.08262433e+00 -1.52138625e+00  7.23199878e-01  1.36613270e+00
  3.53244194e-01  3.79620519e-01  1.24965503e+00 -7.63210281e-01
  1.18663499e+00  4.95675936e-01  9.50332599e-01  2.17442031e+00
  1.89061431e+00  9.85875385e-01 -5.79559183e-01 -5.87518390e-01
 -1.20925562e+00  6.31774082e-01  3.00501308e-01  9.34115221e-01
 -1.20536451e+00  1.26421562e+00 -1.30084276e+00  6.74258834e-01
 -6.92414929e-01  2.04705696e+00 -1.77323244e-01  1.26588576e+00
  8.66584312e-01 -1.64206466e-01  1.79751717e+00 -7.95507187e-01
 -1.70311881e-01 -5.63291111e-02  4.78569460e-01  8.55009590e-01
 -6.75198904e-02 -4.14483910e-01  2.19626385e-01  5.61342469e-01
  2.22057562e-01  6.67228448e-02 -5.10413652e-01 -4.44327946e-01
  2.44822022e-01 -9.56816653e-03  3.29642570e-02 -1.81099432e+00
 -1.83747556e+00  6.22851366e-02  5.13396937e-01 -1.52235045e-01
 -1.04734413e+00 -1.32805649e+00 -3.32905381e-01  1.11152284e+00
 -1.29354043e+00  5.35007736e-01  2.49562379e+00  8.45387817e-01
 -1.53678358e+00 -7.92213489e-01  1.77242564e+00  2.81957841e-01
 -1.16377209e+00 -7.32810865e-02 -1.02535004e-01 -1.15665448e+00
 -1.30961102e+00 -6.79310782e-02 -1.16128302e+00  1.53909420e-01
 -8.17784972e-02 -6.82212452e-01  4.22752015e-01 -1.96571087e+00
 -4.45333535e-01  1.01790398e+00  2.17979620e-01  6.26262298e-01
  7.77665886e-01  3.38795994e-01 -2.92448948e-01 -8.02225917e-01
  4.62902426e-01  1.04049132e+00 -4.04959491e-01  1.51063182e-01
 -1.29986921e+00 -1.47988642e+00  8.21732498e-01  1.83313056e+00
 -1.11829258e+00 -2.03521860e-01  1.69224560e+00  1.50914443e-01
  5.05190525e-01 -5.42427909e-01  6.07498451e-01  2.57346663e-01
 -7.25417553e-02 -5.14489112e-01 -2.50681880e-01 -1.09597137e-01
  2.03648563e+00  1.57429252e+00  9.60445522e-01  1.90673543e-01
  4.86977692e-02 -5.98513797e-01 -2.66069982e-01  8.78279154e-02
  5.31110484e-02  1.39907908e-02  7.13893838e-01  5.70389489e-01
 -3.50828211e-01 -7.48070722e-01  3.71896287e-01  1.22794251e+00
  4.54968406e-01  1.09017208e+00 -1.11349376e+00  1.43862620e+00
 -2.39340569e-01  8.85308032e-01 -6.26278078e-01  8.40464236e-02
  2.37039150e-01 -8.07497320e-01  3.47486698e-01 -2.09787717e+00
  2.65878438e-01 -5.45091060e-01  5.67086889e-01  6.74847962e-01
 -1.08598607e+00 -8.59030682e-01 -1.67734254e-01  8.67967671e-01
 -9.67241340e-01 -4.12056819e-01  1.41879658e+00 -4.55438383e-01
  4.98024211e-02  3.71529951e-02  1.85423826e+00 -6.17734045e-01
 -1.00270763e+00  2.25049452e-01 -3.37424081e-02  1.17570889e+00
 -4.95504925e-01  2.39758997e-01 -3.84837722e-02  4.72884076e-01
  1.55852982e+00 -6.92401267e-01 -3.64669142e-01  6.04697477e-01
 -1.99511369e-03 -9.14054530e-01  1.84717464e-01  1.27193863e+00
  4.92428381e-01  4.82301219e-01 -1.11269195e+00  7.00116791e-02
  2.14917840e-01  6.03893181e-01 -1.47522211e+00  1.28902589e+00
 -2.62895056e-02 -1.80991939e+00 -1.80000844e+00 -1.03033616e+00
 -1.58243841e+00  1.10224559e+00 -2.81814671e-01 -7.19658304e-01
 -5.82495063e-01  5.64339257e-01 -9.56962089e-02  1.09694420e+00
 -4.94252559e-01 -9.06404500e-01 -5.20496767e-01 -4.56120925e-01
 -7.39458963e-01  4.77246941e-02  5.49270987e-02  2.34187137e-01
  9.78003392e-01  5.29660928e-01  1.65511843e+00  1.29836605e-01