-2.69200727e-01 -5.05146344e-01 -3.68308489e-01  3.54778924e-01
 -1.23952099e+00  3.48691284e+00  2.08226277e+00  8.10865884e-01
  1.02798869e+00 -4.10573201e-01  7.30633147e-02 -1.04406944e+00
 -7.59560327e-01 -2.48983873e-01 -2.19987666e-02 -9.88064114e-02
 -3.28870600e-01 -6.32673717e-01 -8.95276167e-01 -9.37800623e-01
 -2.39289111e-01 -1.97563701e+00  3.53969742e-01  9.66295088e-01
  3.58860913e-01 -1.45177665e+00  6.56692597e-01  3.63251260e-01
  1.14334368e+00 -2.52496850e-01 -7.36994326e-01  3.58579370e-02
 -4.05895917e-02  1.82794565e-01 -9.32751243e-01 -5.26357291e-01
 -8.15315467e-01 -3.52495308e-01 -1.60995635e+00 -1.04016186e+00
  6.62834019e-02  1.55672244e+00  1.93841416e+00 -1.84083468e+00
 -1.15562389e+00  4.62134575e-01  1.73095011e+00  1.03064631e-02
  2.45392201e-01  8.41081578e-01 -8.88636583e-01 -4.52555472e-01
 -1.40046874e+00  2.27485982e-01  6.95507389e-01  1.46561762e+00
  1.65822325e-01 -2.27386183e-02  9.05637214e-01  5.48706455e-02
 -1.51599185e+00  6.00922042e-01  3.71471117e-01  7.23037902e-01
  1.50645709e+00 -9.66580116e-01 -7.65128212e-01 -4.37537100e-02
  4.77140990e-02 -1.40563714e+00 -6.41132954e-01  8.75622895e-01
 -9.57368887e-01  2.14184981e+00  1.07391788e+00 -2.84174104e-01
  1.60917194e+00  1.79809993e-01 -1.98920917e-01  1.38193331e+00
  4.15805168e-02  7.79127261e-02 -2.31702168e+00  4.48970179e-01
  5.50038497e-02 -1.31280076e-01 -1.42982113e-01  2.08495024e+00
  2.45085667e+00 -5.90008151e-01  1.93302919e-02 -3.69717887e-01
  3.91972319e-02 -4.10325652e-01  5.83600980e-01  6.80706428e-01
 -1.14906516e-01  1.37619894e+00 -4.16102409e-01 -1.74501771e+00
 -2.03257666e-01  3.87062293e-01 -1.20267579e-01  4.05089741e-01
 -2.12426840e+00  3.37321595e-01 -8.47544093e-02  7.19138143e-01
 -2.18548561e-01 -1.43713547e-01 -9.63550287e-01 -1.59754566e-01
  1.20133925e-01  2.26150014e-01  5.71910140e-01  1.06245320e+00
  4.94319999e-01  6.09826636e-01 -3.69225379e-01 -5.58840895e-01
 -2.11384904e-01  2.80926451e-01  6.89816440e-01  7.43983419e-01
  3.86286809e-01 -1.19932685e-01 -6.32934664e-01  1.97045137e-01
  2.66416766e-01 -4.21234890e-01  7.68636623e-01 -1.15125604e-01
 -4.13519236e-01  6.06898776e-02 -1.26874027e-01 -8.11116960e-01
 -1.21191304e+00 -1.47720456e+00  7.75101605e-01  1.93850123e+00
  2.01538869e-01  1.55581433e-01  8.64674444e-01 -2.65292522e-01
 -1.20158187e+00 -2.06321951e+00 -1.83668175e+00 -1.42593395e+00
 -1.03088437e+00  2.75965185e-01  1.62652888e+00 -1.03905483e+00
 -6.93095504e-01  2.50753722e-01 -4.22869465e-02  3.87803405e-01
 -1.03489342e+00  1.53288397e+00 -2.04459460e+00  1.28988660e+00
 -9.95757662e-01  1.11317416e+00  1.81191634e+00  1.45441625e+00
  4.61593579e-01  1.55198016e+00  7.86768029e-01  2.11199922e+00
 -5.11939204e-01 -1.43312678e+00  4.36296374e-01 -1.41842991e+00
 -1.20735257e+00 -7.60514231e-01  2.21739490e-01  1.28586968e+00
  8.62460759e-01  7.96513601e-01  1.18002005e+00 -1.19858477e+00
 -4.23108240e-01 -2.53074508e-01  4.39068007e-02 -6.96658955e-02
 -2.77955125e-01 -1.78093614e+00 -6.44192329e-01  1.51455677e+00
  6.04069763e-01 -1.25605418e+00  4.39805146e-01  1.65209887e+00
  8.97570060e-01 -2.89712090e-01 -1.49007454e+00  7.06455288e-01
 -1.46452089e+00  3.81141231e-02  1.72497283e-01  4.72430872e-01
  2.22886083e+00 -1.66567997e+00  4.66320042e-02 -8.51491481e-01
  2.07052069e-01  8.35114690e-02 -1.69350892e+00 -9.53119306e-01
  7.75419756e-02  1.00238253e+00  1.22139660e+00 -1.29138974e-01
  1.02641224e+00  3.27774662e-01  6.64402516e-01 -1.52317305e-01
 -7.57375574e-01  7.69900228e-01  4.49857780e-01 -1.11019390e+00
  2.05422321e-01 -1.34828532e+00  8.90113071e-01  2.87609745e+00
  9.71000620e-01  3.27277330e-01  1.10763364e+00  4.94675616e-01
 -2.61489794e+00  1.67563846e-01 -1.61568300e+00  6.82037304e-01
 -3.45264170e-01  1.05073161e+00 -1.56288522e+00  3.02351883e-01
 -1.20507916e+00  2.68049368e-01  1.53863731e+00 -1.73647975e+00
  3.68615626e-01  2.70301223e-02  1.05911549e+00 -7.16749583e-02
  4.75493999e-01 -3.55900595e-01 -3.47539681e-01  5.29522215e-01
 -1.55879740e+00  4.05393572e-01  5.52413159e-01 -4.29664089e-01
  9.56111493e-01  9.56526248e-01  1.40961416e+00  1.89921914e+00
  1.00107982e+00 -3.57469543e-01  6.27522334e-02 -8.78804492e-01
  4.75415921e-01  1.73586828e+00 -3.19126339e-01 -1.82573018e+00
 -1.01275130e-01 -1.29575788e+00 -3.73907121e-01 -1.67061148e-01
  8.44335934e-01  6.68990756e-02 -1.04323669e+00  1.02517907e+00
 -2.65501367e-01  1.28318294e+00  8.68001557e-01 -5.07132354e-01
  9.07002936e-01  9.63941347e-01 -3.77548992e-01 -2.17143846e+00
  9.04897671e-01  2.46547478e+00 -1.17977177e+00 -1.39442784e+00
  7.47769621e-01 -1.30783465e-01  3.36950667e-04 -1.50960006e+00
  6.47693563e-01  3.04593871e-01  2.72574019e+00  4.83034676e-02
  9.12942989e-01 -3.25480457e-01 -5.57698235e-01 -1.22725199e+00
  9.24297574e-01 -6.57971789e-01 -2.59902050e+00 -7.57091448e-02
 -1.06765750e+00 -6.66644050e-01  6.33921150e-01  1.86044788e+00
 -4.17605503e-01  1.04725142e+00 -4.35648536e-01  1.18761288e+00
  3.74362319e-02 -5.75197925e-01  8.40015615e-02  5.61622535e-01
 -1.17917711e+00 -3.35073867e-01  1.55189769e+00 -1.66022565e-01
 -2.83105066e-01  5.34572157e-01 -2.03943809e-01 -3.98675580e-01
 -4.18538848e-01 -7.41589074e-01 -1.41848216e+00  8.17758846e-01
 -5.11051308e-01  8.46399303e-01 -2.28648919e+00  7.20986854e-01
  1.57364670e+00  3.77453804e-01  6.98153927e-01 -6.47613396e-01
  1.54670236e+00  7.37101263e-01  2.12968382e+00 -4.23352974e-01
  2.33170562e+00 -4.73737505e-01  3.25844712e-01 -1.24430733e+00
 -6.07870429e-02  1.20915932e+00  6.90433245e-01  3.71632484e-02
 -6.78794543e-01 -3.39980576e-01  2.84234837e-01 -8.41361091e-01
 -2.03930913e-01 -1.91643421e+00  4.57686339e-01 -8.66459259e-01
  2.46701860e-01  7.35628136e-01  6.42362105e-01  1.86289379e+00
  2.01220413e-01 -9.07147305e-01 -2.17101547e+00  2.06348878e+00
 -2.22659419e+00  8.29695791e-01  1.84873766e-02  1.07452321e+00
 -2.31982854e-01 -5.09310602e-01 -7.10445802e-02  2.38189682e+00
 -1.09817554e+00  3.74617452e-01 -8.10228401e-01 -1.85002054e+00
  1.44888466e+00 -1.02792044e-01 -5.41718290e-01  1.17591315e+00
  1.74888792e-01 -8.65714386e-01  1.24622704e+00 -4.12744951e-01
  1.44109615e+00 -2.96421255e-01  3.30776978e-01 -4.57009648e-01
  9.27640553e-01 -6.23189047e-01  8.88902759e-01  1.69182660e-01
  1.14042760e+00  1.60765524e+00 -4.00057159e-01  2.02336079e-01
  5.76852255e-01  2.01012655e+00  1.97851670e+00  2.39887119e-01
  3.10488823e-01  1.63215843e+00 -3.28476449e-01 -1.79279870e-01
 -7.68174258e-02 -2.11508699e+00 -3.87781769e-01 -8.19346110e-02
  6.32567095e-01  1.42389907e-01 -2.21267619e+00 -4.15992736e-01
  1.19870705e+00  9.12713770e-01 -1.36205093e+00 -3.36204554e-01
 -1.02383024e+00 -1.43714927e+00 -1.86116318e-01  7.37559549e-01
 -7.56608503e-01 -6.01912243e-01 -4.81390211e-01 -8.30156077e-02
 -1.46561920e+00  1.11504745e+00  7.08600857e-01  1.12732492e-01
  4.74906689e-01 -6.22827212e-02 -1.85885552e+00 -5.60472995e-01
 -6.10769010e-01 -1.21751768e+00  2.05455665e-02 -1.01342846e-01
  4.55665201e-01  1.57123408e+00 -3.81172934e-01 -1.80153610e+00
 -1.01636395e+00  1.05149527e+00 -1.00037128e+00  1.40703780e+00
  7.59001531e-01 -1.90809430e-01  1.43328115e-01 -1.32085096e+00
  1.50972181e-01 -8.09789485e-01  9.61303035e-01  1.58778203e-01
  1.25900789e+00  2.13203926e+00  1.23327404e+00 -8.55310855e-01
  4.44517248e-01 -1.11075290e+00  1.17959856e+00  1.30595475e+00
  9.33029379e-01  1.51037968e-01 -1.07066377e+00  1.21614401e-01
 -6.91878918e-01  1.34391723e+00 -5.39712926e-01  3.45818545e-01
  1.18014343e+00 -4.04937794e-01  8.81961019e-01 -2.19422077e+00
 -3.21637176e-01 -1.16283090e+00  3.93965709e-01  6.70819232e-01
 -7.36714727e-01 -2.24847134e+00  2.58763322e-01  6.20991233e-01
 -3.62955731e-01 -4.55896219e-01 -4.00162543e-01  5.88805434e-01
 -2.70918093e-01  1.79764792e+00  7.82745564e-01 -6.29754497e-01
  1.85842909e-01 -8.88645370e-02  6.79740522e-02  5.75016319e-01
  3.80318540e-02 -1.05340041e-01  8.26577327e-01 -1.72437816e+00
  1.06419662e+00  4.77411879e-02  2.77646165e+00  8.03135863e-01
  4.09011651e-01 -2.01933898e+00  9.03345823e-01 -1.24343879e+00
 -1.05095006e-01  8.33599704e-01 -6.49320766e-02  5.71157359e-01
 -1.49823556e-01 -1.05061084e+00  1.71229148e-02  1.49199758e+00
  1.73524096e-01 -8.42721656e-01 -9.12202836e-01  1.01426375e+00
  1.45575486e+00 -2.76740154e-01 -6.02742404e-01 -1.25689755e+00
  7.12794936e-01  1.41527332e-01  1.01334420e+00 -9.56760994e-01
  2.10523091e-01 -3.05465616e-02  1.63702717e+00  2.30553917e-01
  1.21461448e+00 -8.96512735e-01  1.87523591e+00 -5.51733199e-01
 -5.96656550e-01 -3.22582289e-02  3.61064444e-01 -1.40102061e+00
  7.88264374e-01 -1.23791521e+00 -2.72250443e-01  2.67176827e-01
  2.75458619e+00 -3.77291756e-01  3.01809514e+00 -5.65640748e-01
 -1.05276181e+00 -5.87348037e-01 -3.38156123e-01 -9.72436726e-01
 -1.60989722e+00 -1.27237022e+00 -1.09436171e-02 -2.21494145e-01
 -1.52503284e-01 -1.01679115e+00 -5.03659343e-01  8.50063138e-01
  1.41905768e+00 -2.18290501e-01 -6.75754394e-01 -1.40662509e+00
  1.25594416e+00 -1.19106355e+00  9.69695115e-01  1.45291861e-01
  3.88288930e-01  1.49619795e+00  1.34221626e+00 -1.58818104e+00
  1.20406105e+00  4.90012974e-02  5.80709632e-01  5.99969744e-01
 -8.15612862e-01 -8.46647076e-02 -1.51495550e+00  9.19328228e-01
 -3.06220161e-01 -8.88152272e-02 -6.19689235e-01  5.76343364e-02
  5.45236705e-01  3.97679238e-01  8.97019717e-02 -1.23118061e+00
  1.95853500e-01 -6.93163948e-01 -4.50066029e-01 -2.40916404e+00
 -1.46495260e+00 -2.40417720e-02  8.30471903e-01  3.71944480e-01
  4.85909547e-01 -2.13289981e-01 -6.25727364e-01  8.80957216e-01
  1.46452427e-01 -4.07090924e-01 -7.34467420e-01 -7.88241678e-01
 -1.00075757e+00 -1.59266568e-01  4.82197012e-01  1.10502285e+00
 -1.78734683e-01  4.88481886e-01  8.16985257e-01 -9.85563392e-01
  1.60977993e-01  3.07583658e-01  1.44919873e+00 -3.01030372e-02
  7.51754394e-01  4.86514450e-01 -2.36373022e-01  1.37863360e+00
  8.09754404e-01 -2.48760225e+00  1.30748054e-01  5.39537827e-01
 -1.61661409e-01 -1.85529862e+00 -1.98871009e+00 -1.16384618e+00
 -2.04143240e-01  8.47549215e-01  6.45867518e-01 -1.46755177e+00
 -7.90391359e-02 -1.24601773e-01 -6.19389424e-01 -1.30161701e+00
 -4.24197538e-01 -9.79037007e-01 -3.18748039e-01  6.45813599e-01
 -4.17562513e-01  9.14068189e-01 -4.81118686e-02 -6.32306157e-01
  4.92967610e-01  4.55874795e-01  6.05943989e-01 -5.97780908e-01
  9.71749705e-01  2.81124039e+00  2.08647346e-01  1.26075309e+00
 -1.17210864e-01  7.42731435e-01  1.23890092e-01 -8.81692236e-01
  2.90992248e-03  1.30427048e+00 -5.50673941e-01  1.44781322e+00
 -1.98546505e-01  1.05843361e+00 -9.96828568e-01  1.31045689e+00
  3.45249924e-01 -9.10103343e-01 -5.15062756e-01  5.69319541e-01
  9.29794782e-01 -2.03055276e-01 -2.00149843e+00  9.15117394e-01
  5.13924820e-01 -3.75936892e-01 -9.89783000e-01 -1.43652641e+00
  6.22359166e-02  9.59182793e-01 -2.74347469e-01 -1.69180419e+00
 -8.08302816e-02 -1.64928170e+00 -5.52383094e-01  6.92100093e-01
 -4.95908423e-01 -8.06680088e-01  1.00634209e-01 -7.51921251e-01
  1.25977063e-01 -4.61340734e-01  9.66822928e-01 -7.60800513e-02
 -3.12717068e-01  1.22046882e-01  1.58388624e+00  8.25847705e-01
  3.44759816e-01 -5.82013870e-01 -1.69254850e-01 -5.00963591e-01
 -1.58434707e+00 -1.07743746e+00 -1.36981870e-02 -2.29950723e+00
  1.18259040e-01  6.45573332e-02  1.12710986e+00 -5.39800285e-01
 -1.03217179e+00 -3.45564758e-02  4.43961273e-01 -1.24321331e+00
  1.74891259e+00 -3.05487331e-01  1.27065404e+00 -4.03597568e-01
  3.56189474e-01  5.47852594e-01 -1.44618841e-01  1.58567482e+00
  5.33442152e-01 -2.08297241e-01  2.81913395e-01  6.63648560e-01
 -1.61922743e-01 -2.45617488e-01  4.79372733e-01 -1.96728035e+00
 -7.81773537e-01 -9.89449493e-02  1.68057985e+00  1.34222100e+00
  1.40025314e+00 -5.02598143e-01  8.40914402e-01 -1.24022064e+00
  1.13289880e+00 -1.25139243e-02  2.73779270e-01 -6.83679077e-01
 -1.05161103e+00  4.77527591e-01 -1.99437732e+00  2.48875721e-01
  8.28052639e-01 -4.21878402e-02 -7.34066223e-01 -1.73845164e-01
  1.28357558e-01 -1.01518786e+00  2.92534609e-01  1.74760990e+00
 -3.95186104e-01  6.76017048e-02  3.68600374e-01  8.94796964e-01
  3.13418158e-01  1.94074954e+00  7.17737238e-01  2.47947235e-02
  6.24082017e-01 -1.47126006e+00 -1.01224863e+00 -4.21699072e-01
 -1.35816142e+00 -6.80752956e-01 -8.52404898e-01 -3.87089315e-01
  5.31595268e-01  5.27068452e-01 -6.95854799e-01  1.51301096e-01
 -1.45698230e-01  8.86655617e-01  1.15261963e+00  7.49996387e-01
  1.36411224e+00  5.36640990e-01 -3.77617691e-01 -5.83282193e-01
 -2.62714763e-01  9.13521264e-01 -4.74831481e-01 -6.57190950e-01
 -5.14468251e-01 -1.50148766e+00  6.51370723e-01  1.63373865e+00
  3.49758472e-01 -1.83852535e+00 -1.23991176e+00  3.69451537e-02
 -8.63666066e-01 -2.05662029e+00 -4.66653085e-01 -4.60564296e-01
  5.27084219e-01  4.21640230e-02 -1.05571094e+00 -3.65170886e-01
 -5.43640603e-01 -2.22881675e-01  9.66184167e-01 -1.13838603e+00
 -4.45434595e-01  1.02610458e+00  5.56416133e-01  2.88678727e+00
 -1.74868396e+00  9.04564353e-01 -5.34280992e-01 -1.22135471e+00
 -1.09116742e+00 -4.76517094e-01 -2.06590863e+00 -8.77233813e-01
  3.46961942e-01  2.35205569e-01  6.68328305e-01  1.02543255e+00
  5.58420995e-01 -3.88641816e-01  9.00667660e-01  5.29341209e-02
  2.53005096e-01 -7.99500481e-01 -5.37684080e-01 -4.63446152e-01
 -1.27091428e+00  3.93878670e-01  1.96257118e-01 -2.94738904e-01
  1.09448526e-01 -1.83537176e+00  8.23852750e-01 -1.60164132e-01
 -1.89283912e+00  9.64477978e-02  1.49438035e+00 -3.25952585e-01
  7.62597953e-01 -5.23979545e-01  9.59935807e-02  5.38165975e-01
 -2.07283313e-01  1.29090926e-01  4.61754426e-01  6.17347435e-01
 -1.96170388e-01 -1.72943409e+00 -1.05811201e+00 -3.12714983e-01
 -4.75149235e-01 -9.72922481e-01 -3.11267971e-01 -1.63160256e-01
  1.12597916e+00 -4.12455755e-01 -2.46819475e+00  1.28386502e+00
 -2.05944414e+00 -1.22450963e-02 -3.06835520e-02  2.22109669e-01
  4.74036150e-01  2.05831861e-02  3.75949949e-01 -1.67412955e-01
  2.34856873e+00  5.08507840e-01  2.31167910e-01  1.82075342e+00
  6.54062949e-01  5.25746538e-01 -4.34860207e-01 -2.57538625e+00
  9.27790673e-01  2.68686850e-01 -4.39136880e-01 -1.09275273e+00
  1.55859313e+00  9.77249131e-02 -8.47820875e-01 -1.21687797e+00
  6.17912957e-01  6.36128327e-01  3.22617197e-01 -2.00057827e+00
  2.57646754e-01  1.75502348e+00 -1.55858433e+00  6.36549235e-01
 -3.36186783e-01 -4.82503099e-01  9.07470630e-01  4.02499979e-01
  4.58783159e-02  4.60282875e-01 -2.01970443e+00  2.09561438e-01
  1.73695931e+00 -1.65753927e+00  7.89613144e-01 -1.03239737e+00
  1.08377168e+00 -4.23249434e-01  1.05194377e+00 -4.61468474e-01
  5.06559304e-01 -7.46714633e-01  8.65352951e-01  5.36737753e-01
  1.17735621e-01 -5.18781669e-01  1.26450286e+00  5.35522607e-01
 -1.14189818e-01 -2.14744610e+00 -2.30997886e-01 -7.89593375e-01
  1.32935763e+00  1.96855942e+00 -9.88565949e-01 -3.98168847e-01
 -9.85857854e-01 -1.46005960e+00 -1.46527853e-01  6.77069226e-01
  3.91028046e-01 -3.87900977e-01 -1.48124529e+00  1.07390623e-01
  6.35526079e-01  1.77076767e+00 -1.22536201e+00 -1.28316897e+00
  5.90981871e-01  4.07919465e-02 -1.98759513e-01 -3.50790805e-01
  1.69468670e+00 -2.53445766e-01  6.18434828e-01  9.44894962e-01
 -7.73753966e-01 -6.72333498e-02 -1.38365517e-01 -1.32114714e+00
 -1.06831370e+00  5.75555903e-01 -6.14868286e-01  3.45644924e-01
  7.95646630e-01  2.56994883e-02 -4.09671209e-01 -5.82041266e-01
  2.19208666e+00 -3.06834579e-01  1.28514255e+00  1.30190999e-01
  1.43212925e+00 -1.06994158e-01  1.96494667e+00 -4.59012995e-01
 -8.78897340e-01  4.48051602e-01  4.91689597e-01  6.39742157e-01
 -1.63582166e+00 -1.43437034e-01 -1.30532101e-02  7.53356185e-01
  5.14122992e-01  4.23160505e-01 -1.69827432e+00  8.27339818e-01
  9.33947048e-02  1.95492689e+00 -7.57858454e-01 -7.77751873e-01
  1.48659071e+00 -1.19749669e+00  1.28877305e+00  4.99731567e-01
  2.76907229e-01 -6.67510535e-01 -1.16501771e+00 -6.39679238e-01
 -2.70696066e+00 -9.30084101e-01 -5.68587150e-01  4.40667164e-01
 -1.15912896e+00 -7.69388953e-01  1.10101380e-01  4.03495511e-01
 -9.88498916e-01 -6.87560514e-01 -1.03910222e+00 -1.33267873e+00
  1.79681035e+00  1.19827872e+00  5.59800782e-01  9.13808851e-01
 -4.81987673e-01  9.96936772e-01  1.44727159e+00 -1.82650510e-02