 1.18886748e+00  2.06073178e-01  6.21293599e-01  1.57797903e+00
  1.82084983e-01  4.62741126e-01 -1.62695013e+00 -1.03374918e-01
 -5.69311854e-01 -5.76483908e-01 -1.07162001e-01  5.25402962e-02
  7.67832988e-01  1.71383561e+00  5.05608820e-01 -2.30516573e+00
  2.69054794e-01 -8.11898683e-01  1.17186947e+00 -2.50786130e+00
  2.84085617e-01 -1.75100323e-01  1.06602851e+00  1.60941153e+00
  3.04088465e-01  1.56506582e+00 -1.37078742e+00  6.06573177e-01
  8.68216117e-01  5.74419145e-01  2.10707362e+00  1.22456159e+00
 -3.03474946e-01  8.22742685e-01  1.36116114e+00 -3.61586353e-01
  7.39618403e-01  4.55259475e-01  1.66933631e-01 -1.29747770e+00
 -1.80758653e+00  5.77360251e-01  7.71160253e-02 -7.73087008e-01
 -1.31077966e+00 -6.00002390e-01 -8.70580254e-01  6.00470624e-01
  1.86102113e+00 -9.00131409e-01  1.67650185e-01 -1.88271860e-01
  1.13119481e+00 -1.74450931e+00 -1.90843955e-01  4.39655913e-01
  8.56190706e-02 -8.27216370e-01 -1.09661978e+00  3.25453367e-01
 -3.87884113e-01 -8.76457578e-01  3.61645310e-01 -9.91032453e-01
  1.49272066e+00  7.36867763e-01 -5.78207633e-01 -6.01330425e-01
 -4.37450073e-01  4.15100189e-01  1.93759052e+00  2.63111960e-01
 -2.00418942e+00  5.23830444e-01 -4.98515764e-01  2.34554883e-01
  2.99227539e-01  1.11692866e+00 -3.88314620e-01 -5.90624563e-01
  2.12234574e-01 -1.17473202e-01 -1.95310505e-01 -7.12398292e-01
 -6.97624750e-01  2.10434873e+00  1.07818487e+00  1.61760503e+00
  1.41102696e-01 -1.65107842e+00 -3.26864030e-01 -1.10044090e+00
  7.00661438e-01  2.02109000e+00 -1.76377104e+00  6.31039197e-01
 -9.77149520e-01  2.13258494e-01 -8.03385949e-01 -8.51883821e-01
  2.03755972e+00  1.23960576e+00  4.88551470e-02 -1.32461919e+00
 -1.36082244e+00 -6.34136677e-01  4.28857612e-01 -4.34376588e-02
  4.88553355e-02  1.19912131e+00  1.82028945e+00 -6.04892279e-01
 -2.81153418e-01 -4.98576285e-01  1.69671901e-01 -1.19847162e+00
  1.34050829e+00  2.32894989e-01 -1.38325159e+00  2.34455297e+00
 -3.16836984e+00  6.70091550e-01  1.68774780e+00 -3.56946348e-01
 -3.03159053e-01 -6.34860030e-01 -5.11399173e-03 -9.22216129e-02
  8.65664582e-01  3.14209725e-01 -3.66416513e-02  9.74484464e-01
 -6.43478205e-01  2.41148460e-01  3.18205944e-01  4.01481932e-01
 -8.02579160e-01 -5.74199865e-01 -1.57864668e+00 -1.77849263e+00
  5.31100377e-01  1.97667099e+00 -8.67869293e-01 -1.44652769e+00
 -1.32331881e+00  6.20161761e-01 -6.27781432e-01  1.39909643e-01
 -2.00893657e+00  1.14917882e+00  1.45972868e+00 -2.72926166e-01
  1.03957327e+00 -1.09548141e+00 -1.57703386e-01  4.32555783e-01
  1.14785521e+00 -1.14666393e+00  1.97233465e-01  7.03736758e-01
  4.90922673e-02  6.05273614e-01  2.22824771e-01  1.20977709e+00
  1.36832367e+00  1.80433492e+00  5.54803104e-01  7.48388996e-02
  1.45631488e+00  4.55810193e-01 -8.88987233e-01 -5.74281397e-01
  7.21097344e-01  7.73144414e-01  5.15342766e-01 -2.21762078e-01
 -1.27507551e+00 -6.14870461e-01  7.10877366e-01  5.75006422e-01
  5.54007168e-01 -9.09521304e-01 -1.65328388e+00  7.89692403e-01
 -1.16969166e+00 -7.22512820e-01  8.46960253e-01 -4.82902028e-01
  6.07081776e-01  3.14048983e-01 -4.98862582e-01 -1.72221234e+00
  1.12746821e+00  6.19398176e-02  5.88569117e-01 -4.04984236e-01
  2.74506551e-01 -5.27280582e-01 -8.97882385e-01 -9.24499488e-01
  3.95690240e-01  1.42775132e+00  2.21116436e+00 -7.36693645e-01
 -4.51275476e-01 -1.57277051e+00 -2.39916413e-01  1.39126372e+00
  4.84356410e-01 -1.27365059e+00 -9.14488177e-01  1.19038841e+00
  1.04701347e+00  1.40551028e-02 -3.94051450e-01 -4.75388285e-01
 -1.07152115e+00  3.30451788e-01 -7.42809858e-01 -9.97376617e-01
  1.13250150e+00  1.18801540e+00  1.20133202e+00  1.88961192e+00
  1.05209926e+00 -2.18672734e+00 -1.29873781e+00 -2.05049032e-01
  5.36633256e-01  5.78562566e-01 -6.40436575e-01  2.11529895e-01
 -1.30001065e+00 -1.52077317e-01  2.45851388e-01 -1.00573521e+00
  2.20829265e-01  1.14158277e+00  9.29556626e-01  2.91056452e+00
 -1.44955764e+00  1.27269562e+00 -1.80455469e+00  5.42061878e-01
  9.57867235e-01 -2.77647046e-01  7.90155280e-02 -4.01166627e-01
 -5.41120247e-01 -4.03484666e-01  1.80322816e+00 -5.30406928e-01
  1.85215869e+00 -2.33261024e-01 -5.02354640e-01  4.40701313e-02
  1.23964596e+00  8.41526842e-01 -1.17586599e+00  4.34821278e-01
 -9.28932347e-01 -2.52378381e+00 -3.66472640e-01  1.01063467e+00
 -1.38297052e+00  1.51011450e+00 -3.10005373e-01  1.54523865e+00
 -1.05160869e+00 -8.54783019e-02 -1.66483780e+00 -1.18447287e+00
  2.14203618e+00 -1.34185075e-01 -2.81860705e+00 -7.97391194e-01
 -6.68719065e-01 -1.02758204e+00 -1.38955657e+00  2.08240880e+00
  1.43873958e+00 -1.30618767e+00  2.13775851e+00 -9.07948498e-01
 -5.95950138e-01  4.05979274e-01 -1.66624033e+00 -3.82797485e-01
 -1.53572498e+00 -4.02144329e-01  6.37357108e-01 -1.83164411e+00
  9.73486412e-01 -1.20203142e-01  6.85317004e-01  1.56665593e-01
 -6.05928540e-01  4.35066757e-01 -1.21807077e+00 -1.07305201e+00
  5.74724485e-01  3.85723423e-01 -1.75908804e+00  1.67507798e-01
  2.52676783e-01  7.33436862e-01 -6.29765299e-01  9.85048564e-01
  1.23571188e+00  2.03062824e-02  3.14695430e-01 -7.51395744e-02
 -3.53871038e-01  7.84405378e-01 -2.64224421e+00 -1.99051756e+00
 -4.13235947e-01  2.25179228e-02 -2.52553007e-01 -1.01475413e-01
  8.67561227e-01  5.27594533e-01 -1.60410059e-01  7.68690859e-01
 -4.02921141e-01  7.38334850e-01 -2.96366641e-01  3.92531288e-01
  2.20518174e+00 -4.78934279e-02  5.56743591e-01  2.64473865e+00
 -2.24212052e+00 -1.10817587e-02 -4.33720800e-01  8.98295609e-01
  4.55588656e-01  5.31856458e-01 -1.23250701e+00 -1.03174592e+00
  3.11418920e-01  1.30042376e+00  8.44127633e-01 -5.97383163e-01
 -1.71957577e-01 -7.88643192e-01  1.42646839e-01  1.12866427e+00
  4.47998642e-02 -5.53926743e-01 -6.75133519e-01 -5.37168334e-01
  5.14218066e-01 -1.20268122e-01  1.98832160e+00 -1.54097520e-02
 -2.99834141e-01 -1.05548139e-02 -3.26077470e-01 -7.83825695e-01
 -1.03293771e+00  1.97273306e+00 -3.70383001e-01 -1.89995788e+00
  1.38776656e+00 -1.07135238e+00 -1.52983655e+00  1.38373600e-01
 -1.99162217e+00 -9.11004967e-01  4.31762001e-02  1.07999027e+00
  7.31802303e-01 -1.66329524e+00 -6.17360096e-01 -8.33401523e-01
 -1.27864065e-01 -2.13586261e-01 -5.53663743e-01 -1.63456228e+00
  4.44914510e-01 -9.49967694e-01  1.93197049e-01  1.28061203e+00
 -2.22228675e+00  1.85165241e+00 -3.53463973e-01  1.95788436e-01
  1.30893973e+00  1.80053453e+00 -2.08362646e-01 -1.74728208e-01
  9.45324409e-01 -1.09686771e+00 -6.18683371e-01  1.07370181e+00
 -1.84765146e-01  1.12511357e+00  3.05646743e-02 -8.72950319e-01
  7.29977411e-01  1.30771681e+00  6.83852354e-01 -1.83533874e+00
  6.32552366e-01  7.17027405e-01  6.78832534e-01 -1.53229963e+00
  1.48196543e+00 -2.00413060e-01  3.44867382e+00 -1.48940170e+00
 -9.23311138e-01 -8.89162952e-01  2.85516039e-01 -8.43089327e-01
  1.22459133e+00  1.06230431e+00 -2.07943928e-01  8.95360247e-01
  2.08995044e+00 -8.27704494e-02  7.23298582e-01 -2.17900838e-01
 -6.76430032e-01 -1.73258559e+00 -5.92868829e-01  1.96142089e-01
 -1.54636792e+00  1.48657013e-01 -1.13595719e+00  6.10696608e-01
  5.78229929e-01  5.12136472e-01 -1.55885360e+00  1.20132022e+00
 -1.44171130e+00  2.02493359e-01 -9.54956846e-01  9.94017401e-02
 -8.98400951e-01  8.41756745e-01 -3.56614745e-01  3.10415172e-01
 -2.39616876e-01 -1.60264151e+00 -1.50679851e-01  2.70735792e-01
 -1.31483330e+00  5.04776713e-01  3.25996918e-01 -8.78929291e-01
  1.01072643e+00 -1.83143394e+00 -5.89423798e-01  1.34330126e+00
  1.19181201e+00 -8.95715336e-01  1.07253567e+00  2.68886248e-01
  1.11155898e-02  1.00707383e+00 -1.89934446e-01  1.95238802e+00
  1.18544334e+00 -9.37061504e-03  8.13935918e-02 -6.61769783e-01
  8.63834661e-01 -8.80362827e-01  4.84660685e-01 -3.12873649e-01
 -1.13370495e-01 -8.06614642e-01 -2.56178509e-01 -2.13587491e+00
 -2.47826036e-01 -6.27149247e-01  8.30749463e-03 -7.71959136e-01
  2.01315986e+00  1.12609663e+00 -5.84887807e-02 -1.29104091e+00
 -1.27273431e+00  7.36684755e-01  9.53947885e-01  1.71325429e-01
 -2.82829588e-03  1.70084643e+00  9.67160964e-01  2.44717247e+00
 -1.43243468e-01 -3.17676039e-01  5.95010322e-01 -1.87163062e-01
  3.40035608e-01 -8.85935532e-01  7.78686519e-01 -7.77761526e-01
 -9.56420953e-01 -2.20243811e-02  1.91677775e+00 -1.58073115e+00
 -2.72884655e-01  1.10924342e+00  1.79197937e+00 -8.75473468e-01
 -2.54783723e-01  1.00677662e+00 -2.43925527e-01 -1.05839301e+00
 -8.22478742e-01  8.08254111e-02 -3.57166930e-01  2.74274815e-01
  2.22608514e+00 -1.46194397e+00  1.47922139e+00  2.73294507e-01
  4.58475421e-01  6.17478707e-02 -3.53748289e-03  2.44841662e-01
  4.06066821e-01 -1.91263775e+00 -9.43282746e-01  6.59765724e-01
  1.25002311e+00 -1.86885365e+00  4.55858736e-01  6.72665773e-01
  3.02836002e-01 -1.19054487e-01 -6.73543141e-01 -1.84475848e+00
  2.56785687e-01 -8.64282021e-01 -1.43529488e+00 -4.36066578e-01
 -1.02830127e+00 -2.65491044e+00  8.04815166e-01  1.84075260e+00
  8.59099591e-01 -4.67274176e-01 -2.02534438e-01 -2.60042114e-01
 -4.70365019e-01 -1.10655313e+00  2.35707671e+00 -6.83394745e-01
  5.71749730e-02  1.69356388e-01  7.84204981e-01 -1.02459328e+00
 -5.06461678e-02 -6.28045377e-01  1.51087799e-01  7.87500660e-01
  6.95211779e-02 -2.33701937e+00  2.15130697e-01 -5.25622121e-01
 -5.29310984e-01  2.99223669e-01 -1.07673807e+00  9.51885276e-02
 -5.65313515e-01  6.47565446e-01  1.01193710e+00 -2.53861168e+00
 -3.25349831e-01 -1.39914170e+00  1.01268204e+00 -1.41277995e+00
  3.88240331e-01  1.61415040e+00 -7.13934227e-01 -8.30043150e-01
  1.78799317e-01 -5.94007192e-02  2.20550654e+00  2.04259633e-01
 -3.45930893e-01  3.48836374e-02  4.98470274e-01  7.22173222e-01
 -8.24745967e-01 -2.92254691e-01 -8.62097120e-02 -7.41821035e-01
  1.23921078e-01  7.20714390e-02 -2.14036678e-01 -1.18570720e+00
 -1.48054327e+00 -9.33428803e-01  1.62161563e+00  1.30097443e+00
 -1.10064381e+00  7.05607293e-02  8.96696268e-01  7.80028221e-02
 -6.09320450e-01  1.54820551e+00 -1.85912563e-02 -8.29217245e-02
  1.11595679e+00 -3.06747651e-01 -3.09758413e-01 -1.60213105e+00
  2.89580899e-01 -1.32998895e+00  6.17215115e-01  1.40511725e-01
 -5.87037434e-01 -6.88482248e-02 -8.60826753e-01 -2.94403775e-01
 -7.47773851e-01 -1.65957012e+00 -4.80796486e-01 -1.24959156e+00
 -7.32072848e-01 -2.27868543e-01  8.71722160e-01  2.28695667e-02
  1.28094910e+00 -7.67328948e-01 -5.47517995e-01 -1.54766222e+00
  4.26281683e-01  2.68209837e-01  5.80943709e-01  3.04135551e-04
  1.12789827e+00  3.96330534e-01  8.95157364e-01  3.54693792e-02
  1.31857716e-01 -5.36466211e-01  4.64744918e-01  1.45986789e+00
  3.57102805e-01  4.24624671e-01  2.31141581e-01 -6.89580078e-01
 -6.36421176e-01 -1.21110825e+00 -2.00881301e+00 -1.14808050e+00
  1.14483376e+00 -7.43566385e-02 -1.06669106e-01  1.57377183e-01
  2.17954551e-01 -8.47767134e-01 -7.98019383e-01  3.52282207e-02
 -1.39543426e+00 -2.34659388e+00 -6.76196248e-01 -2.11196368e-01
  3.53122910e-02 -1.72307192e+00 -6.11806170e-01  3.75448691e-01
 -9.96255940e-01  1.25120465e+00 -5.23495975e-01 -1.03161640e+00
 -8.25192262e-01  1.02952233e+00 -3.38234826e-01 -1.21418344e-01
 -6.62521560e-02  5.95641817e-01  3.05261814e-01  2.60438799e+00
  1.88787844e+00 -8.79511694e-01  2.04462671e-01  1.51291084e-01
  1.10816127e+00  1.18613192e-01 -1.22750189e+00  1.56812928e-01
 -7.67525027e-01  5.16827308e-01  8.96651166e-01  9.28643068e-01
  1.40714112e+00  1.04308749e+00 -2.86079563e-02  4.20319315e-02
  2.14765753e-01 -1.62439282e+00 -3.01953523e-01  1.08924025e+00
 -4.49553710e-01 -9.62256017e-02 -8.31601160e-02  1.13773132e+00
 -3.72528474e-01 -1.50372598e+00 -1.04063687e+00 -1.94192828e-01
 -1.34366850e+00  8.10671352e-03 -1.41661876e+00 -8.88539144e-01
  7.62749879e-01  8.15664370e-01 -2.45771906e-01  1.13052488e+00
 -1.02335916e+00 -1.78530512e+00 -1.41319797e+00 -5.02845657e-01
  1.08836139e+00 -7.97420438e-01 -5.27758157e-01  1.03679347e+00
  8.07707208e-01 -1.64745975e+00 -1.20509895e-01 -6.82872807e-01
  1.60388425e+00 -4.37513203e-01 -2.06985291e+00  4.40590774e-02
  1.27647232e+00  6.38649949e-01  1.66609639e+00  1.98506752e+00
 -1.65449544e+00 -2.13655708e-01  1.27149882e+00 -2.84500830e+00
 -7.62977128e-01 -6.51558233e-01 -1.53900450e+00 -1.52202147e+00
 -3.74784692e-01 -1.03737187e+00  1.24898178e+00  5.36333985e-01
  3.54049091e+00  1.06277510e+00  3.59482182e-01  9.92899083e-02
 -4.80371737e-01 -6.95282809e-01  1.78828120e-01 -2.38141671e+00
  2.10815080e+00  1.19625132e+00  2.54455063e-01  4.73737948e-01
 -7.86162927e-01  5.94651149e-02 -6.98654665e-01 -3.85581932e-01
 -7.37466302e-01 -1.25981478e+00  3.99153589e-01 -1.98344914e-02
  6.57214078e-01  1.08257785e+00  1.50756350e-01 -3.61609872e-01
  6.10534030e-02  7.62345332e-01  5.95786731e-01  3.03983215e-01
 -2.78118076e+00  7.77450200e-01 -9.04186628e-01 -2.07257493e-01
 -2.17325099e-01 -1.62043558e+00 -2.22502147e-02 -6.54463986e-01
 -1.59743253e-02 -2.90483978e-01  3.61230215e-01  3.59002734e-01
  1.77701632e-02  1.12967793e+00  2.06365974e+00  7.51566984e-01
 -1.28528358e-01 -2.20364974e+00  8.33302201e-01  1.10702537e+00
  1.03083529e+00 -4.70929459e-01 -1.18484357e+00 -1.35170620e+00
  1.95091128e-01 -2.13575063e+00 -6.56561030e-02  9.76520467e-01
 -1.00003738e-01 -3.97087927e-01 -2.92119960e-01  1.81353444e-01
 -1.22569850e+00 -4.61731442e-01  1.03861708e+00  1.69908579e+00
 -3.48061438e-01  5.99161634e-03 -1.35714100e-01 -2.05150726e-01
 -3.29783702e-01  3.18508306e-01 -4.38005470e-01  1.68928527e-01
 -6.08624641e-02  2.00478246e-02 -3.41893588e-01 -6.49161004e-01
 -6.11670614e-01 -6.21947328e-01  2.40589503e-01 -1.29406204e+00
  6.61748018e-01 -8.78418921e-01 -1.57681015e+00 -9.70142835e-01
 -6.70194815e-02 -9.23935117e-01 -1.16411584e-01 -6.20988746e-01
  8.44889428e-02 -2.57585826e-01 -2.29508744e-01 -3.67324155e-01
  3.90886428e-01  1.29467301e+00 -7.56895361e-01 -1.57329882e-01
 -3.17569305e-01 -7.68628866e-01  1.99734641e+00  5.00747772e-02
 -7.12814544e-01 -1.48499853e+00  1.23252181e-01 -7.22311470e-01
  1.08564484e+00 -1.11586382e+00  4.92078923e-01  9.28316247e-02
  5.37867299e-01 -8.26600794e-01  7.74527296e-01 -8.63686287e-01
 -7.87030083e-01 -2.17556068e-01 -7.29966224e-01  2.48406475e-01
 -2.56691837e-01 -8.00663448e-01  2.98667472e-01 -1.03695159e+00
 -1.00430966e+00  1.93371258e+00 -1.80978563e+00 -4.37302056e-01
 -4.65048741e-01 -4.80909813e-01  5.50254610e-01 -2.90596373e+00
 -5.05205242e-01 -7.00581908e-01  3.93234248e-02 -1.05772366e+00
  1.68512145e+00  2.15793885e-01 -4.22887024e-01  6.06098580e-01
 -1.32269437e+00 -7.79312726e-01  1.70360810e+00  2.05498375e-01
  1.40987030e+00 -4.13986282e-01 -7.09988532e-01 -9.44688783e-01
 -2.11221686e+00  5.89485589e-01 -1.32501758e+00 -6.78001649e-01
 -5.97671891e-01  1.54339218e+00 -3.91510003e-01  7.10161305e-02
  7.82807061e-01  9.00195765e-01 -1.24955182e+00 -2.33564340e+00
  5.65061568e-01  7.88557402e-01  4.48457260e-01  1.13921688e+00
  4.78812978e-01 -5.25902393e-01  4.96535446e-01  6.99441631e-01
 -8.06755513e-01  4.93478476e-01  1.03240728e+00  1.20089446e-01
  1.23044229e+00 -1.25189130e+00  8.12072242e-01 -9.00382877e-01
 -3.74680884e-01 -1.23354305e+00 -1.24267759e+00 -9.97141993e-01
  4.66494522e-01  1.22847264e-01  1.69633359e-01 -1.00130819e+00
  1.31783736e+00  1.12521673e+00  7.56600917e-01  9.71765537e-01
  8.40818068e-01  3.61060759e-01 -1.70425110e+00 -7.16896896e-01
  3.75693772e-01  8.02771140e-02 -1.84108655e-02 -8.52979327e-01
 -1.98703418e-01 -1.06128245e+00  3.53968327e-01 -8.05362641e-01
 -2.49643472e-01  3.65040465e-01 -9.06107390e-01 -1.41835944e+00
  3.24755643e-01  6.84672752e-01  3.16852338e-01 -1.75103481e+00
  7.13898739e-01  1.71066036e-02 -8.52094640e-01  1.97214025e+00
 -4.02969013e-01  9.88584762e-01 -6.86801786e-01 -1.01610624e+00
 -5.78889570e-01  1.13130944e+00  1.25896154e+00 -2.79607710e-01
  2.01494641e+00  1.57305288e+00  9.62008681e-01  7.19187344e-01
 -9.00272422e-01  9.39489609e-01 -1.25528905e+00 -6.54944299e-01
  5.52866516e-01  3.99517639e-01 -1.23063295e+00  8.66589760e-01
 -2.44719273e-02  3.04068116e-01  6.37566546e-01 -1.57878500e+00
  8.11391193e-02 -1.52773557e+00 -1.04880262e+00  1.38386922e+00
 -1.96611315e+00  1.75068361e+00  5.84506540e-01 -7.46681566e-01
 -9.69143120e-01 -1.14047188e+00  7.09878013e-01 -3.78978327e-01
  8.53168372e-01  1.27352159e+00  8.90916998e-01  5.75931614e-01
  1.76380335e+00  2.29472479e+00 -5.70969650e-01  1.20789983e+00