-4.69874718e-01 -1.31756532e+00  1.99466091e-01 -1.11653942e+00
 -1.00282073e+00  8.41728893e-01 -1.62026443e+00 -1.65667315e+00
 -1.24435858e+00  8.36774700e-01  9.00077630e-01  1.07110045e+00
 -5.27383170e-01  3.90674578e-01 -6.18254966e-01 -9.45957239e-01
 -4.25047125e-01 -2.90565093e-01 -1.46058008e+00 -1.10903451e+00
  1.54234709e+00  1.67460200e+00  9.22976957e-01  6.23423273e-01
  1.38492894e+00 -3.53172002e-01 -2.50130000e-01 -1.01227341e+00
  2.99959330e-01 -6.65629137e-01 -1.68514183e+00  2.10402606e-02
  1.18222598e+00 -4.83825264e-01 -8.31232516e-01 -1.49409646e+00
 -1.44147968e+00  1.04898967e+00  6.88486202e-01 -1.52007485e-01
 -3.19862742e-01  1.15420248e+00  5.18974342e-01  3.26415534e-01
 -7.25566576e-01 -9.22163796e-03 -2.86343250e-01  8.66925119e-01
  1.17608933e+00 -1.36055225e+00 -7.74682902e-01 -8.59460775e-01
 -8.32297912e-02 -3.98071135e-01  1.19179199e+00 -1.75794173e+00
 -8.34833891e-01 -1.25173504e+00 -7.70445879e-01 -6.28258244e-01
  5.61962596e-01  1.05960798e+00  1.02170093e+00 -1.03656091e+00
 -5.59404084e-01  7.85429987e-01  3.24141676e-01  1.00703628e+00
  6.87288564e-01  8.09939010e-02 -1.18743361e+00  8.98075808e-01
 -2.30882532e-01  6.88112132e-01 -3.22177958e-01 -1.13287990e-01
  2.57813592e-01  1.44509122e+00 -1.76330036e+00 -4.22527510e-01
 -2.12441016e+00  1.33396300e-01  8.92194702e-01 -2.47308151e+00
  5.78765350e-01  2.51860391e+00  2.40243110e+00 -1.67829355e+00
  1.20697904e+00 -4.04462497e-01  2.07941342e-01  9.31245890e-01
  2.17298976e-01  8.22308517e-01  9.49721485e-01 -5.59338965e-01
  2.97170790e-01  8.28451146e-01  9.83528853e-01 -1.08331407e+00
 -8.29010215e-01  1.02010556e-01  1.01627409e+00  2.20039964e+00
 -6.69514624e-02  1.64493327e+00  1.10767241e+00  1.43787476e+00
 -3.74197920e-01  6.11547384e-01 -7.51258380e-02  2.73510693e-01
 -1.04455893e+00 -6.09105979e-02  3.72199062e-01  1.55200528e+00
 -7.87771364e-01  1.35340182e+00  2.87074785e-01  2.96171109e-01
  2.88450111e-01  2.60414508e-01 -7.51620181e-01 -1.32882595e+00
  4.15290000e-01 -1.69004044e-01  1.11559681e+00  3.23417072e-01
  5.60350170e-01  1.61389175e+00 -9.67377042e-01 -7.41950753e-01
  1.07719925e+00  1.83724359e+00  4.28011316e-01  2.53112687e-01
 -6.22582667e-01  3.19010918e-02  1.12816483e+00  1.22622276e+00
  6.00244494e-01 -6.57294675e-01  1.05520367e-01 -1.43547705e-02
  9.14168227e-01  9.82872759e-02  1.59385425e+00  1.69587860e+00
  2.12303870e-01 -1.68136903e+00  7.87391541e-02 -3.22538308e-01
 -1.02082247e+00 -8.20515447e-01 -4.83456910e-02  1.38860659e+00
  9.14844797e-02 -9.33781575e-01 -2.47468926e-02 -7.70827678e-01
 -9.93898013e-01  1.22746956e+00  7.80214480e-02  1.69485558e+00
 -6.76799941e-01  2.81358978e-01  1.04587411e+00 -5.46733955e-02
 -5.33557398e-01 -1.55220496e-01 -1.75635726e+00 -1.78321807e-02
  6.83985893e-01 -8.58325469e-01  1.10994609e-01 -1.16054410e+00
 -1.55973118e+00 -1.25655835e-01 -1.21323533e+00  1.64381272e+00
  9.22827862e-01 -2.77825764e-01  5.90885216e-01  4.94858288e-01
 -1.15150252e+00  7.60601400e-01 -1.47525344e+00  9.52953178e-01
  2.56505047e-01 -2.63344346e-01  8.83706434e-01  5.30702200e-02
  8.11943195e-01 -1.27929786e+00  5.07947460e-01  8.78839541e-01
 -8.45327994e-01 -5.59957186e-01  1.33387320e-01 -8.97995223e-01
 -8.21019075e-01 -1.77825950e+00  9.05246735e-01  3.29153297e-01
  3.89554687e-01  5.89566877e-01  1.91571335e-01 -8.67264364e-01
 -5.46257782e-01  6.32148682e-01  1.59127474e-02  1.10819494e+00
 -5.03822257e-02 -7.50694824e-01 -1.50056604e+00 -5.44302314e-01
 -5.84955567e-01  3.64213432e-01 -5.76900240e-01  7.84213869e-01
 -5.01723083e-01  2.92018791e+00 -7.63316079e-01 -2.74087648e-01
  1.17567650e-01 -7.14715781e-01 -1.37663877e-02 -3.03355624e-01
 -5.34005019e-01  9.62693109e-01  1.02661491e+00 -7.19743225e-01
 -9.36772633e-01  7.33151033e-01 -5.37886155e-01  1.41334902e+00
  1.42947698e-01  1.44002393e+00  7.34276051e-01 -6.75673597e-03
 -3.51643400e-01 -7.10146194e-01  5.26895881e-01  1.75780471e-01
  1.66130912e+00 -4.81578680e-01 -1.96737833e-01  7.55699645e-01
 -1.16534648e+00  4.46326227e-01 -3.35622565e-01  6.49895136e-01
 -8.85089887e-02 -7.25508373e-02  9.23550046e-01 -3.35125650e-01
  2.21881095e+00  1.96031260e+00 -1.98495214e-01 -7.21408307e-01
  6.04576162e-01 -2.88400260e-02 -6.93089100e-01 -1.36062887e+00
 -2.26093579e-02  9.88593167e-01  1.07248475e+00 -1.75492797e+00
  2.71123443e-01 -1.71991537e+00 -8.14740692e-01  6.95093471e-01
  1.45309147e-01 -4.06073460e-01  1.21934830e+00  5.80829238e-01
  8.34655870e-01 -1.20410561e+00 -1.15845842e+00  1.36995950e+00
  7.96920941e-01  4.90139116e-01 -2.88497534e-01 -3.88020634e-01
  1.66789151e+00  3.04659812e-01  2.41339018e-01 -1.39052308e-01
 -1.73100673e+00 -6.85710376e-01 -7.20436197e-01 -1.65746077e+00
 -1.49815530e+00 -2.95529107e-01 -1.13453514e+00  5.31233059e-01
  2.85223500e-01 -2.68402575e-02 -3.25773790e-01  5.04990639e-01
  1.75945397e-01  6.24888331e-01  6.78021776e-01  5.51595219e-01
 -7.04807095e-01  1.38808370e+00 -7.98557854e-01  1.60661470e-01
  4.40856032e-01  5.79869557e-01  1.88842261e-01 -3.35754548e-03
 -4.74673154e-01  8.69419651e-01 -3.15146043e-01 -5.18833599e-01
  6.03358734e-01  3.53373411e-01 -8.29413460e-01 -7.78374759e-01
 -1.44877834e+00 -9.91827423e-02 -9.24862966e-01  1.65356057e+00
 -1.47824960e-01 -1.43323995e-01  1.51268890e+00 -6.93159499e-01
 -1.27915805e+00  7.58038349e-01 -7.30098851e-01 -2.67370177e-01
  3.89898326e-01 -1.99408936e+00 -8.12509901e-01 -2.32631378e-01
 -7.43569562e-01 -8.34749119e-01 -1.25951395e+00 -1.61068252e+00
 -1.08858918e+00 -4.04786129e-01 -1.70632356e-01 -5.46717213e-02
 -1.12347626e+00  5.33904350e-01  5.68313565e-01 -6.69311359e-01
  1.46621495e+00  3.99239014e-01 -9.98879745e-01 -9.28806317e-01
  2.40597196e+00 -1.69377480e+00 -9.15871510e-01  3.39090443e-01
  1.91478366e-01  9.24802967e-01 -1.13589260e+00  6.54235582e-01
 -9.63092395e-01  9.83102468e-01 -1.44581589e+00  5.97553612e-01
 -1.03111454e-01  2.85573559e-01 -1.52503603e-01  9.20616949e-01
  2.44459611e-01 -1.52657226e+00  8.95213908e-02  5.42407323e-02
  1.35032886e+00 -7.25248127e-01  7.36772176e-02  2.21425774e-02
 -1.06558635e+00  9.97245784e-02  8.30696228e-01  5.59342239e-01
 -6.12234261e-01  1.73933965e+00 -1.43962648e+00  2.54683865e-01
  1.39981225e+00  3.33855337e-01 -1.37208492e+00 -9.01687936e-01
 -6.86912405e-01  1.81939982e+00  2.69482402e-01 -4.24521688e-01
 -4.02114010e-02 -9.45068780e-01  1.26619663e+00  2.82772172e-01
 -2.36799040e+00 -1.13016866e+00  7.70345553e-01  7.25333124e-01
  4.74937561e-01 -1.29318576e+00 -2.11060985e+00 -9.05726198e-01
 -3.51832924e-01  3.40707718e-01 -1.20648031e+00 -1.09384604e-01
  6.39348123e-01 -1.00499966e+00 -4.84200605e-01 -7.03993439e-01
 -7.00632914e-01 -4.65900149e-01  1.53518153e+00 -2.39335126e-01
  1.37768856e+00 -4.71984706e-01 -1.16710589e-01  1.34726189e-01
 -1.12890507e-02 -7.48009573e-01  4.81836324e-01 -5.81249063e-02
  3.11840701e+00  4.74881321e-01  3.00794518e-01  1.73182379e+00
 -1.53657118e+00  8.91159361e-01 -1.45718394e+00 -2.13794207e+00
  6.06286090e-01  3.88040752e-01  9.61012062e-03  3.88526904e-01
 -1.01326485e+00  3.65710186e-01  5.69314996e-02  5.20931822e-01
  2.76769791e+00 -2.20478951e+00 -2.97865477e-01  1.78074533e-01
  4.61872081e-01  6.47234973e-01 -1.76764449e+00  1.55102414e+00
 -1.16817195e-01  1.07883869e+00  1.53560950e-02 -8.92265016e-01
  4.42820127e-01  8.61220929e-01  7.36887457e-01 -1.85435348e-01
  1.13770306e+00 -1.04584251e-01 -1.55954839e+00 -1.21324746e+00
  1.00614991e+00  5.45348030e-01  1.44411972e+00  1.90472104e-01
 -4.36808354e-01  2.03076993e-01 -8.16878788e-01  6.77245024e-01
  4.16076852e-01 -1.21836378e+00 -6.09223369e-01  1.05011801e+00
 -6.51846444e-01  2.26326269e+00 -5.36431493e-01 -5.68072235e-01
 -3.11717151e-01 -1.07715738e+00  1.74183724e+00  1.59585663e+00
  1.09800631e+00 -5.77326188e-01  8.88199065e-01  1.69996604e-01
 -1.38945639e+00 -3.01389648e-01  3.20686331e-01 -1.13210446e-01
 -9.50919148e-01 -9.76009339e-01 -8.33404316e-01  6.57765096e-01
  1.51469681e+00 -9.67751257e-01 -4.00071684e-01 -3.17177183e-01
  1.34239121e+00 -9.32156938e-02 -4.82413119e-02 -1.52289687e+00
 -4.38587653e-01  3.02636783e-02  4.37966775e-01 -5.45101698e-02
  4.97032524e-01  2.99613594e-02  1.54260783e+00  4.67770704e-02
  1.10921435e+00  2.65188173e+00 -1.87294859e+00  1.31897353e+00
  7.97965741e-01  1.34418829e+00  3.66220368e-01 -3.84460679e-01
  8.76503851e-01 -8.39960832e-01 -1.39880787e+00 -1.84696187e+00
 -9.81660784e-01 -2.38407709e-02 -7.15947905e-01 -3.55763702e-01
  2.35818888e-01  8.13471074e-01 -4.25163586e-01  1.43560551e-01
 -4.57910977e-02 -4.08633123e-01 -1.42576054e-01 -1.29783192e+00
  1.92532329e+00 -5.22237019e-01 -1.83378872e+00 -5.91807741e-01
  8.04027760e-01  1.31153559e+00  5.35231170e-01 -1.62872569e+00
 -2.47325817e+00  3.23030711e-01  1.87880754e+00 -1.16973853e+00
 -2.85587160e-01 -5.35491781e-01 -1.13825686e-01 -3.21399357e-01
 -1.68656127e+00  7.45200052e-01 -7.63616183e-01  1.09155432e+00
  4.09603173e-01  4.67931700e-01  6.71499958e-01 -1.21543095e+00
  4.86303699e-01 -7.24837972e-01  4.76292301e-01  3.33224105e-01
  1.48650168e+00 -1.21262581e-01 -5.71233123e-01 -1.39235545e+00
  1.71918319e+00 -8.25456868e-01  6.45587921e-01  1.54907892e+00
  1.25442364e+00 -3.36143897e-01 -9.56683343e-01  1.50940337e+00
  1.86563069e+00  4.09154295e-01  1.69718706e+00 -3.11725368e-01
  4.24862541e-01 -1.59639875e+00  4.97230535e-01  1.12290627e+00
  1.96478076e+00 -1.39564207e+00  1.69757059e-01 -3.28984744e-01
  1.35448101e+00 -1.24193502e+00 -2.91895982e-01  3.12426611e-02
 -1.97386740e+00 -6.80047334e-02 -2.58633900e-01  8.42352089e-01
 -6.06483452e-01  1.23809359e+00  4.59003025e-01  3.49144712e-02
 -3.43051356e-01 -1.39806670e-01 -1.11954229e+00 -4.57261081e-01
 -1.22857998e+00 -5.31003232e-01 -3.27913628e-02 -1.14490626e+00
  4.95835104e-01 -4.41784798e-01  4.37599338e-01  8.77919099e-01
  1.13372787e+00 -9.03147507e-02 -3.82557755e-01  3.34653531e-01
  1.08330616e+00 -3.96330384e-01 -2.68245070e+00  1.79937167e-01
  1.26155447e-02  6.46881039e-01  1.20985221e+00 -5.10765614e-01
  3.38510881e-01 -8.09819071e-01 -1.10372687e+00 -1.35458855e+00
 -6.82086315e-01 -1.87025907e+00  5.16226186e-01 -8.15054687e-02
 -1.89066840e+00  9.42271691e-01 -1.36319401e-01 -6.66121073e-01
  4.53928464e-01  1.23698709e+00 -2.92642377e-01 -2.97915392e-01
 -3.72338766e-01  1.29865658e+00  4.08229491e-01 -3.70328749e-01
 -7.55138167e-01 -3.59586087e-01  8.24578628e-01  1.72013934e+00
  7.95845771e-01 -2.78636193e-01 -5.73408001e-01  3.50651780e-01
  7.15547469e-02  9.44804093e-02 -1.01317237e-01 -1.43338056e+00
  2.31770069e+00  2.86858447e-01  5.25464744e-01 -1.76707830e+00
 -3.13467069e-01 -2.21420443e+00 -4.82785262e-01  5.41747577e-01
 -1.36544355e+00 -4.13598180e-01  2.10475401e+00 -5.53745655e-01
  3.19080265e-01  3.60728361e-01  1.52999294e-01 -8.02594362e-01
  7.70222749e-01  5.41772779e-01 -2.55153426e-01 -7.39935919e-01
  1.17973682e+00  7.61144650e-01 -5.59934182e-01  1.59145790e+00
 -1.49464913e+00 -6.47694468e-01  2.10538085e-01 -3.44825144e-01
 -7.78871071e-01 -1.15047907e+00  1.23494640e+00 -2.15538329e+00
  1.22467755e+00 -1.12012589e+00  1.11304925e+00  4.35306565e-01
  1.22986697e+00 -9.51492441e-01  1.88061903e+00  1.53731706e+00
  1.18338520e+00  1.84865169e-01  6.08645222e-01  1.30377836e+00
  2.40430842e+00  1.51196976e-02  2.03378600e+00 -2.80318626e-01
  4.34768483e-01  2.13015367e+00  1.29872665e+00 -4.26100909e-01
  2.78064151e-01  4.47953089e-02  1.11771095e+00 -4.10689169e-01
  3.24463333e-01  1.62394574e-01  8.30621665e-01  2.84135121e-01
 -3.29935154e-01 -8.36166925e-01  6.89905132e-01 -5.46186035e-01
  7.78487565e-02  1.44418880e+00 -1.21273196e-01 -1.75228245e-01
 -2.54366510e+00  1.79028280e+00 -1.10229000e+00 -4.34153119e-01
  1.10246178e+00  7.99416920e-01 -1.85783165e-01 -1.41118281e+00
  7.56452627e-01 -9.83558971e-01 -2.20702536e-01  2.21232267e-01
 -1.78431709e+00 -5.12724651e-01 -1.87922577e+00  6.45035744e-01
 -2.21799054e-01 -7.91164119e-01  8.52645727e-01  2.21772551e+00
 -1.67045045e+00  2.74016419e+00 -1.31571146e+00  5.55015699e-01
  1.56573430e+00 -7.29009363e-01 -2.30294576e-01  5.81366939e-01
  4.81686047e-01  1.25112980e+00 -6.06191676e-01 -3.47216315e-01
  5.81122495e-01  1.44112493e+00  8.13167717e-01 -9.00785275e-01
 -1.03899485e+00  1.84641098e+00  3.18459084e-01 -6.35927643e-02
 -5.35370982e-01 -3.72950915e-01 -3.94777885e-02 -3.78398398e-01
 -4.75821095e-01  4.14960321e-01 -3.74701572e-01  3.83676308e-01
  2.09842394e+00 -1.37938944e+00 -8.55529280e-02  1.03176098e+00
 -1.29927949e+00 -4.41323417e-01  4.63714653e-01 -7.09420718e-01
 -3.23843588e-01  5.88061128e-02 -1.90231406e+00 -2.11682598e+00
  1.83596368e+00  1.15830877e+00  4.89850012e-01 -2.96272146e+00
 -1.24147012e+00 -1.99918053e+00 -3.18269652e-02 -1.74338473e+00
  1.79578977e-01 -7.73579929e-01  8.35884964e-01  1.25750457e-01
  1.74782788e-01  3.86846993e-01  1.43744283e+00 -3.56007520e-01
 -1.63929922e+00 -9.39396757e-01  2.05962351e-01  1.63256421e+00
 -3.81865890e-02  4.52897071e-01 -1.14985564e-01  1.95439574e-01
 -2.46705712e-01  1.61485040e+00 -9.37656977e-01 -4.03673057e-01
  3.78214712e-01  1.19240082e-01  2.57545448e+00  3.07606890e-01
 -1.16545931e+00 -6.28091773e-01 -6.42370003e-02 -2.23751155e-01
 -5.28070552e-01  9.14792961e-01  1.52783886e+00 -1.06943567e-01
  3.01105666e-01 -1.49129145e-01 -2.12273450e+00 -1.56476864e+00
  4.69008753e-01 -8.09240486e-01 -5.30823940e-01 -1.90523118e-01
 -3.81429153e-01  2.98438113e-01  1.81660473e+00 -2.60050822e+00
  4.44937666e-02  9.92906831e-01 -6.11749475e-01  1.20124005e+00
 -1.00421474e+00 -5.01566173e-01 -9.40204481e-01  1.01556847e+00
 -1.19856829e+00 -8.34842355e-01  1.62052314e+00  5.06593394e-01
 -1.47073632e+00  1.43578717e+00 -1.53506502e-01  4.55558744e-01
 -3.64917453e-01  4.09763776e-01  2.49983118e-02  1.39699806e+00
 -6.95782980e-02  2.02497827e+00  4.43255271e-01 -1.05704021e+00
 -1.73673326e+00 -8.59716961e-01  1.13260215e+00  2.19474433e+00
 -1.62201676e+00  2.98968990e-01 -4.18092076e-01  8.44382129e-01
  4.70718438e-01  1.45847165e-01 -3.66005556e-01  1.88231937e+00
  7.66411641e-01  3.94989107e-01 -7.72923165e-02  2.16546286e-01
 -1.69717748e+00 -7.69397666e-01  3.07934942e-03  1.73417173e+00
  7.06676194e-01 -9.98210559e-01 -8.63722897e-01 -1.86944991e+00
 -2.09266667e+00  1.72875700e+00 -7.29047816e-01  2.60784500e-01
  7.39040983e-01  1.63829392e-01 -6.96452535e-01  1.76284750e+00
  6.36043987e-01  3.76662840e-01 -1.08094681e+00 -1.42896444e+00
  6.30133760e-01 -2.95526232e-01 -5.26507885e-01  4.42505949e-01
 -1.46531656e+00  6.04388067e-01  1.10771761e-01 -6.59774933e-01
 -1.63380095e-01 -3.29042658e-01  1.57282159e+00  1.77135622e+00
  2.84996395e-01  8.80871488e-02 -5.13235858e-01  1.18802975e-01
  4.59199394e-01 -1.99389612e-01 -3.61347011e-01  1.45796933e+00
  7.39517573e-01  1.15435134e+00 -1.07713527e+00  4.49836607e-02
  1.11495498e+00 -7.01199693e-02  1.99241921e-01 -5.94656662e-01
  6.87220366e-01  8.67388373e-01  1.84992020e+00  8.57943111e-01
  7.17416662e-01  7.00207060e-01 -8.04822812e-01  1.31428417e+00
 -8.10364106e-01 -1.61580357e+00  4.50697542e-01  2.94723426e-01
 -1.98240545e+00  4.22328884e-01  4.02333135e-01 -1.44574868e-01
  1.25642491e-01  1.53219854e+00  1.13737828e+00  5.71967847e-01
  8.17252745e-01 -1.78932138e+00  8.82079232e-02  2.65734050e-01
  8.98123757e-01  9.26855631e-01  2.44017584e-01 -4.75947049e-01
 -5.29864604e-01 -1.89392253e+00  1.30856787e-01 -3.18757672e-01
 -3.83074694e-01  5.98710101e-02  3.08008168e-01 -1.05154231e-01
  5.00487757e-01  4.31725081e-01 -1.38467032e+00 -3.66815011e-01
 -1.14266933e+00  4.26872950e-01  2.65798470e-01 -6.07867467e-01
 -5.64775220e-01  1.31940617e+00 -1.98556753e-01 -2.11560898e-01
  3.67847139e-01  8.40522653e-01 -7.92102336e-01 -4.69997167e-03
 -2.22341277e-01 -1.91854937e-01  1.14218484e+00 -8.76095018e-01
 -1.78708527e+00 -3.09870922e-01 -1.36904367e-01 -1.78530821e-01
 -2.45030211e-01  5.06673660e-01  5.13101808e-01 -1.79420281e+00
 -8.07756652e-01 -1.27816346e+00 -3.54399827e-01 -3.77288947e-01
  8.53263757e-01  4.38788907e-01  1.46466292e-01 -1.21869167e+00
  1.33034432e+00 -5.12313963e-01 -9.80784275e-01  1.94636933e+00
  2.83756699e-01  6.70340022e-01 -6.44179019e-01  1.82426605e-02