 1.62480041e-01  1.89984580e-01  4.09998518e-01  2.87019050e+00
  2.22074003e-01  1.10920873e-01 -9.08889172e-01  4.61250442e-01
 -4.80357706e-01 -1.61814217e-01 -6.67192854e-01 -1.50797413e+00
  6.02033909e-01 -6.13099274e-01 -4.68037152e-01  2.17103935e+00
  3.43067758e-01  1.60523590e+00 -1.44791446e+00 -8.84733308e-01
 -2.12309644e-01  2.52206892e-01  5.71711315e-01  1.36223642e+00
  3.26263873e-01 -6.33825010e-01  5.43472364e-01 -1.10602338e+00
 -5.76974285e-01  7.09245497e-01  8.53567916e-01 -1.32414910e-01
  1.56388318e+00  4.16401959e-01 -7.86948678e-01  2.38165896e-01
 -1.01406529e+00  1.03135182e+00  6.28856710e-01  1.00073770e+00
  1.62282365e-01  6.18048671e-01  9.69675256e-01  1.50919589e+00
 -4.18361618e-02 -1.88707276e-01 -3.12685323e-01 -7.63601416e-02
  7.00286032e-01 -6.40569264e-01  1.58907852e+00  1.31901329e+00
  1.53466713e+00  2.23795713e+00  1.12373266e+00 -5.38479320e-01
 -9.34100008e-01 -4.24997444e-01  9.27902322e-01 -1.66804691e+00
 -1.35813318e-01  2.24694011e-01 -9.58738997e-01 -9.78485519e-01
  8.23547917e-01 -2.37815268e+00  3.76417728e-01  3.37342757e-01
  1.56148506e-01  1.37581787e+00  3.97515512e-01 -6.07058523e-01
 -5.54126089e-01 -5.80724382e-01  6.27202764e-02  1.35689649e+00
  1.72939608e+00  1.62590005e-01  1.21702470e+00  3.65615306e-01
  3.46431309e-01 -1.14822115e+00  8.28171941e-01  1.39371867e+00
 -7.46291974e-01 -9.63843568e-01 -5.89674976e-01  5.76056902e-01
  7.69469092e-01 -7.71424402e-02  1.73189250e+00 -1.36481080e+00
  3.21106318e-01 -5.74615209e-01 -5.69184090e-01 -1.00158474e+00
  9.84997541e-01  7.52824470e-01  7.33828017e-01 -1.19200920e+00
 -7.08947723e-01  5.17324975e-01 -6.71409055e-01  4.27423806e-02
  1.28953500e+00 -2.03627743e-01  1.53374845e-01  1.01245733e+00
  3.68026887e-01  1.47983347e+00 -4.05398413e-01 -3.24378562e-02
  1.54880883e+00  2.07372007e+00  3.69878895e-02  1.17560350e+00
  8.07208575e-01  1.64713317e-01 -5.96830189e-01 -5.04630067e-01
 -4.52867957e-02 -5.23756229e-01  6.55470904e-01 -1.93821749e+00
 -3.50712589e-01 -3.72986850e-02 -2.68827256e-01  7.19333841e-02
  5.21674453e-01  5.89918345e-01  6.29880371e-01 -3.72180239e-01
 -1.42711280e+00  1.18134132e+00 -1.72204955e+00  4.73680167e-01
  2.49534780e-01 -1.30816058e-01  4.55384268e-02  1.36589400e-01
  2.53418105e-01  4.96908376e-01  1.12073353e+00 -1.33747621e+00
  2.60140251e-01 -7.73064209e-01  6.62851092e-01 -4.97692092e-01
  5.69936075e-01  1.37194947e+00  2.81649316e-01 -6.51071259e-01
  2.09061214e-01  4.57418767e-01 -5.22155806e-01  9.13224366e-01
 -1.68578943e+00  4.01562520e-01  8.00754115e-01  2.09573422e+00
  2.90776299e-01 -6.22991727e-01 -5.33275324e-01 -9.33061210e-02
  1.62430059e+00 -4.08479281e-01  7.86779911e-01  1.12485690e+00
  4.29403687e-01 -1.50451016e+00 -1.38435224e+00 -1.61617101e+00
  3.09475809e-01 -6.98357969e-01 -2.81638897e-02 -3.42249559e-02
  1.79186799e+00 -1.80193008e+00 -6.76870281e-02 -1.49880098e+00
 -5.01137431e-02 -1.43307741e+00  1.25271297e-01  4.22214269e-01
  6.30204159e-01 -1.92363872e-01  7.88548076e-01  1.48893266e+00
  4.98645466e-01  1.90327315e-01  2.28070433e-01 -1.02598937e+00
  1.28256767e+00 -3.71455653e-01 -2.26418889e-02  9.50556015e-01
 -9.85054576e-01 -9.59675635e-01  1.33950792e-01  6.93569017e-01
  1.56737236e+00 -6.17567744e-01  8.39395127e-02  6.46105933e-02
  4.21795076e-01 -1.59349371e+00  3.56018944e-01  4.88061543e-01
  2.38684734e+00  2.19522182e-01 -3.42266018e-01 -1.20879579e+00
 -1.91940457e-01  1.20671448e+00 -1.01763113e+00 -1.75612899e+00
 -2.16010728e-01 -1.31892778e+00 -5.09976012e-01 -1.43655522e+00
  5.14253490e-01  8.09197020e-01  3.75712709e-01  1.57750714e+00
  1.82803489e+00  1.28233168e+00 -3.22173292e-01  1.94339151e+00
 -1.40356398e-01  6.19481274e-01  5.16484351e-02 -6.90793210e-01
  1.54505360e-01  1.38960990e+00 -4.48853553e-02  7.90409523e-01
  9.76438041e-01  1.48677576e+00 -9.23368404e-01  2.35078626e-01
  3.89685674e-02 -7.41228788e-01 -9.20404546e-01  1.44760263e+00
 -5.43970581e-01  3.18006794e-01 -1.11486946e+00 -1.84467107e-02
 -7.56221004e-01 -9.76514784e-01 -9.39397573e-01 -4.09354393e-02
  5.79841143e-01  2.04302654e+00  1.61498956e+00 -1.12160605e-01
  6.36464836e-01  7.48283836e-01  3.98339103e-01 -6.22657863e-01
 -9.87025608e-01 -1.06387608e+00  4.77251507e-01  1.00486578e+00
 -6.29330125e-01 -8.23832446e-01 -5.29717674e-01 -6.72400525e-02
  1.70346320e+00  3.81929587e-01  6.27939882e-01 -1.35914079e+00
 -1.31530217e+00  1.66940556e+00 -8.85421024e-01  2.40415639e-01
  1.23950371e+00 -1.10772741e+00  3.52394994e+00 -4.49784757e-01
 -7.67798801e-01 -1.61486725e+00 -8.30492419e-01  3.12228857e-01
  5.78100400e-01 -1.56311126e+00 -9.49005413e-02  6.42067988e-01
 -3.47601104e-01 -9.77608027e-01  7.74605596e-01 -7.58729358e-01
  1.50294491e-01 -6.26238048e-01 -2.59648558e-01  5.71825892e-01
 -1.34929276e-01  1.30777525e+00  9.97590715e-01 -2.61036857e+00
  4.18146041e-01  5.37053818e-01  1.02587458e+00 -3.16064734e-01
  1.23015248e+00  2.45771461e+00 -1.06108679e+00 -1.02352846e+00
  3.14617120e-01 -1.44641054e+00  5.76634763e-01 -1.24960707e+00
 -5.01949857e-01 -6.31286444e-01  3.17090143e-01  8.55311841e-01
  1.80469592e-01 -9.23643894e-01  7.32632837e-01 -2.91161185e-01
  3.14437038e-01  1.13169764e-01  1.20068353e-01  3.60309733e-01
  1.83460820e-01 -1.23696365e+00 -1.76532171e-01  3.64358992e-01
  3.67627553e-01  1.97277188e-01 -3.33889710e-01 -4.66718962e-01
  1.09717753e+00 -3.69222022e-01  1.53909267e+00  2.69542754e-01
  7.94450058e-01  2.08779699e+00  5.01318307e-01 -7.35415809e-01
  7.57809587e-01 -1.46083698e+00  1.19220728e+00 -1.18937438e+00
  3.85555269e+00  1.75227203e+00 -1.52858421e+00 -1.42870267e+00
 -7.50012071e-01  9.95500077e-01 -4.67091355e-01 -4.37478120e-01
  8.53911122e-01 -1.12217485e+00  1.37960273e+00 -5.56104000e-01
 -1.57671977e+00 -4.54751372e-02  5.50792489e-01 -2.72712434e-01
 -2.29394293e-01  1.41592045e+00  1.23486993e-01 -1.97597673e+00
 -7.58336339e-01  1.38195292e+00  5.95940265e-01 -1.21797217e+00
 -4.25852762e-02  8.26868815e-02  2.31483449e+00  5.43922385e-01
  1.18822671e+00  5.05481112e-01 -1.40648476e+00 -1.13297020e+00
 -1.77153603e-01 -1.44467638e+00 -9.69575840e-01 -3.78444635e-01
  1.25384208e+00 -1.13072745e+00  1.25957040e+00 -7.31993352e-01
 -8.96536052e-02 -5.97456678e-01  1.80680145e+00 -3.87015555e-01
  1.63610696e+00  1.93151975e-01  8.34484706e-01  1.52968742e+00
  7.49155990e-01 -8.32205155e-01  5.54458941e-01 -1.51267874e-01
 -2.42013459e-01 -8.72501376e-01  1.77589041e-01 -7.00692003e-01
  1.20021909e+00 -3.19216966e-01  1.62935359e+00  6.22927014e-01
  3.67365613e-01  1.72432237e-01  6.74642720e-01 -9.55012404e-01
 -8.71316563e-01 -9.96598982e-01 -1.18364899e-01  7.79535709e-01
 -6.21590941e-01 -2.19137330e+00  2.00689109e+00 -3.83181876e-01
 -7.56840527e-01  1.49008648e+00 -7.65855242e-01  2.17442108e-01
 -3.11720364e-01 -4.27680805e-02  8.32743469e-01 -6.47115263e-01
 -7.24732359e-01 -1.95195235e+00 -2.32210607e-01  8.76464724e-01
 -6.02210376e-01  9.30198567e-01  1.24388841e+00  1.46591843e+00
  9.45958456e-01  1.93394969e+00 -6.99800213e-01 -1.32589890e+00
  1.68388866e+00 -3.70661556e-02  5.42383886e-01  1.42705187e+00
 -1.57883541e+00  2.07493649e+00  1.16973426e-01  6.04466430e-01
 -2.82492800e-02  3.05513598e-01 -1.35346106e+00  6.67336880e-01
 -1.36916110e+00  4.34116223e-01 -5.63522527e-01 -4.83722841e-01
 -1.13507761e+00  1.12283145e+00  5.32090595e-01 -1.27201452e-01
 -4.84234462e-01  1.50251774e+00  2.31920442e-01  8.02265028e-01
 -5.19994244e-01  5.36459944e-01 -4.74832391e-01  1.71422155e+00
  1.70835249e-01 -1.01538808e-01  8.21285692e-01 -5.82403673e-02
  2.68365965e-01 -8.00742082e-02 -5.15775460e-01  8.57212060e-01
  1.94960218e+00 -5.19204647e-01  5.07740113e-01  4.25311239e-01
 -4.61079995e-01  1.98859138e+00 -1.97077490e-01 -1.09183065e+00
 -8.08347346e-02  5.67870613e-01  6.88926737e-01 -8.81274979e-02
 -2.50240217e+00 -9.31368514e-01  9.09727264e-01  1.10776458e+00
 -2.58484503e-01 -8.26752305e-01  1.81932955e+00 -9.22052779e-01
  2.47453123e-01 -1.68364895e+00  9.26253813e-01 -7.44697548e-01
  8.96603591e-01  1.02684678e+00  1.29806212e+00 -6.77742028e-01
 -1.04152207e+00  1.52296408e+00  3.19267022e-01 -1.80609850e-01
  3.19751766e-01  1.00771131e+00 -1.72100187e+00 -1.65662138e+00
 -5.52519536e-02  1.39583649e-01 -1.30821212e+00 -1.58765381e+00
  3.22036735e-01  9.19033751e-01  2.93693777e-01 -1.22309271e+00
  8.21034057e-01 -5.66324693e-01  7.03360314e-01 -1.34694132e+00
  4.79754021e-01 -2.07811374e+00 -9.49564777e-01  1.30930735e-01
 -5.88300729e-02 -1.67405467e-01  3.16237263e-01  1.38622856e+00
 -6.21085170e-01 -3.94676767e-01  7.97038733e-01 -6.90465598e-01
 -1.30733651e-01  1.24900899e+00 -6.23874015e-01 -3.88230459e-01
 -1.09193264e+00  4.12149528e-01  7.58757854e-02  4.37554407e-01
 -1.74780979e+00 -2.28647884e-01 -2.13906139e-01  1.62080374e+00
  1.27323685e+00 -3.60154895e-01  1.03902941e+00  1.57623468e+00
  5.01366840e-01 -9.08337251e-02 -1.16724970e+00 -1.63436459e-01
 -1.00888976e+00 -2.27652898e+00 -1.76192603e+00 -1.14423942e+00
  6.66842295e-01 -6.77709543e-01  3.11958328e-01  7.10804531e-01
 -9.01005291e-01 -2.82009049e-01 -1.19016735e+00  1.11075540e+00
 -4.35114658e-01  1.32979883e+00 -5.66707106e-01  1.12693806e+00
 -1.38600304e+00  4.86766174e-01 -1.38424990e+00 -9.25782693e-02
  5.46272973e-01  1.96511691e-01 -8.97032937e-01 -9.43615642e-01
 -1.90924385e-02  4.19041805e-01  9.02566980e-01 -1.54878194e+00
 -8.83290298e-01  4.18877988e-02  1.24671288e+00  9.87339302e-01
 -4.33141926e-01 -8.30922715e-01 -1.07486805e+00 -1.41161134e-01
 -1.80108937e-01 -4.81572316e-01 -1.09180053e+00  1.32154728e+00
 -1.06617193e+00 -4.93325055e-01  2.85478835e-01  7.96809645e-02
 -1.11057315e+00  1.86844916e+00  1.84110115e+00  4.18950888e-01
  6.83711832e-01  1.92224626e+00  7.33156168e-02 -1.62977977e-01
  1.03823500e+00  4.87168157e-01  1.29303661e+00 -4.36288794e-01
  2.16755748e+00 -1.58076142e-01  1.27546730e+00 -1.05419129e+00
 -5.38429907e-01 -5.23197172e-01 -2.18748595e+00  9.33927621e-01
 -9.75802291e-02 -4.43858795e-01  6.19238387e-01  6.48379762e-01
  3.73900818e+00  1.80488975e+00  2.63672199e-01 -3.17603390e-02
 -1.02977298e+00  4.82490780e-01 -1.75586963e+00 -5.77800075e-01
  1.39206092e+00  7.16715223e-01  2.89649341e-01 -2.38691668e-01
  1.50844237e+00  1.29307557e+00  1.32825551e+00  1.89944917e+00
 -1.21731920e+00 -6.88641284e-01  8.73560004e-01  1.57788741e+00
 -4.42372006e-01 -1.41292576e+00  2.68062635e+00 -1.81617196e+00
  3.06483124e-01  1.58743059e-01  2.28652663e+00  8.10775267e-01
  1.37977143e+00 -2.78048636e-01  9.20561372e-01  9.68417753e-01
 -1.64529586e-01 -2.03474185e+00  9.66472809e-01 -1.17434344e+00
 -2.79877076e-01  1.16906315e+00 -1.02579103e+00  9.39175719e-01
  1.52784527e+00  8.38846523e-01 -6.47223257e-01  1.16750804e+00
  1.81152293e+00  1.00654671e+00 -9.73896171e-01  1.93050538e+00
 -4.43337166e-01  2.57150604e-01 -4.55070376e-01 -3.05986423e-01
  5.94432818e-01  8.53785856e-01 -6.73711840e-01 -9.96747284e-01
  1.19749035e+00 -3.93165423e-01 -1.69965029e-03 -6.16813600e-01
  1.52865611e+00 -8.15503533e-01  9.66930136e-01 -5.05793869e-01
 -2.25905013e-02  1.42344195e+00 -1.52026988e-01  1.12342616e+00
 -8.88240347e-01  1.04793017e+00 -2.96158430e-01  1.46073634e-01
 -8.56195622e-01  1.56544853e-01 -2.45299925e-01 -6.83376205e-01
 -2.03092612e-01 -1.72221405e+00  1.50254220e+00 -2.59555915e-01
 -1.70224994e+00  6.74777038e-01 -9.56155826e-01 -2.68448634e-01
  1.72884508e-01  3.44641279e-01  7.34683236e-01 -4.49252876e-01
 -7.34216149e-01  2.26589943e+00  6.70640431e-01  3.29241751e-01
  4.88065212e-01  1.16439012e+00  5.72506043e-01 -3.93858043e-01
 -1.33316470e+00  2.14960492e+00  2.31771880e-01  6.21754825e-01
 -1.22069298e-01  9.80551760e-01  5.57396740e-02 -6.44716213e-01
 -1.37142006e+00  3.90302171e-01 -1.23358026e+00  1.17888479e+00
 -1.65809121e+00  1.53274336e-02 -1.05915876e+00  9.69589382e-02
  5.44728035e-01 -2.51168228e-01 -4.54279240e-01 -1.50047474e-01
 -2.99130940e+00  1.15532044e-01  8.21116914e-01  7.50312743e-01
  2.75040321e-01  7.46409461e-01 -1.00744550e+00  8.50739809e-02
  1.62174758e+00  5.26529647e-02  1.82509041e+00  9.87107002e-01
 -1.57283775e+00  6.59174631e-01 -8.72642106e-02  1.22846353e+00
  2.62246318e-01  2.44643514e+00  1.36224806e+00  1.05335537e+00
  2.47648297e-01 -1.65336834e+00  9.31520109e-01 -9.27923981e-01
  2.34343664e-01  1.00724939e-01  1.25623182e+00 -1.45418384e-01
  8.82893678e-01 -9.56625671e-01 -1.03547805e+00  1.03536349e+00
  1.65009985e+00  2.79816474e-01  6.38903606e-01 -4.18888179e-01
  2.11370588e+00  3.52553659e-01  1.15831793e+00 -1.68224626e-01
 -1.50103757e+00 -3.15447473e-01 -9.82123074e-01  1.56616711e+00
  1.62918045e+00  1.01368615e+00  5.06123028e-01  7.21384605e-01
 -1.93488022e-01  1.12249012e+00  3.44751695e-01 -6.15071081e-01
 -1.78274593e+00  4.08037696e-01 -4.70521320e-01 -5.04664607e-02
  5.07576450e-01 -1.00958297e+00 -5.81833685e-01 -5.43957014e-03
 -1.26672157e-01  6.62154710e-01  1.10982322e+00  4.72103805e-01
  6.89693959e-01  1.41562082e+00 -9.12144563e-01 -2.51954079e+00
 -2.26867426e+00 -2.14022090e+00  4.31971543e-01 -9.77358118e-01
 -8.94549335e-01  1.69202154e+00  2.59527309e-01  1.67989560e-01
 -3.20637658e-01  1.41587996e+00 -2.29508228e+00 -4.28766854e-01
  1.08991107e+00 -5.41098343e-01  1.18375660e+00  8.96782149e-01
 -1.43189804e+00  5.18077286e-01  9.52491184e-01  2.46692291e-01
 -1.98484118e+00 -4.22328961e-01 -9.94095374e-03  8.70264417e-02
  2.25582131e+00  3.75581242e-01 -2.14753876e-02 -7.73767220e-01
  1.02650031e-01  4.14712002e-01  1.38127033e+00  2.35950355e+00
  1.41501265e+00  1.12718903e+00  7.25532437e-02 -1.70570514e-01
  2.73001789e-01  1.98783222e-01  7.20100637e-01 -2.75026337e-02
  1.40463770e-01  9.85362498e-01 -1.70569031e+00  2.26264481e-01
 -2.37997838e-01 -5.67529442e-01 -1.81889886e-01  8.03826579e-01
  1.16038197e+00 -3.97861979e-01 -1.99497150e-01  5.33927532e-01
  3.99499103e-01  2.42065548e-01  1.93987112e-02 -2.06642209e+00
 -1.27919058e+00 -6.31297397e-01  1.33106391e+00  2.17320307e-01
  1.34098806e+00 -1.49387036e+00 -6.01379235e-01  6.90603172e-01
 -9.11889934e-01  7.59007088e-01  9.10981874e-01  1.15431693e+00
 -6.83564298e-01 -7.18320875e-02 -5.59262758e-01 -1.29562914e+00
 -2.90425497e-01  2.61343189e-01 -1.87310050e+00 -9.03200317e-02
 -4.82115114e-01 -1.90850184e-01  8.29160790e-02  4.03123407e-01
  6.31894362e-01 -9.72498926e-01  8.37755053e-01  3.40941235e-01
  8.99312044e-01  2.55207315e-01 -4.48750762e-01 -4.29753251e-01
  1.33882660e+00 -2.50498394e-01  7.35331253e-01  8.95970084e-01
 -1.24011057e+00  1.39798955e-01  5.65772715e-01 -1.32421195e+00
  1.50402185e+00  4.35714824e-01  1.74342455e+00  3.32729471e-02
 -5.35450832e-01 -1.93650939e+00 -1.75476015e+00 -1.42321047e+00
 -5.09505374e-01  8.00634536e-01  1.68255774e-01  6.78813898e-01
  6.74071763e-01  1.34398384e+00 -5.54810605e-02 -2.47716121e-02
 -4.28181836e-01 -5.65403265e-01 -4.36214070e-01  8.00900937e-01
 -5.43604274e-01 -1.04603420e+00  4.60213881e-01  1.51688186e+00
 -1.15788942e+00 -2.02777986e+00  3.21404273e-01  9.33869920e-01
  4.34734864e-01  5.47432710e-01  8.66139597e-01 -4.29327407e-01
  3.80725911e-01 -1.06231510e+00 -5.51377440e-02  4.62950625e-01
  2.01681574e+00 -3.10083996e-01  1.13831350e+00  9.81049163e-01
  2.46045264e-01  6.30306549e-01  1.15504824e+00 -2.41479698e+00
 -1.26570022e+00  8.33263949e-01 -5.19373535e-01 -7.85326970e-01
 -1.47209559e+00  1.12927311e+00 -8.13449289e-01  2.12671998e+00
 -1.03212537e+00  7.56431660e-01  1.82731343e+00 -5.39356559e-01
  4.27952586e-01 -8.02445865e-01  7.27155116e-01  2.81172119e-01
  8.89551776e-01  1.00392404e+00  7.28968007e-01 -9.02532635e-01
 -2.08665060e-02  9.03852866e-02 -1.13320335e+00 -1.83638910e-01
 -7.03923670e-01 -1.79349140e-01 -9.97166893e-01 -1.13231110e+00
  8.68669517e-01  1.73891876e+00  9.83876278e-03 -1.10462333e+00
 -1.26814057e+00 -1.94682876e+00  1.11251950e+00  1.23781595e+00
 -3.18027976e-01  7.86042155e-02 -1.29876728e+00  2.55954468e-01
  5.39771403e-01 -7.75431463e-01  1.99759206e+00  5.47758648e-01
  1.04020380e+00 -1.55488675e+00 -2.02653594e+00  1.69568870e+00
 -2.14417074e-01 -7.63165452e-01 -6.54588639e-01 -3.41507676e-01
 -8.99884241e-01  1.56010849e+00  9.22987630e-01  1.95276558e-01