-3.32310465e-01  3.93731587e-02 -4.35787995e-01  8.66942355e-01
  6.01436990e-03 -4.44321506e-01 -1.17944957e+00  1.23673610e+00
  3.88298438e-01 -4.08706605e-01  1.26917405e+00  1.24479422e+00
 -4.57261914e-01  6.73658530e-01 -1.64649476e+00 -6.35069459e-01
  6.95051609e-01 -6.23080247e-01 -1.02336237e+00  1.45879470e-01
  3.66877482e-01 -7.78766107e-01  1.37666194e+00 -8.70424419e-01
 -1.28104899e-01 -2.05006336e+00  6.83853900e-01  2.19467635e-02
 -7.47099608e-01  9.76870572e-01  1.35347736e-01  3.26556785e-01
 -5.37846030e-01  4.87248629e-01 -3.04971281e+00  6.58791220e-01
 -1.87830072e+00  8.33664865e-01 -6.34444356e-01  1.63874822e+00
 -4.23609000e-01  1.64305974e+00  3.18664116e-01  4.21711954e-01
  9.35545495e-01 -9.01993907e-01  1.12854225e+00 -6.85891952e-01
  1.57263984e+00 -3.86312475e-01 -4.12491268e-01 -8.86442691e-02
 -3.28205237e-01  5.08307069e-01 -1.14414515e-01 -3.34258326e-01
 -5.93521878e-02 -1.25488993e+00  5.87934038e-01  3.60217112e-01
  9.84294743e-02 -1.00730835e+00 -1.62222525e+00  1.03113501e+00
  3.08580926e-02 -1.16534985e+00  2.55526734e-01  3.77507145e-01
 -1.40178587e+00 -4.12987188e-01  1.24811135e+00  1.41199874e-01
  1.37666134e+00  4.68182684e-02  2.16934085e-01 -9.53153103e-01
  1.23176007e+00 -2.08687418e-02 -1.29420272e+00 -1.25475142e+00
  9.22189514e-02  1.40854415e+00  2.42721540e-01  3.84938070e-01
 -6.63210526e-01  9.31825165e-02  6.80059674e-02  1.34808760e+00
 -2.79183134e-01  3.29093394e-01  6.75766885e-01  3.85395429e-01
 -3.51324731e-01  7.67455385e-01 -1.84290506e+00  1.18120200e+00
 -1.09163910e+00 -8.76374520e-01 -1.87773441e-01  1.75444962e+00
 -1.07490204e+00  2.35782911e-01  1.95793051e-01 -1.25973632e+00
 -9.37266704e-01 -1.11020579e+00 -5.56179014e-01  1.58297030e-01
 -4.45926007e-01 -4.20012590e-01 -6.06223207e-01  1.80510858e-01
  2.26925121e-02  2.41241861e+00  4.07579488e-02  1.08725956e+00
 -8.20682106e-01  9.86356772e-01 -2.92374512e-02  9.08055368e-01
 -3.63806976e-01  9.59915469e-01  2.39598705e+00  1.72898121e+00
  6.36868659e-01 -1.06126736e+00  3.43878456e-01 -2.76904563e-01
  4.52249098e-01 -8.61864331e-01  1.87142172e+00 -7.14356102e-01
  1.66366205e+00 -6.67543048e-01  5.34960352e-01  1.73976958e+00
 -1.16146507e+00 -8.49007381e-01  2.36527813e-01 -2.43590557e+00
  8.91728675e-01 -1.41964406e+00  1.47444434e+00  2.74339621e-01
 -1.39125469e+00  1.63010485e-03  2.32639444e-01 -3.86905192e-01
  2.49710941e-01 -6.80417568e-01 -4.93648082e-02  1.89010762e+00
  5.75817006e-01  6.20977153e-01 -5.12550281e-02  1.06146099e-01
  8.40822471e-01  9.50557849e-01  1.48933384e+00  4.61915912e-01
  1.20148591e+00  2.09566031e-01 -1.35457159e-01  1.36186013e+00
 -4.90311082e-02  1.50700836e+00  1.48522744e-01  7.63687680e-01
  1.97323595e+00 -5.27915754e-01  1.19078769e+00 -1.19176254e+00
  3.00205696e-01 -5.71592682e-01  8.25149785e-02 -2.79605346e-01
 -6.03923558e-01  6.51760842e-01  1.23681321e+00  7.28639429e-01
 -2.20525052e-01  6.64672356e-01 -7.72143323e-01  4.06499118e-01
  1.13752998e+00  2.37744151e-01  2.24483886e+00  1.86386237e+00
 -1.21062124e-01  1.55057605e+00  4.93432777e-01  7.42811406e-02
 -4.21524405e-01  4.58937777e-01  1.68396843e-01 -8.15160874e-01
 -6.76808174e-02 -9.34393992e-01 -4.66176407e-01 -1.38155529e-01
  4.19950862e-01  1.35172643e-02 -6.39290276e-01 -5.73485545e-01
  7.97718625e-01 -6.47380165e-01 -1.18647425e+00  1.73137625e+00
  7.81011408e-01 -4.11427230e-01  3.42427704e-01 -3.40329184e-01
  1.03420021e+00  2.58782988e-01 -1.21833406e+00 -2.01336091e+00
  1.33380670e-01 -2.21581423e+00  2.92113648e-01  1.21014874e+00
 -5.32811942e-01  7.49241615e-01 -6.88662594e-01 -1.74475211e-01
  1.38651981e+00 -1.05010295e+00 -1.70405374e+00  1.65776102e-01
 -9.18701833e-01 -1.34677817e+00  3.50155009e-01  6.58117495e-01
 -2.24264847e-01  4.96030771e-01  1.69466309e-01 -9.92801721e-01
  9.44789267e-01 -9.18365692e-01  7.21384168e-01 -4.66304786e-01
 -1.73426880e+00  4.88266742e-01 -1.50344189e+00  6.84425590e-01
  7.15278785e-01 -5.03327812e-01 -3.96693297e-01  1.20293638e-02
  1.20897195e+00  9.68200391e-01 -1.25158777e+00  4.44183334e-01
  4.25867909e-01  3.69251714e-01 -8.84541308e-01  2.13661412e+00
  6.51482798e-01  4.77014988e-01  8.03087429e-01 -1.17671107e+00
  4.80565891e-01  5.17937882e-02  9.56569005e-01  5.68207533e-01
  1.18992813e-02  4.60707756e-01  3.13470807e-01 -3.68007212e-01
 -3.90138436e-01 -4.12812642e-01  1.96057376e-01  2.95741337e-01
  1.26941643e-01  8.53875715e-02  2.93914024e-01  4.75017734e-01
  2.93307604e-01 -6.08402237e-02 -1.54576698e+00  1.78970959e+00
  8.45937413e-01 -2.81016653e+00 -1.13403901e+00 -9.58441211e-01
  1.07264785e+00  2.04258781e+00 -7.63070520e-01  1.67954265e+00
  6.84576428e-02  2.64494979e+00  1.10803979e+00  2.40263702e-01
  5.78848753e-01  1.35314008e+00 -1.37522781e+00 -4.02359714e-01
  2.80074616e-01  1.86307741e-01  1.57088206e-01 -1.04827091e+00
 -9.10439885e-01 -1.41038093e+00  2.75467428e-01 -9.05649624e-01
 -1.17508447e+00 -6.81279371e-01 -1.21299039e+00 -6.57824534e-01
  4.79751623e-01  2.61138700e-02 -2.03938011e+00  6.28893225e-02
  9.96294810e-01  1.17165480e+00  7.19369794e-01  1.54091900e+00
 -1.81311783e+00 -1.99459735e+00 -5.73186056e-01  1.71373264e+00
 -8.91809061e-02  4.73638247e-01  1.37754277e+00  7.42562585e-01
  4.42591772e-01  3.64070940e-01 -4.47485607e-01 -3.66850519e-01
 -7.47020277e-01  6.80256267e-01  2.12361568e+00 -6.75781968e-01
  4.92071915e-01  2.35146204e+00 -1.56652002e+00 -1.82561219e+00
  6.25903460e-01 -1.19744646e+00 -1.00263361e-01 -1.14182545e+00
  2.13949943e+00 -1.05077113e-01 -3.29987431e-01 -2.52231817e-01
 -4.69720912e-01  3.67175708e-01 -6.78496196e-01 -2.44833053e-01
 -7.27580753e-01  1.04748302e-01 -6.85807176e-01 -3.20416039e-01
 -9.38348490e-01  8.48881934e-01 -3.82941962e-01  2.44376899e+00
 -2.34142083e-01  1.41640335e+00 -1.08889789e+00 -6.51454427e-01
 -4.45177330e-01  1.15567261e-01 -1.11293631e-02  1.00577648e-01
  2.51900937e+00 -8.71756625e-02  2.11642892e+00 -5.05453155e-01
 -6.07227950e-01  1.87205275e-01  1.19022972e+00  4.82610770e-01
  1.12677942e+00 -3.33090315e-01  9.57851144e-01  1.04956757e+00
  9.40714063e-01 -5.35717337e-01 -7.39874097e-01 -1.30611537e+00
  7.64584743e-01 -1.12028025e+00 -1.22482649e+00 -1.00792039e+00
 -9.04773905e-01  2.99620538e-01 -1.83916814e-01 -1.01834463e+00
  1.26376752e+00  1.45946996e+00  8.04512898e-01  9.08950959e-02
 -8.33471364e-02  3.71725100e-01  9.48347049e-01 -5.37746841e-01
 -1.14881009e-01  7.04575263e-01  1.91991688e-02  6.92696004e-01
 -6.55162740e-01 -5.13044494e-01  2.11718235e-01 -1.16475385e+00
 -1.09246353e+00 -1.10609051e-01 -2.01137600e-01 -2.26794259e-01
 -1.43411795e-01 -9.00696711e-01  5.57729527e-04 -1.36477112e+00
  9.70429516e-02  2.56439769e-01  1.34732392e+00 -5.10165631e-01
  1.33813530e+00  1.40522079e+00  1.27631061e+00 -1.78592482e+00
  9.37519645e-01 -4.55274589e-01  1.40777684e+00  1.40889678e+00
  1.08582050e-01  9.09331123e-02 -1.24890089e+00 -1.19643791e+00
  1.96346632e-01 -1.02730122e+00  6.00824556e-01  3.05465528e-01
 -7.94963051e-01  1.48734497e+00  1.14784590e+00  1.42888461e+00
  2.45246728e-02 -1.65504298e+00  1.61984505e+00  1.08110334e+00
 -7.56787934e-01 -1.21032948e+00 -4.88238505e-01  1.36950551e+00
  6.16045637e-01  1.02771672e+00 -1.23020623e+00  5.75141707e-02
 -5.37903284e-01  3.95829149e-01 -9.52162597e-01  1.24590894e+00
  3.38441562e-01 -2.19467990e-01  1.16829074e+00  1.50768043e-01
 -2.44504683e-01 -8.35763537e-01  1.47975281e-01 -7.11951669e-01
 -3.25363500e-01  1.20563316e+00 -2.18877244e-02 -7.10905987e-01
 -9.26620153e-02 -7.17263748e-01  1.61446677e+00 -8.29863109e-01
 -1.78761438e+00  9.32180234e-02 -2.18957306e+00  3.95473303e-01
 -8.09369730e-01  2.18199261e-01  2.48872391e-01  1.38378593e+00
  2.56778525e-01 -1.02620581e-01  3.09661189e-01  4.34500459e-01
 -1.22134356e+00  1.76331425e+00 -8.16423632e-02  4.66928922e-01
 -5.29552544e-01 -2.43761873e+00  1.61902392e-01 -1.01948645e-01
  8.50970222e-01  1.20316237e+00  4.82723966e-01  1.06020321e+00
 -9.61058030e-01  5.67737684e-01  1.83076195e-01  7.81691598e-01
  1.93066222e+00 -7.57241563e-01 -3.46108824e-01 -7.19554319e-01
 -6.07651994e-01  2.81348478e-02 -4.73882112e-01  5.33566839e-01
  3.08642532e-01  1.05549953e+00  6.11965729e-01 -9.68165096e-01
 -4.75892866e-01  2.44138242e+00 -5.51474743e-01  4.59480534e-01
  1.66845168e+00 -3.31807233e-01 -2.75282920e-01  1.56007017e-01
  1.36438145e+00 -1.28540813e+00  2.03685632e+00  1.69165274e+00
  1.91857122e+00  5.54837743e-01  1.66529781e+00 -3.43481507e-01
  5.96648424e-01  1.36613828e+00  1.53665743e+00  1.34825721e-01
 -1.58030532e-01 -1.36342798e-01 -6.26626167e-01 -7.44143223e-01
 -2.37479940e-01 -1.29924957e+00  1.25552974e+00  8.88519880e-01
 -2.32130378e-01  1.02601577e+00  1.04368543e+00 -2.23582791e+00
  9.66178454e-01  3.23845026e-01  1.19715003e+00 -7.29094336e-01
  7.05399795e-01  9.36265533e-01  1.49712730e+00 -3.58053923e-01
 -2.21543756e-01  1.12045709e+00 -2.16243200e+00  7.97767676e-01
 -4.04480310e-01 -1.69851727e+00 -1.01941474e+00 -5.28376654e-01
 -5.10726195e-01  1.19196174e+00 -1.28912017e+00  6.34132325e-02
  1.06619467e+00 -1.13416687e-01  1.31705626e-01 -3.89237952e-02
  2.10370534e-01  3.84131300e-01  1.16110010e-01  1.54781891e+00
  8.07571841e-01 -8.02775964e-01 -3.79014319e-02 -2.12868708e+00
  9.51816476e-02  2.18896875e-02 -7.72351630e-01  6.21980620e-01
 -1.74648287e+00  3.69561621e-01  3.46529069e-01 -5.02854158e-01
 -3.25988505e-01  1.00368313e+00 -1.47898267e+00 -4.20012107e-01
  2.94111567e-02 -7.74381735e-01 -4.73550057e-01 -1.81177452e-01
  8.23882109e-01 -9.65600450e-01 -8.42301517e-01 -5.42697704e-01
 -1.08741841e-01  3.69493993e-01 -6.37391281e-01 -1.44621632e+00
 -1.45286396e+00 -5.44098302e-01  7.51131370e-01 -2.00654526e-01
 -2.04903186e-01 -1.33479870e+00 -6.37752867e-01  1.79917991e-01
 -8.75966985e-01 -5.04793398e-01  2.05922675e+00  6.25990457e-01
 -1.21055675e+00 -1.35477723e+00 -1.44648836e+00  7.19524062e-01
  2.02074369e+00 -2.97634043e-01  3.95190759e-02  1.17819383e+00
  7.68939415e-01  6.11947442e-01  4.61115263e-01  4.61122207e-01
  1.21823580e-02  5.88230710e-01 -1.39840067e+00 -2.03577250e-01
 -1.67316429e-01  1.85655216e-01 -4.38345039e-01 -4.45670706e-01
 -7.39041848e-01  5.85139502e-01  1.23956038e-01 -2.60171297e-01
  2.35052812e-01 -1.74808616e-01 -1.36674027e+00 -1.27224964e+00
  1.87750190e+00  3.73317309e-01  4.97977628e-01  9.34522109e-01
 -1.38937897e+00 -1.82363792e-01  1.24453444e+00  5.87268929e-01
  1.57143967e+00 -3.45087366e-01  7.88857442e-01 -7.82269691e-01
 -3.80311192e-01 -4.49424416e-01  2.93341842e-01 -4.30856893e-01
 -1.55781713e+00  6.46220768e-01  1.34091032e+00  8.58748793e-01
  1.73957034e+00 -1.37266177e+00 -3.67570032e-01 -5.56471055e-01
 -1.18624190e+00 -7.69034969e-01 -7.70322861e-01  5.80232998e-01
  1.64598604e-01  1.21417176e+00  1.60707289e+00 -3.27835826e-01
  3.66602996e-01 -2.32532476e-01 -1.51975932e-01  1.94388413e+00
  1.35392558e+00 -7.96456803e-04  1.33065726e+00  1.51957111e+00
 -2.92718670e-02  1.18479937e+00 -2.50074533e-01  1.77724460e-01
  8.02850032e-01  1.77968666e+00 -1.04229991e+00  2.49258036e-01
 -7.71026453e-01  2.32244845e+00  1.45454901e-01 -4.52250026e-01
  4.06566263e-01 -1.21571632e+00 -1.44370012e+00 -5.29401661e-01
 -1.09549014e+00 -7.90982641e-01 -1.76468707e+00  8.51910083e-01
 -6.50118077e-01 -1.41864474e-01 -1.67770757e+00 -1.20911950e-01
 -1.24336836e+00 -1.56104052e-01 -1.11405685e+00  1.08533773e-01
 -3.18831727e-01  9.41264777e-01 -9.93721415e-01  9.05091784e-01
  8.92236528e-01 -4.76565501e-01 -6.00811003e-01 -2.51367603e-01
 -6.89407371e-02 -7.56720951e-01 -9.65686195e-01  2.48363572e+00
  1.04487420e+00 -2.15990707e+00 -2.52823363e-02  8.23159701e-01
  7.52596771e-01 -1.21531519e+00 -8.50565113e-01 -7.54247627e-01
 -4.39291771e-01 -2.65776000e-01  3.13943493e-01 -7.45739149e-01
 -1.86932700e+00 -1.02399734e-01 -7.31309858e-01 -1.93789230e-01
  4.67044562e-01  8.37470758e-01 -1.18037253e+00  8.32518069e-01
 -2.22334879e+00 -7.48050066e-01 -4.69968330e-01 -1.39577557e+00
  8.37875547e-01 -5.17897749e-02  4.73773515e-01 -1.38344438e+00
  2.45551215e-01  2.18558698e-01  1.35665718e-01 -2.70932341e-01
  1.64534083e+00 -5.70460594e-01 -3.82432559e-01  1.19541706e+00
  1.34181965e-01 -1.08621155e+00 -1.59879604e+00  2.03344707e-02
 -1.78461558e+00  4.69017199e-01 -1.07732800e-01 -1.50703223e-01
  2.68556967e-01  1.22058512e+00 -7.65929250e-01  2.55235176e+00
  1.26608258e+00  9.32013464e-01 -1.47958753e+00 -2.28130895e-01
  5.12649762e-01  4.40695929e-01  1.00903731e+00  4.21289275e-01
 -1.58879247e+00  4.44716637e-01 -1.25654003e+00 -7.71189031e-01
  7.78832706e-01  8.50793479e-01 -3.97232667e-01  5.37407996e-01
  9.50901542e-01  7.71972792e-01 -3.66311951e-01 -4.47722925e-01
  6.73076926e-01  1.11589651e+00  9.31988027e-01  1.42559615e-02
  7.05204760e-01  4.53212852e-01  9.17310318e-01  6.49870058e-01
 -1.11323561e+00 -1.18850993e-01  2.34716773e+00  1.04254848e+00
  6.64384732e-01 -9.43366624e-01  1.23845064e+00 -1.57628568e+00
 -8.65487651e-01 -8.38593170e-02  2.23949391e-01  4.94961213e-03
 -9.78702551e-01 -5.63737009e-03 -4.16349270e-01  1.98980827e-01
 -3.09568827e-01  1.20292816e+00  4.51352102e-01  3.34506414e-01
  3.18778172e-01  1.16854826e+00  2.75175198e-01 -4.12969296e-01
  1.46305877e+00 -2.30744055e+00  2.97486157e-01 -4.00196111e-01
 -5.43915800e-01  3.90564855e-01  4.23218318e-02 -4.81273890e-02
 -2.23891170e-01  1.13540473e+00 -1.77848042e-02  5.01705705e-01
  3.30771200e-01 -1.10685526e+00 -2.12826049e-01 -2.19865445e-01
  1.18087596e-02 -9.14129863e-01  5.71837051e-01 -1.39071542e+00
  2.53878641e-01  7.63620125e-01  1.68430209e+00  1.74058781e+00
  2.71108588e-01  1.52885014e-01 -9.20471262e-01  6.92799947e-01
 -5.73713596e-01  2.96497589e-02 -4.03970031e-01 -2.13258662e-01
  1.52563430e+00  6.44550837e-01 -1.48684414e+00  6.27894595e-01
 -1.30167994e-01  1.05799440e+00 -4.27619833e-01  8.67873320e-01
  2.20797780e-01 -1.19735466e+00  1.59397834e+00  4.83676134e-01
 -8.87898961e-01  1.34196114e+00 -8.92031737e-02 -6.16857344e-01
  2.00580194e-01 -1.26270233e+00 -1.00621971e+00  2.47399033e+00
  1.27729594e+00 -4.20776724e-02  2.10666500e+00 -9.40782066e-01
  9.68948516e-01 -2.53540811e+00  2.14216700e+00 -3.10710071e-01
  4.10671946e-01  6.78718911e-01  4.72467141e-01 -1.45363673e-01
  1.06264114e+00  1.07081925e+00 -1.45320148e+00  3.43609792e-01
  3.47574613e-01 -1.74733705e+00 -7.60952524e-01  4.91338744e-01
 -1.43525433e+00 -2.79055649e-01 -1.71117107e+00  1.58014057e-01
 -1.67071973e-01  2.22284058e-01 -9.20072966e-01 -1.69340516e+00
  1.49721402e+00 -1.44759404e+00  6.84356911e-01 -8.95130861e-01
 -2.64449622e-01  1.35555422e-01  8.19696215e-01  6.52429174e-01
  6.54877004e-01 -9.66232821e-02 -1.22194973e+00 -9.59027091e-01
 -2.10443943e+00  4.77480087e-01 -7.09440386e-01 -1.29663907e-01
 -8.33779347e-01 -2.20113304e-01 -8.33814180e-02 -3.02293542e-01
  2.02525686e-01  5.56562927e-01  5.91985610e-01 -7.45353317e-01
 -3.11323541e-02 -1.43488325e+00  2.60361820e-01 -1.32199519e+00
 -5.57853035e-01 -8.94211396e-01  4.59407161e-01 -1.50816224e+00
  1.06436089e+00  6.80991739e-01 -2.02736779e+00  3.61711025e-01
 -5.25296880e-01 -7.74231862e-01 -7.07827504e-02  2.98641139e-01
 -2.68935609e-01 -1.95595563e-01  8.02655900e-01  4.15594274e-01
  9.65376939e-01 -1.67817789e+00  3.65965133e-01 -5.29377949e-01
 -1.52335471e-01  1.75848507e+00 -4.80091043e-01  2.14911122e-01
 -9.05861960e-02 -1.47407722e+00 -5.66009549e-01  3.18248987e-03
 -9.84011473e-01  3.31826359e-01 -3.23460668e+00 -3.51422159e-01
 -2.34848950e-01 -8.30512885e-01 -2.05281010e+00 -4.65238817e-01
  2.53812525e-01 -2.84608868e-01  1.02240783e+00 -1.07685093e+00
  1.06205681e+00  6.31622182e-01 -5.50611389e-01 -1.51883646e-01
  1.88716168e+00 -5.48855823e-01  5.14045971e-01  6.61172608e-01
 -3.75424963e-02  1.80133087e-01  1.34114685e+00 -1.35807148e+00
 -2.38575199e+00  6.40119252e-01  9.54622941e-01 -6.16558732e-02
  7.34184321e-01  5.97978080e-01 -1.50536322e+00  1.08260155e+00
 -6.96226257e-02  6.59939311e-01 -9.75074234e-02 -1.00815325e+00
 -3.55682452e-03 -2.68828537e-01 -3.39414249e-01  1.86611016e+00
 -1.64162738e+00 -4.93661111e-01  7.47638868e-01 -2.67237195e-02
 -1.45961105e+00  4.07699947e-01 -2.57844504e-01 -3.00877306e-02