-4.58117425e-01 -1.11633070e+00 -7.64662481e-01 -6.11792472e-02
 -8.11454355e-01  8.21276070e-01  3.27222335e-01  1.65567995e+00
  2.48018552e-01  7.12412683e-01 -3.90368697e-01  4.30681884e-01
 -1.25691620e-01  9.55988848e-01  3.66512358e-01  9.35886255e-01
  6.71983713e-02  5.02713836e-01 -1.05006828e+00  8.38947608e-01
 -5.93904883e-01 -1.43427367e+00  3.38786165e-01  4.58532131e-01
  1.88473274e+00  8.41250756e-01 -1.50974391e+00  7.29448888e-02
 -1.27160922e+00 -6.10874492e-01 -1.24398787e+00  1.69257448e+00
  7.45977238e-01 -6.32561338e-01 -6.21333755e-01 -4.31493913e-01
  2.32910894e-01  8.75381125e-02 -2.00304617e+00 -2.09498055e+00
  5.86107875e-01 -6.57911542e-01  9.38646532e-01 -9.91070114e-01
 -1.12272715e+00  1.90616693e+00 -4.77993896e-01  4.70924502e-01
  6.94212600e-01  1.44058528e-01  2.23671673e-01 -5.61706065e-01
 -5.66142165e-01 -9.74232158e-02 -4.86359378e-01 -1.07377206e+00
 -6.90487517e-01 -6.53190549e-01  5.47717544e-01 -9.47431787e-01
 -1.04630586e+00 -1.22141506e+00  5.85406752e-01  4.37725440e-01
  1.86033436e+00 -6.50889216e-01  4.52489424e-01 -3.18632105e-01
 -1.45017369e+00 -4.67349688e-01  8.40917848e-01 -9.62993208e-01
 -4.73198246e-01 -5.73765036e-01 -1.77266805e+00  6.25873227e-01
  2.97934035e-01  3.21031426e-01 -1.17832208e+00 -1.59686393e+00
  2.67692710e-01  1.93885804e-01  2.03241823e-02  5.94884132e-01
 -3.03821792e-01  5.03127085e-01  1.31462107e+00 -7.40661596e-01
  9.84943228e-01  6.44366897e-01  8.42200603e-01 -4.84517349e-02
  6.81955405e-01  2.96999566e+00 -9.41755102e-01  8.25232388e-01
  6.89392540e-01 -1.64691065e+00  8.69376166e-01 -2.02738714e+00
  1.67643407e-01 -4.35905181e-01  9.80133292e-01 -5.54385173e-01
  2.17834925e-01 -3.41069088e-01 -1.13134096e+00 -1.43167579e+00
 -1.22384697e+00  8.12379995e-01 -5.29723793e-03 -1.02170426e+00
  1.80519695e+00 -1.46845511e+00 -6.27780842e-01 -4.00436971e-01
  1.70893594e-01  1.18521413e+00 -1.14311282e+00 -6.63084167e-02
 -3.51601836e-01  8.00519905e-01  1.40100091e+00  1.66080356e+00
 -2.08305545e-01  1.81053914e+00 -1.37595269e+00  4.80238400e-01
 -5.78482313e-01  5.69326044e-01 -4.72982613e-01 -4.94284066e-01
  4.22263535e-01  2.08250024e-01  4.82515404e-01 -1.11356534e+00
  9.29430378e-01  6.27871221e-01 -4.98206037e-01 -6.28758167e-01
  8.54723386e-01  4.28719641e-01  9.09090189e-01 -1.79568857e+00
 -1.15415316e+00  2.69627234e-01 -9.64802157e-02 -3.09367681e-01
 -5.39087952e-01  1.61980947e+00  1.72892902e+00  2.81461568e-01
 -1.03860191e+00 -2.43278738e+00 -6.27826307e-01  1.09072785e+00
 -1.57911932e+00 -3.28195086e-03 -1.18421761e-01  1.10085783e-01
 -1.39650742e+00  1.76434448e-01  1.66112789e-01 -8.16842412e-01
 -3.87400102e-01  1.27586247e+00 -1.10864847e+00 -6.48224152e-01
  1.88524479e+00  1.16470287e-01 -8.54511194e-01 -4.29578486e-01
 -4.59371506e-01  8.51493186e-01 -8.87148718e-01 -4.11176057e-01
 -9.07121920e-01 -1.46731507e+00  1.82438419e+00 -2.55641767e+00
  6.65344825e-01 -1.64089849e+00 -1.89406939e-01  5.86739424e-01
  1.76502969e+00 -6.63553468e-01 -6.33098227e-01  4.09244716e-01
 -1.02085024e+00 -1.44131976e+00  6.09760417e-02 -8.41466463e-01
  1.25174238e+00  1.06495370e+00 -1.24169480e+00  1.37986294e+00
  1.86353650e+00  5.68225986e-01 -7.75601314e-01  5.21132410e-01
  8.72691785e-01  1.98151010e+00 -5.68982354e-01  7.39625818e-01
 -1.44639802e+00 -6.29817563e-01  1.04910565e+00  2.95298915e-01
 -1.86073254e+00 -8.32687873e-01 -1.02132689e-01  1.30024136e+00
 -1.33517725e+00  9.44788662e-01 -7.28946493e-01 -3.60206528e-01
  5.44077989e-01 -1.42316312e+00  1.69540832e-01 -7.48055394e-01
 -1.51418393e+00  1.18314594e+00 -8.16883410e-01  2.11001466e+00
  6.90087010e-02 -1.97919336e+00 -1.60362618e+00 -3.21970109e-01
 -1.10365088e+00 -3.82335798e-01  5.19961224e-01  1.06132950e+00
  6.75370292e-01  5.19575477e-01 -1.25299364e+00  2.33463151e-01
 -6.15336363e-01 -3.23324015e-03 -1.64545030e-01 -1.35443481e+00
 -5.31963754e-01 -5.83772113e-01  2.08672653e-01 -1.37598014e-01
 -1.15886450e+00  4.78824967e-01  5.74446292e-01 -1.52007635e+00
  7.99665996e-02  4.21940087e-01  2.46524508e+00 -1.87813595e-01
  7.33494269e-01 -3.34057297e-01  2.93193681e-01  8.53334702e-01
  1.33237834e-01 -1.27487086e-01 -1.11523423e+00 -1.53008211e+00
 -6.22516755e-01  4.41871608e-01  5.81271864e-01 -5.26644357e-01
 -6.42145461e-01 -1.01193839e+00 -1.31562587e+00  9.47320842e-01
 -2.82557511e-01  1.67518330e+00 -2.22625024e+00 -1.17367372e+00
  1.54102427e-01  2.55910869e-01 -1.51136504e+00  1.16156062e-01
  9.61143738e-01 -6.83967716e-01 -4.43118646e-01  1.24564908e+00
  8.83203082e-01  2.64447785e-01 -2.20191050e+00  4.08975143e-01
 -1.73930375e-01  1.12039279e+00  5.67594847e-01 -3.06460049e-02
  8.86084391e-01 -3.59062606e-01  1.23671034e+00  2.27191190e-01
 -2.09305354e+00  5.70227287e-01  5.93394582e-01  1.37565993e+00
 -8.29606501e-01  1.11798006e+00 -3.96784748e-01  9.11019588e-02
  5.35359384e-01  8.89827059e-01 -1.76062007e+00  2.31298197e-02
  2.34834989e-01  2.81391611e-01 -1.99805500e-01 -1.48188910e+00
  9.15814893e-01 -1.84500864e+00 -3.40833050e-01 -2.24602754e-01
 -5.68439538e-01  5.24296912e-01  1.55975635e-02 -1.20551090e+00
 -4.66107366e-01  2.64729749e-01  3.03681123e-01 -7.85274412e-01
 -2.35280373e-01 -7.33707919e-01 -1.86044341e+00  1.82428655e+00
  1.01741525e-01 -5.46272573e-01 -2.01896342e+00  2.33149467e+00
  7.51340153e-01  1.34924070e+00 -3.96561892e-01  7.30091982e-02
 -2.36980443e+00 -8.11844450e-01  3.99881864e-01  9.02574044e-02
  1.53618808e-02  2.32180449e+00  1.47025555e-01  1.16104891e-01
 -1.34998893e+00 -6.96887021e-02 -8.84399433e-01  4.38282684e-01
 -6.72085109e-01 -2.23894663e+00 -4.74502922e-01 -1.14264802e+00
 -1.76012850e+00  6.12158461e-02  9.69124184e-01  4.14983167e-01
 -2.22030002e-01 -7.69263744e-01  4.62610117e-01  1.38887968e+00
  2.44596962e-01 -3.82486960e-01  1.49977221e+00  7.97267753e-01
 -1.84876887e-01 -8.15598517e-01 -3.43358616e-01  9.28536145e-01
  1.55332261e+00  9.46075677e-01 -1.15659947e+00 -9.86197180e-01
 -1.05673450e+00 -1.35877097e+00 -1.96606010e-01  7.52095108e-01
 -1.50099831e-01 -7.50382853e-01 -1.09522754e+00 -8.30096736e-01
 -9.70771153e-01  1.68850946e+00  8.17207955e-01 -2.42808314e-01
  6.63674175e-01  7.53108043e-01 -2.12003356e+00  5.17921331e-02
  7.51408685e-01  8.47987988e-02  1.05084618e+00 -1.69746185e+00
  9.66567215e-01 -7.36497987e-01  6.80723845e-01  1.99516928e+00
  2.95528474e-01  2.05099065e+00  5.68330459e-03 -1.22786079e+00
  1.43624407e+00  5.72883830e-01  9.63128455e-02  2.59947253e+00
 -1.41700077e-01  1.79379773e-01  3.02385756e-01  1.23348393e+00
  1.72993383e+00 -3.36695592e-01 -2.52306666e-01 -1.76572355e+00
  4.02027224e-02  9.00390127e-01  1.22717268e+00  1.18051214e+00
  7.75000564e-01 -3.19784467e-01  7.77998683e-01 -4.22309388e-01
  7.69781551e-01 -1.14814909e+00 -1.72849368e+00  2.08524536e+00
 -1.74300782e+00 -1.38324763e+00  9.26659749e-01 -8.96600180e-01
 -3.46060854e-01 -2.37160677e+00 -1.36974280e+00  4.27049678e-01
 -2.16994160e+00  1.25694556e-01  1.12033234e+00  8.57359307e-01
 -1.35471408e-01 -9.56064759e-02  1.26814934e+00  6.00132124e-01
  3.28494224e-01 -5.23556789e-01  9.64250099e-01 -1.45975437e+00
  2.02815840e-01 -3.59890091e-01  4.35904124e-01  8.81056094e-02
 -1.14135749e+00 -1.01237496e+00 -3.45156447e-01 -4.78817435e-01
  5.46324032e-01  5.31508877e-01 -3.34135815e-01 -2.51988244e+00
  1.39360741e+00 -1.75336121e-01 -5.89455262e-01  8.17428397e-01
  1.69016295e+00 -8.96787973e-01 -1.91482453e+00 -2.38117446e-01
  1.07338785e-03  6.57020561e-01 -6.35130390e-01 -1.05208874e+00
  8.23145132e-01  1.38309212e+00 -5.36290072e-01  8.49512397e-01
  1.04792653e+00 -4.09697989e-01  1.06555775e+00  8.42416023e-01
 -1.85832483e-01 -2.17403639e+00 -6.04594297e-01  7.22937394e-01
  1.17522582e+00  9.42288903e-01  5.12887614e-01  2.55732996e-01
  5.66284239e-02 -6.85725099e-01 -1.53313244e-01  2.69228129e-01
 -5.80054877e-01 -2.93680228e-01 -4.48233674e-01  3.72693668e-03
 -1.40152235e+00 -1.77661469e-01 -1.72833861e+00  5.12098384e-01
 -1.10752076e+00 -6.74383828e-01 -6.77587163e-01 -1.05416659e-01
  5.95014247e-01 -6.16754236e-01  1.34303466e-01 -1.66270660e-01
 -2.50921456e-01 -1.01617669e+00  5.14284156e-01  1.93915437e-01
 -3.82666046e-01 -1.30544129e-01 -6.78633886e-01  3.47045272e-01
  4.99218636e-01 -1.17783474e-01  1.36213717e+00  1.41200795e+00
  7.30278291e-02  1.96676550e-01  7.02064495e-01 -6.51293193e-01
 -3.81459908e-01  3.06776063e-01 -1.75999824e-01  1.35175479e-01
 -8.65184032e-01 -4.70344492e-01  3.06176974e-01  3.32450336e-01
 -6.51851163e-01  2.66012463e-01 -2.68129902e-01 -2.72869868e-01
  1.42370433e+00  1.61706435e+00  2.47914323e-01  3.79869949e-01
 -1.07558728e+00 -4.99688843e-01  1.85203656e+00 -3.62248875e-01
 -6.00285212e-01  9.98680907e-01  2.69066811e-01  2.36502131e-01
 -3.01587565e-01 -2.72069987e-01  6.77350245e-01 -1.54754844e-01
  8.83127236e-01  2.08879957e+00 -1.43226357e+00 -8.24288949e-01
 -5.63260594e-01 -1.25757851e+00  1.86730721e+00 -9.04098921e-01
 -1.90337395e+00 -3.53417659e-01  2.26472373e+00  1.17985722e+00
  1.13231919e+00 -4.86105617e-02 -5.18450721e-01 -8.08851128e-01
 -1.05949225e-01  2.71301176e+00  1.03291637e-01 -8.84643528e-01
 -2.64640659e-01 -2.36741550e-01 -9.13842261e-01 -1.11732365e+00
 -6.80165282e-01 -4.75996036e-01 -1.26937697e+00 -5.36302731e-02
 -5.70571011e-01 -1.89353782e-01  6.64968309e-01 -1.32021854e+00
  7.37028047e-01 -7.06464494e-01  4.49828657e-01 -7.37672639e-01
 -1.51244190e-01 -1.62656846e+00  9.89110016e-01 -2.15017184e-01
  2.53776726e-01  6.57707815e-01  9.48310045e-01 -1.65203524e+00
  1.27396718e-01 -1.12474282e-01 -2.30584484e-01 -1.03433473e+00
  1.52120460e+00 -1.78631488e-01 -1.12512733e-02 -6.89696741e-01
 -1.52848400e+00  1.50344114e+00 -9.07719305e-01 -8.23676577e-01
 -1.32016463e-01  1.57991122e+00  2.68257948e-01  2.25540945e-01
 -1.27764441e+00  1.34422262e+00  7.16602494e-01 -8.10071450e-01
 -1.47863886e+00 -2.17842052e+00 -1.17949557e+00  8.06603686e-01
  6.03590378e-01  5.43088413e-01 -5.59127576e-01  1.22070662e+00
  1.94832044e+00  3.65017366e-01  5.66110683e-02 -1.59420012e-01
  3.48381351e-01 -3.49354504e-01 -1.24857163e+00 -5.28109450e-01
 -3.15504389e-01  1.77139925e+00  1.15042436e+00 -1.00607453e+00
 -1.13051459e-01  1.34769348e+00  4.57434170e-01  1.35847956e+00
  1.20404715e+00  1.52130968e+00 -8.64779123e-01 -1.36187433e+00
  1.06280406e+00 -1.90900640e-01  1.05507851e+00  4.42453607e-01
  9.90594796e-01  2.00929327e-01  1.06801043e-01  3.73169540e-01
  6.54272447e-01 -4.58619858e-01  3.36544962e-03 -3.42819035e-02
 -1.40136967e+00  1.68764425e-01  9.06581248e-01  3.71908348e-01
 -7.65841133e-02  1.18853396e+00  1.36959066e+00 -1.20990118e+00
  1.55847905e+00 -1.32770244e+00 -2.92940686e-01  5.74936454e-01
  3.65098758e-01  2.17272479e-01  1.04039802e+00 -2.01792490e-01
 -5.85954692e-01  2.74839266e-01  9.67309168e-02  4.95097877e-01
 -1.15754306e+00  5.99597630e-01  1.16175356e+00 -2.03609793e+00
 -5.21913154e-01  7.24209432e-01  7.85090878e-01  2.16362331e-01
 -5.13083473e-01 -2.29391904e-01 -1.83259611e+00 -4.36777209e-01
  1.39409406e+00  2.20868835e-02  5.34552777e-01 -2.44047677e-01
  8.29578729e-01  2.12775374e+00 -7.36948722e-01  1.08791972e+00
 -4.79502153e-01  5.05943641e-01 -6.79198256e-01 -7.33345141e-01
  1.39509126e+00 -2.78806839e-01 -1.15917677e+00 -3.90221249e-01
  1.35390008e+00 -4.61439727e-01  5.57848177e-01  6.06702951e-01
 -3.46698102e-03  8.66555171e-01 -6.50896423e-01 -1.61479421e+00
  7.06418831e-02 -1.81292121e-01  1.10099266e-02 -1.04505960e+00
  8.63609862e-01  4.22890857e-01 -1.81383670e+00 -2.27535467e-01
 -7.97639177e-01  4.60004155e-01 -2.18421802e+00 -9.06137054e-01
  2.05647441e+00  5.25952962e-01 -8.83624624e-01 -2.50859801e+00
  1.68491561e+00 -2.31688226e-01  1.16339480e+00 -3.43602206e-01
 -4.56335187e-01 -3.19311237e-01  9.30754367e-01  6.56777050e-01
 -4.93858293e-01 -1.31965250e+00 -9.05544991e-02 -1.23161342e+00
 -5.07490858e-01  7.27065176e-01 -3.38483862e-01  9.14056429e-01
 -6.47874309e-01  1.24502461e+00 -8.42837825e-01  1.17587701e+00
 -3.09948599e-01  2.47237618e-01 -5.75930636e-01 -2.14557177e-01
 -3.37237704e-02  4.27095221e-01 -2.90430183e-01  9.13840479e-01
 -5.48279105e-01  3.66598885e-01 -1.25811739e-01 -7.54727540e-01
  1.95700801e-01 -1.11589412e+00  7.83782761e-02 -2.86376399e-01
  9.55347960e-01 -1.27775696e-01  1.50546691e+00  8.83937737e-01
 -3.71905946e-01  7.39278214e-02  6.50679773e-02 -1.58416068e+00
 -5.72657871e-01 -4.85151812e-02  1.30289098e+00 -9.01319850e-01
  2.21291828e+00  1.42866221e+00  7.84747594e-01  3.85668983e-01
  1.40604491e-01 -6.96322460e-01 -4.95297972e-02 -8.62648855e-01
  9.34747968e-02  8.68835106e-02  1.75691735e+00  3.43936507e-01
  6.61949067e-01 -1.05688740e+00  1.35922272e+00 -3.62064759e-01
  1.38555991e+00  2.71051374e+00 -7.12619700e-01 -2.89488032e-01
  1.29824709e+00  3.19591674e-01 -8.97870132e-01 -6.60367106e-01
 -4.29644755e-01 -6.41723367e-01  7.70433638e-01 -1.05369953e+00
 -9.75078804e-01 -8.29546350e-01 -2.28835487e-01  8.20826326e-01
  9.68885277e-01  3.36726409e-01 -2.12120471e-01 -6.93049978e-01
  7.77669647e-01 -8.21335728e-01 -1.21467077e+00  7.33751808e-01
 -5.96841346e-02 -5.26127583e-01  3.67283676e-01 -1.71131441e+00
 -4.08108294e-02 -1.40531468e-02  3.28193909e-01  1.77401286e-01
 -9.53351451e-01  9.31504110e-02  8.24318268e-01 -1.33105550e+00
  1.80972619e-01 -3.90461462e-02 -1.56547149e+00 -1.49361933e+00
 -8.45811455e-01 -1.20300963e+00 -2.09252378e-01 -4.14123596e-01
 -1.02766710e-01 -8.67006536e-01 -7.83676944e-01 -3.81912607e-01
  1.21047843e+00  1.90609323e+00  4.11621305e-01 -1.29215978e+00
 -7.75426246e-01  2.08964458e+00  3.77926280e-01  3.74076589e-02
 -4.72182942e-01 -7.27100368e-01 -1.64882043e+00  1.11983989e-01
  5.52391448e-01 -4.64998932e-01  7.27383550e-01 -2.20508075e-01
  5.24678233e-01 -1.08891133e-01  2.82890760e-01  1.01118619e+00
  5.23313469e-01 -1.75969972e+00  1.27461069e+00 -1.50313604e+00
  2.41878818e-01  1.28614276e+00 -2.02127472e-02  1.78115828e-01
  1.55627624e+00  1.09362162e+00 -9.77096168e-01 -4.59701564e-01
 -6.70327645e-01  2.87919081e-01  7.53541086e-01 -1.60937195e-01
  1.05545550e+00 -2.86667969e+00 -1.74876784e+00  5.23821691e-01
  6.28097121e-01 -1.95070684e+00  1.02609860e+00  6.82969412e-01
 -8.96617165e-01 -6.75335693e-03 -3.52821335e-01 -1.31813917e-01
  8.13556306e-01 -3.32563353e-01  5.16741481e-02  1.65796929e-01
 -2.97247302e-01 -1.50396228e+00 -8.73295148e-01  1.19222066e+00
  1.36428583e+00  7.18650885e-01  8.05218222e-01  3.58697611e-01
 -2.54888133e-01 -1.13794330e+00  1.35856361e+00 -3.48977040e-01
 -2.10802155e-01  8.16574707e-01  7.34901759e-02  1.11730573e+00
  1.32375078e-01  3.66560971e-01  3.88036272e-01  9.17955950e-01
  3.27761943e+00 -5.45471200e-01 -8.31879440e-01 -4.50619883e-01
 -6.95843027e-01 -1.57475133e+00 -1.02271026e+00 -1.04452585e+00
  4.71779874e-01 -4.61846338e-01 -1.20771115e+00  5.63530082e-01
 -6.94051723e-01  1.56157126e+00  5.24997978e-01  1.98192765e+00
  1.17205213e+00  4.95136657e-01 -2.75229425e-01 -3.11937819e-02
 -7.39843468e-01 -1.49710358e-01  2.24940414e-02  4.65313384e-01
 -2.04150393e-02  1.10647138e+00  1.49493370e+00 -1.20013699e+00
 -2.25196187e-01  5.90803409e-01 -1.26590148e-01 -4.62350080e-01
  2.04124096e+00 -1.65104240e+00  1.14487381e+00 -6.29604358e-01
 -3.24047546e-01 -1.52614755e+00  1.76826318e-01 -1.29909013e-01
  2.75990600e-01 -1.43892032e+00 -1.33896476e-03 -1.60460822e+00
  3.78832645e-02 -7.99328736e-02  1.70183515e+00 -1.59744125e-01
  1.48328678e+00  7.08494597e-02 -5.22442819e-01 -8.48912106e-01
 -4.65764150e-01  3.48526589e-01 -1.02746378e+00  3.28652126e-01
 -1.21903214e+00  2.48128985e-01 -8.59979885e-01 -3.69116942e-01
 -5.04493115e-01  1.17417021e+00  1.46248588e+00 -1.12504154e-01
 -3.04643835e-01  7.86201227e-01 -1.21093005e+00  6.12222483e-01
 -1.59136088e+00 -7.79830704e-01 -5.03521840e-02  9.47181755e-01
 -1.44842182e-01  1.08280394e-01 -3.39594760e-01  1.39834616e+00
  1.16932502e-02 -1.03183726e+00  1.14020755e+00  1.76339405e+00
 -9.19057404e-01  5.49518467e-01  6.04481498e-01  1.46445512e+00
  3.24128318e-01 -8.04228967e-01 -8.53385092e-01  8.77170927e-01
 -2.14307692e+00 -1.09981964e+00 -1.27644744e+00  3.26586695e-01
  1.61578728e+00  8.42819125e-01  3.36875836e+00  3.73914972e+00