 4.95657596e-01 -7.39751971e-02  8.05729460e-01 -5.45183233e-01
  2.26380037e-01  5.37758292e-01 -7.94033397e-01 -2.21742946e-02
 -1.42119137e-01  2.52920064e+00  6.28054128e-01  8.87093647e-02
 -2.37668533e+00 -3.85533398e-01  1.18072851e+00  1.84506804e+00
 -6.88336886e-01  2.13241773e+00  2.27469211e-01 -5.17922000e-01
  5.47084165e-01  1.29563231e+00 -2.48785809e+00 -1.53732165e+00
 -5.51237975e-01 -2.82751171e-01  1.18421405e+00  6.64033223e-01
  7.98350286e-01  3.82356617e-01 -6.87190348e-01 -2.18634971e-02
  8.73922483e-01  1.91533281e+00 -7.26392977e-01 -1.22343914e+00
 -2.39368797e+00  5.19056845e-01  1.62129757e+00  9.56669537e-01
 -9.63159755e-01 -1.25307400e-01 -6.20172327e-01  1.44683825e+00
 -5.89542642e-01  1.75048398e-01  2.78773523e-03 -6.02672683e-01
 -6.11691769e-01  2.06049789e-01  2.41905602e-01 -1.41888268e+00
 -2.61570979e+00  5.28032720e-01 -9.51075447e-01  3.18790231e-01
 -7.49278491e-01 -3.45504234e-01  1.56180970e+00 -1.34393598e-01
 -7.29437959e-01  1.40158283e+00 -4.86334551e-01  8.13733315e-01
 -1.24310507e+00 -2.96962506e-01  6.34914337e-01  4.33941895e-01
 -9.50319275e-01 -4.91326516e-01  1.30722430e-01  8.68491496e-01
 -5.98514227e-01 -5.62147993e-01  2.65174818e-01 -3.85641115e-01
 -1.77064895e-01  3.25228007e-01  9.70928834e-01  9.76773925e-02
  6.19422360e-01 -4.19716871e-01 -9.21023968e-01  1.20653045e-01
 -1.31454766e-01 -3.79162769e-01  1.74434771e+00 -2.41823370e-01
 -2.44208947e-01  1.89473437e+00  1.50099396e+00  5.25551633e-01
  6.77032979e-01  1.28732268e+00 -4.89471522e-01 -1.10414099e+00
  8.92866396e-01  1.31032205e+00 -2.46580687e-01 -2.20551180e-02
 -3.01904045e-01  3.37072136e-01  3.36013491e-01  6.07153806e-02
  1.72838543e+00 -1.00600282e+00  1.01583620e-01  1.85715226e-01
  6.17502892e-01  7.09104181e-01 -8.75331262e-01  1.21752925e+00
  1.94748482e+00  2.49123043e-02 -8.16775871e-01  5.82872883e-01
 -8.03881625e-01  8.33706173e-01 -1.12178636e+00  9.82417958e-01
  1.61923038e-01  1.25764575e+00 -1.88873677e-01 -7.37813954e-01
 -2.38017481e+00 -1.69064489e+00 -1.16285826e+00 -3.86178731e-01
 -5.95224559e-01  1.87278543e-01 -5.16764712e-01  1.01864654e-01
 -1.06022373e+00  1.42626790e-01  1.44694828e+00 -7.10949841e-01
  5.32155624e-01 -3.41130385e-01  4.28949354e-01  8.93739259e-02
  9.85987121e-01 -5.76461946e-01  2.60498048e-01  2.94487825e-01
  2.73347453e+00 -3.13232922e-01 -2.34771408e-01  8.23383320e-01
  5.41987296e-01 -5.99430012e-02 -1.01366556e+00  9.72673740e-01
 -7.26551820e-01 -8.46250440e-01 -4.88214076e-01  2.20359933e-01
 -5.03761963e-01  7.88639093e-01 -9.76895505e-01 -1.09100132e+00
  9.41469047e-01 -1.62794774e-01  5.17511119e-01 -2.27519214e+00
  8.06053682e-01 -8.78135850e-01 -1.80091036e-01 -1.00220047e+00
  1.62823088e-01  1.26513075e+00 -7.85200532e-01 -5.56376313e-01
 -1.34661603e+00  4.87733016e-01 -9.23940575e-01  1.44714867e+00
 -8.40249056e-01  1.74189517e+00 -5.03686143e-01  3.47919407e-01
  2.00564773e-01 -9.60759583e-02 -1.67078773e+00  4.57238848e-01
  1.41945464e+00  1.83927146e+00  1.19218553e+00  4.30558185e-01
  8.29365161e-01  1.77177697e-01 -3.76013265e-01 -1.99088376e-01
 -6.02417913e-01  1.76550239e+00 -6.02981976e-01 -4.59354751e-01
 -4.96868519e-02  4.24335771e-01  1.58126018e+00  9.82263886e-01
 -9.90175935e-01 -6.66725842e-02  5.60734674e-01 -6.30278882e-01
  1.70694409e+00  2.28710605e+00  6.28814905e-01 -6.99792330e-01
 -1.53944454e+00 -1.98103182e+00  8.77283361e-01 -4.03066647e-01
  2.71377800e-01  4.58878316e-01  1.29260362e+00 -5.86025729e-01
  2.11827702e-01  5.15488258e-02 -8.38665088e-02  1.05243442e+00
  2.75862080e+00 -1.46629327e+00  1.05034527e+00 -1.51864141e+00
  7.25204150e-01  4.71981463e-01 -7.32671377e-01  1.37139572e+00
 -2.90576974e-03 -8.88048494e-01 -6.09455974e-01 -3.11212703e-02
 -2.72931828e+00 -1.16134187e+00  5.97389242e-01  1.22610563e+00
 -8.16203624e-01 -1.77180716e+00 -4.75921639e-01  8.48439156e-01
 -5.61014682e-01 -6.90851906e-01 -1.93467761e-01 -3.36440798e-01
  1.47217871e+00 -1.19424980e-01 -1.17515985e+00  4.82229103e-01
 -5.85470757e-01 -6.85261542e-01 -9.43416075e-01  7.01277609e-01
  1.27242386e+00  7.99269177e-01  2.75113776e-01 -7.14190941e-01
  1.46846727e+00 -2.86253516e-01  2.45502212e-01 -6.18456842e-01
 -2.52443670e-01 -1.06597075e+00  7.22088897e-01  8.53673599e-01
 -2.16892406e-01  1.19018568e+00  4.65594186e-01 -1.49275368e-01
  3.86517597e-01 -2.67930393e-01  5.90444594e-01  6.03452335e-01
  6.47455793e-01 -2.22418016e-01 -1.23062342e+00 -1.50276348e+00
  1.42334134e+00  1.30219394e-01 -2.93400823e-01 -4.57941901e-01
  5.82405505e-01  1.44779752e+00  1.18116445e-01  3.70455213e-01
 -1.35846113e+00  2.93600724e-02  8.63174412e-03  7.89235779e-01
 -1.45311349e+00 -3.91553021e-01  4.75654077e-01 -7.97888861e-01
 -7.28279138e-01  8.79164528e-01  2.77447072e-01 -2.17631976e-01
  2.36822200e-01 -2.73558395e-01  3.59208829e-01  7.71817969e-01
 -1.97184462e+00 -5.48244517e-01  2.08807053e-01  1.22702435e-01
  2.01191337e+00 -1.35937040e+00  1.04608692e+00 -9.09855541e-01
  5.51403547e-01 -1.47484931e+00  1.79208748e+00 -1.75128069e-01
  3.49798566e-01  8.55351422e-02  7.58042018e-01 -9.55214266e-01
 -6.33191509e-01  1.54681759e+00  8.62507164e-01 -9.08851230e-01
  1.34651241e+00 -2.61917121e-01  4.19793008e-01  2.17981859e+00
  2.27648691e+00  4.03420435e-01 -2.06602608e+00 -3.30328240e-01
 -1.17154757e-01 -1.96272199e+00  5.26866134e-01 -2.89556875e-01
 -7.79179984e-01 -4.97411082e-01  3.85627900e-01 -2.52761393e-01
 -8.67555948e-01  1.99305652e-01 -4.21492894e-01 -7.61202315e-01
 -2.32816357e+00 -1.13574493e+00  2.21395030e-01  2.66689026e+00
  1.55829130e-01 -7.96727957e-01 -6.78373322e-01 -5.67224023e-02
 -5.05163119e-02  8.43352973e-01 -1.24506218e+00  1.74059554e-01
  4.85693008e-01 -1.23531823e+00 -1.11735727e+00  4.90354630e-01
 -1.43904470e+00 -2.65327885e-01  1.16683375e+00 -1.75218472e+00
  2.86578561e-01  9.74601417e-01  1.25249901e+00  9.75061720e-01
 -8.25369508e-01  5.08455066e-01 -2.11541424e+00  1.71545708e+00
 -8.81440375e-01 -1.18561690e+00  4.73234229e-01  1.78211998e-01
  9.45766800e-01  5.85459927e-01  2.96874834e-01  9.56283665e-01
 -1.11544496e+00 -1.37575171e+00 -1.59682046e-02 -1.16834746e-01
  1.43025512e+00 -6.82163537e-01  4.21325842e-01 -4.94573759e-01
 -9.52542856e-01  8.62325454e-01  1.75769089e-01 -1.94751924e+00
  1.60431593e+00 -5.04950878e-01 -7.44040653e-01  3.90911495e-01
  3.78710511e-01  1.25423665e+00 -8.30062228e-01  2.07011778e-01
  1.90638443e-01  1.35031435e+00 -1.13849951e+00 -1.34905385e-01
  1.08727673e-01  4.26345574e-01 -2.95321952e-01 -8.17995659e-01
 -1.74263447e+00 -9.24939703e-01 -2.98014522e-01  1.45200854e+00
  6.94012250e-01 -6.38621515e-01  8.12392338e-01  9.42429999e-01
  1.45529134e-01 -1.12777880e+00  1.43411356e+00 -1.42090048e+00
  1.89177299e-01 -2.70619897e-01 -1.65567064e-01  1.48360687e-01
 -1.29210250e-01  1.65297862e+00 -1.95273223e+00 -1.66390660e-01
 -1.08104243e+00  2.87915273e-01  7.43097546e-01 -1.06375697e+00
  6.75316687e-01 -9.75013365e-01 -2.06343189e+00 -1.17083324e-01
  5.40315349e-01 -1.01968647e-01  5.79457659e-01  8.04271764e-01
  5.39638910e-01  7.48767509e-01 -1.39890068e+00 -9.57772863e-01
 -9.15016847e-01  5.46464921e-01  8.63073899e-01 -6.58608997e-01
 -5.15195113e-01  3.76776439e-01 -1.28568279e+00 -5.69261016e-01
 -2.05356406e-01 -4.11618526e-01  2.01915396e-01 -8.98601969e-02
  1.19978476e-01  3.77034773e-01 -7.10757767e-01  2.29090580e-01
  1.93603107e+00 -7.72987354e-01  1.88082211e+00 -2.29311357e+00
 -1.01427486e+00  4.65977929e-01 -1.68713650e+00 -4.08948037e-01
 -1.95917788e-01  6.83436175e-01 -1.31744192e+00 -4.66570156e-01
  3.47391611e-01  1.20835923e-01  2.20149946e+00  1.85224904e-01
  7.65520149e-01 -9.09570116e-01  9.78491055e-01 -6.32684048e-01
 -4.46900636e-01  7.21854040e-01  6.46019257e-01 -5.12351517e-02
  3.58092936e-01  1.40170221e+00 -1.22942579e+00  5.44016211e-01
  2.83736555e-01 -1.09366830e+00 -4.73652284e-01  9.85515435e-01
 -1.41412357e+00 -6.90680317e-01 -1.42791483e+00  8.78402461e-01
  3.01030962e-01 -1.17550883e+00  1.03301434e+00 -2.06766925e+00
 -6.00277935e-01  7.28565705e-02  1.45527655e+00  1.56775849e+00
 -1.99280168e+00 -8.94456433e-01 -1.29974375e-01 -1.64700823e-01
  5.71482153e-01 -4.62121566e-02 -8.56767813e-01  3.72864314e-01
  1.62108674e+00  2.57908580e+00 -1.47824145e+00  4.21872119e-01
  7.45092526e-01  1.89256673e+00  2.41955232e+00  1.71052046e+00
 -4.42584678e-01 -2.56426183e-01 -4.59476434e-01 -1.00762394e+00
  6.50835505e-01  1.56597946e+00  9.82346886e-01 -2.16952698e-01
 -2.43381917e-01  1.36287746e+00  8.26310009e-01  1.41702769e+00
 -1.40498532e+00  1.08050416e+00  3.51783660e-01  7.43845731e-01
 -1.08350088e+00  2.85968917e-02  1.08544381e-01 -2.26232873e-01
  6.62769103e-01  4.54500046e-01  1.15002380e+00  1.61690013e-01
 -1.43481778e+00  1.67997522e+00 -6.75797792e-02  2.27062149e-01
 -1.13575326e-01  2.08916121e-01 -1.03976697e+00 -1.56871800e+00
 -1.73647946e+00  1.60244226e+00  3.99610864e-04 -7.44244513e-01
  8.83867841e-01 -9.79788190e-01  1.24079511e-01  8.58923952e-01
  5.23300238e-01 -2.45784442e-01  2.84548588e+00  7.15089266e-01
  1.93783475e+00  2.05450075e+00 -1.54921089e+00 -1.39081019e+00
 -1.48825732e+00 -1.65200421e+00  1.00269491e+00 -4.88055089e-01
 -1.55550924e-01 -1.01628983e+00  3.98867797e-01  1.66457248e+00
  8.28899262e-02  7.11451833e-01 -6.95127803e-01 -1.34702754e+00
 -1.27734295e+00  7.21064856e-01  4.37167210e-01  2.39402651e-01
  2.37087367e-01  6.45518018e-01  1.08940413e-01  1.36704872e+00
 -3.67215816e-01  7.23709522e-01  2.76177529e-01 -2.61253683e-01
  1.67758951e+00  3.74289926e-02 -9.67619944e-01  5.25821263e-01
 -1.12658564e-01 -1.44885510e-01 -2.41632246e-01 -1.26039881e+00
  1.78132015e+00 -3.73418349e-01 -4.41527383e-01  9.52365318e-01
 -7.27133809e-01 -3.19091959e-01  5.93718567e-01  3.39071238e-01
  1.06456604e+00  2.74007513e-02 -7.00059920e-01 -9.68003523e-02
 -9.38676081e-01 -1.75184351e+00  5.00109952e-01  7.27150951e-01
 -8.52244573e-01  6.41016713e-02  1.01340072e+00 -8.78769068e-01
 -1.01795335e+00 -1.15453341e+00  3.46459652e-01 -1.78651021e-01
  2.09543325e+00 -8.86672404e-01  1.77901950e-01  8.16841522e-01
 -7.32842146e-01 -4.54763360e-01 -1.34950383e+00 -1.58307552e+00
  9.44483026e-01  1.78122896e+00  1.81078556e+00 -4.97969343e-01
 -4.76634291e-01  4.26691690e-01 -7.00787428e-01  1.44473085e+00
  2.23432464e-01 -2.18940856e-01  1.32365664e-02  1.46664751e+00
 -4.08748405e-01  3.16726615e-01 -5.86309318e-01 -1.44771817e-01
 -7.54524142e-01 -7.13541868e-01 -9.91397649e-01 -6.96021996e-01
  3.89497076e-01  5.15286591e-01 -8.47344006e-01 -4.41128644e-01
  9.19616873e-01 -7.14328242e-01 -7.09083308e-01 -1.79057604e-01
 -1.71035133e+00 -1.38365779e-01  1.24451310e+00  1.21620620e+00
 -8.49831844e-01  1.35710793e+00 -1.47713464e+00  4.37607005e-01
  8.57577744e-01  3.58903423e-01  1.32836741e+00 -4.86349703e-01
 -2.75809227e-01 -2.09199228e-01  4.02067059e-01 -1.43277558e+00
 -1.66952833e+00 -1.98976931e+00  6.32118601e-01 -3.62340537e-01
 -1.34139512e-01 -7.73707847e-01 -6.75640943e-01 -3.53517935e-01
 -6.09506420e-01 -1.01163645e+00 -1.30221020e+00  9.12607932e-01
  9.55875819e-03 -9.32970847e-01 -1.13194867e+00  1.58079987e+00
  2.88793835e-01 -2.13396099e-02 -8.09799776e-02  5.96593433e-01
 -1.10433430e+00  1.29532929e+00 -1.42560411e+00 -1.09675373e-01
 -4.06738246e-01 -4.17200067e-01  7.17500263e-01  1.60315376e+00
  8.53421779e-01 -7.16897012e-02 -2.77854885e-01 -9.57645891e-01
  7.73243906e-02 -3.61797067e-01  5.80929039e-01  1.43943983e+00
  9.11399929e-01  1.28044612e+00  9.43239385e-01 -1.05417083e+00
  1.35769029e+00  1.12608303e+00 -7.40693197e-01  1.36404021e+00
  1.35447883e+00  8.63937625e-01 -1.24346216e+00  2.65934784e+00
 -1.43344340e+00 -1.76621883e-02  1.13401332e+00  4.26893581e-01
 -6.65609515e-01  4.35811532e-01 -3.43984566e-01 -7.89989181e-01
  3.25219155e-01 -1.30592154e+00 -8.26075912e-01 -9.91151285e-01
 -9.61093066e-01  2.00140963e-01 -2.01626932e-01 -1.06774870e-01
  1.04568479e-01  2.82751172e-01 -1.35176530e+00 -4.62389634e-02
 -2.64894063e-01 -6.66767174e-02 -4.54749635e-01 -3.94266270e-01
 -8.47468782e-02 -3.41168602e-01  8.06383713e-01  8.35187939e-01
  1.46100007e-01 -9.93451431e-01  2.98037376e-01 -3.14096239e-01
 -6.43177768e-01  5.54884297e-01 -1.19932873e+00 -3.16543233e-01
  3.07730309e-02  5.94633776e-01 -1.24383114e+00  5.72041499e-01
  1.82367978e+00 -1.17442195e+00  1.24542554e+00 -8.71749475e-02
 -4.48273161e-01  2.46947582e-02  4.36038191e-01 -3.49881607e-01
  4.25816985e-01 -8.68206922e-01  2.66840909e-01 -1.23810589e+00
  6.78012627e-01 -2.71939182e-01  7.90593707e-01  4.59073076e-01
 -8.80338102e-01 -9.54730365e-01  1.33832437e-02  8.22549875e-02
 -6.73904183e-01 -2.01973000e-01  1.30157563e-01  1.80092502e-01
  2.13720159e+00  2.03164195e+00 -1.00619510e+00 -1.30284693e+00
 -2.23980583e+00 -1.09539987e+00 -9.21109028e-01 -1.42393202e+00
 -2.56464169e-01 -9.15409561e-01  2.84356173e-02  2.16687296e+00
  1.97406776e+00 -4.87050785e-01 -1.22558573e+00  5.53842498e-02
 -9.44817013e-01  7.25273056e-01 -1.07979549e+00 -1.81530823e-01
 -4.78809626e-01 -1.10248761e+00  6.43248870e-01 -7.22060589e-01
 -6.79659470e-01 -9.93235440e-02  1.18332242e+00 -5.37602247e-01
 -1.26103267e+00 -1.77601496e+00 -1.17548694e+00  5.24567997e-01
 -2.56224225e-01  7.47099037e-01 -3.19785680e-01 -5.70577388e-01
 -8.45631414e-01 -9.14949661e-01 -2.45879375e-01  1.51748918e+00
 -8.56878451e-01  4.49794331e-01  9.54807262e-01 -9.49653353e-01
  7.43011003e-01 -4.64836658e-01 -1.12206156e+00 -6.47358002e-01
  1.14290734e-01 -4.18686975e-01 -4.02110055e-01  2.54732442e-01
  4.06079664e-01 -2.17531564e+00  1.63743317e+00 -9.05837001e-01
 -2.80924088e-01  1.74495680e+00 -8.26406630e-01 -2.53721974e-01
 -1.02939328e+00 -7.52332594e-01  8.98931355e-01 -9.12352277e-01
  2.44136730e-01  3.55951129e-01  7.88191255e-01  8.70692385e-01
  7.35698525e-01 -2.55226561e-01 -1.01694396e+00  2.60287654e-01
  3.05538967e-01 -1.37458632e-02  1.15719143e+00  1.81658819e+00
 -2.12803997e+00  9.85681555e-01  1.29724774e+00  2.79256709e+00
 -2.64901558e-01  9.63001206e-01  4.31196437e-01  1.58902621e+00
  8.94320006e-01  1.14843040e+00 -3.12423837e-01 -3.11948810e-01
  2.24641746e-01  1.89564640e+00  1.69802748e+00 -1.06740918e+00
 -4.15118557e-01 -1.04206514e+00  3.65490871e-01  7.85012434e-01
  6.28508870e-01 -1.00464578e-02  1.00054384e+00 -7.29149583e-01
 -5.92375369e-01  8.53264382e-02  4.18678627e-01  1.14885804e+00
 -5.48909150e-01  7.94466929e-01 -1.50567662e-01 -1.07507773e+00
 -2.97878274e-01 -2.03944749e-01  7.50505027e-01  5.58147943e-01
  3.70324455e-01  1.02305791e+00 -5.61932776e-01  4.90231524e-01
 -2.36909072e+00  4.97065741e-02  2.73886123e-01 -8.19642125e-01
  5.23556532e-01 -1.93860940e-01  4.87674085e-01  3.30936591e-02
 -3.80191400e-01  7.07727069e-01 -1.80713617e-01  1.13167271e-01
 -1.12091776e+00  1.35639381e+00 -3.70274017e-01 -8.57378116e-01
  5.69866140e-01 -6.52280148e-01 -1.19858285e+00  1.49876867e-01
  4.25645840e-01 -9.09959242e-01  3.75059603e-01 -2.02990550e+00
 -1.48791085e+00  6.72620505e-02  1.09630034e+00  5.69312558e-01
  1.64229934e+00 -5.08935906e-01  8.02334036e-01  1.34537176e+00
  3.33699800e-01 -4.46903589e-01  8.52887067e-01  6.78026487e-01
 -1.32088054e+00 -2.82601877e-01 -7.85680839e-02  3.87524855e-01
  9.39046518e-01 -3.89939205e-01 -4.78862189e-01 -1.71804949e+00
  6.71873903e-01 -6.14412140e-01 -1.14801763e+00  1.16812301e+00
 -6.71995210e-01 -1.34341973e+00 -9.01079721e-01  6.20753268e-01
 -3.07513200e-01  8.69892666e-01  2.99096836e-01 -7.87598774e-01
 -5.09169516e-01 -3.44229611e-01  1.04917113e+00 -5.82657328e-01
 -6.60060949e-01 -5.30980662e-01  7.85716853e-01 -1.59852531e+00
 -1.80057032e+00 -7.24196438e-01 -1.15392286e-01  3.22344531e-01
  8.59791806e-01  2.00952503e-01  5.96366071e-01 -1.72959728e-01
 -1.05117591e+00 -1.75951064e+00 -1.06829295e+00  1.74777575e+00
  3.07318072e+00  1.88831300e-01  1.30176708e+00  1.08836250e+00
  6.53148473e-01  9.01444042e-02 -4.96297040e-02 -1.15457332e+00
  9.75225427e-01 -9.79414942e-01 -3.43537680e-01 -8.96172928e-01
  1.55293927e+00 -1.76980217e+00  8.44260738e-01  4.55772175e-01
 -1.40310054e+00  2.82775586e-01 -4.93734408e-01 -1.09058462e+00
  2.81160674e+00  3.26924013e-01 -1.38085329e+00 -2.21640883e+00