 1.32642300e+00  3.11839409e-01 -3.73059281e-01  1.22089700e+00
  2.01429438e+00 -1.57694960e-01 -7.20842571e-01  1.06787960e+00
 -6.00320727e-01  1.26944985e+00  8.63897457e-01  1.34373655e-01
 -7.79815594e-03  7.79146287e-01  1.24864437e+00 -9.76012498e-01
  1.05931469e+00  2.39723523e+00  3.15898628e-01  5.50683047e-01
  8.19487621e-01 -2.73763202e-01 -1.13250874e+00 -2.82121194e-01
 -2.57392013e-01 -1.08591631e+00 -7.57159965e-01 -5.22984484e-01
  2.16452322e-01 -6.96686092e-01 -1.21337679e-01 -3.66680717e-01
 -5.68485552e-01  2.67599880e-01 -1.19216862e-01  4.89312909e-01
 -1.52576881e+00 -6.30096619e-01 -1.21617413e+00  1.12866534e+00
  9.17257048e-01  1.10705618e+00 -1.43855225e+00 -8.67900954e-01
 -9.25742703e-01  5.49211488e-01 -1.31967751e+00  3.66641522e-01
 -9.13310144e-01  3.15898243e-01  6.89778172e-01  7.36104454e-01
  1.01251826e+00  2.95796681e+00 -1.36197101e+00 -4.92971688e-01
  4.53901657e-01  1.61894611e+00 -1.21581679e+00  1.30920034e+00
  7.15244061e-01  5.81168373e-01  9.98013216e-01 -4.35555425e-01
 -5.08084925e-01  3.71857004e-01  1.28346522e-01 -1.32380205e-01
  7.19767984e-01  3.48844050e-01 -1.72322272e+00 -1.98651471e-01
  2.68406963e-01  4.51746552e-01  5.06204674e-02 -1.19942264e+00
  2.25356694e-01 -2.86881614e-01  2.63861694e-01 -4.88816644e-01
  1.42306058e+00  1.20018081e+00 -3.78695678e-01 -4.10032963e-01
  2.53214483e-01  4.16870499e-02 -6.72612472e-01 -8.51876024e-01
 -1.09949895e-01  1.04686795e-01 -1.33213814e+00 -3.04867375e-01
  1.61628847e+00 -9.99022079e-01 -7.17110410e-01  1.10105105e+00
 -1.63572839e+00 -4.67284542e-01 -3.69078171e-01 -1.48832967e-02
 -1.19746037e+00  3.03760555e-02  1.13446739e+00 -2.86823801e-01
 -2.07198787e-01 -1.36466708e+00  3.04532939e-01  3.75075925e-01
 -8.36568619e-01  2.29115187e-01  4.75038561e-01  8.39448825e-01
  4.37235440e-01 -9.39600396e-01  7.96385178e-01 -2.30918762e+00
 -5.32533817e-01  5.66706587e-01 -2.64693470e-01  4.33240804e-02
 -4.54905849e-01 -5.80923327e-01 -9.14764384e-01  6.74098618e-02
  9.25931629e-01  3.25799257e-01 -5.20863005e-02  3.44908710e-01
  8.82283155e-01  2.96560448e-01 -3.39324829e-01 -8.82097456e-02
  1.55064530e+00  2.83057143e-01  1.12941865e+00 -1.57751005e+00
 -8.66614242e-01  6.73186890e-01  8.43820710e-01 -9.64015650e-01
 -1.06992671e+00 -2.94878918e-01  5.51959320e-01 -6.31238452e-01
  4.38419561e-01 -5.79618090e-01  1.54623351e-02 -5.79711046e-01
  1.76477370e+00  8.55878442e-01 -3.76651759e-01  1.28806174e-01
 -1.11788820e-01 -1.34213522e-01 -9.37949534e-02 -1.20929455e+00
 -8.48841049e-01  3.33176549e-01  4.03760794e-01  1.19755531e+00
 -8.38667094e-01 -4.62355214e-01  8.72928081e-01  1.37187915e+00
  2.11716664e-01  1.16821601e+00  8.04678375e-01  3.78198837e-02
  9.70168528e-01  1.09313944e+00 -1.03924572e+00 -3.04786144e-01
 -3.65165759e-01 -6.95571895e-01 -4.94657979e-01  5.00738753e-01
 -2.43442580e+00 -1.37207364e+00 -7.09866071e-01  3.35701636e-01
  2.00713285e+00 -6.00941056e-02 -7.34841756e-01 -1.81752169e+00
  8.57728724e-01  1.40265217e+00  7.35687487e-01 -2.24160147e+00
 -5.36779818e-01 -8.98617017e-02 -5.54945866e-01 -1.75959020e+00
  1.41077990e+00  1.96295811e-01 -4.92113779e-01  4.52800719e-01
  6.81202335e-01 -1.59344336e+00 -4.54266062e-02 -1.89631530e-02
 -3.48475651e-01 -8.06272780e-01  1.71767335e+00 -1.81581285e+00
 -1.63696220e+00 -8.44383153e-01 -3.41874210e-01 -1.15933434e+00
 -9.11122098e-01 -1.24328152e+00 -5.63310083e-01  1.37155181e+00
 -8.79027859e-01 -3.11782183e-01  5.73949771e-01  1.27586818e-01
  1.66641181e-01  5.74889155e-01 -1.06345877e+00 -4.26187484e-01
 -2.13552620e+00  7.51434622e-01 -6.30812294e-01  4.05270876e-01
  6.75727846e-01 -5.08177696e-01 -2.00890178e+00 -8.46807486e-01
 -2.76910988e-01  9.29851038e-01  4.47796381e-01 -8.79883397e-01
  6.24598474e-01  1.39901103e+00 -2.06888457e+00 -6.85815391e-02
  5.38703684e-01  6.29769005e-01  1.77624279e+00 -1.07803858e+00
 -2.17726593e-01  1.14250479e-01  9.84309637e-01  1.27080315e+00
  1.66435548e+00 -7.35367075e-02  1.42998631e+00 -4.08423736e-01
  1.14093975e-01  4.09082016e-02 -1.11058489e+00  1.56632223e+00
 -9.57382416e-01 -3.40811258e-01  7.44359008e-01 -1.09962769e+00
  1.14914238e+00 -1.60000938e-01 -3.80041113e-01 -2.02796014e-01
  8.23751920e-01  8.51135796e-01  7.35048736e-01  4.64383766e-01
  7.91133669e-01  8.19037311e-01 -1.10457138e-01  3.61432118e-01
  9.83886258e-02 -5.72956276e-02  3.97851899e-01  1.04366919e+00
 -4.58980961e-01 -3.57933028e-01  9.27347977e-01 -1.11442284e-01
 -7.11809851e-01 -1.24232971e+00 -4.93602817e-02  9.09857542e-01
 -1.13986541e+00  7.44243897e-01 -2.81014222e-02 -1.42693830e+00
  4.33203910e-01  6.39980404e-01  6.01552009e-01 -4.71482026e-01
 -4.95228320e-01 -2.34185126e+00  1.21044156e-01 -1.18631946e+00
 -1.59925141e+00 -5.01823395e-01  5.94104632e-01  1.34993394e+00
  2.72899238e-01  7.27152323e-01  7.28575355e-01  7.51798514e-01
 -1.43709346e-01 -5.27578979e-01  2.57610674e+00  5.10157077e-01
  6.03354451e-01  1.67905347e+00  1.31474502e-01  5.22687669e-02
  1.37040566e+00 -1.47036760e+00 -1.09788971e+00 -6.72021721e-01
  1.19975085e+00  1.78921823e-01  2.18695587e+00  5.61242660e-01
  2.98583921e-01  4.35745211e-01  1.05958661e+00  1.27199502e+00
  6.89341185e-02 -7.49180136e-01  4.33462781e-01 -4.61991422e-01
  3.55580639e-01  5.66751815e-01  1.18281511e+00 -3.03037055e-01
  5.30960890e-01  6.53050691e-01  1.13505276e+00 -8.11485026e-01
 -5.22921642e-01  9.39796523e-01 -6.88509923e-02 -8.60838020e-01
 -1.72794150e+00  1.05783018e+00  1.78731183e+00  6.92078632e-01
 -1.16810554e+00 -1.62309317e-01  1.78067811e+00  9.59689063e-02
 -4.35681955e-01  3.94854537e-01 -2.35294012e-01  1.56930180e-01
 -1.64276846e+00  3.07781110e-02  7.29094526e-01  2.94874949e-01
  8.82005589e-01  1.33343490e+00  3.77417108e-01  2.13108920e-02
  2.09196290e-01 -3.29865384e-02 -8.46414712e-01  2.03575514e+00
  8.14981091e-01 -6.99878139e-01  3.97599525e-02 -4.96359859e-01
  2.90065054e-02  3.02533640e-02  5.48988825e-01  2.82698812e+00
 -8.22793187e-02 -1.98446707e-01 -2.68863492e-01  6.90560100e-02
 -2.16443898e-01 -3.04203840e-01  7.35069277e-01 -9.10262733e-01
 -7.34128498e-01  3.29794294e-01  1.20014037e+00  4.05879726e-01
 -2.84778662e-01 -6.39422708e-01 -8.48966125e-01  4.10221147e-01
  1.11754096e+00 -1.99656596e+00 -1.67596428e+00  4.18810028e-01
 -3.45563426e-01  1.62486066e+00  1.20334896e+00 -2.90169351e-02
  2.11566522e+00 -9.99011289e-01 -3.35063463e-01  1.10974708e+00
 -6.27217868e-01  2.45559197e-01  9.78806369e-01 -9.80203002e-02
 -5.73935070e-01  4.20696344e-01  4.53799033e-01 -7.33739083e-01
  1.57391237e+00  1.72861440e+00  1.61626912e-01 -2.76715367e-01
  6.05749913e-01  2.03097618e-01  1.00864093e+00  5.41143337e-01
 -1.19380662e+00 -9.70219845e-02  7.03805656e-01  1.02447834e+00
 -8.02150471e-01  1.06639348e+00  1.29621569e-01 -9.92146906e-02
 -1.35759213e+00  7.12699303e-01  1.35780881e+00 -1.88508965e+00
 -3.75673429e-01 -4.41394753e-01  1.09512580e+00 -1.71337720e-01
  1.19941724e+00 -1.46891255e+00  1.01244596e+00  3.57823938e-01
  1.69519083e+00 -8.68203773e-01  1.08820395e+00 -1.16301911e+00
 -1.42793785e+00  1.26414558e+00 -4.18912018e-01 -9.16173109e-01
  5.78601063e-02 -1.01476622e+00 -1.97947030e+00  2.27235828e-01
  3.56211784e-01 -1.99725273e-01 -5.84915117e-01  4.61150271e-01
 -2.12677910e+00  9.08587535e-01 -1.75802539e+00  9.37557065e-01
  9.54276120e-01  3.31663450e-01 -1.23922576e+00 -5.11734544e-01
 -1.06319765e+00  2.45745229e-01 -1.90642276e+00  1.46276155e-01
 -7.61939843e-01 -1.27941831e+00  5.34555843e-01  2.76043045e-01
 -1.00878237e+00 -4.64115574e-01  9.39362206e-01 -4.76800755e-01
  9.38542901e-02  1.16261459e+00 -2.75129942e-01 -7.56044344e-01
  1.09317219e+00 -9.50499766e-01 -3.00017432e-01  1.43030601e-01
  1.48295052e+00 -6.16485038e-01  4.85237134e-01 -1.27132808e+00
  1.96473836e+00 -4.22805605e-01 -5.74038944e-01  1.55860861e-02
  1.53940617e+00  1.06429143e+00  1.29753377e+00 -7.83256754e-01
 -1.26233522e-01 -6.04361231e-01 -2.46645027e+00 -1.10322597e+00
 -1.30159430e+00  1.10955043e+00  1.29651752e+00 -1.52903782e+00
  1.25189794e-01  5.42031319e-01 -1.31931939e+00 -1.00843513e+00
  1.52905198e+00  5.74413444e-01  2.41760124e-01  4.03155096e-01
 -1.11433945e+00 -1.11084204e+00 -1.06044172e+00 -9.79464166e-02
 -6.58003404e-01 -1.83629151e+00  5.54974270e-01  2.43203358e+00
  6.55977816e-01 -6.93233493e-01 -1.12633348e+00  7.20358318e-01
  9.85392820e-01 -1.23759384e+00  1.11180681e+00 -1.69969126e+00
 -8.79541940e-01  1.14970728e-01 -5.39453663e-01  9.78127205e-01
  1.24194148e-03  1.39507144e+00 -4.66650222e-01  7.78333585e-01
 -5.48761982e-01  1.11880976e+00  1.42963121e-02  9.73421839e-01
  4.80149953e-01  9.29269729e-01  1.06645757e-01 -9.88384230e-01
  1.35120887e+00  3.43004735e-01  7.99221276e-01  1.80006311e-01
 -3.23579844e-02  6.34788394e-02 -7.48309361e-01  1.03989243e+00
  3.98733703e-01 -2.35413622e+00  1.26202866e+00  7.25780405e-01
  6.51761293e-01  1.10504107e+00 -6.07967362e-01  5.20199271e-01
 -9.10840904e-01  1.26583603e+00  4.32245387e-01 -2.10191983e+00
 -1.89706882e+00  1.36434235e+00 -1.67475246e+00  8.39079943e-02
  1.88313215e+00 -5.30035798e-01  1.16374378e-01 -4.69826856e-02
 -8.99519172e-01 -1.18948391e+00 -3.05873623e-02 -1.44709809e+00
  4.94114499e-02  2.01629107e+00 -1.12726142e+00  6.88093567e-02
  1.62888952e+00  2.98631213e-01  2.39868339e-01 -7.75210453e-01
  1.60198772e-01 -1.22989105e+00 -7.35105537e-01 -1.81839129e-01
 -2.48411461e-01 -1.32892062e+00  3.82701876e-01  6.16218504e-01
 -1.67639206e+00 -1.07279974e+00 -1.39855124e+00 -1.67557896e+00
 -3.62278698e-01 -1.70096263e-01  1.24493404e+00 -8.41268135e-01
  8.09290810e-02  1.63980186e+00  4.78585329e-01 -2.04399524e+00
 -2.00613423e-01 -5.34731981e-01  2.13917214e-01 -1.06418473e+00
 -3.21773225e-01 -1.06215016e-01 -1.38093066e+00 -5.29862116e-01
 -6.44388392e-02 -3.75183205e-01 -1.72351491e+00 -3.60433542e-01
 -1.08677451e-01 -8.85551453e-02 -2.25310318e-02  7.77629003e-02
 -1.09065546e+00  3.01046004e-01 -1.70278596e+00  6.68903596e-01
  1.61698864e+00  8.54830038e-01  9.68914008e-01  2.34072417e+00
 -1.36758275e-01  1.27678806e+00  2.89379506e-01 -8.89122107e-01
  6.50356845e-01 -5.78727522e-01  6.84435993e-01  1.98229975e+00
 -1.76491381e+00 -6.55052404e-01 -1.13789658e-01  6.46719286e-01
  2.07637916e+00  1.83404949e+00 -6.44801769e-01 -4.54767206e-01
 -7.48963042e-01  1.35020017e+00 -2.20124675e-01 -6.50607382e-01
  1.81152931e-01  1.24361777e-01  3.60412376e-01 -1.29626774e+00
  1.29780619e-01 -2.56962227e-01  1.50986948e-01 -1.06452999e+00
  7.34112559e-01 -1.10538850e+00 -8.41099442e-01 -5.92099751e-01
  5.20682958e-02 -5.68740236e-01  6.85660711e-01 -4.14097390e-01
 -1.32567774e+00 -3.47515242e-01 -2.13199105e+00  2.56051077e+00
 -1.72003938e-01 -1.91452368e-01 -1.16561270e+00  7.36759024e-01
  2.45048032e-01 -6.07042288e-01  1.23087429e-01 -1.12886171e+00
 -2.40129656e+00 -1.37709948e+00 -9.76252487e-01  1.50392925e-01
  1.48551529e+00  4.74172420e-01  1.47101107e-01 -3.63152584e-01
 -4.27150556e-02  1.40150921e+00 -6.82216001e-01 -2.70584874e-01
  1.00423900e+00 -1.06679082e+00  4.77706453e-01 -4.92293955e-01
  9.99618632e-01  1.15683627e+00  2.63508100e-01  9.60422817e-01
 -1.19525715e+00 -2.40743873e+00 -6.01525557e-01 -5.41460601e-01
 -1.31805754e+00 -1.17725308e-01  9.17145947e-01  7.19894096e-01
 -7.85721210e-01  2.91845977e-01 -3.88015982e-01 -1.28472975e+00
 -4.43057481e-01  1.16015978e+00 -1.68035331e-01  2.30542333e-01
  9.99229743e-01  1.53116931e+00  1.04782877e+00  2.62824872e-01
  6.54060516e-01  6.99440840e-01 -6.06260700e-01  1.45939342e+00
  1.84676472e-01 -6.86645699e-01  3.17202192e-01 -3.71883135e-01
  6.36024481e-01  8.50474731e-01 -4.56038798e-01 -5.94297662e-01
  1.86959984e-01  1.89560462e+00  3.99850362e-01  1.28882689e-01
  6.90860942e-01 -2.50444940e-01  1.52127069e+00  1.77942403e+00
  1.00143766e+00 -1.48729528e+00  7.20087903e-01 -7.78323644e-01
  2.76022818e+00 -1.31614648e+00  1.66201963e-01  8.45349576e-01
 -7.44425819e-01  8.80548493e-01  6.91976609e-01  9.48379074e-01
 -7.93364993e-01 -1.73348435e+00  6.74354175e-01 -7.79227692e-01
 -1.56367644e+00 -1.44541681e+00 -2.02070202e-01  1.30674668e+00
  4.65109343e-02  3.00959654e-01 -9.42764374e-02  1.13058796e+00
  8.26300331e-01 -3.56758365e-02  1.82779185e+00 -1.42142961e+00
  2.12654856e+00 -1.17916424e+00  1.50493541e+00 -1.73335475e+00
  1.02969480e+00  3.42685992e+00 -6.19248263e-01 -1.01912185e+00
  4.36509702e-01 -3.15735808e-01 -1.25487362e+00 -2.36429319e+00
  3.03798885e-01 -1.43706957e+00  1.22230456e-01  5.10793436e-01
  1.26138135e+00  7.95027006e-01 -1.16031221e+00 -8.33196885e-01
  1.03678438e+00 -7.68118962e-01  1.59370312e+00  2.82465865e-01
  1.67537752e-01  1.86440062e-01  5.56675567e-01 -7.40568800e-01
  8.85368962e-01  6.39321686e-02 -1.19059209e+00  5.90874071e-01
  4.26848188e-01  1.29915233e+00 -1.28050740e-01 -3.98987559e-01
 -1.20047576e+00 -1.83487112e+00 -1.67608084e+00 -9.38950036e-01
  8.33441380e-01 -1.14383652e+00 -8.29352789e-01  9.07983279e-02
 -1.65237275e+00  1.35879462e+00 -1.83245607e+00  3.81507196e-01
 -1.20751529e+00 -7.05741875e-01 -1.08824692e+00  3.07019393e-01
 -1.09179368e-01 -9.52406584e-02  4.25587792e-01 -8.82087187e-01
 -1.10635389e+00  3.29580443e-02 -1.86557246e-01 -7.14282510e-01
  2.87387804e-01  1.69149775e+00  8.89541636e-01 -7.37289151e-01
 -4.69439432e-01 -5.09863747e-01 -2.59801437e-02  1.29952634e+00
 -2.12404662e-01 -5.35588567e-02  4.54446340e-01  7.71719294e-02
  7.10146713e-01 -4.34594254e-01  5.81392604e-02  3.85613357e-02
  1.69476419e-01  8.40676660e-01 -8.91069301e-01 -7.88536853e-01
  2.25888094e+00  5.07764282e-01  1.01006734e+00 -3.11999836e-01
  1.41953942e+00 -1.63344812e+00 -4.17354577e-01 -6.75271538e-01
  1.19382689e+00  2.04963960e-01  4.46273852e-01  3.44136070e-01
  2.37409472e-01  6.40038472e-02 -6.62034741e-01 -7.96686803e-01
 -1.68882035e+00 -1.76285863e-01  1.10801460e+00  6.11501559e-01
  1.27245370e+00  1.20386883e+00  3.56534103e-01  1.51151738e+00
 -1.01527507e+00  9.11872761e-02  1.02349948e+00  2.37262077e-01
  1.71275384e+00 -1.79922097e-01  7.17189344e-01 -2.00212308e-02
 -9.05843766e-01  3.35002963e-01 -3.43355254e-01  1.01741639e+00
 -1.44707753e+00 -4.37668909e-01 -2.77926924e+00 -1.35678544e+00
 -4.81443681e-01 -4.14296556e-01 -4.89198028e-01  4.35707130e-01
 -1.41550609e+00 -6.27512983e-01  1.05733433e+00  3.14185609e-01
 -7.29753814e-01 -4.70265508e-01  3.27767671e-01  3.58914097e-02
 -5.58082417e-01 -1.96959181e-01 -2.71135745e-01 -4.15662967e-01
  1.19513072e+00 -1.62248790e+00  6.12108520e-01  4.03013995e-01
  8.37465577e-01 -1.12845660e-01  3.21199583e-01  1.13832667e+00
 -5.20755785e-01  8.31080137e-01  4.29692889e-01  7.56901718e-01
  5.15184079e-01  1.55956264e-01  9.74991904e-01 -4.65331334e-01
 -1.02295055e+00  3.79353070e-01  5.08032010e-01 -6.83401059e-01
  3.49008114e-01  3.43663866e-01  1.82611498e+00 -7.18569866e-02
 -2.14156642e-02 -1.38267703e+00 -2.71890062e-01  1.78778809e-01
  4.36099570e-01  8.48616885e-01 -2.62057599e-03  6.38593002e-01
 -5.24068674e-01  1.21543084e+00  1.60027971e-01  1.94208358e+00
  1.47554444e-01 -6.25827184e-01 -1.66332498e-01 -1.95489515e+00
  3.57172428e-01  7.11996281e-01  5.71219883e-01 -1.33159281e+00
  5.99728177e-01 -5.02190688e-01 -5.56899176e-01 -6.29472206e-01
 -2.11806634e+00  1.03595253e+00 -1.51119067e+00 -1.63001537e+00
 -4.03611604e-01 -1.84253500e+00  1.42515580e+00 -1.90118870e-01
  1.48544525e-01  1.78200490e-01 -1.16638328e+00  1.28750872e+00
 -3.85096868e-01  4.27889370e-01 -2.06562242e-01 -2.88402662e-01
 -7.76444792e-01  1.09606543e+00  9.07152489e-01  7.68603306e-01
 -1.30152763e-01 -1.79694646e-01 -7.03580898e-01 -8.06723142e-01
 -1.63189637e+00  5.79187325e-01  1.14097383e+00  2.16551918e+00
 -1.38418590e+00  8.43799360e-01  3.27909242e-01 -2.04603634e+00
  2.96028809e-01 -5.24554817e-01  1.32825411e+00 -7.76497082e-01
  6.67297008e-01 -3.14628586e-01 -5.59326258e-01 -1.05335200e+00
 -3.14581801e-02  1.64186104e+00  9.23893680e-01  1.30855735e+00
  1.80808059e-01 -9.86346840e-01 -1.24988403e+00 -8.76691087e-01
 -4.47306325e-03 -1.15627120e-01 -1.22097847e+00 -2.43606077e-01
  1.14335213e+00  3.27293389e-01 -1.55408628e+00 -4.77488854e-01
  5.22771100e-01 -2.97955545e-01  6.12505194e-01 -9.93443879e-02