 1.27905714e+00  3.02958597e-01 -5.37215693e-01  3.33738545e-01
  3.16363701e-02  7.39042447e-01 -1.59399726e-01 -4.87510510e-01
  8.54919820e-01 -5.44633107e-01  4.54489682e-01  6.85875320e-01
  2.81829437e-01 -4.17798909e-02  8.48820425e-01 -7.39094491e-01
  2.39862405e-01 -6.80154667e-01 -5.61369945e-01 -3.61652152e-01
  1.75192416e+00 -9.02675216e-02 -5.14730875e-01  6.96038705e-01
 -1.34397622e+00  9.38549266e-02 -8.08484783e-01 -2.49620202e-01
 -5.91603983e-01  2.76218240e-01 -7.59773181e-01  6.28057061e-01
 -3.21188655e-02  2.06804227e+00  1.61712381e+00 -4.14733387e-01
 -1.61095223e-01  1.17198799e-01 -8.87596578e-01 -2.40695403e-01
  1.45365357e-02  9.55084358e-01 -1.22570360e+00  1.16096962e-01
 -2.07474502e+00 -2.43334335e-01 -1.78281573e+00  1.89727067e+00
 -3.42326912e-01  2.33404582e-01 -5.04650154e-01  1.89949324e+00
 -1.63636367e-01 -7.88815941e-01 -3.51465732e-01  1.46521216e-01
  2.59679524e+00 -1.69213496e-02 -8.19395111e-01  3.63051121e-01
 -1.03465391e+00 -1.73796516e+00  1.12020311e-01  1.57570090e-01
 -8.79326078e-02  4.09884156e-01  1.66561917e+00  6.77672564e-02
  1.19633814e+00 -6.69028011e-01  1.10956693e+00  9.57565365e-01
 -9.73669563e-01 -8.37729120e-02  7.88159506e-02 -3.41082487e-01
  4.27644572e-01 -9.60524165e-01 -3.93437457e-01  1.37843029e+00
  1.27637116e+00 -8.21655005e-01 -2.84857436e+00  1.05715611e+00
  2.22255157e+00 -2.48950251e+00  3.18343486e-01 -5.02671702e-01
 -8.94915644e-01 -1.24552475e-01 -1.51566181e-01 -1.44919123e-01
  1.74883374e-04 -1.56494012e-01  5.30149633e-01  1.16957743e+00
  4.65109475e-01 -1.29036831e-01  1.33738440e+00 -1.65264573e-01
  5.68537428e-01  1.23387148e-02  8.18586689e-01 -2.07747167e+00
  2.31548855e-01 -5.47177205e-01  3.37757948e-01  1.36413753e-01
 -1.50979926e+00 -1.33847140e+00 -1.15860769e+00 -4.92610299e-01
 -1.55862614e-01  3.55476519e-01 -1.28200779e+00 -6.68420673e-01
 -2.19882072e+00 -6.64550816e-01  1.64873299e+00  1.21785179e-01
  1.31591604e+00  1.24963060e+00 -1.16778128e+00 -7.43522574e-01
  2.71582426e-01 -7.42121399e-01 -3.49611348e-01  9.77419170e-01
  8.73429252e-01 -1.01234289e+00  2.19229875e-01  5.95159119e-01
  7.34765485e-01 -8.73846522e-01 -1.73069271e-01 -1.19852650e+00
 -8.27695192e-01  1.22351460e+00  1.38052865e+00  1.54858696e+00
  4.81581969e-01  1.51064596e+00 -3.74059929e-01 -1.41120871e+00
  8.20236590e-01  4.25248380e-02  9.57156245e-01 -2.14415851e+00
 -6.89600621e-01 -6.32988543e-01  6.90795054e-01 -1.18691928e+00
  1.13743026e+00 -4.76489246e-01  1.32524600e+00 -1.01373669e+00
  6.57958921e-01 -7.11445898e-02 -1.38572871e+00  3.31409229e-01
  2.16231436e-01  2.35403417e-01  1.07908924e+00 -1.18836573e+00
  4.26305870e-01  2.65474970e+00  8.18756281e-01  8.89418794e-01
  7.16235930e-01 -5.82851682e-01  7.63542456e-02 -7.10102714e-01
  2.42597603e-01  8.67807220e-01  1.84504355e+00 -5.50427390e-01
 -1.91153247e+00  3.15235979e-01 -9.71750067e-01 -1.23992331e+00
 -1.66713702e+00 -3.99544295e-01 -7.20327649e-02  1.33382716e+00
 -2.62868363e-01 -1.34106139e+00  6.49893013e-01  1.14453689e+00
  3.44531888e-01 -9.25196270e-01  3.30715345e-01  3.78836617e-01
  5.73265619e-01 -2.92170576e-01 -9.87341078e-01 -2.09423301e+00
 -1.39501312e+00 -4.95041679e-01 -7.06135234e-01 -1.47587733e+00
  1.11319747e+00  5.93824375e-01 -2.56283444e-01  1.96244597e+00
  1.89298832e-01  1.54923472e-01  4.67059198e-01 -9.06309106e-02
  6.42892665e-01  7.79626810e-01  4.37022353e-01  7.73839048e-01
 -1.20956262e+00  1.00542096e+00 -1.31706023e-01 -6.44643077e-01
  8.73442450e-02 -3.11021172e-01 -6.00479212e-01  9.28997912e-01
  1.25184686e-01  5.76964929e-02 -1.29467728e+00  3.10655354e-02
 -1.24428570e-01 -1.45858933e+00  1.39490767e+00 -5.34125993e-01
 -1.20954982e+00  4.96826512e-01 -1.71066647e-01  9.35655912e-01
  9.72372939e-01 -1.32626480e+00  8.44902546e-02  1.14840260e+00
 -3.04255729e-01  3.09463120e+00 -2.81976821e-01  2.40079612e-01
  2.10342696e+00  7.06259613e-01 -6.94627576e-01 -5.32857125e-01
  1.50096746e+00  4.60154088e-01 -3.77874673e-01 -1.10243131e+00
  3.75259072e-02  2.90289510e-02 -1.02371779e+00  3.20854784e-01
 -4.29660725e-01  1.17636755e+00  2.79857657e-01 -2.00485486e+00
  9.68789611e-01  2.37337307e-01  1.45363725e+00  7.86697915e-02
 -1.73194695e-01  2.98020704e-01 -7.64255503e-01 -1.07054297e+00
 -2.83886247e-01  2.85263967e-01 -6.58273518e-01 -1.50284573e+00
  1.75450216e+00  1.05168631e+00  8.02858351e-01 -8.52244583e-01
  8.80440151e-01  1.28795237e+00 -1.19298664e-01 -9.19951108e-01
 -7.39622804e-01  5.16165719e-01 -1.03077007e+00 -1.55244024e-01
 -3.14006427e-01 -3.30596415e-01 -2.12315624e-03  1.12041325e+00
  4.48857277e-01 -5.05634060e-01 -6.30065748e-01 -7.87075680e-01
  6.00598251e-02  2.03656920e-01  1.33712652e+00  1.55110275e+00
 -4.75394485e-01 -1.73049964e+00  2.86595729e-02  8.91239083e-01
  9.74258359e-01 -6.95046326e-01 -1.09837690e+00  8.76286906e-01
 -7.74619558e-03 -1.70846044e-01  2.43304908e-01 -5.25949000e-02
 -1.57905890e-01 -1.37782607e+00  1.56139867e+00  1.74536992e+00
 -1.43702003e+00 -1.17272045e-01 -3.44129234e-01  4.04972951e-01
  1.53421891e+00  1.17376568e+00  1.14268158e+00  4.18768261e-01
 -1.05277676e+00 -4.47558583e-02 -1.53129598e+00  8.46658707e-01
  1.44439064e+00 -7.21854596e-01  7.51926953e-02 -1.30567346e-01
 -1.01819316e+00 -1.18872724e+00  5.34915815e-01 -6.34131890e-01
 -7.34445945e-01  3.55936112e-02 -2.53592749e-01  4.82843150e-01
 -1.14453377e+00  9.14217753e-01 -2.03986675e-01  5.04346982e-01
  2.24175470e-02 -6.65360758e-01 -6.01906173e-01  7.75289266e-01
  5.84589233e-01  9.57160388e-01  1.64826623e-01  7.37103282e-01
  5.32039707e-01 -1.92836625e-02  1.68084596e+00  1.21160094e+00
  4.65027878e-01  1.36273443e+00  7.44145612e-02  3.04647631e+00
  1.01214985e-01  6.15150434e-02 -1.59217663e-01 -2.69553288e+00
  4.23649927e-01  1.86344556e-01  4.96010175e-01  9.16898186e-01
 -5.97007947e-01  5.50575075e-01 -1.63183600e+00  3.09912826e-01
 -1.25482310e+00  9.65055743e-02 -1.37057700e+00  6.38997193e-01
  9.51357320e-01  6.04979672e-01 -1.92743411e+00 -9.93954923e-01
 -1.54892251e+00  1.06190564e-01 -9.03383339e-01  6.33520151e-01
 -1.35089473e+00  6.18738678e-01 -7.41564913e-01  1.37789545e-01
 -7.00544078e-01 -7.31912634e-01 -4.25654034e-02 -6.12157451e-01
  4.42816189e-02  1.13985477e+00 -1.44461539e-01  5.67518729e-01
  9.83252615e-01 -2.09051856e+00  2.64029627e+00 -2.96832002e-01
  4.01347630e-01  5.47552566e-01  3.04271094e+00  6.23690009e-01
  1.56695048e+00 -2.07615072e+00 -5.57712347e-01 -1.96214284e+00
 -2.19172693e+00 -1.21279423e-01  6.21092437e-01 -1.23162571e+00
  1.39477270e+00  1.80468170e-01 -9.05239485e-01  2.16969558e-01
 -1.49321236e+00  3.16522738e-01 -3.58483980e-01 -3.31404370e-01
  1.17733841e+00  9.39991976e-01 -1.22073504e+00 -2.31694737e-01
 -9.30842880e-02 -7.81718942e-02  1.28342134e+00  1.49602949e+00
  3.26078561e-01 -1.19421278e+00 -5.61585422e-01  1.81697537e-02
  7.42228391e-01  1.05202208e+00  6.77704456e-01  1.24829873e-01
 -5.24118752e-01  4.79998527e-01 -6.51408434e-01  1.42189994e+00
  1.61450405e+00 -8.87140370e-01 -6.06968346e-01  2.10039517e+00
  4.74856523e-01  1.18542028e+00  5.99880831e-01 -4.54847360e-01
  3.89196138e-01  1.34631266e+00 -1.68545557e-01 -1.76203238e+00
  1.65557981e+00  1.68745413e+00 -2.75050428e+00  6.79265130e-01
 -3.00515843e-01 -4.26007028e-01 -6.34000707e-01  6.62851556e-01
 -1.41554230e+00  1.21799416e+00  5.16213045e-01 -3.00018544e-01
 -1.11888020e+00  6.37343709e-01  3.27535621e-01 -1.27215300e-01
  7.67389402e-01  3.78624048e-01 -8.31946286e-01 -8.20068665e-01
  4.86324001e-01  7.03952284e-01  2.46566232e-01 -1.73847071e+00
 -1.97103416e+00  1.19700126e+00  1.96150299e-02  7.27790804e-01
  8.46928266e-01 -1.86360266e+00 -3.55713164e+00  3.35968519e-01
  9.51104180e-02 -5.25368394e-02 -1.19116365e+00  6.75981840e-01
  2.43889046e-01  1.44826908e-01 -4.56054270e-01 -9.49566567e-03
 -1.38692553e-01  4.92525674e-03 -3.55659995e-01 -2.33754174e+00
  3.41806617e-01 -1.34633112e+00  7.07529592e-01  1.63761797e-03
  9.82191434e-01 -8.63861847e-01  1.76304529e-01  1.15324755e-01
 -1.51471774e+00  5.43996223e-01  3.94218388e-01  2.54523351e-01
  1.04738633e+00  1.87122690e-01 -1.12911465e-01  1.84822392e+00
  2.02538269e+00 -1.48660187e+00  1.87819718e-01 -1.04691137e-02
 -1.12293020e+00 -2.46429203e+00  4.18313918e-01  1.11992278e+00
  1.54850816e+00  7.79347510e-01 -4.81716497e-01 -3.14510522e-01
 -1.45647527e-02 -3.73418497e-01  9.89238819e-01 -3.47378338e-01
  5.09294577e-01 -1.20883872e+00  7.62134567e-01  1.04709994e+00
  2.31978756e-01  4.51441719e-01  1.64300622e+00  1.18795088e+00
 -1.11958604e+00 -2.62790396e-02 -2.39956658e-01 -6.49143572e-01
 -6.57993013e-01  2.64663328e+00 -4.73479272e-01  1.19397986e+00
  9.03309946e-02 -2.74356733e-01 -1.17769176e+00  1.57410821e+00
  1.31781054e+00  1.05946472e+00 -4.09657226e-01  4.05131176e-02
  1.50664127e+00  1.03990889e+00  9.50696858e-01 -1.99376757e-01
 -1.56864427e+00 -1.31257637e+00 -1.79431896e+00 -1.98286288e-01
 -1.91594608e-02  1.13348518e+00  5.27991349e-01  1.72870062e-02
  4.58180257e-01 -4.85703343e-01  1.08831378e+00  1.52292209e-01
 -1.21252548e-01 -4.53097964e-01  1.51458256e+00  1.79031465e+00
  4.03419022e-01  1.25295536e-01 -3.00637819e-01  9.46986057e-01
 -5.44011004e-01  3.57724911e-01  1.93996453e+00 -2.65282464e-01
 -8.59245844e-02 -9.98870941e-02  1.92494538e-01 -9.54046072e-01
 -1.57477320e+00 -6.99836253e-01  2.67581574e-01  1.16424566e-02
 -8.51893756e-01 -1.35366680e+00  2.80438661e-02  1.97899896e-01
  2.32663826e-01 -1.03406397e+00 -1.90138127e-01  2.72750160e-01
 -1.07572207e+00 -8.93438702e-01 -2.01663212e-01 -4.58336675e-01
 -1.03792773e+00  1.48339055e+00 -1.23927535e+00  2.52040571e-01
  1.03979629e+00  3.99655084e-01  1.30273862e+00 -9.73570613e-01
 -2.00344730e-01 -5.89745821e-01  1.06531645e+00 -9.49286250e-01
  2.03549248e-01  2.25217664e-01 -1.76851810e-01 -4.67233566e-02
 -8.12458543e-01  1.10357303e-01 -8.71260784e-01  9.65336968e-01
 -8.74695651e-01 -5.73318995e-01  2.71725770e-01 -2.49298924e-01
  1.77661031e+00  1.13086139e-01 -5.19926791e-01 -8.90600654e-01
  1.17311065e-01  1.36450703e-01 -1.39680029e+00  2.35754649e+00
  1.09847010e+00  9.84814583e-02 -1.55118797e+00 -3.77288235e-01
 -4.33818835e-01 -1.84657436e+00  6.24327176e-01 -8.47512669e-01
  1.96409159e-01 -1.41526105e+00 -1.97612968e-02 -5.41811460e-01
 -8.85487971e-01 -9.04706222e-01  1.57996418e+00 -5.70055144e-02
  9.30770516e-01  4.38182529e-01 -4.21339674e-01 -9.77600710e-01
 -6.66758454e-01 -2.58126620e-01 -8.51445438e-02  4.49686095e-01
 -1.47883737e+00 -1.13610617e+00 -4.89983458e-02  4.34248067e-01
 -3.80137837e-01  3.59419253e-01  5.77426451e-01  7.91596844e-02
 -2.22720522e-01 -3.69208712e-01  1.31473073e+00 -6.50960262e-01
 -5.92155189e-01  4.65311881e-01 -1.28732837e+00  7.33261135e-01
 -4.82193521e-01 -1.00224789e-01 -7.41703145e-01 -1.04202934e+00
  9.44572685e-01  7.39121259e-02 -8.42886872e-01  9.50245774e-01
  1.60322261e+00  7.68372273e-01  2.09546178e+00  1.50949043e+00
  9.39564648e-01 -5.86882435e-01  5.28973310e-01  8.03792214e-01
  7.26457689e-01  4.21247389e-01  1.52875796e+00 -1.25283131e+00
 -1.17572017e+00  1.90344495e+00  8.09125417e-01 -3.40024389e-01
  4.03696870e-01 -1.72884578e+00  5.20781693e-01  7.38595756e-01
  1.86147187e-01 -2.29842577e-01  8.25300964e-01 -6.58644847e-01
  1.20915975e+00 -3.79447478e-01  2.02991733e-01 -5.54828496e-01
  4.79933587e-01  2.96396548e-01  1.14582690e+00 -8.76497532e-02
  5.96363144e-01  1.45979003e+00 -9.11214431e-02 -1.53226806e+00
 -1.98583750e+00 -4.32544841e-01 -7.94831526e-01 -3.31133373e-01
 -1.30058916e+00 -1.31135569e-01 -3.47109983e-01  2.16318862e-01
  8.89116431e-01  8.73065855e-01  1.41385309e+00 -9.34020879e-01
 -1.37663972e+00  7.87838885e-01 -1.78588682e+00 -1.27069875e-01
  8.06942786e-02  5.94234228e-01 -4.92286874e-01  9.03291512e-01
  2.31119135e-01 -3.52301467e-01 -2.05949483e-01 -7.92917882e-01
  3.56770820e-01  7.64810492e-01  1.54685471e+00 -1.64490828e+00
 -2.47924836e-01  7.04425210e-02 -1.64109045e-01  4.10961408e-01
  6.52336452e-01 -3.48996851e-01 -1.91676642e+00  4.07845858e-01
 -1.36622141e+00 -3.94297583e-01  2.08866068e+00  1.20927213e-01
  1.56671904e+00 -1.76247488e+00  5.91446709e-01  9.20655848e-02
 -2.02061914e-02 -3.01511639e-01 -8.11598254e-01  4.91404410e-01
  7.23782686e-01 -1.01282509e+00 -9.52491146e-01 -9.80447929e-01
  8.04237367e-01 -2.80059905e-01  7.85836681e-02 -1.59169324e+00
 -3.81082294e-01  8.76404430e-01 -7.44076731e-01  3.79988264e-01
 -9.25304571e-01  2.97098836e-01  1.93247427e+00 -1.61226953e+00
  1.70945359e-01 -1.08643696e+00  6.29963568e-01  1.18941008e+00
  7.76221759e-01 -1.30953130e+00  1.38969143e+00 -1.75827270e+00
  1.32799974e-01  1.42157328e+00  1.25288503e-01 -3.09266700e-01
 -4.82565297e-01  8.26013588e-01  3.61571993e-01 -5.16847673e-01
 -1.37472174e+00 -1.14106745e+00  1.38694566e+00 -8.46961332e-01
  5.57533714e-01  7.33579503e-01  4.14616418e-01  4.17435045e-01
  3.84409963e-01 -1.85703007e+00  1.80757473e+00  8.14164299e-01
  7.27503928e-01  1.14187144e-01  3.65384691e-01 -2.37804330e-01
  1.47118676e+00 -5.06978520e-02  1.39563910e+00 -3.13782438e+00
 -3.56344494e-01  6.02731884e-01 -1.28095075e+00 -3.00173095e-02
 -1.54360378e+00 -5.81301151e-02 -7.39618808e-01 -4.98238515e-01
  3.51056761e-01 -3.49498863e-01  7.38010311e-01 -9.60242541e-01
  1.30497922e+00  7.50878251e-02  1.58443161e+00  6.69957524e-01
 -3.26597992e-01 -1.31423018e+00  7.29458946e-01 -8.45569819e-01
 -8.15398602e-01 -1.31246962e+00 -6.31710017e-01 -9.04974953e-01
 -9.58235738e-01  2.04135121e+00  1.11287689e+00  5.73282547e-01
  3.14500453e-01 -2.03798484e-01  1.42180559e+00 -2.56568870e-02
 -1.73165764e+00 -7.45151305e-01  2.92961728e-01  4.37609076e-01
  4.85706309e-01 -1.14734346e+00  4.12929321e-03 -1.93794373e-01
  7.99121446e-01 -1.29743559e+00  3.35998465e-01  1.81875613e+00
  1.19885961e+00  3.23308908e-02 -2.32670498e+00 -1.33774917e+00
  1.28099992e+00  1.19142190e+00 -9.66493374e-01  2.70137501e-01
  1.20693093e+00 -1.39409438e+00  1.92061958e-01 -1.81723282e+00
 -5.12668265e-01  1.21834470e+00  1.73836385e+00 -1.05939315e+00
  1.64942712e+00 -1.76687018e+00  1.40911537e-01  7.01104246e-01
  4.77802429e-01  1.85504345e+00 -9.26302529e-01  7.17647924e-01
 -3.45531383e-01 -1.44758845e+00 -2.35069327e+00  1.19555070e+00
 -1.38940975e-01  5.49800399e-01 -7.31356560e-01 -1.25144338e+00
 -9.42991670e-01 -1.55831891e+00  5.38161772e-01  1.94869648e-01
  5.83301915e-01 -7.29188595e-01 -7.12312363e-01 -6.48427399e-01
 -7.71052452e-01  8.78262950e-01 -9.43857103e-01 -1.24436064e+00
 -2.53379265e+00  1.26433575e+00  5.16680264e-01 -8.94211364e-01
 -8.18500470e-01 -5.60983821e-01  5.09090918e-02  1.35360477e-01
 -9.71833368e-01 -5.12197481e-02  4.31285128e-01  1.87390277e+00
  1.07772292e+00  4.25780416e-01  7.38719314e-01  1.44546634e+00
  3.87966261e-01 -4.00880215e-01  4.18049969e-01  8.32429773e-01
 -4.62518540e-01  1.80554165e-01 -6.53101384e-01  8.02063473e-01
 -6.67259873e-01 -6.46234381e-01  2.20560569e-03  9.42193740e-01
 -1.17642007e+00 -5.99527891e-01 -1.83353078e+00 -7.77364882e-01
 -4.24526332e-01 -5.67986401e-01  5.70300246e-01 -2.11025350e-01
 -1.25408555e+00  4.65944557e-01 -6.85626282e-01  2.34246062e+00
  1.89631190e-01  9.56560410e-01 -4.97098052e-02  6.14462425e-01
  4.37874642e-01 -2.28416046e+00  3.46604757e-01 -5.24624059e-01
 -8.34761836e-02  9.29704204e-01  8.79487723e-01 -1.62254767e+00
 -7.51226388e-01  2.73663744e-01  6.40955960e-02  2.67179060e-01
 -1.02725051e+00 -3.23328727e-01 -2.40962304e-03  1.41964624e+00
 -7.75899615e-01 -4.90292021e-01 -1.14326100e+00 -4.30782746e-01
 -2.84837612e-01 -3.03746108e-01 -1.45097375e+00  1.93549356e-03
 -1.04710493e+00 -6.84609748e-01 -1.22548377e+00 -2.64237894e-01
 -1.04767507e+00  5.64988525e-01  8.45384950e-01 -1.07034561e+00
 -7.91382146e-01  5.69161143e-02 -1.68695880e+00  2.69771526e-01
  7.31053360e-01 -1.33234082e+00  4.04734181e-01  5.27647043e-01
  9.74960408e-01 -2.77740165e-01 -3.51248945e-01 -1.92412525e-02
  1.01500260e+00 -1.55509052e+00  5.22462464e-01 -4.40828197e-01
  4.03181991e-01 -1.65504348e+00  1.72026217e-02  7.17135604e-01
 -3.08069092e-03  3.51176642e-01 -2.33104603e-01  3.64587795e-01
 -2.87667071e-01  9.94498631e-01  1.01822143e+00  1.80579129e+00