 5.47550220e-01 -1.67632313e-01  2.67373389e-02 -5.61570060e-01
  1.20227755e+00 -4.67276666e-02  8.51012215e-01  8.16540795e-01
  3.30668615e-01 -7.64631863e-01  4.75997037e-01  7.06456527e-01
  3.85968182e-01 -8.74712481e-01  3.95187430e-01  1.32491543e+00
 -5.27862964e-01 -6.81688029e-01  5.78564064e-01 -7.16609942e-01
  6.96328104e-01 -2.52495570e-01 -8.05136430e-01 -6.08082844e-01
  1.66423770e-01 -4.34599685e-02 -6.91147788e-01  1.98037522e+00
  4.29643843e-01  5.23440850e-02  9.01008163e-03  4.95683204e-01
 -1.01555172e+00  8.51691692e-01  8.09130329e-01  9.85779647e-02
  6.39118780e-02 -2.34975904e-01  1.31028011e+00 -3.51250174e-01
 -1.45948138e+00  4.92045184e-01 -1.01397088e+00  1.45994015e-01
 -1.51486317e-01 -7.73980212e-01 -2.89256411e+00 -1.07635802e+00
  9.93249597e-01 -1.00758311e-01  1.13268072e-01 -5.32152182e-01
  7.34073493e-01 -1.20911418e-01 -2.22738770e+00 -1.48908538e+00
  6.70617486e-01 -5.89125738e-01 -1.21642916e+00  1.74078700e+00
  1.59702889e-01 -6.62002468e-01  1.04276878e+00  6.22087941e-01
 -2.85486325e-01 -1.44057344e+00  2.39159511e-01 -1.35153899e+00
  1.22202778e+00 -1.51941768e+00 -1.46521736e+00  1.10842027e+00
 -1.02936816e+00  1.97248032e+00 -9.82360362e-01  1.56148327e-01
  4.42493037e-01  8.37656861e-01  3.44270350e-01  1.81000903e+00
 -1.19470580e+00  1.58956859e+00  1.28983890e+00 -7.86240346e-01
 -2.96713013e-02  6.33334578e-01  1.86236020e+00  1.74256464e+00
  3.18886485e-01  1.09061493e+00 -2.41560442e-01  1.91483403e+00
 -7.44527590e-01  1.63840094e+00 -8.73419074e-01  2.11366720e+00
  1.03853002e+00 -2.55326851e-01  2.39743241e-02 -7.05604305e-01
  1.28030994e+00 -5.59393716e-01  3.51196943e-01  2.24906592e+00
 -1.24202822e+00  5.47064057e-01 -1.63679088e-01 -1.77741652e+00
 -1.36232790e+00  2.41683510e+00 -8.55382782e-01 -1.37763151e+00
 -5.19728331e-01  2.03512718e+00  6.76538947e-03  2.31102862e-01
 -7.84412468e-01 -2.85447155e-01 -9.07641736e-01 -1.52202175e+00
  1.52520046e+00  1.23508753e+00 -8.56249701e-01 -2.01557427e-01
 -7.94777782e-01 -2.83397343e-01 -9.07863904e-01  8.71807707e-02
 -1.46626011e+00 -1.56400145e+00 -1.47537336e-01  5.62743832e-01
 -1.34445012e+00  4.96318621e-01 -1.20181709e+00 -2.53748888e-01
 -9.29050104e-01 -1.45948329e+00  1.90761114e+00  1.47719097e+00
  7.95099733e-01  7.01638679e-01 -1.84899302e+00 -9.31599963e-01
  3.21348531e-01  1.86760460e-01  4.34747623e-01  2.16454138e-01
  5.65229704e-01 -3.50266144e-01  3.83934255e-01 -8.95010575e-01
  1.31372627e+00  1.46285702e+00 -1.81380906e+00  6.11684939e-02
  9.43868133e-01  6.77510193e-01 -4.07565071e-02 -6.51376302e-01
 -4.58954931e-01  1.71767044e+00  1.28718646e-01 -1.22029999e+00
 -2.53460712e-01  1.17261481e+00  5.76904206e-01 -4.76033446e-01
 -4.27247132e-01  7.63007649e-01 -2.22024409e-01  4.60323159e-01
 -9.23421137e-01 -1.90865234e-01 -4.18144490e-01 -5.98722126e-01
 -2.19690514e+00  5.36832061e-01  1.23797095e+00 -1.46399684e+00
  7.14379616e-01  1.38340077e+00 -3.05995643e-01 -4.98112849e-01
  1.07061252e+00  1.06308308e+00  2.64812504e-01  6.58723635e-01
 -5.29334628e-01  3.89663752e-01  1.99435624e-01 -2.79263594e-01
  1.34100375e-01  1.76377815e+00 -1.72836802e+00 -9.08372576e-01
  1.06991070e+00 -1.30601991e+00 -3.88967102e-01 -4.09346976e-01
  7.51888379e-01  7.06922508e-02 -1.22587901e+00 -2.57488792e-01
 -1.40870245e+00  6.91005891e-01 -6.37043207e-01  4.77839868e-01
  1.07118458e+00  6.30614394e-01  2.45800225e+00 -2.38923418e-01
  8.49957109e-01 -4.30570882e-01  5.68870016e-01  1.57767891e+00
  1.06515318e+00 -7.74544191e-01  5.63129164e-01  1.10806420e-01
  6.16515106e-02 -6.21558912e-01  4.02684952e-01  1.27883949e+00
  7.07186666e-01  1.12339401e-01 -1.00919072e-01  2.04889811e-01
  8.65294588e-01 -7.41757975e-01  9.48028010e-01 -4.63458567e-01
  4.24045319e-01  6.40049171e-01  1.37583599e-01  8.31660711e-01
  5.74670671e-01  2.01483525e+00  2.88546713e-01  1.49729100e+00
 -1.25447528e+00  2.35300361e-01 -1.54241477e+00  1.17090018e+00
  3.20163486e-01  7.47525557e-01  1.41407796e+00  9.42741624e-01
  5.61367631e-01  5.66089599e-01 -1.30825565e+00 -6.50200412e-02
  3.53811881e-01 -1.37813460e+00 -3.81122970e-01  7.58170232e-01
 -3.56758215e+00  5.18808066e-01 -1.13553629e+00 -4.01228054e-02
 -2.86166361e-01  2.49534595e+00 -3.76610284e-01 -8.10039404e-01
  1.86373390e-01 -1.09314160e+00 -8.08094564e-01 -1.50985672e+00
  5.81510184e-01 -5.83776433e-01  5.41740666e-01  1.27702085e+00
  6.24735617e-01  3.87982120e-02  5.81669245e-01 -4.67765133e-01
  6.74744083e-01  7.07344595e-01 -3.97916026e-01  5.55836512e-01
 -3.38507850e-01  4.40680863e-01  1.13322924e+00  8.36886444e-01
  8.57757328e-01  1.86954645e-01 -5.31781379e-01 -2.12226179e-01
 -2.93988637e-01 -9.62554860e-01  1.19846262e+00 -1.03343961e+00
  8.07205791e-02  2.57208051e-01 -1.12458068e+00 -8.53839129e-02
 -4.31757808e-01  1.25793386e-01 -1.22680496e+00 -1.14444360e+00
 -3.35554112e-01  4.29997775e-01 -1.17342991e+00 -4.88742003e-01
  1.27789945e+00  4.20050692e-01 -5.14744553e-01  8.46447914e-01
  7.32444635e-01  2.06677743e+00  4.03456708e-01  5.58977659e-01
  2.75722724e-01 -3.37823110e-02  3.44749348e-02  2.51781958e-01
 -5.58801414e-01 -3.15996916e-01  1.85730088e+00 -1.69675065e+00
 -8.77783856e-01 -1.72516602e+00 -5.89588445e-01 -1.19860326e+00
  5.61450105e-01 -5.57795987e-01 -8.71807170e-01 -7.66211591e-01
 -3.07096390e-01 -4.75092420e-01  1.00289097e+00 -1.03991170e+00
  1.68672906e-01  1.05412148e-01  7.09948090e-01  3.40635126e-02
  8.44411773e-01 -6.68541747e-01 -1.24684986e+00  6.06540429e-01
 -1.72370174e+00 -4.51109103e-01 -1.31736594e+00 -9.69291653e-02
  4.38645226e-01  1.16580226e+00 -5.01282350e-01  8.06917190e-01
 -1.13904358e-01  4.32733633e-01 -1.27727098e-01  7.48148023e-01
 -7.40084763e-01  5.23911761e-01 -1.69594362e+00 -1.46284484e+00
 -1.14518263e+00  1.13527131e+00  2.49541667e-01 -1.15936077e+00
 -1.21424570e-01 -5.72737243e-01 -1.45901817e+00  8.75774805e-01
 -6.96820224e-01  6.41706435e-01  8.42193071e-01  2.24651048e+00
  8.63736808e-01  1.30074640e+00 -1.47254186e+00  9.23607784e-01
 -6.01832750e-01  9.82023894e-01  1.81472541e+00  7.64695571e-01
 -5.13990820e-01 -6.40030958e-02 -5.91345097e-01 -9.82518538e-01
 -2.11790371e+00  1.21872486e+00  1.14694046e-01  1.80326667e-01
 -9.86981015e-01 -6.94423739e-01  6.14139727e-01 -7.37783606e-01
  1.87527619e+00 -7.03974281e-01  1.88167698e-01  5.31825689e-01
  6.73795490e-01 -8.05826493e-01  1.82407244e-02  7.48537072e-01
 -6.04681825e-01  5.01970193e-01 -1.10425564e+00 -2.20365938e-02
  1.84120895e-01 -4.75709817e-02  1.06887477e-01 -9.28343028e-01
  1.00166025e-01  2.82007707e-01 -5.71420248e-01 -1.01450074e+00
 -9.58447368e-01 -1.83057917e-01 -3.05168382e-01  1.33717436e+00
  8.78930598e-01 -3.05454545e+00 -2.20010538e-01  7.19243386e-01
 -1.84127846e+00 -2.48376825e+00 -6.01008434e-01 -8.53178288e-01
 -1.56434182e+00  2.23690115e+00  5.07653643e-01  1.82860882e-01
  1.65141747e+00  3.75452122e-01  1.23696921e+00 -1.05154086e+00
  4.07014031e-01 -7.03964296e-01  5.97995412e-01 -4.09488986e-01
 -1.37254258e+00 -6.80321066e-01 -8.48947631e-02  1.92477914e+00
  4.20416539e-03 -1.80028468e-01  5.20326878e-02  1.54029635e+00
  9.30066003e-02 -8.44231230e-01 -1.31577460e+00 -1.01980287e-02
  1.88724339e+00 -2.13086053e+00 -6.17712144e-01  2.26157425e+00
 -3.84132902e-02 -8.07186434e-01  1.69935947e+00  8.43393174e-01
 -1.22127756e+00 -1.32511799e-01 -1.88857648e+00  1.75662046e+00
  2.67175667e-02 -9.66497759e-02 -5.12235897e-01 -8.42985530e-01
  2.68509198e-01 -9.73337558e-01 -3.21975927e-01 -3.58544590e-01
  1.53535974e+00 -2.17487532e-01  8.68192770e-01 -1.31583125e+00
 -2.10251233e+00 -5.77698185e-02  9.94496665e-01  4.86783160e-01
  5.05027947e-02 -1.01019100e-01  5.17851840e-01  2.91319504e-01
 -2.63729334e-01 -3.44462131e-01  1.01608304e+00  8.87024744e-01
  1.27805200e+00 -4.47609553e-01  1.14514435e+00 -3.11122170e+00
  1.89628400e-01 -4.75971376e-01 -1.46573197e+00  1.78149924e-01
 -6.20869867e-01 -1.29354351e+00 -6.35670908e-01  4.16195871e-01
 -3.22745743e-01 -7.85117400e-01  1.00078699e+00  3.16026337e-01
 -1.48247790e+00  1.43181945e+00  1.71384616e-02 -2.44577935e+00
 -2.73823497e+00 -6.97409955e-01 -7.16995112e-01  6.27775958e-01
  4.85378016e-01 -6.95720780e-01  2.78971076e+00 -1.33679155e-01
 -5.90357307e-01 -7.94025246e-02  1.08369126e+00 -6.98312110e-01
  1.23814847e+00 -7.38366931e-02 -4.48833909e-01  1.20315606e+00
  6.74517365e-01 -4.24236232e-01  1.74845557e-02  7.09881607e-01
 -6.54123609e-01 -2.26447372e-01  8.17719471e-01  6.38420361e-01
  1.46196384e+00  1.59981124e+00  2.05408543e-01  1.57909565e+00
 -3.44110706e-01 -1.34992724e+00  8.62871569e-02 -4.70717601e-02
  5.91408260e-01  1.06293999e-01 -1.78924421e+00 -1.08193922e+00
  2.79802739e-01  6.67558693e-01  3.30208850e-01  1.70037155e+00
  4.78936827e-01  2.15866631e-01  4.71995745e-01  5.35491534e-01
 -1.19672891e+00 -8.71936050e-01 -1.61101843e+00  3.52868601e-01
 -7.81103275e-02  1.07548154e+00  3.07638911e-01  8.54660420e-01
  3.67521362e-01 -2.96904319e-01  8.71887862e-02 -2.96634940e-01
  6.71154878e-01  5.67078427e-01  1.38118189e-01  4.40167832e-01
 -2.89767991e-01  5.67787072e-02 -2.51746552e-01  1.63421791e+00
 -7.01809759e-01  9.50018290e-02  1.44599269e-01 -8.35792932e-01
 -6.25187229e-01 -1.59135005e-01  5.04208334e-01 -1.25640016e+00
  6.68180391e-01 -2.58694162e-02 -1.07155407e+00 -1.20638604e+00
  6.97565331e-02  1.43635213e-01 -9.98075419e-01  1.05414748e+00
 -2.94950017e-01 -6.14232176e-01 -1.36847652e+00  1.96945968e+00
 -1.04190195e+00  3.53965048e-01  4.01028476e-01  2.72505255e+00
  1.29118597e+00 -1.91356709e-01  6.58350033e-01 -5.65021921e-01
  8.19319524e-01  3.91209068e-01 -1.26851294e+00 -1.07609420e+00
  1.30540644e+00  4.00936490e-01  8.10673262e-01 -8.80200003e-01
 -3.15548279e-01 -2.13985546e+00 -6.87321258e-01 -1.43584715e+00
  5.28202197e-01 -6.59611661e-01 -8.15392820e-01 -1.52803200e-01
 -1.43310365e-01 -9.87601323e-01  1.39686642e+00 -6.22515678e-01
 -4.42419878e-01 -1.04698353e+00 -9.32939260e-02  4.22911641e-02
 -5.92956338e-01 -3.50497140e-01  1.54773427e+00  1.20108948e+00
  7.06394531e-01  5.19308257e-01 -2.01079699e-01  5.30887494e-01
 -5.92036715e-01 -1.86631694e+00  1.07880988e+00 -2.30888961e-01
 -9.44868548e-02 -1.35389104e+00 -7.13007047e-04 -1.58574802e+00
 -1.26128593e+00  4.06401801e-01  7.14519823e-01 -1.42038222e+00
 -6.23656021e-01  2.00928782e-01 -4.83091672e-01  1.62555127e+00
  6.21490631e-02 -5.69750715e-01 -1.81711329e-01 -1.41783944e+00
  1.78334403e+00 -3.40645815e-02 -1.53059154e+00  9.14359038e-01
  3.75238564e-01 -4.84725816e-01  1.35765812e+00 -8.44516725e-01
  1.04934598e-01  1.35209406e+00  7.42266036e-01 -5.76632604e-01
  2.85408060e-01 -1.82903777e+00  4.96305445e-01 -4.69778467e-01
 -1.31801509e+00 -1.49667594e+00 -4.57962736e-02 -5.99593255e-01
 -2.93571441e-01 -5.05069232e-01  6.99953171e-01 -2.90069572e-01
  9.93289786e-01 -5.22145046e-01  1.53986775e+00  5.24069675e-01
  8.90809188e-01 -9.86401677e-02 -5.67943362e-01  4.61579160e-01
  6.09542245e-01  1.65881533e+00 -2.61885075e-01  3.63015514e-01
 -7.13817003e-01  6.67775186e-01 -5.69831422e-01 -1.21658594e+00
  4.70633433e-01  3.61078840e-01  6.04588913e-01 -3.39378042e-01
  9.24842541e-01 -1.46170047e-01  4.78822871e-01 -7.96021277e-01
  2.05810184e+00  7.25862398e-01 -1.03134325e+00 -1.34438232e+00
  1.94405605e+00 -9.76163803e-01 -4.58663492e-01 -1.23166353e+00
 -2.80554649e-01 -6.33249948e-01 -2.31812967e-01 -9.54426760e-01
  1.19304599e+00  7.57264467e-01  2.08528259e-01 -1.31570405e+00
  1.13725349e+00 -1.63897950e+00  1.20524732e+00  8.32136478e-01
 -7.97153943e-02  9.24742600e-01 -1.50772592e+00 -1.67284166e-01
 -1.66233399e+00  1.04369153e+00  2.68199711e-01 -7.01725266e-01
  2.59575731e+00  2.32260896e-01  2.54543717e-01 -7.56576011e-01
 -2.56804705e-01  1.83578420e+00  1.64426321e+00 -4.91244671e-01
  1.21580716e+00  7.23663183e-01  1.52137073e-01  6.76745664e-01
 -2.52906561e-01 -5.64060419e-01 -1.00381854e+00 -4.06721478e-01
  4.98727381e-01 -1.35342603e+00  1.68229033e+00 -1.28487507e+00
 -3.99089771e-01  1.21347710e+00  1.53309711e+00 -6.33216418e-01
  5.83923483e-01  1.45418149e+00 -4.54171589e-01 -2.28537172e-01
 -2.09860698e-01  1.61730353e+00  1.17841553e+00 -5.60428967e-01
 -1.19314332e+00  5.68180470e-01 -1.37119556e+00  4.36121818e-01
  1.09579262e+00  2.75750134e+00  1.02081412e+00  1.20824489e+00
  9.06520399e-02  2.70440217e-01  2.75825860e-01 -8.10964709e-01
 -2.98017334e-02  9.92516967e-01  1.06828825e+00  3.22484052e-01
 -2.07347809e-01 -1.21553388e+00  1.08357513e+00  1.68771981e+00
 -1.27390983e+00  9.05780857e-01  8.59271932e-01  2.80138235e-01
  3.91228847e-01  5.14330874e-01  2.75182147e-01 -9.81867635e-02
 -8.06061168e-01  1.47228469e+00  2.79996149e-01  3.66883631e-01
 -2.74474348e-01  6.48512566e-01 -2.61234175e-01 -1.17280918e+00
  1.11680936e+00  1.74651811e+00 -2.15716272e+00  6.82783741e-01
 -4.85535011e-01  8.91599749e-01  1.12172622e+00 -1.92353255e+00
  2.59799234e-01 -2.72334366e-01 -1.45943597e+00  4.12910720e-02
 -1.87716162e+00  1.30883579e+00  1.04406407e+00 -1.47746901e+00
  1.10044581e-01 -9.79392639e-01  9.07416209e-01 -1.77805772e+00
 -9.10058371e-01 -2.14293415e+00  2.41123892e-01 -3.66926590e-01
  1.89801915e-01  7.23884144e-01  4.34687135e-01  5.77425771e-01
 -1.73156903e-01  4.03940570e-01  3.79629344e-01  6.22889690e-01
  3.31958471e-01  2.85732014e-01 -4.97702574e-01  1.38810592e+00
  1.44500953e+00  3.30013617e-01 -1.69624804e+00 -1.75681921e+00
  8.79140352e-03  1.54963370e+00 -1.56350736e+00 -3.61874296e-01
 -3.81354204e-01 -8.07325996e-01 -9.11682855e-01 -1.02207870e-01
 -4.55162129e-03  4.19088166e-02 -6.51155839e-01  1.24606878e-01
 -8.14251848e-01 -1.22659761e+00  4.66838830e-01  8.54465154e-01
 -3.60427496e-01  4.67761679e-01  9.70404306e-01  4.69198575e-01
 -3.91465568e-01 -1.39987498e+00  1.50464394e+00  1.34762612e+00
 -6.95487254e-01 -3.47630023e-01 -1.10329977e-01  1.69799120e-01
 -7.63924021e-01 -2.38816289e+00  8.26672506e-01 -6.23868202e-01
  8.24403113e-01  1.75393804e-01 -4.95925763e-01  1.28993097e+00
 -2.91734142e+00 -1.63417794e+00  4.77328919e-01  1.05674979e+00
  6.62413621e-01  1.70677923e+00  4.29427066e-03 -6.00563533e-01
  6.13038745e-01 -1.40820227e+00  1.30423378e+00  1.30686925e+00
  6.87110166e-01 -2.25738207e-01  8.18394051e-01 -1.32882452e+00
  1.26443969e+00 -1.91639910e-01 -2.18258083e-01  1.25548666e+00
 -1.18941992e+00  1.48931109e+00 -8.50820869e-01 -1.62765871e-01
  8.77489109e-01  1.68524391e+00 -1.08429654e+00 -5.96605320e-01
 -5.26946802e-02  2.46590440e+00 -2.57488336e-01  8.94230972e-01
 -3.79751675e-01 -3.51914429e-01 -7.46586412e-01  3.33226746e-01
 -2.10994686e-01  6.26189274e-01  3.70151134e-01 -6.79615013e-01
 -6.02453282e-01  1.27450260e+00 -1.20238357e+00 -1.82002305e-01
 -5.10743544e-01 -4.03427729e-02 -2.04252355e-01  3.32495430e-01
  2.33453643e-01 -5.91377886e-01  2.09446880e-01 -1.05802169e-01
 -1.39658605e+00  1.11190205e-01 -1.13248648e+00 -1.43327936e+00
 -9.70134889e-01  1.45020328e+00  6.12743890e-01  1.05829468e+00
 -1.25963865e+00 -6.54088376e-01  1.02009807e+00  7.80186203e-01
 -3.11523113e-01  1.11772723e+00  1.46843553e+00  8.48697118e-01
  9.23870713e-01 -1.63211198e+00 -4.07171289e-02  5.79384727e-01
  4.37094351e-03  9.41065425e-01  3.50186333e-01 -1.57867604e+00
  5.38042335e-01  9.52246278e-01  2.79800061e-01 -1.39793014e-01
 -5.93493364e-01 -3.65900867e-02  5.13476500e-01  5.79108398e-01
 -2.21949757e+00  1.25021986e-01  7.78628499e-01  7.35782793e-01
 -9.63744063e-01  7.39481604e-01  7.96928117e-01  2.15053758e+00
 -7.48610813e-01  3.48034639e-01 -5.14271243e-01 -1.59953597e-01
  1.82288694e+00 -9.03200855e-01  1.17882878e+00 -1.32178140e+00
 -7.13770593e-02  4.81762736e-01 -4.38728286e-01  5.39933750e-01
  2.06482489e+00 -2.31245194e+00  5.68397783e-01  1.11411595e+00
  1.24725101e+00  9.28372722e-01  1.44128236e+00  1.72074930e+00
  1.51308181e+00 -1.10408411e+00  1.56720784e-01  7.71776135e-01
  9.22527048e-01  8.86330738e-01 -1.14057051e+00  2.17548859e-01
  2.39936082e-01  1.33220704e+00 -3.18535290e-01 -5.01759071e-01
 -1.04494826e-02  1.23735529e+00 -8.36301139e-01 -2.37405348e+00
  1.67583735e+00 -4.34825920e-01  2.24910422e+00  4.92864915e-01
  1.07160000e+00 -1.47781985e+00 -2.05790181e-01 -6.43268975e-01