-1.87794525e+00  1.04086251e+00  4.31562710e-01  8.47498267e-01
  9.42520694e-01  3.49998274e-01 -2.72525493e-01  2.26464726e+00
 -7.89696890e-01  4.98043545e-01 -7.19611289e-01 -2.51642820e-01
  2.39224830e+00 -1.99538664e-01  4.09241145e-01 -1.01397220e+00
 -5.96096755e-01  5.97705827e-01  3.37567033e-01 -2.28017631e-03
 -9.14993096e-01 -8.08462250e-01 -1.00181180e+00 -4.19834705e-01
  2.71804726e+00  7.63080735e-01  6.80132249e-01  2.97309053e-01
 -6.79956537e-01  9.58932140e-01 -1.19196080e+00 -8.59838504e-01
 -6.10467436e-02  5.00308999e-01  4.39069487e-01 -5.56203013e-01
  1.64808978e+00 -2.30802536e-01 -3.10229530e+00  1.41468950e+00
  2.43624475e-01  7.16941447e-01  1.78426749e+00 -1.25380895e+00
  4.07689256e-01  1.31518603e+00  1.05375038e-01  2.61805271e+00
  7.38033659e-01 -4.55261222e-01 -3.21244421e-01 -3.49791731e-02
  1.46993843e+00  2.02157307e-01 -3.92598385e-01 -3.18697904e-01
 -2.01626777e-01 -1.11373234e+00  3.34844111e-01 -7.05094061e-01
  4.97701722e-01  1.04586839e+00  1.89854161e-01 -1.21248291e+00
  3.22533031e-01 -2.01290550e+00  1.10560267e+00 -6.07868913e-01
  1.89242229e+00 -1.95178660e-01 -6.93685875e-01 -4.79378385e-01
 -2.11032049e-01 -2.64607872e-01  1.85331217e+00  2.38583195e+00
  1.37746735e+00  7.60217406e-02  1.60522388e+00  1.81398555e+00
 -1.75680961e+00  1.46835327e+00 -1.06520272e-01 -5.24004785e-02
 -8.61283529e-01 -1.25886124e+00 -8.65943855e-01  5.09441924e-01
  9.35804155e-01  3.50996597e-01  1.78030559e+00  3.12352730e-01
 -1.55236222e+00  8.13509819e-01  7.98391880e-01 -1.14880534e+00
 -1.06262053e+00 -1.35554933e-01 -1.28189598e-01  4.38070529e-01
  8.90311789e-01  4.26569366e-02 -4.21576039e-02  6.67306839e-02
  5.78443028e-01  9.27848387e-01 -4.54690029e-01 -6.08904221e-01
  1.87493039e+00 -5.79946791e-01 -3.30809263e-01 -7.18867217e-01
  8.70848816e-02 -6.32597072e-01 -9.16921807e-02  7.99804800e-01
  2.90352440e-01 -1.13887748e-01 -8.50520285e-01  1.16709367e+00
  6.86706318e-01 -1.31172588e-01  1.21551576e+00  9.31215584e-01
 -5.18667594e-01  1.70603902e+00  1.52734425e+00  1.43392193e+00
 -1.22892792e+00  1.10861913e+00  3.18681401e-01  1.00522978e+00
 -1.26570974e+00  1.08046421e+00  5.11789701e-01  1.94732550e+00
 -5.75122070e-01 -7.94561643e-01  8.05018675e-01 -9.59381619e-01
  9.60496255e-01  1.16107922e+00  1.71333243e+00 -2.82827018e-01
 -4.27259907e-01 -7.24368342e-01 -1.71312795e-01  2.98272224e+00
 -1.48769652e+00 -7.92168356e-01 -3.71747972e-01  1.06151763e-01
 -9.49445808e-01  1.74862622e+00 -1.55458088e+00 -8.37082911e-01
  1.13866291e+00 -1.27017921e+00  1.33253198e+00  1.28402578e+00
 -1.02017354e+00 -5.85353314e-01 -3.87535063e-01  9.05349867e-01
  8.20243514e-01 -4.72537269e-01 -7.27192996e-01  6.63038395e-01
 -1.33547499e+00 -1.17476107e+00 -4.43578406e-01  4.67454096e-01
 -6.75284540e-01 -6.69810791e-01  1.03904259e-01  4.91751278e-03
  9.03195447e-01 -9.42100979e-01  4.84764730e-02 -4.23712968e-01
 -4.44124113e-01  2.00278185e+00  5.31440929e-01 -2.28749854e-01
 -6.87658185e-02  1.06699515e+00  5.06690310e-01  1.68656952e+00
 -2.14650958e+00 -9.76227049e-01  2.32060507e-01 -1.10546579e+00
  1.03215645e+00  1.02927748e-02  4.73131224e-01  2.16893252e+00
  1.28855418e+00  8.87429631e-02  8.21428221e-01  1.68324114e-01
  1.17487044e+00 -2.13598706e-01 -2.77639217e-01 -8.11041866e-02
 -1.24244374e+00 -3.37190105e-01  1.73002610e+00 -3.10779608e-01
 -3.58203272e-01  5.88546281e-01 -1.08235825e+00 -4.34227295e-02
 -9.88318768e-01  1.02099614e+00 -6.07334554e-02  1.14274866e+00
 -7.48573521e-01  7.57938340e-01 -5.21142927e-01  1.80233978e-01
  1.06082807e+00  2.35865001e-01 -2.28589972e+00 -1.01298329e+00
  1.29807660e+00 -4.41843471e-01 -6.66196557e-01  2.05949206e+00
 -1.68237384e+00  2.81998241e-01 -5.71619235e-01 -2.68806984e+00
 -9.84599882e-01  1.26714507e-01 -1.75212707e+00 -8.10044081e-01
 -9.04121486e-01 -6.77122644e-01  6.48433437e-01  1.54737579e+00
 -6.20115672e-01 -8.50430445e-01 -1.29483980e+00 -3.04815052e-01
  1.54182017e+00  1.44718309e-02  3.24370700e-02 -6.96515538e-01
 -1.05664361e-01 -1.18145322e+00  8.82978656e-01 -3.09516563e-01
 -9.89934607e-01  1.47927095e-01 -7.82405781e-01  1.90706904e+00
 -3.22414871e-01 -1.12913390e+00  4.02037168e-01  3.40499524e-01
 -5.31857056e-01  3.41343243e-01  3.27811109e-01  2.74045365e-01
 -2.41813009e-01  4.81812267e-01  1.56113778e-01  9.93273230e-02
 -4.25769630e-01 -3.12154489e-01 -1.22302777e+00 -6.66377731e-01
 -1.84758725e-01 -4.43247127e-01 -1.49363778e-01  1.46899656e+00
 -9.08753036e-02  4.22280049e-01 -5.47559652e-02 -3.00881924e-01
  3.05008601e-01 -1.01328905e+00  9.71073855e-02  5.27700992e-02
 -1.37725726e+00  1.17181902e+00  2.44427498e-01  2.12437838e+00
 -2.44508663e-02  3.45862045e-01  2.36668504e+00  1.35489526e+00
 -9.37324746e-01 -3.26241490e-02 -3.44958858e-01  5.16198738e-01
 -5.64713521e-01 -1.83860862e+00 -5.74703330e-01 -3.00449121e-01
 -1.13365905e+00 -5.42693850e-01 -1.96859449e+00  6.99468780e-01
  8.09394075e-01 -1.75089364e+00  8.01472523e-01  1.98648957e+00
 -2.80923050e-01  3.80403234e-01  1.33526637e+00  7.04241106e-01
  6.95325793e-01 -1.21482721e-01 -1.10597752e+00 -1.54581792e+00
  4.33372684e-01 -5.62349666e-01 -1.13902134e+00 -9.32124729e-02
  1.58672031e+00 -1.28544088e+00 -6.20414515e-01 -3.83425847e-01
 -6.92475002e-01  6.42759979e-01  6.54335118e-01 -2.49702741e+00
  1.85645331e+00 -1.42215160e+00  2.31584949e-01  7.98871873e-01
 -5.63763319e-01  1.54311533e+00 -1.57891070e-01 -1.14848808e+00
  1.93934232e+00  1.85502974e+00 -7.04528834e-01 -1.48768153e+00
  7.47154622e-02  3.41553961e-01  5.80681319e-01 -1.65912098e+00
 -8.15315387e-01  5.08308457e-01 -1.31600399e+00  2.34590093e-01
  4.91423794e-01  8.92637035e-01 -8.66351420e-01 -1.33817051e+00
  3.07672039e-01 -9.01296210e-01 -7.90890076e-01  2.79179379e-01
  2.09478184e+00  7.79901648e-02 -8.41508569e-01 -7.37356220e-02
  1.55059696e+00  9.86061002e-01 -1.88768254e-01  1.09077438e+00
 -3.52685080e-01 -4.14329219e-01  1.77224848e+00  2.28133568e-01
 -1.33242500e+00  1.67972919e+00 -6.33613194e-01 -2.06368891e+00
 -2.84608144e-02 -4.90706364e-02 -3.22685154e-01  5.16059900e-01
  5.82289891e-01 -1.40425730e-01 -8.66086580e-01  3.29235575e-01
 -1.30903223e+00 -7.70800946e-01  4.06017377e-01 -1.89238797e+00
  8.33263154e-01  6.90575949e-01 -4.34979508e-01 -7.74871430e-01
  6.36107321e-01 -2.36140285e-01  1.18821843e+00  4.12366479e-01
  2.12056773e+00  1.58662789e+00 -1.32242612e+00  5.38552870e-01
  3.76752671e-01 -2.98312398e-01  6.58362935e-01  1.87441149e+00
 -1.06204297e+00  6.30280845e-02  1.10790010e-01  1.22210774e+00
  4.76048711e-01 -1.67393961e+00 -1.06950101e+00 -7.10556089e-01
 -4.90070733e-01 -1.10017773e+00  1.61838473e+00  1.08725396e+00
 -6.01146910e-02  6.76814389e-01 -5.17036498e-01  1.83218610e+00
 -2.04806477e+00  2.46705227e+00  1.15385395e+00  2.19397402e-01
  3.07905907e-01 -4.01830142e-01 -1.61670082e+00  1.88908738e-01
 -1.21001740e+00  6.12473713e-01  1.34755816e-01  1.33371760e+00
 -1.22744424e+00 -7.60396543e-01  9.35986575e-01 -3.42806926e-01
  8.41095203e-01 -1.19567132e+00  9.44760888e-01 -1.29407274e+00
  1.31656764e+00 -1.05934634e+00 -2.96770055e-01  1.93060151e-01
 -4.37003734e-01 -1.65266485e+00 -2.88996695e-01  4.37740828e-01
  1.28784414e-01  5.25325030e-01 -3.22534412e-01 -8.82354736e-01
  1.02743834e+00 -8.41332599e-01 -3.02325010e-01 -9.49325471e-01
 -1.82769847e+00 -7.84456818e-01 -6.82838511e-01 -2.51167989e-01
 -1.08288976e+00 -8.74965140e-01 -9.71359182e-01 -2.43058944e-01
  4.13819534e-01  1.84428984e-01  3.29144983e-01 -1.00275726e+00
  1.37358649e+00  7.15364202e-01 -1.45785126e+00  6.87895558e-01
 -1.64321976e+00 -4.94378964e-01 -1.85633102e-01  2.89022925e-01
  1.18878947e+00 -7.06303786e-01 -7.38044039e-01 -9.80784242e-01
  1.19030941e+00 -9.40893642e-01 -3.69158192e-01 -1.11430143e+00
  1.68136106e-01  5.01036309e-01 -7.63546929e-01 -1.40197047e-01
  7.03128263e-01 -5.98158293e-01  6.39527280e-01 -8.02415086e-01
  7.72759820e-01 -8.57254978e-01  1.08132590e+00 -4.67158408e-01
 -6.09669043e-02  5.07232859e-01 -4.54238025e-01 -1.08997571e+00
  1.04251077e+00 -5.83055677e-01 -1.00280024e+00  5.13602220e-01
  9.66481054e-01  8.10200464e-01  1.56839534e+00 -5.81417352e-01
 -3.83423806e-01  6.09288526e-01  6.52651020e-01 -1.08960864e+00
  1.29758167e+00 -4.07180608e-02 -1.90437999e+00 -6.00038195e-01
 -1.69041025e-01  2.15256085e+00 -1.50750449e+00  2.26706404e+00
  3.47479083e-02 -7.96211560e-01  1.82780186e+00  1.90336362e+00
 -1.04736168e+00 -1.47961219e-01 -1.07025122e+00 -6.02247271e-01
 -8.40602617e-01 -9.70497358e-01  1.01024655e+00 -2.12433638e-01
 -4.35883385e-01 -1.97755908e+00  1.15778883e+00  4.66519826e-01
  4.39980013e-01 -1.11098279e+00 -4.50828620e-01 -1.40026182e+00
 -6.29364033e-01 -3.31636443e-01 -8.70608679e-01 -9.95685935e-01
 -7.82989306e-01 -8.14888027e-01 -2.68894610e-01  1.79837459e-01
  5.84111985e-02 -1.03784372e-01 -1.32427510e+00 -1.21298386e+00
  7.22906406e-01  1.82518972e-01 -1.26177823e+00  1.26528079e-01
  9.69182775e-01 -7.13737387e-01  1.39455532e+00 -1.48452306e+00
  1.08365146e+00 -8.66562955e-01  1.18211189e+00 -1.34352995e+00
  6.27697953e-02  1.53481471e+00  8.40185137e-01 -1.41220225e+00
  1.35006794e+00  6.02418787e-01  6.32385148e-01 -8.01628244e-02
 -1.42955413e+00 -1.37782774e-01  6.73300356e-01 -1.25144684e+00
  1.22044353e+00  8.61953493e-01 -1.40881826e+00  6.12854348e-01
  2.10799342e-01 -1.38236270e+00 -6.84780534e-01 -1.36951200e-01
  7.79996790e-01  2.07896794e-01 -1.19767539e+00 -7.40621179e-01
 -9.92736721e-01 -6.93358752e-01  1.63791487e-01 -1.72038699e+00
 -1.31017262e+00  3.37691670e-01  2.63158683e-01 -1.70563155e+00
 -2.25595718e-02 -1.04942391e+00  4.32993352e-01 -3.75010307e-01
  7.96819990e-03 -1.07401995e+00 -1.55439742e+00 -1.08614906e-01
  4.71192783e-03 -5.95916746e-01  5.13543440e-02 -9.21970137e-01
  1.62293390e-01 -2.50935062e+00 -1.35706575e+00 -2.16518259e-01
 -9.41194746e-01  5.26532319e-01 -8.90190616e-01  3.32722761e+00
 -1.40790238e+00 -1.84162307e-01  1.46767817e-01 -2.56644695e-01
  1.05024939e-01  1.21667395e+00  1.47824336e+00  1.92080689e-01
  3.21152276e-01 -6.37667615e-02  1.65394439e+00  4.08615554e-01
 -2.42194211e-01  7.71764464e-01  1.01530966e-01 -5.82222915e-01
  2.94226871e-01  1.15027992e+00  3.39826009e-01  2.55576468e-01
  3.43550349e-01 -8.78642614e-01 -6.19188279e-01  1.95416529e+00
 -1.04257034e+00 -1.77588958e-01  1.89832604e+00 -9.63444495e-03
 -5.83942872e-01 -4.20931981e-01 -4.13552347e-01 -4.50119475e-01
  4.87056506e-01 -2.42853663e-01 -1.37024673e+00 -7.48534682e-01
  2.76139691e-01 -3.94949352e-01  1.49791625e+00  1.17111489e+00
 -4.88960184e-01  1.62438544e+00  1.02024692e+00 -4.43017970e-01
  5.41677288e-01 -3.90631400e-01  5.63462858e-01  8.20383539e-01
 -1.43815604e-01 -7.55866749e-02  2.55984285e-01  3.21676613e-02
 -4.16657630e-01 -6.00111907e-01  7.14166898e-02 -2.31220819e+00
  1.22560632e+00 -1.74204486e-01  3.44176654e-01 -1.71900709e+00
 -1.99187663e-01  2.16668776e-01  6.76856481e-01  2.58366143e+00
  7.18929505e-01  1.32942459e+00  4.84191073e-02 -8.69987451e-01
  3.38088701e-01  6.36218215e-01 -6.47568733e-01 -6.51663082e-01
  2.99693596e-01 -9.67516629e-02  1.46858562e+00  3.20082744e-01
  7.20535962e-01  1.63555795e+00  2.15549162e+00  4.67869558e-01
 -4.02908628e-01 -7.66867899e-01 -6.03742222e-01 -6.64324989e-01
 -9.93428045e-01 -2.56510892e-01 -2.18983919e-01 -3.77336789e-01
 -1.09245794e+00 -5.12321676e-01 -5.05207307e-01  8.47140995e-03
  1.06469546e+00  2.38292348e+00 -1.11204469e+00 -7.72105097e-02
 -3.01085119e+00  1.11438589e-01  1.02819143e+00 -1.00362914e+00
 -1.60431978e+00  5.36775849e-01  5.85335679e-01 -1.03023638e-01
 -5.07890935e-01  5.34559626e-01  8.10834049e-01 -7.71006789e-01
  4.68684130e-01  4.61374472e-02 -1.58230713e+00 -1.34505046e-01
 -2.03884832e+00  3.47625022e-02  2.55129909e+00  5.32857594e-01
  5.08661460e-01 -7.92747137e-02  2.29218166e-01 -2.56562192e-01
  7.68909955e-01  2.30143739e-01 -5.81174082e-01  4.34340015e-01
  1.37167223e-01  4.27585242e-01  1.91265010e-01 -3.28711399e-03
  2.00532536e+00 -1.37539523e+00  6.74448817e-01  8.01380750e-01
 -9.64874475e-02  1.16381955e+00  2.14839457e+00 -4.55530961e-02
  8.26790369e-01 -9.74743336e-01  5.64789097e-01  4.09830085e-01
 -1.49229802e-02 -2.17821732e+00  1.38959209e-01 -8.05466153e-01
  9.69361667e-01  2.00603902e-01  5.23657129e-01 -1.68604165e+00
 -6.33428874e-01  4.47333871e-01  1.51466314e+00  3.05015541e-01
  1.31015339e-01 -2.31067920e-01  6.89689164e-01 -9.43596832e-01
 -7.15763633e-01 -3.38651030e-01 -1.31850861e-01  7.47876703e-01
 -2.31571099e-01  1.08611645e+00  8.18227306e-01  1.59201638e+00
 -4.38876637e-01 -1.44981454e-01  3.46317163e-01  1.94361626e-01
 -8.74233532e-01  2.34182478e-01  3.18908120e-01  6.69185326e-01
  1.05913564e+00  3.51764311e-01  3.29019221e-01 -2.08790115e-01
 -1.19786904e+00  2.51052470e-01 -2.50894186e+00  1.00521003e+00
 -1.02941738e+00  5.21000084e-01  8.99037697e-01 -7.09944233e-01
 -2.49969985e-01  1.81606578e+00 -3.70280141e-02  4.20959214e-01
  5.63147757e-01 -3.23375232e-02 -1.20129828e+00  6.25497624e-01
 -3.05567088e-02  1.04910557e+00 -1.64567149e+00  5.08190358e-01
 -1.34733635e-01 -9.12832717e-01 -4.59214149e-02  7.48236426e-01
 -2.58278720e-01  3.91617509e-01  2.31041334e+00  1.47503715e+00
  3.52834899e-01  3.77637093e-01  6.11936346e-01  5.56440723e-01
 -1.60488500e+00  8.39704898e-01 -2.43793156e-01  1.15167089e-02
  2.12803819e+00  7.49543754e-01  1.81088274e-01  6.86823219e-01
  9.24011766e-01 -2.68671402e-01 -1.07721712e+00 -7.36673826e-01
  8.01505742e-01 -3.92372294e-01  4.26589935e-01  3.73201761e-01
 -7.58322356e-01  4.09552437e-01 -3.37288893e-01 -4.52582874e-01
 -6.20569940e-01 -4.15784689e-01  4.80958736e-01 -7.61179457e-01
 -4.73487804e-02 -9.68282448e-01  1.75935226e-01  1.76483971e-02
  9.26282798e-01 -1.16154004e+00 -3.95741055e-02 -2.83660795e-02
 -3.29593793e-01 -1.14662252e+00  4.65133026e-01  7.73624840e-01
 -2.51082666e-01  4.30222658e-01 -3.88555929e-01 -6.80913904e-01
 -1.57383556e+00  2.43784442e+00  2.49859007e+00 -8.01282206e-01
  2.50303998e-01 -1.16689857e-01  4.59964722e-02  7.88714458e-01
 -2.36368875e+00  8.86016965e-01 -1.71334045e-01 -5.47943819e-01
  6.31965431e-02  8.02456708e-01 -1.23893885e+00  5.34212551e-01
 -5.08707690e-01  1.07551393e+00  4.65977205e-01 -6.13607255e-01
 -1.15824346e+00  4.86434107e-01 -1.76927170e-02 -7.75968957e-01
 -1.21220702e+00  5.48776547e-01 -9.16996572e-01  6.10664893e-01
 -1.63733617e+00 -7.38558104e-01  1.36072528e-01 -7.37458157e-01
  2.68565095e-01  7.42380757e-02 -1.06050511e+00 -6.34173364e-01
  2.67813109e-01 -2.52645895e+00 -8.54843686e-01  6.22437353e-01
 -1.20039615e+00  2.18262916e-01  3.18067325e-01 -1.84236130e+00
  1.10339384e+00  3.30480821e-01 -5.89809812e-01 -8.15375720e-01
  1.28377355e-01  1.68419069e+00  5.70484323e-01 -7.36162916e-02
 -1.20040509e+00 -1.75953207e+00 -1.55409804e-01 -1.03294394e+00
  6.44976767e-01  1.45030036e+00  1.83845358e-01  2.41255896e-01
 -6.37019254e-01 -6.13330364e-01 -1.12011381e+00  9.66004368e-01
  3.12528506e-01 -6.50343562e-01 -4.86641854e-01  1.42272043e-01
 -1.05749603e+00  7.68600822e-01 -1.51542861e+00  4.02743057e-01
  6.84977767e-01 -2.64753238e-01  8.86880472e-01 -2.33541535e-01
 -1.08504886e+00 -4.92337461e-01  1.93612819e-01  1.50208541e+00
  1.13978317e+00 -1.28596678e+00 -2.00803269e+00  1.69659653e-01
 -3.42767667e-01  6.26098581e-02 -1.56578965e-01  5.15451039e-01
  1.38269110e+00  9.40039693e-01  1.43305960e+00  8.91303703e-02
 -1.79489527e+00  2.84913330e-01  1.46509599e-01  1.05914062e+00
 -1.96078189e+00 -4.85330683e-01  6.07076926e-01 -3.47074596e-01
 -2.01934280e+00  6.57392705e-01  1.28521691e+00  6.91534667e-01
  2.12627325e-01 -8.66462947e-01 -1.93867691e-01 -2.51381009e-01
 -8.95117717e-01 -5.35086604e-01 -4.39846343e-01  1.92664506e+00
  8.77550916e-02  2.21491916e-01  1.35728954e+00 -1.35109362e+00
  4.35541302e-01 -2.86538130e-01  9.11536669e-01  2.72522499e-01
  1.29267835e+00  5.93438597e-01  1.10957310e+00 -5.10378484e-01
  1.61971192e+00 -9.38974626e-01  1.49334457e-01  1.07599085e+00
 -1.53498024e+00  1.94385102e-01 -6.06334547e-01  1.03308655e+00
 -4.34361692e-01  1.27459546e+00  1.26452482e-01 -1.33526814e+00
  5.24520829e-01  8.42275707e-01 -1.26867472e+00  1.17582440e-01