 5.67188655e-01  1.04886403e+00 -7.94258916e-01 -3.66932429e-01
  6.51816466e-01 -1.28776967e-01 -4.61992008e-01  1.01475499e+00
 -7.25141145e-01  4.50514132e-01 -1.47774526e+00  1.01695132e+00
  1.71121593e-01 -5.31797269e-01 -1.52109394e+00  3.34107896e-01
 -7.34930384e-01  7.58840120e-01 -1.18159223e+00  1.00168208e+00
  1.98571747e-01 -1.25379583e+00  1.03468168e+00  8.95194646e-01
  7.36451438e-01 -1.35525122e+00 -4.22548061e-01  3.00728534e-01
 -1.94479239e+00 -1.40941932e-01  6.12767756e-01 -9.16823596e-04
  1.42713105e+00 -2.16197506e-01 -5.52201018e-01 -2.30030511e-01
 -8.53950619e-02 -7.96914381e-01  8.15308911e-01 -6.46918481e-01
  8.71944335e-01  9.03820368e-01  5.16234775e-01  7.84643749e-01
 -3.63295348e-01  7.21521322e-01 -2.58138727e-01  4.06924057e-01
  1.52252315e-01 -1.60850447e+00  2.24102783e-01 -1.29937991e+00
 -7.05036567e-01  6.85386422e-01  2.72827350e-01  1.03820871e+00
  9.87401741e-01 -3.74424702e-01  6.12579390e-02  8.54754357e-01
  5.65485521e-01 -4.10821994e-01 -1.54341981e+00 -4.84454904e-01
  8.84366724e-01  1.01364138e+00  8.52118019e-01  3.78924614e-01
 -3.78389777e-01 -1.46998871e+00 -5.12554299e-02 -8.74361429e-01
  5.32885915e-01 -8.01118561e-01  8.71868332e-01  1.10157533e+00
  4.33108375e-01 -1.30244405e+00  5.95589353e-01 -3.12771665e-01
  7.45252375e-01  5.70688017e-01 -3.72193010e-01 -1.25868144e+00
 -8.66128803e-01  1.20847941e+00 -4.22109778e-01 -1.15946869e+00
 -1.10026128e+00 -3.93402976e-01  2.91711232e-01  1.14901029e+00
  3.19057211e-01  1.61807071e-01 -3.24448657e-01  7.86764196e-01
 -1.34401349e-01  9.72178740e-01 -1.63621088e+00  1.70244350e+00
  2.55437373e-02  3.44733007e-01  7.06368670e-01  9.82346261e-02
  1.43849376e+00 -1.93974957e-01 -1.03515059e+00  1.75580560e-01
 -3.50668318e-01  4.03482396e-01  4.50593260e-01  4.17632150e-01
  6.93833919e-01 -6.88176441e-01 -1.30041099e+00  8.57115557e-01
 -8.99989106e-01 -3.95196443e-01 -8.57849116e-01 -1.18522584e-01
 -4.05530300e-01  1.96585843e-01 -7.55418788e-01  3.55607861e-01
 -1.77060911e+00 -1.21978815e+00  3.26124315e-01 -8.53936787e-01
  1.76718322e+00 -7.61035706e-01 -2.13854889e+00 -6.24288181e-01
  8.66676566e-01 -2.31154233e-01 -2.90127389e-03 -1.51314408e+00
  8.33796067e-01  4.81814117e-01 -1.31868376e+00  9.20289940e-01
 -2.86161578e-01 -6.76491329e-01 -2.01072426e+00  5.60055009e-01
  6.19589617e-01 -6.56140358e-01 -5.24766094e-01 -1.29007802e+00
 -4.11062403e-01  2.28371555e+00 -1.73819087e+00 -7.32644603e-01
 -1.26118420e+00 -6.83870957e-01 -5.71043537e-01  1.53543553e+00
  1.27456136e+00 -1.11911343e+00  5.56020504e-01 -7.70845037e-01
  7.59693433e-01 -5.35778758e-01 -8.94813300e-01  1.41168263e-01
 -1.76086065e-01  4.61126140e-01  6.21767269e-01 -7.75801970e-01
  3.50193175e-02  1.35963109e+00 -6.98845901e-01 -1.16119157e+00
  4.19515178e-01  9.96424534e-01  6.36363758e-01 -6.82204549e-01
 -1.45576877e+00 -9.79813386e-02 -7.12457083e-01  1.42135621e+00
 -2.04574639e+00  2.63313407e-02  2.60070886e-01 -2.20946293e-01
  1.62481388e+00 -4.44405829e-01 -4.87257482e-01  1.79927484e+00
 -1.21674648e+00 -2.42945876e-01  1.61041411e+00 -2.44008242e+00
 -9.50137039e-01  1.09550348e+00 -6.81526219e-01 -1.65578507e-01
  1.10757167e+00 -5.83885006e-01  3.03479016e-01 -3.58519610e-01
  2.88034506e-01  1.03222799e+00  1.29625712e+00 -1.88190269e+00
  9.93233670e-01 -5.86388015e-01  6.26895376e-01 -3.76471404e-01
  8.13921973e-02  4.96857586e-01 -1.05991999e-01  3.30952622e-01
 -6.99628185e-01  3.94326308e-01 -1.34306207e+00  1.43647463e+00
  7.61878040e-01 -3.80301990e-01 -3.65039208e-01 -3.93015696e-01
  2.26790364e+00 -1.04557208e+00  2.20480095e-01  9.89402952e-01
  4.29206494e-01 -2.26603884e+00  1.04210961e+00 -1.25602830e+00
 -1.26413890e+00 -1.41276184e-01 -2.61284303e-01 -6.43832352e-01
 -3.68512669e-01  1.85518069e+00  6.10706458e-01 -1.36270560e+00
 -8.97215135e-01 -1.46400259e+00  1.03855307e+00 -1.53030038e-01
 -1.83210313e-01 -1.93121892e+00  8.74853632e-02 -8.30963750e-01
  1.42243648e-01 -7.21188834e-01  1.18613377e+00 -1.06669880e+00
 -6.59873149e-01  1.14415910e+00 -4.65556088e-01  1.49284214e+00
 -9.64092267e-02  5.21245926e-01 -1.43880083e-01 -1.87289702e+00
  2.37283616e+00 -2.43047897e-01  1.15904410e+00  2.13681031e-01
 -1.03553742e-01  1.03360655e+00  7.26919233e-01 -1.99575270e-01
 -3.22096475e-01  7.99234011e-01  4.25551619e-01  8.19667510e-01
  3.99566159e-01  4.53986509e-01  5.19253865e-01  3.93447540e-01
  3.70055509e-03 -7.96584401e-01 -1.74701145e+00 -2.45305309e-01
  6.09060318e-01  5.91019407e-01 -8.58818484e-01  4.59146228e-02
  1.28009623e+00  9.07581601e-01  3.01910233e-01  1.19497410e+00
 -5.32477790e-01  5.99656190e-01  9.06150013e-01  7.68976537e-03
 -2.45899893e-01  3.00270459e-01 -7.04146649e-01  8.16146054e-01
 -1.44541838e-02  1.13096731e+00 -2.07150040e-01 -1.20763828e+00
 -1.78707983e-01 -6.74302024e-01  1.28456429e+00  2.01820135e+00
 -1.44113851e-01 -4.07853293e-02  7.11373413e-01 -2.75879791e-01
 -2.07079937e+00 -7.61172208e-01 -4.98483000e-01  3.71674516e-01
  2.01443065e+00 -1.29247170e+00 -3.27640862e+00  9.62088931e-01
 -1.29552818e+00  9.65662102e-01 -3.97714131e-01  4.60096886e-01
 -2.27055592e-01 -1.35873303e+00 -1.02678510e+00 -9.68413654e-02
  1.28399788e+00 -4.49064257e-01 -1.22023116e+00 -9.04289278e-01
  4.10188792e-03 -3.53577814e-01 -9.29247314e-01 -8.84335960e-01
  3.08318827e+00 -6.39021578e-01  3.80348959e-01  1.12403068e+00
 -6.52578024e-01 -1.52513128e+00 -1.12440999e+00 -6.38977538e-01
 -1.23791939e-01 -3.73531638e-01  9.93286224e-01 -7.37305412e-01
 -1.62162927e+00  1.24526402e+00 -9.26202644e-01 -5.01073038e-01
  3.95151418e-01  7.50324852e-02 -1.26994069e-01 -6.46992917e-01
  3.75626288e-01 -3.20213774e+00 -5.71555386e-01  1.65284592e+00
  1.20245607e+00  7.33620933e-01  1.01477311e-01  1.17729952e+00
  8.89065551e-01  5.11968469e-01  2.39139760e+00 -5.27772334e-01
 -2.19102829e+00 -7.32928824e-01  8.02512304e-01 -7.85369873e-01
 -1.18929861e+00 -7.04744969e-01 -2.50345634e-01 -7.04289222e-01
  7.31399440e-01  1.18848710e+00 -5.12026689e-01  4.20086092e-01
 -6.33234751e-02  8.25080008e-01 -1.49252687e-01 -1.15030204e+00
  2.16585929e+00 -1.91899279e-01 -6.58814841e-01  2.82227583e-01
 -6.05108168e-01 -1.63898642e-01  7.22830214e-01  1.78292189e-01
 -2.23038685e-01 -1.27242316e+00  9.74104080e-01  1.94554034e-01
  1.16162719e+00 -6.96915978e-01  4.69540273e-02 -1.10808838e+00
  9.67410246e-01  2.73841849e-01  1.66538031e+00 -1.01338001e+00
  1.47203138e+00 -1.80590502e-01 -9.51320028e-01  5.62424299e-01
  1.18558520e-01 -1.77856051e+00  2.65573010e-01  2.53671958e-01
  2.58056942e-01 -8.29359217e-01  9.95491128e-01 -1.20366988e+00
  3.20197345e-02 -1.48949746e-01 -2.60501403e-01  9.26579282e-01
 -9.52441990e-01  9.02806263e-01  1.20931323e+00 -8.94263989e-01
  8.66527239e-01 -2.42824547e-01 -1.26398391e+00  8.72062092e-01
  2.77797380e-01  8.51636516e-02  1.66389806e+00  1.86254493e+00
 -3.27034978e-02  1.27664725e+00  9.77336812e-01 -4.47764712e-01
 -4.54868094e-01  4.23148985e-01 -1.58775234e+00 -8.37883016e-01
 -7.25244036e-01 -1.95187184e-01 -9.02823345e-01  1.22564629e-01
  1.75249777e+00  1.46340056e+00  2.77119300e-01 -3.55494965e-01
  9.14061235e-02 -1.43434364e+00 -1.06687951e+00 -2.31771038e+00
  2.50852177e-01 -4.10094684e-02 -1.06117692e+00  6.09806478e-02
  5.68305818e-01  3.85290539e-01  6.05822258e-01  6.82698824e-01
 -3.21126162e-01  5.18128466e-01 -9.49925486e-01 -4.64705083e-01
 -5.32987337e-01 -5.95577941e-01  7.20610249e-01  8.50384338e-01
  1.84270743e+00 -1.12444867e+00 -1.17975125e+00 -1.04329851e+00
 -1.44928601e+00  6.93095523e-01 -2.35703106e-03  1.85707264e-01
 -7.03135985e-03 -4.20817065e-01 -1.93038298e+00 -4.93709366e-02
 -4.04119699e-01 -1.01881081e-01 -5.39353642e-01  7.83481752e-02
 -5.43474176e-01  3.48996505e-01  1.58488847e-01  8.61935002e-01
 -1.29366683e+00  9.99465943e-01  3.66459814e-03  6.04724629e-01
  7.52539449e-01 -1.09573429e+00 -1.24145826e+00 -8.23863166e-01
  2.01066112e+00 -1.41301228e+00  7.01172168e-02 -1.94483527e-01
  1.73163817e+00 -7.22905844e-01 -8.04000236e-01 -2.35785979e-01
  1.20174609e+00  5.81630473e-01  3.36300463e-01 -5.93984251e-01
  1.32339780e-02  2.04360112e-01 -9.24125854e-01 -5.17395543e-01
  4.02191811e-01  1.07316205e+00 -7.90578461e-01  1.41574489e+00
 -1.60149699e+00  7.68036947e-01  7.00276585e-02  3.00027792e-01
  6.56077207e-02  6.46754029e-02  8.87444295e-01 -4.10970003e-01
  5.07248354e-01 -5.49085571e-01 -2.84970986e-01 -8.19429527e-01
  3.08938167e-01 -1.97988010e+00  1.46715935e-01 -3.14825366e-01
 -1.24551421e+00  7.14143546e-01  8.73671136e-01 -9.07021855e-01
  1.02423131e+00 -1.19052046e+00  2.96521269e-01 -8.63384790e-01
  1.62195041e+00  4.22641809e-01 -2.86849853e-01 -3.04741313e+00
  1.16175390e-01  1.30108291e+00 -3.68968449e-01  4.04134251e-01
  1.07380368e+00  5.61639385e-01  7.77103056e-01  1.47825813e-01
 -1.22212331e+00 -8.19381295e-01 -1.00178988e-01 -2.81333375e-01
  2.27909033e-02  2.29657277e-01  2.82795609e-01  1.98903880e+00
  6.42738974e-01  6.00183265e-01 -1.00713706e+00 -1.14594483e+00
  5.82313109e-02 -1.91995363e+00  3.29440092e-03  1.57846431e+00
  1.61830271e+00  1.20752912e+00  1.06326260e+00 -6.00912859e-01
 -1.06372777e+00  1.50394251e+00 -5.34441770e-01  2.28845968e-02
  1.14646181e+00 -2.35558791e-01 -1.01855181e+00  3.35562614e-01
 -1.79775432e+00 -2.42009306e-01  2.00382563e+00  1.14175039e+00
 -1.54356594e+00 -1.47273809e+00  2.53037461e-01 -8.24668230e-01
  1.23085224e+00 -8.14420018e-01  7.29204621e-01 -6.32675062e-01
  6.41550687e-01  4.29723990e-01 -2.01176879e+00 -4.50636788e-01
 -4.58890050e-01  6.46734966e-01  5.80634769e-01  8.58981964e-01
 -6.46690630e-02  1.76364713e-02 -7.38799439e-01 -1.31638678e+00
 -1.13148019e+00  6.86746297e-02  1.47762922e+00 -7.08265611e-01
  4.22989912e-02  8.17160159e-01  1.28332228e+00  2.32941040e+00
  6.09279839e-01  3.75763921e-01  4.02325966e-01 -6.97772874e-02
 -1.47550507e-01 -1.24084480e+00 -6.64289155e-02 -1.37273328e+00
  8.50293748e-01 -7.54197372e-01 -1.81835094e+00  5.59289290e-01
  4.68077333e-01 -1.22519340e+00  6.49588441e-01 -3.26852279e-01
  2.05945120e-01  6.12305023e-01  9.23969532e-01 -7.08351880e-01
  1.31595212e+00 -1.62683903e+00  6.07923427e-01  1.49224758e-01
 -6.03435212e-01  1.19286900e+00 -5.21324714e-02  4.38537282e-01
  4.77236723e-01  6.44170717e-02 -1.14136795e+00  9.24014733e-01
  1.04350660e+00  1.39912628e+00 -7.75424662e-01 -1.04232570e+00
  6.10344195e-01  1.04794714e+00  2.43648969e-01 -5.24141300e-01
  1.18754156e+00  1.17704859e+00 -7.78120098e-01 -3.23926094e-01
  1.43299755e-01  3.13262137e-01 -1.59527458e+00 -1.65566700e+00
  1.06278829e-01 -1.27622832e+00 -1.17426203e+00  9.52445166e-01
  9.53360406e-01 -6.02325691e-01 -2.83269807e-01  7.07653613e-01
  7.73154831e-01  1.01995973e+00  3.48570490e+00 -2.50830977e-01
  6.55065451e-01  4.27227767e-01  4.66752188e-01  1.53565457e+00
  3.24158094e+00 -1.90684168e+00 -1.02119756e+00  8.06670456e-01
  8.26259409e-01  5.07243689e-01  4.67757285e-01 -5.14352851e-01
 -2.58225631e+00  1.58946374e+00 -1.15016925e+00 -8.97857035e-01
  4.49945007e-01  1.24164735e-01 -5.59326660e-02  7.33362566e-01
 -1.41697610e+00  1.14811437e+00 -8.03707510e-02 -9.01470637e-01
  5.14932754e-01  3.04894695e+00 -2.20913958e-01  7.97258137e-01
  1.10045324e+00  6.33215129e-01  2.28959178e-01 -5.70601606e-02
 -7.03196324e-01 -1.15790803e+00 -5.25862788e-01  1.30173865e+00
 -1.58105205e-01  5.43143096e-01  3.63658421e-01  2.16917370e+00
 -4.85320687e-03 -6.28075035e-02 -3.68163980e-01  8.66656739e-01
  2.02586856e+00  3.97016626e-01  9.22928720e-01 -1.33591324e-01
 -2.97738766e-01  9.93870460e-01  1.58986639e-01  5.64317736e-01
 -7.79887024e-01 -2.80727885e-01  8.46910864e-01  3.62145539e-01
  4.34390985e-01  1.47386503e+00 -1.40545045e+00 -2.30458471e-01
  8.85068816e-01 -1.64600242e+00 -8.49218043e-01 -1.30209697e+00
  2.07636785e+00 -1.22617766e-01  9.70132143e-01 -1.74351754e+00
 -6.69933338e-01 -1.29463198e+00  7.47711990e-01 -9.55327174e-01
 -6.94931211e-01 -1.28552434e-01 -5.78006967e-01 -4.95867020e-01
 -3.06468403e-01 -1.16948023e-01  1.92489973e-02 -1.18449845e+00
  5.54291639e-01  5.35626672e-01  9.32879644e-01  2.30878190e+00
  1.66370991e+00  2.95080310e+00  2.56226230e-01 -1.29463359e+00
 -7.06881714e-01  8.11779151e-01 -1.01751850e+00 -1.22353451e+00
  8.78015408e-01 -2.11383954e-01  6.08819044e-01 -3.25458814e-01
 -3.67293872e-01  2.66227734e+00 -9.41480627e-01 -4.02246157e-01
  3.10897201e-01  1.09527052e-01  1.09738272e-01 -7.19431050e-01
  2.58874216e-01  1.65894860e+00  4.31052087e-03 -5.57478902e-01
  7.06938954e-01  1.34315950e-01 -1.46397248e-01  1.61051173e+00
 -1.48319918e+00 -6.11936490e-01 -1.48056228e-01  2.77966260e+00
 -3.45990821e-01  3.03054684e-01  9.21580791e-01  8.64780658e-01
  1.29154548e-01 -7.87154126e-01 -2.79640818e-01 -2.16147967e-01
  2.50527660e-01 -1.71289806e+00  4.35919919e-01  7.31730322e-01
  7.52257228e-01 -1.42265961e-01  4.09903497e-01 -2.85517528e-01
  1.01606264e+00 -1.27663733e+00 -5.16583379e-01  1.45587732e+00
  2.48318140e+00 -1.25692357e+00 -3.07111661e-01  5.56026446e-01
  2.64748135e-01 -1.28751321e+00  3.59145076e-01 -8.49365080e-01
 -5.27463894e-02  5.15527271e-01 -1.60504998e+00 -1.50467208e+00
  3.96302485e-01 -9.43897199e-01  4.93800824e-01 -3.27804289e-01
 -1.38915825e+00 -1.83398145e-01 -1.23342552e-01  1.41340929e+00
 -8.36204922e-01 -6.14901824e-01 -4.89326129e-01 -3.69408712e-01
  5.73675416e-01  3.36166420e-01  2.59225106e-01 -6.95800782e-01
  3.32192403e-01 -7.28405261e-01  1.11657406e+00 -8.01791739e-01
 -1.79258905e+00  1.71948951e+00 -1.56490448e+00  1.41153900e+00
  1.35762170e+00  7.70457178e-01 -1.04782254e+00  1.48331185e+00
 -7.80646652e-01 -5.06384499e-01  6.81301403e-01 -1.01000021e+00
 -1.24153287e+00  1.23635558e+00 -6.28544400e-01  7.58945249e-01
  1.55805816e-01 -1.15880904e+00 -5.41503548e-01 -9.60531307e-01
 -5.45407093e-01  1.95117892e-01 -5.80665876e-01 -6.92977517e-01
  3.69509520e-01 -9.07973151e-02  8.84121674e-01  6.38849391e-01
 -2.71935296e+00 -1.81908438e+00  1.40876723e-01  4.48492345e-01
  1.76045015e-01 -1.19060544e+00  9.89814841e-01  2.65278995e-01
  1.66797026e+00  8.86188002e-01  1.26966126e+00 -1.36400736e+00
  1.18229842e+00  1.04820075e+00 -1.68024648e+00 -1.50668666e-01
  2.83133154e-01  2.52373037e-01 -2.23146443e+00  2.19876519e-01
 -7.72692115e-01  1.21960270e+00 -4.21362264e-01 -1.04922967e+00
 -6.67219817e-01 -7.52708985e-01  5.89770977e-02 -1.41297051e+00
  8.02825992e-01  1.18283246e+00  1.14393488e+00  6.44210518e-02
  9.27577272e-01  2.15599824e+00 -8.37132768e-01 -5.92172215e-01
 -1.92706972e-01 -6.63092157e-01 -8.32608588e-01  1.16951396e+00
  6.23170896e-01  5.14811112e-01  7.62716550e-01 -1.94393624e+00
  9.28235008e-01 -1.58653763e-01 -1.09166333e+00  7.45405968e-01
  9.72655535e-01 -6.93161630e-01  4.74744376e-01  5.34611242e-01
 -2.24790207e-01 -6.15650817e-01 -1.71582383e+00 -3.12072662e+00
 -1.38224025e+00  1.11756845e+00  5.57128368e-01 -1.45849789e+00
 -1.01702465e+00 -1.65080800e+00  1.76067532e+00 -3.32104876e-01
  9.11118468e-01 -1.05132316e+00 -3.03765738e-01  6.02743576e-01
 -9.04456610e-01  1.09258714e+00  9.66418208e-01  1.82635505e+00
  3.90583765e-01 -5.49040289e-01 -8.25410830e-02  1.29888607e+00
  8.61638892e-01 -1.30616066e+00 -9.97520629e-01 -3.54446777e-01
 -2.67647991e-01 -2.06885488e+00  5.94839880e-01  1.32777470e+00
  3.82701269e-01  7.73648444e-01 -4.54583578e-01  3.82768822e-01
 -1.93763071e+00 -7.83557357e-01  7.51139577e-01 -1.25528565e+00
  5.91136055e-02  1.55365584e+00  5.83609872e-01 -1.70063873e-01
 -1.60066313e+00  8.26166526e-01 -2.50719702e-01  1.19674421e+00
  4.80124367e-01 -8.13872107e-01 -2.89463568e-01 -1.36112949e+00
 -1.69745156e-01  8.27395211e-01 -7.82086365e-02  5.55800325e-01
 -2.27827246e+00  1.06545115e+00  6.70135212e-01  1.21120648e+00
 -1.81031415e+00 -7.16829061e-01 -7.61417881e-03  4.21164070e-01
  7.14618941e-01 -2.15365317e+00  1.38519380e-01 -1.26816821e+00
  5.59937024e-01  2.60835993e-01 -1.24641068e+00  8.39120682e-01
 -5.14024911e-01 -1.62806567e-01  3.43578771e-01  6.98588020e-02
  4.30016651e-01  2.95661407e-01  6.86249825e-03  2.87641165e-02
 -7.26277477e-01  1.02232802e+00  3.03578642e-01  1.53897894e+00
 -1.01629038e+00  9.35888617e-01  2.08582426e+00  5.75883957e-01