 1.64535879e+00  5.16231056e-01  1.01842594e+00 -3.22927278e-01
  1.89522858e-01  5.97142641e-01 -1.23481133e+00  1.45750994e+00
 -8.81827616e-01  3.79437554e-01 -1.05833557e+00  1.17359902e+00
  6.67401904e-01 -1.98321165e+00 -1.30195083e+00 -1.13059562e+00
  3.12773269e-01  8.44920833e-02  1.34004743e-01 -1.18378899e+00
  8.62423185e-01 -1.65756669e+00 -5.52038134e-01  3.88115045e-01
 -2.12044752e-01  9.75896115e-02  1.11765196e+00  1.30591784e+00
  5.59050773e-01  4.23442060e-01  1.08811923e+00 -1.18847566e+00
  1.20111850e+00 -1.55580201e-02 -5.64006191e-01  8.33936271e-01
 -3.11315045e+00  2.78061548e-01 -5.03605043e-01  1.78554379e+00
 -3.03012223e-01  1.28269742e-01  1.11037224e-01 -5.03743419e-01
  1.13471794e-01 -4.22256870e-01 -3.10856861e-02 -1.51313115e+00
 -1.36091577e+00 -1.14241118e+00  2.88767243e-01 -3.79975850e-01
  6.55104523e-01 -5.97970281e-01  6.10787812e-01  3.39562496e+00
 -4.05233121e-01 -3.48087852e-01 -1.34689678e+00 -9.97247069e-01
  9.48776289e-01  1.56567801e-01  8.22933743e-01 -9.72119732e-01
  7.36173672e-02 -1.55949160e+00 -1.23313465e+00  1.14904094e+00
  1.95506258e-01 -7.96137827e-02  2.65414173e-01  6.39645840e-01
 -5.36646966e-01 -7.58723847e-01  9.78100565e-01 -1.47555373e-01
 -2.75105808e-01  6.14884626e-01 -8.17323342e-01 -1.54485515e+00
 -1.60317837e-01  8.22012548e-01  4.82534836e-01  3.92094799e-01
 -1.84276749e-01 -1.21488023e+00  7.94087937e-02  1.69980534e+00
 -1.37196519e-01  8.35301179e-01  3.56176087e-01 -1.02384253e+00
  7.75727279e-02  8.42874756e-01  5.00463894e-01 -6.86355911e-01
 -3.21901097e-01 -7.19581269e-01  1.19551606e+00  1.39490540e-01
  6.71154720e-01 -4.45220084e-01 -7.96638619e-01  7.06242290e-01
 -5.03430356e-01 -8.18046720e-01  1.98358939e-01 -6.83801802e-01
 -1.15827699e+00 -2.14871513e+00 -1.15689693e+00 -1.03683755e+00
  8.55559945e-03 -9.82930585e-01 -1.99499082e+00 -1.13167239e+00
  6.22240634e-01  7.86338042e-01  2.36585200e+00  6.34602063e-01
 -6.09051635e-01  4.67911620e-01 -5.33465965e-01  5.83306514e-01
  2.26832551e-01  3.27222272e-01 -2.23608001e+00 -1.58855180e+00
  3.06814463e-01  9.98965929e-01 -3.46931935e-01  8.70426608e-01
  2.68273792e-02  5.02850510e-01  1.85927966e-01  1.06734706e-01
  7.08059270e-01 -8.83695273e-01 -1.32233280e+00  4.18555107e-01
 -5.68990912e-01 -6.54156234e-01 -1.42492748e-01  5.59002476e-01
  2.36662199e-01 -2.49281993e-01  6.24709385e-01  2.14147471e-01
  1.04795448e+00 -1.02185533e+00  2.86033904e-03 -8.14588223e-01
  5.24760578e-01  5.76917455e-01  8.53213428e-01  2.30924012e-01
  3.17529299e-01 -5.40003680e-01  2.66686682e-01 -1.32853022e+00
 -2.88125758e-01 -1.29984729e+00  3.25770350e-01 -4.39329570e-02
  5.63200265e-01  1.70086808e-01  4.96335453e-01 -3.80898268e-01
 -8.27490510e-01  2.01055076e+00  1.05681176e+00 -1.38701361e+00
 -1.32884030e+00 -5.84985091e-02  9.45781103e-01  1.67761156e+00
  1.63536110e+00  1.44404943e+00 -9.62302925e-01 -5.33055097e-01
 -1.67839862e+00  1.47195827e+00  1.45226016e-01 -2.72005895e-01
 -6.94808471e-01 -6.98398083e-01  1.35389768e+00  2.43271885e+00
 -1.82107240e-01 -2.13884830e-01 -8.44150767e-01  5.04674917e-01
  2.89464260e-02 -1.29715549e-01  4.82220123e-01 -6.50952566e-01
 -5.17871439e-01  1.86610405e+00 -1.17949755e-01  3.53414429e-01
 -1.89303054e+00  3.05781083e-01 -7.18286304e-01 -7.56942269e-01
 -6.76146091e-01 -1.47748351e-02 -7.64403709e-02  4.96185877e-03
  3.77359981e-01  9.07006068e-01  7.06861174e-01 -1.11108114e+00
  1.20410395e+00 -8.83004616e-01 -1.02491651e+00  6.42288933e-01
  1.87897898e+00 -2.14100722e+00 -3.69505704e-01  7.29160271e-01
 -1.01781519e-01 -1.57115272e-01 -4.23710385e-01 -9.04138634e-01
  7.37147754e-02  6.27789384e-01  1.02902429e+00 -4.97425254e-01
  2.62775333e-01 -1.42751552e+00  1.27471104e+00  3.91945754e-01
  1.74984940e+00  1.06908678e-01  6.98013954e-02 -8.64443472e-01
  1.14512421e+00 -6.80360141e-01  1.85665281e-01  1.30770922e+00
 -8.36468189e-01 -6.39116661e-01 -1.38517051e-01 -2.95154871e-01
  1.99067910e-01 -1.76488594e-01 -1.37916788e+00  4.04215628e-01
 -8.00531604e-01  1.01416069e+00 -8.26723034e-01  1.71566533e+00
  2.02807417e+00 -6.57014208e-01  2.40408872e-01  1.13548489e+00
 -1.79203128e+00  4.03381352e-01 -1.43624413e-01  5.43130666e-02
 -1.84600598e+00 -6.36400463e-01 -3.84826873e-01  4.53936909e-01
  1.88942979e+00  1.59821575e+00 -2.60275310e+00  1.30363580e+00
  1.10970192e+00 -7.42048830e-01  4.98055102e-01 -2.35489401e-01
  4.31657724e-01 -5.19618156e-01  4.26084346e-01  5.63139299e-01
 -8.71632390e-01  7.99914283e-01 -6.83805310e-01  5.25812595e-02
 -1.20727511e+00  8.89449983e-01  1.25349802e-01  4.56541070e-01
 -3.91559744e-01 -1.12762788e+00 -2.11930044e-01  5.02806254e-01
  4.73046319e-01 -6.59914479e-01 -7.85695218e-01  6.72852518e-01
 -3.14839964e-01  1.36429491e+00 -1.31780172e+00 -1.49575696e+00
  7.83001755e-01 -1.02524201e+00 -5.34912674e-01  1.91485204e-01
 -5.98613136e-01  1.05720717e+00  9.67740597e-01 -8.45177859e-01
  8.35221255e-01 -1.12513618e+00  4.94318194e-01  4.34409466e-01
 -9.58996599e-01  1.09589008e+00  7.30278217e-01  1.80309974e+00
 -1.62919832e+00 -1.41240727e+00 -1.47363843e+00 -3.95516354e-01
 -7.10873153e-01 -7.74423937e-01 -2.86529881e+00  5.56158477e-01
 -1.29993840e+00  4.52958500e-01 -3.49261500e-01  2.15982466e-01
  3.99122033e-01 -2.91397130e-01  5.06905851e-01 -9.15002729e-02
  8.02270480e-01 -6.43205052e-01 -7.47177541e-01 -1.90391332e+00
  5.57089091e-01  2.14495148e-01 -1.80186495e+00 -1.30632533e+00
  1.29845113e+00  2.18808145e-01  1.28360165e+00  1.02545960e+00
  1.47575278e+00  6.53139450e-01  2.19419358e-01  1.01255060e-01
 -3.17820143e-01  2.19473974e+00  1.89980695e+00 -5.81628717e-01
  1.45206498e+00 -2.74686134e-01 -5.49957780e-01  4.92657334e-01
  3.04625446e-02  8.99284637e-02  1.23784605e+00 -1.21051437e+00
 -6.30106054e-02 -1.07201993e-01  1.11918737e+00 -7.49287187e-01
 -9.99081668e-02  7.11466791e-01  7.99840965e-01  2.01397914e+00
 -3.45559443e-01 -1.73260112e+00 -1.67488407e-02 -1.49071951e+00
 -9.08809607e-01 -1.13904481e+00  8.60688655e-01 -2.41954564e-01
 -5.00032843e-01  8.04823674e-01  8.14522958e-01 -6.72415692e-01
 -2.22782500e-01  4.91225481e-01 -4.91061019e-01 -7.44257404e-01
 -5.97253266e-01  9.42095921e-02  1.08026408e+00 -1.01425211e+00
 -7.76689816e-01 -6.72558330e-01 -1.88781680e-02 -9.24830712e-02
  1.59678406e+00 -1.31099471e+00  1.77707278e-01  3.89722855e-01
 -5.30348650e-01 -2.89729756e-01  6.38196865e-01 -6.19260876e-02
  8.03065015e-01  1.42471447e+00 -2.38273349e-01  1.22157104e+00
 -3.51201061e-01 -4.81267201e-01  1.47645253e+00  2.27737431e+00
 -1.61423136e+00 -2.18313424e-03  3.99070043e-01  1.44956841e+00
  7.10517707e-01 -1.57028928e+00  1.68773452e+00  1.06837402e+00
  1.46798720e-01 -1.28704863e+00  1.20009061e-01 -1.92764183e-02
 -5.84825636e-01  2.65128573e-01  4.59085101e-01 -1.79033008e+00
 -1.41014569e-01  1.79529069e-01  3.71996283e-01 -2.68189963e+00
  9.16939883e-01 -2.30555406e+00  7.86820767e-01  4.86320993e-01
  2.27024816e+00  4.90998206e-01 -1.28346635e-01  8.06000917e-01
  1.75041436e+00  1.79933494e+00 -5.12211860e-01  4.65367175e-01
  1.61084012e+00  8.35489299e-01 -1.31365145e+00  7.20745925e-01
 -6.90833950e-02 -2.80983799e-01  1.06717871e-01 -5.24383255e-02
 -1.48262237e-01 -1.20923089e+00  1.44666449e+00 -1.14301765e+00
 -2.55275120e-01  8.90743915e-01  3.27632358e-01  1.12665485e+00
  1.34951896e+00 -2.41084930e-01 -1.18491921e+00  1.96640594e+00
  2.96072374e-01 -1.61856783e+00  1.34406227e+00  3.27766222e-01
  9.59991566e-01 -1.12765816e-01 -4.21536890e-01 -8.97202089e-02
 -2.71996770e-01  1.17815239e+00 -6.78363188e-01  1.28358262e-01
  2.69287400e-01  9.98607151e-02 -7.84576110e-01 -1.43341356e+00
  8.29933636e-01  2.07779410e+00  4.39092285e-01  1.51159923e+00
 -1.17103248e+00  5.16320325e-01 -2.02327209e-01 -3.77656702e-01
  2.75555414e-01 -3.20078949e-01 -1.55025694e+00 -2.33942160e-01
  1.90031074e+00 -2.09610979e+00 -2.43128643e-01  1.52570598e-01
 -1.84638904e+00 -5.05242895e-01  1.10683132e+00  9.56725153e-02
 -7.24319549e-01  6.42453811e-01  5.93142893e-03 -2.42683906e-02
 -1.00254903e+00  1.16257908e+00 -4.41223857e-01 -6.37227084e-02
 -1.53682763e+00  1.08155911e+00 -2.51228629e+00  2.03851732e+00
 -1.64115950e-01  1.01158107e+00 -1.69398119e+00  2.22909922e-01
  1.30071197e+00  5.46082916e-01 -1.13166134e-02  3.13797537e-01
 -8.18113637e-01  8.45581368e-01 -4.77947642e-01 -8.78982058e-01
 -1.48756260e+00  2.27526146e-02  3.72945724e-01  2.03371638e+00
  1.04092495e+00  8.10889481e-01  9.97160453e-01  4.91977212e-01
 -9.65791923e-01  3.61807903e-01  1.43482529e+00  1.33205694e+00
  1.99357939e+00  3.36355887e-01 -3.86385324e-01  3.08654323e-01
 -5.65646489e-01 -7.21728047e-01 -2.02513817e-01  2.38109535e-01
 -1.78636837e+00 -8.87156521e-01  1.27194929e+00 -3.08452389e-01
  1.30392554e+00  3.52018972e-01 -1.82401200e+00  4.16723274e-01
  6.09285324e-01  8.81941026e-01 -8.53601038e-01 -8.14230031e-01
 -8.37947890e-02  1.96196828e+00  5.91685000e-01 -4.44866792e-01
  1.73303692e+00  4.95497840e-01  8.10616514e-01  1.06463090e+00
 -3.76900812e-02 -5.15502297e-01  2.44046971e-01 -1.12200485e+00
  4.76696068e-02 -1.30396373e+00 -8.43793655e-01  7.24987649e-01
  2.03759209e-01  1.00109513e+00  7.63420374e-01 -5.32395625e-02
 -3.84793630e-01 -1.70414434e+00 -1.46190315e+00 -4.23016401e-01
  2.52135057e-01  6.58299356e-01 -1.14513734e+00 -1.54395652e+00
  9.46305976e-01 -1.20873774e+00 -3.92412125e-01  3.35823523e-01
  6.36995504e-01  2.20011335e+00  3.14823404e-01  6.64423292e-01
  7.80975378e-01 -1.68428381e+00  5.77935282e-01 -3.05247872e-01
 -7.72159486e-01 -9.06871604e-01  6.18938975e-01 -5.86741535e-01
  4.40269957e-01 -7.72234531e-01  3.51148760e-02  3.18177753e-01
  3.75782819e-02  3.55037661e-01 -7.16246781e-02 -1.10722373e+00
  5.13743410e-01  5.98965015e-01  8.68356813e-01  1.36872843e+00
 -2.28686082e+00  1.53705210e+00 -1.56841513e+00  8.91552751e-01
  5.57078489e-01 -1.03979556e+00  5.09466159e-01 -6.20605699e-01
  9.66350911e-01  9.70115000e-01  1.27430801e-03 -2.09761825e+00
  8.21520539e-02 -2.11780141e-01  1.74408964e+00  2.93217963e-01
 -8.61897918e-01 -2.28524359e+00 -3.80813628e-01  2.52890246e-01
 -1.43158824e+00  3.99519759e-02  1.29682453e-01  8.51107761e-01
 -1.02882541e+00 -1.29503985e+00  4.79321125e-01 -2.27915900e+00
 -7.49129328e-01  2.69227383e-01 -7.41971997e-01  1.08965969e+00
 -1.26190826e-01  3.61580565e-01  6.16911913e-01  5.46715559e-02
  1.40661415e+00  6.75718988e-01  8.52122183e-01  3.62643823e-01
 -7.31715882e-01  1.82927281e+00  3.18983629e-01  2.83670784e-01
 -1.51503559e+00  8.69907068e-01  6.15130569e-01 -3.17324340e-01
  3.70484077e-01  9.93934247e-01  9.52752688e-01 -1.11476637e+00
  5.88678917e-01  4.52818752e-01 -4.64155178e-01 -4.19465358e-01
  1.28025589e+00 -1.36284155e+00  8.96604393e-01  2.18868268e+00
 -5.90155573e-01 -3.92202846e-01  1.88667478e+00 -1.21690310e+00
 -1.48746690e+00  4.62535574e-01  1.31541640e+00 -9.82452630e-01
  1.46357291e-01  8.03470095e-01  5.26851921e-02  2.57949851e+00
 -4.58106687e-02  1.69137869e+00  1.91784056e+00  7.25718998e-01
  2.80458101e-01 -1.13535480e+00  5.56785979e-01  2.14196149e+00
 -1.65175392e-01 -1.84860070e+00  1.66285434e+00  1.09293118e+00
  1.12161964e+00  1.00639731e+00  4.52485134e-02 -6.97470551e-01
 -5.74551057e-01 -2.27013978e-01  2.70157606e-01 -1.40485447e+00
  1.08045045e+00  7.84949591e-01 -1.05258082e+00 -1.61156800e+00
 -5.40871339e-01 -3.24849459e+00 -3.44699501e-01  4.31340834e-03
  5.80470405e-02  5.74434132e-01  3.69687995e-03  7.63685878e-01
 -2.34475991e-01  4.43384604e-02  1.12341275e+00  2.08067727e+00
 -2.78030336e-02  8.04977037e-01  1.41000607e-01  1.01767424e+00
 -7.20592821e-01  1.52157997e+00  7.61504167e-01  3.91186626e-02
  5.42506602e-01  1.87465396e-01  1.11922821e+00  1.09418544e+00
  1.10802465e+00 -3.55617493e-01 -1.43727354e-01 -2.47200423e+00
  4.44027217e-01  8.83989578e-01 -1.06093618e+00  7.66242456e-01
 -8.52004264e-01 -5.09595297e-01  4.52114643e-01  8.87386557e-01
 -5.14555885e-01 -9.08232271e-01  5.47884661e-01 -2.94548213e-01
  5.23074927e-01  1.10043362e+00 -2.86751482e-01  1.59821344e-01
  5.58636440e-01  3.66165075e-01  2.64573699e-02 -8.01283521e-01
  1.65091052e+00 -6.56973231e-01 -3.55679834e-01 -1.08877807e+00
  5.08100037e-01  3.64246564e-01  5.42456398e-01 -1.18498223e+00
 -2.54637621e+00 -1.40296101e+00  1.52734766e+00 -1.11834662e+00
  1.55652987e+00  5.50611168e-01 -1.18926120e+00  1.58155923e+00
 -1.19892050e+00 -3.71892147e-01 -1.05133488e+00 -2.00510123e+00
 -1.50277559e+00 -1.16475921e+00  7.41315899e-01 -1.28196089e+00
 -8.83963370e-01  7.50750881e-02 -7.76940022e-02  1.28426259e+00
  6.24032561e-01  1.66260229e+00 -3.04400619e-01 -4.51738401e-01
  5.81577819e-02  2.76046650e-01  1.76190587e+00 -1.00903476e+00
 -1.75803899e+00  1.71933042e-01  1.65313533e+00 -1.98591752e-01
  2.83845502e-01 -8.15548579e-01  1.82467983e+00  1.61072817e+00
 -1.49925176e+00  7.35319218e-01  1.24847287e+00 -3.37978269e-01
 -3.03586394e-01  1.07427569e+00  8.40444990e-01  1.23429926e+00
  9.84950947e-02 -4.46318508e-01 -2.03062808e+00 -7.79550469e-01
  6.90166647e-01 -5.47578108e-02 -2.55494225e+00  4.11489667e-01
  8.45373196e-01 -2.27432278e+00 -7.56314174e-01  4.35755868e-01
  6.48372900e-01  5.14064474e-02 -3.24508106e-02 -5.62286496e-01
  1.42223816e+00  3.44655765e-01  2.45578356e-01 -3.99990896e-01
  1.59373642e+00 -1.81331341e-01  5.19279668e-01  1.58638455e+00
  2.54627450e-01 -1.93528560e-01 -4.38680432e-01  1.91751440e-01
 -2.07825630e+00 -4.91869753e-01  4.45029451e-01 -3.74601733e-01
  2.14270985e-01 -2.45979612e-01  3.38362767e-01 -5.67823578e-01
 -4.17866267e-01 -1.52756074e+00 -9.69987396e-01  9.77258896e-01
 -2.33275524e-01 -1.40595866e+00 -1.23435731e-01  2.40971057e-01
 -1.84481345e+00 -3.47475080e-01 -1.30676903e-01 -1.98259194e+00
 -1.40432458e+00  1.07025826e+00  2.62083464e-01 -6.13150791e-02
 -1.42584060e+00  1.01046410e+00  1.63290948e-02 -4.90742044e-01
  1.69148303e-01 -3.56349254e-01  8.19461439e-01 -1.05658293e-02
 -2.59467732e-01 -2.56919646e-01 -1.73795547e+00 -7.34517204e-02
  1.21419159e-01 -5.60497872e-01 -2.29253778e-01  1.36493840e+00
 -6.78329449e-01 -1.41536396e-01 -8.81111891e-01 -8.48139830e-01
  2.28784288e-01 -1.58348949e+00  5.71811952e-01  8.43559228e-02
 -9.12544306e-01  4.00046998e-01 -1.78987511e+00 -6.31881517e-01
 -8.72858022e-01  1.87675111e-02 -8.81542839e-01  8.45028304e-01
  2.44610143e-01  6.65987603e-01  8.28994776e-01  5.80158659e-01
 -1.00814949e+00 -1.22548091e+00 -2.11759545e+00  3.26172588e+00
 -1.78999260e+00 -5.93089778e-01  9.17759160e-01  8.75992433e-01
 -4.42757039e-01 -2.25639335e-01 -1.80953432e+00  2.15617397e+00
 -6.07333568e-01 -1.76464230e+00 -5.90454327e-01 -1.41221591e+00
  2.11991749e-01  3.23371933e-01  3.18996364e-01 -1.42611472e+00
 -6.75800343e-01 -1.58908061e+00 -1.21313101e+00 -1.52202133e-01
 -7.11680644e-02  1.28210471e+00 -2.02280261e+00 -5.08353627e-01
 -5.05926847e-01  4.44240228e-02  1.25784414e+00  3.84656482e-01
 -1.74240095e+00 -1.75808100e+00 -1.09216017e+00 -3.50793367e-01
  1.72749053e+00  4.19187498e-01  6.47888240e-01 -9.39403335e-01
 -6.20351491e-01 -1.01180428e-01 -1.50640598e+00 -7.41853571e-01
  2.38015242e+00 -1.68206469e-01  2.15590202e-01  1.38163952e+00
  1.42470260e+00 -1.27024771e-01 -3.86369066e-01 -5.54644319e-01
  1.30085654e+00 -8.26811611e-01  5.72969435e-02  1.42115156e+00
 -4.08690681e-01  7.57164160e-02  1.14716226e+00  6.10241393e-01
 -1.39433112e+00  1.36895265e+00  7.08492495e-01  1.36592571e-01
 -1.05565081e-01  1.21159457e+00  4.86420607e-02  6.08266504e-01
  1.10241450e+00  7.50983404e-01 -6.09258013e-01  1.13004457e+00
  2.64647582e-01  5.21836225e-01 -3.13041527e-01  7.77094078e-01
 -8.27434762e-01  5.43065026e-01 -1.13039613e+00 -2.63172265e+00
  9.14771688e-01 -1.11004820e+00 -1.00631931e+00 -2.12693999e-01
 -8.40059138e-01  9.07979945e-01 -4.48604889e-02  7.26747890e-01
  9.78731263e-01  1.02441637e+00  2.68248060e-01 -6.19556114e-01
  5.94530871e-01 -6.73808532e-01  7.31127454e-01 -9.93629193e-02
 -4.21903009e-01 -1.31950134e+00  7.29457688e-01  1.51864490e+00
 -2.02917332e+00 -1.03467412e+00  7.51072507e-01 -1.06519681e+00
  2.01433832e+00 -1.82744995e+00  1.00761525e+00  8.08999455e-01
  4.90939914e-01  7.35806533e-01  1.27792153e+00  2.60452524e+00