-2.37213797e-01 -3.61791023e-01 -9.46390475e-01  2.03073187e+00
  3.44689920e-01 -2.53834277e-01 -1.16011396e+00 -1.23732643e+00
 -1.55437735e-01 -2.88975240e-01 -8.69279442e-01 -1.46541965e-01
 -3.82335309e-01  9.05134248e-01  6.23645080e-01  5.03653491e-01
 -2.10287942e-02 -3.09768689e-01 -5.42954534e-01 -5.87004677e-01
  1.53590113e+00  8.08894350e-02  1.77925576e+00  3.98941004e-01
  1.02390770e+00 -7.55605151e-01 -1.08505080e+00 -1.70437065e+00
 -3.67939540e-01 -3.50884657e-01 -2.00649156e-01 -1.33189741e-01
 -8.94540630e-01 -2.16493452e+00 -2.18899214e+00 -4.23657409e-01
  3.61745964e-01 -4.10653664e-03  1.88644658e+00  1.77573324e+00
  2.58885181e-01  1.30726386e-01  1.29590368e+00 -8.77355994e-01
 -2.77038119e-01  9.45253368e-02 -1.02731199e+00 -5.15047805e-01
 -5.40436293e-01  2.82333302e-01  6.41937703e-01 -4.09527985e-01
 -1.30746391e+00  5.74919788e-02  8.70805221e-01 -6.18780589e-01
  1.18937064e+00 -1.53251877e+00 -2.00457458e-01 -1.25708856e+00
 -1.78562925e-01 -4.12875183e-01 -5.47952780e-01  7.19741340e-01
 -1.80447021e-01  5.84808508e-01  1.33460680e+00 -1.07571851e+00
  1.12863067e+00 -2.43698438e+00 -6.26833733e-01  6.61387893e-01
 -8.33473493e-01  1.10445432e+00 -8.95676443e-01 -6.75247903e-01
  6.04506303e-01 -2.58082898e-03  9.08006950e-01 -1.61155602e+00
  3.28417246e-01  4.99807847e-01 -6.38528378e-01  7.16656171e-01
  1.49762188e+00 -1.94460123e+00  1.12797013e+00 -1.89583361e+00
  8.08631262e-01  4.08042922e-02  1.19630270e-01  6.87336130e-01
  6.55105878e-01 -6.03870954e-01  2.12639696e+00  6.90605374e-02
  4.12272549e-01 -2.86862342e-01 -2.84487253e-03 -6.15041159e-01
  1.12095270e+00  4.04433364e-01 -5.34996365e-01 -1.40123785e+00
 -1.06342154e+00 -3.13409821e-01 -2.94276103e-01 -2.86293886e-01
  8.01341901e-01 -2.36373634e-01 -1.45088112e+00  1.47972041e+00
 -1.95705079e+00  1.00490762e+00 -5.20945169e-01 -1.07005811e+00
  1.44225691e+00 -9.28965331e-01 -9.83144635e-01 -8.77079225e-01
  1.64455355e-01 -2.22576352e+00 -5.13830077e-01 -8.06111186e-01
  1.14749651e+00 -4.88161164e-02 -3.35259102e-01  6.99925326e-01
  5.34367004e-01  1.32589690e+00 -8.32403499e-01  1.27417532e+00
  2.70971329e-01 -2.19278542e+00  1.75409240e-01 -1.23829791e+00
 -2.50819591e-01 -8.82825003e-01  1.15274322e+00  1.16276621e+00
 -4.94922251e-01 -1.21167728e-01 -1.39066945e+00 -7.84566103e-01
  1.39024126e+00  6.76059801e-02 -2.61100572e-01 -6.71148042e-01
  4.86910287e-01  3.97268762e-02  1.46817324e-01 -1.39664452e+00
 -2.83975817e-01 -1.93309192e+00  5.54247730e-02  6.95232059e-02
 -3.73724753e-01 -3.16072596e-01 -1.49140717e+00 -4.85791499e-01
 -6.05263465e-01 -3.20522120e-01 -5.45057008e-01  2.28055788e-01
  1.14521875e+00 -2.47967799e-01  5.04617213e-03 -1.26647308e+00
 -1.02124783e+00  4.02329489e-01  4.83138371e-01  1.40246112e-02
  1.26162022e-01 -3.11977442e-01 -1.85137840e-01 -3.97936440e-01
 -5.33303780e-01  5.09846129e-01 -2.52088753e-01  5.73502500e-01
 -5.70459383e-01 -6.08850930e-01 -2.43064537e-01 -3.20466108e-01
  3.05901241e-01  5.25655442e-01 -3.92053087e-01  9.98579949e-01
  6.47603048e-01  2.00654977e-01  1.86420329e+00 -7.66152338e-01
 -1.35786044e+00  1.73349988e-02 -1.26397090e+00  9.85271320e-01
  4.36249583e-02  1.65732682e+00 -4.23303214e-01  9.21069614e-01
  1.03963635e+00 -3.28788799e-01  1.15283987e-01 -1.50592102e+00
  1.49044667e+00  2.09902254e+00  1.10515109e-01  8.80904940e-01
  6.21219407e-01 -1.37419902e+00 -6.39789530e-01  3.91225195e-01
 -1.31913965e-02 -1.78245912e+00  9.06515838e-01  3.39203186e-01
  7.94115968e-01 -4.31716699e-01  4.59213942e-01  1.21228066e+00
 -1.60348725e+00  1.02940129e+00  5.77394171e-01  8.46511412e-01
 -4.38571181e-01  4.16920412e-01 -2.04551006e+00 -6.43100101e-01
  5.09446803e-01 -2.14700779e+00 -1.15405322e+00  4.48727840e-01
  8.59394570e-01  1.52062608e+00 -9.19985755e-01 -6.95090223e-01
 -1.08432346e+00 -1.05429640e+00  6.29399744e-01  3.10322205e-01
 -1.18778843e+00  8.80244497e-01  9.69076546e-02  8.22729619e-01
 -2.15142639e+00 -1.81643956e+00 -7.74896258e-01 -3.37052764e-01
 -7.26759022e-01  5.35611854e-01  3.35070519e-02  1.86450912e+00
  5.08873917e-01  4.90144004e-02  6.51292810e-02 -4.09623593e-01
 -4.92270175e-01 -1.97486351e-01 -1.54576794e-01 -2.08699880e+00
  7.20671277e-01 -1.32678151e+00 -8.73115134e-01  6.81748145e-01
  6.60603181e-01  1.47966649e+00  1.52126922e+00 -1.88386371e-01
 -9.12583540e-01 -1.29738008e+00  9.62462160e-01 -4.70186663e-01
  6.80775426e-01  7.83249678e-01  6.71020558e-01  4.85685510e-01
 -6.21318935e-01 -1.11117829e+00 -3.30797426e-02  2.00055093e-01
  2.54945465e+00 -6.33412131e-01 -2.39480190e-01  7.18294475e-01
  2.80738472e-01  2.91190418e-01 -2.14410307e+00  1.21073486e+00
  1.57293839e+00 -7.42268411e-01  1.86553652e+00  1.08076265e-01
 -2.10986467e+00  1.56425819e+00 -9.07077738e-01  7.11889686e-02
 -1.13286151e-01 -2.34856068e+00  4.58060925e-01 -1.65591646e+00
  1.50428498e+00  1.49782940e+00  1.56612431e-02 -2.33950929e-01
  1.90051440e+00 -5.26623392e-01  1.55408403e-01  1.91096639e+00
 -1.00119829e-01 -5.95247212e-01  1.78534581e-01 -1.68671430e-01
  1.08103130e+00  7.17096862e-01  4.00139302e-01 -9.72191119e-01
 -1.30574291e+00 -6.59879841e-01  3.41966494e-01 -4.14080948e-01
 -8.69871990e-01  1.66950766e-02  1.43244623e+00 -1.70320578e+00
  8.08651390e-01  4.82473834e-01 -1.86553962e+00  6.07746215e-01
  1.28036269e+00 -5.14180306e-01 -1.35059841e+00  1.52097775e+00
 -1.28925084e+00  3.85644419e-01 -5.00148871e-01 -4.78401134e-01
 -1.49118843e+00 -9.79309620e-01 -1.49255982e+00  1.53651689e+00
  1.38438248e+00 -1.33685814e+00  2.97252384e-01 -8.84294552e-02
  8.98101918e-01 -4.94957838e-01  1.25448944e+00  5.77500273e-01
  7.39775230e-01 -1.23731334e+00 -2.18017319e-01 -4.46238721e-01
  3.49893989e-01 -1.98125373e-01  8.34834609e-01 -1.31154713e-01
  2.20455564e-01  1.32766093e-01 -5.19197155e-01 -7.22969187e-01
 -6.80844069e-01  3.89528557e-01  3.22683845e-02  1.08109081e-01
  1.78001935e+00  9.32464609e-01 -1.82658291e+00 -7.98335092e-01
  1.30397430e+00  1.17325922e+00 -1.65774627e-01 -8.24677825e-01
 -9.53057519e-02  1.59138862e+00  6.65987539e-01  6.25645741e-02
 -9.53859628e-01 -5.22256047e-01 -2.18668124e-01  9.61441808e-02
 -1.60705241e-01  6.61591861e-01  8.57714598e-01  5.68367405e-01
  1.83488162e+00 -8.42077157e-01 -1.33689454e+00  5.31103984e-01
 -8.87337365e-01  5.13954315e-01  7.08204578e-01 -1.08132441e+00
  1.70164058e+00  5.27755534e-01  7.84559301e-01 -4.99723149e-01
  7.62245891e-01  1.55960451e+00 -5.90935817e-01 -2.50817336e-03
 -1.27287030e+00 -7.93882802e-01 -8.42311931e-01 -2.87153578e-01
 -1.62238467e+00 -2.19160323e+00  1.14662944e+00  1.64288356e+00
  5.95559597e-01 -9.96535944e-01  1.10598294e+00 -1.46986435e+00
 -1.18068160e+00 -3.37458908e-01 -3.45204132e-01  1.01741063e+00
  1.45345085e+00 -1.51183924e-02  4.54694067e-01 -1.34400214e+00
 -3.22540477e-02 -1.65991596e+00 -2.17797274e-01 -1.07663451e+00
 -7.08418039e-03  2.33510451e-01  9.16012756e-01 -1.00733425e-01
 -8.62497048e-01 -1.17322356e-01 -5.42121857e-01 -2.34460684e+00
 -6.63068778e-01 -1.26536169e+00 -4.35251431e-01 -5.57846157e-01
  1.44855740e+00  7.55200992e-01  1.28618559e-01  1.04884310e-01
 -1.79955962e+00 -6.74798095e-01  1.23863118e+00 -1.46164817e+00
  1.01853784e+00 -1.63531412e-01 -5.42167169e-01 -1.09573468e+00
  2.17337297e+00 -2.17889331e-02 -2.10582066e+00  3.98516940e-01
 -2.24729736e+00 -1.40119332e+00  7.17972582e-01  1.90299040e+00
 -5.29040427e-01 -1.83953784e+00  8.32699840e-01  3.03585574e-02
  3.82612484e-01 -1.09226632e+00 -1.64933204e+00 -2.65289426e-01
 -4.51567922e-01  5.62529727e-01  7.45260365e-01 -2.48605232e-01
 -7.00479175e-02  1.83754976e+00  6.80750238e-01  2.02111617e+00
  6.51778516e-01 -1.56529928e+00 -1.07204290e+00  6.78949736e-01
 -9.25161559e-01 -1.76299068e+00 -6.26503833e-01  1.65621603e+00
  7.13733171e-01 -2.82641784e-01 -1.15878245e+00 -1.36332938e+00
  2.96199184e-01 -2.48180859e-01  1.27033107e-01  7.93381771e-01
  4.50200252e-01 -3.51275023e-01  5.52625681e-01  1.17329802e+00
  2.04774654e+00  1.38560522e-01  9.19866023e-01  2.24984539e+00
  7.16692849e-01 -9.81319315e-01  1.24991759e+00 -7.00892877e-01
 -4.05621981e-01 -1.68329871e+00 -1.24899912e-01 -1.43992514e-01
  1.15764121e+00  2.00194703e+00  8.49456850e-01  9.21814960e-02
  3.45577246e-01  1.88515559e+00 -4.37853180e-01  3.17162183e-01
 -1.02372678e+00  6.96875745e-01  1.23113323e-01 -6.80564625e-01
 -1.62343923e+00  1.21760694e+00  6.73951844e-01  2.81451114e-01
  8.67511428e-01 -4.90800720e-01 -4.04962655e-01 -1.11806227e-02
 -4.81463550e-01 -1.15020136e-01  5.50404431e-01  6.74107941e-01
 -4.32474126e-01  8.68601492e-01  3.94754476e-01  1.72067705e+00
  8.36251200e-02 -8.93256069e-01 -1.37365596e+00  1.47811715e+00
  6.99011981e-01 -6.71659391e-01  1.96709850e+00  1.14394234e+00
 -2.84878214e-02 -1.38775856e+00 -1.89988131e-02 -2.62669410e-01
 -1.38991211e-01 -5.39972264e-01 -8.24688838e-01 -4.98542409e-01
  5.31478233e-01 -1.26143731e+00  9.79407867e-01 -7.39178449e-02
 -7.84937433e-01 -1.21844952e+00 -4.76510758e-01 -8.30844141e-01
  5.34170356e-01  9.37622685e-01 -1.34899851e+00 -2.66413085e-01
  4.17773369e-01 -2.68491694e-02 -1.78005397e+00 -1.43712128e+00
  1.00090678e-01  7.18807145e-01 -8.68143061e-01  2.94386608e-01
  1.10477021e+00  6.45852239e-01 -1.38555204e+00  6.16748804e-01
  3.14091737e+00  4.33845257e-02  2.18516094e-01 -2.65400108e+00
  4.97489843e-01 -1.04110827e+00 -9.52537798e-01  2.67748434e-01
  1.09952189e-01  1.38711107e+00  5.64251865e-01  1.36413549e+00
  1.02975415e+00  1.15923968e+00 -2.49910099e-01  5.69086466e-01
  6.72980331e-01  6.34614432e-01 -5.24505059e-01 -1.34409330e+00
  1.33715118e+00 -5.98427420e-02 -3.62795011e-01  6.01890244e-02
  2.17552609e+00  6.77273251e-01  1.16973468e+00  1.41639344e+00
  1.64187582e+00  1.75923983e+00  1.86065107e-01 -1.72785009e-01
  9.74127017e-01  3.84147949e-01  3.31586364e-01  1.40317371e+00
  6.44731201e-01 -1.74784018e+00  8.08257327e-01 -2.91785312e-01
  3.30875981e-01 -5.57178775e-01 -8.20938398e-01  4.79171550e-01
  1.53854890e+00 -2.23405683e-01  1.45845912e+00  1.37292518e+00
 -2.19194910e-01  3.03193713e-01 -5.41607774e-01  8.50872114e-01
 -5.35513192e-02 -6.62025838e-02  1.31994854e+00 -1.40934411e-01
 -4.84739080e-02  1.01194387e+00  3.72344945e-02 -7.13715040e-01
 -3.53329514e-01  1.44119309e+00  7.20080939e-01  2.56343830e-01
  5.00121615e-02 -1.06850568e-01  5.03060640e-02  8.26335014e-01
 -8.39801219e-01 -1.02787164e-01 -1.53044204e-01  7.06990137e-02
 -6.11788917e-01  2.12476079e-02 -4.47065790e-01 -1.03060930e-01
  4.00271928e-01 -2.41427237e-01 -1.53620042e+00  1.42730021e+00
  4.10375135e-01 -6.11262131e-01  9.73066311e-01 -4.42818614e-01
 -5.07922989e-01 -2.35836116e-01  1.36860219e+00 -4.24022900e-01
  3.92475458e-01 -9.47730048e-02 -3.55285091e-01 -2.50418561e+00
 -7.81684779e-01  7.04395700e-01 -3.07955367e-01  6.40451658e-01
  1.44829679e+00 -1.00568484e-01 -2.63592136e-02  1.48717335e+00
 -1.15858906e+00 -1.01370309e+00 -6.66516856e-01 -1.18278206e-01
  3.77788179e-01  1.68911517e+00  6.64311525e-01 -1.88247491e+00
  2.30202476e+00  5.28349247e-01  1.57998399e-01 -2.55198855e-01
 -6.32691461e-01 -4.22967276e-01  6.76881827e-01  7.60907309e-01
  3.65343267e-01 -9.11095591e-01 -1.26012988e+00  3.48275048e-01
 -5.20634469e-01 -2.58292642e+00 -5.54687097e-01 -2.21020679e+00
 -1.70803010e+00 -1.16129153e-01  1.75097897e+00 -7.61848176e-01
 -1.13024290e+00 -3.11464186e+00  2.55340647e+00 -1.34213323e+00
 -1.76995662e-01  9.47849415e-01 -6.60055342e-01 -1.16667049e+00
  7.53476644e-01  2.56115044e-01 -9.59878278e-01 -8.52082878e-01
 -1.34274212e+00  6.90526079e-01 -5.24388083e-01 -8.43210897e-01
  1.91480461e+00  3.06975129e-01 -4.22609431e-02  6.04598344e-02
 -5.03026941e-01 -7.03746188e-01 -4.32314941e-01 -1.09965709e+00
 -2.14682122e-01 -3.50261396e-02 -9.92536269e-01  1.72695541e+00
 -2.85530046e-03  1.22242597e-01  2.73050980e-01  3.77007995e-01
 -1.46401304e+00  5.00702724e-01  7.57339692e-01 -1.03515224e+00
  1.49894441e+00 -3.37794498e-01 -1.87415154e+00  1.43908951e+00
  1.24075620e-01 -1.21012306e+00 -9.37502312e-01 -1.57796706e+00
  1.09933586e+00 -5.75787356e-01  2.07798375e-01  1.32850136e+00
  1.97881613e+00  1.40480431e+00  2.48879905e-01  1.89273091e-01
  6.41642103e-01 -5.72746580e-01  3.41312639e-01 -1.53207289e+00
  6.41562786e-02 -1.00700307e-01 -8.00599840e-01 -1.35821025e-01
 -8.64788383e-01 -3.12397965e-02  1.45978806e+00 -3.31997831e-01
  3.36663213e-01 -1.15201130e+00  7.28122245e-01 -8.92687017e-02
 -2.89279762e-01 -7.14945119e-01  4.97485907e-01  4.50604179e-01
 -5.63744924e-01 -1.34176187e+00  6.78503359e-01  2.07920620e+00
  6.60141731e-01 -1.45835572e+00  4.28348406e-01  1.62039345e+00
 -1.32399253e+00 -2.37443681e+00  9.81524664e-01 -4.53373421e-01
 -1.05684042e+00  8.25635185e-01 -1.01973708e+00  1.26996406e+00
  8.14801368e-01 -1.07367353e+00 -1.76226211e-01 -1.86556924e-03
 -1.01562170e-01 -1.08426573e-01  2.52444365e-01  1.51720486e-01
  6.15226575e-01  8.35755597e-01 -7.19788558e-01 -7.47972953e-01
 -1.28070817e+00  1.59702153e+00 -5.74875092e-01 -8.71091199e-01
 -2.27315578e-01 -6.65821888e-01 -2.04926488e-01 -6.76118441e-01
  1.04138598e+00 -1.10107617e+00  1.72026070e-01 -1.93162222e+00
  8.50410751e-02  4.33942992e-01  1.25458038e+00  3.16457841e-01
 -1.58343865e-01  1.81251494e-01 -1.30636644e+00  1.47743074e+00
 -1.34839596e+00 -1.46857739e+00  9.61782326e-01  5.26753810e-02
  1.05020301e+00  9.10537780e-01  7.24323109e-01  8.54633219e-01
 -2.36020011e-01 -1.31740233e-01 -6.04359165e-01  1.55530534e-01
  2.02048960e-01  1.01057622e-01 -8.28233890e-01 -1.26533172e+00
  1.77155866e+00  2.37647943e+00  1.33786806e+00 -8.29377164e-01
  1.10634923e-01  1.24765390e-02 -4.89635869e-01  1.17015415e+00
 -3.74279757e-02 -1.30626713e+00  5.22452242e-01 -2.09429303e+00
  3.79351314e-02 -6.28121197e-01 -1.16387305e+00 -5.13926345e-01
  2.04093214e+00  9.85958262e-01  6.16718115e-02  1.48162843e-01
  7.13843997e-01  4.60250961e-01  1.47927395e-01  7.12728567e-01
  7.58029328e-03  5.05579815e-01 -6.16997496e-01  1.28685882e-01
 -1.56296666e+00  7.84127806e-01  1.10883567e+00 -1.88035588e+00
  1.14507411e+00 -6.58770487e-01 -1.11686396e+00  7.83230088e-01
  1.44554505e+00 -1.63130995e-01 -1.35448510e+00  3.04828386e-02
  9.12375905e-01  5.92965049e-01 -9.90383048e-01 -1.25496101e+00
  1.79468610e-01  7.24786783e-01  1.47640035e+00 -5.99111105e-01
  5.10168383e-01 -1.04938301e+00 -2.71643288e-01  2.58553083e-01
  4.93522850e-01  8.04854878e-01  6.96376008e-01 -1.04566643e+00
 -4.94613774e-01 -2.56430461e+00 -6.90334753e-01 -3.77887631e-01
 -1.53012128e+00  3.06734090e+00  5.46079048e-01 -3.72093474e-01
  6.79342696e-01  4.32467972e-01  5.10201994e-01 -2.81444447e-01
 -5.79773963e-01  4.99632855e-02 -8.19242694e-01 -1.32839573e+00
  7.13478146e-01  2.56719787e-01 -4.64324496e-01  5.30142732e-01
 -1.67467604e+00  1.70710139e-01 -9.01600126e-01  8.29098895e-02
  8.05672205e-01 -2.67270913e+00  1.03846133e+00 -7.86524441e-02
 -1.65654681e+00  1.49739485e-01 -8.60667658e-01  4.62463790e-01
 -9.67643037e-01  7.97458692e-01 -5.02557642e-01  8.22953832e-01
  5.96029689e-01 -5.05415481e-01  1.47398623e+00  1.23237652e+00
 -2.53044470e-01  4.27078381e-01 -8.88325776e-01 -8.91725858e-01
  9.84166811e-01  1.77461055e-01  5.07104109e-01 -2.11596810e-01
  3.46908836e-01 -1.24609098e+00  5.81814029e-01  1.42046374e+00
  6.89878808e-01  5.60827736e-01 -3.99319505e-01  2.90430341e-01
 -1.62885399e+00 -1.07268248e+00  2.03302567e-02 -7.02859066e-01
 -8.37708237e-01 -4.80509139e-02 -2.94865403e-01  8.80808662e-01
  1.65517785e+00  7.13888172e-01  5.06048056e-01 -2.11831777e+00
 -3.95160532e-02 -1.33697391e+00  1.10719296e+00 -1.48976614e-01
 -3.71854358e-01  1.38053239e+00 -4.26619247e-01 -5.12406730e-01
 -1.29312822e-01 -6.68440499e-01 -1.09731009e-02 -1.75481552e+00
  6.13294246e-02  1.48423742e+00  1.55152310e+00 -9.19430378e-01
  9.23059244e-01 -1.28983293e+00  5.24006728e-01 -2.35390782e-01
 -2.51256558e-01  1.00105529e+00  1.44207210e+00 -2.30205042e+00
 -2.02458854e+00  7.76550655e-01  8.69772912e-01 -3.10301826e-01
  2.13551446e+00 -2.01306569e+00  1.31391906e+00  3.75143167e-01
  1.04350722e+00  2.15856264e-01 -6.54874830e-02 -1.13507323e+00
 -1.58021966e+00  5.16951593e-01  1.61608821e-01 -6.62720114e-02