 1.12910858e+00  8.03988846e-01  9.56451294e-01  3.56379409e-01
  1.00666400e-01 -4.10379165e-01  1.18047594e+00 -7.57633141e-01
 -1.04108494e+00 -1.30194853e+00 -5.82250262e-01 -2.84170355e-01
 -9.20313482e-01  4.02389143e-01  5.85414388e-01  1.23002925e+00
 -1.90010924e-01  1.22367765e+00  3.90021846e-01  1.13660005e+00
 -2.77382420e-01  4.13518593e-01 -9.55884696e-01  1.38347495e-01
 -9.88443115e-01 -3.26168952e-01  1.72603297e+00 -4.86019708e-01
 -5.09779326e-01  9.25155171e-01  1.28935019e+00 -3.63298552e-01
  2.24597302e+00 -1.00072137e+00  3.51346817e-02  4.87729645e-01
 -3.60170241e-01  1.51904405e+00  9.72453318e-01 -1.11777812e+00
  5.66710178e-01 -7.66851826e-01  8.07318443e-01 -1.06311567e+00
 -3.68041050e-02 -5.05546397e-01 -3.13928607e-01 -7.80583961e-01
 -2.95347470e-01  8.49219343e-01 -2.36512621e-01 -6.00303988e-01
  6.77614043e-01  5.85857299e-01  1.16957921e+00 -1.81106604e+00
 -1.02697282e+00 -9.64770163e-02  1.30987958e+00  7.92968022e-01
 -1.11940778e-01 -9.70577347e-02  7.46025151e-01  6.82033097e-02
 -6.29640262e-01 -9.93538770e-01 -2.48587360e-01 -1.24992831e+00
  9.52869491e-01 -4.25320711e-01  2.69739879e-01  3.04157515e-01
 -3.32904538e-01  1.32117220e+00  5.36904804e-01  1.56793104e-01
 -1.12851990e+00  3.44422622e-01 -1.62423924e+00 -1.46232282e+00
 -1.07601735e+00 -1.47276244e+00  1.03983365e+00  7.95283121e-02
 -7.18322085e-01 -5.67339803e-01  2.70983378e-01  4.12117386e-01
 -1.77456920e+00 -5.70261617e-01  7.92174223e-01 -8.43689507e-02
 -3.44964996e-01 -4.91999996e-01 -1.14777199e+00  2.17692657e-01
  2.09902591e-01 -7.16846805e-01  1.11478980e+00  5.97971448e-01
 -5.60369947e-02  1.53577732e+00 -5.56764809e-01  5.58001136e-01
 -1.50541887e+00 -4.98647140e-01 -8.32524230e-01 -1.44889859e-01
  2.83431891e+00  2.50841547e-01  1.34754985e+00  1.96213178e-01
 -1.18385985e+00  1.53072053e+00 -7.52256865e-01  6.63624732e-01
  8.08251235e-01 -1.49359163e-01  1.57782633e+00 -9.35633718e-01
 -1.02538005e+00 -1.14780252e+00  1.44396279e+00  2.82761342e-01
  9.86532215e-01 -9.22160589e-01  6.60690357e-02 -1.97061020e-01
  1.27971300e+00 -2.81626609e-01 -6.93321840e-02 -4.71149289e-01
  1.23179844e+00  5.41244557e-01 -1.56875044e+00 -4.60521895e-01
 -1.32515863e+00 -1.29675837e+00 -5.78263817e-01 -1.52706565e+00
  3.84107458e-01 -6.15393143e-01 -4.84775279e-01 -9.60619119e-01
 -3.33785372e-01 -8.58895211e-01  2.27375999e-01 -5.33399274e-01
  1.59101778e+00  8.46607660e-01  2.07808485e-01 -9.96987475e-01
 -1.66362069e+00  5.60879930e-01  9.06461426e-02 -1.19351056e+00
  3.05637022e-01  1.01307855e+00  1.34537389e+00 -2.66989607e-01
 -8.83099615e-01 -1.46452207e-01 -9.48857307e-01  3.49654482e-01
  1.19179125e+00 -2.24687446e+00 -7.06602765e-01  3.13853902e-01
  1.56080300e+00  9.44826848e-02 -5.83265278e-01  1.27798061e+00
  2.23612365e-01  9.87476606e-01 -3.87224326e-02  2.21147253e-02
  5.71177735e-01 -8.54037812e-01  9.29863980e-01  1.14849988e+00
  1.52448588e+00 -1.30279844e-01  1.74804673e+00  3.62741481e-03
 -2.82554055e-01  5.28071135e-01  1.26785752e+00  2.12836650e-01
 -1.21508533e-02 -3.68281987e-01  6.08275798e-01 -6.92861049e-01
  1.54042079e+00 -7.05243552e-01 -8.61523801e-02 -1.23337421e+00
  2.55902379e-01 -9.37704691e-01 -4.24726670e-01  9.72645342e-01
 -3.72501898e-01 -1.95422503e-01 -1.06566075e+00 -9.75365720e-01
 -8.03722799e-01  2.58271171e+00 -1.51243808e-01 -1.50023719e+00
  3.29736909e-01  1.06815669e+00  9.25981674e-01  2.27344313e+00
 -4.41168804e-01  6.06185236e-01 -5.01592322e-02 -1.29218889e+00
  1.00435299e+00  2.13429020e-01 -2.01069751e-01 -1.45196843e+00
  1.74195813e+00  6.46218966e-01  1.48501378e+00 -1.40121698e+00
 -2.86173569e+00 -2.88960179e-01  5.95358635e-01 -4.11795678e-01
 -1.22395564e+00 -1.31462903e+00  1.18394941e+00  2.37341120e+00
  6.70949236e-01  3.31813830e-02  8.62640020e-03  1.16030180e+00
  8.30076341e-01  1.96771057e+00  1.36528203e+00 -1.21091693e+00
 -4.79009882e-01  6.04284479e-01  1.04071340e+00 -1.68392291e+00
 -2.94301912e-01 -3.83182668e-01  3.75204102e-01 -4.00349727e-01
 -6.95545493e-01  8.32254210e-01 -1.29679151e+00  8.37167875e-01
 -4.56974889e-01 -1.74007502e+00  3.49264913e-01  1.33970537e+00
  5.72563693e-01  2.01490830e-01 -3.30315454e-01 -5.23292949e-01
 -1.07594821e+00  1.91015284e-01 -2.50117178e-01 -8.13827650e-02
 -9.07195317e-01  2.37784407e-01  1.73318235e+00  2.46086671e+00
  4.52178652e-01  8.71672868e-02  9.65384603e-01  5.99223499e-01
 -1.50507021e+00 -3.35987396e-01  1.23909291e+00 -2.04070409e+00
 -1.26314684e-01  1.21927992e-01  1.71834338e+00 -7.25756270e-01
  7.27116908e-01  1.01370681e+00  1.35529649e+00  1.02804036e+00
 -1.36270534e+00 -2.17818709e-01  6.67402364e-01  9.65009684e-01
 -6.44147334e-01  1.62144399e-01 -1.84944489e-02 -4.93755735e-01
  1.76597536e+00  3.75676450e-01  1.05987059e-01  2.59948975e-01
  2.73234246e-01 -1.53908871e-01  1.19197018e+00  1.63516167e+00
  7.31565796e-01 -3.47766837e+00  3.20605423e-01  2.77694847e-01
 -9.24724227e-01  4.05105966e-01  1.34148522e+00  1.37180862e-02
  2.07217204e+00 -7.57990272e-01  1.15466063e+00  1.35827189e-01
 -5.11241428e-01 -4.96644894e-01  1.14662559e+00 -2.77529308e-01
 -1.73432659e+00  2.42410058e+00 -1.80028094e+00  1.54989824e+00
  5.73981837e-01 -8.66114883e-01  1.02622279e+00 -9.06182790e-01
 -9.38907846e-01  5.95872485e-01  5.88973455e-01  1.15869839e+00
  3.23623067e+00  1.54106730e+00 -2.68587815e-01  5.54446340e-01
 -9.35270421e-01 -1.89829684e-01 -5.63290772e-01 -8.02303700e-01
 -1.05051495e+00 -3.28807760e-01 -4.98495517e-01 -1.24564642e+00
  2.72107856e-01 -8.81594775e-01  8.13106721e-01  1.07938454e+00
 -7.23727943e-01  1.38458963e+00 -2.00011311e-02 -3.40114785e-02
 -1.25648849e-01 -2.82243668e-01  3.61019102e-01  4.31878857e-01
 -9.97412275e-01  5.65474828e-01 -5.08094848e-01 -5.06252610e-01
  1.11280120e+00  8.80966279e-01  1.32609203e-01  8.45093011e-01
  1.99233686e-02  7.69659016e-02  4.06645673e-02 -7.14985639e-01
  6.37711303e-01 -8.05799815e-01  1.81331768e+00 -1.09819975e+00
 -3.73799639e-01  4.05741112e-01  2.11493477e-01  1.40512548e+00
  1.60976047e+00 -1.93474604e+00 -2.10851741e+00 -2.84262708e-01
  1.58430396e-01 -3.75975933e-01 -1.72423825e+00 -1.48999876e+00
 -2.24585898e-01  7.32751159e-01 -5.20922183e-01 -9.25825196e-01
  1.99709647e+00 -2.37063975e-01 -6.06917064e-01  3.75388307e-01
 -8.32762465e-02 -3.56742751e-01  6.89346157e-01 -4.61214739e-01
  6.24549984e-01  5.51293762e-02  9.06627053e-01 -2.19297398e+00
  5.78349071e-01  3.54814222e-01  1.66969420e+00  9.75782482e-01
  4.95602172e-01 -2.24261676e+00 -1.10010230e+00 -1.31784970e+00
  3.31296565e-02 -3.81246741e-01  1.73035626e+00 -2.61430774e-03
  9.23099242e-01 -9.08518196e-01  1.02507960e+00  4.37333463e-02
 -2.42120667e-02  6.68031098e-01 -2.44049789e-01  6.34526641e-01
  3.70043876e-01  8.19169734e-01  2.41087874e+00 -1.08677684e+00
  1.47027878e+00  1.17769757e+00  4.23149238e-01  9.43694743e-01
 -7.66377911e-01 -2.47847177e-01 -2.07037913e+00  9.40081509e-01
  9.92092477e-02 -1.21349927e+00 -6.36941407e-01 -1.92368062e-01
 -1.17309367e-01 -4.08189707e-01 -1.40062942e+00 -3.31212598e-01
  3.68385754e-01  1.40802532e-01 -2.83781388e-03 -4.29232472e-01
  1.15976506e+00  1.77622529e-01 -3.36036686e-02 -9.12982157e-01
 -1.06055563e+00  7.91541567e-02 -6.25327304e-01 -1.05640879e+00
 -8.94800313e-01  1.71397611e+00  5.89802510e-01 -1.28152811e+00
 -1.63759493e+00  5.34925101e-01 -9.49455634e-02 -6.16956699e-01
  1.43754320e+00  1.33368960e+00  5.28915655e-01  6.20048383e-01
  8.55692226e-01  1.17465467e-01 -2.80118595e-01 -6.11318578e-02
 -2.15023961e-01 -1.41345416e+00 -7.62581515e-01 -2.12372500e-01
  1.34219778e-01 -3.43934889e-01  2.22419146e+00 -1.69100989e+00
 -9.10312909e-01 -1.49011347e+00  7.71963765e-01 -8.32673874e-01
 -1.62004631e+00  1.42605342e+00  3.67525616e-01 -5.89450395e-01
 -1.46275207e+00 -1.34925706e+00  4.21669624e-02 -4.90471346e-01
  1.16961955e+00  1.45829755e-03 -1.00294737e+00 -1.05135266e+00
  2.60325168e-01 -1.36007969e+00 -7.02600299e-01 -5.36608868e-01
 -4.01527397e-01  7.05359090e-01 -2.38366569e-01  1.14315501e+00
  1.60425139e+00  7.96164393e-01  2.06095466e-02  1.07870422e+00
 -1.44291219e+00 -1.32285429e+00 -9.69837547e-02 -6.62828297e-01
 -1.02199520e+00  6.88201582e-01  3.43895050e-01 -6.15176137e-01
 -8.71544814e-01  1.42504261e+00  6.40288508e-02  1.04602971e-01
  1.00984006e+00  5.38621207e-01  1.21843074e+00  2.01961465e+00
 -4.28639336e-01  1.47851042e+00  3.10850325e+00  4.71109670e-02
 -1.64359029e-01  1.18975865e+00  4.70245849e-01  1.44503858e+00
  4.28513780e-01  5.33910798e-02 -4.62322564e-01  6.63053330e-01
  8.54167276e-01 -6.30139314e-01  9.62577196e-01 -4.18415883e-01
  1.84828374e-01 -1.36539113e+00 -3.72044551e-02 -1.57413461e-01
  1.85623030e+00  2.30962876e+00  1.15459471e+00  5.70998443e-01
  3.48272630e-01 -1.13709141e+00  1.21791053e+00 -6.96990099e-02
  2.12891663e-01 -1.66717540e+00  1.15732774e+00  1.89361124e-01
  4.74578111e-01 -1.59016270e+00 -3.11115800e-01  1.35998447e-01
 -7.91836469e-02 -4.44339181e-01  3.95369481e-02  1.40145498e+00
 -8.54093474e-01 -5.94142228e-01  3.03368123e-01 -2.35788031e+00
  9.10246016e-01 -1.35980685e+00 -6.25905291e-01  1.51123491e+00
  9.04852122e-01  4.32608972e-01  1.17561140e+00 -4.43923824e-01
 -4.25383761e-01  2.90044164e-01  1.27067612e+00 -1.07266181e+00
  8.95041076e-01 -1.02867213e+00 -6.81955316e-01  3.47207032e-01
  1.59774857e+00 -7.62180518e-01 -3.13547296e-02 -2.18363494e+00
 -1.28406022e+00  1.24655447e-01 -5.29927021e-01  8.06029685e-01
  4.42605979e-01 -3.88519845e-01  1.34846568e+00 -2.79541560e-02
 -3.90442327e-01 -5.72589591e-01  3.02582865e-02  1.16552719e+00
  1.77849233e+00  2.76128820e-01  2.30379234e+00 -6.54123295e-01
  5.15266073e-02  3.98587695e-01  1.67454104e+00  6.99603991e-01
  3.18054623e-01 -3.57985563e-01  9.01220151e-02  1.37365247e+00
 -2.03137703e-01 -8.86818811e-01 -7.96323878e-01  1.50754006e-01
 -2.12096664e+00 -9.59566707e-01 -2.52151604e-01 -1.32805441e+00
 -8.65016059e-01 -5.06527854e-01  7.98462844e-01  1.37767545e+00
 -3.74495646e-01  1.07956748e+00 -1.96875539e-01 -1.69858416e+00
  5.23293248e-01 -1.05731912e-01 -7.15925284e-01 -2.35832093e-01
  1.22732831e+00 -3.42676880e-01 -1.25215837e+00 -2.01376540e+00
  6.46514209e-01  2.27702749e-02  1.74276024e-01  1.09041577e+00
  6.31181898e-01 -4.08091180e-01 -2.01393714e-01  7.02497344e-01
  4.92605564e-01  8.93766544e-01 -1.97507970e+00  8.38973987e-01
 -6.06957523e-01  2.70490293e-01  2.42148001e-01 -2.82141339e-01
  1.41107044e+00 -1.45816505e+00  7.43398063e-01  4.61455350e-01
  2.34326019e-01 -2.00514901e+00 -6.01592455e-01  9.02396848e-01
 -1.04458485e+00  3.76815562e-01 -4.37069632e-01 -4.87647411e-01
 -5.15218310e-01  1.02654843e-01  7.89689600e-01  1.30005085e+00
 -4.41694335e-01 -3.00378428e-01  1.21827008e-01  1.21381035e+00
 -3.58650046e-01 -9.79293738e-01 -1.57258058e+00  3.23331569e-01
  1.02339780e+00  1.04780312e+00  9.36922825e-01  4.67657105e-04
 -5.86491607e-01  2.23349097e+00  5.12814963e-01  1.78603496e-01
 -6.09389916e-02  5.77376202e-01 -1.04151088e+00 -8.19565088e-01
  5.83737477e-01  5.08497110e-01 -1.44488956e+00  6.76007815e-01
 -4.15950894e-01  8.35040291e-01 -5.81882614e-02 -1.36087094e+00
 -1.27174991e-01 -4.77935195e-01  1.62843392e-01 -8.63713834e-01
  1.07979868e+00  3.40874409e-02  2.94613650e+00 -3.02369252e-01
  7.01353201e-01  6.01089933e-01  6.95042564e-01  1.15003489e+00
 -9.10980020e-01  1.49565599e+00  1.41406996e+00 -3.41427027e-01
 -4.64672480e-01 -4.71036918e-01  6.05702706e-01 -9.14399246e-01
  2.06933536e+00 -4.54159610e-01  8.26953292e-01 -3.56832859e-01
 -1.21505565e+00  8.02503532e-01  1.34597018e+00  2.50930837e-01
  9.67099099e-01  1.12088781e+00  1.53471051e+00  2.76970832e-01
 -6.62725100e-02 -9.26121731e-01 -8.00714352e-01 -9.01373829e-01
  4.68022323e-01 -1.64126724e+00 -1.49128159e-01  1.52266162e+00
  8.28562586e-01  1.92398903e+00  4.05650495e-01  9.80878848e-01
 -4.30998713e-01  2.68471941e-02  9.39719147e-01  1.16331304e+00
  1.16690290e+00 -7.79905555e-01 -2.21425894e-01 -1.23524857e-01
  5.89390957e-01 -2.80609300e-01  1.64715640e+00  2.80268341e-01
  2.75873311e-01 -9.84836983e-01  5.95138523e-01  8.68111070e-01
 -6.50518588e-01  1.00003662e+00 -8.27465668e-01 -8.18599186e-01
 -3.28697786e-01  1.53921148e-01  7.93093653e-01 -3.04309472e-01
  2.37757581e+00  3.82154921e-01 -1.40317507e+00 -9.84115163e-01
  8.34200583e-02  1.21875697e+00 -3.06997035e-01 -1.50881057e-01
  1.06988627e+00 -1.75092946e+00 -7.13837587e-01 -3.54763879e-01
 -3.94229248e-01  9.53329960e-02 -6.80234232e-01  1.36665579e+00
  1.90350019e+00  9.70399427e-01  3.14560475e-01 -1.12014916e-01
 -1.19687015e+00 -1.51232113e-01 -2.71292280e-01  3.82249230e-01
  5.65664845e-01  2.15194033e+00 -7.07827934e-02 -1.11962412e+00
  1.37857952e+00  7.99047933e-01 -7.48137993e-01  1.74541646e-01
  3.48374068e-01 -7.08930641e-01 -1.63492205e-01  1.10607459e+00
  2.81152717e-01 -3.78476118e-01 -4.46259294e-01 -4.08400990e-02
  3.77561194e-01  9.53602048e-01 -3.09290579e-01  5.26254539e-01
  5.35215715e-01 -6.34971094e-01  1.00610052e+00 -8.67718165e-02
 -5.18617778e-01  1.91968883e-01 -1.05075878e-01 -1.64564803e+00
  1.19401169e+00  7.44773077e-02  5.61229179e-01 -4.35209315e-01
 -7.32221373e-01  1.16325827e+00 -2.39332544e-02  7.88064382e-01
  3.71747945e-01 -1.32426138e+00 -1.09247611e-01  1.79127515e+00
 -6.53985761e-01  6.25036083e-01  7.24329696e-01 -4.15777100e-01
  3.60283981e-01  5.31263281e-02  1.87490697e+00  4.21860460e-01
  1.20159607e+00  2.85076318e-01  5.97013869e-01 -1.93157970e+00
 -1.50291803e+00  1.50131273e+00 -1.87704987e+00 -1.17828434e+00
 -1.53868942e+00 -4.58207283e-01  7.16027867e-01 -3.20901459e-01
  8.82368757e-01  1.54457575e+00 -8.11558298e-01  3.15297170e-01
  9.88500624e-01 -6.39322038e-01  8.94011544e-01 -8.28467630e-01
  1.43104395e+00  1.13243964e+00 -1.34124358e+00 -1.41229588e+00
  1.01062541e+00 -1.06051861e+00 -9.57894506e-02 -3.77113677e-01
 -3.93431358e-01  1.25024559e+00 -6.07062151e-01 -1.27458796e+00
  1.57996903e+00  1.61416636e-01 -1.90030466e+00 -3.87576534e-01
 -1.91983422e+00  1.50677782e-01 -1.45391304e-01  7.72882552e-01
  1.13229689e+00 -1.26607298e+00  5.76833525e-01  1.56081609e+00
 -4.12991293e-01 -5.30782874e-01 -8.39523260e-01 -1.05942938e+00
 -3.87103824e+00  7.58126942e-01 -4.61620662e-01 -6.65081101e-01
  1.69923789e+00 -4.34579023e-03 -9.28541707e-01  4.89916325e-01
 -5.63460384e-01 -3.04924339e-01 -7.27304604e-01  3.35268190e-01
 -2.33527489e-01  1.07060917e+00  9.01705236e-02  9.70634512e-02
 -1.60785401e+00  4.90296931e-01 -9.13531981e-01  1.89649527e+00
  2.18855614e+00 -1.94726432e-01 -2.82425188e+00 -5.17579551e-01
 -1.51092959e+00 -1.43646928e+00 -1.99005533e+00  1.76600864e+00
 -1.05744109e+00  1.17710951e+00  6.11640741e-01 -1.65246669e+00
  1.36145572e+00  1.71137102e+00  2.14265822e+00  5.69543526e-01
 -1.12303469e+00  3.11207010e-01  4.20232551e-02  1.70938442e-01
  1.41873269e+00  1.52032451e-01  2.61260476e-01  1.35685941e+00
 -2.10050377e-01 -1.67688858e+00 -1.37601142e+00 -1.47035468e-01
  9.44370005e-01 -4.50519978e-01 -1.10067669e+00  1.24586791e-01
 -1.41218587e+00 -5.61439075e-01  4.47890573e-01 -8.81956169e-01
  1.45549332e-01 -1.30250870e+00  6.87967918e-03  9.73858866e-01
 -5.73327942e-01  1.61778140e-01  1.59476110e-01 -8.11942377e-01
 -1.72973845e+00  1.72133224e-01 -7.49699205e-01  2.62767691e-02
  3.85978838e-01 -1.22213038e+00 -1.80500741e-01  1.01433562e-01
 -1.38853343e+00  1.24553679e+00 -1.35469510e-01  7.15806463e-01
  1.03197101e+00  1.00614120e+00 -9.63240753e-01  5.33302414e-01
  3.45677149e-01  4.45692094e-01 -8.41080113e-01  1.40735444e-01
 -8.35962929e-01 -2.70723342e-01  4.56278896e-01  7.27260314e-01
 -7.44020193e-01 -6.40835785e-01 -3.14057734e-01 -1.58442096e-01
  7.48175560e-01  3.58306460e-01  7.75166881e-01  1.47261232e+00
  1.88310582e+00 -3.40625931e-01 -1.04384117e+00 -2.10997850e-01
 -1.06399691e+00 -7.98544835e-01  1.76008543e+00 -9.99730576e-01
 -1.65332118e-01 -6.66177338e-01  7.62779550e-01  1.53383723e+00
  3.03966105e-01  1.61755107e+00 -2.33811578e+00 -5.85762264e-01
  1.47987394e+00  7.50310979e-01  1.29906094e+00  5.16738743e-01
  1.24906308e+00  6.43204172e-01  5.95151296e-01 -1.61274966e-01
 -5.47767822e-01 -6.96598414e-01  5.68655588e-01 -4.76935207e-01