-8.58637587e-01  4.40382534e-01 -8.42776936e-01 -1.01057114e+00
  1.28339464e+00  2.28466358e-01 -8.51838185e-03 -1.61922432e+00
 -6.21461414e-01 -1.04901339e+00 -1.19085501e+00 -4.06895626e-01
  1.77922992e+00  1.96292468e+00  7.52256451e-01 -1.59456575e+00
 -1.23535128e+00 -6.90681617e-01 -5.16748448e-01  4.29334556e-02
 -1.65445944e+00 -3.71027379e-01  5.52831492e-01  7.92338394e-01
  9.71837924e-01 -1.83818613e+00  2.74826182e+00 -7.70193853e-01
 -8.07985571e-02  9.85189271e-01  1.05271053e+00  1.15109731e+00
  4.81802796e-01 -1.46088925e-01  4.62762262e-01 -9.48830751e-01
  6.63101411e-01 -1.41047308e-01  1.09606256e-01  7.25302978e-01
  2.45065919e+00 -4.70183985e-02 -9.28111933e-01  1.07359986e+00
  6.21337265e-01 -5.90999057e-01 -2.66256765e-01 -6.79871911e-01
  4.48501730e-01  2.59880175e-01  6.94434620e-01  3.51874827e-01
  8.05507698e-01 -2.50865484e-01 -1.37545902e+00 -3.98766360e-01
  1.29575343e-01 -3.33587533e-01 -4.23456573e-02 -4.26201127e-01
  6.40240554e-01 -5.85052076e-01  2.67179308e-01 -9.14208237e-01
 -5.95108101e-01  3.25469911e-01 -3.37976212e-01  6.38214938e-01
  8.96075689e-01  8.05697217e-02 -4.52351925e-01 -3.39480826e-01
  7.74557871e-01  3.28752314e-01  1.15466402e-01 -3.61793554e-01
  7.25386789e-01  2.74694833e-01 -2.14779405e-01 -2.13256840e+00
  5.02823130e-02 -6.33389779e-01  2.51840116e-01 -1.28854648e+00
 -1.36782352e-01  5.69729161e-01 -6.92348164e-01  4.86869280e-01
 -2.83642104e-01 -1.38197306e+00  8.29870979e-01 -2.14704122e-01
 -3.33060852e-01 -5.52994118e-01 -1.83253435e+00  3.88517074e-01
  1.65619029e+00  8.21087342e-01  2.06798259e-01 -3.00126288e+00
  2.60151312e-02  8.78941011e-02 -5.96345579e-01 -7.74135636e-01
 -1.37950758e-01 -3.71895445e-02 -1.30998438e-01 -3.51328067e-01
  7.46207689e-01 -1.11291725e+00 -1.13566523e+00 -1.30083247e+00
 -3.19024964e-02  9.71421861e-01 -6.71610989e-01  6.88915659e-01
 -1.30068991e+00  6.42229082e-01 -6.61078031e-01 -1.13712170e+00
 -1.12263609e+00  1.23390389e+00  2.12962428e+00 -2.35126554e+00
  2.56037876e-01  1.97923075e+00 -1.94019014e+00  6.11282819e-01
  1.03143843e+00 -6.47903060e-01  2.46314592e+00 -7.44261219e-01
  6.59522556e-02  1.01151187e+00 -2.20454032e+00 -7.49587941e-01
 -1.22728146e+00 -4.22300740e-01 -7.07051804e-01  9.58200212e-01
 -2.06647012e-01  1.62255150e+00  1.15139258e-01  1.19331469e+00
 -3.76010927e-01  2.12369163e+00  1.47752356e+00  1.65674680e+00
 -2.17944639e+00  2.89968544e-01  6.60129951e-01 -5.61789939e-02
 -9.02222849e-01 -2.25734126e+00  1.77858819e+00  2.90082857e-01
  8.51493078e-01 -2.29552805e-01  1.84421444e+00 -1.13544026e+00
  1.29946142e+00 -1.16392515e+00 -1.05190889e+00 -3.96215234e-01
  1.51203883e-01 -3.01471186e-02 -4.86608868e-01  3.12783487e-01
  1.38079170e+00  1.21031957e+00  9.04210901e-01  1.28397325e+00
 -9.49011320e-01 -2.43443398e-01  2.32938318e+00  5.80150893e-02
 -8.97842982e-01  8.03170839e-01 -8.17960671e-01  1.20840153e+00
 -1.18563851e+00 -1.48161260e+00  1.90439588e+00  6.61079223e-02
  1.53937473e+00 -3.70598804e-01  7.98677405e-01 -1.61692045e+00
  2.65413630e+00  8.51191045e-02 -6.57157310e-02  7.34189814e-01
 -1.03416550e+00  7.29840059e-01  3.92882161e-01 -4.04556896e-01
  1.86397393e+00 -8.27961572e-01 -1.68169216e+00 -8.50929744e-01
  4.26838967e-01 -9.58644533e-01  9.70146449e-01 -8.09758637e-01
 -3.16752700e-01 -5.80715001e-01  3.15164614e-01  4.00585883e-01
  1.51694260e+00  2.04945726e-01 -2.24188593e-01 -9.06760443e-01
 -1.57615649e-02 -3.30853742e-01  3.26373316e-01  1.45934859e+00
  1.19362196e+00 -1.32830940e-01 -1.72318098e+00 -1.83092968e+00
  1.30003828e-01 -3.01937759e-01  7.72351909e-01  5.08651822e-01
  4.54756897e-01  1.21281805e+00  5.69742617e-01  4.34001802e-01
  3.09927864e-02  1.46194093e-01  7.16343201e-01  1.17398063e+00
  1.58535736e-01 -7.49328066e-01  1.66934617e-01  2.78736087e+00
  3.39979388e-01  6.60600759e-02 -2.26884473e+00 -4.31045327e-01
  9.38276849e-01  5.78234223e-01  5.93483923e-01  1.85852140e-01
 -8.55610844e-01  5.50562818e-01  1.11967990e+00  7.21429215e-01
 -7.88010187e-01 -1.66692954e+00  4.98804495e-01  1.59589344e+00
 -3.04075450e-02 -5.50923726e-01  1.70569070e+00  1.83164245e-01
  8.89893885e-02  1.00781931e-01  1.31064527e-01 -1.12814619e+00
  1.20263167e+00 -6.94050115e-01  1.38462289e+00 -5.66106685e-01
 -2.94147003e-02  1.40377313e-01  1.34450583e+00  5.21939840e-02
  4.20022238e-01 -1.91440737e+00 -9.53087875e-01  2.30003416e-02
 -1.49409292e-01 -1.16310976e+00 -9.43686816e-01  1.57713651e+00
 -2.39980958e-01 -4.00083853e-01 -2.97603070e-01 -5.91256334e-01
 -4.76435138e-01  3.11159926e-01  7.38151432e-01 -1.21842740e+00
 -3.49800382e-01  2.49276800e-01 -4.24695710e-02  1.57954689e+00
  7.21714855e-01 -1.29888043e+00 -3.53855626e-01  8.55679658e-02
 -2.21967752e-01  1.85497965e+00  5.01985194e-01  9.29998309e-01
  9.32566893e-01  8.52859284e-01  8.26787251e-01  1.22473357e+00
 -7.13031420e-03 -7.66141716e-01 -1.69438949e-01  1.13692288e+00
 -4.73338725e-01  1.43921109e+00  1.17703790e+00 -5.56516770e-01
  8.96632814e-01 -9.62436024e-01 -1.57051952e+00  3.54794651e-01
 -8.40586301e-01  1.86196790e+00  6.61891116e-01 -4.64338948e-01
  2.16120486e-02 -1.14731524e+00  8.27533794e-01 -6.49239202e-01
  9.97067199e-01  8.00111006e-01  1.16942111e-01 -4.36276757e-02
 -1.88524482e+00 -1.40340179e+00  4.66412689e-01 -1.16884146e+00
 -2.41615497e+00  1.30231332e-01  3.13588624e-01  2.24743315e-01
  2.84323538e-02  1.71409232e-01  8.20058753e-01  2.86498669e-01
 -4.24119437e-01  1.77786644e+00 -5.89194728e-01 -2.10687324e-01
 -1.42427632e+00 -2.61591944e-01  5.15978974e-02 -5.31003389e-01
 -9.90064821e-01 -3.25605490e-01 -1.85142569e+00  5.38082552e-01
 -1.18048157e+00  1.04741398e+00  1.55520597e+00  2.49350229e-01
 -1.44638104e+00  8.38137028e-01  9.14604450e-01 -2.20372692e+00
 -6.61484900e-01 -1.17405302e+00  3.87053564e-01  1.07830096e+00
  1.37930129e+00  2.97673946e+00 -1.65939323e+00  7.86915838e-01
  5.61474357e-03 -1.50586787e+00  8.91590482e-02 -1.28916213e+00
  2.10101631e-01 -5.46533600e-01  2.73108371e-01 -1.19533439e+00
  6.21101761e-01  4.57974917e-01  1.84334467e+00  9.57204772e-01
  1.54815782e+00 -1.46294299e+00 -6.31751914e-01 -1.47572032e+00
 -1.34106854e+00  9.99046213e-01  1.04736909e+00 -1.88793622e+00
  2.05271057e+00 -4.60746865e-02 -1.73589736e+00 -2.61460835e-01
  9.92873853e-01 -4.16674569e-01  8.80598086e-01  1.43945553e-01
  3.46539647e-02  2.41738257e-02 -1.03231647e+00 -7.35991752e-01
  9.33230352e-02  1.02716539e+00 -1.48759834e+00 -5.50591533e-01
 -9.10075589e-02  8.38094622e-01 -1.80377685e+00 -5.02199422e-01
  1.85889572e+00  6.11757457e-01 -7.89147168e-02  1.43330676e+00
  6.08881314e-02 -6.72379180e-01  2.68573622e-01 -3.21914872e-01
 -3.53833534e-01 -1.74092119e+00  2.35682952e-01  2.42472745e+00
 -1.12709451e+00 -1.94366206e+00  8.35946961e-01 -1.47926115e+00
  9.91031942e-01 -5.17587459e-01  9.53935863e-01  1.20578449e+00
 -4.14134908e-01  1.91087325e-01  9.45806999e-01  8.50070055e-02
  8.72601705e-01 -3.30428039e-02 -2.47229535e+00 -1.24552461e+00
 -2.28514300e+00  9.36552360e-03  1.78396084e+00  1.43956344e+00
  1.65035203e+00 -3.64979157e-01  1.35072818e-01 -7.38909878e-02
  4.24809510e-01  1.28106767e+00  1.02049649e+00 -4.18184904e-01
  1.37108180e+00 -6.18712037e-01 -1.00111914e+00  4.79188305e-01
 -3.72342621e-01 -1.29048036e+00 -6.85741208e-01  9.89447581e-01
  6.91680284e-01 -1.20715219e-01 -7.05535260e-01 -5.39825378e-01
 -1.16106679e+00  1.98981887e+00  7.80238122e-01  6.48262660e-01
  9.20320762e-01  1.60729778e-01 -1.61378631e+00  6.35498134e-01
 -1.08741267e-01  1.17983956e+00 -1.33774748e+00 -1.01807619e+00
  5.35775775e-01 -1.38386198e+00 -3.55669148e-01  1.16434680e+00
  7.02250366e-01  1.04551069e+00  4.23235334e-01  1.36486498e+00
 -3.32735180e-01 -1.83615280e+00 -1.33032823e+00  1.63118171e+00
  7.94907604e-02  1.22474396e+00 -1.30347476e+00 -1.30072632e+00
  8.88601791e-01 -1.06519306e+00  5.59440050e-01 -2.12243496e+00
  1.24678257e-01  1.09926749e+00  9.23673027e-02 -1.30689524e-01
  1.25315509e+00 -1.02323667e-01  7.20852138e-02  1.37804765e+00
  1.89599594e+00 -1.89167425e-01  2.64470483e-01  7.73920249e-01
  9.78500877e-02 -4.06087808e-01 -1.50629188e-01  9.63279624e-01
 -7.09469118e-01 -7.38154351e-01 -3.70553469e-01  1.49507783e+00
 -1.57472074e+00 -7.03955607e-02 -7.90716165e-01  5.37264648e-01
  4.58188288e-01 -3.54461082e-01  1.24568504e-01 -2.85681579e-01
  6.60938759e-01 -7.57263064e-01 -5.58259209e-01 -8.69509277e-01
  1.15142703e+00  1.52320737e-01  2.06355156e+00  1.72344170e-01
 -2.27077830e+00  2.65817373e-01  5.08301809e-01 -4.63807740e-01
 -8.37284845e-01  5.09364461e-01  9.31524149e-01  5.27363155e-01
 -2.83261999e-02  3.30200778e-01  1.97619086e-01 -3.57579604e-01
  1.02579094e+00 -3.94981031e-01  4.64079403e-01  4.00968891e-01
 -5.91195476e-01 -6.42845893e-01  5.78756609e-01 -9.14379070e-01
 -2.26429280e-01  6.14552516e-02  1.71826941e-01  5.99264077e-01
 -3.99062296e-01 -1.00414414e+00  1.58956407e+00 -7.28924771e-01
 -7.91234941e-01  3.55157629e-02  8.47657039e-02  2.16099608e+00
  4.52154941e-01 -5.73039402e-01  1.00621173e+00  3.22588555e-01
  3.11808720e-01  2.01857240e+00  1.22016352e+00  1.69938948e+00
 -1.53178365e-01  4.02155168e-01  3.59058268e-01 -5.22023867e-01
 -3.38438644e-01 -7.91467400e-01 -6.59230871e-01  6.03026091e-01
  5.82202460e-01  3.03401422e-01 -2.01735130e-01  2.96821026e-01
  2.74936995e-01 -8.21558493e-01  3.08599293e-01  2.30375514e+00
  1.24700637e+00 -5.61141245e-01 -1.76376397e+00 -2.84876133e-02
  1.23321109e+00  7.29126498e-01 -1.97383619e+00  8.43208809e-01
  1.15365233e-01 -2.02076421e-01  6.11660004e-01 -1.73959054e+00
 -5.98415678e-01 -4.56185426e-01 -1.51166066e+00  5.69056464e-01
  8.04625207e-01 -2.33035836e-01  1.54211278e-01  1.07316690e+00
  2.67076575e-01 -2.80876720e-01 -2.00526762e+00  2.09434898e-01
  1.01933532e+00  1.08366741e-03 -6.50238790e-01 -8.97628488e-01
 -1.15622541e+00  5.50723021e-01 -9.76808571e-02  1.44570835e+00
 -9.86562724e-01  1.11954206e+00  3.16829188e-01 -4.56780348e-01
 -4.30854182e-01 -6.52764287e-01  1.89004103e-01 -5.58299332e-01
 -1.37233463e+00 -8.38231810e-01  1.59986398e+00  1.77289843e+00
  9.00107446e-01  1.06461878e-01 -8.97841584e-01 -2.12503881e+00
 -1.42202818e+00  7.61814791e-01  3.91894321e-01  3.48043258e-01
  1.21599592e+00 -1.35381774e+00 -1.20353531e+00  5.59273511e-01
 -4.89124376e-01  7.86338945e-01 -1.18467824e+00  7.96971906e-01
  2.99767212e-01  1.11359383e+00 -2.03116856e+00  5.92724545e-02
 -1.62300238e+00 -1.02046568e+00  7.13492649e-01 -5.80113522e-01
  9.25576693e-01  6.09902775e-01 -1.80521232e-01  1.45315124e+00
  4.16276323e-01  7.07951284e-01 -6.07763114e-01 -5.37156811e-01
  1.95087074e-01 -1.44759130e+00  4.37519422e-01  4.91657073e-01
  6.13756201e-01 -1.83999612e+00  1.85480678e-01 -7.04332534e-01
  7.95947341e-01 -6.27738147e-01  1.01074386e-01  9.55029063e-01
 -3.33739576e-01  3.38823138e-01 -1.06762869e+00 -9.70623364e-02
  5.60825175e-02 -1.44418273e-01 -1.39559078e+00  1.11454571e+00
  9.08295642e-01 -8.45699181e-01 -6.76051754e-01  8.95693520e-01
  1.20411233e+00  3.88874137e-01  6.56737444e-01  2.06296303e-01
 -4.95413769e-01 -6.02647404e-01  6.69180054e-02  8.71142738e-01
  4.38044060e-01 -1.08016492e+00 -1.00927033e+00 -5.06443457e-01
 -5.98494788e-01  1.29702624e+00 -1.59713096e+00 -1.11471868e+00
 -6.23034094e-01 -9.67327799e-01  1.02631658e+00 -3.30532773e-01
  4.15203962e-01 -1.22394993e+00 -3.11227731e-01 -1.08405640e+00
 -5.81302637e-01  1.51830754e+00  1.88570427e+00 -1.42981700e-01
  1.47060319e+00  3.35613866e-01  1.43157760e-01  2.46005479e+00
 -3.14003716e-01 -6.63790253e-01 -5.28747121e-01 -1.61710639e+00
  2.68371547e+00  6.57353522e-01  1.33820246e+00 -1.70910907e-03
  5.19141262e-01  6.70332877e-02  4.10981789e-01 -9.89668348e-02
 -1.06544961e+00 -3.39306022e-01  3.99952846e-01  1.45974407e+00
 -7.21647963e-02 -1.19237159e+00  1.52260844e+00 -6.66334734e-02
  1.07818063e+00 -1.75026119e-02 -6.05601467e-01 -1.14331247e+00
  3.66521942e-01 -4.40699280e-01  6.20150380e-01  2.34553866e-01
 -4.72574099e-01 -7.07464341e-01 -7.83808677e-01 -1.04797754e+00
  3.66673561e-01 -1.64099248e-01  1.27446449e+00  6.33466775e-01
  4.53193590e-01 -3.31013564e-01 -5.69703819e-01 -4.02185130e-01
  1.33926182e+00 -7.30218218e-02  3.18737034e-01 -8.09846028e-01
  4.69365290e-01  1.76183857e+00  6.16770991e-01 -5.16543935e-01
  2.73366260e+00 -7.25940644e-01  1.62595634e-02  6.52262091e-01
  4.98523253e-01  7.64237817e-01  1.71485545e+00  1.00427888e+00
 -4.99441862e-01  9.11212045e-01 -2.26522933e-01 -1.47120518e+00
 -1.34129719e-02  1.17067215e+00 -9.03300956e-01 -6.41294839e-02
  5.36918458e-01 -1.86311641e+00 -1.09099738e+00 -8.25768422e-01
  2.21004942e+00 -5.09035451e-01 -7.99695264e-01 -7.78853992e-01
 -9.53832793e-01  3.55730233e-01 -1.56354845e+00 -1.60409153e+00
 -5.54128288e-01 -1.24773496e-01  1.17466201e+00  5.36814400e-01
  1.23750242e+00 -1.10544574e-01  1.82683093e-01 -1.62489370e-01
  4.27563269e-01  7.50578189e-02 -1.31159100e+00 -3.01851862e-01
 -1.14784738e+00  2.35982341e-01 -6.86563590e-01  4.60590727e-01
  1.04713593e+00 -9.82228282e-01 -2.19112693e-01 -7.90831115e-01
  9.08304337e-01 -1.17882396e+00 -8.41700236e-01 -1.13308158e-01
  1.45834862e+00  7.14629704e-01  5.91161562e-01 -4.74643790e-02
 -4.04628037e-01  6.78025576e-01  5.64201069e-01 -9.77127028e-01
 -1.82126450e+00 -8.59062147e-01 -1.95191772e-01  7.83762119e-01
  1.74859381e-02 -2.35665326e-01  1.09200483e+00 -1.89074849e+00
  2.10922588e-01 -1.40480244e+00  3.18205982e-01 -3.03427857e-01
  3.61933905e-01  1.31299728e+00 -3.04151061e-01  1.31279260e+00
 -4.87410503e-01  2.23804556e+00 -4.81735434e-01 -1.53339839e+00
  2.91047621e-01  2.95919445e-01 -3.37503664e-01  1.54482015e+00
 -1.23817299e+00 -1.00623972e+00 -2.06982863e-01  1.43171409e+00
 -1.23528995e+00  9.91679804e-01 -6.98114541e-01  8.88555589e-01
 -5.35931779e-01  1.78398050e-01  1.42066356e+00 -9.48485825e-01
  6.95732895e-01  6.62137954e-01  5.76706405e-01  1.26948219e+00
 -3.79329801e-01  1.11145352e+00  4.30702170e-01 -5.03848175e-01
  1.06646120e+00  3.33508188e-02 -2.14236603e+00 -5.36716945e-01
  7.26150784e-01 -2.38585189e-01  1.15144046e+00 -4.92756114e-01
 -1.84996683e-01 -1.00094679e-01  1.21509219e+00 -1.42443224e+00
  9.83114448e-01 -8.91314006e-01 -1.36247542e-01 -1.71825865e+00
  5.41765620e-01  2.87473800e-01  1.51881586e+00  3.31715105e-01
  1.02056229e-01 -9.11149252e-01  1.41153595e-01  1.33178947e+00
  1.73621233e+00 -9.36263964e-02 -1.05707310e+00 -4.34967760e-01
  9.59780046e-01 -1.60860352e+00 -8.79935421e-01 -1.59700557e+00
 -4.69657061e-01 -3.26789582e-01  6.27479499e-01  6.58204523e-01
 -6.35351071e-01  8.16975040e-01  8.98191956e-01  2.70368223e-01
 -1.43161034e-02 -1.73722354e+00 -1.22693471e+00  5.32587400e-01
  7.52341908e-01 -1.11420452e+00  8.11861223e-02 -2.67442782e-01
  3.02393042e-01  2.66753337e-01 -2.67789007e-01 -2.65631055e-01
  2.10676088e-01  4.46654939e-01 -4.03919880e-01 -4.62804884e-01
 -1.46369715e+00 -3.61683226e-01  5.91511534e-01 -8.24961388e-01
  4.25081363e-01 -1.01515129e+00 -6.98426765e-01 -3.07528282e+00
 -4.19290503e-01 -4.91583203e-01 -2.59408637e-01  2.12304398e-02
  8.68824480e-01  2.58536204e-01  1.54814815e+00  2.17092524e+00
  9.11089008e-01  5.72545272e-01 -6.60073456e-01  3.79173522e-02
 -1.12433761e+00 -6.13614872e-01 -3.62534829e-01  1.23801147e+00
 -3.39337473e-01  9.21527206e-01  2.98747953e+00  4.57347247e-01
  2.76303895e-02 -2.03966003e+00 -5.85107498e-02 -1.93912427e+00
 -1.71728552e+00 -2.75440121e-01 -3.95075162e-01  5.19560225e-01
  1.17690838e+00 -5.66401258e-01  1.36823139e+00 -9.93244097e-01
  2.94161018e-01  7.76230123e-01 -7.14755981e-03  8.66995168e-01
  1.07711112e-01 -9.65426217e-01 -5.50213323e-01 -5.03151936e-01
  3.14228393e-02 -8.76763089e-02  3.46744766e-02 -6.18969465e-01
 -1.58537248e+00  2.60631444e-02 -7.13715366e-01 -2.18157068e-01
  1.41541636e+00  9.34189509e-01  5.61395409e-01  8.84250638e-01
 -3.01054270e-01 -2.41357718e-02  1.71044293e+00  1.68263574e+00
  1.46555054e-02  5.13520021e-01 -4.41510694e-01 -1.08023793e+00
 -3.46745240e-01 -1.05668809e+00 -2.76476800e-02 -4.23797924e-01
 -1.08738549e+00  1.15402763e+00  7.74887638e-01  1.77731401e-01
  1.28069447e-01 -6.59578938e-01 -8.11328305e-01  5.10180766e-01