-0.162407    0.98391655 -0.02549523  1.62362638 -1.75207094 -0.50105154
  0.30353964  2.02287446  0.23611832  0.28571568  0.07988478  0.05965616
 -0.80703496  0.12651961 -1.25544092 -0.73673901 -0.65675942  0.62311602
 -1.89696471 -0.87803051 -0.47048341  0.18900992  0.69351225  0.17568628
 -0.62796983 -0.1955767  -0.28276872 -0.54718954  1.21683205  0.38019939
 -1.23826105  0.90010526  0.07074137  0.16916774  1.16128989  1.20665057
 -1.24962368 -0.10568158 -3.89606313  1.52787269  0.50992914 -2.60056592
 -0.80178735 -0.35745843 -0.58393278  0.46726937 -1.46360744  0.45817539
  2.44684481 -1.59072161  1.48065941  0.96078862  0.16111656 -0.8997476
 -0.05633339 -0.30622878  0.26565286  1.64068776  0.46179836  0.22231226
  0.44521088 -0.34365348  0.07675521  1.05272278 -0.58670734 -0.13338458
 -0.33440337 -1.39717769  1.06514994  1.67899503  0.3015821   1.29273437
 -0.01332946 -0.75522211 -0.34290959  2.36741193  0.56738955 -0.05162859
  1.65095919 -0.68492325  0.84835103 -0.30857706 -0.95492435  1.75083076
  0.60113723  0.5228713  -0.2724783   0.55472839 -1.30586132 -0.39842261
 -0.50304563  0.16050756 -1.87055964 -0.46455477  1.38792175  1.13151068
  0.20892634  1.19934971 -0.23701285  1.00626245 -0.07052478  1.02584295
 -1.26354941  1.43752574 -1.00264522 -0.57598245  0.52224822  1.02164496
  0.70596682 -0.40240552 -0.90234669 -0.65689439  0.74942384 -1.9085773
  1.38368875 -0.21531007 -0.92329839  1.47261085 -0.73752759 -0.83662048
 -0.03884202  0.93181869 -0.03149737  0.42430148 -1.40171877  0.27359335
 -0.31661475  0.29516903 -0.79826469 -0.40178749 -1.12525073 -0.57388507
 -1.43138065 -1.2410321   0.1115179   0.11497872  1.06170761  0.33806191
 -0.63114567  0.09930044  0.04175427  0.96665879  1.00394841  0.46226029
 -0.62405104 -0.60672    -0.89031473 -0.21967407  1.44586344  0.79931385
 -0.55583527 -0.24303308  0.36830544 -0.4789419   0.64064064 -0.49132669
 -1.66105823 -0.51647152  1.00269276 -0.07309538 -1.18045766 -0.25593248
  1.67441899 -1.75192884  0.9691291  -0.56223333 -0.64014834  0.26005152
 -0.23495793 -0.7184636   0.78067948  0.17908943 -3.27574041  0.24171877
  0.28655562  0.3248634   0.24105123  0.01501896  0.133993   -0.76348467
 -1.02049203  0.07372146 -0.93383505 -0.08431196 -0.26622122 -0.17978245
  2.57386103 -0.33471251  0.76905548 -1.57984344  1.37915814 -0.38265881
 -0.74752898 -1.57289862  0.97769057 -0.27165544 -0.22629344  1.2421202
  0.14480867  0.322502   -1.77694882 -0.08557822 -1.49229017  1.15256807
  0.52823672  0.81860414  0.26843108 -0.40977064  0.16555267  0.47570166
 -0.53510723  0.01694892  0.87845255  0.21630455 -0.49500791  1.30327593
 -2.07160893 -1.86818263  1.34990881  0.77321318 -0.77156781  0.69499847
 -0.90893625 -0.66790226 -0.53029231 -2.26816072 -0.99153181 -0.50211755
  0.4250621  -1.42909611  0.11301162 -0.46366567  1.49732742 -0.41373679
  1.64946144 -0.23619394 -0.04074149 -0.6486525   0.61575257 -0.49665414
 -0.77722481 -1.05802695  0.18591951 -0.35168026  0.71425553  1.419133
 -1.91288798 -0.55794863  1.695744   -0.04892044  0.53759297 -1.49993204
  0.74810561  0.16640603  0.08181911 -0.53983054 -0.12795203 -0.02571034
  0.70284776  1.65902476 -1.29146262 -1.28637648  0.79809078  0.45009174
 -0.85607075  1.9584872   1.27708657 -0.87193052 -1.01591652 -0.30380253
 -0.23224062 -1.96922444  0.64050105 -0.22648161  1.01394225  0.75187793
 -0.5007833   0.53327169  0.62054465  0.46610277 -0.62766146 -1.20016601
  1.58139232  0.4869397  -0.20484751  0.78457665  0.28929352  0.65868283
 -0.17448351 -0.18134242  1.0376373  -0.20302308  0.57484196 -0.26632201
  1.19077192  0.33758105 -0.78591898  0.04940572 -0.23065018  0.11622873
 -0.77425617  1.45330911  0.80604204 -0.3425673  -0.29555647  0.40630963
 -0.40934765 -1.40977415 -1.03567708  0.34497494  1.26413526 -0.25559362
 -1.07519175  0.84008613  0.29563722 -1.05105963  0.0347213  -0.23037542
  0.93645177 -0.20783126  0.01521494 -2.09670571 -0.9054969  -0.50603999
  0.59428723 -0.72812107  0.53558821  1.17675031  0.14367938  0.9012994
  0.1354542  -0.98571222 -1.88299801 -1.15695858 -0.350769   -0.32427942
  0.952463   -0.35674735  1.31379187 -0.91362137  0.20502866 -1.36399513
 -0.36815718  1.24861583 -2.23352758 -1.13229928  0.14140697 -0.08243808
 -0.13910614 -0.38928073  0.25007299 -0.83482137  2.48895191 -0.11070262
 -0.94482299 -2.64358154  0.83289441  1.47633993  0.89564671 -2.46794493
 -0.33972297  0.16677608 -0.38433737 -0.88498587 -0.10806167 -0.89356128
  0.35107719 -1.2842887   0.1248098   1.57200062  1.55675393 -0.14144223
  1.28774757  1.98782874 -1.71454213 -0.35421108 -0.49744065 -0.95996663
  2.59208445 -0.56988022  0.28591858  1.06144548 -0.18831684 -0.98213133
 -0.32317466  0.38358101  0.28916923  1.77201118 -2.73437844 -0.3297583
 -0.09614891  0.55130399 -1.36636729  0.82676503  0.26356228  0.16327138
  0.89547107  1.13148176 -0.29738797 -0.25872511 -0.06811997  0.3535936
  1.10443028  0.47422864 -0.97265204 -1.70632477 -0.16020673 -0.48630108
 -1.13982734 -0.48116998 -1.26878801  0.45744761  0.07378138  1.28722594
  0.67394688  0.80593237  1.15641813 -1.14569031  0.98288189 -1.32530836
 -0.15147558 -0.30056061 -2.22586354 -0.65587239  0.77116426  0.56982108
  0.0835197  -0.06269037  1.61858795 -1.15228252  1.13194518  0.74560207
  0.89475586 -0.36616397 -0.77655089  0.84428659  0.87417813 -0.84013916
 -0.8528362   0.29155686  0.55085748 -0.20432317  0.0303004   1.00404523
  1.99405464  0.24305589 -0.84784467 -0.64896654 -0.49900671  0.71750655
  0.15076342  0.73212813 -0.97575068 -0.66910502 -0.69573548  0.40662502
 -1.09093409 -0.77520152 -0.6263505  -0.55710002 -0.54108301 -1.20423398
  0.480642   -0.72632554 -2.41954539 -0.97286317 -0.77210006  1.1990062
  0.41156362  0.176153   -0.22598279 -1.22325521  1.84720847 -1.47515772
 -2.36308333 -1.26497631  0.0258575   0.4062594   0.1679881   0.02492761
  2.39996223 -0.11972995 -0.6681672   0.49293015 -0.47668438  0.78332611
 -0.01178159 -0.66645207  0.5071528   1.01978323  0.70942827 -2.04476797
  1.2322059   0.42846902 -2.19266623  1.04841431  1.66315756 -1.43827143
  0.34677407  0.53313121  0.65777857 -0.64174699  0.00667623 -1.24252633
 -1.13605051  2.27320849  0.83694593 -0.60825167  1.7116984   0.72790301
 -0.28568797 -1.56145406 -0.60608391 -0.573603   -0.26565588 -0.07977725
  1.32494123 -0.90663182  0.5155903  -0.63628981  0.75037573  0.39639207
  0.54562166 -0.56585207  0.3202842  -0.64730859  0.91089209 -0.1519509
 -0.68300902  1.26672081 -0.02423241  0.21749699 -1.39930667 -0.7177417
 -0.44606874 -0.54135496  0.72545657  0.0680546  -1.06194474  2.08233473
  0.80257533 -0.52479203  0.70915336  2.16973723  0.11509743  0.06224422
 -0.86477659  0.63052616 -0.30694712 -0.57477789 -2.34524518 -0.21785749
 -0.15167509 -0.84418889  0.42803554 -0.50861914  0.57215193  0.02881341
 -2.10119378  1.4095624   0.14320031 -0.35093726  1.48068533  1.11112503
 -0.32624974  0.85510157 -1.22370436 -1.66936146  0.45292446 -0.51398901
  0.18770061 -0.49903619  0.03178677 -1.12203193 -0.33727987  0.92678916
  0.55895793  0.08164359 -0.60055361 -0.63128152 -0.03497845 -1.42593052
  1.34269092 -0.4025376   0.17016967 -0.92835675  0.41177511 -0.89314331
 -0.40118441 -0.96592572  0.28829761  1.097132   -0.83697206 -0.74644435
  0.85762843 -0.64856784 -0.92813139  0.98099549  0.46645196  0.00833159
 -0.56283025  1.37658887  0.54053164  0.22074501  1.59457176 -0.21390696
  0.25190844  1.88008609  0.12944339 -0.0338487  -0.99596094 -0.70151178
 -1.16332203 -0.26619216  0.45759913  0.34912787 -0.77026462 -0.08421498
  0.05035693  1.1944871  -0.7261967   0.6623429  -2.05237252  0.47499213
 -0.84491228 -0.17556721 -0.47851248  0.13936498 -1.42759651  0.73773905
  0.60366814 -0.41518206 -0.89337679 -1.31989762 -1.80569792  1.28996137
 -0.05208078 -0.64542648 -0.8248861   0.66898508  1.1288128  -1.97688475
  0.09898799  1.79867019  0.50672602  0.54281036 -2.45502903 -1.15605165
 -0.70916636  0.12843927  0.93167103 -1.55010658 -0.72605748  0.77499992
  0.23503917 -1.63003116  0.37633557  1.2023873  -0.28645604  0.9321109
  0.77958356  0.23925228 -0.12112715  0.18703852  1.05260543 -0.14686533
 -0.50280207 -0.81156643  0.98719476  1.20928677 -0.23077075 -1.13058598
 -1.24311772  0.11746364  0.42688978 -1.1227122  -1.22977089 -1.04628945
  0.16124052  1.88602388  0.48091864  1.05111132 -1.35153601 -0.49618365
  0.22444243  0.08328651  0.46755147 -0.07425475 -1.21444771 -0.06544878
 -1.12156056 -1.20084252 -0.85544778  0.87475105 -0.37816675 -0.13728508
  0.36427431  1.27188513 -2.40604722 -0.79026079 -0.45327091 -1.09483842
  0.19167889 -0.65092521 -1.89941835 -0.19416428 -0.771209   -0.70450547
 -0.16661615  1.38894756  1.13565745 -1.37478279 -0.16382974 -0.07630078
  0.2830172   0.13055727 -0.8719322   0.1682824   1.69158481 -0.20367997
 -1.14348148 -0.98663551  0.43568637  0.37248911  1.45448007 -0.27629618
 -2.815716   -1.33978499 -0.23944414  0.2343415   1.66585063 -1.89329712
  0.38218382  0.13866496  0.70484299 -1.92341003 -0.34278076 -1.44570215
 -0.18693615  1.06014645  1.19003152 -0.26091134 -1.11171401  0.45601331
  0.64545259  2.01513636 -0.45687887 -0.44648658  1.23186605  1.28550304
  1.5088514  -0.10738011  1.66692255 -0.92449743 -0.26130275  0.27934649
  0.05012358  0.14263832 -0.10827327  0.60350529 -0.28381724  1.13423539
 -0.54070989 -0.04962036 -1.00030889 -1.1767454   1.29233051  0.06646421
 -0.56935335 -1.58097484 -1.52454193 -0.17113933  0.40849365  0.49262006
  0.13453904 -0.6872956   0.64257839 -2.67379982  0.16642522  0.61408972
  0.52309238  2.02554334 -1.94181937 -0.03332125  1.34042157  1.98084547
 -0.85743075 -0.70962677  0.19463032  0.93432606 -0.28899311 -1.63997705
  0.85326059  1.37551173  0.42675391  0.59618153 -1.90661267  0.13458163
  0.1548384   1.04926042 -0.06667056  2.73912761 -0.99669106  0.95073063
 -0.75940637 -1.25473214  1.5137884   1.09899265  1.85845898  1.18304875
  1.4345297   1.83776054  0.6173198  -0.00650497 -0.17427167  1.1049367
  1.58857402  1.60821636 -1.6723823   1.13985896  0.51589934 -0.87181207
 -1.23176091 -1.3561126  -0.55753816  0.99445069 -0.3113855   0.59182239
  0.06782457  0.89763629  0.28281811  1.57780407  1.68823737 -0.51618804
  1.12466568 -0.6110423  -0.90168674  0.01247072  1.22036685  0.98655018
  1.31338786 -0.19414193 -0.34961708  0.15309486  0.89598681 -0.760295
  1.08856949 -0.3922649   0.04990346  1.41103775 -0.98427996  1.443092
 -1.15499718 -0.21716528  1.00958045  0.77425225  1.26885102 -0.90841259
 -0.23170576 -1.62493818 -0.63800342 -3.16946884 -0.07315495  0.22148465
  1.18130782  1.11372295 -1.22940644  1.05154268  1.09135944  0.88038664
 -0.23798627  0.83656291  0.77818888 -0.12542481 -1.77755332  1.02125351
  1.12924205  0.45183722  0.07946143  1.21338978 -0.91486558  0.9737634
 -0.09374066  0.69748671  0.60404966  2.70777692  0.42393528 -0.47663258
  2.59487627  0.90749948  0.47163775  0.80352955 -0.23109582  0.12775412
 -0.14917616  1.1409463   1.62374371  1.05048612 -0.34761496  0.93100366
  0.5542081   0.18587687 -0.20978092  1.34900215 -0.83008305  0.4350801
  0.01880536 -0.37009765 -0.05316424 -1.37168919  0.77145006 -1.35616527
 -0.52583049  1.00123734  0.88094476 -0.89555067  0.86306834  0.26115238
  0.73985262 -2.25605426 -0.35821821  1.71708897 -0.55854073  1.5922207
  0.6903892  -0.40231541  0.28080758 -0.01177312 -0.48393487 -1.02565992
 -0.70967582 -0.4071295  -0.47452604 -1.85008176  0.26225163 -1.36272073
 -1.14542121  0.05920517  0.18686341  0.11155165  0.38624748  2.50568494
 -0.43400016 -0.89500157 -0.70600641  0.55106077 -0.24305097 -0.3802214
 -0.62799848  0.43736512  0.07656597  1.72223637 -0.01565999 -0.74650244
  0.01940411 -0.32713532 -1.73300968 -0.03542962  0.47201642  3.99327306
  0.55055508  0.79201297 -0.06271679 -1.50850405  2.36276855 -1.22310232
  0.27298577  1.03729029  1.24140105 -0.72283059  0.93802095  1.2548398
 -0.71961721  0.76708763  0.92025929 -1.03163784 -0.94260854 -0.32620335
 -1.15866095  0.90489027  1.30761939  0.16969384  1.57682415  0.48335315
 -0.3571      1.03083263 -1.22524342  0.02897267 -0.85841849  0.97581328
 -0.78825357 -1.4966239   0.65825985  0.20333671  0.02708441 -0.03941765
 -1.83579236  0.31889722 -1.27005892  0.64211501