-5.28530597e-01 -2.54949132e+00 -1.98617459e+00  8.12602699e-01
 -3.18151554e-01  1.34240753e+00  8.51688448e-01  1.20948311e+00
 -2.89319875e-01 -1.34489517e+00 -2.10697023e-01  1.28014525e+00
  2.54552473e+00 -3.65551064e-01 -9.16981382e-01 -3.63304755e-01
  1.05992998e+00 -6.41901700e-01  4.45300011e-01  1.73189192e+00
 -2.04248802e-01 -4.07874359e-02 -1.37908081e+00 -1.59211421e+00
 -1.44960004e+00  5.36890411e-01 -1.50530123e+00 -3.50577344e-01
 -9.58594081e-01  4.98751641e-01  3.52579668e-01 -1.20794606e+00
 -2.37236319e-01  9.88919981e-01 -7.68909101e-01 -1.79280532e-01
 -7.14244797e-01 -1.86314220e-01 -1.39540252e+00  3.55190060e-01
 -5.04862441e-01  7.11357635e-01 -1.44229500e+00  8.27039593e-01
 -4.12555568e-01 -1.19759596e+00  9.86577659e-02 -1.17787146e+00
 -5.49471665e-01  2.82711655e-01 -1.02640239e+00  5.92233632e-01
 -1.21693745e+00 -1.45541369e+00 -4.60552384e-01  9.48083231e-01
 -6.19491369e-01  7.11346059e-01  1.07614813e+00  6.39189370e-01
 -3.71212299e-01  1.48498140e+00  2.17527595e+00  1.47935014e-01
  1.79609892e+00 -1.36065750e+00  2.05192471e+00  7.31303197e-01
 -7.63186718e-01  1.29569709e+00 -1.61909950e-01 -8.67541091e-01
  1.06174121e+00  2.61649838e-02  1.33612362e+00  8.17979171e-01
  1.34726647e-01  1.05409206e+00 -1.36792181e-01  7.82314479e-01
 -9.62174053e-01  2.85123928e-01  1.25773600e+00  9.66387163e-01
 -1.42745110e+00 -8.47540455e-01 -7.70677239e-01  6.09522242e-01
  1.37070444e-01  9.73587593e-01 -4.40285667e-01 -2.71585105e+00
  1.70578126e-01 -1.41015842e-01 -3.41657536e-01  1.64782080e-01
  7.03025816e-01  9.62249848e-01 -1.54774311e+00 -5.98919262e-01
 -1.04991755e+00 -1.34326580e+00 -1.15199292e+00 -1.00681391e+00
  2.12749823e+00 -6.47909599e-01  8.16330493e-01  5.74741450e-02
  2.11043768e+00 -1.60614091e-01  2.73842028e-01 -1.14199040e+00
 -6.24020162e-01 -8.13103036e-01 -1.82883427e+00  5.27388632e-01
  4.07023174e-01 -5.49923182e-01 -1.68266411e+00  9.57110324e-01
 -5.16643987e-01  2.13775857e-01 -2.97810358e-02 -4.46743227e-01
  1.66635308e+00 -1.35736701e+00  1.34505537e+00  1.30151442e-01
  1.42347974e+00 -8.28522844e-01  5.01527961e-01 -1.09220822e+00
 -3.31939946e-01 -5.57910429e-01  2.78458322e+00 -4.77120764e-01
  8.23447964e-02  2.61825695e-01  1.38550960e+00 -6.11214646e-01
 -3.57942452e-01  4.67964893e-01 -1.52000709e+00 -5.87962688e-01
 -1.36905382e+00  9.82935668e-01  7.78253411e-01  1.37148510e+00
  3.43047779e-01 -1.11979716e+00  3.87747452e-01 -5.05332252e-01
  1.12841734e+00  2.63290353e+00 -5.41964648e-02  4.50752826e-01
  9.11616574e-01 -1.80537474e+00  2.66958066e-01 -2.09759063e-01
 -2.73808283e-01 -9.45508042e-02 -8.85456912e-01  1.47552526e+00
 -1.96645521e-01 -3.03784473e-01  5.78570517e-01  6.86957691e-01
 -1.19471615e+00 -8.21188864e-01 -8.30731283e-01 -7.88847188e-01
 -2.43803114e-01 -2.67926106e+00 -1.29788290e+00 -5.88951024e-03
 -2.59937028e-02 -7.48363794e-01  8.17637972e-01 -7.72166526e-01
  3.29725483e-01 -1.18527702e+00 -1.54576320e+00 -4.94570953e-01
 -1.53918213e+00 -4.45319276e-01  6.96281735e-01  6.90675257e-01
 -2.10483521e-01  3.44828983e-01 -1.09445927e+00  4.68352207e-01
 -6.16842306e-01  2.08005991e+00  6.19990421e-01  6.42863987e-01
  1.75495726e+00 -6.16412736e-01 -1.35010004e+00 -9.71225009e-02
  2.19178112e-01  3.63319607e-01 -7.66709037e-01  1.22134217e+00
  7.77157760e-02  5.88852048e-01  8.84350855e-01  6.54236750e-01
 -1.22206678e+00 -1.33022469e+00  4.75808892e-01 -4.74788644e-01
  9.61928511e-02  5.69560316e-01  9.42450555e-01  1.92432720e+00
  6.83367510e-01  2.34538687e-01 -4.89137141e-02  4.96624571e-01
  3.28971442e-01 -6.00142675e-01  2.07996340e+00 -5.02401315e-01
 -1.20139091e+00  1.33233966e+00  6.33477798e-01  4.64999238e-01
  3.71375606e-01 -3.05723377e-01 -9.02820835e-01 -1.59927362e+00
  5.12631382e-01  1.04350603e+00 -8.85858781e-01  7.91139394e-01
  4.71086531e-02  1.01174943e-01 -1.17521352e+00 -2.46015838e-01
  1.98816464e-01  3.64329045e-01  2.22104510e+00  1.02147184e+00
  8.57466416e-01  1.45673509e+00  4.49973463e-01  8.01835340e-01
  1.22881153e+00 -1.67404159e+00 -1.30689913e-01  1.35484621e+00
  1.21950292e+00 -1.85119532e+00 -1.48250064e+00  2.07021704e+00
 -1.98759773e-01 -7.16244773e-02  1.74065400e-01  6.79913409e-01
 -1.49720860e+00  1.05270462e+00  1.62817735e+00 -2.00700558e+00
 -3.28289852e-01 -1.56516819e+00  1.28223350e+00  2.01890867e-01
  2.90802707e-01 -1.85119236e-01  5.88978815e-02 -1.31711193e-01
  1.35666719e+00 -2.15530842e-01 -8.86638361e-01 -1.30541119e+00
 -2.20208136e+00 -2.25877107e-01 -2.92478027e-01 -6.32952977e-01
 -2.30649401e-01 -9.39661205e-01  1.26198348e+00  5.94594364e-01
 -9.06223293e-02 -2.29120821e-01  1.46724609e+00  1.09834826e+00
  1.90870021e+00  2.32957418e+00 -7.43886458e-01 -1.12991293e+00
 -1.27837075e+00  1.00626944e+00  5.58188206e-01 -1.58298698e+00
  3.88522146e-01  9.35658009e-01 -1.42257833e+00 -1.24833967e-01
  4.11597558e-02 -4.76668132e-01  1.34119636e+00  2.11856208e+00
  4.83284015e-02 -1.67123020e+00 -8.27824292e-02  2.04934987e+00
  1.43015921e-01  7.43719725e-01  3.83707782e-01 -1.40134016e+00
 -1.15051640e+00  4.03540016e-01  1.06168122e+00 -8.12242750e-01
 -4.12614643e-01 -3.86849329e-01 -1.21558538e+00  7.38934680e-01
  5.73498156e-01  3.59871333e-01 -9.95431786e-01 -3.19726391e-01
  1.54906719e+00 -1.85743301e-01  1.53939549e+00 -6.66658231e-01
 -1.10958589e+00  2.11731583e-01  6.90285874e-01  4.50203891e-01
  8.92077528e-01 -1.42239219e+00  3.09410468e-01  8.37218124e-01
 -1.28293718e+00 -3.27525686e-01 -1.27602221e+00  2.71692032e-01
 -5.09938292e-01 -1.65907936e-01  1.71561095e-01 -7.62097662e-01
 -2.84988891e-01  3.84503032e-01  2.21077256e-01 -6.16337225e-01
 -1.05198970e+00 -6.05071424e-01  1.12904785e+00  1.22091741e+00
  8.93813363e-01 -1.89339003e+00 -1.55050273e+00  2.99978186e-01
  1.47587161e+00 -1.00078606e+00 -9.13310081e-01  4.97940920e-01
  9.65436086e-01 -7.32814022e-01 -6.36858871e-01 -1.43295068e+00
 -1.06339363e+00 -6.54747253e-01  2.17944205e-01  1.40177018e+00
 -1.51612537e+00  1.10249717e-01 -2.52953386e+00 -1.49823738e+00
  1.55479878e+00  7.49387795e-01 -1.12436675e-01 -1.76320524e+00
 -1.15401590e+00  1.59587426e+00  1.61887805e+00 -5.56849520e-01
  1.38807372e+00 -1.06004306e+00  2.00396259e+00 -2.49326974e-02
  6.32764388e-01  7.54493459e-02 -5.43550365e-01 -2.43235961e-01
  1.24029100e+00  6.00706243e-01  6.08276494e-01  2.80043633e-01
  8.86249269e-02  1.31937482e+00  9.06151829e-01 -2.81099770e+00
  6.25280502e-01  8.36306588e-01 -7.08855768e-01 -9.73822070e-03
 -9.31269635e-01 -3.58306497e-01 -3.65911010e-02 -6.40137554e-01
  1.62309668e+00 -6.06016961e-01  9.98929351e-01  2.29990396e+00
  3.11885069e+00 -5.45078284e-01  1.99011790e-01 -1.37675193e+00
 -4.76959875e-01  5.12467430e-01 -2.39264639e+00 -1.42046838e+00
 -8.47153754e-01  1.09580198e+00  1.92476199e+00 -5.34515247e-01
  1.42244803e+00  2.73969551e+00 -4.93573603e-01  1.83582875e+00
  1.48115307e+00 -2.55961603e-01  1.71874180e-01  8.37526420e-01
 -2.88108048e+00  1.11498819e+00  4.44128206e-01 -5.56448129e-02
  6.61148686e-01  1.83579098e+00 -1.82710830e-01  1.13310032e-01
 -1.54803947e-01  2.56170620e+00 -3.99106748e-01 -1.45327653e+00
 -1.95878229e+00 -1.99457760e+00  1.33322284e+00  9.21858796e-01
 -4.80764279e-01 -1.17045112e+00 -6.53403046e-01 -1.33564147e-01
 -1.83013686e+00 -3.69290723e-01  1.42273822e+00 -9.54028481e-01
  4.96474358e-01  4.90022766e-01  2.62491645e-01 -4.07798821e-01
  2.97778057e-02 -1.14443559e+00  4.44417756e-01  1.19375594e+00
 -2.50328053e+00 -1.11696703e+00 -2.39991760e-01 -5.35636863e-01
 -1.15712286e-01 -1.36585847e+00 -1.23930083e+00  1.94563533e-01
  5.69933893e-01 -1.14051660e+00  1.27257091e+00 -1.90531686e+00
 -2.86291373e+00  6.57651622e-01  2.80113345e-01  2.11549016e-01
 -7.42629075e-01  1.86708169e+00 -7.28339882e-01 -8.82129880e-01
  1.43241798e+00  9.29717737e-01  9.10275938e-01 -5.39583214e-01
  6.78943173e-01 -9.13648459e-01  1.33980926e+00  1.08045697e+00
  6.19850535e-01  3.47962876e-02 -2.94917943e-01 -4.50976759e-01
  1.09159141e+00 -1.40404406e-01  1.38365656e+00  2.20430583e-01
 -9.77832478e-01  7.74194111e-01 -5.65399762e-02  1.38499576e+00
 -8.14931451e-01 -2.05985151e-01 -1.95791155e+00 -9.02421940e-01
 -9.28835073e-01 -6.89744106e-01  1.07001664e+00 -8.62523159e-01
  4.36814749e-01 -1.68294957e+00  3.77547808e-01  1.72448683e-01
  1.90448042e-01  5.66436000e-01 -9.11783415e-01 -7.61384356e-02
  7.64291382e-02 -1.38610405e+00 -3.21793513e+00  1.57208737e+00
 -7.38113621e-01  6.70096638e-01  1.40336897e+00 -8.96287359e-01
  5.69849011e-01 -1.47035013e+00  9.30194596e-01  3.66616277e-01
  7.29511930e-01 -1.07991503e+00  4.18207577e-02 -3.37439398e-01
 -1.26630014e+00 -1.71075016e+00  2.51463685e-01 -2.01442727e+00
  9.75392554e-01  1.30070751e+00  5.31948823e-01  1.25253863e+00
 -6.16918372e-01  1.18618225e+00 -8.21788709e-01  7.81394357e-01
  5.89788218e-01 -2.09460640e-01 -2.65839080e-01  7.54526409e-01
  2.65021831e-01  1.00979054e+00  8.27713875e-02  8.83332320e-01
  3.66208521e-01  1.12995941e+00  9.85362041e-02 -1.73654412e-01
 -1.00881421e+00 -7.84622025e-01  9.30042101e-01  4.92218339e-01
  2.10312635e-01 -1.28887534e+00 -4.69181687e-01  3.66752885e-01
  5.34889908e-02  6.89135791e-02  4.92469552e-02 -1.26817482e-01
  6.04763738e-01  8.18989525e-01  1.36552276e-01 -1.06969431e+00
 -1.17673113e-01  7.08337941e-01  6.53743410e-01  1.31386126e+00
 -1.01905983e+00  1.54248403e-01  5.25322842e-01  5.62287842e-01
 -8.75343650e-01 -1.62286080e+00  1.17621916e+00  9.40955061e-01
  1.24025195e+00  2.12179045e+00 -1.55518469e+00 -1.76886421e+00
 -7.25995927e-01  1.96145888e+00 -4.40229410e-01  4.56867943e-01
  7.81674978e-02  5.26857944e-01  2.84963636e-01  8.51109477e-02
  3.62314308e-02 -8.85335717e-01  6.94924077e-01  1.46673931e-02
 -4.47854881e-01 -1.09407759e+00 -2.38830725e+00  1.70326574e+00
 -2.37823904e-01 -2.79012939e-01  4.72108132e-01  2.03548121e+00
 -1.21719709e+00  2.82044048e-01 -4.03642757e-01 -4.92069644e-02
 -1.81010220e-01  8.46166630e-01  6.26852427e-01  6.91190723e-01
  1.43394739e+00 -1.65568879e-01  6.18393309e-02  1.94354569e+00
 -9.76098815e-01  1.45633766e-01 -1.06557336e+00  1.83644297e-01
  3.84339367e-01  1.41835899e+00 -3.55215992e-01 -3.03681694e-01
 -4.87675376e-01 -9.62784231e-01  1.21098287e+00 -1.42323943e+00
 -1.93410822e+00 -8.87369447e-01  4.92209571e-01  1.40199025e+00
  8.74156642e-01  8.08283251e-02  8.94656899e-01  9.54415645e-01
 -5.51710600e-01  3.86031386e-01  1.24635161e+00  6.78593316e-01
 -5.71311006e-01  4.60657879e-01 -8.66893804e-02  2.13849311e+00
  9.37719926e-02 -2.53880176e+00 -1.06130536e+00 -8.84096379e-01
 -2.92589098e-01  2.25642845e-02  5.07729876e-01  1.29135871e+00
 -3.64937263e-01  7.91882542e-02  8.66421906e-01 -8.86973576e-01
  3.25554985e-01  5.71760009e-01  8.78752564e-01 -1.63041547e+00
  2.71376390e-01  1.45675695e+00  1.03132862e+00 -1.10046785e+00
  8.83558295e-01  3.41024504e-01 -1.51407128e-01  4.86578158e-01
  1.78180241e+00 -1.19250427e+00  5.70535675e-01  8.83867731e-01
 -3.56453911e-01  7.17380739e-01  4.63935898e-01 -6.39607229e-01
  1.03325531e+00  7.78752399e-02  9.26929558e-02 -1.12450026e-01
  1.29874677e+00 -1.07842419e+00 -9.45360098e-01  4.50559550e-01
  8.06008454e-01  2.22478183e+00 -4.39123249e-01  8.30064287e-01
 -1.35743771e-01  1.55681333e-01 -1.46656345e-01 -5.15848678e-01
  2.30948223e-01 -1.18011796e+00  9.61060266e-02  5.83850993e-02
  1.20932299e-01 -4.30227222e-01  4.83029578e-01  3.80267875e-01
  3.87305072e-01 -1.12306531e+00 -2.44830489e-02  1.17958169e-02
  5.93657023e-01 -1.23162910e+00 -3.37747502e-01 -9.11551067e-02
 -3.84141042e-01 -2.29278085e-01  3.68337693e-01 -2.50208033e-01
 -1.32946333e-02 -3.92209338e-01  8.68027294e-01 -3.50105702e-01
 -6.02339794e-01 -2.85512795e-01 -7.91865013e-02 -8.13114965e-01
 -4.41599877e-01  8.72517945e-01  6.60285529e-02  1.17456500e+00
 -1.49690515e-01  1.91563508e+00 -9.55580104e-01 -9.97019451e-01
  1.13982310e+00  6.85963269e-01  6.66749703e-01 -9.86678001e-01
 -2.33132813e-01  6.77939911e-01 -1.19360289e+00 -1.40807992e+00
 -1.84656165e-01 -7.76754074e-01  2.06303653e+00 -1.15210941e-01
 -1.34791043e+00  3.39004057e-01  7.00701084e-01  1.69590789e+00
 -8.03072845e-01  1.14995212e+00  1.99397254e-01 -3.48427742e-01
 -1.99476082e+00  8.04836899e-01 -1.76067677e-01  5.41092548e-01
 -6.21078494e-01  1.82965132e+00 -1.43190613e+00 -5.25633430e-01
 -9.00708250e-02  9.60713443e-01  8.65284205e-01 -3.31287694e-01
 -5.21368023e-01 -7.66125527e-01  1.93257622e-01  1.39770648e+00
 -1.55930049e+00 -1.36260893e+00  1.05876082e+00 -2.79609856e-01
 -3.44510299e-01  5.44734079e-01  1.62470658e+00  5.71970931e-01
  5.96335179e-01 -7.28103676e-01  3.88184655e-01 -1.16832656e+00
  4.65424299e-01  9.23440327e-01 -5.85439787e-01 -4.55384281e-01
  1.69876589e+00  5.82416116e-01  1.20810160e+00  9.91983750e-01
 -1.41800994e-01 -7.95163653e-01  1.03245272e+00  2.43691239e-01
 -1.11322860e+00 -7.96423787e-01  5.57794165e-01 -1.12342695e+00
 -5.03495972e-02 -3.12741299e-01  1.32732589e+00 -1.42561414e+00
 -9.63951237e-01 -6.86347889e-01 -1.08331311e-01  4.55769270e-01
 -8.40317120e-01 -1.82831039e+00  5.19181915e-01 -7.31561251e-01
 -1.33781557e+00 -1.69318173e-02  1.13822617e+00  6.64041264e-01
 -1.19529983e+00 -3.59313225e-01 -8.69500556e-01 -1.04946577e+00
 -2.36867363e-01 -1.25589452e+00  3.92329642e-01 -2.36221660e+00
  5.85232851e-01 -7.84590516e-01  6.50798877e-01  3.66744306e-01
 -4.37203818e-01 -4.36826877e-01 -7.84205201e-01  6.41539115e-01
  2.98360254e-01  4.31225757e-01  5.49793478e-01  1.22012909e+00
  6.78550187e-02 -1.17707525e+00  7.01165094e-01 -3.11222111e-01
 -1.30328492e+00  9.90867017e-01  1.52909323e-01 -1.70109290e+00
 -1.22722761e+00 -1.70115995e+00 -6.94650431e-01  9.95966758e-01
  1.49033578e-01  6.64339754e-01  4.16560328e-01 -7.20087453e-01
  1.93030952e+00 -1.56679613e+00  9.75263564e-01  2.27776019e+00
  8.84611593e-01  2.97182817e-01  1.08895418e+00 -1.21385904e+00
  1.04834837e+00  1.83841808e-01  1.37678911e-03  7.50038742e-01
 -2.86951359e-01 -9.74888717e-01  1.41128523e+00  2.28741519e-01
  1.11365921e+00 -4.12433654e-01 -9.86669108e-01 -4.64841832e-01
  8.55928710e-01 -1.51560263e+00  1.82802378e-01 -1.53609638e+00
  1.50970609e+00 -1.39913897e+00 -5.67141095e-01  1.61883318e+00
 -3.66066451e-01  9.08625462e-02  8.01936987e-01  4.45235117e-01
  7.75991997e-01 -3.07697266e-01 -9.87720981e-01  3.44667950e-01
 -1.90791061e+00  7.36739345e-02  1.48096479e+00  1.57522243e+00
  1.44222070e-01 -4.02756546e-01 -3.16037767e-01 -5.05999210e-01
 -2.58625180e-01 -6.79268742e-01  2.96355216e-01  9.05630016e-01
  1.03046905e+00  3.59810796e-01  2.22111063e+00  1.30663346e-01
  5.84778265e-03  3.71943811e-01  1.00584313e+00  8.05880707e-01
  5.93070853e-01 -5.21656302e-02  1.21431520e+00  1.06814787e+00
 -4.75194760e-01 -4.96499012e-01 -1.09787576e-01  1.24856087e+00
  1.66253552e+00 -2.74508218e-01  1.62468075e-01 -1.92666821e-01
  2.26002739e-01 -2.54486576e+00  1.09833366e+00 -8.03815802e-01
 -1.11383425e-01 -1.82772552e-01  2.04797955e+00 -3.96984585e-01
 -1.05076306e+00  7.88559524e-01  8.58517016e-03  9.88786832e-01
 -4.96464983e-01 -1.06397489e+00  1.18130980e+00  1.41991524e+00
  2.21695248e+00  1.04043941e+00  1.53608859e-01  1.30226603e+00
  1.29890197e-01 -9.70614382e-02  1.08987263e+00  4.95332077e-01
 -6.90132972e-02 -1.40901155e+00 -4.43807337e-01 -1.30723774e+00
 -6.34185620e-01  1.23729346e-01  1.92818929e+00 -9.43913865e-01
 -2.25624882e-01  1.20287310e+00  2.12185922e+00  6.65359132e-01
  1.96621411e+00  9.77234110e-01  1.13943795e+00  2.79781020e-01
  5.34443673e-01  9.19816734e-01 -1.62894826e+00  1.89416810e+00
 -1.92805126e+00  9.75590242e-02 -2.15220618e+00  1.50047620e+00
 -1.47849304e-01 -7.28267237e-01  8.30329797e-01  1.18564253e+00
  1.25428218e+00  1.95490117e+00 -1.14817458e+00 -7.19980446e-01
  1.30966243e+00  8.85874270e-01  4.97684748e-01  3.98889246e-02
  2.76988103e+00  2.89154189e-01 -1.67923433e+00  2.05459903e-01
 -2.01747230e-02 -2.11550884e+00 -1.10786646e+00 -1.25236055e+00
  1.04587271e+00  1.86742112e+00 -1.43248788e+00 -2.13612674e-01
  7.28779204e-01 -1.75400480e+00 -1.18607457e+00  1.65080891e+00
  2.52473213e-01  1.63153146e+00 -9.14901800e-01 -8.74880076e-01
  1.26198468e+00  1.21153553e+00 -8.01335750e-01 -9.60838041e-01