 1.23138256e+00 -2.20005852e+00 -5.41868221e-01 -1.43652845e+00
  2.53134088e+00  6.30345212e-01 -1.10984111e+00 -1.17381931e+00
 -2.79814808e-01  1.36181344e+00  1.58082158e+00  7.91515621e-01
  4.76769402e-01  3.48498602e-01 -6.92559271e-01 -1.11259823e+00
  1.26586235e+00  1.99232633e+00 -1.75858903e+00  1.70625529e-01
 -2.93875083e-01 -8.51766300e-01  1.84012524e+00  4.42172929e-01
 -1.60173552e+00 -7.37814356e-01 -1.07070298e+00 -8.16663409e-02
 -2.56947138e+00 -5.06222370e-01  5.42595119e-01  1.62548725e+00
 -8.49719498e-01  4.58134316e-01 -5.75532505e-01 -1.63030535e-01
 -1.02977558e+00  1.04627019e+00  9.19285417e-01  6.54310843e-02
  7.17379250e-01  3.83435159e-01  1.06830655e+00  1.15717146e+00
 -1.25751879e+00  2.01008907e+00 -7.38898610e-01  1.27952164e+00
 -4.95662244e-01  2.29695352e+00 -9.20866515e-01  1.46126215e+00
 -3.00305224e-01 -6.15976626e-02 -4.33172019e-01  3.60945734e-01
  7.39644119e-01 -5.70173423e-01 -7.81123815e-01  1.63262724e+00
  6.08807568e-01  3.59979225e-02  6.92260497e-01  1.18399321e+00
  1.01234421e+00  1.27838884e+00  1.43227261e+00 -1.80409682e+00
  2.67081684e-01  2.73940909e-01 -7.60563748e-01 -1.26977723e+00
 -9.42809084e-01 -7.77649541e-02 -1.02817722e+00  1.11221581e-01
 -1.69228685e-01  1.70071735e+00 -1.62773246e+00  1.54449062e+00
  1.43219382e-01 -2.49062136e+00  1.67570536e+00  9.31009899e-01
 -2.28761477e-01 -3.44773133e-01  2.49698695e-01 -1.56784289e-02
 -7.07464614e-01  2.09671742e+00  6.62039487e-01  5.52884378e-01
  1.15963103e+00 -3.79449642e-01  1.36646140e+00  2.81125263e-01
  1.80970125e+00 -8.38415192e-01 -1.22577294e+00 -1.45060184e+00
  3.37905359e-01  4.35913538e-01  6.47254958e-01  2.68855505e+00
 -5.81838248e-01  1.84662000e+00  9.35700980e-01 -3.42736697e-02
  1.66480073e+00  1.84380594e+00 -2.03451485e+00 -1.07444741e+00
  2.52267632e-01  4.04073112e-01  6.01812150e-01  3.92123977e-01
 -1.11838409e-01  4.04000406e-01  1.37013626e-01  1.99616464e-01
 -1.06619325e+00  2.99359948e-01  8.31361106e-01  1.02652243e+00
 -4.73113834e-01  1.79685713e+00  1.11023567e+00  8.63578096e-01
  1.47956806e+00 -6.07489134e-01 -1.39956188e+00  2.30298583e+00
 -7.10441582e-01 -1.05678803e-01  3.58526797e-01  5.50465462e-01
 -5.81846715e-01 -8.65865955e-01  5.84681469e-01 -2.82218365e-01
 -1.50841424e+00 -9.25253866e-01 -8.71803664e-01 -1.02153265e+00
 -1.12661080e+00  4.14750397e-01 -1.45440187e+00  3.79311756e-01
  1.97426933e+00  1.48444453e+00  6.82213946e-01  1.49746143e+00
  1.63167057e+00 -2.70299447e-01 -6.04593391e-01  2.09209982e+00
  6.70583376e-01 -1.39919925e+00  5.28959319e-01  1.92329894e-01
 -1.32377519e+00 -1.50183878e+00 -1.29745157e+00 -1.99446292e+00
  6.03048361e-01 -1.99005267e-01  1.64120035e-01  1.22586511e+00
 -2.14974356e-01 -2.04031438e+00 -3.69014107e-01 -2.32477251e-01
 -6.25051181e-01 -1.75702945e-01  3.95658377e-01 -1.26608923e+00
  3.11057608e-01  2.21046256e-01  3.30894609e-01  6.62337702e-01
 -2.50529645e-01  9.51602053e-01  7.59171822e-02  9.75657973e-01
  1.42186797e-01 -5.04929793e-01  1.01769466e+00  1.06225076e+00
 -1.98878939e+00 -6.28428984e-01 -2.14296816e-01 -1.11150309e+00
  9.25581676e-01  1.06752116e+00  1.09036752e+00  8.60847767e-03
  1.18774463e+00 -2.67134019e-01  1.07238444e+00  7.04012067e-01
  1.57085431e+00  3.30981113e-01  3.22082121e-01 -3.77855275e-02
  1.06037263e+00 -1.00852172e+00  1.84207021e+00  1.06552218e-01
  1.82455088e+00 -2.00372746e+00  2.30572433e-01  9.47127421e-01
 -2.35402591e-01  4.45281955e-01 -3.04160473e-01 -4.83044376e-02
 -1.67921209e-01 -7.73376744e-01  1.87504318e+00  5.90354222e-01
  2.30502957e+00  6.42968045e-02 -7.15154313e-01  1.06536371e+00
 -7.69468838e-01 -1.27778018e+00  5.41283149e-01  2.33729422e-01
 -2.94325476e-03  1.58790089e+00  1.08459780e+00 -6.61212920e-01
 -1.49551983e+00 -3.07654275e-02  1.30090467e+00  7.12538172e-01
  3.18240050e-01 -6.34997469e-01 -2.09015459e+00  1.20666312e-01
  1.09337056e-01 -8.72113661e-01  8.43910961e-01 -9.38410364e-01
  9.31354277e-01  1.19502572e+00  7.04892107e-01  1.17726108e+00
 -9.90767179e-01 -6.39582294e-02 -4.77592575e-01 -4.01754552e-02
  1.89237144e-01 -2.10390793e-01  6.86307344e-02  1.72145243e-02
 -6.78911608e-01  5.24357292e-01  2.44688982e+00 -3.19624651e+00
  1.16696627e+00 -1.17648546e+00  4.27743849e-01 -5.88281126e-01
 -6.75611640e-01  3.74009065e-01  8.23249345e-02 -3.31708240e-01
 -6.12962802e-02  8.48445233e-01  1.97225930e+00  7.55440918e-01
  1.82913436e+00 -1.13749183e+00  1.03770328e+00 -1.95592500e+00
 -1.36013816e+00  2.16420534e+00  3.41952087e-01  6.74371631e-01
  2.06057672e+00  7.81779320e-01 -1.24291722e+00  5.77017897e-01
 -8.35589719e-01  2.52886393e-01 -5.56674466e-01 -2.15875656e-01
  1.75873420e+00  9.11942552e-01  6.19230776e-02  9.04050381e-02
 -1.48592963e-01  7.57361514e-01 -4.48041284e-01 -1.13373168e+00
 -2.80418230e-01 -7.72143623e-01 -7.40675633e-01 -4.59082215e-03
  1.13831114e+00 -1.16819410e+00 -6.15069802e-01  1.01039582e+00
 -1.08393394e-01  5.67863234e-01  5.46195440e-01  8.58158634e-01
  8.64782249e-01 -2.96549417e-01 -8.91249392e-01 -9.24181764e-01
  9.41714464e-02 -2.27120456e+00  1.28155267e-01 -5.24492839e-01
 -5.24474821e-01 -1.23609229e+00 -2.16985787e+00  7.81808335e-01
 -3.97611924e-01 -8.37250521e-01 -9.96703230e-01  9.28642895e-01
 -1.86368435e+00 -4.22571205e-01 -5.55851348e-01  7.29536301e-01
 -1.85039194e-01  4.87675892e-01  2.76415223e-02 -9.31035958e-02
 -2.99883146e-01  1.50905786e+00 -3.27015799e-01  2.00671950e-01
  4.14037522e-01  2.05840201e+00  1.39146779e+00  1.00213883e+00
 -1.80788049e+00  1.04499605e+00  4.02684219e-01 -7.92255870e-01
  1.21233721e-01 -2.37894008e-01  4.01538116e-01  1.38138447e+00
  6.44469447e-01  3.38497735e-01  4.29142692e-01 -1.08903697e+00
 -1.01519696e+00  1.07544296e-01  1.58463378e+00  3.27099148e-01
 -1.31055092e+00 -7.27491649e-01 -1.25075317e+00  4.77568476e-01
  3.48651444e-01 -6.75178415e-01  1.49596034e+00  9.78811799e-01
  9.20006124e-01  9.79783178e-02  3.77920037e-01 -9.48375973e-02
 -5.57152875e-01 -3.12427588e-01  5.27165635e-01 -4.92952567e-01
 -1.80176108e-01 -1.13104716e-01 -1.00527843e-01 -1.14277002e+00
 -1.55786783e+00 -1.03471094e+00 -8.99978665e-01  9.58014625e-01
  5.50304103e-01 -9.05389283e-01  9.77054930e-01 -2.66806948e-01
  1.05322497e+00 -1.53691114e+00 -8.64796415e-02  8.64823003e-01
  3.58543806e-01 -4.51391543e-01  1.75875103e+00 -1.26056877e-01
  1.26925335e+00 -1.13181596e+00 -7.77609976e-01  1.31846696e+00
  9.32587512e-01 -1.30912268e-01  2.41209682e-01  1.45446803e+00
  9.49392402e-01  6.32765374e-01 -2.42450981e+00  5.75680781e-01
  4.62624974e-01  1.40383745e+00  7.58767132e-01 -7.69214416e-02
  4.94012847e-01 -8.30458343e-01  9.53448484e-01  7.73696171e-02
 -5.45111483e-01  1.39512987e-01  5.28399532e-01  1.07145294e+00
 -2.26826253e-01  1.01137031e+00  6.49420423e-01 -5.75012436e-01
 -9.49458349e-01 -2.74206545e-01  1.83148169e-01  2.69589901e-01
 -9.14358598e-01  2.19325217e+00  5.17109133e-01 -1.47285768e+00
 -4.82559930e-01 -5.16118134e-01  2.32236505e-02  1.23271660e-01
  9.42530504e-01  3.04099748e-01 -1.23922775e+00  1.24186027e+00
  7.12013507e-01 -1.91241052e-01  3.09545420e-01 -8.40028718e-01
  4.93876499e-01  7.86601107e-01  1.16659079e-01 -4.70052864e-01
  4.63114695e-01  4.87472955e-02 -1.33736274e+00 -8.91794683e-01
 -9.64185858e-01 -1.01945854e+00 -6.79854371e-01  2.01222674e-01
  1.02197876e+00 -8.51538100e-01 -1.50632962e-01 -1.66204177e-01
 -8.08605856e-01 -1.90934886e+00  8.41690125e-01  5.52712612e-01
 -1.83324629e+00  1.96229566e-01 -1.60064781e-01  4.96573918e-01
 -1.00709248e+00  1.64288449e+00 -1.95442049e+00  2.97528929e-01
  3.13465687e-01 -2.62230402e-01  2.45548928e-01  7.59059779e-01
 -3.72924621e-02 -9.59213226e-01  1.19083993e+00 -2.01993405e-01
  1.05821652e+00  1.22499418e+00  2.40212043e-01  1.73992729e-02
 -9.90889807e-01  7.01334904e-01 -2.13122519e+00 -1.07173357e+00
 -2.16354804e+00 -4.42299413e-01 -2.57742342e+00  1.17488971e+00
  8.74735645e-01 -1.51931588e+00 -1.37366894e+00 -4.56038594e-01
  1.14052014e+00  1.21049956e-01  3.87203732e-01 -1.54186641e+00
  8.20178100e-01 -1.06664879e+00 -1.61985523e+00 -1.92443077e+00
 -1.26643592e+00  1.73202377e+00  2.15902445e+00 -4.30684380e-01
 -1.08405331e+00 -4.65535248e-01  1.03864612e+00  1.81746294e-01
  1.88088129e-01  1.94169534e+00  1.71380239e+00  1.18348422e+00
 -8.23340249e-01 -5.39610781e-01  3.14933923e-01  5.16652104e-01
  1.85876698e+00  1.66634581e-01  5.11538225e-01 -4.68290991e-01
  3.61039664e-01 -7.49424462e-01 -2.66681647e+00 -2.19493275e+00
 -3.39694724e-01  3.80570342e-01  1.03977148e+00  1.55157248e+00
 -4.67943114e-01  8.76309099e-01 -2.35235250e-01 -8.27386566e-01
 -5.49255682e-01  8.11863355e-01  1.69666973e-01 -3.68765556e-01
  7.03932105e-01  6.97258106e-01  1.63203296e+00 -2.86516162e-01
  1.49723467e+00  3.10166865e+00  8.63327835e-01 -1.69160339e+00
 -1.63596199e-01  2.27444316e-01 -1.36006741e-01 -6.34545257e-01
  3.18123877e-01  3.89904358e-02 -7.91187041e-01 -9.45379060e-01
 -1.22583711e+00  8.34035646e-01  8.47184340e-01  9.99746672e-01
 -1.54423483e+00  8.16725332e-01  1.69163340e-02  9.78789281e-01
  3.01684538e-01  1.13430057e+00 -1.35524599e-01  7.13677980e-01
 -9.05892651e-01 -8.62080832e-01 -3.40098703e-02  6.31422490e-01
 -4.05717834e-01  1.49267578e+00  2.10773091e+00  8.52968786e-01
  2.11067526e+00 -6.20073274e-02  1.46171315e+00  4.12137886e-01
 -8.08950620e-01 -1.05534126e+00 -1.50230815e+00 -1.63433914e+00
  6.63620848e-01 -1.25223291e+00  2.75308818e-01  2.27889067e-01
 -1.60895373e+00 -1.40497757e+00 -4.93465667e-01 -1.06607719e+00
 -5.85841262e-02  8.98987241e-01  1.82031160e+00  2.99752429e-01
 -5.84931407e-01  5.95625851e-01  9.38947613e-02  6.52380279e-01
  5.14616185e-01 -9.48046686e-01 -1.34236417e+00  3.87979160e-01
 -2.15068698e+00 -2.40208657e+00 -6.20220379e-01  1.31330061e-01
 -2.09998411e+00  2.00765600e+00 -1.07422139e+00  4.29148122e-01
  2.35648018e-01  1.66918639e+00 -9.67861443e-01 -6.55285115e-01
  1.17698362e+00  3.34069581e-01 -3.80099329e-01  9.41759036e-01
  3.75340197e-01  1.05395054e+00 -9.32219311e-01 -1.33460869e+00
  9.82824826e-01  7.80637733e-01  2.79167102e-01  1.80113901e+00
  1.32148000e+00  1.86406635e+00  7.17741233e-01 -3.05751800e-01
 -6.29394527e-01 -7.43964164e-01  1.26800608e+00  1.22789341e+00
 -1.24717522e+00  4.20343724e-01 -7.96208187e-01  1.58718537e+00
 -1.01971501e+00  9.62468125e-01  2.41354973e-01 -2.73166814e+00
 -6.86295329e-01  8.15482272e-02 -1.10815269e+00 -6.12333425e-01
 -3.20805494e-01  6.02878925e-01 -1.62198544e+00 -1.43996252e-01
  1.61002502e+00 -2.32238359e-01 -6.82955800e-01  3.08943164e-01
 -7.80264812e-01  7.73637090e-01  1.86702899e+00 -8.26299480e-01
  5.48868519e-01  9.94996099e-02 -1.51641105e+00 -2.62825840e-01
 -7.68168314e-01  7.13597529e-02  5.44870626e-01 -3.58356565e+00
 -1.51106606e+00 -8.91403175e-01  1.12720032e+00 -7.70448849e-01
 -8.07548992e-01 -6.01741390e-01  1.57036433e+00 -1.58690315e+00
  2.13848022e+00  1.01463884e+00  1.88902125e+00 -3.37123730e-02
 -2.90902773e-01 -1.28039016e+00 -1.26927015e+00 -4.54685375e-01
 -6.45580130e-01 -2.49839007e-01  9.26787148e-01  1.15750738e+00
  1.03990169e+00  6.25536659e-01 -3.12794746e-01 -2.57390071e-01
  9.96705224e-01  8.35091038e-01 -6.33355367e-01  1.50609084e+00
 -8.64140398e-01 -6.12754378e-01 -2.61722007e-01  1.23231546e+00
  9.62119462e-01  2.86336088e-01 -1.10122796e-01  5.98677125e-01
  7.40435681e-01 -1.00245020e+00 -2.14890199e+00  5.15564579e-01
  7.67968372e-01 -3.22967940e-01 -5.53076328e-01  1.58108946e+00
  3.41548342e-01  1.57002156e+00 -1.10821411e+00 -2.20525115e-01
  1.42855876e+00 -7.96476130e-01  4.32812801e-01 -4.52597728e-01
  1.18442502e-01 -4.10471420e-01  9.39642267e-01  1.00019016e+00
 -3.43861943e-01 -7.04651854e-01 -1.76675026e-02  1.32420488e-01
  9.78057860e-02  4.18831446e-01  1.89443637e+00  3.94612100e-01
  9.70823293e-02  7.72392635e-01  1.30763036e+00  4.12628215e-01
  4.75904194e-01  5.85350065e-01  4.50868202e-01  1.76503403e+00
  2.88288836e-01  1.08107085e+00 -1.59949413e+00  1.63006332e-01
  6.15309518e-01  1.29807015e+00 -3.47612208e-01  6.81659901e-01
  1.50826157e+00 -8.89851368e-01  7.65232927e-01 -1.02732690e+00
  9.40155618e-01  9.41284028e-01 -1.59402747e+00  1.26632400e+00
  4.52475132e-01 -5.30545362e-01 -8.01191763e-01  6.70426753e-01
  8.26571461e-01  1.85357896e+00  1.09602059e+00  9.65781815e-01
 -7.84230368e-01  3.54684971e-01 -1.26668662e+00  6.90949716e-01
 -2.10702385e+00  9.55996367e-02  6.17041026e-01  1.26806395e-01
 -1.02333244e+00  1.25075824e+00  5.40273770e-01  4.70870635e-01
  9.01520983e-01 -4.97229731e-01  1.99145433e-01 -1.07228161e+00
  4.70127549e-01 -2.06451929e-01  9.95458973e-01 -6.17997000e-01
 -7.99360856e-02  4.04338288e-01  4.52308175e-01 -4.26252575e-01
  1.47543468e-01  2.26936119e-01  1.53754088e+00 -3.75152369e-01
 -6.56026612e-01 -2.60251244e-01  1.19558445e+00 -2.60498880e-01
  1.42547577e+00 -3.14912782e-02 -6.28027916e-01  4.99173003e-01
  3.21737188e-01 -5.62469076e-01 -1.36882757e+00  1.68260920e+00
 -4.95032594e-01 -2.36409579e-01 -7.99262221e-01  3.15796129e-01
  1.54735232e+00 -3.85357733e-01 -1.93954356e+00  2.51721671e+00
 -1.27440225e+00 -4.28633657e-01  2.45323264e-01 -1.17523975e+00
 -1.81079110e+00  5.86237371e-01 -2.60526558e-01 -1.43470499e+00
  1.26361631e+00  7.45534880e-01  5.49664642e-01  7.94680681e-01
 -4.16264586e-01 -8.23501544e-01  1.98009252e+00 -1.23949315e-02
 -2.04961337e+00 -5.91037812e-01  1.38073037e+00  9.50091780e-01
 -9.15891859e-01  1.34289599e-01 -1.24266316e+00  3.91507965e-01
 -6.97637952e-01  1.28528069e-01  9.46083128e-02 -2.72102250e+00
  5.86881363e-02  1.49276851e+00 -1.24237203e+00  6.69367895e-01
  2.19470824e-01  1.08064137e+00 -7.48455820e-01 -1.12614535e+00
 -1.01550606e+00 -1.18742058e+00 -4.44219120e-01 -7.45491114e-01
  6.24552071e-01  9.45292260e-01  7.81006820e-01 -7.20923840e-01
 -2.54002623e-01 -7.58620816e-01 -7.50764887e-01 -4.95527941e-01
 -2.81083482e-01 -1.02533725e+00  3.97242482e-01 -1.76949186e+00
 -2.76777219e-01 -6.87219714e-01 -1.15862493e+00 -1.60918386e+00
 -2.17606324e-01  4.31590575e-01 -4.11927300e-01  1.24027361e+00
  6.61664739e-01  9.54710229e-02  1.52188950e+00 -6.13132623e-01
  1.25513242e+00  1.85298417e+00  1.17818570e+00 -1.26472299e+00
  7.06427284e-01 -4.46659954e-01 -1.26456922e+00  8.12418513e-01
 -9.62129125e-01 -9.53787959e-02 -5.33197492e-01  1.15857089e+00
 -8.71884351e-01 -1.34118776e+00 -4.17816008e-02 -1.23760953e-01
 -1.53920311e-01 -1.51507662e+00 -8.36040003e-02 -7.90935746e-01
  1.28428978e+00  7.91637147e-01  4.82694587e-01 -2.98451459e-01
  8.97722046e-01 -4.62117945e-01  3.40009696e-01  1.04013959e+00
  7.99846379e-01 -6.02071978e-01  1.43216478e+00  6.12716800e-01
  4.54003501e-01 -2.23645838e+00  4.13124113e-01  5.89714068e-01
  3.08304171e-01 -5.99544937e-02 -1.03328349e+00  1.06368191e+00
 -6.60979675e-01 -1.52387595e+00  2.14192279e+00 -1.06192203e-01
  1.45434575e-01  7.75524218e-01 -1.28916678e+00  4.87810058e-01
  2.51817791e-01 -1.89335648e+00 -8.81864337e-01  1.74686933e+00
  9.99636804e-01 -7.60116881e-01 -4.17478490e-01  1.23861531e-01
  2.75693817e-01 -9.76278136e-01  5.20821823e-01  2.84583332e-01
  3.53925674e-01  8.09188597e-01  1.33214901e+00 -5.44226694e-01
  4.45085918e-01 -1.63369091e+00  8.06971135e-02  1.52946777e+00
 -4.06698713e-01 -1.50030706e-01  6.87112656e-01  1.14155472e+00
 -2.84500816e+00  3.55869473e-01  1.33302305e+00 -5.31057394e-01
  4.93635751e-01  2.98066021e-01 -9.24206208e-01  4.40705625e-01
  2.61652849e-01  6.66198111e-01  1.92716644e-01  3.14782257e-01
 -1.43501395e+00  8.79838091e-01 -1.25767403e+00  5.73392182e-01
 -6.94992045e-01  3.21921018e+00 -8.67709721e-01 -4.75481880e-01
 -3.45903608e-01  5.15451244e-01 -4.98893139e-01 -2.16902183e-04
  7.88690053e-01 -5.98237384e-01  4.27192112e-01 -4.16701268e-01
  4.26823819e-01  1.42465949e+00  1.38088438e+00  5.08459084e-02
 -5.43325139e-01 -1.52404506e+00  4.05885144e-01 -5.31009409e-01
  1.59449289e-01 -2.26881092e+00  9.89906417e-01 -5.00190656e-01
 -6.35822536e-01  6.55731146e-02 -1.57659212e-01  1.67367951e+00
 -6.28093176e-01 -2.08528750e-02 -7.22061845e-01 -3.66592738e-01
 -2.61953232e+00  1.56072390e+00 -2.02165470e-01  9.02095764e-01
 -4.24823734e-01 -1.33165839e-01  6.69712176e-01 -1.02062850e+00