-1.24451531e+00  2.07138670e+00 -6.97701116e-01  5.79784414e-01
  3.27588250e-02 -3.99124876e-01 -1.85102672e-01 -4.69702706e-04
  7.67140225e-01 -8.01576829e-01  5.97537066e-01 -9.12556422e-01
  7.26627864e-01 -2.12193726e+00  5.66549789e-01  6.43224259e-01
  7.04473714e-01 -7.74727083e-01  2.14418565e+00  2.59811574e-01
  1.73491094e-02 -2.94736830e-01  3.94609705e-01  8.35952176e-01
 -1.31187339e+00 -2.75942812e-02  2.84466427e-01 -8.10683081e-01
  9.96903530e-01  1.08523974e-02 -3.15151396e-01  2.37747217e-01
  4.41161898e-01 -8.19288550e-01 -5.51458544e-01  1.59273486e+00
  7.79828144e-02 -4.76418746e-01  9.50555692e-01 -9.26155037e-01
 -2.11736794e-02 -6.28795159e-01 -6.16839188e-01 -4.71187157e-02
 -7.93391656e-02  1.23530055e+00 -1.34620523e-01  5.40272765e-01
 -8.29811927e-01 -1.97387331e-01 -2.24782245e+00  1.04650152e+00
  7.93504527e-01  1.15870834e+00  1.45420555e+00 -1.89559149e+00
 -8.35384104e-01  1.47564080e+00 -1.68402978e+00 -9.86631645e-01
  1.18616211e+00 -3.98815444e-01 -6.42529117e-01 -7.83150835e-02
  6.05137093e-01 -9.96712485e-01 -8.68613773e-01 -2.62100931e-01
  4.54312507e-01 -3.68748434e-01  2.45231551e-01  1.30066708e+00
  1.77893084e-02 -2.71093926e-01 -4.82162288e-01 -3.53614055e-01
 -1.22740012e+00  2.38617677e+00  5.39178774e-01  1.27451236e+00
  8.41511176e-01  4.32927518e-01  1.43251473e-01 -7.06615485e-01
 -1.05049306e+00  6.22702984e-01 -2.12133380e-01  1.87841617e+00
  9.01764596e-01  1.10638999e-01 -6.14631132e-03  1.30493173e-01
  8.75545164e-01  2.32380819e-01 -4.44071503e-01  8.73124153e-01
  1.00020165e+00 -6.04986718e-01  1.31251196e+00 -6.54622995e-02
  7.40255328e-01  3.11783361e-01  8.84015054e-01 -1.25842028e-01
 -1.33998001e+00  1.40151618e-01  2.80328106e-01 -2.62800958e-02
  3.09851066e-01 -2.31012385e-02  1.08600926e+00  7.89911430e-01
  4.32951437e-01  2.00866699e-02  6.26866313e-01 -1.42873790e-01
  1.23130325e+00 -3.81486186e-01  4.88136110e-01 -1.59488759e+00
 -6.85725511e-01 -9.89658746e-01  3.07610300e-01 -2.63963840e-01
 -1.94757651e-01 -1.73447933e+00 -1.18194672e+00  6.88559791e-01
 -2.71807297e-01  1.08939414e+00 -9.06483630e-01  5.80924716e-01
 -3.50292589e-01 -1.28560259e-01 -9.71501985e-01  1.75950590e-01
 -2.67017692e-01 -7.93190704e-01  1.31730909e+00  7.82633036e-01
  4.25044459e-01 -1.27464526e+00 -4.89267463e-01 -7.34498903e-01
  4.71562967e-01  1.36320513e+00  1.00096091e+00  5.07867360e-01
  1.05471286e+00  6.90710194e-02 -8.78553670e-02  1.48070168e+00
  8.81306571e-01  1.68136632e+00 -3.85861261e-02 -1.25149989e+00
 -1.82048669e+00  8.03678493e-01  2.20533647e-01 -1.25858027e+00
  3.96939356e-01 -5.38064006e-01 -5.79595184e-01 -7.75725751e-02
  8.41018618e-01  1.05929508e+00  1.64774760e+00  2.11396429e-01
 -1.21935769e+00 -9.80588225e-01 -1.11465214e+00  2.27073154e+00
  8.82679959e-01  2.65243951e-01  1.82092063e+00  2.89243757e-01
  2.14422266e-01 -1.31852410e+00  1.27812601e-01 -6.44214488e-01
  3.21457977e-01 -6.24583187e-01 -1.23815678e+00  6.84769471e-01
 -2.70832885e-01 -4.36492544e-01 -1.76912459e+00  3.27164148e-01
 -3.09565591e-01 -7.21128289e-01 -4.72349111e-01 -1.05950448e+00
  1.64286842e+00 -6.03389347e-01  3.87753662e-01  1.39972975e+00
 -1.96126224e+00  3.77304626e-01 -9.13225721e-01  8.56130890e-01
  1.18243108e+00  4.84257324e-02 -3.95651044e-01 -1.73439372e+00
 -4.31467857e-01  9.13089979e-01  8.72831593e-01 -3.99250055e-01
 -4.49841444e-01  1.54685900e+00  5.02463896e-01  5.60702513e-01
  1.63472707e-02 -1.80009911e-01  4.23430091e-01  1.65909998e+00
 -4.91578643e-01 -1.19293977e+00  2.50829861e+00  2.47725102e-01
 -8.52382536e-01  2.43273980e-01 -4.91266581e-01  1.18176766e+00
  1.26886287e+00  2.55698949e-01 -7.37227722e-01 -3.41857361e-01
  4.90626962e-01  1.97529899e+00 -1.63125316e-01 -1.86277950e+00
  1.28142737e+00 -5.67510277e-01 -9.44407953e-01 -1.31904832e+00
  1.65359347e-01  4.73180848e-01 -1.69701028e+00 -1.41125454e+00
 -3.99155113e-01 -3.80126439e-01 -2.90337040e-01 -2.44706741e-01
 -5.99995638e-01  3.98626124e-01 -8.15012290e-01  1.52793790e+00
 -5.10654279e-01  1.05187422e+00  8.78264949e-01  2.63797977e+00
 -9.21993921e-01 -4.99492622e-01 -1.95435203e+00  1.98256804e-01
 -8.10483098e-01  1.25514320e+00  9.01808545e-01 -1.05095850e-01
 -1.11354760e+00  1.11637815e+00  1.28902756e+00 -4.13285054e-01
 -6.35336966e-02 -1.06581165e+00 -1.81332722e-01 -9.15156606e-01
 -1.17579816e+00 -1.01621901e+00  1.20143705e+00 -3.76155282e-01
 -4.64251867e-01 -3.78533563e-01 -1.66302869e+00 -2.64842899e-01
  3.48083096e-01  5.64842542e-02 -1.01424014e-01  5.47578891e-01
 -1.35520284e+00 -3.45379266e-01 -5.99116515e-01 -1.49626229e-01
  5.54888687e-01  1.78074015e+00  9.86569399e-02 -6.42973713e-01
  5.69630027e-02 -1.40065793e+00 -1.28242584e+00 -1.02185301e-01
  1.95783306e+00 -1.53441733e+00 -4.64261225e-01 -4.73927956e-01
 -1.04540400e+00 -9.04688424e-01 -4.20105784e-01  2.04143560e+00
 -8.35034773e-01  1.07513376e-01  9.15765096e-02  6.81916322e-01
  8.71056957e-01  5.02417034e-01 -8.44517063e-01 -4.51308839e-01
 -1.62510508e+00 -9.82893866e-01  1.45068213e-01 -7.36681465e-01
  1.15952327e+00  4.80756906e-02 -1.38908233e+00  1.02163616e+00
  7.48595290e-01  1.31721925e+00 -1.97074142e-02  1.38799751e-02
  6.04256493e-01 -2.55100989e-01 -7.18775711e-01 -7.03926989e-02
  9.56053321e-01  7.22072478e-01  7.55483873e-01 -5.43840270e-01
 -5.91813767e-01 -1.22928844e-02 -6.86102218e-01 -5.99850541e-01
  6.17525761e-01  5.33281574e-01 -9.70784148e-01  2.47226469e-01
 -1.29879340e+00 -1.98502656e-02  3.28299202e-01  2.25194162e-01
 -4.21809439e-01 -3.98528810e-01 -3.69938486e-01 -2.65014887e-01
  4.93284374e-01 -1.12741993e+00 -2.17468329e-01  1.49539283e+00
  1.28374886e-01  1.93697803e-01  1.09001980e+00  6.09999298e-01
 -6.14026610e-01  1.95203267e+00  1.00584335e+00  7.66495971e-01
  1.08369822e+00  6.24937102e-01 -7.19364906e-01  5.24877821e-01
  1.10043328e+00  2.01373789e+00  4.09924867e-01 -1.18083026e+00
  8.51241224e-02 -3.06154758e-01 -1.32089498e+00  1.54109777e-01
 -2.07548624e+00  4.30511604e-02 -3.12868843e-01 -1.99532333e-01
  7.42687477e-01 -4.06300120e-01  8.84666074e-01  1.85539398e-01
 -3.00538626e-01  1.50657120e+00  5.38067815e-01  6.23314002e-01
  2.07742547e-01 -6.54854121e-01 -1.29409028e-01  7.81909367e-01
 -2.89901767e-01  2.21340241e+00 -2.89582009e-01 -1.59739034e-01
 -1.48723380e+00 -4.71850109e-01 -6.99331533e-01  1.16079806e+00
 -6.31277081e-01 -1.05384576e+00 -9.30381052e-01 -1.41019422e+00
  8.83328289e-02 -3.44763146e-01  3.28338256e+00 -8.56814462e-01
 -4.00621989e-01  1.46660421e+00 -1.87966435e+00  2.96570779e-01
 -8.52734045e-01  1.86316999e+00  1.41713004e-02 -5.96753766e-01
 -1.88270011e+00  6.83699540e-01  3.13516262e-01  1.31948137e+00
  1.04150870e+00 -3.44423862e-01 -2.23851023e-01 -1.73031620e+00
  2.82562782e-01  6.86207129e-01  7.16500923e-01  6.31110076e-01
  7.77178509e-02 -1.09058321e-01  7.30418906e-01  7.24866677e-01
  7.33020687e-01 -3.24309241e-01  2.21072531e+00  1.02509134e+00
  7.65401756e-01  1.02430855e+00 -2.67699557e-01  5.13079856e-02
 -1.36855907e-01 -6.51543102e-01  1.48349740e+00 -6.94407451e-01
  4.52431455e-01 -8.09353653e-01 -5.47804557e-01  7.57002350e-02
  1.54896303e+00 -8.64196916e-01  1.27601926e+00  1.40589582e+00
 -4.74116736e-01  6.45518969e-01 -2.90049963e-01  1.56868650e+00
 -1.52809580e+00  2.75263863e-01 -1.87771733e-01 -8.95380648e-01
 -3.03247874e-01 -4.03763354e-01 -1.14989998e+00  2.05623315e+00
 -7.69707908e-01  1.07817113e+00 -1.66122133e+00 -9.78129038e-01
 -7.66713866e-01 -1.62902680e+00 -1.42958000e+00  2.89836964e-01
  1.04136537e-01 -8.15313242e-01 -5.19929378e-01  1.12106936e+00
 -8.06518234e-01 -7.97704646e-01 -4.78064262e-01 -1.52515075e+00
 -2.63962103e-02  1.20413950e-01  9.14747605e-01  2.75462462e-01
 -8.61214929e-01  1.40666298e+00  1.87310604e-01  7.54959680e-01
 -5.19605262e-01 -5.80411926e-01 -1.21526610e-01  1.46422831e+00
  7.82803664e-01 -6.63694243e-01  9.75749314e-01 -1.56540576e+00
 -8.01156868e-01  6.26881479e-01  2.23151587e+00  3.61555546e-01
  3.04040082e+00 -5.40272362e-01  2.47311069e-01 -5.14928880e-01
  3.58645416e-01 -7.52761081e-01  5.51238214e-01  1.94916865e-01
  2.55417541e-01 -1.07465312e+00  7.72764631e-01 -1.80271109e+00
  1.41674082e+00  6.64509601e-01  1.23361924e+00  4.90637386e-01
  1.51661516e-01  3.91614621e-01 -7.93044960e-01 -6.87444223e-01
  6.60581634e-01 -1.00603785e+00 -1.45139473e+00 -7.84301463e-01
  6.59297971e-01  4.16180219e-01 -9.17978963e-01  7.37668347e-01
  5.94083894e-01  8.44278129e-01  3.57361959e-01 -1.14040988e+00
 -6.86400160e-01  8.10491166e-01  2.80832267e-01 -1.65930965e+00
  1.66081363e-01  8.59014566e-01  6.85329926e-01  4.98207883e-01
  1.05601477e+00 -2.57494251e-01 -2.72777202e-01  3.16221788e-01
 -1.78320611e+00 -2.12659800e-01  1.06610154e+00  4.27470017e-01
 -1.02892351e+00  2.19256530e-01 -1.74327811e+00  7.05427403e-01
  5.20400878e-01  1.82175390e+00 -1.83095192e+00  5.05687793e-01
 -2.09376439e-02 -2.18922085e+00  2.55259413e+00 -6.09001306e-01
 -2.57457651e-02 -6.07485997e-01  8.47180748e-01  7.65599319e-01
 -1.11347021e+00  4.24050774e-01 -1.95578238e-01 -2.31658009e-01
 -7.62918229e-01 -7.93945190e-02 -4.53603466e-01  1.01716284e+00
  3.66377188e-01  2.87514918e-02 -1.90703697e+00  7.83955794e-01
  4.52134786e-01 -2.85880439e-01  2.09933294e+00 -8.77892950e-01
  5.48839005e-01  1.14006452e+00  1.48801359e-01 -1.72109162e+00
  1.55775173e+00  1.57617211e+00 -1.72148171e+00  8.84263602e-01
 -1.62471044e+00 -2.02351429e-01 -2.00998340e+00 -1.07557528e+00
 -1.37989787e+00 -1.89730040e+00  4.34426387e-01  9.18597253e-01
 -9.83331928e-01  5.78434137e-01  1.25280422e+00 -2.04517547e-01
 -1.00061408e+00  2.51331537e+00  8.39273945e-01  1.45791792e+00
  1.95441212e-01 -4.19638403e-01  6.45114052e-03 -1.95862462e-01
 -2.49446005e-01 -3.79321238e-01 -9.61494896e-01 -2.09705755e+00
  2.82739814e-01  9.62593376e-01 -1.79974615e-01 -2.31060853e+00
  6.69402939e-01 -5.46646461e-01  9.98705766e-01 -1.51460012e+00
  4.68212144e-01 -1.62827407e+00  1.33422530e+00  1.71773286e+00
 -4.56596778e-01  3.24136475e-01  9.38301508e-01 -6.90173057e-01
  1.63195349e-01 -1.25167839e+00  5.11237417e-01 -9.40632722e-01
  5.60095043e-01 -8.61183700e-01  1.27119072e+00  9.84150070e-01
  2.70684198e-01  7.17791921e-01 -1.83455149e-01  7.57277909e-01
  4.95804838e-01  2.38416027e-01  1.81194425e+00 -6.54741189e-01
  1.36556663e-01 -7.87097479e-01 -1.75402811e-01  7.74260161e-01
  2.80649996e-02 -7.54052281e-01  3.69157681e-01 -4.54282622e-01
 -7.84868617e-01  9.38217344e-01  1.02672400e+00  3.63215971e-01
 -1.78843217e+00 -1.34805537e+00  1.97360126e-01 -2.08151523e-01
 -4.55018236e-01  1.75887125e+00 -2.39685584e-01  5.44238318e-01
  3.71201560e-02 -2.35929716e+00  1.49703650e+00  1.33816031e+00
 -2.90348280e-01 -2.04924844e+00  7.30585852e-01  1.96136411e-01
  5.11032406e-01 -9.90307930e-01  1.51257214e+00  1.15802111e+00
 -6.13900182e-01 -5.89109430e-01 -5.62996219e-01 -4.44667669e-01
 -1.55676436e+00 -2.38209122e-01  2.21150255e-01  6.93600702e-01
  2.25634391e+00  1.36833151e+00 -1.21686558e+00 -1.39097233e+00
 -2.77902914e-01  8.65494664e-02 -2.60561141e-01 -1.05456317e+00
  6.07471016e-01  5.54266254e-01 -3.64982313e-01 -1.09689247e+00
  6.26044362e-01  1.77469055e-01 -6.35719850e-01  8.01953690e-01
 -5.28037168e-01 -4.25732918e-01 -5.17884083e-01 -1.32073288e+00
 -1.20997881e+00  1.59693333e+00 -7.62921111e-03 -1.34996236e+00
  2.63715621e-01 -8.65551037e-01  1.43454531e+00  6.33555813e-01
 -3.45419503e-01 -3.66344271e-01  1.12659606e-01  1.14629025e+00
  1.75559193e+00 -2.56156722e-01  3.47990384e-02  3.31637152e-01
  8.35677241e-02  6.56110690e-01  1.18114184e+00  2.00152897e-01
 -8.40875255e-01  1.14621323e+00  9.81551060e-01  1.03787336e+00
 -3.34409346e-02 -2.14412365e-01  9.57427641e-01 -1.99317686e+00
 -1.30828549e+00  1.22671697e+00  2.81580248e-01 -1.11475194e-01
  1.34069914e+00  9.12509049e-01  3.26813488e-01 -2.58939936e-01
 -8.22093423e-01  6.91805783e-03  1.86730796e-01 -3.39493960e-01
  5.09424860e-01  9.84797402e-02 -4.58975891e-01 -2.70736797e+00
  5.36719431e-01  4.30543936e-01 -1.88236664e+00 -1.49725155e+00
 -1.12100506e+00  3.31458730e-01  4.93892236e-02  9.71642300e-01
  2.96916744e-01  8.58099122e-01  3.89701130e-01 -2.63911330e-01
  9.00764339e-01 -1.04036537e+00 -9.85084031e-01 -9.92092614e-01
 -1.02627353e+00  1.22511265e+00 -7.82282697e-01 -5.49791396e-01
 -2.20252210e+00 -2.83421380e-01 -2.98414002e+00 -2.07548714e+00
 -1.14042599e+00 -3.49346273e-01 -1.53091288e+00 -3.07303307e-01
 -4.23634259e-01  8.58745751e-01  1.65600822e-01  7.63604771e-01
 -5.35948344e-01 -1.19230697e+00 -1.06511459e+00  3.63318035e-01
 -5.95781056e-01  1.58237540e+00 -2.97918400e-01 -6.34561082e-03
 -1.49632623e+00 -8.54968250e-01  2.01669889e-01  1.03978967e+00
 -8.41853870e-01 -1.39658777e+00  5.55007403e-01 -9.57485232e-01
  1.76031725e+00  1.95425558e+00  1.26832124e+00 -4.56917088e-02
  6.20016613e-01  4.75403998e-01 -1.18841996e+00 -2.08410271e-01
 -1.01528357e+00  1.86286690e-01  3.57512344e-01 -1.69959085e+00
 -1.95354792e+00  2.63880006e-01 -1.05364343e-01 -2.59566837e-01
 -7.79152170e-01  1.03139625e+00  7.26058626e-01 -2.23369114e-01
  3.06114057e-01  1.33120680e+00 -9.05579418e-01  2.00734803e-01
  3.79194876e-01  6.11750545e-01  9.45193907e-02  8.55943678e-01
 -1.00495670e-01  1.41754818e-01 -6.34720646e-01 -1.46076467e+00
 -4.47874890e-01 -1.35948304e+00  1.41886172e+00 -2.09572829e+00
  3.15507592e-03 -5.28207808e-01  8.09558841e-01  5.40866049e-01
 -6.32814250e-01  3.30285884e-01 -7.87311607e-01  7.38352146e-01
 -2.19056138e+00  3.62654768e-01  1.23328031e+00  4.90475110e-01
  1.43380772e+00  1.27828909e+00 -3.66648980e-01  1.20839286e+00
 -2.85074839e-01 -5.42630574e-02  1.09621023e+00  8.07023499e-02
 -7.07011960e-01 -4.05274018e-01 -3.77658682e-01  3.95815888e-01
  1.01743682e+00 -7.92354097e-01 -1.30891381e+00 -6.16995495e-01
 -6.02238438e-01 -6.17373859e-01  4.37306742e-01 -2.23926801e-01
  1.21983445e-01 -7.50302983e-02  1.44777857e+00 -1.88220629e+00
 -1.20795774e+00 -8.85032089e-01 -1.90302172e-01 -9.10300948e-01
 -2.64283992e-01 -9.90922663e-01 -1.15266989e+00 -4.73095243e-01
  5.79058939e-01 -1.09551678e+00 -8.42604544e-01  5.44471679e-01
  3.64201544e-01 -1.30366536e+00 -9.75186635e-01  2.25798124e-01
  1.70438984e+00 -3.36390717e-01  8.44825179e-01  9.01065218e-01
 -1.38309445e+00 -2.06741686e-01  1.06229185e+00  1.43839955e+00
  4.00305937e-01 -2.22424400e-01 -7.18218156e-01 -1.61065118e+00
 -2.23019855e-01 -6.09917412e-01  2.51749794e-01 -4.64983344e-01
  7.00661508e-01 -3.32461380e-01 -9.89133690e-01  1.28808325e-01
 -3.10281368e+00 -1.05680568e+00  1.53718043e+00 -9.16140170e-01
  3.11861536e-02 -9.71202203e-01  1.18002321e+00  7.28859914e-01
  6.69515017e-01 -1.60826138e-01 -2.00306213e-01  3.81368954e-01
 -1.26541501e+00 -5.00559333e-01  8.27797425e-01 -1.07794812e+00
 -8.74978079e-01  2.01497949e+00  2.98215808e-01  2.43236117e-01
 -4.17612733e-01  1.63447323e+00  1.22534987e-01 -7.50896390e-01
 -4.88575792e-01 -1.65772757e-01 -1.53494011e+00  1.87098289e-01
  1.35379723e+00 -1.33301880e+00  7.41611729e-01 -2.21780493e-01
 -1.22510525e+00 -7.86918221e-01 -1.04380135e+00 -1.43539890e+00
 -6.05800546e-01  1.33901213e+00  5.34634339e-02  8.85228687e-01
 -2.60503289e-01 -1.04033833e+00  8.33185931e-01 -4.51456122e-01
 -1.52752550e+00 -1.43790022e-01  7.67971538e-01 -1.58856647e-02
 -8.31980104e-01  9.70323441e-01 -3.28659923e-01  9.10036897e-01
  4.24709880e-01 -1.00419119e+00  2.58204770e-01  3.84978766e-01
 -2.88466333e-01 -1.02412847e-01  1.12664239e+00  6.04137416e-01
  5.06647950e-01 -1.21070095e+00  7.22942024e-01  1.47081131e+00
 -1.04880423e+00  1.71045713e+00 -5.39410679e-01  1.53560260e+00
  2.32498590e-01 -3.68102905e-01  7.29685865e-01  4.50464732e-01
  3.79481890e-01 -9.00498415e-01  6.69267631e-01 -8.29992334e-02
  1.07436251e+00 -4.08650252e-01 -1.86223617e+00 -1.02182370e+00
 -2.31267024e-01 -4.65340070e-01 -1.19608207e+00 -7.30273707e-01
  8.76943464e-01  1.77751632e+00 -5.66777112e-01  1.21669253e+00
 -2.37075056e-01 -1.55956115e+00  2.63922280e-01 -9.38102529e-01
  8.60901688e-01  8.40970464e-01 -1.05004080e+00 -1.79931308e+00
  3.77712748e-01 -3.45225927e-01  2.46803496e+00 -5.04213082e-02
  2.52900997e-01 -1.68455216e-01 -1.52290151e+00  1.15082979e+00