-4.87251175e-01 -7.34740449e-01  7.60724529e-01  1.50087605e+00
  1.28319554e+00 -1.10833890e+00 -3.14067218e-01 -1.31570885e-01
 -2.53400267e-01 -8.08685439e-01  9.15194686e-01 -2.17623979e+00
 -5.56986081e-01 -9.89505194e-02  4.73506285e-01 -1.15867299e+00
  1.22666574e+00 -5.78387093e-01  8.63942505e-01 -1.79094418e-01
 -1.42630923e+00 -2.28901150e+00  1.90772410e+00  7.48104127e-01
 -1.92782806e+00  4.13336169e-01 -7.32338678e-01  3.55214789e-01
  7.67622902e-01  5.55537211e-01  1.90518797e+00  5.44744739e-02
  3.16807388e-01 -1.38213920e+00  1.24341219e+00  1.02008475e-01
 -2.84510868e-01  1.05500914e+00 -3.18426269e-01 -1.33845585e+00
  4.75497182e-01 -1.62720194e+00 -9.58257302e-01 -1.80520828e+00
  3.80683360e-01 -2.42160350e+00  1.25105892e+00  1.26767598e+00
 -1.45397415e+00 -1.69067548e+00  1.46018773e+00 -1.74280159e+00
 -3.53555812e-03 -8.24167668e-01  1.29903095e+00  1.58424510e+00
  2.09538371e-01 -3.70085448e-01  2.18669110e-01  9.63125807e-02
  6.04382327e-01 -7.00173531e-01 -4.35577743e-01  2.26937279e-01
  5.73221914e-01 -1.41796370e+00 -1.04951146e+00  1.29299967e+00
  3.98950916e-01  1.39747105e+00  4.84609572e-01 -7.28483817e-01
 -3.65766249e-01  6.70687466e-01 -7.27172048e-01  8.06459824e-01
  5.30999680e-01  7.31409565e-01  8.84010937e-01  5.58143668e-01
  3.80543381e-01 -9.94949020e-01  5.39683232e-01 -9.41494952e-01
 -1.26323324e+00 -1.55966549e+00  9.74703054e-01 -4.88329083e-01
 -2.59378259e-01 -1.20387999e+00  7.47831920e-02 -1.60562665e+00
 -1.18212941e+00  1.06871773e+00 -1.32100453e+00  6.74770508e-02
  1.62249904e+00 -5.54385785e-01 -5.18085781e-01 -1.28772481e+00
  3.33063583e-01 -1.03281847e+00 -1.69633841e+00 -2.21615091e+00
 -2.79780903e-01  1.26197763e+00  2.19228436e+00  1.25700831e+00
  5.91887973e-01 -1.89810976e-01  6.71265092e-01 -3.98385731e-01
 -9.30072331e-02 -1.41330732e+00  6.32039119e-01  1.13343823e+00
 -2.47570252e+00  2.31472331e-01 -9.58420199e-01  1.75304904e+00
  9.60586464e-01 -7.79011823e-01  1.53751311e+00  1.99229779e-01
  6.23898368e-01 -7.07909296e-01  7.26845045e-01 -6.89688438e-01
  1.33814582e+00 -8.15312642e-02 -2.02733096e+00  4.58994706e-01
  4.14628346e-01  1.80625660e+00 -9.97588737e-01 -4.40442134e-01
 -5.62805060e-01 -5.91456538e-01 -4.77069068e-02  3.80771067e-02
 -1.95479304e+00  1.10340885e-01  7.81567800e-01  2.88141629e-01
  6.50661281e-02  5.45734896e-01  7.92866559e-02  1.18010015e+00
  7.25196224e-01 -2.30102518e-01  1.03564037e+00  2.24896166e+00
 -1.46927773e+00 -3.15711903e-01  6.94764181e-01  1.17504526e+00
  1.09096254e+00 -2.16585451e+00  8.43329198e-01  8.43949458e-01
 -7.79918094e-01 -1.87899878e+00  8.44977279e-01 -1.20234814e-01
  8.96302279e-02 -1.19083635e+00  1.49109149e+00  2.17142061e+00
  2.50676749e-01  1.27345329e+00  4.43134893e-03 -6.58911495e-01
 -5.46706403e-01  2.96416954e-01 -1.26190589e+00 -4.24494863e-01
 -1.24899677e+00  2.10210245e-01 -3.68621507e-01 -7.61023790e-01
 -8.00012095e-01  1.56484614e+00  1.11267536e+00 -5.14291659e-01
  1.84808634e+00 -2.07758618e+00  2.40308054e+00  1.29714641e+00
  3.33225476e-01 -1.54461233e+00 -1.92469471e+00 -4.87368774e-01
  3.45062895e-01  1.04624233e+00 -1.99715464e+00 -1.71166809e+00
  4.32786327e-01  6.68063242e-01  1.14973264e-01  1.99108811e-01
 -3.35626662e-01 -1.12446806e+00  6.48811835e-01 -1.76283382e+00
 -1.59001243e+00 -8.45987756e-01  1.15653306e-01  1.42481839e-01
 -6.53204254e-01 -6.08844352e-01  4.97684810e-01  1.40557876e+00
  1.46350120e+00 -1.17321437e+00  9.71529511e-01 -2.74506765e+00
 -1.33765758e+00  1.17915431e+00  7.82037243e-01  6.76679894e-01
 -4.49491166e-01  3.49224644e-02 -1.25421214e+00 -3.28755227e-01
 -4.22852395e-01 -9.77436577e-02 -1.19363030e+00 -2.16106100e-01
  3.79988405e-01  7.38445247e-02  6.90430342e-01 -9.32804831e-04
  1.02113319e+00 -7.38407684e-03 -7.50324104e-01 -3.19708571e-01
 -2.30180675e+00  1.62494651e-01  8.57420617e-01  1.17767219e-01
  3.91568536e-02 -1.09708524e+00  1.85363784e+00  4.44883640e-01
  2.54578612e-01  6.24205702e-01 -5.64375089e-01 -1.20864357e+00
  1.62633565e-01 -7.40866342e-01  5.78353862e-01 -7.48053845e-01
 -5.34937414e-01  8.49686771e-01 -3.07507927e+00 -2.04646336e+00
  9.94508856e-01 -4.85720688e-01  7.61671619e-02 -1.20456661e+00
 -3.39986914e-01  1.42863102e+00  1.34119033e-01  1.43457424e-01
  1.38024844e+00 -3.19478250e-01 -1.91825377e+00  3.06747370e+00
  4.32537510e-01 -4.91328773e-01 -1.19933612e-01  5.64607578e-01
 -2.72373891e-01 -7.93518059e-01  1.25441421e+00 -6.68402753e-01
 -5.20224016e-01 -2.21403216e+00  1.81063722e+00 -5.22260236e-02
  1.68534035e-01 -2.46429672e-01 -1.27325460e-01  3.67102709e-01
 -2.81499897e-01 -1.13606643e+00 -1.53041168e+00  9.55438467e-01
  3.82835374e-01 -3.29138237e-01 -3.95858424e-01 -2.08542248e+00
 -8.02763214e-01  1.12628016e+00 -2.53093424e+00  5.62279099e-01
  8.99488900e-02  7.97843168e-01 -8.38947251e-01  1.29709749e+00
 -2.62823018e-01  1.17169756e+00  6.38099706e-01  1.06195084e+00
 -2.92692586e-01  7.44829560e-02 -2.81307568e-01 -5.85000831e-01
 -6.70567856e-01 -6.38903680e-01  8.27631180e-01 -1.13474729e+00
 -1.84560705e+00  3.86611982e-01 -3.46973023e-01 -1.02412140e+00
  1.27275663e+00 -1.53147102e+00 -5.98179902e-01  1.54606274e+00
 -8.33331208e-01  4.10755354e-01 -2.46205636e+00  1.84437995e+00
 -1.29116581e+00  6.12036151e-01 -5.88484797e-01 -4.40949310e-01
  6.17968425e-01  1.40711817e+00 -3.33590406e-01  1.08080719e-01
 -1.96270294e-01 -9.84361814e-01 -4.15797510e-01  9.09557805e-01
 -1.21129887e+00  8.44601868e-01 -1.42004288e+00  6.97148352e-01
  8.15221731e-01 -3.66542767e-01  6.02834955e-01 -5.41621302e-01
 -5.63336253e-01 -5.60161820e-01 -1.33909708e+00  1.29213095e+00
 -7.95756418e-02  6.83800819e-01  2.01152498e+00 -1.05688008e+00
  2.66142304e-01 -6.24826353e-01  1.07657682e+00 -3.49132693e-01
 -1.02602972e+00 -7.56019559e-01  6.10901441e-01  1.13806766e+00
 -1.12102465e+00 -1.02097988e-01  9.58045281e-01  1.43292488e-01
  2.86640971e-01 -1.50951717e+00 -5.92412985e-01 -2.51812521e-01
 -1.41941951e+00 -3.95222878e-01  1.16800496e+00 -4.13185471e-01
  5.65748698e-01 -7.28512085e-01  7.36914603e-01  8.62919897e-02
 -4.76782786e-01 -7.04584333e-01  1.44398277e+00 -4.54538439e-01
  2.31032352e-01 -4.83212630e-01  1.67932113e+00 -9.21523114e-01
 -6.19356502e-01  6.64641011e-01 -3.43192100e-01 -2.76412982e-01
 -9.26028144e-01  1.58507832e+00  9.64420091e-01  3.35599961e-01
  7.06476034e-02  4.07054126e-01 -8.19950491e-01  7.25938211e-01
 -6.68017068e-01  8.46409071e-01  3.68343169e-01 -6.74691309e-01
 -3.81722578e-01  1.34517826e+00  1.08620144e-01 -1.53984684e+00
  1.16865109e+00 -2.05187311e-01  2.50499574e-02 -6.61022835e-01
  2.00902775e+00 -3.86038705e-01  1.41340647e-01 -8.47547467e-01
  2.23843669e-01  9.08127851e-01  4.22769970e-01  1.92449211e-01
 -9.20081770e-01 -1.35514999e+00 -5.87268704e-01 -2.01899816e+00
  1.06639754e+00 -7.22026000e-01  1.39995411e+00 -6.15412572e-01
 -1.08462709e+00  6.85042904e-01 -5.37259584e-01 -1.27737544e+00
  2.74975013e-01  1.13511572e+00  7.10606479e-01  4.67702214e-01
  5.54462619e-01 -6.68446240e-01 -9.47777393e-01  6.64144385e-02
 -9.15700772e-01 -1.00917649e+00 -6.63186725e-02  1.25169360e-01
  9.55975001e-01 -1.88227832e+00  6.38034847e-02  1.19648289e+00
  3.22342406e-01 -4.59976195e-01  1.13394263e+00  9.47305480e-01
  8.16292324e-01 -1.49343090e+00 -8.29536185e-01 -6.73021846e-01
 -9.61193030e-01  1.11400199e+00 -1.29206758e+00 -1.61251447e-01
 -1.08095211e+00  1.97988744e+00  1.05502059e+00 -2.83841811e+00
  3.49959348e+00  6.91469469e-01 -5.02156384e-02 -5.40947914e-01
  4.03622059e-01 -7.46270129e-01 -1.67050964e+00  2.91498896e-01
  3.51560674e-01  1.30431933e+00  8.70481395e-01 -6.59685352e-02
  6.25106023e-02 -1.22244637e+00 -1.99668327e+00  2.11239437e-01
 -2.94100593e-02  3.98848100e-01 -2.13288568e+00  8.06424639e-01
 -5.83665233e-01  1.79868678e+00  2.39988510e+00  1.02117446e+00
 -2.47030593e-01  8.99136970e-01  4.34196012e-01  5.24439111e-01
 -5.39676653e-01  9.34555678e-03  2.48479408e-01 -4.45719280e-01
  1.24238237e-01  3.72515790e-01 -2.40896536e+00 -8.91915480e-01
  1.26848259e+00 -5.35168361e-01  4.50995923e-01  1.05579622e+00
 -6.64364648e-01 -6.09645235e-01 -1.35125571e+00  2.38113683e-01
 -7.32761960e-01  4.84482582e-01 -6.43540737e-02 -5.97924174e-03
  6.28851826e-01 -9.71089877e-01  1.20080658e+00  3.99356536e-01
 -8.39732433e-01  2.67067376e-01 -1.41965205e+00 -9.19931240e-01
  3.89806783e-02 -1.34548098e+00  7.95898540e-01  1.48505810e+00
 -8.09717481e-01 -7.35314717e-01 -7.08386768e-01 -9.12669347e-01
  9.15548118e-01 -4.77386494e-02  1.21241523e+00  4.05714748e-02
  8.78364074e-01 -9.14600344e-01  3.91064963e-01  8.83794301e-02
  3.41582675e-01  7.32247188e-01  3.50828771e-01  2.62173164e+00
 -1.10774167e+00 -1.25879439e-01  1.00849837e+00  2.19666957e-01
 -1.15105504e+00  1.41665196e+00  1.05133159e+00 -1.83608619e+00
 -2.22029452e+00 -9.17884403e-01 -6.79695467e-02  6.95098921e-02
  8.08389195e-01 -1.25260448e+00 -1.45095773e+00 -8.29784620e-02
  2.21017182e-01 -3.05090142e-01 -7.10255181e-01  4.36436311e-01
 -2.33699505e+00 -6.01130058e-01  1.29257134e+00  9.09122405e-01
  5.09276431e-01  1.51713402e-01  3.32906861e-01 -4.35583682e-01
  1.00958531e+00  1.03518539e+00  3.11850678e-02 -1.47162083e+00
  3.51015728e-01 -5.51644021e-01  1.51798781e+00 -4.21072362e-01
 -1.14283147e+00  2.52434912e+00 -8.06614634e-01  7.09617977e-01
 -7.42076211e-01 -1.08961129e+00 -1.33897256e-01 -2.59588518e+00
  2.87357630e+00 -1.12526141e+00 -4.34124557e-01  1.35111059e+00
 -6.74543882e-01  5.17488231e-01  3.90334335e-01 -2.84064999e-01
 -1.32647569e+00  8.95502139e-01 -1.42442856e+00  7.92997508e-01
 -2.46583323e-01 -1.27434821e-01  4.88705415e-02  1.37649714e+00
  2.47325941e-01  7.79361275e-01  1.57164169e+00 -7.05820966e-01
  5.62196051e-01 -6.62127774e-01 -4.53951899e-01 -1.43329198e+00
  2.10079598e-02 -1.77043686e+00 -1.27866934e+00  1.22208784e+00
  1.85060821e+00 -9.07687224e-01 -1.40509921e+00  1.73613435e+00
  9.39502281e-01  1.16566581e-01  3.00803312e-01  2.32180101e+00
 -1.05605154e+00  7.35925607e-01 -3.49515378e-01  9.62059340e-01
  8.25699594e-01  2.10812757e+00  1.14368522e+00 -1.87820239e-01
  9.08324585e-01  7.53009114e-02  1.71228185e+00 -9.11811640e-01
  5.33196097e-01  8.80259038e-02 -2.40357383e-01 -1.44414449e+00
 -3.22399863e-01  1.49392902e+00 -1.02651726e+00 -2.19352868e+00
  2.17092592e+00  4.06187967e-02 -2.10409815e+00  1.08716329e+00
 -1.20664713e-01 -7.99951951e-01 -1.68988298e+00 -1.65820309e-01
 -3.92749076e-01  2.44308060e-01  1.13549431e-01 -4.70021067e-01
 -2.59238741e+00 -8.40017267e-01 -1.22396639e-01  8.82296790e-01
 -1.27564407e+00 -1.31524848e-01 -9.85491790e-01  2.67438687e-04
 -4.97417581e-01  1.04730360e+00  3.89716368e-01  1.07276826e+00
 -1.47804537e+00 -1.04074579e+00 -8.20429962e-01 -2.41980482e-01
  2.68285494e-01  7.14298176e-01 -5.89446255e-01  1.06735261e-01
 -2.61184639e-01 -2.55394413e-01  1.20196161e+00  1.17681945e+00
  2.70163857e-01  2.67810269e+00 -4.79243482e-01 -1.52342228e+00
 -4.27736778e-01  2.34816630e+00  3.44290883e-01  1.92915074e+00
  1.16956677e+00  1.26732727e-01  2.50016842e+00  2.77469445e-01
 -2.81251893e-01 -8.95743169e-01 -5.07100468e-01 -2.76540846e-02
  6.94642409e-01 -5.05050218e-02  7.54342981e-03  4.04199357e-01
  1.11586806e+00 -1.20802025e+00 -2.18651185e-01  5.46134091e-01
 -8.54007932e-01 -9.98077137e-01 -2.39376717e+00 -8.07871346e-01
  7.18052378e-01  4.58045381e-01 -4.59768515e-01 -7.15026540e-01
  1.09183144e+00 -3.16179530e-03  2.20395167e-01 -5.79869317e-02
  1.29900162e+00 -1.71615418e+00 -3.33284899e-01  6.41786194e-01
 -1.06345896e+00 -1.19965608e-01  1.08093061e+00  1.63938867e+00
  1.45813866e+00  4.79424375e-01  1.22453580e-01  9.48301042e-02
 -3.12981679e-01  3.70068118e-01 -7.87946816e-01 -2.30074405e-01
 -1.08715725e+00  1.24522549e+00 -1.32148631e-01  4.92311048e-01
 -3.82131080e-02  7.10771895e-01  1.64602775e+00 -9.09029460e-01
  4.72194793e-01  6.38602066e-01 -4.48682470e-01  2.98283017e-01
 -7.56414576e-01  1.15039117e+00 -6.65655846e-02 -2.59789725e-01
  8.48262196e-02 -5.47610031e-01  1.28978870e+00  2.22032095e-01
 -4.63015926e-01  7.19663630e-01 -7.11228118e-03  1.04617787e+00
 -3.23777539e-01  8.39778963e-01  6.60719308e-01  1.83538156e-02
 -9.40204806e-01 -1.30139163e+00 -1.09131856e+00 -1.23690565e+00
 -9.96868070e-01  1.72133530e+00  9.66874098e-01 -2.12139096e-01
  1.32284260e-02 -7.72335822e-01  1.03864038e+00  1.25184196e+00
  1.17549209e+00  2.98587765e-01 -4.24049398e-02  6.49346493e-01
 -2.70909161e-01  7.54743122e-01  1.55304232e-01 -2.98688777e-01
 -1.87503606e-01 -8.80545678e-01 -6.28039245e-01 -1.82063427e+00
  6.80599388e-01 -3.03550971e-01  6.71079699e-01 -6.73785402e-01
  3.19258958e-02  7.21177321e-01  1.61781368e+00  1.00682934e+00
 -2.10672960e-02 -2.52617706e+00 -4.97382935e-01 -7.69610110e-01
  1.54120319e+00 -6.42928626e-01  5.11502929e-02 -1.33708649e-01
 -1.58377153e-01 -4.10226996e-01  5.45306117e-01  1.11860063e+00
 -7.66060953e-01  4.07795619e-02  6.28919297e-01 -1.63762319e-01
 -2.99046623e-01 -5.65967813e-01  1.52215461e+00 -2.45949418e-01
 -2.86102589e-01 -3.07776709e+00 -6.59526187e-01 -1.18395583e-01
  1.95272718e-01  9.33262887e-01 -7.31357842e-01 -7.54840861e-02
 -7.04227231e-01  3.89110645e-01 -3.01162787e-01 -6.60635704e-01
  6.23838642e-01  2.54020154e-01 -4.02029652e-01  4.28237045e-02
 -2.12609226e+00 -1.30384978e+00 -1.62903666e+00  2.71986015e-01
  6.07013771e-01  1.25577454e+00  5.77966744e-01  6.97501002e-01
 -1.60180670e+00  5.03338678e-01  7.72097167e-02 -5.67323966e-02
  6.89415597e-01 -6.94451118e-01  4.14725045e-01  3.25048093e-01
 -1.24593896e+00 -7.48664325e-01 -1.01000350e+00 -1.09054850e+00
  6.29845247e-01 -4.81427864e-02  1.47898244e-01  9.65994849e-01
 -1.02554259e+00  1.93667615e-01 -9.67004719e-01 -4.59659838e-01
  6.43440220e-01 -1.10944136e+00  4.32391337e-01  1.44127859e+00
 -1.18979412e+00 -2.96483783e-01 -5.86674069e-01 -3.00359664e-01
 -2.67213517e-01 -8.39168957e-01  7.50259226e-01 -7.52233609e-01
  5.04261325e-02 -5.80840015e-01  3.62767220e-01  3.31676566e-01
  3.53001159e-01  4.01477368e-02  6.46928245e-01 -3.96475814e-01
  7.51750409e-01 -5.34757419e-01  1.50101181e-01  6.61911329e-01
  1.03512453e+00 -1.61198148e-03 -1.03100540e+00  1.02147209e+00
 -5.59224192e-01  2.47428553e-01 -1.11956884e-01 -3.89686200e-01
  7.14048299e-01 -1.66197367e-01 -3.98830659e-01  6.52646393e-01
 -6.13168681e-01 -9.00277998e-01  2.02902350e+00 -1.48237951e+00
 -2.44743170e+00  1.57890294e-01 -1.23150490e-01  3.98008502e-01
 -4.84796859e-01 -9.37083079e-01  1.06894697e+00 -8.60264568e-01
 -1.28247411e-01 -9.90294673e-01 -3.65007622e-01 -9.19384065e-01
 -5.72152121e-01 -5.96069658e-01 -1.23352384e+00  1.33220013e+00
  1.42087350e-01 -2.18918534e-01 -4.34332390e-03  5.78604113e-01
 -1.91743962e-01 -2.79928805e-01 -2.16466659e-01 -1.84130223e+00
  1.94946463e+00 -1.12975262e+00  6.62282837e-01  4.44207058e-01
  1.99618573e+00  1.37099471e+00 -1.93588289e+00 -2.66539485e+00
  8.56114497e-01 -4.34890425e-02 -3.79490519e-01 -1.22257877e+00
 -3.86883214e-01  6.28864652e-01 -2.23212803e-01 -1.20621561e+00
 -7.86884770e-03 -1.06220233e+00 -9.50061730e-01  8.48775863e-01
 -5.14766362e-01  4.71180060e-01  2.57920759e-01  1.62238250e-01
 -1.51093111e-01  6.97916243e-01 -2.04433448e-02  4.80871041e-01
  6.22681667e-01  1.55657043e+00  5.49020337e-01  2.39723110e-01
  1.82947036e+00 -4.45749521e-01 -2.30116256e-02  5.91934458e-02
 -4.02792654e-01 -1.64214348e+00  8.92345019e-01  2.00803840e-01
  2.67195105e-01 -3.64580397e-01 -2.41730986e-01 -2.65106378e-01
  3.96210109e-01 -1.50611030e-01  1.39034555e+00 -4.15214979e-01
 -4.04937263e-01 -1.54444717e-01  8.33979930e-01 -1.54929144e-01
  3.25762768e-01 -2.82473941e-02 -1.12907527e-01 -1.12606347e+00
 -1.32893865e+00 -6.71646340e-01  5.01406293e-01 -4.29854125e-01
  6.01940768e-01 -1.08126829e-01 -3.39827061e-01 -3.51206943e-01
 -9.78649785e-01  2.46332552e-02  4.02172094e-01  2.50950647e-01
  1.42571638e+00 -8.85085729e-01  3.96560671e-01 -4.25803504e-01
 -5.84766325e-01  1.44217663e-01 -2.70523986e-01  3.90594978e-01
  8.48982985e-01  7.82319036e-01  3.85543130e-01  8.16947258e-02
 -3.84779641e-01 -1.63062131e+00  5.57384044e-01  1.55056854e+00
  6.85488734e-01 -1.13219980e+00 -6.82352313e-01  1.12431182e+00