 9.97212519e-01 -1.04529183e+00  4.20129430e-01  9.23865042e-01
 -5.10545905e-01 -2.20184658e+00  1.05209345e+00 -1.44474817e+00
  2.05269713e-01 -1.31820764e-01 -2.85907980e-01  1.88783967e+00
  7.98698474e-01  1.38895303e-01  4.15535444e-01 -6.63387765e-01
  7.06290619e-01 -7.63239815e-01 -1.80966436e+00 -9.99644222e-01
 -1.52593166e+00  9.41123186e-01  6.69268592e-01  3.95575424e-01
  1.13135870e+00  1.67963970e-01  7.30373337e-01  6.54778343e-01
  1.05536952e+00  1.18423120e-02 -2.81867602e-01 -9.71623017e-02
 -2.28167037e-01  1.56012812e+00 -4.86806025e-01 -5.60453031e-01
 -2.06862831e+00 -5.52029128e-02  4.56706563e-01  7.86953610e-01
 -9.15497536e-02  5.20180119e-01 -1.18160354e+00 -4.13933375e-02
  3.03899351e-01  8.12426825e-01 -1.42710190e+00  9.22352929e-01
 -1.14188236e+00  7.86178360e-01 -4.90083278e-01 -3.24937861e-01
  7.10768039e-01 -2.89461563e+00 -2.52915491e-01  2.53139563e-01
  1.23812308e+00 -2.66305088e-01  4.66326721e-01  6.75735438e-01
  8.17663174e-01  2.02710858e+00  6.50218075e-02  1.41909669e+00
 -4.49575149e-01 -2.22598957e-01 -5.64812875e-01 -1.96616856e-01
 -2.21241848e-01  1.27789328e+00 -6.48512934e-01  6.51107891e-01
  8.22687770e-01 -2.24189911e+00  1.51491344e+00 -6.65206436e-01
  5.06235079e-01 -1.10226543e+00 -8.71453414e-01 -1.09388312e+00
 -8.41094336e-01 -4.48095467e-01  3.23616307e+00  3.42264009e-01
 -1.52096263e+00 -8.80822502e-01  3.04256792e-01 -1.66135638e+00
  1.72380649e+00 -1.95441972e+00  2.26125713e-01  1.57493433e+00
 -1.22794064e-01 -1.27406563e+00 -4.41142069e-01  3.08955286e-01
 -9.17036886e-01 -4.78572253e-01  1.60169011e+00  1.85644877e+00
  2.89957372e-01  7.02634700e-01 -4.71562749e-01  6.72758968e-01
 -5.94376268e-01 -2.26882613e-01 -8.54765456e-01 -8.10987313e-01
 -7.99496874e-01  1.69009888e+00 -6.52596686e-01  4.05164485e-01
  3.97601918e-01 -7.22099717e-01 -1.68448748e+00 -5.40347320e-01
  9.64533475e-01  8.85266896e-01  9.44723207e-02  1.01583502e+00
 -1.05637134e+00 -1.26650071e+00  1.48468158e+00 -4.29820877e-02
 -2.77015279e-01 -1.16121370e+00 -5.93514894e-01  4.93422544e-01
  2.09708221e-02  6.06809721e-01  1.18442606e-01 -7.78588592e-01
  6.93475988e-01  6.30169972e-01  6.74688258e-01  3.77676307e-01
  1.29924796e-01 -1.12957110e-01 -1.44080728e-01 -1.50714142e+00
 -1.29658863e-01  1.27255062e+00 -3.06021322e-01 -2.85757226e-01
  1.80027795e-01 -9.52937600e-01 -6.37829795e-01 -6.39735607e-01
 -1.30473663e-01 -1.30186016e+00 -1.56884974e+00  8.39337300e-01
  1.76855440e+00  1.16543547e+00 -8.44873711e-01 -9.77136024e-01
 -1.18808807e+00 -1.49672097e-01  3.84981279e-01 -4.81333931e-01
 -2.14577580e+00  3.38284838e-01  3.13235115e-01 -6.85457727e-01
  6.07611079e-01  6.67240601e-01 -5.88448396e-01 -4.16357746e-02
  7.24382880e-01  2.84823090e-01 -6.97253175e-01  7.10529986e-01
  3.37648007e-01 -1.02016216e+00 -1.37262598e+00 -6.04475148e-01
 -2.05762749e+00 -1.25514157e-02  2.68221311e-01  7.35108058e-02
  3.45762825e-01 -1.61751795e+00  3.23272648e-01 -6.00878112e-03
  2.04408595e-01  3.02085828e-01 -1.88228740e+00  9.62490656e-01
 -5.06077750e-01 -6.34267215e-01 -7.32687470e-01  2.48141128e+00
 -5.61882777e-01 -1.30006627e+00 -1.02121522e+00  4.03381036e-01
  2.24897590e-01 -6.72559103e-01 -1.48366348e-01  3.02197533e-01
  3.66284982e-01  1.17780681e-01  1.30226597e+00 -4.94001383e-02
 -7.53313374e-01  1.39621383e+00 -9.03907704e-01 -9.26433828e-01
  1.75494138e+00 -1.20825765e-01 -6.80719840e-01  1.00773518e+00
 -1.55081827e+00 -1.18364939e+00  1.08068271e+00 -1.38519653e+00
 -4.42501183e-02 -1.60595452e-01 -9.64507234e-01 -7.10262209e-01
  6.25851153e-01 -2.78362472e-01 -1.74478988e-01 -1.61830455e+00
 -2.42230248e-01 -2.24788550e-01  8.73978731e-01  8.69595912e-01
  1.11462485e+00  1.86436419e+00 -8.05874772e-01  5.17235212e-01
  4.90150727e-01  3.01964424e-01  2.30826982e-01 -4.85604827e-01
 -1.80880842e-01  9.80178227e-02 -4.98081941e-01 -2.10355620e-01
  1.69283403e+00 -1.40839397e-01 -1.57262591e+00  1.08040653e+00
  2.81619866e-02 -5.32470082e-01  1.91457352e+00 -1.22582055e-01
 -8.38937384e-01 -1.87807526e+00 -1.32775370e+00 -1.29728470e+00
  5.19201498e-01 -8.60266666e-01 -6.71074474e-01 -1.34685325e+00
 -1.02539070e+00  8.89816440e-01  1.26128936e-01 -7.67659525e-01
 -2.70040745e-01 -1.28801668e+00 -1.23509048e+00  5.30072860e-01
 -9.57964355e-01  9.89343579e-01 -3.35711565e-02 -8.73380948e-01
  7.38839487e-01 -8.80110375e-03 -1.15321467e+00  1.36474017e+00
 -6.58109901e-01  1.68575885e+00 -1.18451601e+00  1.48707945e+00
 -1.31733304e+00 -3.63747771e-01  1.71734717e+00  7.43162928e-01
 -2.11525456e+00  6.56318333e-01 -6.67861099e-03  2.22651021e-01
  8.60785593e-01  2.27751532e-01  5.62721163e-01 -1.25153916e-01
 -2.00327015e-01 -5.54541244e-01 -3.08003315e-01 -1.06321065e+00
 -1.04261663e+00 -9.66516070e-01  2.92862921e-01 -1.91161579e+00
  1.74424753e+00 -1.46448929e+00 -4.69025033e-01  1.31417007e-01
  1.63526709e+00 -4.22962937e-01 -2.56810052e-01  8.52945466e-01
  1.56503476e+00 -2.50556061e+00 -6.12719418e-01 -1.38927552e+00
  5.34982333e-01  5.19780013e-01  8.09930873e-01  1.50011605e+00
  1.38827012e+00  1.37507337e+00 -5.36176970e-01  1.51065755e+00
  4.78397119e-01 -2.74615125e-01 -3.95150942e-01  1.11330677e+00
 -3.89371227e-01  5.14471767e-01  2.21271033e-01 -7.95705171e-02
  8.51336192e-02 -6.88749107e-01 -2.05324846e-01 -3.85056171e-01
  1.49981935e+00 -7.65615360e-01  6.84353414e-01 -1.24658565e+00
  4.38339861e-01 -1.86147116e+00 -4.12927912e-02 -1.01192533e+00
 -1.54094287e+00  7.26795067e-01  3.27103525e-01 -7.52629970e-01
 -1.62604048e+00 -3.47531768e-01 -8.33447419e-01  9.76997994e-01
  1.48046885e+00  7.13675902e-01  1.07124564e-01 -1.15507002e+00
  2.75231471e-01 -5.31277781e-01 -2.55527930e-01  6.33832066e-01
  1.37553209e+00  1.19391079e+00 -1.01780074e+00 -4.89730963e-01
 -1.82016189e-01  1.62370898e+00  5.41437296e-01  5.94920754e-02
 -6.92110021e-01 -8.64123955e-01 -5.31268346e-01  2.53015566e-01
 -2.98936674e-01  7.00268805e-01  5.42692888e-01 -7.28886631e-01
 -7.51906045e-01 -1.54889030e+00  1.75409163e+00  4.53212445e-01
 -5.55748706e-01 -6.73979372e-01  2.49977025e-01 -1.00211443e+00
 -3.03050854e-01 -9.83742729e-01 -2.65934297e-02  1.95483109e-01
 -4.96690472e-01  5.78800299e-01 -1.93557221e+00  5.47074659e-01
  9.10076550e-02 -1.05030588e+00 -7.82797820e-01  7.07412469e-01
 -8.87745351e-01  1.05251278e+00 -2.46200447e-01 -6.32868134e-01
  1.17790659e+00  3.99563158e-01  1.46472158e+00  9.44227173e-01
 -1.16320419e+00  1.30861820e+00  7.16451937e-01  1.39099107e+00
  1.17820408e+00 -1.37670080e-01 -1.22574188e+00  9.56390812e-01
 -2.88518141e-01 -6.23462636e-01 -1.48292871e-01 -7.74625520e-01
 -8.55924450e-01 -3.85633003e-01  1.49589469e+00  1.23720572e+00
 -1.94000263e+00 -1.01847451e+00 -9.38729570e-01  5.48673300e-01
  2.20787446e-01  7.36025327e-01  4.51826811e-01 -6.75530571e-01
 -1.49652490e+00 -1.14106017e+00 -2.30011886e+00 -2.46400760e+00
  1.30189325e+00  1.64206481e+00 -1.91120490e+00  7.06007028e-01
 -9.75739571e-01  1.11006839e+00  5.14295345e-02  1.09968587e+00
 -1.04413077e+00 -8.13602091e-01  7.27058354e-01  1.52473494e+00
 -1.22262625e+00  1.22397276e-01  1.72818359e+00  9.29503012e-01
 -1.34816075e+00  2.91519916e-01  1.01163332e+00  1.83497028e-01
 -3.82644717e-01 -1.40992062e+00 -1.14665544e+00 -2.82461538e+00
 -1.62619723e+00  4.45334496e-01 -2.72563886e-01 -2.61167799e-01
 -7.04265143e-01 -5.03380079e-01  9.41496995e-01 -3.46099970e-01
 -2.41276580e-01 -2.83283068e+00  8.94110860e-01  1.48677172e+00
  2.27917422e+00  2.14301837e-01  7.07849980e-02 -5.91827122e-02
 -2.78565669e-02 -3.60667674e-01 -9.46506603e-01 -3.91947030e-01
 -3.70157729e-01  2.16661585e+00 -1.52108304e+00  6.27956576e-01
  2.04268890e+00 -1.41352633e+00  5.36999903e-01 -1.02696161e-01
  6.86993800e-01 -4.37878100e-01  1.34899445e+00 -2.66110010e-01
  2.26444524e+00  1.38856732e+00 -3.67893539e-01  2.02702867e+00
  2.91904985e-01  1.29228522e+00  1.44643092e+00 -1.11041677e+00
 -7.27850480e-01  5.19376450e-02 -5.16096412e-01 -7.60876591e-02
 -5.02243917e-01  1.00479728e+00  3.50419759e-02 -1.62780869e+00
  6.62561742e-01 -1.12709048e+00  8.75560548e-01 -9.24874547e-01
  8.79218648e-01 -2.61930883e-01 -3.48882613e-01 -2.26010053e-02
 -2.92692516e-01 -2.00113659e+00  5.96251756e-01  3.21077592e-01
 -1.46326448e+00 -3.68365678e-01  6.57203579e-01 -5.50671299e-01
  1.58016256e+00  2.69020938e-01  4.43034104e-01  6.09836846e-01
  8.83137243e-01 -2.21236796e+00  8.81344443e-01 -1.55552136e+00
 -1.13717054e+00  1.57960586e-01 -1.02015265e+00  1.45072247e-01
  4.43363427e-01  1.87837763e+00 -7.09990877e-01 -1.04530294e+00
  4.83405178e-01  6.10256691e-01 -5.21363814e-01  5.30374989e-01
  3.22464048e-01 -1.44045330e+00 -1.12704624e+00 -6.06695234e-01
  3.82447123e-01  1.07274846e+00 -2.98319529e-02  5.91628389e-01
  1.51154322e+00  4.21888926e-01 -9.85549104e-01  1.28625697e+00
  1.04878050e-01  2.54747132e-02  7.20987089e-01  8.34818532e-01
  2.48295004e-01  7.57708609e-01  1.27576674e+00 -2.16337066e-01
 -1.15702338e+00 -2.60269702e+00  1.13201455e+00  1.73134535e+00
 -9.91138319e-01 -1.32392379e+00 -9.82813850e-01  4.39244018e-01
  3.38727457e-01 -6.00216419e-01 -4.88249904e-01 -1.01661602e+00
 -1.30481165e+00  1.22363402e+00 -2.15875274e-02  1.27610668e+00
  5.20198669e-01  4.22515624e-01 -5.51794025e-01  1.82584728e+00
 -5.32995122e-01 -2.28385352e+00 -1.27494078e+00  6.14140716e-01
 -1.96320127e+00 -1.77462719e+00 -2.24605335e+00  6.46137269e-01
  8.04179168e-01  1.27466785e+00 -3.55799064e-01  7.00526715e-02
 -7.42765544e-01  5.49574872e-01 -2.52488901e-01  6.76394564e-01
 -1.08879583e+00  1.89385550e+00 -1.34290809e+00 -3.10146057e-01
  3.87356318e-03  2.84188672e-01  6.05649929e-01  1.80457232e-01
  1.48526732e-01 -1.11215121e-01  9.12625956e-01 -1.52607531e-01
 -5.40704693e-01 -5.58324220e-01 -1.24177720e+00  1.35751192e+00
 -2.90012610e-01  7.54016766e-01 -4.03181260e-01 -2.27719214e-01
 -2.77305117e-03  1.37413670e-01 -3.22266970e-01 -5.44397058e-01
  1.36399537e-01 -1.19872888e+00  1.27399862e+00  1.36948727e+00
 -7.48547993e-01  3.97884098e+00 -1.25349909e+00  8.90205134e-01
  8.57587544e-01 -9.10392323e-01  7.77789440e-01 -1.07244004e+00
  3.27194478e-01 -1.19252754e+00 -1.08662679e-01 -6.86543827e-01
  1.27455862e+00 -8.65500008e-01 -1.02342957e-01 -1.63582197e-02
  8.76963737e-01 -2.72534322e+00 -1.15157414e+00 -1.11441958e+00
 -7.03046947e-01  1.13709242e+00  1.56005170e+00 -1.72883914e+00
  3.94770350e-01  1.49355711e-01  1.89653841e-01  9.41019931e-01
  2.77832096e-01 -6.02698631e-01 -5.26836798e-01  9.42402651e-01
 -5.93117680e-02 -1.71646819e+00  9.92720435e-01  1.03429315e+00
  1.26474594e-01  1.20978703e+00 -4.35118519e-01  7.31676979e-01
  5.50219721e-02  4.36878485e-01  2.12673142e-01  1.03173540e+00
 -6.42854787e-01 -9.19282423e-01 -6.94734895e-01  8.03916720e-01
  1.06871854e+00 -1.40420549e-01 -1.30133482e+00 -3.93720818e-02
  6.93469667e-01 -2.13933227e-01  1.39954646e-01  8.16638393e-01
  7.91871773e-01  2.53472144e-01 -4.39205877e-01 -1.09882918e+00
 -1.37380995e+00  8.04595653e-01 -1.83030670e+00 -7.76519188e-01
 -1.24475691e+00 -1.55499635e-01 -5.71392792e-01  7.18967607e-01
  4.47967274e-02 -7.21192803e-01  1.64398336e+00  2.85351988e-01
  5.14419792e-01  7.20347454e-01 -1.88444311e+00  1.21414574e-01
 -1.78767231e-01 -2.08782194e-01 -9.58404375e-01  6.78845168e-02
 -1.03260004e+00 -1.00690697e+00  7.83765818e-01 -3.15592691e-01
 -4.44472513e-01 -1.34162406e-01 -3.70756787e-01  7.40375700e-01
 -4.81431680e-01 -1.07948467e+00  2.05750024e+00  1.20295333e+00
 -1.24094088e+00  3.69790981e-01 -4.57998621e-01  6.52295111e-01
 -1.26043160e-01 -4.03135154e-02  5.84371508e-01 -1.18313890e+00
  7.59401242e-01 -1.44413463e+00 -7.30601390e-01 -8.20268281e-01
 -8.78867719e-01 -1.42495783e-01  8.98925142e-01  4.01109352e-01
  1.19900556e+00  6.43553155e-01 -1.13449850e+00 -5.05574364e-01
  1.24715504e-01 -2.85079385e-01  2.06096384e-01 -3.60384992e-01
  1.78357990e+00  2.96386058e-01 -1.11172395e+00 -1.45440846e+00
  1.30324576e+00  1.75246097e+00 -5.76940723e-02  4.17622731e-01
  1.31167579e+00  1.48046123e+00  6.25580922e-01  5.82416948e-01
  1.28259377e+00 -1.11611429e+00 -7.86582466e-02 -1.28368279e-01
  5.10182456e-01 -1.95020914e-01  1.00656219e-01  2.33222954e-01
  9.62507351e-02  9.60939748e-01 -6.60910739e-01 -2.15596723e-01
 -1.63757182e+00 -7.71000832e-01 -8.74368508e-02 -5.88286749e-01
 -4.48292460e-01 -9.24231031e-02  7.37824924e-01 -9.39621744e-02
  2.26446246e+00  6.46364497e-01  5.84511315e-01 -4.74794260e-01
  5.75949410e-01  6.27412864e-01  2.51900789e-01 -1.73247432e+00
  8.34696149e-01  1.36685030e+00 -1.25142756e+00 -1.53370038e+00
 -8.17731608e-01  4.87919199e-01 -1.05722888e+00  4.57184686e-01
  1.67841954e+00 -9.85368568e-01 -1.77787207e-01  2.82659706e-01
  2.62409246e-01  1.32991508e+00 -9.07207792e-01 -8.15144832e-01
  2.08832237e+00 -1.65746662e-01 -5.38776746e-01  9.76782092e-01
 -7.14149917e-01 -1.94361359e+00  3.79875006e-01 -5.47503214e-01
  7.21176625e-01  1.50559606e+00 -3.42781830e-01  3.19571286e-01
  1.74871881e-01  2.11110760e-01  1.06964843e+00  1.84831780e+00
  6.69198881e-01 -1.68075052e-01 -3.25677168e-01  5.94138223e-01
 -1.53847516e-01  3.83563956e-02  6.20790942e-02  9.01437267e-01
  9.21303987e-01 -6.57466793e-01  1.85634582e+00 -2.38631896e+00
 -3.78722999e-02  9.50492782e-01 -2.43808554e+00  1.68491967e+00
 -5.76790872e-01  8.43041249e-01 -5.65955989e-01  1.82957743e-01
  1.74613283e+00 -1.94157596e-01  4.04062306e-01 -3.25332344e-01
  5.28534696e-01 -1.60262473e+00 -1.56198708e-01 -1.12436137e+00
 -1.18467168e+00  1.63290378e-01  1.01968934e+00 -3.94095441e-02
 -5.72677673e-02 -5.64588863e-01  1.42846261e-01 -8.57471426e-01
  8.91757429e-01  4.63169120e-01 -9.58993774e-01  1.46427951e+00
 -1.47446930e+00 -9.41416601e-01  3.19348354e-01 -3.47071373e-01
 -2.20102833e-01  9.13126962e-01 -1.65744743e+00 -1.79362357e+00
 -5.64387168e-01 -3.55112463e-01  3.58342361e-01 -5.07974245e-01
  1.37317385e+00  1.02677135e+00  6.79544857e-02  5.27104091e-02
 -6.38855240e-01  4.67272618e-01  1.23387888e+00  1.54041495e-01
 -1.99502218e-01  2.20315419e-01  7.68464677e-01 -4.11905136e-01
  2.64572536e-01  1.48512212e+00  1.22792190e+00  8.85144771e-01
 -1.01883681e+00 -1.28235955e+00 -6.93249590e-01  8.04462737e-01
 -1.78359741e+00  7.05701326e-01  2.36132938e-01 -3.06979375e-01
  9.21636744e-01  1.64793331e-01 -1.44717193e+00 -1.02091748e+00
  6.73467486e-01  2.48291993e+00  6.05018063e-01 -1.03142818e+00
 -8.76889068e-01  8.65453401e-01  3.70130198e-01 -1.09448886e+00
  1.55578376e+00  6.63942654e-01 -7.10762025e-01  6.83055736e-02
  1.12014426e+00  1.85872381e+00 -1.03140166e+00  1.88595786e-01
 -1.30027560e+00  1.15062971e+00 -6.91913318e-01  4.60831476e-01
  1.53473623e-01  1.01467591e+00 -4.44669159e-01 -5.17142462e-01
  3.27691006e-02  1.62266736e+00 -4.39335359e-02  3.94240207e-01
  6.02296438e-01 -2.72874133e+00 -5.51875472e-01 -5.61088007e-01
 -5.58130297e-01 -7.18577246e-01  7.21147552e-01  1.09234596e+00
  1.99670736e+00 -8.16397604e-01 -1.63962040e-01  2.38295851e+00
 -5.58036562e-02  1.02799405e+00 -6.72356058e-01  1.05827470e-01
 -1.02995512e+00  7.60634844e-01 -1.32425546e+00  1.02363113e+00
 -4.29769937e-01  9.61623041e-01  1.56702492e+00  6.24645347e-01
 -2.21962307e-01 -8.04803096e-01  6.01751093e-02 -1.36246597e+00
 -1.13217587e+00 -4.19721855e-01  2.21081435e-01  4.47291680e-01
  1.59104006e+00  9.34058397e-01  1.44449432e+00 -1.58886065e-02
 -5.75625166e-01  1.03277645e-01 -2.35998352e+00  3.52040016e-01
  1.85284476e+00 -1.77457766e+00  3.14753863e-01  3.52774139e-01
 -2.70010033e-01 -1.52369316e-01  7.31075632e-01  7.49216755e-01
 -2.73801177e-01  1.80672139e+00  1.57950906e-01  6.38312841e-02
 -1.74449433e+00  3.48623847e-01  1.19346675e+00 -1.06568997e-01
 -3.25807213e-01  4.57834649e-01 -5.39967882e-01  2.03023433e+00
 -1.47205281e+00 -2.35832782e-01  1.16612829e+00  6.65437184e-01
 -9.19939123e-01  1.65793751e-01  6.24898116e-01  8.74796147e-03
  1.81282627e+00 -2.83608153e-01 -3.87386144e+00  3.04234530e-01
  9.64098618e-01  8.27826597e-01  8.98579178e-01 -2.79994245e-01
  2.41804480e-01  2.32228704e-02 -6.68057405e-01  3.01728803e-01
 -2.83613311e-01 -2.68336421e-01  3.76353241e-01 -5.92287066e-01
 -3.03729672e-01  1.25103912e+00  1.69070343e+00  1.01681165e+00