 4.37259203e-01 -1.98491581e+00  1.48259644e+00 -3.74351468e-02
 -1.04044365e+00  6.45830706e-01 -1.87450971e-01 -3.31441776e-03
 -3.67917008e-01 -1.14435549e+00  5.37779213e-01 -6.58715168e-03
  1.02435681e+00 -4.01614956e-01  3.37698723e-01  2.35222549e-01
 -2.23758617e+00 -1.55283195e+00 -1.95804478e+00  1.55018602e-01
 -1.52754828e-01 -5.49969718e-01 -1.58304671e-01 -1.91850368e-01
  2.18579364e+00 -1.45444646e-01 -4.07053935e-01  6.39286548e-01
 -1.06571714e+00  3.40802760e-01  5.07617446e-01  3.71906938e-01
  6.25660159e-01 -2.53539876e-01  2.37694395e-01 -2.59337107e-01
  2.27120241e-01  1.08345783e+00 -1.42087384e-01  2.76701787e-01
 -1.44823590e+00 -1.10141229e+00  4.54129182e-01  1.69193377e-01
 -6.98868478e-02  5.81861094e-01  2.24044514e-02 -4.82777005e-01
  1.29316097e+00 -5.77264515e-01  6.06501813e-01  2.71200052e-01
  8.48161810e-01  3.13240598e-01  8.93595829e-01  5.78976540e-01
  4.64284449e-01  1.63036211e-01 -7.55655487e-01  4.45900379e-02
 -1.65685744e+00 -7.83661446e-01  5.48986250e-01 -3.62522494e-01
 -4.46718457e-01 -3.17537289e-01  4.79974386e-01 -1.53151655e+00
  2.00475991e-01  8.94504562e-01  6.03389874e-01 -8.11895298e-01
  1.11244906e+00 -1.11839011e+00  2.65686640e-01 -4.23043267e-01
  9.06753218e-01 -6.21045017e-01  3.89971916e-01 -2.29787651e-01
  5.69480299e-01  7.73172525e-01 -8.52893449e-01  1.02760258e+00
  1.06872295e+00  1.60801305e-01  1.11400324e+00  1.54706905e+00
  2.31884794e-01 -1.51524609e+00 -3.38499798e-01  1.37843882e+00
  1.87977552e+00  1.34027531e-01 -6.57730644e-01  8.44283446e-02
 -2.70515718e-01 -6.28034748e-01  1.33801500e+00 -7.69421491e-02
 -1.22794842e+00  3.68264356e-01 -9.45922677e-01 -1.17805190e+00
 -7.97567282e-01 -1.71934919e+00  1.27366291e+00  3.01399272e-01
 -1.33689542e+00  3.97844533e-01  4.62060107e-01 -2.61815288e+00
  2.37023791e-01  4.82869828e-01  3.83947100e-01  2.70839242e+00
  1.01594978e+00  1.16356711e+00 -5.56096988e-01 -4.11605365e-01
 -3.25467814e+00 -9.16964126e-01  5.13814067e-01 -3.03326723e-01
  9.60704233e-01 -1.28323724e+00 -5.86396756e-01  5.14092511e-01
  4.69986558e-01 -6.24859443e-01  1.17443908e+00 -1.52553706e+00
  1.05970299e+00 -2.49732416e-01 -1.47040049e+00  6.37127864e-01
 -3.65735250e-01  1.66485471e+00 -5.62309873e-01  1.57752191e+00
  8.64734580e-01 -1.36140142e+00  1.43929188e+00  8.08601732e-01
  2.45933512e-01  1.47524828e+00 -1.03967345e+00 -6.74136715e-01
 -1.04131860e+00  7.03897214e-01 -2.65412114e-01  4.96811790e-01
  9.70796716e-01  9.00298940e-01 -1.07976977e+00 -1.29265996e-01
 -1.08132691e+00  1.54587258e+00 -2.37057312e-01 -1.28882966e+00
 -5.27311338e-01 -7.49469416e-01  5.22689584e-02 -8.21615092e-01
  1.94926152e-01 -1.09896061e-01  1.05654366e+00  4.52219609e-01
 -6.23744116e-01  2.32118483e+00  2.66229771e-01  8.44574388e-01
 -1.07681200e+00 -9.40653791e-01  1.44291969e-01 -1.13305553e+00
  6.81491142e-02 -1.78860811e-02  7.84459859e-01 -1.55261727e+00
 -9.17528899e-02 -4.56045663e-01 -3.87432002e-01 -2.82819520e-01
  8.49800826e-01  1.31369854e+00 -4.95012651e-01  3.24210440e-01
  1.45753681e+00 -8.08976622e-01  1.19039780e+00 -2.17585701e+00
 -1.37603395e+00  6.24806132e-02 -1.40568094e+00  2.14185508e+00
 -1.54600119e-01  1.31433565e+00 -3.11924114e-01 -4.32393969e-01
 -1.16854715e+00  1.59760353e-01  5.91894054e-01  9.53326901e-01
  9.07609333e-01 -1.41564214e+00  7.78130265e-01  4.64549753e-01
 -8.43225037e-01  7.09959325e-01 -2.76351293e+00 -1.02418223e+00
  2.61985876e-01 -8.61133010e-01  7.31142156e-03 -2.01735035e+00
  6.52743590e-02 -1.21153030e+00 -1.54387634e-01  5.04469055e-01
  5.99242050e-01 -1.08021288e+00  9.55826879e-01 -1.26530063e+00
  6.46770248e-01  2.24175309e-01 -4.88670115e-01  2.59989088e-01
  9.25347876e-02 -7.42017956e-01  4.97599047e-01  2.24799904e+00
 -4.37277054e-01  6.35368569e-01 -8.47966561e-01  2.28884352e-01
 -1.51250829e-01  9.14505505e-01 -1.25761202e+00  5.83419363e-01
 -1.92380473e-01 -2.89745548e-01  1.10465065e-01  1.61704688e+00
  3.83302857e-01  8.05225550e-01 -3.45115705e-01  6.63261298e-01
  5.75428540e-01 -2.32690607e-02  4.08631801e-01 -2.14775433e-01
 -6.81212666e-03 -1.88087504e-01 -5.42556531e-01  7.35665621e-01
 -1.72526890e-01  1.59984453e+00 -1.61858712e-01  1.96670270e+00
  2.24683009e+00  9.82156754e-01 -4.24124593e-01  1.64299555e+00
 -9.09942487e-01 -1.50280518e+00  1.80567881e+00  1.55998704e+00
  6.44748107e-01 -8.23066592e-01 -8.98204802e-02  1.05686532e+00
  1.57590275e+00 -1.82970312e+00  6.58068516e-02 -1.16501679e+00
 -7.47593881e-01 -1.19729184e+00  1.33389393e+00 -6.54311315e-01
  7.01944255e-02  1.26712218e+00 -6.80715196e-01  7.09737046e-01
  5.00709975e-01 -1.70018993e+00 -9.37046153e-03  4.27036480e-01
  4.26253941e-01  1.58248022e-01  1.50363114e+00  1.75836258e+00
 -5.36283306e-01  1.02162160e+00 -4.47046483e-02  4.20516251e-01
 -5.75225230e-01  3.77733125e-01  5.60637274e-01 -1.03434156e+00
 -5.83700062e-01  5.98493486e-01 -9.08920125e-01  9.76973843e-02
 -6.30130794e-01  6.57402698e-01  2.11919224e+00  6.05347629e-01
  9.37084833e-01 -2.22980058e+00 -3.61080794e-01 -2.14957030e-02
  3.82007478e-01 -8.52389979e-01  2.32839408e-01  1.50510237e-01
 -9.17212534e-01 -4.34487090e-01  1.13254580e+00  5.65273415e-01
  1.63285731e+00 -9.16467613e-02  9.71787241e-01 -1.52161156e-01
 -4.47915819e-01 -1.14976959e+00  6.66910246e-01 -1.20534066e+00
  4.29355811e-01 -5.88127651e-02  3.24100166e-01  1.89471765e-01
  6.76852984e-01 -1.63599646e-01  8.63108729e-01  1.89321332e-01
  2.29998336e+00  1.12536104e+00  1.33220174e+00 -1.37959495e+00
 -5.11041477e-01 -1.51387913e+00  1.77598915e+00  9.44693305e-01
  8.09106374e-01  2.11400672e+00  7.89809773e-01  1.75449478e-01
  1.14702451e+00 -7.34352350e-01  3.06361423e-01  8.08535824e-01
  2.91939724e-01 -7.88218701e-01  3.19071860e-01  4.50380487e-01
 -7.11338427e-01  1.07660972e-01  8.81241019e-01 -4.00932818e-01
  2.26352041e-01 -7.16727987e-01  5.10255823e-01  8.76166976e-01
  1.19495811e+00  4.04147248e-01  1.60119418e+00  1.07433393e+00
 -3.62942071e-01 -1.21205230e-01  2.14090773e-01  3.13985850e-01
  2.30086424e-01 -1.28291656e+00  7.59242889e-01  6.45790307e-01
 -5.72794658e-01 -2.77345988e-01 -3.15586363e-01 -5.90944102e-01
 -2.33733411e+00 -6.49661183e-01  1.81208761e+00 -1.25390888e+00
  4.18677054e-01  7.90868463e-02  1.06626829e-01 -1.24060062e+00
 -7.79066208e-01  1.32165217e+00 -1.54536184e-01  8.93618462e-01
 -2.22969622e+00 -4.19278411e-01  5.93589892e-01 -2.19907051e+00
  1.18625513e-02 -1.96090302e-01 -1.11310691e+00  1.98284900e-01
 -9.98352233e-01  5.19023657e-01  1.28588589e+00 -4.20204349e-01
 -2.69748491e-01  2.71129123e-01 -8.15867103e-01 -3.16143668e-01
 -2.18722951e-01  4.15337622e-01 -7.79005735e-01  1.40457603e+00
 -2.64588854e+00  1.68087921e+00 -5.51010050e-01  5.30771247e-01
 -6.12231434e-01 -7.35267252e-01 -2.11314513e-01  1.14327241e+00
  4.43314027e-01  5.34829655e-01 -5.69854373e-02  2.93604414e-01
 -4.00139330e-02  9.76514432e-02  1.80923950e+00 -1.45384011e-01
  1.08842636e+00  1.01609601e+00 -8.39509219e-01 -8.14061231e-01
  1.52258726e+00  1.84475952e+00 -1.63099502e-02  6.56339502e-01
  2.55326828e+00  4.09129361e-01  6.86063720e-01 -1.95049144e+00
 -1.55973680e+00 -1.67531096e+00 -9.47773656e-01 -7.21160061e-01
  2.14522462e-01 -1.63391662e-01 -8.03675217e-02  1.77965089e+00
 -1.93431383e-01 -8.34684576e-01  8.59618581e-03 -8.84898121e-01
 -1.13083581e+00  7.56888024e-01 -8.36779316e-01 -8.24865357e-01
 -5.62443894e-01  6.30555472e-01 -2.54734136e+00  3.39745867e-01
 -7.82832755e-01 -9.61622455e-02 -4.75105526e-01 -9.41194247e-01
  1.41570973e-01  1.19881447e+00 -2.68408698e-01 -5.79846442e-01
  1.29220653e+00  2.51037576e-01 -2.45592222e+00  1.53330132e+00
 -1.25457300e+00  1.40411898e+00 -2.64766600e-02  7.67025103e-01
  2.38884510e-01 -1.72801105e+00  4.96177475e-01 -6.25419212e-01
  9.46464806e-02 -8.87281860e-01 -6.96424388e-01  1.36421209e+00
  3.81140804e-01 -1.51733715e+00  9.68576251e-01 -4.90160519e-01
  8.93800661e-01 -2.09261552e-01  4.80187536e-01  1.04557151e+00
 -1.16439272e+00 -1.70804673e+00 -6.07754331e-01  2.15408276e+00
  2.61768930e+00  3.47709360e-01  2.36642769e-01 -1.12598670e+00
  2.52357093e-01 -2.99737286e-01 -4.73969443e-02  1.02146672e+00
 -1.65068191e+00  4.54117308e-01  6.72401713e-01  4.51895349e-01
 -8.25037954e-01  1.79266935e+00  1.05171044e+00  1.82694998e-02
  5.18066595e-02  3.01437749e-01  2.09426570e+00 -5.47497266e-01
 -2.83534756e-01 -1.58841872e-01 -9.15301969e-01  1.86710089e-01
 -1.27200398e+00 -1.39109634e+00  4.52745477e-01  1.28217016e+00
  1.04739457e-01  2.30623479e+00 -1.71873644e-01  7.15541164e-01
  4.58730481e-01 -1.08881084e+00  1.41667673e+00 -6.57626774e-01
 -7.70435451e-01  7.98241050e-01 -1.80466646e+00  3.25670774e-02
  1.65855684e-01 -7.77523399e-01 -5.45379216e-01  4.95976686e-01
 -8.76550622e-01  1.17647248e+00  1.15282462e-01  1.52425953e+00
 -1.67802237e+00  1.91346887e+00 -2.31780492e-01  1.40323003e-01
 -1.52352062e+00  3.25493450e-01  1.01683924e-01 -7.60068615e-01
  6.95634148e-01 -3.74450944e-01  2.35157370e+00 -4.78624249e-01
 -5.66829676e-01 -1.80245847e+00 -8.75044570e-02  6.60116880e-01
 -1.19585883e+00  9.92064193e-02 -7.96077900e-02 -4.18089860e-01
  6.29215411e-01 -1.31930532e+00 -3.90938322e-02 -1.91358079e-01
  2.21341746e+00  9.46541300e-02  1.14014021e+00 -1.31362599e+00
 -6.23541224e-01 -1.97459397e-01  1.07592609e+00  1.64036183e+00
  1.18179630e+00 -9.67514211e-01  1.74915148e+00  4.46109189e-01
 -8.22991035e-01  1.37388517e+00  9.37655440e-01  1.49464028e+00
 -4.74307398e-01 -7.42027828e-01 -1.39259717e+00  1.37455978e+00
  3.15584935e-01 -9.84037051e-02 -1.09523810e-01 -1.34010619e+00
  2.37462150e-01 -9.77873932e-01 -9.92378013e-01  2.35173182e+00
  4.64532180e-01  4.92379224e-01  6.94123712e-02 -9.26560861e-01
  1.84229381e+00  8.92345884e-01 -1.65289213e-01  1.39716682e+00
  9.57731388e-03 -6.05113726e-01  2.90542733e-01  4.69867261e-01
 -1.14036949e+00 -9.37691046e-01 -2.90318764e-01 -9.96889886e-01
  2.96146488e-01 -8.50485090e-01 -9.20889029e-01 -5.79308844e-01
  1.93490223e+00 -6.97558195e-02 -8.06969681e-02  5.68853993e-01
 -3.84934132e-01 -8.70293299e-01 -9.81576027e-01  1.13148274e+00
  1.84330151e+00  4.10432601e-01  7.50994083e-01  9.95983498e-01
 -6.21135332e-01 -3.57887939e-01 -7.49852368e-01 -2.31651288e-01
 -1.11200923e-01 -7.37433079e-01 -2.95269113e-02  2.82472492e-01
  4.39998978e-01  4.22395030e-01  9.36093062e-01  4.54636037e-01
  6.74058819e-02  4.61370885e-01  2.24988051e-01 -1.07048873e+00
 -8.74830497e-01 -9.66440316e-01 -1.50059968e+00 -2.23223203e-02
 -1.10335300e+00 -9.74681158e-01  2.16440120e-01  2.32531109e-01
 -1.10040282e+00 -7.29879393e-01 -9.61237150e-02 -1.52178254e-01
  1.73995561e+00  7.43303438e-01 -8.30984282e-02 -7.67942296e-01
 -2.36849313e+00  5.93050909e-01  2.66636299e+00 -4.57756648e-02
 -1.79189162e+00 -6.79035462e-01  1.27830725e+00  1.35736192e-01
 -6.61007946e-01 -1.27729634e+00 -4.16241662e-01 -4.51815062e-01
  3.28594471e-02  1.28813214e+00  1.27352831e+00  1.09304720e+00
  6.79580361e-01  2.02777561e+00  3.90204845e-02  1.68052565e+00
  2.47048102e-01  1.03453049e+00  6.01256124e-01 -6.98451410e-01
  2.19523732e-01  5.24806005e-01 -1.76228185e-02  3.70034889e-01
 -7.66751365e-01  8.86315524e-01  2.56503297e+00  3.50950831e-01
  2.34334714e+00  6.47815037e-02  1.15704237e+00 -6.43579696e-01
  7.82634471e-01  1.10431250e+00 -1.14871703e+00  7.07026325e-01
 -9.54321581e-01  1.18170395e+00  1.15109290e+00  2.98334544e-01
  1.59120823e-01 -1.60172538e+00 -5.20437150e-01  3.94133255e-01
 -5.60605439e-01  1.69675603e+00  2.35749999e+00 -1.46872634e-01
 -3.03781602e+00 -1.80149947e+00  1.12121649e+00 -1.13841631e+00
  1.11746317e+00 -1.65520574e+00 -1.96990675e-01  1.13617261e+00
  8.57898746e-01  7.49997399e-03  4.57416146e-01  1.09261518e+00
  6.42104007e-01  6.18338338e-01  7.31652062e-01 -2.76367591e-01
 -1.37533181e-01 -3.16338951e-01 -1.25834686e+00  4.05730351e-01
 -8.06237789e-01  7.94126807e-01  1.36012098e+00 -7.28614047e-01
 -8.30160623e-01  1.15761468e+00  7.80636985e-01 -2.07652654e+00
 -7.13511491e-02 -7.90928594e-01 -2.17960066e-01 -1.03891372e+00
 -1.82286423e+00 -2.32158308e-01  1.18849289e+00  7.68752385e-02
  7.80149237e-01 -1.11773785e+00 -3.97934947e-01 -8.26336126e-01
  1.09599413e+00 -7.63628023e-01 -2.15365895e+00 -1.14485877e-01
 -4.61830841e-01 -1.11755977e+00  2.13557552e+00  1.02816838e+00
  5.86586781e-01 -1.03466145e+00  5.06546179e-01  3.50053632e-01
 -1.29951887e+00 -1.01572564e+00  1.72711888e+00 -2.44163554e-01
  6.01870949e-01  1.46607802e-02  4.25991070e-01  1.50898976e-01
 -1.87337442e+00 -1.93460737e+00  3.54547921e-01 -1.43988601e+00
  3.51475869e-01 -1.24032703e+00 -1.63628255e+00  5.71949061e-01
  4.25342312e-01 -1.53245358e+00 -1.81521700e-01 -1.71341738e-03
 -3.19462606e-01 -9.13598624e-01 -1.62739317e+00 -1.09058069e+00
 -1.35575565e+00  2.26362609e+00 -2.87785232e-01  1.25486871e+00
 -1.23564268e+00 -1.43720084e+00 -1.33438245e+00  3.68141247e-02
 -1.53020636e-01  1.63497253e+00  1.32758007e+00 -1.03409022e-01
  2.10882073e+00 -5.14721121e-01 -1.39598349e-01 -7.86104648e-01
  2.20054007e+00 -1.85049859e+00 -9.59175442e-01  1.60778656e+00
  5.43964439e-01  1.79792322e+00  2.09770261e+00 -2.03804988e-01
 -1.20657670e+00 -1.52530894e-02  3.16488422e-01 -3.79112308e-01
  3.65375207e-01 -1.01669746e+00  2.18711531e+00 -6.32443804e-01
  3.44226444e-01 -4.21699353e-01 -7.38958569e-01  1.97734141e+00
  8.60068145e-01 -6.48735446e-01 -7.26231691e-01  2.29190877e+00
  7.62642415e-02  6.85164682e-01 -3.22638167e-01 -1.30009455e+00
 -1.08760236e+00  2.07338829e+00 -1.48927931e+00 -4.43554629e-02
  1.19538834e+00 -8.07813305e-01  4.13428508e-01 -3.90859390e-01
 -6.80816571e-01 -1.59572431e+00 -6.43948772e-01 -4.38645281e-01
  2.91785984e-01 -1.41454220e+00  3.74331657e-02  3.55121106e-02
  4.79732617e-01  7.62706493e-01 -3.15266440e-01 -2.34934644e+00
  4.34293177e-01 -4.70708121e-01 -3.74997671e-02 -1.82653206e+00
 -4.76734698e-01  3.96360987e-01  3.70964742e-01  2.63052892e+00
 -9.52469187e-01  4.56341781e-02  1.33683456e-01 -1.27806405e+00
 -3.86295190e-01  1.38779569e+00 -7.68787759e-01 -2.28206100e-01
  2.26032588e-01  7.61067269e-01  8.24488872e-01 -7.97092582e-01
 -6.32279789e-01  6.76585882e-01 -1.23799279e+00  2.47714873e+00
  6.56143053e-01 -1.33532252e+00  3.84931192e-01 -9.13385366e-01
  1.22242688e+00  3.67148684e-01  1.84563611e+00 -6.93263708e-01
 -7.90471859e-01 -1.52616350e-01  7.34009208e-01  3.70564371e-01
 -1.12505411e+00  3.22310913e+00  8.70208512e-01  1.81327841e-01
 -1.07205248e-02  2.26394672e+00 -8.81608137e-03  4.48912944e-01
  5.58406532e-01  1.13664997e+00  4.93107005e-01 -8.83832726e-01
  1.39832569e+00 -8.74073386e-01 -6.37876128e-01 -1.23426024e+00
  6.83150793e-01  1.05434118e+00 -1.19835439e+00 -1.58047256e-01
 -1.70479493e+00  1.97113740e-01  7.69370020e-01 -6.95304047e-02
  4.59303304e-01 -3.26623444e-01  1.49505308e+00 -1.97630059e-01
 -1.08647165e-01 -2.13916105e+00  3.14371242e-01 -1.64766497e-01
 -1.31581653e+00 -1.40629979e+00 -1.03694499e+00  7.53308476e-01
  2.27526467e-01  8.11221063e-01 -2.11734977e+00 -1.41143737e+00
  1.02749170e+00 -1.78909636e+00  1.45353658e+00  2.84657456e-01
 -1.75193743e+00 -1.48869615e+00 -1.07062334e+00  6.31655408e-01
 -5.63461796e-01 -6.20335015e-01  1.61670712e+00 -1.28349162e-01
 -4.24995146e-01  3.95972085e-01  4.50010412e-01 -1.53439852e+00
  6.60082984e-01 -1.16829040e+00 -6.11250552e-01 -1.54613708e+00
 -1.00240231e+00  2.81462841e-01  4.84839685e-02 -2.43686934e-01
  1.79489218e+00 -1.08021320e+00 -1.05013773e+00 -1.69613116e+00
  3.08280093e-01 -1.67494564e+00  9.38496307e-01 -1.37083595e+00
  5.71131809e-01 -2.44323941e+00 -2.24938508e+00 -3.35671166e-01
 -3.31611258e-01  5.22522873e-01 -1.67891152e+00  1.31645580e+00
  8.33115070e-01 -9.62401734e-01  1.26186167e+00 -1.92936262e-01
 -1.02144261e-02 -6.24625768e-01 -3.93388451e-03 -1.50148425e-01
 -6.15152342e-01  3.45486624e-01  6.47262864e-01  1.43011421e+00
  1.05048769e+00  8.76709078e-01 -8.85709969e-01  1.00550398e+00
 -9.62384616e-01  9.63677283e-01 -1.23222896e+00  1.90358696e+00
  1.41526674e+00  1.19725019e-01  3.01823285e-01 -1.15522683e+00
 -1.82033621e+00  4.70810845e-01 -9.55676655e-01 -3.36892170e-01
 -5.79085750e-01 -6.74103490e-01 -1.12407595e+00 -7.03636461e-02