 1.96119467e+00  6.08624874e-01 -1.87638489e-01  1.26887070e-01
 -6.57551414e-01 -1.08511537e+00  1.91240324e-01  4.19277500e-01
 -6.61116938e-01  1.78136633e+00  3.50892422e-01  8.48103110e-01
 -1.76075217e-01  8.78886955e-02  1.79971975e+00  1.93787740e-01
  1.32067249e+00 -2.33382652e+00  4.11009223e-01 -1.49829814e+00
 -3.96979933e-01 -7.41009054e-01  1.70080337e+00 -1.48364283e+00
 -2.32737002e+00 -1.22167706e+00 -7.74665808e-01 -7.46373183e-01
  5.03821030e-02 -1.74108116e+00 -1.85280922e+00 -8.83996155e-01
 -1.07323236e+00  9.19548390e-01 -1.25162480e+00 -2.19093262e+00
 -6.84942560e-02  6.37004873e-01  4.78935833e-01  1.04198600e+00
 -2.89214745e-01 -1.13843642e+00 -8.52293619e-01 -1.81343046e-01
 -1.45529518e+00 -1.07555655e-02 -4.11566168e-01 -1.86150675e+00
  1.24690330e-01  1.77602159e-01  1.30875575e+00  1.23805663e+00
  1.09878059e+00  9.15752391e-02  1.37659237e+00 -1.29919487e+00
  1.65029310e+00  4.33352287e-01  1.45673554e-01 -1.19906285e+00
 -2.59867809e+00 -1.43887902e+00  1.95291335e+00 -3.99125580e-01
  7.67708590e-02 -4.93899038e-01 -1.52988870e-01 -4.18742552e-01
 -3.56912965e-01 -7.31041888e-01 -5.08807114e-01 -1.57270083e+00
 -2.98824734e-02 -4.78548693e-02  1.36726116e-01 -7.38227067e-01
  7.27686462e-01 -1.23999027e+00 -5.51527754e-02 -1.79384338e+00
  5.35052651e-01 -4.45380764e-01  7.48536611e-01 -6.89209859e-01
 -9.53838618e-02  1.08339525e+00  1.00806099e+00  1.82692786e-01
 -3.30385378e-01 -3.06275502e-01 -3.63256085e-01 -4.48027057e-02
 -5.73132769e-01  7.44660861e-01 -2.82160246e-01  4.68359246e-03
 -1.31138087e+00  1.98320719e-01 -1.12830783e+00  1.19891893e+00
  4.86437644e-01  2.76975301e+00  2.48315088e+00 -1.37494373e+00
  1.42119357e+00 -7.53897361e-01  1.14304608e+00  2.75401040e-01
  2.05676454e+00  2.08084407e+00 -7.39050394e-02 -3.65442711e-01
 -8.46635265e-02  6.88229073e-01 -1.19567118e-02  6.41301077e-01
  8.51240775e-01  6.55610258e-02  7.91023033e-01 -6.56951455e-01
 -5.47546403e-01 -1.24635410e+00 -9.20374263e-01  5.97681585e-02
 -1.96963869e+00 -1.27029357e+00  2.46652388e-01  1.89979899e-01
  1.96986545e-01 -8.90024382e-01  8.42404768e-01 -5.71189876e-01
  9.95735063e-01  6.78601479e-01  2.89959245e-01  1.10467944e+00
 -2.40720002e-04  1.93626479e+00  4.91767683e-01  3.43361784e-02
  3.70881371e-01  2.15378910e+00 -4.58224428e-01  9.10773030e-01
 -1.63318902e-01 -9.90636336e-01 -9.70629157e-01 -1.15732706e+00
 -1.50075328e+00  4.93256425e-01 -1.09145508e+00  1.48607738e+00
 -8.19963777e-01  1.27026064e+00  1.68602458e-01  1.73640422e+00
 -1.98491770e+00 -7.17412562e-01  5.74678992e-01  1.01937992e+00
  2.03674587e+00 -2.81643847e-01  7.25438892e-01 -2.98127445e-01
  9.10774025e-01  9.95959071e-01  7.27019990e-01  1.23358354e+00
  8.09852425e-01  4.29365125e-02  2.96390241e-01  2.31516994e-01
 -1.35258279e+00 -3.10792253e-02 -1.65217438e+00  1.70969810e+00
  1.13348549e+00 -5.28634217e-01 -1.06547865e+00 -1.28967250e+00
  1.43455398e+00 -6.09693039e-01  1.17843186e+00 -5.27870875e-01
 -2.99930588e+00  1.22539063e-01  3.95283515e-01  2.54885121e-01
  1.30126975e+00 -5.86254419e-01  9.04614651e-01  1.00375908e+00
 -2.31443010e+00  1.05030566e+00 -1.82884738e-01  1.15277300e+00
 -1.17190558e+00  1.11760767e+00  1.18876462e-01 -8.53931967e-01
  8.24240379e-02 -1.72093821e+00 -2.87093007e+00 -1.94795233e+00
  1.16910584e+00  9.64579987e-01  1.08601318e+00  6.47560620e-01
 -4.16510181e-01  1.49894170e-01  1.71207674e+00  1.32691344e+00
  8.20552350e-01  7.11688231e-01  4.24215210e-01 -2.00890014e+00
  2.46353303e-01  1.53703865e+00 -3.38043399e-01  1.10304206e+00
 -4.12521254e-02  7.63046324e-01 -9.59679444e-01  1.32209905e+00
 -1.17529402e+00  7.14618851e-01 -3.51291544e-01  3.54597208e-01
  7.53220471e-01 -9.79878813e-01 -2.15433245e+00  1.20891289e+00
  9.61502890e-01 -1.24160400e+00  4.65237100e-01  1.07236229e+00
 -5.42162047e-01  8.78452028e-01  6.37522863e-01 -2.21942072e+00
  1.91755162e-01  1.73824118e-01  6.14056099e-02 -3.48911295e-01
 -3.29775421e+00 -8.63778017e-01 -4.99082317e-01 -2.35032033e-01
  6.01203487e-01  4.16482206e-01  1.36509463e+00  1.35347546e+00
 -4.50276763e-01  2.77430782e-01  5.77101375e-01  1.43851778e+00
  8.37988638e-01  6.10387460e-01 -4.83694891e-01 -1.11410442e+00
  7.91531187e-01 -2.62539832e-01 -6.52592172e-01  6.55278926e-01
 -1.89568502e+00  6.40559547e-02  9.91896608e-01  5.36506050e-01
  9.33819504e-01  5.55957508e-01  5.50760448e-01 -2.06427635e+00
 -1.25125192e+00  4.63656516e-02  1.23191429e+00  2.06506747e+00
 -6.58150736e-01  9.13411634e-01 -1.37688359e+00 -3.02527784e-01
  1.08876285e+00 -5.49723696e-01  8.71926216e-01 -3.21377789e-01
  1.22117858e+00 -1.28888165e+00 -5.91764815e-01  1.22788698e+00
 -1.43324805e+00  8.03034715e-01  3.66186852e-01 -1.25032399e+00
 -2.92362218e-01 -1.01437593e-01 -1.78910241e+00 -4.69201471e-01
 -2.09695086e-01  1.16470755e+00 -7.15606403e-01  5.88474993e-01
 -1.13924611e-01 -1.20749289e-01 -7.90038871e-01 -1.92715687e+00
  2.46158751e-01  1.43270339e-01 -5.02298529e-01  5.02883717e-01
 -6.18022659e-01  1.10055817e+00  7.30636439e-01 -2.14323422e+00
  1.74270631e+00  4.05478422e-01  9.18455567e-01 -1.66366440e+00
 -8.49907262e-01 -1.37500586e-01 -8.71245325e-01 -9.39181773e-01
  7.39886216e-01  3.91792916e-01  1.62285116e+00  8.61725733e-02
  3.28969340e-01  7.13795795e-01  1.39564689e-01  1.29335159e-01
  5.38143820e-01 -6.07739375e-01  3.84993107e-01  1.26069002e+00
 -7.29647790e-01 -2.33687375e+00  1.72236393e-01 -1.33660393e+00
  5.37074878e-02 -7.59330045e-01 -4.05344963e-01 -4.95795613e-01
 -2.75686350e-01  2.25046260e+00 -5.57739461e-01 -3.29582909e-01
  6.35610715e-01  7.33011026e-01 -8.60835536e-02  2.39461363e-02
  1.03689863e+00  7.50203016e-01 -7.83632146e-01 -7.70467202e-01
 -5.92383612e-01  1.69427898e-01  1.91871085e+00  1.36087331e+00
 -1.27391328e+00 -2.33901226e+00  1.65287181e+00 -9.88671846e-01
  4.71047182e-01 -1.21246121e+00 -2.24229468e+00  3.68035512e-01
 -3.00331790e+00  1.49100629e+00 -7.35392088e-01 -8.04802329e-01
  4.64772304e-01  6.26003939e-01 -3.83197054e-01  6.19523492e-01
  3.96175778e-02 -1.25107949e-01 -4.47578256e-01 -1.32718900e+00
  1.18631283e+00  3.30635779e-01 -2.84734791e-01 -6.73677246e-01
 -5.30453449e-02 -1.48379504e-02 -4.62125364e-01 -3.59090710e-01
  1.11717984e+00  9.42095469e-01 -2.55997385e-01  5.76505819e-01
 -6.08812867e-01  2.46783715e-01  3.56187031e-02 -1.22855516e+00
  6.89539952e-01 -1.13159990e+00  1.22248851e+00  8.32689389e-01
 -3.04120148e-01  6.92980359e-01 -2.03559417e-01  5.75054333e-01
  6.80146656e-01 -9.96788298e-01 -4.78354313e-01  9.77306129e-01
 -1.29152832e+00 -5.59136906e-01  5.30181306e-01  1.15474099e+00
 -8.55166903e-02  3.90284402e-01  4.40641522e-01  1.81450701e-01
  9.94600220e-01  2.22340015e-01  5.80724456e-01 -1.23642846e-01
  1.48804047e+00 -1.11233449e+00 -1.94888181e-01 -2.16778231e+00
 -2.17475987e-01  1.29886529e+00  7.32335506e-02  5.83308953e-01
 -4.96895065e-01 -7.80047609e-01 -8.33076272e-01 -1.32754135e+00
 -1.40143818e+00  3.41289407e-01 -8.39897480e-01  5.86750521e-01
  5.82699590e-01 -3.20587413e+00  1.24490961e+00  2.77408221e+00
 -9.75558619e-01  1.33256925e+00 -1.45113614e+00 -6.32642710e-01
  1.24411739e-01 -6.16243117e-01 -8.61083006e-01  1.01303013e-01
  1.71509326e+00 -1.56054084e+00  7.87687235e-01 -2.42453627e+00
  1.84927637e+00  1.36546599e+00 -6.25854250e-01  1.03934471e+00
  7.08840053e-01  6.59811680e-01 -9.13446758e-01 -2.88939330e+00
  5.56412842e-01 -2.71826887e-01  1.28071694e+00  1.99449652e-01
  2.36510764e-01 -2.05448550e+00 -3.26156165e-01  2.06139023e+00
  1.95358151e+00  5.70576934e-01  8.43766821e-01 -8.73363033e-01
  5.49056276e-01 -2.49313280e+00  1.92308308e-01 -1.16010273e-01
  2.11879945e+00 -8.82245318e-01  2.13413989e-02  4.25435568e-01
  1.90874071e+00 -3.22773757e-01  3.05331557e-01  3.25344511e-01
 -1.10622119e+00  1.03499621e+00 -2.55669008e+00 -1.92690291e-01
 -1.12436943e+00  6.04350158e-01  4.92626532e-02  9.61982974e-02
  4.95997385e-01 -7.07597485e-01 -1.42919304e-01 -5.91348499e-01
 -1.29001827e+00  2.22428146e-01  1.07673265e-01  3.60384237e+00
 -1.15375553e+00 -2.22977830e-01 -1.24935715e+00 -1.46319854e+00
 -1.89290311e+00 -4.84548351e-01  1.52017571e+00  3.34766747e-01
  3.94600476e-01  6.92475994e-01 -9.44272101e-01  1.10757820e+00
  8.22639948e-01 -4.39269955e-01 -1.47829925e-02 -8.01929406e-01
 -9.05034552e-01 -4.71450170e-02 -8.86392454e-01 -6.29638191e-01
  4.25231218e-01  1.85553239e-01 -7.35654504e-02 -9.99346192e-01
 -7.50782750e-02 -1.43598005e+00  7.19732892e-01  6.31928226e-02
  5.49519753e-02  1.23363165e+00  1.74185610e-01  1.38873776e+00
  4.94470595e-01  5.67198598e-01  1.94365490e-01  9.44990738e-02
 -7.41126248e-01  8.54715827e-01  1.46144871e+00 -8.49736837e-01
  1.31347458e+00  1.25805274e+00  2.88670856e-01  2.48307620e-01
  9.37199053e-01 -3.08082405e-01 -8.30602052e-01  1.24560418e+00
  9.30913810e-01  6.54962377e-01  4.09228008e-01 -1.08831352e+00
 -1.62122903e-01 -9.82434183e-01 -1.87346581e+00 -1.48105417e+00
 -2.13013231e+00 -3.99767627e-02 -8.90040502e-01  1.44023489e+00
 -5.33675541e-01  6.57769019e-01  1.52171466e+00 -1.44811818e+00
  1.72638876e+00 -6.96210257e-01 -8.21646748e-02  4.17394247e-01
  2.98081376e-01  7.12167288e-01 -2.11723439e+00 -1.11648063e+00
 -1.94379965e-01 -1.70556794e+00  6.68319613e-01 -3.64634626e-01
  7.50449134e-01 -1.64831812e+00  5.47008011e-02 -4.69254911e-01
  5.32495032e-01 -1.25490531e-01  2.00865059e+00 -3.37379849e-01
  1.31325815e-01  5.17820322e-01  5.66370808e-01  5.56529515e-01
 -6.76842742e-01  1.16424551e-01  1.70306959e+00 -6.00062983e-01
 -1.46187800e-01 -5.56893648e-01  9.47210389e-01  3.42607463e-01
 -5.87152688e-02 -6.73911614e-01  1.06965877e-01  1.56831854e-01
  1.01667062e+00  1.01669543e+00 -7.37999571e-01 -1.51506109e+00
 -2.81958802e+00 -9.05036749e-01 -1.55670012e+00 -1.81384328e-01
  3.42927546e-01 -1.90577271e-01 -3.85345487e-01 -3.67539611e-01
 -2.07808208e+00  1.67548768e+00 -4.10320099e-01 -2.10552775e+00
  1.27140751e+00  1.78892049e+00 -8.12616404e-01  6.04991840e-02
  1.44171669e+00 -5.48568142e-01  3.66124548e-01 -9.06243272e-02
 -2.90335898e-01  2.97408502e-04 -3.09384760e-01  9.39646778e-01
  4.74193089e-01 -4.16274623e-01  2.38502827e-01 -8.84845899e-01
 -4.14662594e-01 -2.65205728e-01  6.41746284e-01 -2.46086505e-01
  1.10036913e+00 -1.68551926e+00 -1.33098233e+00  1.33584051e+00
  2.54509784e-01  1.70794038e-01 -1.47162986e+00  7.56515928e-01
 -1.12467211e+00  9.38383721e-01 -2.16297747e-01 -8.90281246e-01
  7.20009086e-01 -2.07818793e+00  1.13333236e+00  9.32155804e-01
  4.94301183e-01 -5.05297281e-01 -1.32825032e-01  1.71782873e+00
  5.11440307e-01  1.07549029e-02 -1.08746847e+00  1.55232559e+00
  1.00132114e+00 -3.59722225e-01 -1.96447264e-01  4.83102748e-01
 -1.84804169e+00  1.10080898e+00  2.97379097e-02  3.68811962e-01
 -6.37759981e-01  9.67800378e-01  5.89759760e-01 -3.93203384e-01
  1.99557502e-01 -1.14916707e-02  4.03456805e-01  6.94435709e-01
  3.10530926e-01  1.00199806e+00 -1.31660930e-01  5.76160395e-01
  4.64022189e-01 -2.61898554e+00  3.96368785e-01 -2.28217791e+00
  1.73422411e+00  9.49862908e-01 -4.23705635e-02 -9.27544037e-01
  1.02382910e+00  2.45400014e-01 -1.00826144e+00  2.29143210e-01
 -6.36472044e-01 -5.76926531e-01  1.51858054e+00  8.29834762e-01
  3.07845508e-01 -6.61425448e-01  1.89014508e+00  4.88266726e-01
 -2.12704684e-03  2.98802882e-01 -4.37410487e-01  5.14488292e-02
  1.33415230e+00 -3.52147581e-01 -6.41179920e-01  1.01290706e+00
  2.13587911e+00  1.36632180e+00  4.24730201e-01 -1.87771409e+00
  2.33343703e+00 -1.06148674e-01 -1.48751549e-01 -2.17436947e-01
  8.86350456e-01  6.22220993e-01  1.36185166e-01 -3.80005622e-01
 -1.24045433e+00  8.99545050e-01 -1.21618046e+00 -7.97783000e-01
 -4.62729244e-01  1.10423243e+00 -7.26312870e-01 -1.19377183e+00
  5.45236033e-01  2.96356031e-01  1.23996546e+00 -6.13794366e-01
 -5.37389199e-01  4.90410730e-01 -9.64678878e-01 -4.37447727e-01
 -8.89096938e-01  4.87996986e-01 -2.52841683e-01 -8.76340827e-01
 -2.29735540e-02  6.76805357e-02  1.08822921e+00 -5.37261834e-01
  1.68439380e-01 -1.31544448e+00  5.08152169e-01  6.62501354e-01
  3.49568968e-01  9.75902510e-01  4.38271592e-01  6.50936644e-01
 -8.77935373e-01 -1.67851923e+00  2.81076135e-01 -1.65776883e+00
 -2.30999033e+00  1.70608987e+00 -6.28901141e-01 -2.17809700e-01
  9.78582994e-01 -3.07510687e-01 -3.80522593e-02  1.01797645e-01
 -7.38790319e-01  5.10360746e-01 -3.16723971e-01 -8.51477073e-01
  5.40029751e-02 -8.99016436e-01  6.89275098e-01  1.51982631e+00
  8.69281991e-01 -2.86076576e-01  4.53908798e-01  8.11698317e-01
 -1.13443971e+00 -1.58887674e+00  1.43122471e+00  1.48394938e-01
  1.87648304e-01 -7.04479155e-01  3.06102704e+00 -3.26979131e-01
 -1.82654703e+00  2.12771294e-01  4.07563698e+00  9.04322818e-01
  7.43595030e-01  4.47628708e-01 -1.69502776e-01  9.54060754e-01
  2.08850018e-01 -5.14636996e-01  9.05186807e-01  4.42252904e-01
  8.96789411e-01 -1.10391847e+00  3.32777765e-01 -2.46420041e+00
 -5.80455261e-01  5.18024601e-01 -3.52252035e-02  4.43685876e-01
  2.18588315e-02 -1.11029998e+00  4.82670449e-01  5.38312785e-02
  1.00719590e+00  1.91403976e-01 -5.11192737e-01 -1.91878443e+00
  2.82539931e-01  1.18642292e+00  7.52929713e-01  5.02702192e-02
  3.88417876e-01  6.61275662e-01  9.43949462e-01 -8.63415064e-01
 -1.49298646e+00 -4.52483753e-01  2.26117443e-01 -3.66663536e-01
  5.31603364e-01 -7.96683928e-02 -9.59670862e-01 -8.12623006e-01
  1.55826319e+00 -1.12391875e+00  1.28850830e+00  2.00339400e+00
 -1.45438324e+00 -9.68242813e-02 -7.97295500e-01  4.03015127e-01
  8.51242034e-02 -7.14905085e-01  5.33180020e-01  1.09695660e+00
  9.30359515e-01 -1.19281539e+00  7.01698309e-01 -5.72459867e-01
 -6.92695933e-01  3.58892454e-01 -1.05344757e+00  1.16091305e+00
 -2.24389919e+00  1.22871067e-01  1.27330566e+00 -2.27350473e-01
 -1.62284866e-01  5.79493202e-01  1.19722671e+00  8.72564279e-02
 -9.60513716e-02 -1.03347058e+00 -5.05150432e-01 -1.04261348e+00
  9.32725941e-01 -1.71771241e-01 -4.76569668e-01  1.81512186e+00
 -2.15481390e-01 -5.77038232e-01 -2.81021536e-01 -7.40979911e-01
 -2.80918700e+00 -1.52963152e+00 -4.75952165e-01 -4.11657947e-01
 -9.59442585e-01 -1.01733090e+00 -3.97150008e-01 -1.19754972e+00
 -5.45708120e-01  2.06437688e+00 -1.37556527e-01  1.61944252e+00
 -3.25434026e-01  1.64352036e+00 -6.76350642e-01 -6.01692037e-02
 -3.19770101e-01  5.88857449e-01  6.32220305e-01  1.58972973e-01
  5.15027809e-01  5.10177484e-01  3.21424790e+00  1.77150680e+00
  2.66619307e-02  7.57168845e-01  2.11135614e+00 -5.51376531e-01
  2.90640794e-01  2.04739646e-01 -2.94766785e-01 -9.90542284e-01
  2.13748462e+00 -1.87130825e-01 -6.28165317e-01  1.33476945e+00
 -2.10507544e+00 -7.24772177e-01 -2.07704413e+00 -1.38788611e+00
 -3.41910236e-01  8.24042794e-01  1.76841639e+00 -5.85485141e-01
 -3.63943498e-01  1.03074812e+00 -8.85961323e-01 -2.83428954e-01
 -6.80003723e-01 -1.49381158e+00  8.89690342e-01 -3.85057545e-02
  8.80494910e-01  1.12393517e+00 -5.92730880e-01 -2.54669555e+00
 -1.29619896e+00 -3.05048326e-01  1.45069498e+00  2.33660544e+00
  7.00278406e-01  5.20962835e-01 -9.97743118e-01  1.05871762e+00
 -7.86358893e-01 -1.63606278e+00  1.14979728e+00  1.72289151e-01
 -2.80807066e-01  3.83461249e-01  1.95045246e-01  2.23977772e-01
 -4.95673919e-01 -9.33980777e-01 -1.52175633e+00  9.62723548e-01
  1.86814260e-01 -4.60824701e-01 -1.87284135e+00 -1.54246106e+00
 -1.77178616e+00  1.94980376e+00 -4.10305150e-01 -9.18582261e-01
  2.91349697e-01 -3.53140353e-01  1.29711004e+00  1.56744879e+00
  5.36138638e-02 -4.13269066e-01  1.65225357e+00  9.84788246e-02
  4.79457615e-01 -1.61659755e-01 -1.88893778e-01 -5.88744048e-01
 -2.82277725e-01 -1.61824129e-02  1.10013566e+00 -9.60893151e-01
 -6.74537325e-01 -4.04475880e-01 -1.00229113e+00 -3.31145066e-01
  1.94697231e+00 -1.05030503e+00  1.39382698e+00  1.30087428e+00
  1.44260554e-01 -1.75461753e+00  9.82123825e-01 -1.08255518e+00
 -1.18814516e+00  1.23219482e-01 -1.25631053e+00  5.46409937e-01
 -8.28498302e-01  1.32325148e+00  4.76521543e-01 -1.26264565e+00
 -2.44707431e-02 -5.54766903e-01 -9.76254558e-01 -8.88082307e-01
 -1.26799880e-01  2.66266924e-01  1.98241734e+00 -4.20236963e-01
 -1.54145743e+00  3.49628436e-01  6.17413970e-01  5.74056243e-01
  1.73957961e-01  9.07154290e-01  1.20634081e+00 -7.52518508e-01