-7.62382185e-03  5.08080944e-01  1.41265230e+00  9.89898821e-01
 -9.53696230e-01 -8.01897791e-01  2.84660597e-01  8.72933915e-02
  8.80471008e-01  3.17339012e-01 -3.22553573e-02 -3.93054505e-01
 -5.26697064e-01  1.19030228e+00  3.67049106e-01  1.35478079e+00
 -3.58050506e-01 -3.14003837e-02  1.28474546e+00 -1.62200969e+00
  3.95744164e-01 -2.47148630e-01 -1.11561010e+00 -5.12840704e-01
  4.54694489e-01 -6.13994376e-01 -1.63755723e+00 -4.97154828e-02
 -1.16610743e+00  1.57783860e+00  7.40729084e-01 -6.72471817e-02
  1.03403675e+00  5.01857503e-01  8.64612277e-01  1.21833150e+00
 -1.74366271e+00 -1.09919694e+00  9.88740009e-02  1.14207334e+00
 -1.12873323e+00 -2.95975237e-01  9.81684758e-02  5.16316015e-01
  2.64239354e-01 -2.71643237e-01  7.08810996e-01 -3.49934251e-02
  5.62967617e-02 -1.12091631e+00  5.90225020e-01 -1.22413579e+00
  3.56818985e-01  9.66621820e-01 -1.23604762e+00  8.93918379e-04
  1.65166511e+00 -1.39603085e+00  2.38475982e-02 -4.47175192e-01
 -1.51764704e-01  1.41210671e+00  3.06029038e-01 -1.06651424e+00
 -4.07404799e-01  1.75017466e-01 -3.21147727e-01  1.23248941e-01
 -1.30946927e+00  1.33033064e+00  1.82610025e+00  6.00904174e-02
 -5.79490403e-01  1.28884955e+00 -2.45747075e+00 -1.80438743e+00
 -7.88152868e-01  1.23179633e+00 -1.66624660e-01  3.35043936e-01
 -1.42214338e-01  9.31538181e-01  3.73910564e-01  1.43805159e+00
 -1.83445131e-01 -8.21165062e-02  2.48756126e+00 -5.55887304e-01
 -8.21668268e-01  5.33632049e-01 -6.84165917e-01  6.24744990e-01
 -7.62040369e-01  6.71948793e-01 -2.25719826e-02  3.39208632e-01
  1.17730869e+00 -8.95404588e-01  2.42279923e-01 -1.14379636e+00
  2.92444930e-01  6.46130977e-01  1.35479224e+00 -1.42791894e+00
 -9.08724981e-01 -6.33626156e-01 -2.00652556e+00 -7.42408190e-01
  1.54077963e+00  1.10300826e+00 -1.01928975e+00  9.74779040e-01
  1.92333521e+00 -4.56671088e-01  5.77339552e-01  1.20010921e+00
 -1.18835522e+00 -1.75890977e+00  2.18296797e+00  3.90142084e-01
  1.00562942e+00  2.67872383e-01 -1.86393514e+00 -1.10450281e+00
 -1.16264488e+00 -4.96881256e-01 -5.48903520e-01 -5.73033934e-01
 -3.51105072e-01 -8.72950673e-01  4.57292008e-01  1.48216106e-02
 -1.80943567e+00 -9.39786067e-01 -4.40896187e-01  5.87271760e-01
  1.08044486e+00  2.69222628e-01  3.74243213e-01  3.83982369e-02
  1.78433000e-01 -6.64785803e-01  2.38214374e-02  7.41451002e-01
  2.14692245e+00 -2.71878250e-01 -6.16940119e-02  2.25178361e+00
 -3.64130490e-01  1.38936087e+00 -1.07610635e+00  2.58383534e+00
 -1.35819298e+00 -1.67538280e+00  3.06855486e-02  8.71226852e-01
 -7.45395747e-02  5.47570314e-01  6.41810080e-01  7.35284654e-02
  1.18625358e+00  5.72156247e-01  3.50608028e-01 -4.80607737e-02
 -3.22025529e-01 -4.94427968e-01 -1.45235013e+00 -3.14755790e-01
  1.12417695e+00 -5.65174289e-01  6.46471626e-01  2.37425817e-01
  6.06047881e-02  4.20035979e-01 -7.08287950e-01  4.62926205e-01
 -2.43811287e-01  1.60607222e+00  9.96328025e-02  7.66783685e-01
  2.25870569e+00  9.05865320e-01  5.85548464e-01  1.11561377e+00
 -8.58285180e-03  1.52334986e-01 -1.44364414e+00 -1.28334108e-01
  6.11238797e-02  1.32624911e+00  1.38043996e+00  2.75323363e-01
  9.17351717e-01 -2.73601854e-01 -1.22362380e+00 -5.41612966e-01
  6.55188838e-01 -1.19241904e+00 -9.76534832e-01 -5.35494541e-02
  4.59553585e-01 -7.08207005e-01  1.12584674e+00 -3.94487326e-03
 -7.42652572e-01 -1.62434809e+00 -9.05335249e-01 -1.81557265e+00
  1.11978746e+00 -1.09680364e-01  1.25044535e+00  7.34437000e-01
  1.88342397e+00  6.28937902e-01  8.04410905e-01  1.92586116e+00
 -1.50513237e+00 -4.58318156e-01 -9.75813664e-01 -1.67947198e+00
 -1.34732488e+00  4.65122706e-01 -8.83300163e-01  1.65253915e-01
 -5.72805440e-01  6.51945197e-01 -7.47051232e-01 -1.82812760e-01
  4.44405069e-01  1.88752339e+00 -1.28172510e+00 -1.80566453e-01
  6.51606937e-01 -1.90709585e+00  1.31531123e+00  6.71197918e-01
  5.47198107e-01 -1.12057016e+00 -1.07480451e+00  4.24833671e-01
  3.46522869e-01 -4.53881719e-01  1.54376360e+00  6.04256968e-01
 -7.00600433e-01 -6.98029210e-01  7.19169979e-02  1.58992238e-01
 -5.11905339e-01  7.65197462e-01  1.13610210e+00  2.16925925e+00
  8.45093997e-01  9.40955889e-01 -2.13941164e+00 -9.64018913e-02
  7.67021673e-01  1.12010117e+00 -9.50472124e-01  4.42757199e-01
  2.12444104e+00 -1.07967928e-01 -2.76408203e-01  2.94056043e-01
  7.32166998e-01 -6.08692889e-01 -1.17261389e+00  7.65980139e-02
  9.01781253e-01  7.28757364e-01 -1.05083482e+00 -1.16937495e+00
 -4.40638611e-01 -1.66062451e+00 -8.49076517e-01 -2.91996769e-01
 -1.65636183e-01  4.98817131e-01  3.63315784e-01  2.10608274e-01
 -1.06189802e+00 -1.15918478e+00 -6.63460511e-02 -6.44161411e-02
 -8.65034518e-01 -5.58230439e-01  1.29355433e+00  9.88846738e-01
  1.08582356e-01 -6.06678027e-01 -6.99710312e-01  2.66435160e-01
  1.14773231e+00  1.65235314e+00  9.18018311e-01  2.31382590e-01
 -3.87142564e-01  5.28042945e-01 -8.97187794e-01  1.74690523e+00
 -3.77808117e-01 -7.81442996e-01  8.56486217e-01  3.70225748e-01
 -1.04293934e+00 -4.84231548e-01 -9.31914194e-01 -5.53663931e-01
  6.14395239e-01 -1.27225232e+00 -3.45055338e-01  2.62039505e-01
  1.28435818e+00  4.99059805e-01  6.24041667e-01 -6.37442127e-01
 -6.27725819e-02 -7.82859715e-02  3.23446578e-01  1.72303468e+00
  5.58059176e-01  2.23696004e-01  7.67688969e-01  2.65284951e-01
 -1.04325225e+00  1.02733723e+00 -1.70084997e+00  8.16484393e-01
 -1.48844020e-01  1.84269694e+00 -8.17529474e-01  2.98268237e-01
  1.08894275e+00  1.80908014e-01  1.45039539e+00 -7.50385278e-01
  2.64239016e+00 -1.71276094e-01  2.83370682e+00 -8.36688577e-01
 -1.71409103e+00  7.51969491e-01 -1.96705485e-01 -5.93209803e-01
 -5.03079971e-01  7.38710661e-01 -7.21530215e-01 -1.95852531e+00
  4.96112427e-01 -4.45375013e-01  3.67468414e-01  2.29319023e-01
 -2.07479144e+00  1.55449253e+00  1.67307250e-01 -7.41860709e-01
  8.26280740e-01  1.15700202e-01 -5.18433255e-01  3.17933354e-01
 -5.78564720e-01 -6.42516677e-01  1.42088378e+00 -8.63779700e-01
  1.07505278e-01  1.37430892e+00 -1.61218670e+00 -2.06197830e+00
 -3.47913606e-02  6.80286553e-01 -1.42109517e+00  4.49441895e-01
  1.29330390e+00  4.76472664e-01  2.97056834e-02  1.46468697e-02
 -5.02942891e-01  3.75802085e-01 -1.62681474e+00  5.87958815e-01
  6.77120321e-01 -1.92490440e+00 -1.44965276e+00 -1.23680355e-02
  1.02870270e+00 -2.16895273e+00 -1.33205111e-01 -6.40007615e-02
  9.23566433e-01 -2.13059316e+00  7.16073261e-04  4.95738246e-01
 -3.94697441e-01  4.75279986e-01  1.22739421e+00  9.16168986e-01
 -6.35242918e-01 -1.19290511e+00 -1.34613498e+00  1.18775238e+00
  1.48494344e+00  2.71480373e-01  2.98578416e-01 -6.51581081e-01
  6.20652435e-01  6.12979135e-01 -1.39912431e+00  3.04499274e-01
  2.37499270e-01 -3.00417714e-01 -7.30952115e-01 -1.16420877e+00
  2.16207933e-01 -9.58064411e-01  6.27257878e-01 -1.11493205e+00
 -5.79199661e-01  8.59951691e-01  1.24136300e-01  1.13265033e+00
 -2.97931963e-01 -1.42654853e-01  4.03089505e-02  1.78709609e+00
 -1.42535593e+00 -3.76345218e-02  1.69797277e-01  1.28180213e+00
 -1.09191047e+00 -4.32744477e-01  8.56945174e-01 -5.16861160e-01
 -1.84170468e-01 -1.10899309e+00 -1.18179117e+00 -1.53392690e+00
  1.28283603e-01  9.40416847e-01 -1.42422096e+00  1.49180720e+00
 -5.39911108e-01 -2.28238920e-01  1.05069132e-01 -6.42158552e-01
 -5.16547207e-01  1.41662635e+00  1.89243641e-02 -4.32493216e-01
  5.80940398e-01 -1.50374875e+00  2.49612777e-03  9.88034300e-01
 -8.20427992e-02  9.50294017e-01 -1.48302099e-01 -6.34236597e-01
 -7.68584754e-01 -7.41454077e-01  9.81995382e-01 -5.87106654e-01
 -6.28878045e-01  5.28190033e-01  1.12057185e+00 -2.87823105e-01
 -1.28864799e+00 -1.17027626e+00 -9.42525100e-01  9.34167880e-01
  1.91884618e-01 -2.88311689e-02  8.58541358e-01  2.12244194e+00
  3.52235942e-01 -1.01993299e+00 -2.87419288e-01 -9.10866621e-01
 -1.13340839e+00  1.27588030e+00  8.76362307e-01  1.60807216e+00
 -2.24723338e+00 -4.04335790e-01 -6.90268626e-02  7.17860875e-01
  4.31462908e-01  2.91537207e-01  1.49990339e-01 -2.48324961e-01
 -1.29005324e+00 -8.85364852e-01  1.46895713e-01  1.09461152e+00
  1.04805929e+00  2.10362045e+00 -1.36533970e+00  7.04266976e-02
  2.62530065e-01 -3.54966440e-01  3.09803463e-01 -5.83456285e-01
  1.17964185e+00 -1.08958424e+00 -2.24535091e-01  1.56816679e-01
 -1.19857365e+00  3.29300891e-01 -9.68374504e-01 -8.15674695e-01
  4.99990486e-02 -3.46797919e-01 -3.01998483e-01  1.23988652e+00
  2.51987935e+00 -2.35545096e+00 -8.38765835e-02 -2.22375563e-02
 -1.92157349e+00  8.66755057e-01 -6.70815727e-01 -3.19727130e-01
  7.02596130e-01  6.70049160e-01  4.38055043e-01 -6.63485389e-01
  4.11749224e-01  8.83433784e-01  1.04337348e-01  5.21294557e-01
 -1.76143452e+00  1.02141501e+00  8.60311252e-02 -2.08370582e+00
  1.05730011e+00 -1.54980489e+00 -1.83696083e+00 -8.24050364e-01
 -1.59771266e+00  5.91739151e-01 -1.58944802e+00 -1.41672994e+00
 -2.95723381e-01 -1.49438210e+00 -7.14579737e-01 -1.02992856e+00
  9.59951569e-02  1.09872237e+00 -2.02251901e-01 -5.34204545e-01
 -1.19150965e+00  7.67148676e-01  1.11113520e+00  3.24241440e-02
  4.03897795e-01  1.14511559e+00 -5.81978918e-01 -7.32041617e-01
 -2.14486746e+00 -4.84817875e-01 -4.65738172e-01  6.96054772e-01
 -9.66795409e-01  8.65099163e-02 -1.46375668e+00  7.11362194e-01
  9.20818843e-01 -1.01543625e+00  7.91477563e-01  4.43676867e-01
 -1.08345862e+00 -6.02892207e-01  8.25366811e-01 -7.66102887e-01
  1.89725171e+00 -5.14716476e-01  8.40497771e-01  3.61635142e-01
 -1.47616968e-01  1.72295717e-01  3.52797698e-01  2.79839159e-01
  2.17120454e-01 -9.64375355e-02 -1.01645511e+00  1.62438503e-01
  1.40090138e+00 -2.17553437e+00  4.25698929e-02 -1.82971716e-01
 -4.21610615e-01 -1.96916899e+00 -8.68309090e-01 -2.92606517e-01
 -8.09103913e-01  1.77700140e+00  3.22572360e-01 -6.99621513e-01
 -3.23425895e-01 -2.15836760e+00  3.78539808e-01  1.88514190e+00
  1.02437319e+00  6.07980591e-01 -2.86002318e-01 -5.63062054e-01
  6.11865584e-01 -3.73554289e-01  9.65281385e-01 -1.89348007e+00
 -8.08872543e-01  3.02695537e-01 -1.08505228e+00  4.24183199e-01
  1.70946482e-01 -8.87634501e-01 -1.13395198e+00  1.21703495e-01
  1.62008462e-01  5.98057925e-01 -1.69871645e+00  2.55129248e+00
 -1.37374830e+00  4.30358930e-01 -5.80640383e-01 -3.90740816e-02
 -1.68139009e-01  7.90544782e-01 -1.54673354e+00 -5.90912304e-02
 -2.06331005e+00 -1.78889456e-01  7.51621835e-01 -4.29830373e-01
 -8.46328851e-01 -4.07745582e-01  5.10901167e-01 -8.05039388e-01
  9.40052469e-01 -7.00722174e-01 -1.25189068e+00 -1.16459586e-01
 -1.72844544e+00 -8.38177548e-02 -1.03466215e+00 -5.28718500e-01
  8.56502537e-01 -3.59138006e-01 -1.05709593e+00 -8.53444860e-01
  1.15017765e+00 -2.11570369e-02 -2.48793106e-01  5.82156655e-01
  2.56421362e-01  5.05072320e-01  5.19449916e-01 -2.75409093e+00
  2.06594268e+00  5.40568526e-01 -2.15443983e-01  2.49730193e+00
 -1.45363459e+00 -1.11628166e+00 -1.08177970e+00 -6.89219100e-01
 -4.00416201e-01 -1.91320111e+00 -2.06991688e+00  7.87551257e-01
 -6.53142252e-02  2.19359745e+00 -1.39284968e+00 -9.81394067e-01
  6.84663957e-01  1.02292126e+00  9.58753184e-01  6.43691917e-01
 -8.94901129e-01  8.41784940e-01  1.66736660e+00 -1.07191649e-01
 -7.42411375e-01  8.66094334e-01 -3.13067488e-01 -4.08832441e-01
  2.94214555e-01 -2.41364393e-01  6.16411308e-01 -4.25721613e-01
  9.23463202e-01  1.27357145e-01 -2.07792359e-01  6.30687008e-01
  3.65185826e-01 -5.34017186e-01  6.99196984e-01  7.82285635e-01
  1.18549089e+00 -7.93161255e-02 -3.50848612e-01  3.35255933e-01
 -1.57405411e+00  1.32877908e+00  6.45961878e-01 -1.03835435e+00
 -3.12072867e-02  1.00816611e+00 -7.00370229e-01  2.84148028e+00
  4.45959546e-01 -5.70919900e-01  1.87902779e-01 -6.18004333e-01
 -1.36582756e-01 -1.68029301e+00  2.33935749e-01  6.05779695e-01
  1.41604761e+00 -8.02925310e-02  5.42356015e-01 -3.25780018e-01
  8.18783810e-01  6.77464599e-01  5.72200405e-01  1.61718160e-01
  1.68614082e+00  2.14323870e-01 -1.17565291e-01  1.09220326e+00
  5.03832276e-01  7.24465881e-02  1.26516930e+00 -3.58237104e-01
 -2.12590443e-01 -7.74456018e-01  4.69564355e-01 -1.70262524e+00
 -9.51882678e-01  9.37622233e-01 -9.76884411e-01  2.44058614e-01
 -1.71979967e+00  1.32809936e+00 -1.97846475e-01 -3.63817007e-01
  1.42095048e+00 -9.09974574e-01  7.75775722e-02 -9.97285269e-01
  8.66649205e-01 -9.27304715e-01 -1.89647394e-01 -1.97582346e+00
 -1.00608819e+00  6.85086430e-01  2.37340232e-01 -6.96832546e-01
  9.47738535e-01 -2.52737388e-01  4.13284260e-01 -5.12225958e-01
  3.18039466e-01  1.85052456e+00 -2.35442898e+00 -1.77426340e+00
 -5.18430377e-01  7.05184488e-01  2.05407487e+00 -2.29976812e+00
 -2.83461876e-01 -1.46578969e+00 -6.92901238e-01  1.03838289e+00
 -8.37304788e-01 -1.18991505e-01  1.20095139e+00  8.49823829e-01
  2.07060024e-01 -7.18618095e-01  9.00685599e-01  4.29648977e-01
 -2.07594717e-01 -1.67111435e+00 -8.33044876e-01  8.09543442e-02
 -1.39045172e-01 -3.24082150e-01 -1.70225766e+00  3.25990206e-01
  1.03377571e+00  2.25053235e+00  1.01253798e+00 -1.31126565e+00
  1.10895048e-01  1.09712096e-01  1.77573874e+00  1.57248743e-01
  8.88787555e-01 -7.60777470e-01 -1.02911424e+00  9.10689599e-01
  9.47145590e-01  9.78501533e-01  9.66184089e-01  4.45655658e-01
  9.30649762e-01  1.09959610e-01 -1.60975846e+00 -1.50689742e+00
  1.38856801e+00  3.15456794e-01  1.48175006e-02 -6.85710266e-01
  1.05704959e+00  1.31370098e+00 -1.02700227e-01 -8.81602277e-01
  7.35690843e-01  1.21101198e+00  8.17924721e-01  6.73163880e-01
 -1.01784578e-01 -1.32664294e-01 -5.58448931e-02 -3.06672209e-03
  1.28102319e+00 -1.09752224e+00 -3.27339891e-01 -4.84862506e-01
  1.82024581e-02 -8.86104475e-01 -8.09513190e-01  1.60649113e-02
  4.82953381e-01  9.66587381e-01 -1.34979904e+00  1.47242489e+00
  2.77018513e-01  4.90200301e-01  1.00380454e+00  4.98865518e-01
  1.17004798e+00  5.65256467e-01 -2.92517683e-01  3.98290170e-01
 -2.07533263e-01 -1.23624183e+00 -1.29200573e+00  8.55986755e-01
 -1.17039124e+00 -3.39751091e-01  2.12907759e+00  1.46291144e-01
 -5.58337024e-01 -8.89743126e-01 -2.97513739e-01  2.44458665e+00
 -4.29269709e-01 -9.37466692e-01  1.34401631e+00  1.20990622e+00
 -2.72059415e-01 -1.89524101e+00  4.24115083e-01  6.58471742e-01
 -2.73685049e-02 -7.32945062e-01  1.32401732e+00 -2.07704849e+00
  1.77027220e+00  5.01961404e-01 -4.88676393e-01  4.96255341e-01
  4.48328933e-01 -1.99874535e-01  6.97620091e-01  1.34517312e+00
 -7.43973851e-01  2.62342547e-01 -1.32112984e+00  4.52141208e-01
  2.07669927e-02  1.27570397e+00  8.26556879e-03  1.49180647e+00
 -7.17906079e-01  2.19940781e-01  1.36157854e-01 -7.80478338e-01
 -1.93138965e+00 -2.98592231e-01  1.52963406e+00 -5.05445813e-02
 -6.16931348e-02 -2.34524362e-01  1.11727754e+00 -1.16257464e+00
  1.21117849e+00 -2.19594382e-01 -4.60742088e-01 -8.62251605e-01
  1.81534362e-02 -2.12422873e-01  4.92273376e-02  8.67277110e-01
  3.75623500e-01 -8.01735187e-01  1.47386859e+00  7.13715233e-01
 -1.16987764e+00 -1.79732378e-01 -6.42916545e-01  1.37835934e-01
 -4.28087712e-01  5.73322856e-01  4.55925333e-01  1.27292545e-01
  1.23460689e-02 -1.63200802e+00 -8.44431285e-01  2.69043166e-01
  1.26145035e+00  1.97448327e+00  1.74808285e+00  1.30261982e-01
 -2.70361352e-01  2.81569757e+00 -4.62754155e-01 -1.60501837e+00
  6.96923682e-01  1.44378252e-01 -6.86109595e-01 -1.34060482e+00
 -4.50994672e-01 -1.63963715e-01  5.42187810e-01 -1.25628329e+00
  4.69167008e-01  3.37354546e+00 -1.61181317e+00 -2.99980420e-01
 -2.89636516e-01  2.22987598e-01 -1.60573828e+00 -1.02376508e+00
  2.17979392e-01  4.34555220e-01  7.64852625e-01  1.10168750e-01
 -8.66205898e-01  1.08882324e+00  7.39673740e-02  8.07543303e-01
  2.08908567e-01  1.53903616e+00 -2.82915806e-01 -1.15646001e+00
 -5.62642343e-01 -5.22858224e-01  3.13691777e-01  9.30841754e-01
 -6.50161718e-01 -1.36348396e+00  2.14623582e-01 -3.60292092e-02
  5.04954627e-01  2.03023192e+00  1.65956661e+00 -9.07773880e-01
  5.13898871e-01  1.46159771e+00 -6.55140477e-02 -1.34438785e+00
  1.24394201e+00  1.62668597e+00 -7.31944873e-01  1.21699675e-01
  3.34347570e+00 -1.60522656e+00  4.76264926e-01 -4.49174180e-01
 -4.47467737e-01 -1.90442245e+00 -9.94155105e-01 -4.54467533e-01
  9.98586531e-01  1.69394495e-01  7.09488266e-01 -2.08162961e+00
 -5.86193791e-01  1.27692975e+00  6.77118085e-01  5.77324335e-01
  9.95008230e-01  2.67653251e-01  2.45302679e-01  8.91597360e-01
  1.62219166e-01 -6.25717328e-01  3.01918886e-01 -1.49816353e+00