 6.60537505e-01  9.70443665e-01 -2.64857770e-02 -7.66056560e-02
  6.04616014e-01 -2.77416749e-01 -5.24133777e-01 -7.68526614e-01
 -1.26849016e-01  5.53074163e-01  5.35125304e-01  4.12709069e-01
 -2.03526659e+00  5.14873980e-01  3.75226807e-01 -4.38719492e-01
  1.90971698e+00 -1.25070421e+00 -8.35891736e-01 -3.87938525e-01
  7.84892975e-01 -1.33598237e-01 -2.99572754e-01 -7.27613035e-01
 -1.03680553e+00  1.00023404e+00 -1.26287526e+00 -5.16491736e-01
  3.13390691e-01 -1.02222030e+00  8.27809515e-01  3.68335028e-01
  1.50427648e-01  1.27679222e+00  1.07682494e+00 -6.11827747e-01
  1.60596403e+00  9.08425983e-01  6.59123779e-01  2.24065484e-01
  9.35662271e-01 -8.59534960e-01 -2.30498737e-01 -8.68895320e-01
  1.31289101e+00  9.10300044e-01 -3.30467133e-01  5.16369778e-01
  4.10242857e-01 -8.78333392e-02 -8.32477071e-02  2.01228154e-02
  9.33365871e-01  2.57638679e-02  1.05349219e+00 -5.21050359e-01
 -9.90700621e-01  1.54622071e-01  4.29322489e-01  8.83678322e-01
 -1.03689749e+00 -6.91321700e-01  6.62290260e-01  9.22686104e-01
  5.52941679e-02  6.94522264e-01  8.13076062e-01 -2.25727839e-01
 -1.07452562e+00  9.09169435e-02 -1.80702609e+00 -3.27706353e-01
 -8.14283208e-01 -2.53623752e-01 -8.86232269e-01  5.28761761e-01
 -9.38942512e-01 -4.05177590e-01 -6.56040372e-01 -5.42283725e-02
  3.06686245e-01  2.39627171e-01  8.71857037e-01 -1.09775299e+00
 -4.87691555e-01  1.98106901e+00 -3.59699694e-01  6.59211218e-01
 -6.46278328e-01  1.34160843e+00  1.26614663e+00  4.64863947e-01
 -1.83024846e-01 -7.65547617e-02 -1.58273576e+00  1.47304748e+00
  6.45781509e-01  8.92397448e-01 -4.20190743e-01 -8.44840422e-01
  5.99038875e-01 -6.74902338e-01  3.91941719e-01 -2.30995802e-01
 -1.62410999e-01  1.35444485e+00  3.55421231e-01 -1.40630546e-01
 -2.00845692e-01 -2.22484383e+00 -6.81211881e-01 -3.05596302e-01
 -1.26110964e+00  7.30578442e-01 -3.33738752e-01 -4.07908359e-01
  1.41836579e-01  2.19627466e-01  9.78132989e-01 -1.98378176e+00
  3.87789837e-01 -6.20789437e-01  1.48346178e-01 -1.53641546e-01
  5.85009898e-01 -8.49927419e-01  2.60282682e-01  7.13767964e-01
  2.96589241e-01 -4.45354004e-01 -1.25468955e+00 -4.37319028e-02
 -4.37451773e-01 -3.48914354e-01  5.54942836e-02  3.72698037e-01
  9.02942416e-01 -3.53858771e-01 -2.55147291e-01  6.91169495e-01
 -6.12702834e-01 -1.47767607e+00  5.23186050e-01 -4.62643716e-01
  9.54312308e-02 -1.85693453e+00 -9.97900693e-01 -2.50617477e-01
 -3.76692885e-01  1.47071436e+00 -8.62060050e-02 -9.58995707e-02
 -2.27682637e-02 -2.08505197e+00 -8.98442538e-01  6.58948684e-01
  7.69152765e-01 -2.07422877e+00 -2.29544755e+00 -6.92838773e-01
 -1.16374100e+00 -7.46848984e-01  1.48894124e+00 -1.34983761e+00
  2.61772180e-01  1.69462466e+00  3.98766579e-01 -1.64327716e+00
  4.66122612e-01 -4.07066880e-01 -1.16758342e+00 -1.25804866e+00
  1.07869987e+00  9.42489439e-01  7.77618383e-01 -5.28551517e-01
  1.24837997e+00  4.16780767e-01 -7.76505715e-01  1.57780976e+00
 -8.89180847e-01 -1.10457437e+00 -1.09816101e+00 -1.69825186e+00
 -1.97310274e-01  1.01974366e+00  4.19472292e-01 -2.61468810e-01
 -2.15558830e+00 -2.80979926e-01  4.91715025e-02  7.92427573e-01
  2.99057819e+00 -1.21382230e-01 -7.03115671e-01 -1.05586529e+00
 -1.13705319e+00 -4.09783495e-01 -1.37929496e+00  1.68045521e+00
  1.09719671e+00  3.28956306e-01  1.33612427e+00  7.26293756e-01
 -5.31869660e-01 -1.29461287e-01 -2.07382943e-01 -2.28849307e+00
 -1.08320708e-01 -1.41832808e-01 -5.43528342e-02 -2.34616871e-01
 -1.34258535e-01  1.57346685e+00 -1.32975082e+00  9.34427000e-01
  1.79089423e+00  6.78151332e-01  3.14703308e-01 -7.67950240e-02
  2.44548312e-01 -6.90099469e-01  2.97943827e+00 -6.28169881e-01
 -4.76209905e-01 -6.75620692e-01 -1.68481259e+00  7.43472133e-02
  9.47542414e-01  5.11901981e-01 -1.36485151e-01 -6.79320725e-01
 -1.12892886e+00 -1.35292778e+00  2.80456861e-01  3.68127832e-01
  2.27414571e-01  2.00250949e+00  2.41066252e-01  4.85197108e-01
  6.36830838e-01  7.87351388e-01  6.43554642e-01  1.94473828e+00
  1.70948242e+00  1.71275503e+00 -1.46327175e+00  5.03814152e-01
  2.15490018e+00 -5.18559231e-01  2.88911161e-01 -2.03288360e-01
 -1.34782915e-01 -1.41833640e+00 -2.39797727e-01  6.35669872e-01
  7.58004591e-01  1.79190447e+00 -4.15767126e-02 -6.40974256e-02
  2.09922446e+00  7.73904528e-01  2.93314637e-01 -4.33761269e-01
 -8.11267848e-01  1.11675186e+00  2.13711994e+00  8.26908830e-01
  1.02510967e+00  5.99556183e-02  2.87736115e-01 -5.11746041e-01
  1.64312908e+00 -2.24855728e+00  4.74591310e-01  2.48383097e-02
 -3.52242808e-01  5.45609683e-02  7.22619218e-01  2.02591953e+00
 -1.59163413e+00  9.83292917e-01 -6.28424081e-01 -2.18539427e+00
  5.94408702e-01  9.72808400e-01  3.80456925e-01 -1.86231679e+00
 -8.35206778e-01  1.94426723e+00  7.64338335e-01 -7.32102050e-02
 -2.07383878e+00 -7.42279638e-01  4.10594398e-02  2.06403582e+00
  1.35138480e+00 -1.05146251e+00 -1.02858671e+00  2.41279606e+00
  8.42059557e-01 -7.43928582e-01  9.14922093e-02  3.18742934e-01
 -6.89464227e-01 -9.48446023e-01  9.18463207e-01 -1.35032590e+00
  1.28043779e+00  5.05954654e-01  1.02056037e+00  2.52376270e-03
  3.99311998e-01  6.95953351e-01  2.96830357e-01  4.21078659e-02
  1.07388842e+00 -4.51548098e-01  1.20055826e-01 -1.95835366e+00
  1.34171977e+00 -2.04879497e+00 -2.41805305e-01 -1.59315790e-02
  1.84859813e+00  3.76024998e-01 -3.25747983e-01  2.38640527e-01
 -1.48061815e+00 -2.38620542e+00 -6.71027692e-01 -9.43508256e-01
  1.76693921e+00 -7.01806385e-01  1.41844194e+00  1.05024138e+00
  3.77606990e-01 -1.25799054e+00  1.98145242e+00  5.90933911e-01
 -1.63528107e-01  2.02948364e+00  3.86527229e-01  6.24018043e-01
  1.58647209e+00 -4.24935039e-01  9.32496087e-01  9.23964397e-01
  5.72335987e-01 -9.48765570e-01  4.01215591e-01  6.63848491e-01
  1.79190006e+00  4.21563885e-01 -2.11432008e+00 -1.10604983e+00
 -2.98310854e-01 -2.28666319e+00  7.43684748e-01 -2.55036062e-01
  1.16648222e+00  1.14501657e+00 -4.32769745e-01 -2.88601218e-01
 -1.03314456e+00  7.40015548e-01 -1.16370707e+00  6.80430564e-02
 -5.39956248e-02  1.13553451e+00  1.08546715e+00  1.05592251e+00
 -1.24818224e+00 -1.20460825e+00 -1.23479501e+00 -6.29789810e-01
 -6.05806689e-01 -2.76806215e-01 -1.08323779e+00 -8.45079213e-01
  8.32056161e-01 -6.90535440e-01 -1.28049695e+00 -6.30389718e-01
 -1.37750038e+00  9.84720646e-01 -8.14911981e-01  7.51332439e-01
 -4.27730948e-01 -8.26077727e-01  2.00837419e-01  5.70475621e-01
  1.29573413e-01  4.66237756e-01 -5.01460037e-01  9.14763365e-01
  1.08606472e+00  4.93492400e-01 -7.28872571e-01 -1.42735225e-01
  1.87991306e-01 -3.47637290e-01  1.32993015e+00 -2.99209955e-01
 -8.98349988e-01  9.43552290e-01 -1.79868964e+00 -5.90147846e-01
  1.32142616e+00 -9.77065696e-03 -1.87260397e-01  6.33733847e-02
  5.46572843e-01 -2.00758404e+00 -1.26183629e-01  1.03618543e+00
 -3.89882232e-01 -4.75989563e-01 -6.00208954e-01  1.01300813e+00
 -2.29777466e-01 -4.65263737e-01 -2.75207820e-01  1.59995217e+00
  6.42850600e-01 -3.28731626e-01 -6.64420048e-01 -1.80234671e-01
  1.20300395e+00  6.30048014e-01 -7.65731106e-01 -2.86962673e-01
 -1.53729980e+00 -2.37665482e-03 -5.02333702e-01 -1.32828042e+00
 -5.76171101e-01 -5.89206326e-01 -1.18966969e-01 -1.44660177e-02
  1.75420003e-01  1.63402012e-04 -1.28240058e+00 -7.26922593e-01
 -2.39328773e+00  3.90105788e-01  1.31517763e+00  1.14909263e+00
  7.71691245e-01 -1.17837027e+00  6.59543559e-01  4.49428135e-01
  9.27754540e-01  1.71863989e+00 -1.27856130e-01 -1.19672642e+00
  5.28573848e-01 -7.50726611e-01  5.85089481e-01 -9.36085319e-01
 -7.83504143e-01  2.22802974e-01  5.15472199e-01  6.87346722e-01
 -1.59031208e+00 -7.22877404e-01 -3.85242387e-01 -4.59079585e-01
  9.56110456e-01  4.10199945e-01  1.13301828e+00 -2.85718529e-01
  3.25079883e+00 -2.25337435e-01 -8.29971567e-01  7.13030689e-01
  3.84898199e-01 -3.41206912e-01  2.55233874e-03 -4.42936580e-01
 -1.83136933e+00 -1.03271206e+00  3.30464264e-01  1.27898814e+00
  1.74226824e-01 -1.78612650e+00  9.33422205e-01 -2.88448454e-01
 -1.81340136e-01  2.13352814e+00 -1.35087684e+00  2.35551656e-01
 -1.29359710e-01  6.59522856e-01 -8.11874358e-01  1.32035972e+00
  6.20752867e-01 -8.83063750e-01  7.10863247e-01 -5.51208603e-01
 -3.34137723e-01 -2.58157593e+00 -5.73943579e-01 -7.02172118e-02
 -1.12259840e+00 -1.78546807e+00  1.86374826e-01 -6.89994981e-01
 -1.05683699e+00 -1.36862493e+00 -1.65692193e+00  1.02556792e+00
  8.28153410e-01 -1.28747487e+00 -4.52210622e-01 -1.64974416e-01
  1.19822554e-01  3.81225737e-01  4.71662889e-02 -6.00847322e-01
 -3.58845309e-01  1.12305315e+00 -7.07649623e-01 -4.48723822e-01
  7.66611840e-01  2.30042254e-01 -1.12153775e+00 -2.31049677e-02
  3.53624023e-03  6.86074665e-01 -2.52731584e-01 -1.53592962e-01
  5.86475103e-01  4.02841960e-01 -4.81048964e-01 -2.54802259e+00
  1.43347029e+00  2.73694267e-01 -1.22498188e+00 -5.53373644e-01
  4.98451471e-01  1.90290180e+00 -1.90344964e+00  1.29932137e-01
 -5.17164531e-01 -8.55125721e-01 -1.95349932e+00  1.61801464e+00
  8.77550169e-01  1.91148979e+00 -5.96097126e-01  3.55426238e-01
 -4.27093301e-01  9.41304713e-01 -2.98199763e-01  7.19157973e-01
 -2.82960785e-01 -5.78292970e-01 -1.24380174e-02  2.76276640e+00
  1.41356620e+00  3.72515124e-01  5.06738314e-01  3.66222166e-01
 -1.40822402e+00  1.29929568e+00  5.31808780e-03  9.53383492e-01
  1.66909533e+00  1.25080242e+00 -2.99554104e-01  2.17928367e+00
 -4.19554494e-01  2.18228590e-02  7.12576042e-01 -1.88956934e-01
  6.98284618e-01  5.26850398e-01  7.12019818e-01  3.47655129e-02
  1.26753063e-01 -5.09522680e-01  9.35964524e-01  1.40519721e+00
  1.28458491e+00  1.51185363e+00  6.51136574e-01  3.81608875e-02
 -2.12462636e+00 -1.06438343e+00 -1.99028406e-02 -1.96336656e+00
 -1.67308584e+00 -5.67656904e-01 -1.84029712e+00  1.20842772e+00
  1.85643910e-01 -1.19016059e+00 -2.53096621e-01 -1.52540509e+00
 -1.29259449e+00  1.67939528e+00 -5.27130497e-02  8.94930942e-01
  1.24941474e+00 -7.93578811e-01  1.82327601e+00  5.82543588e-01
  5.49834582e-01 -1.19224755e-01 -1.75169824e+00 -1.26875183e+00
 -5.64918722e-02  8.14945474e-01  4.87619817e-01  3.79802911e-02
  1.85489725e+00 -3.29981115e-01 -6.06920606e-01 -1.00403824e-01
  6.87143903e-01  5.23019150e-01  1.51067882e+00 -1.32955650e+00
 -1.65200238e-01  2.28539358e+00  7.98403419e-02  3.64730108e-01
  1.47486535e+00  2.06817121e+00 -2.90875376e-01  7.80549175e-01
 -7.94028794e-01 -5.19274794e-01 -9.03117389e-01  1.55291066e-01
 -1.02810054e-02  2.19613319e+00 -4.17906612e-01 -1.68264524e+00
  1.39636725e+00 -1.57727525e+00  8.13693494e-01  7.53434946e-02
  8.24088744e-01 -2.22292123e-01 -1.60102463e-01  1.03421339e+00
 -7.60163385e-01 -8.50263194e-01 -6.66497182e-01  7.53063893e-01
 -1.83701284e-01  1.52321988e+00  1.54088852e-02  1.30163665e-01
 -1.17152123e+00 -5.32618530e-01  9.04865122e-01  6.71969062e-02
 -4.63150267e-01  2.07212801e-01  5.21058478e-02 -2.88949389e-03
 -1.27514469e-01 -4.48857903e-01  7.99674047e-01 -8.39887074e-01
  4.67308960e-01  1.91115778e+00 -1.56780019e-01  7.32425923e-01
  1.17670929e+00 -1.97549729e-01 -9.58779828e-02 -8.07103124e-01
 -1.28451811e+00 -9.25227864e-01 -1.04960328e+00  8.92991986e-01
  4.24668073e-01  4.52260367e-02 -4.57606642e-01 -1.23225753e+00
  1.99488540e-01 -5.67226422e-02  1.10061074e+00 -8.65813333e-01
 -6.18060179e-01  2.51415637e-01  5.96761412e-02 -2.20259715e+00
  2.11078504e-01 -6.47981697e-01  3.74236250e-01  1.49660112e+00
 -5.33474266e-01  1.11705816e+00 -9.56271972e-01  2.20054653e-01
 -2.28508423e-01 -9.37337152e-01  2.16073649e-01  2.36036721e+00
  6.83364793e-01 -6.05700390e-01 -1.36588520e+00 -4.25785565e-01
 -1.28218857e+00 -2.51107193e-01  4.41027227e-01 -7.16211418e-01
  2.16329459e+00 -5.58756308e-01  8.43497579e-02 -3.41750806e-01
 -2.80338236e-01  1.62576242e+00 -8.17377375e-01  1.13919827e-01
  7.36793704e-01 -1.00779379e+00 -4.87861065e-02 -1.19891484e-02
  1.48431831e-01  4.18689403e-01 -1.92790565e+00  1.04377108e+00
  7.41618519e-01 -3.41039744e-02  2.81762110e-01 -1.37416514e+00
 -4.47662991e-02  8.23679786e-01 -1.66112830e+00  1.12464817e-01
  5.20306914e-01  5.37323120e-01  1.34493664e+00  7.36573661e-01
 -3.69511053e-01 -1.00815726e+00  9.79064539e-01 -6.18375020e-01
 -1.08650538e+00  5.51514464e-01  1.44868991e+00 -9.90626618e-02
 -8.12938022e-01 -1.36709261e+00 -4.26788481e-01  1.75923468e+00
 -1.07106461e+00  1.83587447e+00 -7.52564136e-01  5.27996693e-01
 -1.57745073e+00  8.07319556e-01  9.37419955e-01  7.03304895e-01
  2.52334363e-01  2.32088922e-01 -6.95011752e-01  1.22454998e+00
 -3.49686014e-01  1.96719815e+00 -4.93954906e-01 -1.59591921e+00
 -1.06512780e+00 -1.18572853e-01  1.61860485e-01  4.40603897e-01
 -5.51122597e-01  2.44347000e+00 -1.58848128e-01  3.72728637e-01
  6.15411506e-01 -1.50385383e+00  1.20738205e+00 -1.76206000e-01
 -7.09323767e-02 -5.34682703e-01 -9.77989275e-02  1.56803686e+00
 -2.76613627e-03 -7.04846922e-01 -9.71335178e-02 -6.14771784e-01
 -3.59688679e-01  8.15448243e-01  9.59242368e-01  1.07722908e+00
  4.19820580e-01 -2.26973020e-01  8.35806986e-01 -4.42086059e-01
  1.66522618e+00 -1.03414733e+00 -6.27768745e-01  1.16751276e+00
  7.46340754e-03  1.27025548e+00  6.25154968e-01 -4.50835455e-01
 -3.76291748e-02  2.97995645e-01 -1.32533361e+00 -4.24217506e-02
 -3.22596799e-01  1.56582087e+00  1.04573799e+00  2.95054745e-01
 -6.40862735e-02 -6.34639394e-02 -1.45162714e+00  1.77509615e+00
  1.24412284e+00 -7.45075916e-01 -4.74047582e-01  3.79860002e-01
  2.68928933e-01 -3.92086111e-01 -1.60497094e+00 -9.51430518e-01
  3.73003048e-01  1.66358277e+00  3.55157100e-04 -3.75230614e-01
 -6.29033051e-01  8.08484406e-01 -5.84683305e-01  1.49101444e+00
 -9.88997835e-01  1.84036457e+00 -2.88016390e-01 -6.25675769e-01
  2.70188187e-01  1.92392701e-01  6.97808060e-01 -1.30429744e+00
  4.48288653e-01 -3.34160680e-01  1.18921020e+00 -3.51879074e-01
  1.19677948e+00  4.99200321e-01  1.42651996e+00 -1.00465229e-01
 -1.84336394e+00  7.85749619e-01 -2.24174424e+00 -7.70902564e-01
 -1.73688575e-01 -3.72989591e-01 -1.94403039e+00  4.05452609e-01
  6.85950909e-01 -4.99466646e-01  5.95509429e-01  5.09426878e-01
  9.14664458e-01 -8.44481445e-01 -1.18665673e-01  3.82296578e-02
 -1.02857045e+00 -4.29540755e-01 -6.01718210e-01  1.60447362e+00
  1.70124756e+00 -2.46929178e+00 -1.40115381e+00 -9.61322163e-02
 -2.40779328e-01 -4.23537354e-01  1.30354094e+00 -1.03459158e-01
  5.54713718e-01  1.55477824e+00 -2.02114385e-01 -1.18115862e+00
 -8.90187026e-02 -5.15206945e-01 -3.91467472e-01 -1.93294532e+00
  1.02973754e+00  1.29906702e+00  1.06958453e+00  4.28843929e-01
 -1.17301397e+00  1.21650357e+00  4.98312100e-01  2.06441547e-01
 -1.31038378e+00 -1.50982033e+00 -1.02365181e+00  1.66598663e-01
  9.21931640e-01  3.12745648e+00 -2.29824886e-01  4.52436196e-02
  1.43957869e+00  4.42180154e-01 -1.23974368e+00  3.60492450e-01
  9.97750432e-01  8.88970371e-01 -2.15493860e-01  1.43787501e+00
 -1.36942492e+00  3.16619780e-01 -1.25022789e+00  2.67530686e-01
 -5.62217072e-01  8.99941531e-01 -1.79366592e+00 -1.03845562e+00
  4.37862966e-01 -1.26255178e+00 -1.19349982e-01 -3.98934410e-01
 -2.19653438e-01 -4.37398131e-01  1.31984159e+00 -6.82348704e-01
  9.98010780e-01  5.69103310e-01 -1.12243539e+00  1.33501689e-01
  4.58568181e-01  1.16474264e+00 -6.68677332e-01  2.20153792e-01
  9.86763176e-01 -6.63036402e-01 -6.78377452e-01 -2.78914221e-01
  2.53614493e-01  1.13510414e-01 -1.05298155e+00 -1.99473715e+00
  8.19482519e-02 -2.62960669e-02  8.82997199e-01  5.37135459e-01
 -1.12653936e+00 -1.14894288e+00 -7.00710597e-01  4.60434939e-01
  1.08703719e+00  9.32634627e-01  8.26773826e-02 -3.76032743e-01
  1.76973313e+00  2.77364084e+00  6.13205398e-01 -4.35027599e-01
  4.33565749e-01  1.78809538e+00  2.04310774e+00 -1.85037660e+00
  1.51917244e+00  1.49339805e+00  9.27450344e-01 -6.29449810e-01
 -1.51602457e+00  1.71493745e+00 -5.74406797e-01  6.72900046e-01
 -3.53719753e-01  1.09762903e+00 -1.12144630e-01 -1.04118242e+00
  1.28298439e+00  7.84815828e-01 -1.62419607e+00 -7.78190646e-01
  1.51558175e+00  4.97322001e-01  1.57569107e-01 -7.14976218e-01
  1.02536151e+00 -1.41610810e+00  1.20359878e+00  1.36112989e+00
 -2.33119194e+00  9.51379449e-01 -1.47728097e+00  4.91481333e-01
  1.07649742e+00  1.52190113e+00 -8.29231893e-01  6.67583404e-01
 -4.78701223e-01 -2.70317545e-01  3.89285786e-01 -6.03727762e-01
 -2.50791160e-01 -6.92761143e-01 -3.13464875e-01 -9.43658564e-01