-6.58364169e-01 -6.04016872e-01 -1.99214444e+00 -3.78294573e-01
 -4.34296765e-01 -1.04809060e+00  1.67798738e+00 -9.02826905e-01
  5.49806429e-01  3.66053466e-01  1.29942639e+00  2.24741941e-01
 -1.04140363e+00  5.14859556e-01  1.20867842e+00 -8.43550779e-02
  1.42141689e+00 -3.68983773e-01 -5.77315069e-02 -7.69615701e-01
 -8.81066257e-01  3.30996821e-01 -5.21356387e-01  5.20440409e-01
  1.32049645e+00 -3.36980826e-01  7.38329226e-01 -4.58202998e-01
 -3.67380915e-01 -5.56120625e-01 -3.87684235e-01 -1.18482579e+00
  2.37353289e+00 -3.09468951e-01 -5.53644967e-01  2.87413489e-03
  1.07770478e+00 -3.74131506e-01  1.07694190e+00 -8.88696892e-01
  1.29657007e+00  1.39409467e+00 -7.17421749e-01  1.99357936e-01
 -1.61691573e+00 -9.59935978e-01  1.16162063e+00  1.98616715e-01
 -3.09126144e-01  2.40365394e+00  9.89385467e-01  1.22031765e+00
  1.51978159e+00  2.39244391e-01 -1.15128209e+00  9.75979155e-01
  2.43378724e+00 -1.68202764e+00 -6.26517062e-02  1.07071956e+00
  1.17557476e+00  3.16797116e-01 -3.28968258e-01 -9.96523892e-01
  7.01698759e-01  8.19354372e-01 -1.03597253e+00  7.00183209e-01
  8.15076590e-01  1.38688495e+00  1.69844244e+00 -4.68043428e-01
 -6.15951138e-01  1.34673536e+00 -6.25649131e-02  2.34428927e+00
 -2.60725485e-01  1.22037089e+00 -1.21439120e-01 -3.17964165e+00
  8.64859513e-01  1.32141368e+00 -1.00417605e+00  3.78453838e-01
  8.72943443e-01 -1.84557140e+00  5.17999188e-04 -3.96671528e-01
 -7.89710400e-01 -1.23184917e+00 -1.00971760e+00 -9.87099890e-01
  3.42305458e-01  1.85696864e+00  1.30682382e-01  1.77794909e-01
 -1.42804278e-01  8.68658113e-01  1.25531838e+00 -1.30255542e+00
  1.48722828e+00 -8.53810297e-01  6.28067733e-01  1.78137317e-01
  2.06216302e-01 -7.13986694e-01  3.98788021e-01 -4.75023027e-01
  8.63723266e-01  1.15566375e+00  4.24777509e-01 -8.94034375e-01
 -1.15065635e+00  7.54733926e-01  9.97034412e-01  1.17212751e+00
  2.73456670e-02  9.87929346e-01  9.63048390e-01 -1.55984845e-01
  1.20771960e-01  3.88181568e-01 -3.15647968e-01  5.68179495e-02
  5.02155831e-01  1.32704349e+00  1.89844904e-01  1.81316664e+00
 -1.57681728e+00  2.34552825e+00 -6.77525912e-01 -7.24584592e-01
  1.74920078e+00 -1.88602903e-01 -2.36898877e-01  8.37903833e-01
  8.42992517e-01 -1.18686431e-01  1.03982173e+00 -1.36287736e+00
 -6.49895593e-01 -1.12763156e+00  1.82106441e-01 -2.58341353e-01
  1.98409572e+00 -6.86146663e-01 -1.34034886e+00 -1.79205194e+00
  4.67561825e-01  2.47130135e-01 -4.76542429e-01  3.92169669e-01
  2.10475387e+00  7.39382644e-01  5.46178482e-01  1.06136388e+00
 -1.08238565e-01  9.92736493e-01  1.78032849e-01  4.13378304e-01
  1.10950136e+00 -1.76922457e+00  2.04798500e+00  1.36920616e-01
 -5.99859077e-01 -1.00723549e-01 -5.34543331e-01 -1.37682445e+00
  2.43400485e-01 -1.39652801e+00 -8.63738851e-01 -1.90217768e-01
  3.19179958e-01 -1.02127746e-01  1.93134424e+00  1.31598797e+00
 -2.06990720e+00  1.75454153e-01  9.17308615e-01 -1.40508059e-01
  5.11157985e-01  7.70688952e-01 -1.21427826e+00  6.72672718e-01
  1.46527151e+00 -5.95214366e-01 -1.49061913e+00  5.43309070e-01
 -7.72181468e-01 -1.38982172e+00  7.87295664e-01  7.08967162e-02
 -7.45743966e-01  2.06365381e-01 -3.72935195e-01 -5.70824811e-01
  1.69832818e+00  4.51077063e-01 -2.80956576e-01 -6.72587779e-01
  2.26079719e+00  9.40035313e-01 -5.88958135e-01  1.03159033e+00
 -3.17893583e-01 -4.74941008e-01 -2.19457535e+00  5.25145616e-01
  7.47106044e-01 -1.97436146e+00 -1.54897969e+00 -6.10490868e-01
 -6.35895230e-01  7.64455211e-01  2.54311984e-01 -7.77576337e-01
  5.95471230e-01  1.42106752e+00 -9.64842507e-01  1.74551722e+00
 -4.88851239e-01  1.57440622e+00  1.69095169e-01 -1.03726929e+00
 -1.50281337e-01 -2.05190897e+00 -6.32113209e-01  6.39766405e-01
 -1.27811818e+00 -5.38357944e-02  3.61686860e-01 -1.21616259e+00
 -3.12455103e-01 -3.04154878e-01  4.61944884e-01 -2.87189290e-01
  1.38041379e+00  6.00110078e-01 -3.86354466e-01 -1.31359301e-01
 -3.30504159e-01 -4.24234877e-01  1.37066255e+00 -3.28712737e-01
  1.39679887e+00  7.60070382e-01  1.66973993e+00  5.23083720e-01
  5.58797699e-01 -8.28079116e-01 -7.72924807e-01 -1.61816870e+00
  1.64625511e+00  5.90113694e-01  2.45634018e-01 -3.41573183e-01
 -5.71886683e-01 -4.93182634e-01  8.58305081e-01  4.11492493e-01
 -4.67929767e-01 -9.59475052e-01  7.08744362e-01 -4.63868854e-01
  4.73304801e-01 -1.52027181e+00 -3.13526144e-01 -7.96490825e-02
 -2.25182653e+00  1.00639460e+00 -1.04451076e+00  8.21371734e-01
  7.87754479e-01 -1.47972250e+00 -3.81474462e-01  1.73335146e+00
  1.45254497e-01 -1.96813206e-01  9.69820157e-01  1.12794735e+00
 -1.37251128e+00  3.49465739e-01 -2.11524925e-01  1.20018077e+00
  9.18657737e-01  8.74748873e-01 -6.78706135e-01  2.36997123e-01
 -6.78162239e-01 -6.78583238e-01  7.34509564e-02 -1.67081807e+00
 -2.57333173e-01 -5.09902257e-01 -1.19796820e+00 -2.36362053e+00
  7.22478792e-01 -3.19081254e-01 -8.33220786e-01  2.83689156e+00
 -2.47863978e-02 -1.25493168e+00 -2.17894741e-01  8.26209747e-01
 -3.61917921e-01  1.43984142e+00 -1.33049635e+00  1.41973050e+00
 -7.60665451e-01  1.22930696e-01 -9.10004481e-01  1.38541288e+00
 -4.85234221e-01  1.10386837e+00  3.83725813e-02  1.33917870e+00
 -7.41695932e-01 -7.74542802e-01 -8.49056357e-01  9.81635048e-01
  3.42300286e-01  1.72510339e-01  1.63516426e+00 -3.65651434e-01
  3.11067728e-01 -1.81811030e+00 -1.00505051e+00 -3.85352596e-01
 -4.93841602e-01 -4.35037510e-01 -8.71370786e-01 -1.05279628e+00
 -6.27506244e-01  3.56155966e-02 -1.79201568e+00  1.32276099e-01
 -2.66149142e-01 -1.65902701e+00  5.68093279e-01 -9.48362020e-01
 -8.28058138e-01  2.89085054e-01  9.63160896e-01 -2.29887863e-01
 -2.02435675e-01 -4.63947042e-01  1.43879632e+00  6.85776656e-02
 -5.15252686e-01  5.49346388e-01  1.25933857e-01  2.04207551e+00
  9.17800927e-01 -1.42832179e+00 -1.20979186e+00  9.43185610e-01
 -2.43870800e-01  1.16695481e+00  1.75074430e-01  1.59246827e-01
 -9.30351814e-01  1.07525828e+00  5.77131843e-01  6.08348592e-02
 -1.47665266e-01 -4.71484229e-01  2.30171888e-01 -1.06066623e+00
 -5.88203418e-01  1.26710829e+00  8.46786238e-01 -2.25226709e+00
 -1.23836660e+00  1.00534699e+00 -6.64378782e-01  6.22925099e-01
  1.34261529e-01 -4.68384947e-01  4.69592303e-01  1.17927305e+00
 -1.62655018e-01 -1.30736967e-01 -5.02568278e-01  5.66748445e-01
  3.03070156e-02 -4.87423925e-01 -2.56756671e-01  1.41675383e+00
 -5.41175033e-01 -9.89188675e-01  8.54340022e-01  1.93631106e-01
 -9.25813639e-02 -4.60630810e-01  1.29822826e+00  9.50760362e-01
 -1.12478937e+00  1.29197612e+00  1.17702558e+00 -2.26656076e+00
  1.79871600e+00 -1.46927632e-01 -5.01373567e-01  1.19640123e+00
 -1.65210855e+00 -1.47887821e+00 -3.34331714e-01 -2.75194946e-01
  1.41720750e-01  1.66270926e+00  1.01821270e-01  1.82603457e-01
  9.38539634e-02 -5.96630874e-01  1.86010689e+00  1.88381762e+00
  3.82293318e-01 -3.55814675e-01 -4.95055900e-02 -2.16477882e-01
  1.42717308e+00  3.30124488e-01  1.26518579e+00 -1.11993067e-02
 -4.39002177e-01  3.31077065e-01  5.36293388e-01 -4.90324973e-01
  1.27248803e+00  3.29665059e-01 -7.90121117e-01  1.98530798e+00
  5.13579319e-01 -5.98141952e-01  8.76302760e-01  2.69591391e-01
 -1.28855455e+00 -7.45678076e-01  9.05354641e-01  1.44542910e+00
  1.46011570e-01  1.64734263e+00 -4.68834951e-01 -1.54963331e-01
 -8.72099331e-01  9.74466141e-01 -4.36935938e-01 -1.61783386e+00
  1.27819537e+00  1.10247096e+00 -1.38652834e-01  7.46078218e-01
  1.03288662e+00  4.00809461e-01 -1.13865275e-01 -8.63000944e-02
  2.94468974e-01  9.34878127e-01  9.31833898e-01  1.45328302e-01
  7.12787773e-02 -1.33583465e+00 -4.96410146e-01  2.03190985e-01
 -7.82003263e-02  2.58326433e+00 -4.47713958e-01  2.08281265e-01
 -1.52943541e+00  9.57857211e-02  9.87864984e-01 -1.65685558e-01
 -6.37170287e-01  1.01346587e+00 -2.35476812e-01  1.33295692e-01
  1.60426092e-02  8.75844023e-01 -1.18524814e+00  8.81737098e-01
 -1.45210341e+00  1.11749964e+00  1.21832353e+00 -4.66526950e-01
 -1.84890070e-01  2.98601229e-01 -8.00729229e-01  7.66152151e-01
  1.35301307e+00 -4.88557191e-01 -1.55442657e+00 -1.06718310e+00
 -1.88643323e+00  1.12650599e+00 -8.53742616e-01 -1.83334521e+00
  1.75366379e+00 -6.71047742e-01  2.64704637e-01  1.82491041e+00
  7.50962534e-01  8.13670131e-01 -1.96638286e-01  1.73840496e+00
  4.76275156e-01 -1.65599761e+00 -9.19137820e-01  4.06804103e-01
 -1.13608285e+00  2.67766200e+00  1.45066214e+00  2.34084477e-01
  8.52390629e-01 -2.13411812e-01 -7.81146740e-01 -6.03078744e-02
  1.27018727e+00 -1.48839030e-01 -5.13079326e-03  1.58252922e+00
 -1.05724827e+00  1.82031575e-01  6.13850263e-01 -2.33849039e+00
  3.71158226e-02 -6.54456483e-01 -4.82842075e-01 -7.19295557e-02
  3.65027746e-01  5.77001492e-01  7.97589252e-01 -6.40393537e-01
  9.75994750e-01  7.41456721e-01 -2.42300032e+00  1.86878740e+00
 -1.98888062e+00  9.96450310e-02 -2.17480088e+00  8.04223100e-01
  5.59768794e-01 -2.67014307e+00 -3.20199498e-01  1.32240232e+00
  7.89408753e-02 -9.38752184e-01  2.09612121e+00  1.20334451e+00
  8.33394842e-01  1.77616684e+00 -5.58831087e-01  5.00549633e-01
  3.24731479e-01 -2.05297096e+00 -9.53861293e-01 -2.27970068e+00
  1.24611398e+00  3.96956782e-01 -4.22033678e-01  1.91344430e-01
 -9.82490390e-02 -1.64714671e-01 -9.17718507e-01 -5.54820338e-01
  1.68072849e+00 -3.30673317e-02  1.05627325e+00 -1.28355662e+00
  3.09714896e-01  3.01596853e-01  9.21399533e-01  3.04674977e-01
  9.99997289e-01 -1.30546449e+00  3.49465879e-01 -5.03335739e-01
 -6.14837131e-01 -1.10101368e+00 -6.80757477e-01  1.66685834e+00
  2.13623630e-01  9.20975662e-01 -9.46245704e-01  7.77207307e-01
 -2.34457814e-01  1.45936290e+00  1.15375222e-01 -3.06160157e-01
  6.23354369e-01  5.35591974e-01 -2.80190060e-01  7.52166557e-01
 -1.40308935e+00 -3.73758271e-01 -1.31613665e-01 -5.31353832e-01
 -6.54661298e-01 -2.32878593e-01  2.98989277e-01 -5.20049580e-01
  1.16779256e-01 -1.21119094e-01 -1.08438642e+00 -6.05738947e-02
  2.58727788e-01  7.23407094e-02  1.92980720e-02  1.74993242e+00
 -7.71502935e-01 -9.24856068e-01  8.98132588e-01  1.77382237e+00
  1.12911712e+00 -1.70527435e+00  1.40728659e+00 -7.44199705e-01
 -6.58120675e-01  1.33707568e+00  1.17242821e+00 -3.03938749e-01
 -1.62822382e+00  2.75141331e-01  6.46177878e-01  9.01747190e-01
  8.00479384e-01  1.43967274e+00 -7.77481169e-01  7.17414188e-01
  1.51732358e+00 -2.17176842e+00  4.75153798e-01 -3.50188764e-01
  9.34069483e-01 -4.42746389e-01 -1.07146196e+00 -9.84750401e-01
 -2.81551742e-01 -7.05485589e-04  6.53860030e-01 -7.09961197e-01
  6.41411603e-01  3.11883478e+00 -1.71802596e+00 -6.07750669e-01
 -7.33815209e-01  1.03780565e+00 -5.12708932e-01 -1.24487475e+00
 -9.10687075e-01  1.11947120e+00  4.28194303e-01  3.82768026e-01
 -3.81955046e-01  1.86614364e+00  2.11520197e-01  9.46942783e-01
 -3.41637554e-01 -2.08107779e-01  6.48772374e-01  2.30173695e-01
 -4.10678401e-01 -4.03851418e-01 -1.62103781e+00 -4.52528996e-01
  6.22233683e-01 -5.55495594e-01  8.67089887e-01 -6.17256845e-01
  4.84469550e-01 -1.92100160e+00  7.21057099e-02 -5.15412468e-02
  2.82373624e-01  2.20028473e+00  3.65195552e-01 -8.62868093e-01
 -6.30984975e-01  1.54055246e+00  1.89525974e-01  8.62973011e-01
 -9.00734931e-01 -2.11663011e-01  1.43173451e+00  6.39307049e-01
  8.13204148e-02  7.33531979e-01  5.76254745e-01 -6.59911028e-02
 -1.32770131e+00  3.52817337e-01 -4.67525655e-01  2.32581482e-01
  1.67063912e-01  1.22669499e+00  9.56764497e-01  1.34713720e+00
  1.80980809e+00 -1.13419094e+00  1.20490508e+00  2.50269486e-01
 -9.59764438e-01  1.97809152e+00 -1.25136543e-01  2.16414865e+00
  3.22207007e-02  1.48547534e+00  1.44938715e+00  1.53681586e+00
  1.02692297e+00  1.18506354e+00 -6.81355744e-01 -1.14462154e-01
  1.47886777e+00  1.14775907e+00 -1.18529288e+00 -6.54151496e-01
 -2.54423874e+00 -5.43954703e-01 -2.29280786e-02  4.49817864e-02
 -2.35210084e-02 -3.35854581e-01  7.88131945e-01 -4.26152727e-01
 -2.75304044e-01  2.51869441e-01 -2.96609109e-01 -1.34755367e+00
 -2.28309822e+00 -3.46428695e-01 -5.53205356e-01 -1.19991781e+00
 -8.53855603e-01  3.16539364e-01 -5.90132969e-01  2.20330765e-01
 -8.81430452e-01  5.53630615e-01 -6.42164105e-01  4.07398673e-01
 -6.24652672e-02 -1.04332126e+00 -1.89339384e+00 -1.15644890e+00
  8.48559226e-01  5.81983476e-01 -8.41195027e-01  4.12334671e-01
 -7.05036199e-01  3.00472635e-01  6.46583363e-01 -2.05566048e-01
 -9.49020257e-01 -1.90603329e+00 -5.11961294e-01 -4.83325108e-01
 -1.28505805e+00 -7.89990841e-01 -1.30475834e+00  1.69427512e+00
 -1.23463826e+00  1.09102706e+00  1.34292678e+00 -1.01682868e-01
 -2.13016208e-01 -1.52193953e+00  1.24021463e+00  3.13831904e-02
  3.00091260e-01 -9.78892865e-01  9.21978780e-01 -3.97648106e-01
 -1.41807646e-01 -1.78743480e-02  3.32448187e-01 -1.62779054e+00
 -2.73316583e+00 -4.67462227e-01  3.32148582e-01  1.06987728e+00
  8.34564768e-01  1.05554961e+00 -6.60902756e-01  1.19744666e-01
 -3.99763917e-01  2.53003976e-01 -1.82157603e+00 -1.10802225e+00
  7.97989183e-01 -4.11954764e-01  1.02160483e+00 -2.84960221e-01
 -9.62664506e-01  1.06797164e-01 -1.06500869e+00 -2.33642994e-01
  4.10646435e-01 -1.52033673e+00 -3.06309936e-01  1.72680386e+00
 -7.93685829e-02 -1.12356662e+00 -8.41679356e-02  8.52296407e-02
  2.16701157e-01  8.25393799e-01  6.70347166e-01  3.35449626e-01
 -1.21921966e-01 -2.78949749e-01 -2.15343779e+00 -8.00827720e-01
  4.16042602e-01  3.70276437e-01  4.26470172e-01 -5.54250867e-01
 -5.51402974e-01  2.38832699e-01 -2.80719340e-01 -2.21221216e-01
 -7.60484881e-01 -2.61475722e-01  4.02731490e-01 -1.40172612e+00
 -2.03079393e-01  1.57451411e+00  1.26814437e-01  9.96439633e-01
 -6.69522523e-01  1.97789420e+00 -2.73706204e-01 -1.47378800e-01
  8.36513836e-01 -4.41957261e-01 -1.80759685e-02  3.96679449e-01
  1.16634811e+00  2.95993847e-01 -2.70906007e+00  1.01505212e+00
  3.60766619e-01 -1.19712583e-01 -7.68396444e-02 -2.08517683e-01
  7.60420298e-02 -2.71890225e-01  7.34960310e-01 -9.57224417e-01
  7.39960693e-03 -1.06068119e+00 -5.24030901e-01  4.78458325e-01
 -8.19166551e-01  1.13457445e-01 -1.21975167e-01  1.75187361e+00
 -6.31997071e-01 -5.97395060e-01  3.41696716e-01 -3.00223444e-02
  7.33680648e-01 -1.38633978e+00 -2.07368180e-01  2.78683485e-01
  1.67735589e+00 -1.48231196e-01 -4.04341563e-01 -7.99449065e-01
  1.34470818e+00 -1.21500571e+00  6.50926570e-01 -1.13901400e-01
  1.19958294e+00  9.44418377e-01 -4.60645398e-01  7.38237328e-01
 -6.36814068e-02 -7.30916583e-01  9.83825360e-01  7.24810185e-02
 -1.15306173e+00  2.27196410e-01  7.43424398e-01  8.12205363e-01
  5.88316833e-01  9.17603417e-01 -4.35209872e-01  2.25063707e-01
 -1.61841685e+00 -1.04987311e+00 -1.28809800e+00  6.15883282e-01
 -1.69101590e+00  3.13518678e-01  1.42437726e-01 -1.03362287e+00
 -1.22935887e+00  1.02288843e+00  1.25153884e+00  2.02389118e+00
 -2.83894996e-02 -8.54805888e-01 -4.15886783e-01  1.83105896e+00
 -1.51905731e+00 -4.49275497e-01  1.06464343e+00 -3.83427938e-01
 -2.55021490e+00  5.97341740e-01  2.44642176e-01  1.05453333e+00
  4.26255574e-01  9.95193941e-01  7.51002393e-01  4.33174775e-01
 -1.75698638e+00 -1.45359585e-01 -2.53733456e+00  1.75351233e+00
 -1.35026132e+00  2.46848726e-01  1.98728142e-01  2.52945874e+00
 -1.52956503e-01 -1.87832210e+00  6.83977916e-02 -1.58895726e+00
  2.00238028e-01  3.71614833e-02  2.16119008e+00  4.77337326e-01
 -1.57661401e-01  1.45899381e+00 -8.76827339e-01  7.39653293e-01
 -6.36877370e-01  8.42761660e-01 -2.82333260e-01 -1.34310959e+00
  5.78248059e-01 -8.75657539e-02  7.10547606e-02  4.58628406e-01
  7.89854164e-01  4.99391807e-01 -2.79707447e-01  1.89113010e-01
  1.29026631e+00  7.67562779e-01 -1.87719373e+00 -6.56759303e-01
  2.82252371e-04 -6.25214157e-01 -1.22691520e+00  6.87076075e-01
  5.09205648e-03 -1.39576410e-01 -1.37067505e+00 -2.38490268e-02
  7.33364362e-01  1.82396330e+00 -6.23925690e-02  4.82730306e-01
  3.46559881e-01 -1.45776358e-01 -9.77749490e-01  4.04231742e-01
 -2.06469341e-01  6.51512006e-01 -1.33065445e+00  1.93281416e+00
  1.55423379e-01  1.15444615e+00  8.02463849e-01  5.02443403e-02
  3.99679857e-01  1.29876974e+00  1.14406075e+00  1.06658260e+00
 -6.72287085e-01 -4.01343181e-01  2.93050939e-01 -6.41303612e-01
 -1.97700596e+00 -8.22611861e-01 -3.39778702e-01  1.64192835e+00
  1.38104311e+00 -9.66904197e-01 -1.40022925e+00 -1.27275979e+00
 -1.48492124e+00 -1.85542000e-01  3.47611594e-01 -9.55712497e-01
 -8.10494143e-01  8.62320035e-01 -2.93295693e-01 -7.70717328e-02