-2.67733592e-01 -1.32299791e-01  2.53266347e+00  7.54692798e-01
  1.13554823e+00 -1.28151978e+00 -9.80005210e-02 -6.43590985e-01
  2.10871454e+00 -2.00514961e+00  1.46402187e+00 -7.49041142e-01
 -8.21010472e-01 -4.00478133e-01  6.17462448e-01  6.43121428e-01
  2.26861168e-01 -1.39808291e-01 -8.86001879e-01 -7.51136083e-02
  1.00073656e+00 -2.34483636e-01  1.37997982e-01  1.87941235e+00
 -1.92629840e+00  8.31912319e-01  7.19279617e-01  1.75680997e-02
  3.40833819e-02 -4.80603440e-01  1.38473251e+00 -6.41486179e-01
  6.13378571e-01  5.30455925e-03 -6.56133760e-01 -9.83504500e-01
  1.44772887e+00  5.42294716e-02 -1.39379610e-01 -3.86318953e-02
  8.18385551e-01 -9.45380190e-03  2.17374135e-01 -2.49856635e-01
 -8.39276587e-02 -4.18732123e-02  1.07272287e+00  8.35307038e-01
  5.62001399e-01  8.06056746e-01 -6.90267896e-01 -8.20980866e-01
 -2.49542128e-01  9.69347655e-01 -2.97316388e-01  2.07534027e+00
  6.82442432e-01  9.56492228e-01  5.83159694e-01 -4.98990510e-01
  7.56429368e-01 -5.66924289e-01  7.69956785e-01  2.86688335e-01
  1.13349969e+00 -7.91450420e-01  1.53609102e+00  3.60313411e-01
 -1.29624956e-01 -1.58299631e+00  3.78026424e-01  1.05443092e+00
  2.02990362e-01  1.80556959e+00  3.47269357e-01 -5.15803904e-01
 -2.05858038e-02 -7.71385414e-01  1.53813126e+00 -1.98361005e+00
 -5.17351419e-01  2.33053911e-01  4.18043730e-01 -7.98522355e-01
 -3.36366920e-01 -6.54833582e-01  6.83612113e-01  1.42133691e+00
 -1.43468155e+00 -1.33747916e-01 -1.71244496e-01 -8.88814591e-01
  1.73959598e-01 -7.37692793e-01  1.53794098e-03 -9.49860073e-01
  1.73712205e-01  9.95454930e-01 -5.36715554e-01 -1.39032127e+00
 -2.02079622e+00  2.24068785e-01 -1.98603028e-01  6.03303201e-01
 -1.65634251e-01 -5.86065202e-01  8.17523176e-01 -8.73006345e-01
  6.77477634e-01  2.95280035e-02  2.39667094e-01 -7.76208010e-01
 -8.46800360e-01 -1.80804557e+00 -3.18817243e-01  3.78360441e-01
 -5.57068829e-01  7.62085610e-02  2.38130949e-01  1.02207574e-01
  6.18687605e-01 -8.48026860e-01  7.66596905e-01 -6.50403539e-01
 -3.49568172e-02  1.46589609e+00  1.31658111e+00  6.90827869e-01
 -1.37687427e+00  9.72118915e-02  1.96835061e+00  8.59153734e-02
 -4.26155950e-01  1.38238213e+00 -1.32308352e-01 -4.55515343e-01
 -7.10858759e-01 -2.98857246e-01 -4.82042860e-01 -1.22088486e+00
 -1.48826690e+00  9.92320718e-02 -5.36007965e-01 -1.63308190e+00
 -1.86528989e+00  3.07960370e-01 -2.06073321e-01 -1.05244530e-01
 -1.27283291e+00 -1.64455955e+00 -6.57921604e-02  7.53070007e-01
  5.08030613e-03  9.67009848e-01  2.12851730e-01  1.08663876e-01
  1.17043407e+00  1.47150415e-01 -4.61341048e-01  5.44655243e-01
 -1.30243050e+00 -3.73488539e-01 -5.37458143e-01 -7.56940638e-01
 -8.68423637e-01  1.68263913e+00  8.02124176e-01  9.69777740e-01
 -9.36064914e-01 -9.70418074e-02  1.99203208e+00 -8.29689214e-01
 -4.60322897e-01 -1.32541327e-01 -5.37903584e-01  8.06600453e-01
  6.79381588e-01 -1.56472589e+00 -5.01963385e-01 -8.89994333e-01
  3.82198468e-01  6.17233787e-01 -2.10759069e+00 -3.64220831e-01
  1.50676451e+00 -8.99273737e-01 -1.19299963e+00 -2.36984833e-01
 -7.18497955e-01 -2.02293459e+00 -7.94438432e-01 -1.07407214e+00
 -4.04435037e-01  5.33444713e-01  2.46670635e-01  1.26150740e+00
 -1.95387813e-01  7.21598590e-01 -1.16840208e+00 -1.49845685e+00
  4.79475539e-02  5.69008960e-02 -2.82965380e-01 -7.98262791e-01
 -6.12239010e-01 -2.62780087e-01 -1.31002919e+00 -2.69429945e-01
 -1.64871139e+00 -2.57910420e-01 -1.73414475e-01 -5.93867423e-01
 -6.60061312e-01  2.97813976e-01 -1.39013517e+00 -9.05439717e-01
  1.46779460e+00  1.55397584e+00  1.94739677e-01 -1.37257284e+00
 -1.33647163e+00 -1.04994820e+00 -1.39293076e+00 -1.10543516e+00
  1.38948684e+00 -6.83064831e-01  9.51888229e-01 -6.00122089e-01
 -1.36825231e-01  6.12794546e-01  1.02533960e+00 -3.24969520e-01
  4.13051029e-01 -1.41429298e-02  1.85696167e+00 -3.63530877e-01
 -1.67058390e+00 -2.97758473e-01 -6.22496759e-01 -5.07945064e-01
 -3.23437070e-02 -5.66406482e-01  2.98337712e-01 -1.38936584e+00
  1.76923869e+00  9.02926712e-01  3.59028948e-01  4.68896989e-01
 -1.75332975e+00  5.36199214e-01  6.89655170e-01 -9.45625346e-01
 -2.50353275e+00  6.22497702e-01 -2.57609244e-01 -5.51259841e-01
  6.99908190e-01  1.76197424e+00 -7.97314317e-01  1.90750653e+00
  1.03923997e+00 -9.06516829e-01  5.41249055e-01  2.78335416e-01
  4.59538734e-01 -7.56987227e-01  1.65424209e-01  6.33346615e-01
  2.69130267e-01  1.59794070e+00 -1.46233476e+00 -8.04570697e-01
 -9.32727579e-01  6.03497055e-01  1.48387050e-01  1.36923269e+00
 -6.03299669e-01 -9.79363719e-02  4.62596002e-01  6.38078202e-01
  9.76902534e-01 -1.90002054e-01 -1.43127352e+00 -2.85065844e-01
 -1.24568718e+00 -9.12913156e-01  1.21033587e+00 -6.42906860e-01
 -1.21569036e-01 -6.51062375e-01  5.59220662e-01 -1.09927219e+00
 -4.79412086e-01 -9.71171089e-01  7.14415292e-01  9.14069302e-01
  7.96218050e-02 -5.49318242e-01  1.94404874e+00  7.20694003e-01
 -6.85926973e-01  3.46840236e-01 -1.06647962e+00  1.87809745e-01
  1.08084634e+00 -1.15597325e+00 -1.97948438e-01 -2.22854230e-01
 -2.05566960e+00  5.74976868e-01 -7.50447253e-01  1.20189941e+00
  2.05137654e-01  4.64465266e-01 -1.05775718e-01  5.24996593e-01
 -1.02537981e-01  1.96002828e-01  1.12987475e+00  1.14511021e+00
  1.29563312e+00  4.19764506e-01 -2.28333158e-01 -1.65336660e+00
 -1.91308403e-01 -2.16771096e-02 -1.21096466e+00 -4.83365052e-01
  1.91053752e-01  5.02938593e-01  2.35402132e-01 -2.36525286e+00
 -7.76828732e-01  5.69548275e-01 -2.16391432e-01  7.93800870e-01
  6.79721746e-01  3.88406123e-01 -1.77578423e+00 -5.02051171e-01
 -2.54569800e-01 -8.21704345e-01  1.54778418e-01  2.39840515e-01
  1.69999198e+00 -2.88800577e-01 -4.22106795e-01  6.26228790e-02
  9.81821487e-01 -1.21670403e+00  8.02221462e-01 -1.33914539e+00
 -9.34667236e-01 -1.24018806e+00  8.98859544e-01  1.48005049e+00
  1.28820108e+00  4.42407803e-01  1.85269057e+00 -1.00608128e+00
 -1.16608984e+00 -5.60810427e-01 -1.23161070e-01  1.17715245e+00
 -1.55013019e+00  2.81900221e-01 -3.93189417e-01 -6.39167207e-02
 -5.37796451e-01 -4.48113963e-01 -5.21685661e-01 -1.72754377e+00
  1.31604682e+00 -9.70209714e-01 -3.85557476e-01  1.54176331e+00
  5.23675623e-01  1.17264146e+00 -2.41866279e-01 -7.47365381e-02
 -4.28581838e-01  2.07539866e+00  3.94139346e-01  3.67872193e-01
 -1.02028114e+00  2.81627672e-01  2.43091415e-01  5.39200461e-01
 -8.55945410e-01 -4.38890508e-01  4.21774275e-01  3.23441199e-01
  6.81452186e-02 -1.09887014e-01  4.18499467e-01  7.28929628e-01
 -1.10251801e+00  8.37735376e-01  6.74598213e-02 -1.49450262e+00
 -2.06295828e-01 -3.66256959e-01  3.93919419e-01  9.36923820e-01
 -2.03899443e+00  1.24270288e+00 -1.57698786e+00 -1.55303945e+00
 -1.65995843e+00  6.99033525e-01 -9.30545546e-02  1.15069453e+00
  2.50697787e-01 -1.64117619e+00 -2.14092040e+00 -2.09069486e-01
  7.32310655e-02 -7.90955272e-01 -3.03751600e-01 -1.97300461e+00
 -3.11885368e-01  4.69867290e-01 -1.68054081e+00 -3.94480545e-02
 -1.61636301e-01  1.49810917e-01  3.25701757e-01 -2.35339154e+00
 -2.57694437e+00  1.85470862e-01  9.00445223e-02 -1.03059465e+00
 -3.17032685e-01  7.88922363e-01  1.12402861e+00 -4.34612431e-02
  1.03944126e+00 -6.86056329e-01 -6.10187979e-01  4.13583688e-01
  1.58120981e-01 -1.21343325e+00  3.25343865e-01  1.57811357e-01
 -1.19281574e+00 -3.62677393e-01  7.14190956e-01  1.17358519e-01
  7.24693190e-02  7.45169871e-01 -1.83407965e-01 -6.41884905e-01
 -1.30048541e+00 -2.50055160e-01  4.94093931e-01 -2.90835228e-01
  7.43103672e-01  1.52783091e+00 -5.62047768e-01  8.76118215e-01
  2.89428163e+00 -2.22270384e+00 -3.07621806e-01 -1.35780061e-01
 -1.13263692e-01 -9.42816487e-01 -1.60529034e+00 -1.42992166e+00
 -1.07804524e+00 -5.32548436e-01 -1.62073258e-01  5.39804874e-01
 -1.74987435e-01 -8.46979462e-02 -4.78995617e-01  1.29351750e-01
 -3.81522505e-01  1.09480041e+00 -7.51506200e-01  4.42599480e-01
 -1.85448247e+00 -3.13773798e-02  3.75027927e-01  9.98290550e-01
  3.44996822e-01  7.07990601e-01 -5.66862580e-01 -1.76020424e+00
  8.11100633e-02  2.35994741e+00  3.39552243e-01  1.29074641e+00
  9.25941511e-02  1.68246630e-02  6.98373880e-01  1.82206272e-01
  7.31127089e-01 -1.16672440e+00  5.28796374e-01  3.74773146e-02
  6.86734114e-01 -9.01588417e-01 -6.60030900e-01  3.57487685e-01
  1.25992539e-02 -2.47537542e-02 -1.31301861e-02 -1.42852932e+00
 -8.58975180e-01 -7.31603811e-01 -9.47738666e-01  3.13304380e-01
 -1.60828142e+00  1.84846359e+00 -5.07992844e-01  1.27172596e+00
  2.55073978e+00 -2.71451100e-01  1.17800767e+00 -1.74751211e+00
  4.36473147e-01  9.19765415e-01 -6.68600960e-01 -1.73258160e+00
  3.05766596e-01  8.71385638e-01 -1.22221054e+00 -1.09472702e+00
 -3.49926337e-01  7.38894456e-01 -6.03742851e-01 -9.01396608e-01
 -1.47306505e-01  2.25297745e-01 -2.95829434e-02 -1.36684087e+00
  2.17361196e+00  1.02969958e+00 -2.01036850e+00 -1.03946750e+00
  7.98880803e-01  1.11371045e+00  1.02943312e+00 -2.87667311e-01
  8.07624146e-01 -8.87567576e-01  1.08369972e-01 -8.07672061e-01
 -1.80803921e+00 -4.50798618e-01 -1.61763369e-01 -1.20493214e-01
 -3.25117848e-01 -2.05870112e+00  2.59158550e-02  1.07385538e+00
  2.58867056e+00  1.65592357e+00  2.44089835e-01  5.65263158e-01
  1.50992228e+00 -5.56861324e-01  1.40295400e+00  2.18586978e-01
 -7.17013401e-02 -7.12645802e-01 -9.61472325e-02 -2.13616342e+00
  8.71657731e-01  1.17742617e+00 -4.05721202e-01  1.85279947e+00
 -1.04223982e+00  1.12979003e+00  1.49225612e+00 -7.43547259e-01
 -8.58101735e-01  4.27517579e-01  9.73140185e-01  1.55932547e+00
  1.01673549e+00  1.16229642e+00 -1.17195183e-01  1.12647196e+00
  3.32572649e-01  7.86964466e-01  3.51980926e-01 -1.15335021e+00
  9.58837531e-01  2.02007333e+00 -1.13785994e+00  6.03569166e-01
 -1.02191440e+00  3.39869052e-01 -2.90436327e-01  4.46369654e-02
  7.99471541e-01  7.78706063e-01  4.76352143e-01 -5.21915875e-01
 -9.99617098e-01 -7.83107371e-01 -1.44198984e-01 -1.01403733e+00
 -1.91905382e+00 -3.75095483e-01  2.18408762e-01 -2.31172236e+00
 -1.84833829e+00 -9.21117950e-01 -4.58666458e-01  7.91722413e-01
 -4.11316465e-01 -5.35756539e-01  1.62794120e-01  8.60184945e-01
 -3.54942767e-01  3.85765742e-01 -4.51585181e-01 -7.98852606e-01
  4.30532039e-01 -4.42849499e-02 -2.64575877e-01 -3.20222117e-01
  1.46761454e+00 -2.03304313e-01 -4.09976615e-01  2.10754105e+00
  6.71862769e-01  9.55854751e-02 -8.09906116e-01 -9.76089981e-01
  8.21409185e-01 -7.89120577e-01 -4.73477018e-03 -1.09147033e+00
  9.99396976e-01 -4.59908084e-02 -2.19139426e-01  1.95580770e-01
 -8.74324218e-01 -7.26022020e-01  3.33211281e-01 -2.26853890e+00
  5.80333467e-01  9.00479738e-02  4.86733398e-01 -6.65369900e-01
 -7.27855435e-01 -6.31386178e-01  7.03592841e-01  1.53326177e-01
  1.15279366e+00 -1.38115459e+00  1.42716546e+00  5.29546958e-01
  2.19551330e+00 -8.75953048e-01  1.55525360e+00 -1.41096393e+00
  1.01132766e+00  5.89212727e-01  2.01092431e+00 -5.64906817e-01
  1.33636197e-01 -1.17166426e+00  5.74836792e-01  1.66630021e+00
 -1.15063927e+00 -1.13502732e+00  1.83790786e+00  1.05397973e+00
  7.64071755e-01 -7.05073766e-01 -5.03196219e-01  1.93620198e+00
  1.42735944e+00  1.47328096e+00  2.49991647e-01 -8.71956566e-01
  8.64157150e-01 -8.59504983e-01 -1.01760053e+00 -1.13097564e+00
 -4.33377150e-01 -1.24303025e+00  1.22744772e+00  1.71694813e+00
  3.04591909e-01  2.84705078e-01  8.02237500e-01 -5.36053130e-01
 -2.94652454e-01 -6.35421308e-01  9.69508147e-01  6.53626995e-01
 -9.65438716e-01 -1.11116284e-01  5.65472940e-01 -2.61520093e-01
  7.08611679e-01 -9.43069611e-01 -6.06892148e-03 -1.47767077e+00
  2.62550908e-01  3.13570645e-01 -5.87645478e-01 -8.49597477e-01
  2.40941518e+00  1.03870675e+00 -5.94977744e-01  3.49351811e-01
  1.98609087e+00 -9.29873032e-01 -5.39553743e-01  7.15018574e-01
 -1.95617022e+00  7.64437511e-03  4.77032882e-02 -7.07083356e-01
  1.16135524e+00  1.48744462e+00  1.07759824e+00  5.08003718e-02
  6.80897761e-01  7.26219743e-01 -1.07122668e+00 -1.26054112e+00
  1.01583999e+00 -9.92250460e-01  1.17403300e+00 -1.08020745e+00
 -9.29501182e-01  5.85972253e-02 -1.51459247e+00 -2.77359628e-02
  4.87923248e-01 -5.89224485e-01 -9.12140644e-01 -2.18871442e-01
 -6.17124876e-01 -4.50473769e-01  3.98807481e-02 -1.34455035e+00
  1.31367942e+00 -4.48210777e-01 -1.62456180e-01 -1.18108830e+00
  3.63128540e-01 -1.47054599e+00 -2.03023549e+00 -3.40148813e-01
  7.41773849e-01 -3.02243023e-01  6.07454504e-01 -1.36537669e-01
 -2.65390811e+00  9.21386194e-01 -1.03145856e+00 -5.64310269e-01
 -5.82952682e-01  8.77735853e-01  1.14813547e+00  1.46712431e+00
 -8.66445901e-01  1.92403109e+00  1.39717304e+00  3.11569504e-01
  9.62103319e-01  6.52123016e-01  4.47149623e-01 -4.91484994e-01
  1.19967972e+00 -1.66160521e+00  4.04142714e-01  1.04794519e-01
  2.86765531e-01 -1.27509651e+00  8.41736560e-01  6.20702630e-01
 -1.57922056e+00  1.06943367e+00  4.08873850e-02 -1.67320957e+00
  1.19385047e+00  2.40792123e-01 -2.20726709e-01 -1.62231747e+00
 -5.18814594e-01 -9.82856104e-01  4.98910216e-01 -3.05384879e-01
  3.62151933e-01  1.11780426e+00 -2.02690664e+00 -1.60670374e-01
 -4.13840026e-01 -3.53164522e-01  2.94199551e-01  1.09754640e+00
 -8.76047187e-01  6.83346831e-01 -3.88908643e-02 -1.26143518e+00
 -2.08898596e-01  1.31305544e+00  9.01545918e-01  1.59432115e+00
  7.57178957e-01 -3.31471252e-01 -3.39605519e-02 -2.83335169e-01
 -8.03097852e-02 -1.15794652e+00 -1.10253354e+00 -4.63310710e-01
 -1.02121852e+00 -3.85023915e-01  1.13700322e+00  1.15685338e+00
 -4.55015601e-01  7.81558666e-01  3.51128112e-01 -3.24484708e-01
 -2.18683745e+00  5.29521645e-01  6.85807229e-01  6.16901920e-01
 -4.87934203e-01  8.59153107e-01  1.68069330e+00 -5.89680687e-01
 -4.77729716e-01 -4.80981885e-01 -5.90202536e-01 -1.67255646e+00
  4.58981128e-02  6.03931258e-01  6.12523793e-01 -3.28865534e-01
 -8.35284845e-01  6.87582766e-01  3.88647720e-01  2.03746129e-01
 -9.65020903e-01  5.05317504e-01  7.84537419e-01  6.13376873e-01
 -3.99387488e-01 -9.70308592e-01 -4.51533181e-01 -4.43899750e-01
 -4.66862744e-01  3.16610506e-01  2.39088049e-01 -1.19881381e+00
 -8.11889463e-01 -1.89824298e+00 -9.92413267e-01 -2.17105893e-01
  7.26418330e-01  2.16340408e-01 -7.92023942e-01 -6.63157226e-01
  2.06440945e+00  5.91903009e-01  2.15827362e-01  7.87212781e-01
  3.85542772e-02  1.75367697e+00  4.29441886e-01 -4.74739387e-01
  1.35923013e+00  4.42098391e-01 -1.92887960e-01  1.04055602e+00
 -1.11181543e-01 -1.97490527e-01  2.37968806e+00  1.66046231e-01
 -1.13718279e+00 -3.14277336e-02 -7.54693778e-01 -8.36277107e-01
  2.89934491e-01  1.21708698e+00  8.65459269e-02 -1.65431959e+00
  4.51968522e-01  1.85127420e+00 -4.99875251e-01 -1.53536755e+00
  5.80696036e-02  9.73332529e-01  3.29357490e-01 -1.11629515e+00
  3.46424205e-01 -1.25567613e+00 -3.91388852e-01 -2.80512452e-01
  1.19784792e+00  1.48166612e-02  1.31804675e+00 -7.29085834e-01
  1.87923504e+00  7.36255043e-02  5.68664470e-01  7.56794247e-01
  1.37395417e+00  1.03989142e-01 -6.43315023e-01 -1.81237779e+00
  9.37173091e-01 -8.16730887e-01 -1.55857248e-02 -2.83637179e-01
 -1.73252639e-01  2.27656711e-02 -3.66008471e-02 -4.57382053e-01
 -9.58116368e-01 -6.98456260e-01  2.56800394e+00 -9.22635349e-01
  6.58820550e-01 -1.10093233e+00  5.63909450e-01  4.56844698e-01
  4.79900531e-01  1.29976207e+00 -2.06950516e+00  9.97508994e-01
 -3.29974869e-01  1.02001845e-01  1.47651608e+00  7.67481856e-01
 -2.70253608e+00 -1.55246923e+00 -6.59015466e-01  1.27891004e+00
  5.23252244e-02  4.39676519e-01 -2.14583014e-02  1.42664100e+00
 -3.95485558e-01  1.86524731e+00  6.29649635e-01 -9.30148336e-02
 -6.12977025e-01  3.85661020e-01 -1.45797801e+00 -3.76307750e-01
 -6.53596029e-02  2.95270455e-01 -8.86580767e-01  2.05520663e-01
 -1.43147071e+00  1.04079615e+00  1.35673665e+00 -8.68461746e-01
 -6.43120546e-01  1.93492829e-01 -1.19628405e+00  5.46626401e-01
  4.65046000e-01 -3.24450765e-01 -3.52782602e-01  1.22879468e-01
  5.79699960e-01 -5.78058843e-01 -1.81075584e+00  8.71152275e-01
 -1.18211259e+00 -1.07802061e-01  1.75923138e-01 -6.41636754e-02
  3.75804258e-01  1.12271587e+00 -1.88709111e-01  1.01350468e+00
  4.48872557e-02 -1.15702503e+00  3.30759524e-02  7.94690363e-01
 -1.66528471e+00 -1.82796117e+00  2.50295088e-01 -1.17049658e+00
 -7.38682391e-01 -2.26807525e-01  7.19694666e-01 -1.95673064e-01
  2.35844094e+00 -2.13300109e+00 -1.09591380e-01  4.44893807e-01
 -1.35574791e-02  1.90786071e-01  5.71274051e-01 -2.00930740e+00