-4.59058634e-01  3.42127181e-01  5.31380272e-01  2.22476706e-01
 -4.68689611e-01 -5.38558263e-01 -1.68250098e+00 -1.83758605e+00
 -4.51585118e-01  1.06080959e+00  1.55511641e+00 -4.96053686e-01
 -1.14558473e+00  2.24024943e-01 -1.49186819e+00  1.22345587e+00
  2.05416838e-01  2.20935710e-01  2.56144321e-01  1.27997229e+00
 -7.34312135e-02 -5.66699517e-03 -1.20542246e+00  6.02418766e-01
  6.29079568e-01 -1.28324301e-01 -1.84686143e-01  3.05032350e-01
 -1.97513456e+00 -5.64719975e-01 -2.34836111e-03  8.75939197e-01
 -7.31509000e-02 -9.83535769e-01  2.83138402e-01  4.54893119e-01
 -2.19177309e-02  6.98045747e-01  1.14170527e+00  1.05458095e+00
  2.10386590e-01 -8.76332830e-01  1.24269856e-01  1.73088938e+00
  2.06605721e+00 -2.61626895e+00 -3.79214697e-01 -9.29864228e-01
 -1.22685054e+00  5.58292674e-01 -1.22327618e+00  4.09029519e-01
 -1.24651994e+00  4.26180810e-01  1.45750627e-01 -1.33529185e+00
  8.56973191e-01 -7.15215398e-01 -1.39535201e+00  1.73316535e+00
 -4.28262092e-01  7.41478936e-01 -7.26128166e-01 -5.96819959e-01
 -6.28938061e-01  7.46526545e-01  2.57554081e-01  1.30139359e+00
 -6.24986374e-01 -2.55702688e-01 -8.14340651e-03 -2.09351543e+00
 -3.65471707e-01  5.26670170e-01 -1.12766205e+00 -9.46207806e-02
  7.64051223e-01 -1.14731956e+00 -1.64353835e+00  7.92026820e-02
 -7.97581431e-01 -2.25095926e-01  9.96274880e-02 -1.49468127e-01
 -5.70158054e-01 -5.76597879e-01  1.93981969e-01 -1.42035349e+00
 -1.37896431e-01  6.65969945e-01 -1.79192043e+00 -1.49372939e-01
 -6.81322955e-01  5.34090579e-01 -1.99146730e-01  9.18668491e-01
  4.94549701e-01  4.87310985e-01 -1.04900007e+00 -1.87564625e+00
  1.55384696e+00 -1.72221502e-01  2.03732453e-01 -3.19202679e-01
 -6.01403603e-01  2.25060594e+00  3.34140895e-01 -1.93989648e+00
 -1.85718401e+00  8.40262662e-02  1.28675742e+00 -6.69158231e-01
 -1.01169299e+00 -2.90809594e-01  1.85058010e-01  2.90793867e+00
  5.02221785e-01 -3.56901791e-02 -8.73463010e-01 -6.77500504e-01
  3.59721776e-01 -8.77189232e-01 -2.04355758e+00  3.58512828e-01
 -7.21423768e-01  7.26989695e-01  1.92839612e-01 -4.07781536e-01
  1.76921001e+00  3.93179376e-01 -5.84883889e-01  3.62183838e-01
  9.97981776e-01  1.23132086e+00  7.80790978e-01  2.01491695e-01
 -2.46548376e-01  1.05433989e-01  3.55130202e-01  1.91217953e-01
  3.69466713e-01 -3.48760580e-01 -5.96789476e-01 -6.69314063e-01
 -1.08812410e-01 -9.96015664e-01  2.12382699e+00 -1.24719783e+00
  3.42056061e-02  1.29539909e+00 -4.61924448e-01  5.73193000e-01
  6.44848316e-02 -1.11707176e+00 -1.12366344e+00 -8.93188006e-01
  4.28179520e-01 -4.78781030e-01  9.39156609e-01 -1.08385491e+00
  1.45832129e-01  8.15553086e-01 -4.42032519e-01  6.90806415e-02
 -2.46186036e-01  2.38436211e+00 -7.76111314e-02  1.48467102e+00
  6.32522747e-01 -3.80681042e-01  7.02874395e-01  1.97242697e+00
  3.57845832e-01 -1.65026691e+00  1.11583085e+00 -2.27188905e+00
  3.99582776e-01 -1.59984634e-01 -4.98930612e-01 -5.63967658e-01
 -1.82848596e-01 -8.62385499e-02 -3.98976477e-01 -7.57247738e-02
 -1.72651498e+00  6.32209322e-01  7.73326935e-01  2.38698953e+00
 -1.62168438e+00  4.10161034e-01 -2.82193904e-01 -1.59452916e-01
 -2.22032492e+00 -1.77989684e+00 -3.31464291e-01  1.19643839e+00
 -1.64510106e+00  2.07953390e+00  2.37044440e+00  1.95597317e+00
 -5.02399286e-02  1.81234533e+00  1.02183182e-01  6.40414429e-01
 -1.09716965e+00  3.06941177e-01  1.23839592e+00  3.26512453e-01
 -7.44968555e-01 -6.72617117e-01  7.82055646e-01  6.79216974e-01
  4.36256025e-01  2.69721939e-01 -1.38283026e+00  8.98475468e-02
 -2.59036160e-01 -1.22959724e+00 -2.59055219e+00 -2.77677374e-03
  1.38896101e+00 -1.17387889e+00 -1.12077671e+00 -7.69670719e-01
 -3.17683218e-01 -1.63113807e+00 -1.82333821e+00 -1.36302004e-01
  5.24752042e-01  1.01114761e+00  9.04398149e-01  9.80488235e-01
 -3.54577349e-02  4.73029531e-02  4.67656316e-03 -1.18819071e-01
  1.55745164e+00 -6.32745738e-01 -1.82101183e-01  5.89383186e-01
  1.12410702e+00 -1.38862405e+00 -3.04051808e-01  3.67561735e-01
 -1.57553091e+00 -6.76020308e-01  8.93429747e-01 -2.46558336e+00
  1.24218996e+00 -1.34452945e+00  4.82467097e-01  5.95036597e-01
  3.25738435e-01 -1.17104165e-01  3.13033392e-01 -4.47824510e-01
  5.98505775e-02 -4.59255337e-01  1.87026714e+00  1.20372064e-01
  1.47027264e+00 -1.71689466e+00  6.87813864e-01 -1.30047150e-01
  3.44041657e-03 -1.06261983e+00 -5.78351327e-01  4.24387377e-02
  3.46390298e-01  1.42938643e-01  1.50440239e+00 -2.03824622e-01
  2.31467066e-01 -6.84991952e-01  3.15080944e-01 -7.49999592e-01
 -1.14451217e+00 -1.24528021e+00  5.35900519e-02 -1.51230561e+00
  1.75205561e+00 -1.21615120e+00 -4.21294997e-01  4.92985800e-01
  1.26292608e+00 -9.22596596e-01  8.83681034e-01 -5.23954223e-01
  1.06145362e+00 -4.69717185e-01 -2.91271389e-03  5.53089618e-01
  3.93993510e-01 -5.03268525e-01 -4.48224566e-01 -5.63524797e-01
 -5.99052817e-02  2.79908632e-01  7.10946969e-01  1.01468605e+00
  1.24299473e+00 -3.74472037e-01 -5.89280341e-01 -5.57000071e-01
 -1.50509257e+00 -6.58807479e-01  3.09870124e-01 -7.23626579e-01
 -4.02335607e-01 -1.10874720e+00 -8.67442637e-01  7.70428427e-01
 -1.08690017e+00  5.84097702e-02 -7.57574939e-01 -1.03103232e+00
 -1.97703245e+00 -3.71810535e-02 -2.01572928e+00  1.18348421e-02
  2.30383878e-01 -9.22188126e-02 -6.19450147e-01  6.44690068e-01
 -1.07123149e+00  1.09837643e+00  2.75506343e+00  1.58228985e+00
  1.73079618e+00 -3.15305290e-01 -3.28178164e-01 -5.53743250e-01
 -6.38371579e-01  1.79161320e+00  1.98011298e-02  1.14376672e-01
 -8.56171644e-01 -1.65541074e+00  1.34273872e+00  5.83186559e-01
  8.02549605e-01 -3.56692365e-01  4.08491700e-01  3.06279525e-01
  2.02624348e-01 -1.51585382e+00 -1.90227402e+00 -1.10947652e+00
 -5.17016026e-02 -5.52315241e-01 -2.68842522e-01  6.30452535e-01
 -1.09506222e+00  8.22714473e-01 -2.71802861e-01 -1.19089213e+00
  4.66445605e-01 -9.84160735e-01  5.57415310e-02 -2.83321153e-01
 -1.80323100e-01  1.11015689e-02  5.82957964e-01  3.48075789e-01
  3.27371810e-01 -2.34369627e-01 -1.29311769e+00 -1.17260682e-01
 -7.70307457e-01 -6.57863590e-01  2.02482787e-01  1.71032978e-01
 -3.17782504e-01 -4.27980951e-01 -4.35825438e-01  2.69280378e-01
  1.43857535e+00  7.96213625e-01 -1.33218626e+00  2.03185533e+00
 -1.56812243e-02 -3.00322063e-01  1.06646442e+00  1.63960745e+00
  2.50776821e-01 -7.46303140e-01 -4.12354446e-01 -3.16814667e-01
 -9.62101173e-01 -8.32572123e-01 -1.17408679e+00 -1.27362921e-01
 -1.70822130e+00 -3.35806233e-01  1.17665706e+00 -1.34862227e+00
  7.00305977e-01 -1.55110322e-01 -3.14850198e-01 -1.06574115e+00
  1.52398536e+00 -2.68584277e-01 -2.00329119e-01 -2.49465728e-01
 -2.95558473e-01  8.60982225e-01 -5.99146178e-01 -2.00397654e+00
  5.24695567e-01  4.47855024e-01  4.86912367e-01  1.71204814e+00
  1.29768969e+00 -1.92286683e+00  1.91446262e-01 -5.62975313e-02
 -1.05813742e-01  8.21322982e-01  8.33769099e-01  8.46927994e-01
  1.32511774e+00 -1.63588612e-01  2.12984181e-01 -2.69735037e-01
 -6.41853078e-01  1.12899101e+00  6.10415113e-01  6.93461117e-01
  3.88920354e-01 -2.44847396e-01  3.22191511e-01  1.06475466e+00
 -1.13218028e+00  3.70642800e-01 -1.18930285e+00 -1.39537840e-02
 -4.21263622e-01 -5.69286190e-01 -5.17607042e-03 -1.52150469e-01
 -1.87450547e+00 -2.12651787e-01  2.86438068e+00  5.38582993e-01
  1.06249571e+00  1.46270962e+00  1.86691466e+00  3.16693458e-01
  2.45959608e-01  1.44235608e-01 -1.60534854e+00 -5.12081845e-01
  1.67484356e+00 -1.57186264e+00 -3.31315774e-01  6.33142939e-02
 -8.26719978e-01  1.08846920e+00  1.08795511e+00  3.53312956e-01
 -1.64475757e+00 -1.15030127e+00 -1.22432518e+00  1.78792482e-01
  1.63413737e-01 -6.34613543e-01  1.22944970e+00 -1.11240264e+00
 -3.77971657e-01 -5.51701894e-01 -7.63404163e-01  3.57880666e-01
  1.43240475e+00  3.28247043e+00 -6.52540213e-01 -9.05095829e-01
 -1.03318045e+00 -9.14786209e-01 -4.96530171e-01 -9.78039845e-01
  5.12779556e-01 -6.24875540e-01 -2.23510482e-02 -7.30328858e-01
  9.87451521e-01 -2.24960009e-01  7.52125637e-01  1.49400119e+00
  6.39174680e-01 -1.42869467e-01  3.40476969e-01 -3.61205921e-01
 -5.29672941e-01 -8.68206171e-01  2.44622805e+00  3.95863910e-01
  1.26709173e+00 -1.43111954e+00  1.39093822e+00 -4.27048763e-01
 -1.29426530e+00 -5.57079334e-01  4.87601604e-01  2.10767138e+00
 -1.07958591e-01 -2.36807299e+00  3.15858041e-01 -1.39382727e+00
  5.07370442e-01 -2.24839887e-01 -5.34843128e-01 -8.35135094e-01
  5.53545611e-01 -1.66064250e-01 -5.07822903e-01 -1.60702825e-01
 -1.97802109e-01  1.66810617e+00  5.36268780e-01  1.51483163e-01
  2.13939039e+00  6.96455632e-01 -2.41169570e+00 -9.57573500e-01
 -2.08365170e-01  9.39710950e-01  5.18447219e-01  9.81272372e-01
 -7.30813614e-01  3.71788868e-01 -8.52523703e-01 -1.85208424e+00
  3.58628534e-01 -2.49081911e-01 -4.12846824e-01  1.04756150e-01
 -2.34030633e+00 -8.02609948e-01  1.01863283e+00 -1.60340679e-01
  7.51814566e-01 -2.50041877e-01  9.61765471e-01 -4.71675380e-01
  5.60577799e-01  1.34558989e+00  1.30932351e+00 -1.43014491e-01
  5.57290081e-01  2.44914018e+00  9.08853987e-01  1.58251057e+00
  2.13895006e-01  2.53315008e-01 -1.11144890e+00 -5.70691997e-01
 -1.53297933e+00  4.91154076e-01 -9.20166504e-01  4.68227388e-01
  3.43063655e-01 -3.71851049e-01  4.36726547e-01  1.65741352e+00
  7.91579160e-01 -1.25420254e+00 -2.70832406e-01  7.90186196e-01
  7.99080676e-01 -9.38172259e-01  1.37333976e+00 -1.36474309e+00
  6.01073161e-01  1.28497411e+00 -5.30797898e-02 -1.39352034e+00
  5.76887184e-01 -5.73663109e-01 -1.75917317e-02  4.04022706e-01
  8.55169433e-01  8.79017429e-02 -2.28519541e-01 -2.45645407e-02
 -3.88853811e-01  1.05339855e+00  1.46890801e-01 -6.05208323e-01
  4.01057506e-01  6.43715597e-01 -9.11579599e-01  8.79745360e-01
  2.05415838e+00  5.88539357e-01 -1.01385215e+00 -5.97340156e-01
  3.92912267e-01  7.86235337e-01  1.03971270e+00  1.21140608e-01
  1.50982652e+00 -2.73667689e-02  4.62311477e-02  2.03288770e+00
  5.28552654e-01 -3.90659347e-01  1.04045734e+00 -6.58133350e-01
 -1.92826497e+00 -2.36307863e-01  1.06925863e+00 -6.38144604e-01
  2.70523535e-01 -1.00224924e+00 -4.54412610e-01 -4.11958732e-01
  7.36413713e-01 -3.85556619e-01  3.54146072e-02 -7.43339666e-01
 -6.83373772e-01 -1.14268591e-01 -1.62681774e+00  1.46329812e+00
  5.02194084e-01  3.57092729e-01  9.79634578e-01 -4.40470800e-01
  7.98248791e-01 -2.52156869e-01  7.91365702e-02 -9.09022966e-02
  1.94789570e-02  4.49779005e-02 -2.08433690e-01  4.95717658e-01
 -1.57965086e+00  2.01744101e+00 -9.43118522e-01 -8.70148517e-01
 -4.01390020e-01 -2.72565113e-01 -6.34981677e-01 -5.17878726e-01
 -3.60679110e-01 -3.77866507e-01  1.67708454e+00  1.41100042e+00
  1.32322362e+00 -4.95864835e-01 -1.17833602e+00  4.05451942e-01
 -7.75320129e-01  2.34810856e+00 -5.82494832e-01  4.26355305e-01
  9.40919949e-01 -2.45202873e-01  1.92717571e-02 -1.01485121e+00
  4.54990172e-01 -1.59069010e-01 -4.75502961e-01  3.31648244e-01
  1.23137452e+00 -5.65984282e-01  7.89585696e-01 -1.16012452e+00
 -2.75580157e-01 -9.19545219e-01 -5.41553235e-01 -1.37033947e+00
 -5.35054098e-01  2.84927887e+00  2.99075634e-01 -3.53962908e-01
  7.34294666e-01 -1.87172527e-01 -1.28119912e+00  1.99627079e-01
  2.72175525e+00 -6.24143749e-01 -1.00680188e+00 -8.34281377e-02
  1.40448156e+00  1.25492540e+00 -3.94110926e-01 -9.88138963e-01
  3.44902288e-01  1.57024065e-01  9.06807669e-01 -1.42383815e+00
 -1.23239265e+00 -2.84389887e+00 -3.82749365e-01  1.06629517e+00
 -1.36809362e+00  5.60835063e-01 -4.98908624e-01  5.57546475e-01
 -1.52329830e+00  6.71844107e-01  1.78861719e-03 -2.49092142e-01
  1.44546915e-01 -3.70308088e-01  2.36256948e+00  8.79042136e-01
  4.12491804e-01 -4.28283164e-01 -4.57463656e-01  6.54506707e-03
 -8.46198080e-01  1.08994322e-01 -9.64617793e-02  3.29715961e-01
 -8.60947292e-01  5.22733080e-01 -3.36497446e-01  1.44955574e+00
 -4.71712903e-01  6.31346491e-01  5.67406468e-02 -1.74159603e+00
 -2.37476128e+00 -1.41527441e+00 -4.91963167e-01  3.37475639e-01
  2.35949169e-01  1.18308385e+00 -5.91762980e-01 -3.83617741e-01
  4.09690171e-02  2.43457020e-01 -1.73907718e+00 -2.14129968e+00
  4.72474323e-01  1.22532617e-01 -1.86800656e+00 -1.09043746e+00
 -4.78277315e-01 -5.35344290e-01 -9.54533963e-01  3.16923114e-01
  1.16103086e+00 -2.43550784e-01 -9.99799039e-01 -1.17463541e-01
  3.68134245e-01  4.18069483e-02  1.07400590e+00  1.56259170e+00
  6.24026071e-01 -4.15298158e-01 -4.30390572e-01  5.18388199e-01
  3.86659606e-01  4.56441961e-02  1.55066795e+00  1.29891848e+00
  1.22702363e+00 -1.35051534e+00 -9.45122124e-02 -2.34494093e+00
  1.34548473e+00  8.97882009e-01 -1.42668814e+00  3.47415634e-01
 -1.74823224e+00  1.15743754e+00 -8.81843159e-01 -1.04234043e+00
 -1.11124441e-01  2.23357779e-01 -2.95750999e-03  3.21050756e-01
  2.72262730e-01 -1.22490855e+00  1.36626826e-01 -7.27924510e-01
  1.20260252e+00  8.39107161e-01  6.64178201e-01 -6.17384994e-01
  1.74665963e+00 -2.06268913e+00  4.21224775e-02 -1.40260413e+00
  1.52485917e+00 -1.88258910e-01  1.37156996e+00 -8.29993644e-01
 -1.03373137e+00 -3.48329184e-01  1.06375457e+00 -6.41444400e-01
  1.47319125e-01  1.31890651e+00 -1.02329840e-01  5.03899488e-01
 -9.79951609e-01 -2.02641676e+00  6.13611737e-02 -6.29387510e-01
 -1.52140149e+00 -2.12443499e+00 -9.94608443e-01 -7.49302064e-01
 -2.96239539e-01 -4.78139934e-01 -6.93533016e-01 -1.35636791e-01
 -1.14532076e+00  1.44702832e-01 -1.35119660e+00 -2.04778165e-01
  4.05085121e-01  2.08525503e-01 -5.61139201e-01 -8.37672943e-01
  1.79637067e+00  8.19618827e-01  1.82305082e+00  1.79449945e+00
 -6.87193865e-01 -3.16969723e-01 -9.00050072e-02  1.51152026e-03
 -2.30679383e-01 -5.75932717e-01 -1.39208714e+00 -6.87490929e-01
  2.59014570e-01 -8.74990144e-01  2.56821427e-01 -8.22272404e-01
 -1.18186520e+00  6.26717515e-01  4.12251445e-01  9.01512772e-01
  1.03358461e+00  2.54407641e+00 -6.26285392e-01 -1.22047087e+00
  1.99368077e+00  1.86863602e+00 -1.02556707e+00  2.58908152e-01
 -1.10739249e+00 -9.76410372e-02  1.34685356e-01  7.23283086e-01
  1.90660956e-01  4.40056993e-01 -1.19806577e-01  1.32885278e+00
 -1.54553998e-01  2.87319113e-03  4.34924947e-01 -2.29889126e-01
 -8.28201862e-02  3.02450321e-01 -1.43778198e+00 -1.46900647e+00
 -1.57692533e-02 -5.93384402e-01 -1.54628407e+00 -5.96432602e-01
  1.53284816e+00  1.15446080e+00  6.47166103e-02 -2.93312539e-01
 -1.16065591e+00 -1.78799106e+00 -1.29230705e+00 -6.17214023e-01
 -6.66104903e-02 -1.86295314e+00  2.03523933e+00 -2.88274055e-01
  1.73050646e+00  1.35419685e+00  1.36663006e+00  1.08677854e+00
  9.70808721e-01 -1.29022060e-01 -2.04752988e-01  3.60036491e-01
  7.50614507e-01  3.84423177e-01 -9.95165056e-01  1.08897343e+00
  1.14464730e+00  1.27378494e+00 -7.54252662e-01  5.89157171e-01
 -4.44923454e-01  2.14312159e-01 -4.29642759e-01  1.31295343e+00
 -7.91911680e-01 -5.26776403e-01  1.33879378e-01  4.02246729e-01
  9.61692750e-01 -9.42824696e-01  9.20705470e-02 -1.40984444e-01
 -1.06623647e+00 -7.89579113e-01 -6.69436439e-02 -1.32040423e+00
 -5.84385586e-01 -9.36741428e-01 -8.49939740e-01  9.69204508e-01
  3.24788214e-01 -3.52474092e-01  2.40718667e+00 -6.75083252e-01
 -1.40222569e+00 -3.34586464e-01 -1.39161222e-01 -1.68840303e+00
  4.93337542e-01  1.42829516e+00 -1.90074875e+00 -7.99345136e-01
 -5.33329882e-01  1.29186412e+00  6.60074697e-01  1.26161346e-01
  7.61310449e-01  3.94269254e-01 -8.48511930e-01  9.55425903e-01
 -3.66445172e-01  2.20788520e+00  3.76499909e-01 -9.80639685e-01
  1.09015322e+00  6.50145507e-01  1.30697789e+00  1.52031439e+00
  6.30361254e-01 -1.41524225e+00  1.83275122e+00  3.86964773e-01
  1.33553905e+00 -2.13084142e-01 -1.37658203e+00 -5.49396363e-01
  8.54473016e-01  9.61235244e-01 -3.15974793e-01 -1.76405078e-01
  2.60101707e-01 -4.08516452e-01  1.30390444e+00 -1.20007226e+00
 -3.39699362e-01 -1.21093060e+00  1.37155474e-01 -1.07447280e+00
 -6.68190273e-01  6.58900849e-01  4.89463658e-02 -7.31748383e-01
 -1.38316696e+00 -9.19737972e-02 -8.85230955e-01 -2.24379265e-01
 -8.15338979e-01  1.91938930e+00 -6.46560572e-01 -1.14272564e+00
 -1.56480967e-01 -4.31465231e-01  1.36482084e+00 -6.25008649e-01
  8.81141046e-01 -3.47155935e-01 -2.11667413e-01 -9.17142404e-01
 -9.03627720e-01  6.67342744e-01  6.55465871e-01 -1.04421960e+00
 -7.64482747e-01 -9.72060511e-01  1.67488982e+00  1.53111849e-01
  1.14888360e+00  2.25963911e-01  3.18556842e-01  3.77607544e-01
  1.29838715e+00  5.44446042e-01  3.72047229e-01 -8.19925085e-01