-1.10179002e-01 -7.11623726e-01  8.93095298e-01 -5.47974941e-01
  8.46656391e-01  1.65980579e+00 -4.84528435e-01 -5.69984157e-01
  1.11058510e+00  2.64539290e-01 -4.80704690e-01  7.79280988e-01
  7.88519712e-01 -1.16642112e+00  7.21427499e-01 -2.96062589e-01
  1.87795904e+00 -8.77517162e-01 -9.45139306e-01  3.02096646e+00
  1.24929155e-02 -2.01635510e+00  4.56822343e-01  1.10535572e+00
 -8.61323360e-01  3.89365390e-01 -3.17368374e-01 -2.66566027e+00
  1.62417139e+00  5.62041439e-01  1.44929234e+00  7.49336116e-01
  3.03051403e-01  7.46676563e-01  1.19907446e+00 -1.00821080e+00
 -1.03801347e+00 -1.09505033e+00 -1.90029210e+00  1.51989415e+00
  1.01724697e-02 -1.46705508e+00  2.01458226e-01 -2.26860765e-01
  7.36995312e-01  3.24232826e-01  9.82689164e-01  2.53260046e-01
  6.14850173e-01  1.21367636e+00  1.75099867e-01 -5.52194982e-01
  4.24076053e-02  1.07728560e+00 -6.45277923e-01 -1.25012620e+00
 -5.19196431e-01  6.26042231e-01  6.91033596e-01  1.03198371e+00
  1.86847229e-01 -1.05489757e+00  6.69802343e-01 -7.45686911e-01
 -8.44327124e-02  1.60231423e-01 -1.02626147e+00  1.87905808e+00
 -1.18990747e+00  9.96650359e-01 -1.76701668e+00 -7.78233994e-02
  1.72163551e+00  5.68084314e-01 -1.53024618e+00 -1.94479292e+00
 -1.08217968e+00  1.27202917e+00  2.29223345e+00  2.24116368e+00
 -9.67771121e-01 -1.03713036e-01 -5.59834634e-02  7.02969948e-01
  2.66316089e-01  1.35062607e+00  1.68868994e+00  2.25333864e-01
  9.39439843e-01 -2.33589553e+00  6.35817893e-01 -1.65966819e-01
  3.40340669e-01  1.27919773e+00 -4.10222236e-01 -1.88254543e+00
  4.66268471e-01  7.66391808e-01 -4.05546028e-01  1.45948893e-01
  3.62011657e-01  1.19756581e+00 -1.36803150e+00 -1.29113030e+00
 -8.07727102e-01 -1.46084569e-01  2.20953793e+00  4.52811962e-01
  6.12539817e-01  9.90358003e-01 -7.87172445e-01 -2.31438771e-01
  3.34892168e-01 -2.31730021e-01 -9.45060913e-01  8.15656944e-01
 -2.50581992e-01 -1.34780404e+00 -5.85855613e-02 -5.38360839e-01
  6.18763356e-01 -7.66842921e-01  8.33589990e-01  8.49261960e-01
  9.11031717e-01 -1.09925819e+00 -1.80554233e+00 -8.11059709e-01
 -3.02842427e-02  2.37625749e+00  2.41215438e-01 -8.55647589e-01
  8.31696238e-01  1.06130696e+00  3.48937774e-01 -2.57413259e-01
 -1.70246921e-01  3.21140666e-01 -3.50558146e-01  7.54504199e-01
  6.69076911e-03 -1.31905471e-01 -9.66067627e-02 -6.33759496e-02
  6.39398883e-01  5.96674525e-01  9.32861486e-01 -9.97710851e-01
 -2.83260529e-01 -1.91937352e+00 -8.85279820e-01  2.42457013e-01
 -3.06543320e-01  7.56335878e-01  1.53813655e+00 -4.35376992e-01
 -3.07627549e+00 -3.04090598e-02 -3.71499666e-01 -1.72710075e+00
  7.17450504e-01  6.64030964e-01  1.70280322e+00  2.03859821e+00
 -1.77941702e+00 -6.08230034e-01 -3.59549682e-01 -2.04234590e+00
 -1.89206587e+00 -1.20091536e-02  1.32163803e-01  9.99448918e-01
 -1.14783852e-01 -1.20428158e+00 -1.52676410e-01 -1.25722765e+00
  6.24449551e-01 -1.88011801e+00  1.10696262e-02 -1.98249438e+00
 -3.27510080e-01  9.11087160e-01  1.84110601e+00  1.51250498e-01
  1.21603694e+00  9.61962136e-02 -6.43878626e-01  1.06777761e+00
 -1.38482674e+00  5.60369186e-02  2.08618406e-01  1.18571540e+00
 -1.57049902e-02 -1.07931204e-01  4.11904864e-01 -9.25454628e-01
  1.39957711e+00 -3.73852952e-01  1.53711243e+00 -1.30716492e+00
 -1.49903334e+00 -2.60011619e-01  3.40796252e-01  1.18104096e+00
  4.62769807e-02 -5.64853995e-02  3.76330674e-01 -2.00723938e+00
  1.25879727e+00  8.02588425e-01 -2.17488959e-01  1.04311618e+00
  1.56950828e-01 -6.19057725e-01  9.58589317e-01 -3.77739733e-01
 -4.04273086e-01 -3.48618476e-01  6.89495915e-02 -1.45784984e-01
  1.39493930e+00 -1.17575922e+00  8.47972153e-01 -1.47450139e+00
 -8.48097636e-01 -3.31434412e-01 -1.61671000e+00  1.32672612e-01
  8.17134257e-01 -4.08784305e-01 -5.45560015e-01 -8.15447593e-01
  5.84203381e-01 -2.18255694e+00  1.31302631e-01  1.26702253e+00
  4.76963099e-01 -8.81570392e-01 -3.86247727e-01  9.66435915e-01
 -1.64404517e-01 -3.15131285e-01 -4.66298818e-01 -3.79819522e-01
 -1.22664943e+00  9.57119533e-01 -2.92319955e-01  1.89629256e+00
  6.84944187e-01  1.06384909e+00  1.26479521e+00  6.28891496e-01
  6.38770301e-02  1.00083093e+00 -2.58767683e-02 -7.90331209e-01
 -1.11518177e+00  1.54623057e+00 -3.64765888e-01 -8.50677086e-01
 -6.56825088e-01  7.09933459e-01  1.14551901e+00  1.24579628e+00
 -4.94391369e-01 -1.22306774e+00  5.94312704e-01 -1.17836797e+00
 -1.43710648e+00  4.71923492e-01  1.34458646e+00  5.30263349e-01
 -6.98129956e-01  5.76795321e-01  2.11714956e+00  9.59744277e-01
 -1.97734277e+00  1.53753324e+00 -7.53029830e-02  1.17556354e+00
  1.04266329e+00 -7.20070128e-01  2.80472781e+00  2.20004328e+00
  9.09704435e-01  6.14699578e-01 -1.70101850e+00 -1.10089483e+00
 -9.25938477e-02  1.52941698e-02  1.84496793e+00  9.30065105e-02
 -7.70984468e-02 -1.45724945e+00 -1.22019495e+00 -3.49195333e-01
  7.67501070e-01  4.19083157e-01 -1.20142133e-02 -8.04781786e-01
 -2.52688776e+00 -4.05012606e-01 -8.08160292e-01 -3.47548423e-01
  1.90512361e+00 -1.01774439e+00  3.72338483e-01  1.20305029e+00
  3.69016301e-01 -2.96901988e-01 -1.64690104e-01  6.85917752e-01
  3.99137188e-01  1.01844744e+00  4.85885515e-02  2.01590461e+00
  6.80916642e-01  1.84701586e-01  2.31759563e-01  7.18621579e-01
  2.04288834e+00  2.49262744e-02 -1.04102710e+00  2.87417600e+00
  8.94790090e-01 -5.06456819e-01  1.61380942e+00  1.02807669e+00
  6.85443587e-01 -2.33480012e+00  9.55903975e-01 -8.64985666e-01
  6.24784325e-01  3.33503821e-01 -1.32585537e+00  1.04028998e+00
 -1.16641355e-01  1.53422732e+00 -1.44027563e+00  2.27772661e-01
  1.65878537e-01 -1.03529450e+00  1.10549118e-01  1.76478528e-01
 -8.33354468e-01 -7.59778260e-01 -1.23080979e+00  7.92343762e-01
  2.14051642e+00  6.51846113e-02 -1.51128135e+00  8.43091024e-01
  3.06334027e-01  9.47796345e-01 -1.11833052e+00 -9.83661578e-01
  6.05526317e-01  8.96324147e-01  7.33669432e-01  6.93426315e-01
  5.10421560e-01  2.70002071e-01  1.09680879e+00 -1.23175177e-01
  1.34743208e+00 -9.45526425e-01  1.15772385e+00  4.41451997e-01
  3.49721494e-01 -1.14797487e-01  8.33957038e-01 -1.15631338e+00
 -6.20429758e-01  4.96969308e-02 -3.27551319e-01 -7.01474205e-01
  7.83617034e-01 -1.37004402e+00  2.04365194e-01 -3.44431063e-03
  1.04858038e-01  5.74539684e-01  1.33258252e+00  1.14921534e-01
 -3.86495696e-01  2.02204964e-01  6.93215753e-01 -1.13226867e+00
  1.89923201e+00  2.97546465e-01  4.48783943e-02 -5.08623635e-01
  7.59939505e-01 -4.87624928e-01 -1.00956463e+00 -1.15593119e+00
  1.13476151e+00  1.24344102e+00 -3.00954629e-01 -5.30468730e-01
  4.25462156e-01 -8.66936854e-01 -1.75326291e+00 -1.50023461e-01
 -8.12864360e-01 -8.91121155e-02 -4.64964716e-01  3.89581987e-01
  5.47882033e-01 -1.17060938e+00 -2.20804074e-01 -9.48141084e-01
  1.38519568e+00  8.04721139e-01  1.16053625e+00  1.66856783e-02
 -1.30177140e-01  7.30415324e-01  8.22937379e-01  2.15723418e-01
  1.31219856e+00  8.13411584e-01 -1.90735176e+00 -1.21760641e+00
  1.13375912e+00 -4.35361281e-01  2.67491815e+00 -5.19477195e-01
 -1.92454908e-01 -2.93368509e-01  1.03570181e+00 -1.19877862e+00
 -1.42932794e+00 -1.00802825e+00  8.43258820e-01 -1.60361172e+00
 -2.13362485e+00 -4.38308318e-01  3.70858894e-01 -1.31269484e+00
 -6.04878293e-01 -5.53167009e-01  1.56013698e+00 -8.34195255e-01
  9.38720770e-01 -1.64487887e+00 -1.29658169e-02  9.79731175e-01
  2.76125595e-02 -3.69241138e-01 -5.04186577e-01 -6.70821991e-01
  5.46701125e-01 -9.62276711e-01 -7.06871314e-01 -8.52788954e-01
  8.31399390e-02 -7.86969880e-01 -1.65175854e+00  4.02838131e-01
 -2.12176958e+00 -1.93975673e+00  2.60420143e+00  1.55492245e+00
  1.79604144e+00  5.82895872e-01  1.10978117e-01  2.14027344e-01
 -1.31213940e+00 -5.81637350e-02 -2.66598272e-01 -6.60335794e-01
 -6.86131169e-01 -1.15996335e+00  2.31106907e+00  1.16698933e+00
  1.03794551e+00 -5.73290180e-02  1.37712937e+00  1.48720902e+00
 -2.47693966e+00  2.66175235e-01 -1.67698370e-01  9.47968899e-02
 -1.38891619e+00 -1.51209649e+00 -7.30054428e-01  3.01398409e-01
 -2.89008167e-01  7.28247763e-01 -7.44413543e-01 -2.41877367e-01
 -1.58184711e-01 -1.06096595e-02  8.57662999e-02 -1.05206635e+00
  3.68706207e-01 -9.71409619e-01  2.15796985e-01 -1.44429922e-01
  1.56477880e-01  6.71317316e-01  1.68890423e+00  4.46157305e-01
 -1.03031268e+00  1.60479561e+00 -1.02362814e-01 -9.16587703e-01
  5.68966719e-01 -1.31071279e+00  1.79934997e-01  1.19913529e-01
  1.71364203e-01 -2.60661237e+00 -6.38438868e-01  1.16027216e+00
 -6.57072003e-01 -5.83606241e-01  1.85670912e+00  1.17774702e+00
 -1.29936725e+00 -1.38290628e+00  4.70792676e-01  2.55372071e-01
 -3.53888133e-01 -1.52752612e+00 -1.08823238e+00  2.70630409e+00
 -9.31550669e-01 -1.33093270e+00 -7.24337418e-02  1.02580646e+00
  5.38915707e-01  4.19975354e-01 -5.62193059e-01 -1.07915139e+00
  1.99639008e+00  1.56662201e-01  1.04429579e+00 -1.30334959e+00
 -2.96578467e-01 -8.11932738e-01 -2.78183743e-01  1.21897356e-01
 -4.46452862e-01 -2.86648908e-01  8.05233949e-01  3.32567079e-01
  8.34609103e-01  5.98593161e-01  9.36040040e-01 -2.37774056e+00
  6.95539961e-01 -9.21777628e-02  2.30836595e-01 -8.10819504e-01
 -4.79011147e-01  1.54460179e+00  1.25303198e+00 -3.70290802e-01
  8.15233266e-01  3.37284560e-01  8.77773794e-01 -3.46301964e-01
 -3.34818656e-01 -1.93708207e-01  1.00247584e+00  2.54384651e-01
 -1.48384906e+00 -2.09137511e+00  9.49337639e-01 -1.38261147e+00
 -8.26348541e-01 -6.95631797e-01 -1.09684512e+00  4.37954115e-01
 -5.63888539e-02  8.52795691e-01  1.00465159e+00  2.82734455e-03
 -9.53228974e-01 -8.45594679e-01 -4.90081861e-01 -2.78671743e-01
 -8.03180141e-01  3.55270874e-01 -1.78029535e+00  2.93611838e-01
  6.17610033e-01  3.59867263e-02  1.11971840e+00  4.04871464e-01
 -6.96547632e-01  5.48207437e-03  2.38325377e-01 -2.55178542e-01
 -8.81678273e-01  9.84142222e-01 -3.80291295e-01 -5.38231357e-01
  2.40414138e+00 -3.38753696e-01 -7.19655872e-01  1.26286611e-01
 -1.47650366e+00  1.79997851e+00 -1.90057998e+00 -7.78796728e-01
 -1.04034300e-01  4.59091716e-01 -3.39148436e-01 -1.98105315e-01
  8.85036196e-01 -3.67362923e-01 -6.43453151e-01 -6.54481928e-01
  6.39362315e-02 -3.68480477e-01 -1.52651119e+00 -1.26574570e-01
 -1.14825996e+00 -6.01189759e-01 -5.87350968e-01 -7.91468429e-01
 -7.88542452e-02  3.75919197e-01  3.93662644e-01 -1.31838844e+00
  1.71605885e-01  1.54160667e+00  3.76442497e-01 -7.08736076e-01
  1.00665790e+00  5.20416005e-01 -4.80851771e-01 -5.71560179e-01
 -1.22139996e+00 -2.56465916e-02  3.86353905e-01  4.42653803e-01
  1.22677658e+00 -9.01252542e-01  1.67038455e-01 -1.39510044e-01
  1.29269433e+00 -2.79939442e-01  1.54367507e+00  1.54526538e+00
 -1.66994060e+00 -2.19550961e+00  2.05943278e-01 -7.08276466e-01
 -1.22640056e-01  2.93939622e-01  3.00734023e-01  5.06066637e-01
 -1.26406354e+00  4.20820212e-01  1.63716866e+00 -9.81461675e-01
 -1.34319650e-01 -2.75905858e+00 -1.35755214e+00 -2.42610655e+00
  6.17252282e-01 -1.35012797e+00  1.32453875e-02  5.64780248e-01
  7.60168260e-01 -1.94372798e+00  1.24571080e-02  1.23683914e+00
  6.55144204e-01 -1.16842658e+00  7.81371589e-01  7.53265262e-01
  5.46387985e-01  3.94452932e-01  6.52536855e-01  2.08650628e-01
  7.57606171e-01  1.61022569e+00 -9.07745151e-01  1.78210859e+00
  1.88722691e+00  1.01679639e+00 -1.02809340e-02  1.52956875e+00
 -1.39030665e+00 -1.20434603e-01  4.92428175e-01  7.49391737e-01
  1.03710812e+00 -1.37422131e+00  6.87365682e-02  1.92481932e+00
  5.72226982e-01 -8.83671634e-01  6.79660350e-01 -1.14751653e-01
  1.31136548e+00  4.98082809e-01 -1.35352801e+00 -2.18441434e+00
  1.32955252e+00  1.71677959e+00  4.26707782e-01 -5.22403967e-01
  3.02503228e-01  1.07027689e-01  9.72527874e-01  1.93790699e-01
  7.93161641e-01 -1.21815409e+00 -2.92287771e-01  1.94719574e+00
  3.50293311e-01  1.10763960e+00 -2.06829414e-01  1.74988290e+00
  6.88945735e-01  3.04113963e-01  1.90618772e+00  5.60591889e-01
 -6.42168075e-01  1.43464402e-01  1.78776263e-01 -8.72329713e-01
 -4.96783733e-02  9.06630139e-01 -9.33301948e-01  1.53438280e+00
  8.39247612e-03 -1.46176373e-01 -2.15211978e+00 -1.02463236e-01
 -5.29890188e-01  1.02287621e+00 -1.14533709e-01  1.19256019e+00
  1.08595137e+00  8.01300545e-01 -1.39330896e+00  1.84903988e+00
  5.33056128e-01 -3.42601334e-01 -1.99480226e-01 -1.19137511e+00
  4.92459439e-01 -2.79447969e-01  1.41757673e+00 -3.59284247e-01
 -3.67746579e+00  4.37562523e-01 -1.30461618e+00 -1.66804402e+00
 -4.64024487e-02  2.26873665e+00 -1.68322462e-01 -2.11863927e-01
 -9.57816694e-01  8.10965818e-01 -5.59141221e-01 -7.24943257e-01
  5.20950906e-02  8.20422135e-01 -5.68587562e-01 -1.03061812e+00
  1.41334432e+00  1.11375633e+00  2.08991321e-01  1.38458080e+00
 -1.94322622e+00 -6.61519025e-01 -8.47979287e-01 -2.36736828e-01
  1.50260088e+00  3.43542275e-01  7.96075385e-01  4.90815006e-01
  4.30179239e-01  2.43143836e-01 -1.52053522e+00 -1.36654658e+00
  3.12600510e-01  9.36555733e-01  1.71450846e+00  1.85753219e+00
 -1.92512721e+00  2.06918500e+00  1.19811840e+00  8.67770802e-01
  2.14517611e+00  8.75465222e-01 -1.22235312e-01  1.29953412e+00
 -1.62162757e+00  9.43655321e-01  7.96806315e-01 -9.27081145e-01
  7.08211188e-01  3.51502735e-01 -4.46708129e-04 -5.69660647e-01
  1.83165142e+00  1.36644655e+00 -4.03525874e-01  6.93127692e-01
  1.51507398e-01  6.92270569e-01  1.97449416e-01 -6.68157825e-01
 -1.10582773e+00  1.03999959e+00  2.05678172e-01  7.18444525e-01
  4.53706764e-01  1.51693987e+00  2.04430250e+00  1.13931151e+00
 -4.02356965e-01 -1.40116924e+00 -8.75109558e-01 -7.56523552e-01
  7.42428381e-01 -3.91320866e-01  1.00837119e+00  2.54400330e-01
 -1.20589574e-01  9.44341094e-01  1.35254128e+00  4.43527375e-02
  6.97860878e-01  1.51474755e+00 -1.35591781e-01  1.56439441e+00
 -1.39549778e-01  6.37626823e-01 -1.27436677e+00 -1.01914866e-01
 -2.90194632e-01 -9.93511564e-01  1.15349909e+00 -3.84662780e-01
 -9.93626724e-01  6.92249728e-01 -2.69918934e-01 -4.24043802e-01
  3.10492122e-01  6.26755213e-01 -4.66950578e-02  8.48190987e-02
 -2.06763851e+00  8.70580858e-01 -1.60617006e+00 -1.35679443e+00
  1.45251852e-01 -8.42219688e-01  7.99238928e-02 -1.74517770e+00
 -1.95227982e+00 -1.67031748e+00 -1.19099047e+00 -6.28755442e-01
 -1.67966091e-01 -2.66279787e-01  3.10117378e+00 -2.07644346e-01
  1.01456975e+00 -4.18327113e-01  1.04703118e+00  2.74896581e-01
 -3.84292155e-01 -8.39702786e-01 -6.27557188e-01 -7.69093271e-01
 -1.07712323e+00  1.80076477e+00 -5.14987402e-01  4.06073103e-01
  4.20634049e-02 -8.92061226e-01 -6.13742712e-01 -1.75844600e-01
  5.78558953e-01 -4.72730769e-01 -1.92794293e-01  9.81594300e-01
 -5.39504935e-01 -8.43544957e-01  2.13612976e-02 -8.12526781e-01
  8.51378907e-01  1.88555620e-01 -8.63702300e-01 -3.01166598e-01
 -9.95087666e-01 -4.79600488e-01 -8.35354732e-01 -1.06132712e-01
  4.33848598e-01 -1.64949068e+00 -1.12504149e+00  2.98721907e-01
 -5.58325558e-01  1.50308322e+00  3.51102269e-01  2.68038029e-01
  1.25854240e+00 -5.63527609e-01 -2.18635678e+00  8.33680350e-01
 -5.38056017e-01 -2.18453128e+00 -4.46177928e-01  1.28734738e+00
 -9.81280480e-01 -4.61731851e-01  2.39526474e+00  2.87857735e-01
  6.92663917e-01  2.24177411e-01 -6.57709928e-01  8.37836928e-01
 -2.27993479e-01 -4.47063262e-01 -1.79869344e-01  2.41794920e-01
  1.40005563e+00 -7.94483486e-01 -4.52490583e-01 -7.55822690e-02
  1.70309877e-01  1.23807883e+00  4.35961382e-01  9.29747364e-02
  1.29884297e+00 -1.25511850e+00  3.68408231e-01  5.28692734e-01
 -1.19576080e+00  1.87608302e+00  5.42053906e-01  5.55309526e-01
  2.12694117e-01  1.64319255e+00  1.19443022e+00  9.30077603e-01
  4.97788200e-01  4.11776519e-01 -2.09375719e-01 -9.64245884e-01
 -4.92397487e-01  2.57345599e-01 -6.23116902e-01  7.34314613e-01
  5.55873858e-02 -5.95433742e-01 -6.89808872e-01  2.28704755e+00
 -4.62612955e-01  1.40273011e-01  7.60925076e-01  7.82848509e-01
 -8.11682544e-01  5.80046348e-02 -6.24894695e-01 -7.86930498e-01
  1.60562793e-02 -4.32163285e-01  5.71537146e-01  1.34961320e+00
 -2.74588591e-01 -8.14834251e-01  1.64977303e+00 -1.24952548e+00
  8.59288649e-01 -5.69004730e-01 -8.20278194e-01  1.93170795e+00
  4.00928661e-01  8.34457625e-01  3.04198475e-01  1.93281074e+00
 -1.09116601e+00  1.55937020e-01  4.64816251e-01  6.46509989e-01
 -8.85331575e-02  4.12439259e-03 -1.13581847e+00  1.29973216e+00
  1.87071713e+00  1.33136578e+00  4.33637204e-01 -7.58885922e-01
 -1.21702571e-01  2.79754364e-01 -1.55811497e+00 -9.71562561e-01