 1.22564037e-01 -1.15077118e-01  1.29113998e+00 -3.87218592e-01
 -3.95876543e-01 -1.37280713e+00  2.75377893e-01  9.82150926e-02
  6.30088134e-01 -1.46286123e+00  4.04865721e-01  3.84477933e-01
  9.74290970e-01  1.05153748e+00  7.38605088e-01  1.14616727e+00
  1.58177089e+00  7.22818263e-01 -2.41590511e-01 -3.46018131e-01
  1.13497809e+00  8.96087643e-01  9.40133882e-01  6.02894936e-01
  2.87458551e+00 -7.11838243e-01 -1.14014882e+00  3.78632965e-01
 -2.85083813e+00  1.18351535e+00 -7.55766948e-01 -3.55288870e-01
  7.87065193e-01  1.97366477e-01  1.29931141e+00  1.93714616e-03
 -4.57464805e-01  7.31066397e-01 -6.61430925e-01 -1.29280518e+00
 -1.04160321e+00 -1.69683735e+00 -5.50789627e-01  1.05893710e+00
  9.04080651e-01 -2.23815794e+00  5.52210876e-01 -6.63703486e-01
 -1.03962053e+00 -4.32489265e-01  9.13715521e-02 -7.16664628e-01
  1.27053780e+00 -3.94217107e-01  1.46736351e+00  2.51301971e-01
 -4.67806202e-01 -1.21143820e+00  1.06227463e+00 -7.37017862e-01
  1.88783984e+00  1.36284820e-01  7.69253255e-01 -5.04510120e-01
  4.97431672e-01 -2.30702118e-01 -8.18362949e-01 -5.74479926e-01
  7.80291130e-01 -7.84142269e-01  2.40041506e+00  4.42033176e-01
  5.35623217e-01 -3.91123819e-01  1.88525225e-01  1.07328750e+00
 -1.52185258e+00  8.34016990e-01  6.37347226e-01 -3.88065027e-01
  3.11197114e+00 -1.06547248e+00 -1.71243873e+00 -7.95506397e-01
 -7.14422832e-01 -6.32856735e-01 -4.99242367e-01  1.95564629e+00
 -1.65184679e+00 -4.98083111e-01 -9.01707702e-02  1.01096050e+00
 -5.23488831e-01  7.83217267e-01  2.52931004e-01 -1.67655886e+00
 -4.03455216e-01 -1.00066828e+00  4.32256587e-01 -6.13497119e-01
 -1.35555073e-01 -1.11583943e+00  1.72907049e-01 -1.97339537e+00
  2.75144158e+00 -4.63153139e-01 -1.56582596e+00  1.06823391e-02
  1.83583557e+00 -2.53910340e-01 -1.62321677e+00 -4.04056122e-01
 -2.56245898e+00 -7.39787872e-01  6.61772216e-01 -2.15416551e+00
 -5.71886540e-01 -1.11948529e+00  2.23028117e+00 -6.76101840e-01
 -1.50670915e-01 -1.45500317e+00  1.76690366e-01 -9.23595480e-02
  1.92890428e-01 -7.41521981e-01 -9.31925967e-01 -6.07526642e-01
 -1.39772296e+00  4.13430793e-01  9.15776981e-01  1.23834673e+00
 -3.45208237e-01  1.48468757e-01 -5.74617853e-01 -1.11361347e+00
 -2.31976736e-01  8.98438590e-01  2.18964968e+00 -8.33406434e-01
  1.05680726e-01  2.84621988e-01 -7.88036234e-01 -2.94690728e-01
  4.07527250e-01 -1.80388185e+00 -1.32253917e+00 -1.09762709e+00
  1.14302239e+00  1.25045370e+00 -7.43242079e-01  2.28282916e+00
 -8.63477797e-01  8.81313601e-01  1.89749303e-01 -1.88361147e-01
 -1.81843193e+00  3.30204085e-01 -6.19150862e-01  1.52372594e+00
  8.40860203e-01 -1.66136735e-01 -4.56190049e-01 -8.30294444e-01
  2.55058022e+00  2.27278957e-01 -5.07724408e-01 -1.72574105e+00
 -2.18275139e-01  1.11061157e+00 -1.15192216e+00  1.32885634e-01
 -2.51898496e+00  1.33457871e+00 -1.10617993e+00 -3.01596592e-01
  2.30097873e+00  7.66793348e-01 -1.08440762e+00 -4.11755905e-01
 -2.05156035e-01  5.89966460e-01 -1.17668424e+00  1.62498502e+00
  7.96357712e-01 -6.59646345e-01 -1.60993287e+00  1.30206874e+00
  1.46734208e-01 -3.58197645e-01 -1.51179630e+00 -3.79165030e-01
 -1.42716177e+00  6.18184058e-01  2.61238666e+00 -1.10574667e+00
 -8.61722062e-01  1.34862048e+00 -1.23785474e+00 -1.05391899e-01
  2.68772776e-01  1.14058594e+00  6.25224720e-01  1.08077778e+00
  7.72855075e-01  1.04114757e-01 -4.88022320e-01 -1.37050930e+00
  1.70032769e-01 -1.71058702e-01 -6.10190647e-01  7.85786373e-01
  4.95795917e-01  7.01309085e-01  6.24346394e-01  8.19072908e-02
  2.98517532e-01  6.02176951e-02  2.03886049e+00  8.34697608e-01
  2.57401521e+00 -1.19312089e+00  1.31274410e+00  9.20797846e-01
  1.48503250e+00  4.39962810e-01 -5.75266120e-01  4.96747791e-01
  2.60115906e-01 -1.60983567e+00  5.65548499e-01 -7.29406930e-01
  9.22783198e-02  1.41219043e-01 -1.48060930e+00  3.63445043e-01
 -1.44949828e+00 -9.30309767e-01 -4.53028069e-01 -1.13429052e-01
  6.94391694e-02  5.49871032e-01  2.57238664e-01  1.13440852e+00
  5.97491493e-01 -9.03084966e-01 -2.55802331e+00 -6.63425550e-01
  3.49165624e-01 -5.45881396e-01 -7.70242786e-01  8.45956643e-01
 -5.83979612e-01 -3.56775620e-01  1.00525696e+00  5.22394220e-01
 -5.31361450e-01  8.30171918e-01  1.27191588e+00  6.61975774e-01
  1.62928316e+00  1.69633565e-01  1.24628592e+00  5.82527233e-01
 -1.70101835e+00 -1.84226297e+00 -1.28306928e+00 -1.18409628e+00
 -1.72042516e+00  5.53936312e-01  2.23149865e-01  1.12372804e+00
 -1.04291981e+00  2.25888838e+00  6.03774742e-01 -1.55273743e+00
  7.53774787e-01 -1.80721284e+00  1.45530497e+00 -5.23392969e-01
  4.64278562e-01  1.68356933e+00 -1.90693674e+00 -7.72859285e-02
 -5.89450357e-02  1.16058377e-01 -1.37101534e+00 -2.53492974e-01
  1.42539335e+00 -3.83504356e-01 -2.60376910e-01  1.48548817e-01
  6.57803144e-01 -4.52125995e-01 -2.02872075e+00 -5.47346980e-01
  1.19367842e+00 -8.96001339e-01 -9.77976860e-01 -4.92199498e-01
  1.37401159e+00  3.94144380e-02 -1.48862244e+00  5.56132906e-01
 -1.13048400e+00 -1.61651815e+00 -2.02275876e-01 -7.33970919e-01
  1.56169326e+00 -2.32343864e+00  4.58914579e-01 -1.05136091e-01
  3.98041499e-01 -1.08364178e+00  1.54820658e-01  1.12576887e+00
  5.88668498e-01  2.94027996e-01  6.32302303e-01  2.70664667e-01
 -3.41466311e-01  4.04789009e-01  7.77412206e-01 -2.45525183e-01
  1.33720134e+00 -1.27805722e+00  1.49595308e+00  4.97651708e-01
 -2.50856121e-01 -1.52839619e+00  7.17718336e-01  9.69658110e-01
  1.53914329e+00 -6.70012383e-01 -7.39419174e-01  3.40026680e-01
  1.88523451e+00  2.10303609e+00 -1.91459198e+00  1.89079285e-01
 -9.10171323e-01  6.54048538e-02  9.95570753e-01  5.00952334e-01
  5.08359084e-01 -5.85705628e-01  9.00102815e-01  8.69046511e-01
 -1.55339550e+00  1.54383205e+00 -5.49181210e-02  5.29900179e-01
  5.56391444e-01  2.39122397e-01 -1.17353759e+00  5.91052688e-01
 -2.30838669e+00  1.78391940e-01 -2.84288741e+00 -8.21733082e-01
 -7.03448017e-01 -2.97841454e-01  7.92692503e-01 -1.65290347e+00
  1.79993708e+00 -8.33547353e-01  1.85604928e-01  1.17973332e+00
  1.44655336e-01 -7.05088924e-01  9.00116061e-01 -5.07631880e-01
  9.80082312e-01 -1.73359422e+00  2.23393559e+00  7.03958749e-01
 -6.17980121e-01 -2.14108708e-01 -5.30204405e-01 -1.25546724e+00
 -6.94645021e-01 -4.06200397e-01 -8.14387701e-02  6.37394231e-02
  2.75402718e-01  1.76833164e-01 -1.62666620e+00 -8.48166944e-02
 -2.36530667e-01 -1.83931598e-01  6.28423792e-01  2.14655929e-01
 -1.10637570e+00  5.49106780e-01 -2.58803961e-01 -9.95144891e-01
 -3.34953285e-01  1.16190517e+00  2.21565009e+00  5.03986812e-01
 -1.45014763e-01 -1.33816909e+00 -1.89646333e-01  1.00494567e+00
  1.31889529e+00 -1.34942581e-01  2.55993951e-01  3.18385775e-01
 -1.56138624e+00 -1.99986625e+00 -1.19082999e+00  1.04625080e+00
 -4.72485392e-02 -4.07128833e-01  5.43158544e-01  1.34292730e+00
  1.54912868e+00 -3.68743152e-01 -9.89766181e-01  5.38411134e-01
 -3.89875007e-01  2.70263368e-03  1.35828611e+00 -1.06606750e+00
  3.39129125e-01 -4.88367215e-01 -5.16648239e-01 -7.40971975e-01
  3.04194783e-01  5.41637944e-01  6.47963864e-01  1.45690986e-01
  2.01133721e-01  9.70512644e-01  1.02998671e+00  1.34138237e+00
  8.55531774e-01  9.44109878e-01 -1.42285035e+00 -1.32373323e+00
  1.16827663e+00  3.79155575e-02  7.80119069e-01 -6.68055314e-01
  1.19548843e+00 -1.10310866e+00 -1.01199691e+00  8.48569552e-01
 -1.30911699e+00  1.60199667e-01  1.19500003e-01  4.87026638e-01
  1.50688445e+00  9.91182931e-01 -4.65433086e-01  9.81683478e-01
  7.29589177e-01 -1.60515229e+00  7.70659168e-01 -1.17613012e+00
 -4.88912505e-01 -6.80630636e-01 -9.15486834e-02  4.57890441e-01
 -6.76387983e-02  2.87073826e+00  4.46654599e-01 -3.46019629e-01
  1.87186281e+00 -1.24807451e+00  2.39518356e+00 -8.32637757e-01
 -7.73966240e-01  7.96784812e-01  7.87854039e-01  1.09202438e-01
 -6.29955057e-01  1.35537530e+00  5.86706987e-01 -1.53595770e+00
 -1.00301355e-01 -4.75918069e-01  2.00940178e-01  6.61503759e-01
 -2.18872429e-01 -4.60448849e-01 -2.88850366e-01  1.56964434e-01
 -1.53980492e+00 -1.52130390e+00  4.20491286e-01 -4.46546495e-01
 -1.25614711e+00 -6.57026576e-01  5.15560599e-02 -6.13943390e-01
 -5.43395975e-01  2.44846408e-02 -1.12036569e-01 -5.99522579e-01
  9.16666315e-01  4.68963125e-02 -7.89091275e-01 -1.27823358e+00
 -1.54754705e+00 -5.05222179e-04 -7.03772134e-01 -8.08963100e-01
  7.09668542e-01 -2.14936050e+00  1.24629876e-01 -9.65792844e-01
  1.43079591e+00 -1.68335830e+00  2.65051242e-02  1.23448281e-01
  2.05341893e-02  6.56620737e-01 -4.14441360e-01 -2.61339287e+00
 -2.59889664e-01 -6.51038652e-01  1.43119632e+00  5.65952626e-01
 -2.26455055e-01 -4.04906719e-01 -2.38224188e-02 -1.07232022e+00
 -1.54235030e+00  1.16313953e+00  1.28042537e-01  3.34819054e-01
  1.72710317e+00  8.09471921e-02 -1.34656069e+00 -8.85348192e-01
  4.40240847e-01 -9.36192446e-01 -6.45988628e-01 -1.39576621e-01
  4.51556134e-01 -1.53823890e+00 -9.16573594e-01  4.05125504e-01
  1.19639585e+00  6.99853369e-01  3.28903855e-01 -1.36744672e+00
 -1.36454272e+00  1.26830735e-01  9.15312283e-01  2.12610569e-01
  4.94610428e-01 -6.68474528e-01 -3.78460496e-01 -5.93478502e-01
 -1.04466193e+00  1.60278081e+00  4.66802445e-01  8.86501474e-01
  1.24963027e-02  1.67936740e+00 -6.28220139e-01 -1.51042485e+00
  1.09040287e+00 -2.20857068e-01  1.35836007e-01  5.80205785e-02
 -8.95967469e-01  1.49540320e+00 -1.06886065e+00  4.13949844e-01
 -1.06717351e+00  8.25059332e-01  8.65282272e-01  9.67052254e-01
  9.64028085e-02  1.25113068e+00 -7.44170460e-01  4.40116898e-01
 -5.74400557e-02  1.67217673e+00 -6.42555696e-01  1.25207041e+00
 -4.47337471e-02  6.59245201e-01  5.47632355e-02 -2.03531491e+00
 -1.44903746e-01 -1.69503915e+00 -1.16451963e+00 -1.60286747e+00
 -2.37294445e-01 -1.83438628e+00 -3.49124308e-01 -8.22076160e-01
  1.02300866e+00  4.10757973e-01 -8.99670318e-01 -1.13393285e+00
 -2.84784321e-01 -7.09023572e-01  1.52592873e-01 -2.94741026e+00
 -8.91913209e-01 -3.58345870e-01  2.71870664e-01  2.04836350e-01
 -7.19724315e-01 -3.40467407e-01  1.08188579e+00 -7.20342560e-02
  6.59608844e-01 -1.93543481e+00  3.53171119e-01 -4.44378505e-01
 -6.68247379e-01 -5.72255272e-01  3.51440084e-01  8.64034475e-01
  1.92245168e-01  1.33959097e+00  2.13133462e+00 -6.03660723e-01
 -7.81055096e-01 -9.30644555e-01  8.06977195e-01  9.73340129e-01
  4.82029434e-01 -1.56193320e-01  1.27949305e+00  6.78238751e-01
  5.22799278e-01 -6.03392355e-01  7.16142297e-01 -2.47014275e-01
 -1.50168245e+00 -1.25867468e+00  8.04272205e-01  1.28359717e+00
 -2.89904351e-01  9.71005288e-01 -6.23159519e-01 -1.40678508e+00
 -1.18020313e+00  1.01207390e-01  4.42795990e-01  3.87961111e-01
 -2.66527808e-02 -8.36399827e-01  8.31899068e-01 -4.76882207e-02
  9.66720083e-01 -3.07122783e-01  3.50587090e-01  6.02340231e-01
  2.44576046e-01  1.17364418e+00  1.21256214e-01  1.32347495e+00
  2.45559469e+00  2.00023216e-01  5.06466514e-01  9.49114162e-01
  1.93063818e+00 -1.03521428e-01 -4.77480547e-01  3.13376140e-01
  1.53522685e-02 -9.26523766e-01  1.68551339e-01  3.96414667e-01
  1.73581865e+00  5.92618148e-01 -4.96473656e-01 -4.64461012e-01
 -7.15088494e-01  1.03646261e+00  1.33571570e+00  1.50911871e+00
 -1.85962706e+00  5.95974365e-01  1.99122988e+00  1.08170267e-01
 -1.83765877e+00 -1.00492799e+00  6.53145924e-01 -1.21848390e-01
  2.39466980e-01  1.07193263e+00 -1.75529975e+00 -3.91125672e-01
  7.87842124e-01 -1.14417419e+00  8.66041543e-01  7.54521655e-01
  1.31998810e+00  1.84829589e-01  3.34297473e-01  2.95643784e-01
  1.28006474e+00  8.18245742e-03  6.86902187e-01  6.89451288e-01
 -1.82999111e+00 -9.45503909e-01 -3.95801622e-01 -8.60123007e-01
 -1.53587131e+00 -3.33896166e-01  8.94545521e-02 -5.30515720e-01
 -9.15972159e-01  5.59579841e-01 -6.28874908e-01  1.74399024e+00
  1.27358522e+00 -3.30834441e-01  4.26726266e-03  1.87516736e+00
 -5.50716128e-01  1.68777555e+00  1.47245976e+00  2.64788226e-02
  5.35734033e-01  6.90998401e-01 -4.06497069e-01 -3.39572364e-01
 -6.56169997e-02  1.18081752e+00  5.67855928e-01 -3.42318835e-01
  1.76797019e+00 -6.78225470e-02 -3.51949256e-01 -2.03844665e-01
 -5.32105382e-01 -8.57087419e-01  1.47513837e+00 -2.71813929e-01
  1.95242879e+00  1.06174008e+00 -1.55382487e-01 -4.26309573e-01
  1.61448494e+00  1.95708177e+00  7.37354525e-01  1.34269862e+00
 -2.08781787e-01  1.18059260e+00 -1.56490111e-01  1.08944045e+00
 -1.37371443e+00 -4.42856408e-01  2.49846233e-01 -1.53620245e-01
  4.68588586e-01 -1.16896977e+00  7.46899648e-02 -5.63318205e-01
 -5.43018363e-01 -4.47688318e-01 -9.77166474e-01  2.99686497e-01
  1.68594239e-01 -1.44709324e+00 -2.41727250e+00 -6.69435495e-01
 -1.42967418e+00 -1.41720537e-01 -1.34354445e+00 -4.49069550e-02
 -5.59395195e-01  2.36175506e-01  1.45031573e+00 -5.02235574e-01
  2.02492554e-01  8.74848742e-01 -1.50766040e+00  5.89418466e-02
 -1.92189838e-01 -1.81114264e-01  1.22457775e+00 -1.43325777e+00
 -9.18120358e-03 -5.85380676e-01 -1.21084235e+00  1.12647376e+00
  3.31671352e-01 -2.80739019e+00 -3.29199190e-01 -1.55416116e+00
  2.08901970e+00 -1.00682775e+00 -7.01570372e-01 -1.12065347e+00
 -2.98974351e-01 -2.54008443e-01 -2.25636983e-01 -6.55872917e-02
 -1.74681333e+00  2.95947782e-01 -5.80961122e-01 -1.51858206e+00
 -1.36123015e+00  7.54142756e-01 -1.33686847e+00  2.37568816e-01
 -1.52033009e-01  3.80333549e-01  1.04567749e-01 -1.07547487e+00
  3.08839622e-01  1.35508621e+00 -7.32314712e-01 -1.10051286e+00
  1.01929409e+00 -2.34258139e+00 -3.04670911e-01 -1.41726676e+00
  6.89433279e-02  1.48791274e+00  1.05202240e+00  2.46267543e-02
  8.64426368e-01 -1.07353309e+00  1.51708141e+00 -1.24819150e+00
  4.64702497e-01 -1.01147515e-01 -2.39963224e+00  1.80157988e+00
 -7.85673924e-02  2.14835866e-01 -2.32542375e+00 -1.16713462e+00
 -7.35492614e-01  1.95059521e+00  1.11303795e-01 -1.92117915e+00
 -5.08051495e-01  2.43709772e-01  1.08713442e+00  1.02104168e+00
  5.41934217e-01 -1.29989984e+00  8.63059224e-01  1.77550803e+00
  4.61172884e-01 -7.96892306e-01  9.34789160e-01 -9.25035386e-01
 -2.06041641e-01  9.44635317e-01  9.88441843e-02  1.49868970e+00
 -1.73155342e-02  2.11892089e-01 -1.85815828e-01  4.25079922e-02
  1.40880120e+00  1.00919872e+00  1.83049056e+00 -8.81070040e-01
  3.31365377e-01  2.00833194e+00 -7.94559166e-02  1.13888156e+00
 -2.36578952e-01  1.90969996e+00 -1.84606972e+00  7.24646116e-01
 -1.52269718e+00  4.69051499e-01  4.46819323e-01 -1.64854740e-01
 -7.79802520e-01  1.29556947e+00  1.09654977e+00  6.11178426e-01
 -7.90923415e-01  1.24606587e+00 -4.68485149e-01 -6.29701507e-01
 -7.10153950e-02  1.91158194e-01 -2.58474364e+00 -1.61122275e+00
  3.56138563e-01  3.37676699e-01  7.65557599e-02  1.88484232e+00
 -1.06063725e-01 -1.01615739e+00 -9.71573303e-01  3.42611304e-01
 -9.36100743e-02  1.01417140e+00 -1.37231788e-02  2.88652917e-01
  1.89601049e-01  5.86400029e-01 -5.84343453e-01  1.30387971e+00
 -6.83562256e-01  2.65881599e-01  1.31468094e+00  5.59566444e-01
 -7.20045119e-01  1.81228147e+00  2.47659655e+00  8.59796176e-01
 -7.55476581e-01 -1.34168594e+00  7.83907963e-01 -1.01509803e+00
  1.30702190e+00  1.41473962e-01  4.76514939e-01  8.72840908e-01
  5.20272166e-01  1.55497835e+00 -2.95223766e-01 -4.93052234e-01
  4.37129853e-01 -6.12770437e-01 -5.68752520e-01  5.26086133e-01
 -9.53214874e-01 -8.12249201e-02 -5.79006941e-01  1.34787696e+00
  1.52929537e+00 -1.24561689e+00 -9.63104659e-01 -2.05793136e+00
  1.58456954e+00  3.88387513e-02 -1.36687463e-01 -3.21731902e-01
  3.71113485e-01 -1.12509414e-01 -4.22735840e-01 -5.70670661e-01
  1.95492048e-01 -2.48432238e-01 -1.33391722e-01  8.23320841e-02
  2.34301792e-01  1.56796146e-01 -5.51830874e-01 -9.01551841e-03
 -5.27174654e-01  3.57686951e-01 -1.16581364e+00 -1.76214052e+00
 -3.27445098e-01 -2.90118620e-01 -1.43008984e+00  1.71773865e-01
 -1.87325588e+00 -1.29384237e+00 -1.09616245e+00 -2.50219668e-03
  2.07403323e+00  3.64943427e-01  6.33759641e-02  7.40489847e-01
 -5.60433377e-02  5.45385664e-02 -2.27735403e+00  5.13462551e-01
  8.56436106e-01 -7.94188427e-01 -8.02438831e-02  3.23246314e-01
 -1.52200718e+00  2.56019015e+00  9.85097963e-01  2.80106390e-01
 -3.50988004e-01  2.07860322e-01 -1.21638640e+00  1.88315463e+00
 -1.60251650e+00  5.65729993e-01  5.33724094e-01 -1.26339056e+00
 -1.00849349e+00 -7.07358485e-01 -1.32297671e+00  1.91103987e+00
  1.99906417e+00  1.22306517e+00  4.97891144e-02  6.12553630e-01
 -3.71930808e-01 -1.57063571e-01  5.49526534e-01  2.00326753e+00