-6.63144455e-01 -1.99807611e-01 -2.09749332e+00 -2.37321905e-01
 -4.27578614e-01 -9.02267310e-01 -7.80443807e-02 -6.44259168e-02
  2.53644955e-01  1.39568868e+00 -5.66004714e-01  1.38985183e+00
  2.20308699e+00  1.54833165e-01  2.32483883e-01  7.50164991e-01
  1.11639070e+00  7.34464227e-01 -3.80232689e-01  8.46881022e-01
  4.29459020e-01  1.56174922e+00  1.10957403e+00  3.54989833e-01
 -2.41883996e-01 -2.53092017e-01  8.83488326e-01  5.80625236e-01
  1.08048180e-01 -2.40030183e-01 -2.46829512e-01 -3.71159594e-01
  7.74472284e-01 -5.68753687e-01 -1.21195443e-01 -1.87700420e-01
  5.66738681e-01  3.30352158e-01 -3.57526483e-01  6.89816021e-02
  8.06220568e-01  1.63870051e+00  4.92771330e-02  1.37274568e+00
  3.53978605e-01 -1.12255756e+00 -6.43322373e-01 -1.69885930e+00
  7.76777164e-01  6.73039626e-01 -1.56148510e-01  8.71661450e-01
 -5.05710009e-01  1.76006771e+00 -1.06498595e+00  6.75172075e-01
 -1.25353728e+00 -1.25679282e+00 -1.48446500e+00  4.50516729e-01
 -6.85767964e-01 -5.16619092e-01 -1.49615195e+00  4.04928668e-02
  1.18349614e+00 -5.88110936e-01  2.69256808e-01  2.10124869e-01
  9.90228809e-01  2.38108781e+00 -1.75736018e-01 -2.32182271e-01
 -2.95849934e-01 -1.80948172e+00  2.09953160e-01 -2.97232663e-01
  6.51347497e-01 -2.11177483e-01 -2.47409935e+00  5.13116650e-01
  1.37376564e-01  8.89988590e-01 -1.24932183e-01  5.33801268e-01
  1.11694402e+00  2.53739042e+00 -1.28868462e-01 -1.28325448e-01
  9.06318185e-01 -1.73968241e-01 -8.90648152e-01 -9.06651669e-01
  1.14823626e+00 -3.28418504e-01 -2.00897030e-01  4.13255557e-01
 -7.63788861e-01 -2.10265957e+00  5.39263774e-01 -5.31227888e-01
 -3.53989198e-01  1.04704541e+00  8.26827973e-01 -8.15265609e-03
 -4.64102244e-01 -1.43723892e+00  1.24988625e-01  6.62158357e-01
  4.21062042e-01  2.16266697e-01 -5.14149113e-01  1.89325926e-01
 -3.45252715e-01  9.59480172e-02 -8.44000521e-01  3.30638679e-01
 -7.17567474e-01 -3.19637258e-01  1.53219979e-01  5.46835519e-01
  1.05903328e+00  6.37498555e-01 -1.61662503e+00 -3.82444489e-01
  1.23799209e+00  9.02420886e-01  1.50160603e+00 -1.57959476e+00
  8.08562173e-01  4.97517359e-01 -1.92261754e+00 -4.13494439e-01
 -6.94905112e-01  1.88768440e+00 -2.26843244e+00  4.48868239e-01
 -2.74407510e-01  1.13980525e-01 -1.62339896e+00 -2.49194680e-01
 -7.13357368e-01 -6.52906378e-01  1.38398280e+00 -5.16991112e-01
  1.97929162e-01 -9.27027411e-01  1.35531998e-01  1.47328708e+00
  5.54703452e-01 -1.04208217e+00 -1.73303810e+00  2.55976607e-01
  4.37919831e-01 -8.55684197e-01 -4.90437431e-01  2.04986131e-01
  2.18534577e-01  1.69865370e+00  1.01426807e+00  1.61663667e+00
  6.50405054e-01 -1.23207591e+00 -1.38768218e-01 -3.82654231e-01
 -5.18118269e-01  7.15376983e-01 -1.58946936e+00  1.08924128e+00
  6.88728136e-01  1.11670086e+00  1.87324827e+00  1.28240687e+00
  9.38311374e-01  6.71012491e-01 -4.76430639e-02  7.39891177e-01
 -6.64747252e-01 -9.02603945e-01  4.94766320e-01  6.36941351e-01
  1.85385841e-01 -2.56814983e-01  8.16120086e-01  6.48898383e-01
  2.92653816e-01  9.77004701e-01 -6.72546918e-02 -4.22313083e-01
  4.02801102e-01  1.15016274e+00  1.34408261e+00 -3.32377290e-01
  2.74289342e-01 -1.34660768e+00  1.04364688e+00 -1.02236328e+00
  7.05374957e-01  1.85730525e-01  3.51434451e+00  1.48214241e+00
  1.22071534e+00 -1.05086913e+00  8.73170043e-01 -7.25930120e-01
  1.31088616e-01  3.13366628e-02  1.13099780e+00  1.14123354e+00
  1.40017126e+00  1.26350348e+00 -2.96649684e+00 -1.13891129e-01
  3.79012840e-01  1.15258864e+00 -1.31150835e+00  1.49530442e-01
  1.34803809e+00 -1.03689703e-01 -1.21958427e+00 -3.75483136e-01
 -1.48263733e+00  1.08586092e-01 -1.08960807e+00 -1.37012929e+00
 -8.55422216e-01  1.72207781e-01 -4.69284369e-01 -1.54209879e+00
 -5.29697309e-01 -7.69475661e-01  1.44322030e+00 -6.25624457e-01
  6.41190984e-01 -1.46665054e+00 -4.16989494e-01  6.87106041e-01
  7.04295926e-01  4.50294080e-01 -2.66806967e-01 -4.04933006e-01
 -1.39779668e-01 -7.64569043e-01 -9.20978210e-01  6.44844379e-01
 -9.85103178e-02 -1.94269517e+00 -1.07630262e+00  5.69956263e-01
  2.26166926e+00 -1.74498710e+00  8.40017485e-01  5.90844029e-01
 -4.48289684e-01 -5.67183291e-02  6.42293043e-01 -1.94987275e+00
  1.53932505e-01  3.25431418e-04  1.14198394e+00  1.06575021e+00
 -1.86371632e-01 -5.40056837e-01  3.19357915e-01  8.07126833e-01
  2.03294153e+00  5.49278920e-01  9.04266926e-01 -1.68038433e-01
  3.86742162e-01 -1.25888269e+00 -9.53859481e-01  1.13032021e+00
  1.32053620e+00 -1.48795247e+00  1.65381208e+00  1.22022225e+00
 -1.82992122e+00 -2.05627318e+00  5.87466908e-01 -1.09774451e+00
  5.02290476e-01 -9.24632454e-01  1.36657897e-01  7.17888884e-01
 -3.57069319e-01  5.72236722e-01  4.11218982e-01 -2.49772516e-01
 -2.07921869e+00 -1.00622938e+00 -6.98420185e-01  7.08157291e-01
 -3.87926853e-01 -1.65866528e+00  3.63994739e-02 -1.44636359e+00
  1.55604576e+00 -7.39428203e-01 -6.63121609e-01 -1.04439134e+00
  6.96462382e-01 -3.23152697e-02 -5.51336682e-01 -4.19878757e-01
  1.60938446e-01  8.08685676e-01  1.85101603e+00 -9.54340680e-01
  6.23292890e-01  2.63663894e+00 -1.73566942e-01 -1.22819386e+00
  2.05613400e-01  8.56409122e-01  3.33808934e-01  7.26093642e-03
 -2.21311704e+00  8.41046068e-01  1.00285031e-01  1.98342428e-01
 -5.62993711e-01 -2.86261099e-01 -1.65249289e+00 -1.22880619e+00
 -6.19082075e-01 -9.84825212e-01 -9.06849343e-01 -1.09209687e+00
  2.56181508e-01  2.62354264e-01  3.75385031e-01 -3.13401758e-02
 -1.72846835e-01 -2.33674393e-01 -7.94399890e-01  1.77653303e-01
  7.38337728e-01  3.01676045e-01 -5.70984429e-01 -4.82425326e-01
  4.42066824e-01 -3.59060401e-01  3.64794050e-01  1.99914529e-01
  5.46531136e-01 -1.88758632e-01 -1.40824816e-01 -1.23558556e+00
 -4.84136934e-01 -2.11619476e-01 -2.02264260e-01  1.76979141e+00
 -2.41884807e-01  1.49945287e+00 -2.44165409e-01 -2.16039338e-01
  4.69288666e-01  6.43863801e-01  8.65216845e-01 -6.85080647e-01
 -1.96733260e+00 -4.51714417e-01  6.77725441e-01  1.32655676e+00
 -6.49911730e-01  6.22005726e-02 -2.44075607e-02 -4.04492709e-01
  1.51119671e+00 -4.33157665e-01 -3.01628744e-01  3.43939583e-01
  1.31686041e+00 -1.20159023e-01  7.04949724e-02 -4.26765496e-01
  2.16494739e-01  2.15344574e+00  7.60313159e-01  2.52705984e-01
  1.11196296e+00 -2.59748607e+00  1.92430089e-01 -1.85662730e-01
  1.30680537e+00  1.15433846e+00 -4.48869583e-01  1.90541739e-02
 -1.37097366e-01  1.49209963e+00 -5.17459073e-01  2.76890449e+00
 -4.11431421e-01  2.08851271e+00  3.52426280e-01  1.76577139e+00
  6.96735388e-01  2.25374637e+00 -9.33131834e-01 -8.64894644e-01
  8.73370134e-01 -9.44615494e-01  1.42248689e+00 -1.29546209e+00
  3.68740198e-01  6.40293656e-01 -1.96033508e-01 -1.20535067e-01
 -7.37748407e-01  8.23804080e-01  9.65044460e-01  1.10109946e+00
 -1.43458428e-01  3.98355560e-01  1.98059689e-01 -6.89232622e-01
 -7.36160277e-01  2.85391822e-01 -8.30169440e-02  8.26952356e-01
  2.06451760e-01  4.56852589e-01  4.31094284e-01  7.51357036e-01
 -1.05826031e+00  3.52615383e-01  2.23454698e+00 -1.27660660e+00
  6.67263906e-01  5.94766047e-01 -7.74818628e-01  8.63199166e-02
  1.32492187e+00  4.25802822e-02  2.74012502e-01 -6.61919743e-02
 -9.65492080e-01  4.31502774e-01  1.12698920e+00 -1.72135366e+00
  1.27247741e-01 -4.05662800e-01 -8.24800200e-01 -7.99552709e-01
 -2.88906391e-01 -2.46560707e-01 -1.19422145e-01  1.97244654e-02
  4.16709705e-01  7.68982574e-01 -5.74775075e-01 -8.25985697e-01
 -2.02657402e-01  5.76364847e-01 -2.38704598e+00 -5.15263872e-01
 -1.14054619e+00 -6.58307475e-01 -3.41604642e-01 -2.35322679e-01
 -1.35434181e+00 -1.30886319e+00 -1.87476907e+00  1.76007260e+00
 -1.71992047e-01  3.69052705e-01  3.90274336e-01 -2.43517215e-02
 -4.81440387e-01 -1.10036581e-01  4.38834189e-01  1.41708346e+00
 -6.90651857e-02  9.92332141e-01 -1.16240231e+00 -1.36022585e+00
  3.26899194e-01 -1.52738707e+00  3.39819924e-01  5.88990248e-01
 -1.31294967e+00  3.59777857e-01  1.43797093e+00  2.69576990e-01
 -1.34536052e+00 -1.39004949e+00  1.28778209e+00  2.33407991e-01
 -1.83029594e-01 -6.75335442e-01 -1.47421726e-01 -9.06935900e-01
  6.77872101e-01 -1.83645235e-01 -6.75863643e-02 -1.42243533e+00
  6.25921639e-01  4.89518314e-01  2.72562296e-02  1.31538903e+00
  1.40128991e+00 -3.26107583e-02 -1.58294139e+00  6.73226265e-01
 -2.29861988e+00 -1.52762955e+00 -1.69644236e-01 -1.89756507e+00
  2.03105202e+00 -1.00362193e+00 -6.77921643e-01  1.61734582e+00
 -2.36723051e+00  1.82710366e+00 -1.20583909e-01  1.06006702e+00
 -1.77663536e+00  8.27962585e-01  6.43045874e-01  9.15964606e-02
 -1.14144040e+00 -1.13666541e-01 -2.67177152e+00  2.91249105e-01
  5.28735695e-01  9.36215082e-01  1.62174367e+00  1.71803102e+00
  1.07207199e+00  7.13548662e-01  1.88855361e+00 -8.93483575e-01
 -2.44825807e-01 -6.02019445e-01 -4.67846877e-01  1.28899717e+00
 -8.80435706e-01 -1.01026590e+00 -3.89180426e-01 -8.46428122e-01
  1.13789937e+00  1.41123818e+00 -4.62249422e-02  2.28991742e+00
  3.04329319e-01  2.74770493e-01 -6.14411001e-01  1.07133476e+00
 -2.67004905e-01  5.50863957e-01 -1.04113365e-01  3.96255583e-02
  6.25013693e-01  1.17908120e+00 -3.78652912e-02  1.26176970e+00
 -1.80749798e+00  5.51178363e-01 -2.82092204e-01  7.42462856e-01
 -2.77009087e-01  4.71992762e-01 -1.70263015e+00  1.36662976e+00
  1.56566903e+00 -2.48938502e-01 -1.70958918e+00  3.47287954e-01
  7.68297479e-01  8.00613228e-01 -4.43215669e-01  9.71826532e-01
 -1.30050076e+00 -8.82427996e-01  1.17846034e+00  1.61836787e+00
 -6.37438946e-02  1.26263719e-01  2.82033254e-01 -2.29456685e-01
  5.21576471e-01  1.43523592e+00 -1.18550940e+00  4.09646238e-01
  5.21392852e-01 -2.62766675e+00 -6.70875383e-01 -1.86850983e+00
  1.62887204e+00  1.01563288e+00  3.23553969e-01 -2.97006674e+00
  1.11756896e+00  8.19549873e-02 -3.94505468e-01 -2.21403730e+00
  1.66270449e+00 -1.11830453e+00 -1.25799944e+00 -8.43936979e-01
  1.00166949e+00 -2.81128035e-01 -5.11039745e-01  1.12347187e+00
  3.08036889e-01  1.09952263e+00 -1.22378833e+00  1.37335912e-01
  4.22851425e-01  1.23056586e-01  9.76764684e-01 -1.42230254e+00
  1.30707604e+00  6.46560717e-01  5.74462534e-02  1.92472887e+00
  1.22747484e+00 -1.58401820e-01 -6.83296562e-01 -1.15588237e+00
  1.30328451e+00  4.14335259e-01  4.61457693e-02 -5.05435914e-01
  1.03086142e+00  5.69971084e-01 -7.03255229e-02 -1.86635971e+00
 -2.29897697e+00 -1.88543392e-01 -2.89134985e-01 -6.93215552e-02
  2.37520365e-01 -1.39311598e+00  5.40534420e-01  3.16206708e-01
 -4.01842384e-01  2.78464526e-01  6.08358537e-01 -2.01995056e-01
  7.07719320e-01  9.51394119e-01 -4.96485441e-01  1.36310333e+00
  1.50276238e+00 -7.77426350e-01  1.58748256e+00  4.47991419e-01
 -1.38553198e+00 -3.00471058e-01  1.11152651e-01  7.33644261e-01
 -6.89238932e-01 -1.65204470e+00 -1.04226274e-01  7.70608756e-01
  1.04438417e+00  1.32712882e+00 -5.87858151e-01  7.88392758e-01
  1.45760738e-01 -2.17443171e+00 -1.15367529e+00 -5.31957670e-01
  7.57674420e-01 -1.06207667e+00 -1.00266097e+00 -1.35481364e+00
 -8.24018876e-01  6.62062619e-01  1.04811082e+00  4.16641542e-01
 -1.96031908e-01  6.34121717e-01  3.25351019e-02 -2.37829471e+00
 -1.34674678e+00 -2.09839045e-01  1.32712337e+00  6.18739209e-01
 -3.71694518e-01  1.88778857e+00 -4.82971853e-01  1.29037142e+00
 -9.95968352e-01 -1.47574046e+00  1.55546717e+00 -1.46578793e-01
  7.77040167e-02 -1.86828973e+00 -1.56013607e-01  1.32339886e+00
  5.32232654e-01  2.80227716e-01  5.10021495e-02  9.59738254e-01
 -2.21966989e-01 -1.12941155e+00  8.18178051e-01  3.49632998e-01
 -1.30099839e-01 -1.40352273e+00  8.93094285e-01 -9.05395559e-02
 -2.80125058e-01  1.53761049e-01 -1.69167762e-01 -1.11544393e+00
  9.71696622e-01 -1.81300291e+00  1.27293630e-01 -2.13325679e-01
  2.05788195e+00 -1.09002706e+00 -1.99722819e+00 -7.08803917e-01
 -1.10805639e+00  7.61620934e-01  1.03681903e+00 -8.30481765e-01
 -2.60733882e+00 -5.20410418e-02  3.84673147e-01  4.36717150e-01
 -1.48491347e+00 -1.39537347e+00 -1.09854739e+00  1.05433712e+00
 -1.32578070e-01  1.55419244e+00 -2.89281377e-01 -1.03380389e+00
  9.50165821e-01 -9.94119294e-01 -1.92478089e-01 -2.65499011e-01
  1.66182202e+00 -4.56846122e-01  1.07582031e+00 -5.70366091e-01
  8.26270594e-01 -2.36615547e-01 -1.38335908e+00  7.21509904e-01
 -1.08640860e+00 -3.51293555e-01  1.77262204e+00  1.80731939e+00
  1.87338930e+00  2.01396097e+00  1.28736623e+00  1.03733614e+00
  1.08423854e-01  8.98204909e-01 -1.23148664e+00 -2.18606995e-01
  5.95274575e-01 -7.03084861e-02  1.59593810e+00  2.40100189e+00
 -5.06521024e-01  3.47157649e-01  1.40222283e+00 -4.66106794e-01
 -1.24067657e-01 -1.26886465e+00 -4.39839342e-02  7.60421507e-01
 -1.03399137e+00  7.57654069e-01  8.50744082e-02  2.52949026e-01
 -4.39060373e-01 -3.42823743e-01 -9.76553089e-02  2.10211318e-02
 -1.76414855e+00 -4.20930113e-01 -5.52305109e-01  7.61409775e-02
  1.16572371e+00 -4.85109492e-01  8.71873378e-01 -7.65439081e-02
 -2.21920576e-01 -1.76588427e+00 -1.06306972e+00  6.49980260e-02
 -1.08974538e+00  2.24296709e-01 -4.61486919e-01  1.38311960e+00
 -1.31440397e+00 -1.38653242e+00 -9.61844673e-01 -8.48148308e-01
 -3.16064184e-01  1.78297637e+00  1.51962715e+00 -1.72407926e+00
 -2.34876689e+00 -7.45973605e-02 -2.75428214e-01  1.14012237e+00
  1.77096939e+00  8.14332589e-01 -5.27503999e-01 -7.63912720e-01
 -5.71329411e-01 -5.71929798e-01  1.08622693e+00 -6.82820188e-01
  6.85052035e-01  7.79671497e-01 -5.97121045e-01 -5.48338859e-01
 -4.90128647e-01  1.04077867e+00 -7.65299246e-01  3.17107150e-01
  6.71726484e-01  1.27395764e-01  1.03304546e+00  7.88278231e-01
 -4.58869668e-01  3.63875626e-02 -6.87270482e-01  9.04885582e-01
 -1.57688080e-01 -4.30085257e-01  1.84730954e+00 -6.47620718e-01
 -5.67744739e-01  1.42145287e+00  1.03353093e+00 -5.70398579e-01
  9.17614763e-03 -2.21514202e-01 -1.02237353e+00 -5.43328011e-01
  1.65230958e+00  2.45413799e-01 -1.41720176e-02  1.63451855e+00
  1.46512047e+00 -1.27668911e+00  1.77775078e+00  1.44033905e+00
  5.06498357e-01 -3.64488354e-01  4.42429840e-01  9.83121885e-01
  4.07162702e-01  6.50733833e-01 -1.31148221e+00  1.62211431e-01
  5.93763165e-02 -1.47181402e+00 -1.69536696e+00 -1.12470779e-01
 -8.48283370e-01  1.18446002e+00 -6.36325288e-01 -1.25718531e+00
  2.47884330e-01  3.02265724e-01 -5.76992961e-01 -5.34202386e-01
  2.43519884e+00 -1.68650727e+00  9.35200584e-01  4.69769450e-01
 -6.63829667e-01  1.36163354e+00 -5.62832534e-01 -1.71294549e+00
 -2.63111264e-01  1.40024380e+00  3.60919729e-01 -2.01146758e+00
 -3.14376988e-01 -3.91128653e-01  4.26229186e-01  1.44101601e-01
  8.10184649e-01  5.57756357e-01  7.97907415e-02  1.06162344e-01
 -1.72681082e-01  1.15765150e+00 -3.22483659e-02  7.89325366e-01
  4.69122028e-01  1.69442612e+00  7.59521004e-01 -1.64868555e+00
  5.49097485e-01 -1.28120567e+00 -1.68649015e-02 -8.11392683e-01
 -4.45189416e-01 -4.88467809e-01 -8.72927394e-01 -5.53468704e-01
  6.38753306e-01 -1.09941769e-02  8.74284179e-01  4.79783147e-01
  1.17208722e+00 -3.65592309e-01 -4.07522435e-01 -8.58187503e-01
  9.83026750e-01 -5.87471419e-01  7.84708907e-01  6.07189450e-01
  6.63976004e-02 -2.70368510e-01  4.10161515e-01 -4.80378971e-01
 -3.83814599e-01 -6.87059018e-01 -4.55005520e-01 -1.55863118e+00
  1.88492782e+00  3.20893638e-01  1.40100224e+00  8.85023936e-01
 -1.93827325e+00 -1.50276414e+00  4.08377439e-01  6.30694759e-01
  1.60001900e+00  3.89883988e-01  1.96405591e-01 -2.26955965e-02
 -1.43603687e-01 -1.13906052e+00 -2.01475239e+00 -4.00361576e-01
  1.95772774e+00  1.49297449e+00 -8.14024932e-01 -1.44859815e+00
  9.71696974e-01  1.62429086e-01 -6.12890729e-01 -1.09050883e+00
 -8.93726905e-01  1.00320467e+00  1.39466249e+00  1.32369525e+00
  3.29111565e+00  1.39761374e+00  1.78149216e+00 -7.50774566e-01
 -7.91560513e-01 -5.23582175e-01 -7.08890967e-01  9.73087209e-01
 -8.28095755e-01 -1.42593539e+00 -2.12716240e+00 -1.06837657e+00
 -1.45838114e+00 -4.02147443e-01 -2.19624037e-01  4.75827042e-01
 -1.09572682e+00 -4.55532665e-01 -6.26170455e-01 -8.66438521e-01
 -6.76771248e-01  1.70443544e+00 -1.63503595e+00 -1.60839781e+00
  4.17167015e-01  6.57004855e-01  4.04437268e-01  1.82720886e+00
  6.55566069e-01  1.12296179e-01  1.05951948e+00  1.55023975e+00
 -4.82835358e-01  7.13278032e-01 -6.39027866e-01  5.23942681e-01
 -2.07033373e-01 -3.66223527e-01 -1.38564925e+00  2.70040981e-01
 -7.42612733e-01  9.42360456e-01 -1.17005224e+00  3.49381365e-01
  3.55901604e-01  7.91524320e-01  2.37845171e-02 -2.17545988e-01