 1.98553851e+00 -1.34617278e+00 -8.83353555e-01  4.88673075e-01
  1.32778622e+00 -8.68871644e-01 -1.11815707e+00  1.36840276e+00
 -1.55238397e+00  1.93712503e+00 -9.66864781e-01  8.39678322e-01
 -1.49363485e+00  2.72942085e+00 -1.42359385e+00 -5.63463593e-01
 -1.09322244e-01 -8.65554266e-01  9.02774574e-02  6.74977779e-01
 -6.15559371e-01 -5.79369996e-01  3.53913418e-01  1.01276040e+00
 -8.76251592e-01  9.32903839e-01 -8.42339975e-01  8.07676525e-01
  3.23258631e-01 -7.08894488e-03 -4.40543769e-01  1.83765392e-01
 -2.07641111e+00  1.08521515e+00  6.30037626e-01  2.42867188e-01
  8.83889718e-01  3.25148679e-01 -1.87398099e+00  9.81328812e-01
 -1.68672866e+00 -1.15198970e+00 -6.58491018e-01  9.49971569e-01
 -2.15969483e-01 -2.08859798e-01 -7.42373365e-01  1.60221355e+00
  6.70498302e-01 -2.25928747e-01  5.85089961e-01 -3.72305196e-01
  1.31774439e+00 -1.65556029e+00  1.22983000e+00 -9.31201217e-01
 -2.18660023e+00 -4.54428504e-01 -7.27146287e-01 -1.29258502e+00
 -1.96273078e-01  9.87994265e-01  7.70685029e-01  7.69765450e-01
 -1.50095120e+00 -8.72846343e-01 -9.11106540e-01  6.21488429e-01
 -7.44142966e-01  4.76804131e-01 -5.84788498e-01  3.44801548e-01
 -1.32342863e+00  1.98958244e+00 -1.10523472e+00  8.99452360e-01
  1.76868261e-01 -2.08394041e+00  1.98924317e-01  2.75892570e-02
  1.81994870e+00  2.90560833e-01  1.99021031e-01  5.26394898e-01
  1.02407889e+00  6.07722851e-01 -2.00626059e+00 -1.60636075e-02
  2.28461463e-01  5.33217145e-02  3.49929159e-01  8.04359802e-01
  9.07246680e-01  1.79717786e-01  7.59184030e-01  5.49395633e-01
  1.81485820e+00  6.76065075e-02 -6.32059151e-01 -5.16193166e-01
  1.24344426e+00  9.88379185e-01  1.21872644e+00 -9.41314500e-01
  6.77852731e-01  2.04770057e+00 -2.93197979e-02  2.69606924e-01
 -1.32130816e+00 -7.26196715e-01  1.07164152e+00 -2.35984130e+00
 -1.51959726e+00 -1.75811503e-01 -3.04865533e+00 -1.30053949e-01
 -1.82576244e-02 -1.12193830e+00 -8.58535883e-01  6.03033962e-01
 -5.19949462e-01  7.51900768e-03 -1.28543900e+00 -1.90063377e+00
 -7.69331909e-01  1.98512264e+00  2.52454121e-01 -8.89840955e-02
 -6.04287796e-01  7.61073251e-01 -4.27473627e-02  4.87888777e-01
  4.66285700e-01  2.00248492e-01 -1.85656543e+00  1.07398052e+00
 -1.39919992e+00 -1.80860368e+00  8.99927969e-01  4.11858413e-01
  4.94265362e-01 -9.64892345e-01  2.96927108e-01  2.54953597e-01
 -2.86892017e-01 -2.10366539e+00  1.55564381e+00  1.20486858e+00
 -1.62930930e+00 -1.37462110e+00  1.51720192e-01  7.94885858e-01
 -3.35747591e-01 -3.46583721e-01  7.53808575e-01 -6.21936473e-01
 -8.15535371e-01 -7.66931142e-01  6.15770311e-01  9.61823235e-02
 -6.62757297e-01 -1.59615154e-01  6.89996512e-01  1.06498671e+00
 -3.38754022e-01  4.89519118e-01  2.60240126e-02 -4.35447335e-01
 -4.53592064e-01  3.35043139e-01 -1.39933282e+00  4.51008277e-01
 -3.10320449e-01 -1.58679048e-01  8.55722032e-01  1.23037239e-01
 -1.88194348e-01 -1.67386426e+00  1.42532715e+00  4.79863207e-01
  5.24754492e-01 -1.56577788e+00 -3.40844885e-01 -2.07626638e+00
  6.62670723e-01  7.91585483e-01 -2.28997343e+00  6.84505362e-01
 -6.29111061e-02 -1.25380549e+00  1.08565339e+00  4.30876249e-01
  1.63679302e-01  7.30420273e-01 -1.83350862e-01 -1.54300467e-01
 -2.43395484e-01 -2.62225246e-01  1.61184912e-01 -9.65006874e-01
 -6.64362863e-01  1.15833926e+00  3.74005197e-01  6.66295234e-01
 -4.66242064e-01 -1.22775700e-02 -7.19850468e-01  8.32899178e-01
 -1.01467454e+00  2.96133900e-01  1.08270709e+00 -1.81396307e+00
 -8.81995895e-01  3.13635458e-01 -9.39819917e-01  1.29903470e+00
 -1.82037062e-01 -1.43462296e+00  5.53902418e-01 -1.77048803e+00
  7.06068088e-01 -3.65785687e-01 -1.72918585e+00 -3.03028179e-01
 -1.60346303e+00  7.90716173e-01  7.48652126e-03  6.14472663e-01
 -6.81934298e-01 -6.68120814e-01 -1.67527071e+00  8.46228792e-01
 -9.83078421e-01  9.51114519e-01  7.02170594e-03  8.34261508e-01
  1.66182775e-01 -3.28061788e-01  9.24748205e-01  7.32223025e-01
 -1.07534220e-01 -1.50894513e-01  7.82940978e-01 -6.70663632e-01
 -1.14175519e+00  7.71456723e-01  4.59008861e-02 -2.19137728e-01
 -1.96866979e+00 -4.39654249e-01 -7.59866204e-01 -7.80552382e-01
 -3.78008530e-01  9.24823084e-02 -2.35561129e+00 -5.82403531e-01
 -6.24478057e-01  8.61880740e-01  4.34235653e-01 -2.13171038e+00
 -9.20663609e-01  1.73238911e+00  3.45336184e-01 -1.07589775e+00
 -8.49122048e-01 -8.78833219e-01  7.91671170e-01 -1.09474722e+00
 -5.12550819e-01 -6.92370939e-01  1.14346923e-03  5.26489993e-01
  1.05888498e+00  8.61780069e-01  8.58324672e-01 -1.97423422e-01
  4.14286578e-01 -1.22494523e-01  2.34418499e-01  1.55320627e+00
 -8.82683148e-01 -7.91774653e-01  1.29888214e+00  9.10658688e-01
 -4.79407277e-01 -1.25570139e+00  9.14687500e-01  4.71788423e-01
  4.21743867e-01 -1.46916006e-01  1.45699066e-01  4.81955731e-01
  5.33197905e-01 -1.17926554e+00 -8.37130051e-01  1.39946983e+00
 -7.64168405e-01  6.79514475e-01  1.65714860e+00  8.27788586e-01
 -6.82559979e-01  1.83161126e+00 -9.95956906e-01  2.37510675e+00
  5.34627675e-01  2.09540844e-01  4.24776422e-01 -1.62826005e+00
 -1.63846350e+00 -1.42790492e+00 -8.09114091e-01 -4.56525881e-01
 -1.46497077e-01 -8.09456820e-01  5.64874422e-02  4.81175575e-01
  1.98916840e+00 -4.51242786e-02 -1.73672964e+00 -1.50153390e-01
 -5.88625931e-01 -4.81315455e-01 -1.33725015e-04 -2.61225874e-01
 -8.35928639e-01  2.29755191e-01 -1.04252805e+00 -5.44585684e-02
 -6.17053859e-02  4.62079687e-01  8.14343723e-01 -1.69874474e+00
 -4.73329287e-01 -7.25142969e-01  8.45891862e-01  2.31763139e+00
 -7.37471854e-01 -8.17300075e-01 -9.73037865e-01  2.92524453e-01
 -4.60186599e-01  5.70319682e-01  8.76052046e-01  1.09333883e+00
 -8.60455380e-01  1.04935399e+00  9.53962113e-01 -1.03950487e+00
 -1.55029342e+00 -4.44018162e-01  9.22581541e-01  5.76536646e-01
  2.51382393e-01  1.61149639e+00 -1.04918526e+00 -7.32084739e-01
 -6.44026378e-01  5.40014444e-01  2.92622915e-01  1.31847013e-01
  1.14156624e+00  1.38569306e+00  1.68006065e+00 -6.66928059e-01
  4.92628003e-01 -9.73032626e-01  2.08706222e-01  1.18518961e+00
 -4.47923855e-01  1.91699900e-01  1.09041492e-01  7.75861255e-01
  8.13744854e-01 -5.80902869e-01 -6.54763252e-02 -4.11733857e-01
 -1.03658085e+00  4.46382181e-01  6.27722195e-01 -1.40415890e-01
  9.87718720e-03 -1.30506022e-01  1.08352971e-01 -2.81152119e-01
  1.97308816e+00 -1.14694510e+00  7.35696387e-01 -9.69995771e-01
 -2.72851014e-01  9.85286900e-01 -3.91998036e-01 -2.27390416e-01
  6.89560341e-01 -2.78239758e-01 -9.82585332e-01  7.80618524e-01
 -6.10296554e-01  2.36355256e-02 -3.49937411e-01 -2.54930242e-01
  1.10021624e+00  6.53622737e-02 -5.16696699e-01  3.56679186e-02
  5.25646417e-01  1.38451451e-01  6.55095890e-01  1.59563165e-01
 -1.52923609e+00 -9.63405390e-02  6.34124048e-01 -9.60207962e-01
  8.57776920e-01 -3.50222057e-01 -5.40333931e-01 -7.95916788e-01
 -6.03802191e-01  2.46407650e-01 -1.07336735e+00  2.21949471e+00
 -3.52325504e-01 -7.71198592e-01 -5.68714951e-01 -2.00323192e-01
 -7.06334554e-01  8.78276956e-01  1.08773137e+00 -6.39621215e-01
 -2.61678694e-01 -2.23355299e-01 -1.63164514e+00 -1.37122652e+00
 -1.09369327e+00 -1.68574914e-01  1.61812697e+00 -4.37861139e-01
  7.58018462e-01  4.49681985e-01  5.79730519e-01 -3.08804846e-02
 -2.28081206e+00 -7.34375617e-01 -3.13788228e-01 -4.85889103e-01
 -1.64097714e-01 -9.64023800e-02  2.88468632e-01  8.11425536e-01
 -1.50460754e+00  1.95722844e-01  2.72688433e-01 -1.28456292e+00
 -1.17154996e+00  8.56281850e-01  7.56286934e-01  2.60807076e+00
  2.69407177e-01  3.72969695e-01 -9.59884548e-01 -1.50930742e-01
  9.75786574e-01 -1.02034370e+00  6.33564898e-01  1.22583095e+00
  1.50758189e-01  2.43700253e-01 -1.66450721e+00  1.01887862e+00
  1.25341686e+00  2.39219306e-02  1.12238820e+00  1.88487052e+00
 -4.85955412e-01 -8.51204257e-01  6.90339898e-01 -2.14231509e-01
 -3.94854324e-01 -4.55891327e-01 -2.93598273e-02 -4.55897061e-01
  1.39049845e-01 -2.60074975e-01 -9.93401946e-01  1.28201337e+00
 -8.32988576e-01  4.04186968e-01 -1.01890156e+00 -5.59457961e-01
  3.25711652e-01 -2.37436098e+00  2.71989732e-01 -2.45256203e-01
  6.00891276e-01  2.40598804e-01  2.19199920e-01 -1.50426594e-01
 -4.75110120e-01  2.78534257e-01  8.62214372e-01  1.16062140e+00
  1.00196228e+00 -4.76570162e-01  1.58875951e+00  6.96897382e-01
  4.47720517e-01 -1.59863448e-02  8.64121107e-01 -7.66040333e-01
  5.67872676e-01 -1.16173089e-01 -1.00411709e+00 -2.12533894e+00
  9.13047165e-01  7.37595090e-01  4.75860321e-01 -6.16354433e-01
  2.32392980e-01 -1.13204896e-02  8.15330811e-01  8.20210002e-01
  2.75644710e-01 -3.21959400e-01  1.26208401e+00  2.38941370e+00
 -1.25680335e+00 -7.01036511e-01 -7.29721164e-02  9.34392607e-02
 -9.02517210e-02  1.05698208e-01 -5.63127450e-01  1.12000239e-01
 -7.18925935e-01 -1.62389120e+00  5.03399113e-03 -6.29564193e-01
  1.29909452e+00  1.57881084e+00 -1.57790616e-01 -9.72425275e-01
  2.17901932e-01 -1.04809925e+00 -1.07907782e+00  2.07412727e+00
 -6.91463609e-01 -7.19300901e-01 -5.88449756e-01  1.16616198e+00
  3.32943252e-01 -1.27975547e+00 -4.79647394e-01  1.34672760e+00
 -1.64424044e+00 -4.35830870e-01  1.39591524e+00 -9.54103048e-01
  2.93222425e-01  1.24108839e-01 -4.22752834e-02 -1.20358372e-01
 -1.21880157e-01  6.59727693e-01 -1.22587065e+00  1.07778025e+00
 -6.64205499e-01 -1.72908169e+00 -1.01874857e+00 -8.19959378e-01
 -1.76310273e+00  2.99798405e-01  4.01096509e-01 -4.99390920e-01
  1.07043192e+00  1.44186075e+00 -3.37505041e-02  7.54672474e-01
 -6.56985225e-01 -2.01903822e+00 -3.05487002e-01 -4.76243261e-01
  5.05642478e-01 -1.99437725e-01 -9.89910881e-03  1.83259472e+00
 -1.68992254e+00  4.32875965e-01 -1.78610270e+00 -4.43853608e-01
 -1.41359276e+00 -7.29571845e-01  1.80126388e+00  2.23329569e-01
 -8.84910140e-01  7.46315014e-02  5.98916537e-02  9.46336927e-02
 -8.02540516e-01  8.52473332e-01  8.66811191e-01  8.18478611e-01
  2.88072341e-01 -1.32870119e+00  2.97960728e-01  1.14448543e+00
 -2.76022537e-01 -4.37011834e-01  2.31815830e+00 -6.54403001e-01
 -7.03739095e-01  4.62614060e-01 -1.43479515e+00 -7.35490358e-01
 -1.44798706e-01 -1.28886921e+00  1.54480872e+00 -3.41598753e-01
 -5.38081267e-01  8.66124306e-01 -2.85715315e-02  5.68104696e-01
 -1.18833006e-01 -8.72605198e-01 -2.16076451e-01  1.44682622e+00
  1.05050225e+00 -3.80276060e-02 -1.00336938e-01 -9.07235691e-01
  3.05426318e-01  9.94880859e-02 -4.88909282e-01 -7.77854468e-01
 -1.40428257e-01  6.84649216e-01  1.90575409e+00  3.06831644e-01
 -8.14870633e-01  5.42245010e-01 -9.79758953e-01  5.54961614e-02
 -1.63517355e+00  4.08658813e-03 -1.48888036e+00 -1.08725475e+00
 -3.01068013e-01  1.54972490e+00 -2.79044855e+00 -9.45336595e-01
  4.68042348e-01  3.97150849e-01 -1.24746977e+00 -2.32060694e-01
 -1.55479902e+00  1.97650593e+00 -4.83679168e-01 -1.74888530e+00
 -6.11335876e-01 -8.83163415e-02 -8.36923610e-01  1.26397753e+00
 -9.80165193e-01  1.61273450e+00  1.15938760e+00 -1.77512006e+00
 -1.09755011e+00  2.83771895e-01 -7.47151902e-01  1.25195061e-02
 -5.43523406e-01  1.23919898e+00 -1.50654327e+00 -1.03498787e+00
  2.60371343e-01 -1.48303283e+00  1.08815816e+00 -4.63613635e-01
  1.21965361e+00 -1.74677272e-01 -5.80689276e-02 -5.09621365e-01
 -2.53054640e-01  1.12629448e+00 -3.77365932e-01  1.05627986e-01
  8.23232732e-02 -1.02941712e+00 -1.11716202e-02 -9.24305773e-02
  1.00200754e+00  4.62083939e-02  6.23616289e-01  1.36141422e+00
  7.18155824e-01 -7.08149838e-01 -1.67671745e+00  8.50604424e-01
  5.38759355e-01  3.07579073e+00 -5.81655085e-01 -8.38800943e-01
 -8.23002942e-01 -6.34016644e-01 -7.00799091e-02 -1.42675841e+00
  2.82811181e-01  9.12355676e-01 -2.71884206e-01 -1.15265416e+00
  7.22329759e-01 -1.75500967e-01  2.56339125e-01 -1.45004602e+00
  1.36976286e+00 -1.03807263e+00 -1.43420240e+00 -3.20234886e-01
 -8.70186527e-02 -8.01360157e-01  8.33596665e-01  1.63285982e-01
  4.15045072e-02 -1.31459802e+00 -8.80557298e-02  2.88473732e-02
 -5.23968529e-01 -3.57181725e-01  3.62741213e-01 -8.05355514e-01
 -1.42301991e+00  3.96734895e-01 -9.19058195e-01  8.76954775e-02
 -4.67679087e-01  6.44211677e-01 -1.03371564e+00  1.47362458e-01
 -1.08241417e+00  1.12459482e+00 -3.53622494e+00 -8.75311558e-01
  2.96313868e+00 -9.25004604e-02 -1.89772082e+00  5.28681077e-01
  1.99038350e+00 -9.00694685e-01  1.40664913e-01 -1.20089553e-01
 -8.35977020e-01  2.53956370e-01  8.11528985e-01  4.65530473e-01
 -2.14264700e-01  1.67317100e+00 -8.01938191e-01 -1.84541451e-01
  9.43832403e-01  7.29107619e-01  1.29364764e-01  9.60368204e-01
  5.78112962e-01 -3.28832810e-01 -6.66705999e-01  4.27267586e-01
 -5.91216014e-01 -1.25620129e+00  1.60150292e+00 -1.30137939e-01
 -3.94229414e-01 -5.69007299e-01  1.74759334e+00  4.72131563e-01
 -6.51438947e-01  3.92093244e-01  8.09161007e-01  4.29947581e-02
 -1.87391905e+00  1.21965908e-02 -1.06963657e+00 -7.22663340e-02
  4.76141064e-01 -1.18112687e-01  4.88929189e-01 -5.94232430e-01
 -5.00594619e-01 -7.42227691e-02 -1.50732340e+00  1.61128658e+00
  6.11605160e-01 -6.65559608e-01  4.13883773e-01  6.66679191e-01
 -1.06966479e-01  3.81306318e-01 -2.46237786e+00 -1.15122505e+00
 -6.29192457e-01 -1.96653460e+00 -1.24204401e+00 -4.85928580e-01
 -4.75773704e-01  2.07853082e+00 -7.21466476e-01  3.55935287e-01
 -3.63058045e-01  1.26703194e+00  2.65846227e+00  4.11487981e-01
  1.94800578e-01 -4.86041618e-01  8.59686594e-01 -9.27485396e-01
 -1.27401697e+00 -6.12820514e-01  2.15227545e-01  4.65963459e-01
  9.92637634e-01  7.61792473e-01 -2.04865231e+00  9.30095358e-01
  3.33705794e-02 -2.16258128e-01  1.47605592e+00 -4.48710365e-01
  9.77854670e-01  1.60571479e-01 -8.13794781e-01  1.95048240e+00
  1.17900839e+00 -2.18488817e+00 -2.12208529e-01  2.21654604e+00
  1.86226961e+00 -2.38550707e-01  2.30510187e-01  3.53579979e-01
 -2.46316003e-01 -2.15865464e+00 -4.56243537e-01  4.85143378e-01
  1.92656142e+00  4.21985143e-01 -1.83079968e+00  1.45542764e+00
  6.19345827e-03  1.67763283e+00 -6.71110278e-02 -6.50020132e-02
 -1.46689890e+00  2.15276152e+00  1.22508236e+00 -1.00972907e+00
 -7.38976195e-02 -1.11487723e+00  1.66542172e+00  1.36032362e-01
 -1.84995287e-01  2.11076444e+00  1.26779728e+00  1.75007515e+00
  1.34516550e+00  4.97666426e-01 -8.12574727e-01 -1.00173832e+00
  1.24738533e+00  8.15467328e-01  3.77267470e-02 -1.47427412e-01
  2.20022738e-01 -1.10839536e+00  2.48291208e-01 -1.35252696e+00
 -4.71280768e-01 -1.47826918e+00 -2.73731886e-01 -2.21186462e+00
 -6.44594262e-01  7.27886912e-01  7.25906122e-01 -5.94365406e-01
  1.07906161e+00  8.86123060e-01  2.46175859e-01 -9.38673276e-01
 -4.88080627e-01  7.67563561e-01 -1.42246424e+00 -3.72054437e-01
  1.56904635e+00 -1.25682801e-01 -9.14990257e-01 -2.99985907e-01
 -3.37959245e-01  1.56965748e+00  7.36439940e-01  2.81225850e-01
  9.49873056e-01 -1.90882704e+00  5.92920575e-01 -1.80082397e+00
  5.06552635e-01 -1.40485638e+00  4.55425164e-01  1.43856579e-01
  1.27133656e-01 -1.92089088e-02 -7.54432746e-01  7.54761688e-01
  1.07864317e+00 -1.63636773e-01 -7.94670491e-01  1.41430182e+00
 -1.90753503e+00 -1.98062016e-01  5.77664986e-01 -1.60659299e-01
  6.83794524e-01 -3.82231622e-01  9.46847013e-02  6.04465578e-01
 -1.43689366e+00 -2.75174243e-01  4.18642116e-01 -1.01996781e+00
 -1.18198421e+00  1.76627782e-01 -7.61064508e-02  5.23564173e-01
 -1.17660733e+00  5.55526079e-01 -8.81096288e-01 -7.78914264e-01
  5.89799124e-01 -3.53867176e-01  1.69175306e+00  1.02074952e+00
  4.95884412e-01 -1.75188040e-01 -1.93728170e-01  4.72618917e-01
 -8.44064812e-01 -7.94435943e-01  1.27893823e-01  9.75454003e-01
 -2.46334934e+00 -8.57057876e-01 -6.59658492e-01 -6.22381178e-01
 -2.08050029e-02  3.81757806e-01 -6.67561279e-01  1.16605173e+00
 -1.61682072e+00 -1.82403596e+00  1.29270164e+00  4.85409231e-01
 -5.38890242e-01  9.20765867e-01  1.38294253e+00 -2.11683568e-01
  1.54871283e+00 -2.13337484e+00  2.05099749e+00  1.48761430e+00
  2.74130189e-01  2.60795129e+00 -4.46915196e-02  6.80446706e-01
 -4.20801328e-01 -1.11439103e-01  9.23570307e-01 -2.12342538e-01
 -2.50953410e-01  1.01859042e+00 -1.72073936e-01 -4.90828053e-01
  3.77090662e-01  8.09388359e-01  1.16348728e+00 -5.74350291e-01
 -1.58350576e+00  4.42975853e-01  4.22077688e-01 -7.68432284e-01
  6.66721273e-01 -5.40223546e-01 -2.47406452e+00 -8.91776557e-01
 -4.81973333e-01 -5.68492547e-01  1.43099709e+00  1.51703669e+00
 -6.45194803e-01  2.03056033e-01 -1.28619273e-01  1.04095235e+00
  2.61399378e+00  2.46556306e+00 -8.96835960e-01  1.05115060e+00