 0.29973151  0.0419292   0.74921255 -0.71514341  0.81890471 -0.28493807
  0.11650621 -0.35633951 -0.90775631 -0.52386736 -1.21290692  0.6124395
  0.69859137  1.27314614  0.99489082  0.11378802  0.91171015  0.081053
 -1.12430761 -1.87411924 -0.82800915 -0.51173873  0.45510811 -1.4687708
 -0.79101276  0.20694266  1.05473097 -0.68727559  0.98694406  0.20218764
  0.48374445 -1.13274685 -0.76901645  0.25834916  0.08698882 -1.54604361
 -0.67051926 -1.00707903 -0.09524475 -0.44182728  0.08977753  0.79090615
  2.23017011 -0.31578775  0.43940015 -1.10767112 -0.51163808  0.84975909
  0.18069274  0.91113236  0.4348957  -1.07136918 -1.65393716  0.23625722
 -1.00812163  0.84151312  0.64001398  0.0204479   1.24457953  1.24372692
  0.50123892  0.22719595 -1.00591804  1.7929121  -0.47359862 -1.33323535
  1.14640484 -1.38537038  1.88909174 -0.58785639  0.35451583 -0.01918567
  1.06852549 -0.15980691 -0.32674679  0.09508731 -1.3449913  -1.13891085
 -0.08683794  0.0274194   0.59090079 -0.58822663 -0.85505937 -1.12381656
  1.53874459  0.21446744 -0.00383523 -1.20457794  1.34952558  1.19707343
 -0.35239145 -0.86715916 -0.37809652  0.55563977  1.14822371  1.45440274
 -2.18451209 -0.55575881  0.29362429  0.6041344  -0.83423735 -0.03730934
  0.7667525  -1.73308799 -1.20306882  0.46045585  1.41648923  1.18191182
  0.74127508 -1.27700154 -0.26354848 -0.08197547 -0.66436059  0.50598628
  1.01391292  0.25980819 -0.53769381 -0.09341272 -0.1309007   0.35554141
 -0.75000461 -0.33406573 -0.2517857  -0.2139951  -0.1640364  -0.55582435
  0.7265691   0.56557332 -0.83328007 -0.17478572 -1.74970523 -0.70011093
  0.66189865  1.39934689 -0.81480416  0.08368021 -0.04640113 -0.05458048
 -1.32240989  2.73777609 -0.09010413 -0.61243314  0.27803312 -0.14401458
 -0.02535259  1.38684206 -0.24409945  0.33778739  1.10523976 -0.33296494
 -0.62626879  0.44583379  0.55906585  0.14300782  1.54202297 -1.30402129
  0.21139457 -0.83015794  0.93703501  1.77426777 -1.09810911 -0.97579691
  1.3014923   0.71100171  0.37210404  1.01570106 -1.61744831 -1.47771077
 -0.693077   -0.05852041 -0.15343415 -0.55822175 -2.45177831  1.02234785
 -0.16542972  1.24228989 -0.83881644 -1.5631735  -1.05801819 -1.02121281
 -1.71857949 -0.55948348 -0.5389679   0.54239758  0.67903122 -1.77822851
 -1.07055854  0.5103916  -0.31253064  0.70908285 -0.02855703 -0.02680653
  1.13153271 -0.89536026  0.46113258 -0.91829846 -0.31812352 -0.784311
  0.46513347 -1.69485101  1.64778285  0.42618631  0.17293674 -0.29742257
 -1.30199796 -1.49329002 -0.23882345  0.63730578  0.90585002 -1.56692436
 -0.23573338  2.54853808  0.08610767 -1.57209109 -0.60213122  0.44101798
  1.19831008  1.3249541   1.75923168  2.69378018 -1.17871929  0.92880087
 -0.20110736 -0.32271675  0.18920667  0.9225315   0.05166051  1.30295212
  1.2736497   0.58753977  1.26424954 -1.13239939  0.18641365  0.28057568
  2.115563    1.3837702   0.73747976  1.30517703 -1.06179511  2.04551299
 -1.30846716 -0.74830942  0.18146364  0.17040505  0.85237443 -0.76066203
 -0.43784784  1.40092577 -1.71498274  1.46792892 -0.67594869  0.77439848
  0.33846714  2.21513033  0.77498509 -0.89861481  1.11912899 -0.90413821
 -1.17947659 -0.81781862 -0.99904528 -0.71826961  0.16212466  0.51315799
  0.24425549  1.46617525  0.15894561 -0.96102042 -1.30241402 -0.22502732
 -0.77886578  0.54885036  0.4162112   0.48286225  0.01088229 -0.17698464
 -0.21331119 -0.43772222 -0.5665576  -0.94412354 -0.97452759  0.61866439
 -1.16208666  1.04638831  1.55711184 -0.13575938 -0.11442896  1.02367244
  1.03305269  0.33435001  1.22263765  0.27620345  0.91689652 -1.09551189
  0.24501492  0.08036129 -0.1052415   1.85137189 -1.22263326  0.3270406
 -0.74521241  2.17058125  0.97065715  0.33511784 -0.26202033  0.96019833
  0.62085692  0.80949914  0.46879552 -0.30405568  0.19063868  0.05698921
  0.66492616 -0.16502373  0.8316446  -1.12275651 -0.81785417 -0.32812667
  1.47382566  0.96983792 -0.01607332  0.29528362  0.48833605  0.3710743
 -0.19614323 -0.29356562  0.10927491  0.99614515 -1.16368227 -0.3166652
  0.15911925  0.10684692  0.90728346  0.36482947  0.35509659 -0.0927635
 -0.40110297 -1.31209586  0.10441401  0.3853129  -0.19784365 -0.07401048
  0.02963538 -0.48959124 -0.81652059  0.71103118  1.07188407 -1.19016579
 -0.80685905  1.1037618   2.34598918  1.59221581  0.39460878 -0.10526442
 -0.57869026  0.08215306 -1.22440188  1.04522976 -0.06463514  2.00664584
  0.81024323 -0.85903303  0.09166342 -0.05647763 -0.24381425 -0.06958449
 -0.10507056 -0.57685736  0.23547276  2.21267067 -0.62040372  2.09022477
 -0.40562059  0.56814831 -1.05246973 -0.38642585  0.52239682 -0.79506084
  0.97555303 -1.305183    0.00849221 -1.06949729 -1.23712949  1.7899002
  0.59420768  0.64846455  1.17800347 -1.70574448 -1.55430129 -1.30058697
 -0.07731292 -0.19341675 -0.37105825  0.09020475 -0.49558986  0.52753994
  1.19451518 -2.07766705 -1.19354217 -0.13291095  1.08558852 -0.0183133
  1.49080173 -1.03089795 -0.51186038 -0.67556918 -1.00401879 -0.83342034
 -0.00654017 -1.37170434 -0.09153918  0.36090702  0.98153454  0.04275361
 -0.16696112 -1.09343747 -2.28528274  2.24926417 -0.05322792  0.75422673
 -0.28167841 -0.34769051 -1.05105437  0.94706828  1.99286506 -0.24573288
  1.49873115  1.36893884  0.13343717  2.2643547  -0.86155331  0.79934351
 -0.27230322  0.68061108  0.10301385 -0.08020457  0.14684424 -0.12258383
 -0.23032078  0.99354161 -1.16774234  0.93371035  1.63851369  0.31562403
  0.94210241 -0.65934753 -0.71459698  1.14579828  1.49548701 -2.51296282
 -0.73388293 -0.8656419  -0.71003868  0.80534973  1.0675833  -1.12924473
 -0.86728839 -0.57841462 -0.13419666  0.07162145  0.33819389  1.56078356
 -0.75888141  2.67684779 -0.73590495  0.14397774  1.87482526  0.19815735
 -0.23901906 -0.5090939  -1.43140008  0.28953431  1.58421032  0.89599517
 -0.53873208 -0.02210038  0.14253436  0.89361815 -0.80598176 -0.69389421
 -0.58500134 -0.11642786  0.18893675 -0.21344807  0.95040852  1.41597717
 -1.00473648  0.13729294 -0.95955922  1.31884631 -0.38395143 -0.1973205
  0.11274918  0.93407027  0.1050565   1.84004409 -1.46320372  1.08688254
 -0.02337578  0.96724485  2.07917871 -0.35294062  0.85248215 -0.30871712
 -1.36275812  0.4512914  -0.64062493  0.74141848 -0.89932118  0.25399238
 -0.82328402  0.67385154 -0.0550121   1.42453626  0.02475685 -2.42517579
 -1.0229628  -0.86316593 -0.77381298 -0.87071238 -0.75790768 -2.15824443
  1.27379563  1.21029916 -1.5835811   1.52967105 -0.33961114 -0.75332645
 -1.23520859  0.61999377 -0.10789092  0.60608881 -0.69429403 -0.26080977
  0.4837963  -0.71692726 -0.58248342 -1.44468056 -0.90840061 -0.69178924
 -0.77327452  0.71280027 -1.20152094 -0.70813442 -0.17548313 -0.0419392
  0.57419942 -0.44155916  0.64288836 -1.90773525  0.03253624 -0.38153378
 -2.57426568  0.34287485 -0.39727498  0.15246277  0.60203358 -0.74026922
  2.09602141 -0.45261572  0.38912062  1.11065343 -0.82041907 -0.2744756
  0.29656878  0.97884769  1.54827192  0.44641253 -0.09127294 -0.81740173
 -0.45189613 -0.92381182 -0.19078818 -0.8826195   0.48537973 -0.5974905
  0.54878431  1.4812794   0.05529546  0.46297572 -0.3149107   1.0762309
 -1.4723441  -3.05695015 -0.83771772  0.82991203  0.41668334  0.02180138
 -1.81373041  0.62636084  0.16739135 -0.25176304 -0.41097238 -1.0280641
 -0.93582211  0.30438706 -0.15829661  0.85144027  0.31426571 -0.72965565
 -1.59552236  0.16859386 -1.33713257 -1.68050535  1.02508226 -0.52273157
  1.05117983 -0.75841467 -1.64661943 -3.09555738 -0.96498928  0.62504569
  0.63524955 -0.84976446  0.14435153  0.82411916 -0.36000338  0.61006037
 -0.48666495 -1.8193125   0.90205386 -0.38543976  1.32347219 -0.78808237
 -1.00078772 -0.34504386  0.06645959  0.88140179 -1.25587674  1.26818271
  0.15528838 -0.81477436  0.58962801 -0.29214383 -0.82322462 -0.99793476
  0.26336389 -0.47764976  0.05772334  0.80884423  0.0655534  -0.58695125
 -1.33859723  0.47992823 -0.51284403  1.37688225  1.47940649 -1.03484961
 -0.99076774  0.16287972  0.24642133 -1.44846709  0.28013448  2.30736476
  0.15721336  0.12045989  0.02096099 -1.07078103  1.6931305  -0.1915444
  0.07709405  0.04176265  1.22179724  1.65764467 -0.28337542 -0.86301481
 -0.48184394 -0.52936203  0.40868369  0.0962552  -0.1506766  -0.13696669
  0.1842832  -0.21598213 -0.08121676  1.11403936  1.2964149  -0.38835041
 -1.43441299  0.11913332 -1.36146703  0.47892724 -1.33177761  0.45902564
 -0.3360384   2.63498111 -1.4422227  -0.21521759 -0.01221955  0.04044282
 -0.4486134  -0.38326052 -0.89983733 -0.74720264  1.58622284  0.61597188
 -2.00728399 -0.80772309 -0.82157854 -0.18069538  1.05767748  0.89885494
  0.6293679  -1.42762235 -0.06068795 -0.46992496  0.7209688  -0.55534187
 -0.98644166  0.64134886  1.08189304 -1.53598471  0.99601747  1.41092084
  0.28430551  0.44546485  1.68719189  1.23315538  0.87076336 -0.59318027
  0.8706935   0.34380561 -0.63415498  0.66849095  0.52133708 -0.44371664
 -1.89482098  1.37000741 -0.44168466 -1.6184378   0.04166647  0.08256805
  0.86708563  0.07082743 -0.06720269  1.03566786  0.69801637 -0.97024167
  1.98810419 -0.56465415  0.29770287 -0.08648002  0.85972685 -0.9482046
  0.62856019 -0.98447914  0.61728617  0.07509277  0.14568449  0.44152666
 -0.33236223  1.29131986 -0.42300993  0.34722002  0.13089404  1.37460638
  1.7680395   0.00477614  0.36846053 -0.41417757  0.24934449 -0.57309732
 -1.21066645 -0.86082702  0.24155454  0.80410386 -1.04547556  0.57696012
  0.192256   -1.10855639  1.08841098  1.93843404 -1.19942646  0.4090106
 -1.0570759  -1.74987473  0.16590911  1.26306445 -0.6821868  -0.40303112
  0.97092669  0.61476038  0.45196163  2.37299077 -0.97384636 -0.89629596
  0.2859094  -1.08355068 -0.53877626 -0.503488    0.47673978 -0.53539419
 -0.64069529 -0.71729893  1.56138626 -0.30121741  0.08034165  2.152114
  0.21740243  1.00158804  0.04319396  0.14536712 -1.06897744  1.10193258
  2.18924722  0.62433062  1.86403941  0.75938327  1.10528038  0.42795175
  1.52999512 -1.29089181  0.36113509  0.95382912 -0.8749475  -1.15250545
 -1.0627118   0.61338286  0.82543747  0.04898542 -0.28084853 -1.54350358
  1.74775672  0.3122657  -0.73612302  0.62806904  0.50376788 -1.30376416
  0.05066948  0.14955626  1.06129513  0.0671074  -1.57528324 -2.33551427
 -1.37143725  0.38099305 -1.40880969 -0.95630385 -0.18397901  0.91842796
  0.35423737 -0.02650497  0.14543841  1.22751167 -1.24956693  0.39449115
 -0.66290062 -1.03306673  0.65222051  1.1220046   1.05438232 -0.73878089
  0.97061121  0.71689907  1.30575081 -0.37682143  0.2260789   0.19091916
  0.53274269  0.9734948  -0.43564559  0.46871338  0.27472325 -2.45051739
  0.97736544 -1.72688573  0.68476813 -0.74945623  0.46112776 -0.45251564
  0.90548712  0.91007225  0.17063071  0.12551616 -1.22848135 -0.6267149
  0.60281916  2.0606365  -1.47828678 -0.35035942  0.13633748 -0.37043702
 -0.19142208  0.49974181 -2.37455726 -0.73411512 -0.06992129  1.87715561
 -0.87228038 -0.99572427  0.24873656 -0.17114775  0.56320793  1.48979753
  1.39908593  0.80218138 -0.84671382 -0.22468634 -0.6426413  -0.63101037
  0.42991334 -1.0086375   0.70064506  0.3537007  -1.18374693  0.02687195
  1.17558025  0.60808014  0.87865168 -0.00381556  0.19114936  0.06920234
  0.17002715 -0.42526921 -0.24482262  3.01548942  1.54463415  0.15996404
 -0.05343013 -0.73453272  1.52042178 -0.20760652 -1.88851662 -0.1698407
 -1.86356811  0.64835255  1.69241288 -0.58835885  0.64795929  0.67809607
 -0.31292846  1.29249596 -0.68858077  2.907369    0.2265682  -1.27653323
  0.03972516 -0.43552866  1.0239226  -0.96532707 -1.38934179 -0.21019615
  1.18718042  1.09651114 -0.05964073 -1.30384516 -0.14204444 -0.87247541
  0.97850599 -0.3627537  -0.5146065   1.82166186 -0.31248265  1.23117023
 -1.77740249 -0.14216065  1.36213102 -0.56886324  1.1795162  -1.1119662
 -1.10094391 -0.45273417 -1.29584129 -1.50315175 -0.79008535  1.28169436
  0.05538895  0.52298091 -0.42070632  0.33006452 -0.48216591  0.31969228
 -0.30489014  1.23372511 -1.86492725 -0.683356   -0.13203408 -0.7913565
 -1.0901806   1.77822889 -0.32673205 -0.13289014 -0.64844025 -0.87939671
  0.34002794  1.22394744 -1.35879607 -0.90163452  0.54473466  1.60081753
  0.03026855 -0.24637047  0.32328383  0.73022645 -0.25252518  1.21215328
  0.69855353  0.67501022 -1.17983098  0.76121257