-5.67582987e-01 -7.26756979e-01  9.74495964e-01  6.03658962e-01
 -3.02015763e-01 -1.20213307e+00 -7.36110078e-01  1.17621368e-01
 -5.19787944e-01 -1.14995719e+00 -1.97036689e-01 -4.87331248e-01
 -1.01793958e+00 -4.69425370e-02  8.22215559e-02 -9.44471319e-01
  1.59563218e+00 -6.98896061e-01 -1.61688106e-01  6.12272798e-01
  4.22941541e-02 -1.10473127e-01  5.80877405e-01  9.36981429e-01
 -9.64838815e-02  5.57125070e-01 -1.29853477e+00 -4.13011203e-01
 -6.98182031e-01 -1.54382002e+00  4.57055225e-02  1.64934202e+00
  6.80475450e-01  1.28679376e-01  1.31789433e+00 -5.31248761e-01
  2.83710096e-01  1.32088127e+00 -1.07429286e+00 -1.12635627e+00
  3.92553899e-02  1.69238880e+00  1.65959123e+00  5.41614568e-01
  1.01348546e+00  1.04025493e+00  1.05228679e+00 -1.16317697e+00
  1.38344722e+00 -6.27440213e-01  3.39551980e-01 -6.34485084e-01
 -7.05723940e-01 -1.15381819e+00  1.21305245e+00 -9.23275387e-01
  5.72508671e-01  1.75234213e+00 -4.78504741e-01 -3.70646618e-01
 -8.48607436e-01 -4.35154790e-01 -5.87500641e-02 -6.54177789e-01
 -1.17663435e+00  3.22570735e-01  4.36378292e-01  6.12340307e-01
 -8.70936680e-01 -3.99850588e-01  1.12100416e+00 -4.93787516e-01
  2.12148785e-01 -1.00263590e+00 -1.00294586e+00 -3.38557850e-01
 -6.98097239e-01  1.88712701e+00  9.92991152e-01 -8.95541615e-01
 -4.54573449e-01 -1.26243494e-01 -8.09339748e-01 -3.30853642e+00
 -4.10047659e-01  1.60610630e-01 -9.56409393e-01  1.15644414e+00
  1.48657714e+00 -9.21694757e-01 -5.21002862e-01  2.87652306e-01
 -1.45677743e+00 -1.91861723e-01  2.23899365e+00  1.02384207e+00
 -2.26038677e+00 -2.60930499e-01 -1.09702756e+00  3.78204781e-01
 -1.23396247e+00 -9.16458842e-01  8.69219545e-01  2.37725775e-01
  2.15123440e-03  9.29789790e-01 -6.93499768e-01 -1.57753433e+00
  6.68596081e-01 -4.64381608e-01 -5.12434329e-01  6.71932941e-01
 -7.87272383e-01 -1.46191235e+00 -2.17680238e+00 -9.45948409e-01
 -1.53881923e+00  1.03336654e-01 -9.50953650e-01  1.31771694e+00
 -8.63047574e-01 -9.39008315e-01 -6.13229714e-01 -5.46820603e-01
  3.31156092e-01 -5.03132823e-02  1.21759824e+00  8.32916078e-01
 -2.58033511e-01  2.82352354e-01  1.04873424e-01 -9.53373747e-01
 -1.03367603e+00  5.40872922e-01 -7.19336440e-01  2.35125844e-01
 -3.68024297e-01 -1.70078724e+00  8.99368380e-02 -2.36072475e-02
  8.70811648e-01 -5.52092126e-02 -6.76811769e-01 -8.30389824e-01
  3.60066208e-01 -4.63923034e-01 -2.38104262e+00  1.30947590e+00
 -8.28929754e-01 -1.11145406e+00  9.20072955e-01 -7.67390727e-01
  5.55923316e-01 -1.59968219e+00  9.61411682e-01 -1.28667311e-01
  7.95201284e-01  7.82663593e-01  5.55754385e-02  2.39893063e-02
  1.24966198e+00 -7.97845667e-01  1.32458889e+00 -1.45057508e-02
 -2.54694926e-01 -1.11125702e+00  1.25514357e+00 -1.57814902e+00
 -3.83049198e-01 -2.61392443e-01  6.75390634e-01  2.62650868e-01
 -3.90355312e-01  9.12758367e-01  1.65020533e-01 -5.75409602e-01
  5.56464661e-01  7.86503533e-01 -3.42965374e-01  7.66402836e-01
  2.55730564e+00 -2.36579953e+00 -4.32602981e-01 -9.11459741e-01
 -1.99805515e+00 -6.12003892e-01  5.43644421e-01 -7.34851096e-01
  6.09573840e-01  2.71591291e-01 -1.38491727e+00 -1.00986438e+00
  1.22406831e-01 -1.12134418e+00 -1.46728596e+00  3.97218792e-01
 -1.49794233e-01 -1.09903648e-01 -3.73822959e-02 -5.95736843e-01
 -1.47476410e+00  6.72556507e-01  1.03998155e+00  1.86841820e+00
 -2.68038490e-01 -1.95674457e-01  4.93840075e-01  6.28630706e-01
 -9.98877475e-01 -4.48998691e-01 -4.65916154e-01 -1.30429652e-01
 -7.23268980e-01  2.27393579e+00  2.78847210e-01 -1.09493032e+00
 -8.34596372e-02 -2.64384353e-01  4.23417068e-01  1.89583054e+00
  3.22525008e-01  3.35746454e-01  1.34408690e-01 -2.14252868e+00
  2.30770281e-01 -1.31223368e+00 -4.53225606e-03  1.45128102e+00
 -6.99347134e-01  1.70855816e+00 -8.83433610e-02 -9.04706234e-02
 -2.62240009e-01 -7.84651329e-01 -9.29333186e-02  1.26283142e-01
  2.80702051e-01 -2.93668844e+00  9.84837127e-01  1.94851929e+00
  8.72071512e-01  1.05699788e+00  3.54453216e-01  4.64643473e-01
 -1.68434254e+00 -1.28173415e+00 -6.08896381e-01  1.22885218e+00
  3.47860155e-01 -5.61798076e-01  5.92570482e-02  3.86681143e-01
  7.76984803e-02  4.23633295e-01 -4.51544320e-01  8.67630744e-03
 -3.45645638e-01  1.76083782e+00 -6.08703069e-02  1.71991394e-01
 -4.13413252e-01 -1.01935708e+00  1.26825133e+00  7.11019818e-01
 -7.46223110e-01 -6.15910931e-01  8.34172448e-01 -8.28279650e-01
  8.45868265e-01 -9.82359042e-01  1.57334161e+00  5.84550805e-01
 -1.77692658e+00  5.45951953e-01  9.86714500e-01 -2.14290399e+00
 -1.06996673e-01  1.27115645e+00  2.41037451e+00  6.19839436e-01
  2.36473332e-01  1.31763950e+00 -3.65034651e-01  2.13274583e+00
  6.69526790e-01 -1.83476891e+00 -8.59339193e-01  1.85913763e+00
 -1.62722683e+00  1.18931860e+00  1.01827627e+00 -9.79648627e-01
 -1.22746140e+00  1.54420505e+00 -8.48449821e-01 -1.69383019e+00
  1.90816543e-01  3.71417488e-01  3.41139338e-01 -1.66369757e+00
 -5.64073624e-01  1.54057372e+00  2.31930426e+00  6.34474939e-01
 -7.09499880e-01  6.37306509e-01 -2.61196621e-01 -1.24079631e+00
 -3.42689651e-01 -1.18993315e+00  1.50346070e+00  1.43050866e+00
  3.20256903e-01  3.55382489e-01 -6.18732649e-01 -1.99055544e-01
  3.70263993e-01 -2.16107801e-01 -8.43665206e-01  5.43597339e-01
  7.29855181e-02  9.95570309e-01  7.93876121e-01  1.13199147e+00
 -8.68696680e-01 -6.08201670e-01  1.63686477e-01 -1.50185169e+00
 -1.26540259e+00 -1.98579718e+00 -1.20003215e+00 -4.85137761e-01
 -1.66936899e-01  1.81802760e+00  2.67845913e+00 -3.32668740e-01
  1.70011619e+00  1.62408685e-01  2.65942582e-01 -1.71612554e+00
  6.51549125e-01  2.07480432e+00  1.73215592e-01 -7.33348197e-01
 -5.87561701e-01 -6.89649452e-01  1.14787507e+00  2.54063139e-02
 -1.41593679e-01 -7.57222996e-01  6.56995956e-01  3.45577234e-01
  5.15853061e-01  4.23751839e-01  1.65552475e+00  9.52632497e-01
  6.41275957e-01 -6.14716856e-01 -1.47933778e+00 -2.69867088e-01
 -2.88289802e-01  7.92409954e-01 -4.71371223e-01  1.25660238e+00
  6.88837213e-01 -2.23419432e-02 -1.10720785e+00 -4.13954042e-01
 -6.38243703e-01 -7.77312247e-01  1.21220831e+00 -1.22365262e+00
 -6.31809516e-01 -1.63696555e+00 -1.28829003e+00 -3.42233930e-01
  2.84190483e+00 -4.15142361e-01 -2.66946936e-01 -4.37183339e-01
  4.23981235e-01 -7.08507387e-01 -1.50165522e+00  8.78737065e-01
 -1.61564592e-01 -4.37732459e-01  5.21086258e-01  9.44093366e-01
  2.00702293e+00 -1.20476517e+00  1.25067854e+00  1.31876897e-01
  3.31055461e-01  1.85281916e-01 -3.80239114e-01 -6.99897867e-01
 -8.65935887e-01  2.83820213e-01 -9.89681348e-01 -9.47059062e-01
 -1.36151050e+00 -7.63243468e-01 -1.62874943e+00  3.25006881e-01
 -1.82772774e-01  6.56593683e-01  5.77468656e-01  5.21751584e-01
  2.74429395e-02  1.05067383e+00 -6.51419389e-01 -1.34317664e+00
  1.29584855e-02  5.14316486e-01  2.30428332e+00 -7.39558517e-01
  3.25289203e-01  4.86526939e-01 -4.94582011e-01  1.19937650e+00
  1.17803205e+00 -4.33051112e-01 -3.45650304e-01 -1.23563770e+00
 -9.97526230e-01 -5.02795345e-01 -1.95421105e+00 -1.17094640e+00
 -1.15076265e+00  6.87363238e-01  1.42696469e+00  9.18101223e-01
  1.51218268e+00  2.03182198e-01 -4.12188775e-01 -6.76162903e-01
 -2.28971247e+00  2.05294806e-02 -3.41757778e-01 -4.52250564e-01
  5.30635343e-01  1.94594940e-01  2.88777427e-01 -2.01058767e+00
  2.03849060e+00 -5.99414166e-01  1.52060259e+00  1.49111537e+00
  2.78960311e-01 -1.48810224e+00 -1.13389207e+00  8.37749921e-02
 -4.64344076e-01  3.53456842e-01  1.11800226e+00  3.28725633e-01
  1.73153147e+00  1.01006511e+00  1.04456247e+00 -5.69952694e-01
 -7.42506361e-01 -2.75233992e+00  6.99082252e-01  1.50481738e+00
 -6.09858041e-01  1.07715334e+00  1.33747793e+00 -1.04912569e+00
 -1.11607948e-01 -1.10107847e+00  3.62288495e-01 -4.53179421e-01
  2.07531326e-01  1.08378477e+00  5.72372346e-01 -6.75916148e-01
  8.60210767e-02 -1.49285426e-01  6.24465696e-02 -5.08418318e-01
  7.18415236e-01 -1.39127780e+00  1.05075984e+00  1.33833766e-01
  1.04032107e+00 -1.02438901e+00  1.52245422e+00  1.24901399e-01
 -1.95893608e-01  1.78723095e+00  2.87288574e-01  6.86410289e-01
  6.90029389e-01 -2.24459771e-01  6.18309451e-01  5.53629461e-01
 -6.46046542e-01 -5.33686264e-01 -1.02908081e+00 -8.10881818e-01
  5.08818728e-01  2.27544232e+00 -6.58092303e-01  9.72658365e-01
  2.08178098e+00  1.15000559e-01  9.34684668e-01  8.12955461e-02
 -5.73535297e-01  3.12305331e-01 -8.39431804e-01 -1.03259707e+00
  4.16085598e-01 -5.97177102e-01  1.11265704e+00  4.97594277e-01
  5.50059051e-02 -1.83237787e+00  6.52493108e-01 -9.96457513e-01
 -9.36561289e-01 -2.64779407e-01 -1.41663547e+00 -3.66564121e-01
  8.70191730e-01  2.33680480e+00 -3.62360132e-01 -2.71440077e-01
 -2.12118512e+00 -8.85960941e-01  1.20361180e+00 -1.26834670e+00
  2.29363708e-01 -7.41024539e-01 -9.20981770e-01  1.84169526e-01
 -2.47443432e+00  6.42818225e-01  5.32846236e-01 -2.28069021e-01
 -1.01488282e+00 -1.43288181e+00  1.11473497e+00 -5.03481904e-01
  3.22475206e-01 -1.66732765e-01 -3.60510747e-01  5.11578676e-01
  2.16372290e-02  5.98282544e-01 -1.38459709e-01  9.64055084e-01
  1.03529553e+00  1.42332233e+00 -8.67521211e-01 -4.34315646e-01
  8.79800031e-01 -2.30744494e+00  1.32115859e+00  8.50839835e-01
 -1.10392713e+00 -4.14736789e-01  3.25341210e-01  8.15469189e-01
 -1.83572376e-01  1.07753321e+00 -9.73586263e-01 -7.26435227e-02
 -1.36564682e+00 -2.36949940e+00 -1.61933818e+00  2.75940267e-01
  9.98292960e-01  6.88436965e-01 -4.59568004e-01  7.16202150e-01
  4.85474473e-01 -1.47238420e+00 -4.54524030e-01  5.20406670e-01
 -2.74425308e-01  7.69813044e-01  6.76112943e-01  6.56501495e-02
 -1.73117838e+00 -8.21759540e-01 -9.24224318e-01 -6.10275446e-01
 -4.61269719e-01  1.05672318e+00  1.08973232e+00  1.37684536e-01
 -6.18778107e-02 -8.55167585e-01  1.56928935e-01 -1.40394200e-01
  2.99592420e-01 -1.05900830e+00  3.80018772e-01  5.90135721e-01
 -1.22397079e-01  1.20999675e+00 -1.38081536e+00  1.23524340e+00
 -3.41256477e-02  1.03258150e+00 -1.65149526e+00  1.46474696e+00
  1.07809170e+00 -3.98355461e-01 -9.37707514e-02 -3.77356598e-01
  1.47134233e+00  8.81688006e-01  9.18898580e-01 -4.93596422e-01
  5.90584546e-01  3.85764029e-01 -1.26993990e+00  1.10654550e-01
 -1.13353877e+00  2.28951719e+00  3.30795372e-01  1.02430056e-01
  8.17586918e-01  8.40860216e-01 -1.10303956e+00  3.32231203e-01
 -7.25188012e-01 -3.11331205e-01 -1.09201277e+00 -4.23963049e-01
  1.78457203e+00  6.42580863e-01 -8.39750191e-01  2.66042624e-01
 -2.11137763e-01  8.43229583e-01 -2.45442281e-01  3.30925244e-01
 -8.18409086e-01 -4.10155653e-01 -8.20004538e-01  8.06024041e-02
  8.10598773e-01 -4.00668072e-01  6.22678425e-01 -2.80424620e-01
 -7.86924572e-01  7.79281543e-02  7.31884912e-01  3.03195414e-01
  5.50232103e-01  3.72886878e-01  6.98981796e-01 -1.24109565e+00
 -1.08955875e+00 -1.03734413e+00 -5.20693715e-01 -9.57777699e-02
  1.19779190e+00  9.00055384e-02 -3.60190740e-01 -2.14051292e-01
  1.46914978e-01 -1.20324702e+00 -2.70339283e-01 -8.83290842e-01
  1.56130723e-03 -1.64520672e+00 -2.91389245e-01 -4.06850676e-02
 -2.34447908e-01 -5.17989328e-02 -1.25630595e+00 -4.87814306e-01
  1.44776561e-01 -9.85646047e-01  9.47221272e-02 -1.06983341e+00
  5.91346074e-02 -5.02878776e-01  5.82471331e-01  4.78511057e-01
 -1.13718716e+00  3.89689212e-01  2.09781435e+00  6.05747601e-01
 -2.99269197e+00 -3.59655107e-01 -4.52992393e-01  2.34647197e+00
  2.13879108e+00  1.29708656e+00 -4.12269774e-01 -1.55609089e+00
 -1.59269795e+00 -1.23442671e+00  1.19764058e-01  1.09923950e+00
  3.80120101e-01  6.63910050e-01 -7.24223225e-01 -4.44693128e-01
  1.11187733e+00 -8.17298142e-01 -2.80118858e+00 -5.83367517e-01
  1.66771454e+00 -8.54052671e-01 -2.15198293e-01 -2.33222582e-01
  1.28778369e+00  9.86671492e-01  1.68915321e+00  1.05077018e+00
 -1.70106372e-01 -1.29910608e-01 -1.35639203e+00  5.96483957e-01
  1.64220351e+00 -1.05540947e+00  3.52325844e-01  2.01555757e-01
 -7.92820296e-01 -1.44722971e+00 -5.08389045e-01 -2.60363982e-02
  5.01294120e-01  4.34751837e-01  7.83228447e-01  3.39900673e+00
 -6.03174222e-01  2.11143025e+00 -1.32020445e+00  6.41763326e-01
  1.85338217e-01 -1.15898383e+00 -5.14380987e-01 -2.51704128e+00
 -1.25425311e-01  1.74516224e+00  5.23082950e-01 -4.14585137e-01
 -1.17580771e+00 -1.22697370e+00  5.01204083e-01  1.45780592e+00
  8.74543626e-01  5.11629291e-01  1.33838754e+00 -4.05261929e-02
  9.06972887e-02 -6.94467765e-01  1.08507845e+00  1.93792144e+00
  4.96391649e-02 -3.30929785e-01  8.35814652e-01  3.80145186e-01
  2.81001526e-01 -8.62540689e-01  2.23138193e-01  1.11789913e-01
  9.82403434e-01 -8.44586785e-01  8.60572402e-01 -4.01294343e-01
  3.21836495e-01 -1.17680067e+00 -1.53099165e-01  7.60879307e-01
  9.19653970e-01 -1.17207951e-01  6.43460688e-01  1.21106782e+00
  1.13988338e-01 -2.86536320e-01  1.62923605e+00  8.90361515e-01
 -7.06851161e-02 -2.77563190e-01 -3.06189702e-01 -5.16385096e-01
  2.02260582e+00 -9.53350103e-01  1.21122861e-01  5.09985063e-01
  1.68996876e+00 -2.83743335e-01 -4.66374803e-01 -4.45571717e-01
 -1.53547686e+00  6.72838313e-02 -3.48185683e-01  7.37681833e-01
  3.89597716e-01  1.10243978e+00 -8.74945484e-01 -1.94968974e+00
 -1.15421634e+00 -1.65530675e-01 -7.33047252e-01  7.96668240e-01
  5.05515488e-01  1.21577421e+00 -2.19472460e+00  2.35338948e+00
  5.70507299e-02  1.14652990e+00  1.88204838e-01 -4.59174839e-01
  1.74439185e+00  2.28082971e+00 -1.51277132e+00 -4.23892655e-01
  2.48607744e-01  1.11759537e+00 -1.31147636e+00  5.36619234e-01
 -7.90874664e-01  2.01333259e+00 -1.07430148e+00 -5.99151380e-01
  1.37315243e+00 -2.28475930e-01 -2.34141714e+00  1.03210845e+00
  3.46943539e-01 -1.19759178e+00 -5.79759688e-01  9.93561058e-01
 -2.01164968e+00 -1.23268898e+00 -6.53724275e-01  8.17165094e-01
 -3.77286885e-01 -2.82611102e-01  8.32267321e-01  2.28618763e-01
 -2.34268499e-01  2.30417170e-01  3.84818759e-01 -1.19739306e-01
 -1.15489678e+00  6.31246890e-01  1.16032593e+00 -1.05214327e-01
 -3.96212592e-01 -9.21435769e-01  1.43591722e+00 -1.41415602e+00
 -2.62007776e-01 -3.16390076e-01  5.95172313e-01  1.31638878e+00
  1.84855402e+00  1.19099597e-01  1.38838660e+00 -8.86691987e-01
 -5.74243302e-01 -2.27241777e-01 -7.05461783e-01 -9.58924601e-01
  6.75155289e-01  6.96141345e-01 -1.33424040e+00 -1.50086771e+00
 -2.93963582e-01  1.20702575e+00  1.08900572e+00  6.48143103e-01
  2.63383723e-01  2.72200576e-01 -9.37580369e-01 -1.20800538e+00
 -1.71719358e+00 -7.03986472e-01  3.86795237e-01  5.16041329e-01
 -1.88864405e+00  8.47459003e-01 -1.67864545e+00 -1.67498780e-01
 -1.68053147e+00  1.42615403e+00  7.97630060e-01 -2.20560267e-01
  1.73936354e+00  1.84420213e+00 -5.12308493e-01  1.14483218e+00
  2.50016351e-01 -2.20200547e-01 -9.04738756e-01 -8.50561009e-01
 -1.16663885e+00  1.16550778e-01  1.28310387e+00  6.24196558e-01
 -1.01605574e+00 -4.46202534e-01 -6.05086550e-01 -6.30037691e-01
  8.74128185e-01  7.69193481e-01 -1.05684809e+00 -1.53311227e+00
 -2.22158432e-01  6.16566660e-01  4.09925462e-01 -7.28982171e-02
  2.51369415e-01 -1.51369925e+00  1.67974619e+00 -5.79086548e-01
 -1.75885235e-01 -1.40976367e+00  2.85861548e-01  2.49042227e+00
  4.91181953e-01 -3.59765677e-01 -4.70296084e-01  5.96021671e-01
 -6.08561193e-02  9.16328448e-01 -4.01979724e-01  6.37630083e-01
  7.46566686e-01 -1.80799381e-01 -1.37112004e+00 -5.26546851e-01
  1.13894312e+00  8.06287983e-01 -1.50290535e+00  1.43179899e+00
  2.08456620e-01  1.12349495e+00 -2.39842265e-01 -7.80231270e-01
 -2.75866967e-01  1.05917966e+00  4.04210637e-02 -5.17317427e-01
 -1.76645253e+00  5.87736692e-01  1.22859644e+00  1.06038792e+00
 -4.44289490e-01 -6.14152788e-01 -3.65402489e-01 -6.93471967e-01
  4.29741025e-01 -2.13985747e+00 -1.98222173e+00  8.52886488e-01
 -1.31667458e+00 -4.10527094e-01  6.48465122e-01 -2.37851916e-01
 -1.52557687e+00 -1.80653195e-01 -2.69397982e+00 -4.54815064e-01
  8.97144220e-01 -1.25398468e+00 -8.74960697e-01  1.02607931e+00
  3.84795280e-01 -5.65878964e-01  4.27065651e-02 -8.14143658e-01
 -6.10530189e-01  1.07737611e+00 -1.17682692e+00 -7.25670049e-01
 -8.71878313e-01 -1.06243638e+00 -1.84645622e+00 -5.71190124e-01
 -7.10543135e-01 -1.25172994e+00  2.91649756e-01 -4.62003732e-01
 -8.52945853e-01  3.56420964e-01  1.08533225e+00  6.90504714e-01
 -3.47918230e-01  7.60839691e-01 -3.44719539e-01 -6.70511881e-01
  2.18698714e+00 -7.86759851e-01 -1.50295266e-01 -1.11696074e-02
 -1.65637408e+00  4.08316084e-01 -4.50232655e-01 -4.57551280e-01