-6.97281668e-02 -1.10512887e+00 -3.38616582e-01 -1.22134834e+00
  1.90847714e-01  1.89817200e+00 -1.75636593e+00  5.68778681e-01
 -2.69115697e-01 -2.32786127e-01 -8.21839846e-01 -5.62947643e-01
 -1.42324722e-01 -3.36888365e-01  1.24455526e+00  1.27632766e+00
 -6.49353461e-01 -1.39043557e+00  3.71399405e-01 -6.97021759e-01
  2.02664148e-01 -6.04631776e-01 -9.91564424e-01  3.61305546e-01
  7.26208887e-01 -1.24627759e+00 -6.30463446e-01  5.12284904e-01
  1.31662501e+00  1.59312956e-01  4.30458048e-01  1.59521585e+00
 -6.20669967e-01  9.10066508e-01 -1.79582376e-01 -1.04142993e-01
 -1.12308030e-01 -4.40197088e-01  2.92260739e-01  2.09791093e-01
 -1.61392607e+00  8.15734922e-02 -1.09424976e+00 -2.72476419e-01
  6.01126776e-01  6.71559219e-01  2.48949835e-01  1.40093312e+00
  4.18068018e-01  9.28554052e-01 -1.34366445e+00  3.93600720e-02
  5.37556565e-01 -1.88608947e+00 -9.59637209e-01  3.09357525e-01
 -1.47615017e+00  9.01648828e-01  1.93803284e-02 -5.77896653e-01
  1.88595452e+00  1.48087406e+00  1.40149587e+00 -7.52155962e-01
  8.48392460e-01  5.95100836e-01  1.49520277e+00 -1.06366432e+00
  1.31101397e+00  8.36789629e-01  2.26502342e-01  2.84354569e-01
  2.05291035e-01 -8.66099327e-01  3.25780899e-01 -5.05836468e-01
  3.27257731e-01  2.09529287e+00 -1.25182518e+00  8.58406680e-01
 -7.22508661e-01  1.49135035e+00  4.34662059e-01  1.05687573e+00
  7.80764067e-01  1.06302503e+00  1.18940635e+00  5.09309714e-01
 -4.09022611e-01 -1.11988697e+00  1.20977549e+00 -1.46989004e+00
  1.81226110e-01 -9.68394223e-01 -1.07109360e-01 -1.11072680e+00
  1.37500942e+00 -6.28085583e-01  4.43382122e-04  6.51916686e-02
  7.02626598e-02  1.24682627e-01  9.04577071e-01  7.02738909e-02
 -5.00982187e-01  2.48551679e-01 -5.56430397e-01  5.47810498e-01
  8.17616321e-01 -5.95126915e-01  1.25081446e+00 -2.08372959e-01
  1.16142964e+00  5.80984684e-01  6.46312869e-01 -6.77049686e-01
 -6.76820889e-01  2.37998551e-01 -1.82584955e+00  2.92701673e-01
 -2.41490242e-01  7.99945259e-01  6.13717915e-01  2.06605539e+00
 -4.18177982e-01 -2.52707304e+00  2.01396324e+00  3.33060523e-01
 -5.87409572e-01 -2.77457359e-01  1.25001764e+00 -7.52153610e-01
  1.54545424e+00  1.13015758e-01  5.50797015e-01  2.12623775e+00
  9.86563561e-01 -2.98376320e-01  2.27326194e+00  1.34674325e+00
 -7.02088779e-01  1.46886935e+00 -6.41924421e-01  1.36904836e+00
  6.01350441e-01 -1.35444247e+00  1.25674018e+00 -6.22921358e-01
  1.10602153e-01  1.94334310e+00 -1.92757885e-02 -1.13524600e+00
  3.50707701e-01 -6.69464900e-01  8.54741095e-01  1.39683790e+00
  5.30534794e-01  1.17796730e+00  1.35397865e+00  8.25794815e-01
 -3.26119280e-01 -4.42838525e-01 -1.24156331e+00 -4.98286414e-01
 -3.97013627e-01 -8.86757876e-01 -4.09346137e-01 -7.39495712e-01
 -1.52666252e-01  1.06348131e+00 -2.91375464e-01  1.71165307e+00
  1.01233403e+00 -1.09662095e+00 -5.16542542e-01 -3.86267347e-01
 -6.38594447e-01  3.13682660e-01  6.14297706e-01  1.94623678e+00
 -1.56221348e+00 -1.26111643e+00  6.67332312e-01 -4.89704115e-01
  4.54566131e-01  6.02622013e-01 -3.02820184e-01 -3.51091074e-01
  5.65227342e-02 -9.43713751e-01  6.91476399e-01  5.85516219e-01
  1.68541491e+00 -8.84430447e-01  4.56025595e-01 -1.34649123e+00
 -1.46354946e+00  2.81957175e+00  1.34672283e-01 -4.93498593e-01
 -1.16197951e+00 -1.34311518e+00 -4.12555744e-01 -5.71086093e-01
  4.23424429e-01  2.24714408e-02  6.74443714e-01 -4.22587241e-02
 -4.59373827e-01 -9.21643119e-01 -3.83522146e-01 -8.32499529e-01
  9.16232451e-01 -6.11392712e-01  2.44232372e-01 -1.02975571e+00
  3.52955568e-01 -1.03015346e+00 -1.38647448e+00 -8.49704827e-01
  4.25840046e-01 -2.46079011e-02 -6.04696282e-01  2.08180380e+00
  7.56193006e-01 -1.35389201e+00 -1.07553725e-01  7.11589483e-01
 -7.11074372e-01 -1.56271299e+00 -2.03966867e+00  1.19981982e-01
  6.66096758e-01  7.16469667e-01  1.52633462e-01 -8.01922850e-01
  7.41606729e-01  1.23965579e-01 -4.25508282e-01 -1.82726496e-01
  3.46385210e-01  5.72019987e-01  5.98647492e-01 -1.36540682e+00
  9.04909234e-01 -4.70778633e-01 -5.33804908e-01  8.43836259e-01
 -1.40142625e+00  7.59584050e-01 -5.76172427e-02  5.76360264e-01
 -1.03112830e+00  5.36861388e-01  2.21856431e+00 -7.87525947e-01
 -7.30779706e-03  3.51416260e-01 -2.76449399e-01  3.01119079e-01
 -5.28986881e-01  2.15020149e+00  9.19484791e-01  8.14940765e-01
  1.19276217e+00  6.04128525e-01  5.50189570e-02 -7.25381262e-02
 -3.20648409e-01  1.86078374e+00 -9.10120486e-01 -3.05016342e-02
  8.91946159e-01 -2.73172707e-01 -4.10977326e-01  5.78809599e-01
 -3.29455942e-01 -3.71244426e-01 -4.65680936e-01  1.73935702e+00
 -1.64362559e+00  5.03954415e-01 -4.07832800e-01 -8.22694119e-02
  7.87580729e-01 -1.18829268e+00  6.63175219e-02 -2.03868373e+00
 -5.83304158e-01  1.68726387e+00 -4.54752653e-01  1.16483425e+00
  9.31860905e-02  8.67764684e-01  1.30771278e-01 -1.51163505e+00
  4.25021999e-02  1.17682057e+00  2.08396189e+00 -8.94510977e-01
  1.87115909e+00  2.07685849e-01  3.70284845e-01 -1.05453854e-01
  4.29760438e-01 -1.32970436e+00 -3.82426367e-01 -3.46924592e-01
  8.63161788e-01  1.57441460e+00  1.24459353e+00 -3.17377807e-01
 -7.18681714e-01 -1.67344649e+00 -9.46199173e-01 -5.08888674e-01
  1.92847654e+00  1.87656484e+00  4.67368309e-01  1.21614278e+00
 -1.10777216e+00 -1.00191666e+00 -1.59493108e-01 -1.49485627e+00
  1.03989243e+00 -1.41271020e+00 -1.09080786e+00 -8.55202415e-01
 -2.87563688e-01  2.85955523e-01  4.32377786e-01 -2.67896764e-01
  9.37612301e-01 -5.73673313e-01  1.63930036e-01 -8.59657051e-01
 -1.38373130e+00  6.36084743e-01  1.27375589e+00 -2.20437842e+00
 -3.39553262e-02  7.41546769e-01  1.05956914e+00 -1.18501927e-01
  9.91151860e-01  2.74204370e-01  7.31688284e-01  6.18806671e-01
 -6.21526239e-01  3.54802108e-02  1.11231314e+00  1.34524656e+00
 -2.69004200e-01 -1.24852111e+00  1.95534486e+00 -3.10345669e-01
 -7.44823428e-01 -1.56658025e+00 -1.04288551e-01 -6.84147261e-01
 -2.27597146e-01 -6.03794126e-01  4.10968364e-01 -1.27883297e+00
 -7.50946473e-01 -1.58494758e-01  1.15293998e+00  5.69595018e-01
  2.17406250e-01  2.89897972e-01  1.37068079e+00 -8.66097363e-01
  4.34313780e-01 -1.78414585e-01 -9.24073039e-01  5.18506313e-01
 -5.09401558e-01  5.42046086e-02 -5.76390855e-01  1.45496185e-01
 -5.35693583e-02 -2.31426826e+00 -1.95743819e+00 -1.23291767e+00
  3.65220895e-01 -1.04450039e+00 -1.88120687e-01 -2.07735624e-01
 -1.81300860e-01  1.56802377e-01  7.73816597e-01  1.21362958e+00
 -1.15146366e+00 -1.68583604e+00 -8.25818537e-01 -8.63662864e-02
  1.75966565e+00  8.52778585e-02 -1.08027252e+00  4.27341878e-01
  2.03320144e-01 -2.28164644e+00 -1.50967480e+00  8.75007203e-01
  9.47463049e-02 -1.19922006e+00  1.90030925e-01  2.23583520e-01
 -1.82375126e+00 -6.23645907e-01  4.39811117e-01  1.05025697e+00
 -4.19109222e-01 -1.89657216e+00 -7.22176656e-01 -6.37239183e-01
  2.39826499e-01 -1.60930874e+00  7.44450596e-01 -4.36298302e-01
 -9.91309935e-01  8.60353012e-01  5.46911986e-01 -1.85698268e-01
  1.28644241e+00  2.17622525e-01 -1.14776312e+00  4.04154278e-02
  1.40975092e+00  2.21142010e-01  1.00685148e-01 -2.99963602e-01
 -6.65370144e-01 -2.14636544e+00 -7.54770761e-01  2.55438729e-01
  1.31381715e+00  9.56373169e-01 -1.39413661e+00 -3.38272680e-01
 -6.51897091e-01  7.17160196e-01  1.14873808e+00 -1.69147506e+00
  9.75578182e-02 -1.34831760e+00 -3.45099532e-01 -2.36764224e+00
  1.45636426e+00 -1.49284657e+00 -1.57907624e-01  1.38433539e+00
  6.01918413e-01  4.08587353e-01  2.06796265e-02 -3.43178267e-01
  1.54317206e+00 -3.41432723e-01 -5.42859885e-01  5.32383639e-02
 -6.07913240e-01  6.84946544e-01 -1.12335299e+00  1.10474698e-01
 -1.71381118e+00  1.57803080e+00  5.89220866e-01  1.92080152e+00
  4.44254142e-01 -1.84062825e-01  1.88806105e-01  1.93520170e+00
 -6.12990074e-01 -2.88741415e-01  1.77902243e-02 -1.59474535e+00
  9.83699209e-01  2.51418846e+00  1.35028811e-01  2.73546869e-01
  5.00995805e-01 -9.19956644e-02 -8.70236715e-01  2.55687036e-01
 -1.99738456e+00  1.44867302e+00  5.65107273e-01  3.44061758e-01
  5.53532491e-01 -1.30638427e+00  3.23381171e-01 -5.15716277e-01
  3.00508994e-01 -3.14950147e+00 -1.96826461e+00 -1.95067081e+00
 -9.72279831e-01  6.65833900e-01  1.71089662e+00  1.21529752e-01
  1.17546145e+00 -1.73704441e+00 -1.52529394e+00 -2.50644723e-01
  2.78840205e-01  1.51405886e+00 -3.74524660e-01  1.48738301e+00
 -1.72222534e+00  1.24721128e-01  8.41446517e-01 -1.25566185e-01
 -3.23856860e-01  1.58853375e+00 -1.23251012e+00 -8.52493327e-01
  2.58724526e-01  8.00831872e-01 -3.47675845e-01  8.64396201e-01
 -2.07959448e-01 -1.83946920e-01  8.42799192e-01  9.14198326e-01
  1.92435492e-01  1.97353442e-01  3.12729841e-01 -1.66392543e-01
 -4.81710009e-01  2.44455507e-01  1.20680228e+00 -5.97162008e-01
  4.33258665e-01 -4.90930771e-01 -7.67498905e-02 -5.00188496e-01
  1.02642075e+00  1.03542746e+00 -1.08597866e-02  2.33482403e-01
  1.01802118e+00 -6.61234874e-01  6.19334001e-01 -3.13315463e-01
  5.92533933e-01  9.85664993e-01  4.06623835e-02  5.14958478e-01
 -1.62746983e-01 -8.95637210e-01 -9.06305821e-02  9.96545326e-01
 -1.55925555e-01 -5.35992992e-02  7.14172451e-01  3.62816444e-01
 -1.07174076e-01  2.29906344e-01 -1.20313297e+00 -5.50336933e-01
  8.14283933e-01  2.36492173e-01  1.26469331e-01 -1.10559273e+00
  2.60439928e-01 -1.44610496e-02 -2.18890346e-01  5.17875303e-01
  1.00776857e+00 -1.62236528e+00 -1.99872194e+00  9.38416710e-01
  2.27052808e-01 -5.47103428e-01  7.45373065e-01  1.51023170e+00
  3.75892435e-01 -1.34869459e+00 -3.22261886e-01 -3.44304582e-01
  1.61142707e-01  6.82856287e-02  4.91202015e-01 -1.82069559e-01
 -8.65513648e-01 -9.81191418e-01  1.30193412e+00 -1.77539760e+00
 -4.33296114e-01  2.01108071e+00  2.28428450e+00 -3.09268867e-01
 -4.22161857e-01 -2.72332616e-01 -1.37640603e+00 -2.91543464e-01
 -1.36844644e+00  8.22900476e-01  9.74102151e-02  2.84992662e-03
  4.14952539e-01  9.28888037e-01 -6.30932209e-01  2.29245398e-01
  1.76927435e+00  1.39472010e+00  1.65494091e+00 -1.59530537e+00
  4.43084869e-01 -4.98170428e-01 -9.92595394e-01  2.78776615e-01
 -4.02803814e-03  9.15413853e-01 -3.59926888e-01 -3.81357672e-01
  1.35363299e+00  1.09507876e+00 -4.71670061e-02  1.09146651e+00
  1.63914116e+00 -5.57211211e-01 -5.12348841e-01 -5.03719138e-01
  3.21856787e-01  1.95553333e+00  1.03466713e+00 -1.67868146e+00
 -5.65388574e-01 -1.54145360e+00  2.11595895e-02  2.89113458e-01
 -1.01823774e+00 -5.56429771e-01  9.51039864e-02  1.00898226e-01
  4.94070304e-01  4.74926675e-02 -1.26418906e-01 -9.20846169e-01
 -2.96425461e-01  2.25177386e+00 -1.72013589e+00 -1.49490940e+00
  9.62326431e-02  1.73870557e+00 -2.09810732e-01  1.09981620e+00
 -4.85089673e-01 -1.01885206e+00  9.21598227e-01  7.57511849e-01
  3.95614265e-01 -9.53820930e-01 -2.18167135e+00 -1.28470891e+00
 -1.08924819e+00  1.96567032e+00  1.25333297e+00  7.96885155e-01
 -8.90073814e-01 -3.82223846e-01  2.57260675e+00  1.33009866e-01
  6.51060227e-01 -2.18502927e-01 -7.34764427e-01  6.60033431e-01
  4.22572975e-01  1.51858670e+00  7.47141914e-01  4.62014005e-01
 -1.30034488e+00 -7.28950952e-01  7.91177685e-01  5.65085956e-01
 -7.15849151e-01 -5.74743767e-01  2.85118849e-01  5.76861651e-01
  6.77782360e-01 -7.63691372e-02  1.44167790e-01  7.35409291e-02
  4.89420002e-01  2.94226520e-01 -6.15382257e-01  3.85853223e-01
 -7.53509326e-01  1.88035813e-01  6.23334741e-01 -8.53950892e-01
 -7.14110980e-01 -1.52811745e+00 -1.08087013e-01  7.38583229e-01
  4.08830296e-01  1.43586644e-01  4.98653748e-01 -1.43741589e+00
  2.98698127e-01  9.31677706e-01 -1.86976506e+00  4.85077906e-01
  6.45267869e-01 -5.44273545e-01 -5.23857170e-01  1.19524692e+00
  1.69584439e-01  3.47271429e-01 -8.30333705e-01  9.94157543e-01
 -5.50757614e-01  6.91372863e-01 -1.65721214e-01  7.92385202e-01
 -2.42336714e+00  1.93432404e-01 -5.21346360e-01 -7.50118722e-01
 -4.00463470e-01  4.36838804e-01 -8.38849711e-01 -4.58450631e-01
 -9.68440175e-01 -1.81343535e+00 -2.56879177e-01 -1.79633629e+00
 -2.18505767e+00  7.67111884e-01 -9.57264031e-01  1.61183268e+00
  1.79720526e+00  4.19906141e-01  4.30214099e-01 -1.16352660e+00
 -3.67656664e-01  3.72472054e-02 -6.33165048e-03  1.74215899e-01
 -1.31319170e-01 -1.93043283e-01  2.62047995e-01  1.10822390e+00
 -1.79688556e-02  7.03268369e-01 -5.45063933e-01 -9.28914939e-01
  3.14750891e-01 -1.89301256e+00  9.32231577e-01 -6.25330229e-01
 -1.54776650e+00  1.99532366e-01  1.53119322e+00 -1.10315698e+00
  1.10556751e+00  1.12824075e+00  1.86387742e+00  4.71478404e-01
 -4.53037063e-01  7.41992142e-01 -6.47982758e-01 -1.90986302e-01
 -1.48744095e-01 -5.68197568e-01 -2.22856025e+00 -9.25343154e-01
 -7.11860076e-01 -7.55877275e-01 -7.51940347e-01 -6.60275682e-01
  9.79773931e-01  2.18190857e+00 -1.46080367e+00  8.13374330e-01
  7.22874535e-01  1.95165617e-01  9.93107827e-01 -8.94361533e-01
  1.93149753e+00  1.63859167e+00 -2.29667419e+00 -4.59504239e-01
  3.20196950e-02  1.90237895e+00 -2.09386891e+00 -6.67156417e-01
 -5.25401120e-02 -2.99423933e-01  1.72288052e-01 -7.69582255e-02
 -5.17223991e-01  8.80277402e-01 -1.28865560e-01 -1.57063055e+00
  2.68733977e+00 -7.00455409e-01  1.72092070e+00 -3.78436498e-01
  2.02634046e+00  4.71631633e-02 -1.69718535e+00 -4.04298197e-01
  8.30056698e-01  3.65596755e-01 -1.65951733e-01 -5.15156299e-01
 -5.02298268e-01  1.54324399e+00  7.89738533e-01 -5.80055040e-01
  1.63284158e+00  7.29632789e-01 -6.49480380e-01  1.19782600e-01
 -9.78194969e-01  6.94476019e-02 -1.32421830e+00 -7.08989217e-01
 -1.19399551e+00 -9.35131682e-02 -7.88149549e-01  2.00191476e+00
 -1.23470621e+00 -7.53915788e-01 -8.27685045e-01  9.18198504e-01
 -1.23808849e+00  1.90826780e+00  3.18694942e-01  1.05755567e-01
 -1.20813134e+00  4.28704075e-01  3.80996882e-01 -1.11038491e+00
  1.25710942e+00  1.24047998e+00  5.90854432e-01 -1.13035778e+00
  5.03870254e-01 -1.03446683e+00  9.93544313e-02 -5.03376689e-01
 -9.70928108e-01  1.11176908e+00 -3.26606815e-01 -2.37383325e-01
 -5.56582530e-01  6.59614459e-01 -7.70684961e-01 -2.99799188e-01
  1.10691286e-01 -8.12353199e-01  9.46114707e-01  5.63020988e-01
  2.38341930e-01  4.16789090e-02 -1.28870136e+00 -1.20083857e+00
 -1.13137596e-01 -4.46538833e-01  1.50534748e+00  6.31070532e-01
  8.93780567e-01 -2.16717171e-01  6.52652371e-02  7.97421693e-01
 -3.43582715e-01 -5.34048737e-02  7.41727748e-01  2.04254937e+00
 -2.65033820e-01 -1.23756067e+00  5.62593304e-01  1.06886714e+00
 -3.66739377e-01  1.07222398e+00  5.14466056e-01  1.83719128e+00
 -2.82070854e+00  1.28141266e+00 -1.43672260e+00 -3.45366985e-01
 -5.68299629e-01  1.24436901e+00 -2.91141619e-01 -9.74051376e-01
  2.47904436e+00  5.58272275e-01 -6.06745978e-02 -2.36063459e+00
  8.75726309e-01  1.46587076e+00 -1.49155143e+00 -3.50198302e-01
 -2.47204060e+00 -3.87979178e-01  3.13541619e-01  9.29756323e-01
  9.36850637e-01 -2.72668356e-01  6.85074711e-01  9.51310534e-02
 -2.16340321e+00  2.27034825e-01 -2.74384542e-01 -1.53748597e-01
  7.13182486e-01  1.77876520e-01  1.10725799e+00 -2.42912920e-01
  2.19952138e+00  8.47097379e-01  7.71557854e-01  5.40481392e-01
 -1.15125894e+00 -5.51134696e-01 -2.32229671e-01  1.35995122e+00
 -3.98597816e-01  1.66484667e-01  1.43304353e+00 -1.04506954e+00
 -1.05859204e-01 -2.21860078e-01 -2.28902744e+00 -6.39364827e-02
  4.20087700e-01 -5.90375056e-01  8.59456395e-01 -3.31986449e-01
 -1.26531753e+00  1.61958800e-02  1.15808378e+00 -1.19627921e+00
  1.12793217e+00 -5.26731549e-01  2.59948069e-01  4.66849589e-01
 -1.47177425e-01 -6.49364811e-01  8.35819209e-01 -1.57920753e+00
  1.34810980e+00 -2.32101574e+00  9.29410901e-01 -1.01280767e+00
 -6.08023817e-01 -6.21160104e-01 -1.98883081e+00  1.72357252e+00
 -6.76719963e-01 -2.72205961e-01 -7.08791891e-01  1.37732147e-01
 -2.40777179e-02 -6.48557987e-01 -4.20733344e-01  1.03817496e+00
  8.99597358e-01  8.33082841e-01  1.12373364e-01  1.98084961e+00
 -1.30038293e+00 -4.09958484e-04 -2.46214621e+00 -3.16138079e-01
  1.18428322e+00 -1.35338290e+00  4.90555349e-01 -3.94613850e-01
 -3.33039745e+00 -9.26633836e-01  2.59305357e-01  5.88483102e-01
  7.58215598e-01  1.13185651e+00 -1.02108590e+00  1.04674220e+00
  6.70173851e-01  1.39895117e+00 -5.20573883e-01  1.03880105e+00
  2.61751833e-01  4.13045666e-01  1.58100090e-01  6.55453188e-01
 -2.06337762e+00 -1.53834632e+00  6.37232326e-01  1.23215707e+00
 -4.65633546e-02 -1.32105592e+00  7.04168204e-01 -2.75892432e-01
 -2.94544902e-01  6.59648691e-01 -1.00315756e+00 -2.09964140e-01