 1.34114112e+00 -1.68699758e+00  1.82687709e-01 -1.50189583e+00
  4.10254215e-01  1.50313782e+00  8.71583446e-01 -2.21078504e-01
  1.53585339e-01  7.41379142e-01 -9.05018481e-01  7.74697455e-01
 -3.37609550e-01  9.89996195e-01  1.72215682e+00 -3.57684363e-02
  4.02823129e-01  8.73872907e-01 -5.40468298e-01 -1.18100606e+00
 -1.35561350e-01  3.88761612e-01  1.04732452e+00  5.55827243e-01
  1.41549747e+00  1.51577453e+00  1.97451038e+00 -1.91383697e-01
 -1.65488895e+00 -1.50583309e+00 -6.14292743e-01 -1.76124989e+00
  1.24535058e+00  1.93240303e+00  2.12731034e+00 -3.43193954e-01
 -2.22400660e+00 -1.31423890e-02  1.48434319e+00 -2.44554297e-01
  1.91217616e+00 -4.19677087e-01  1.48827593e+00  2.43227776e+00
  5.40509520e-01 -4.20501607e-01  4.86159726e-01 -1.22282587e+00
 -2.27810629e+00  6.86018602e-01  5.09912855e-02 -6.61200056e-01
 -7.72500674e-02  1.13097772e+00  2.40155690e-01  1.15406694e-01
  1.01379448e+00  5.97464107e-01  1.92681647e+00 -9.25556597e-01
 -4.96394532e-01 -1.23616443e-01  2.12659257e+00 -3.94714284e-01
  2.68198497e-01  1.07166595e+00 -1.29132519e+00  1.01887181e+00
  3.41451255e-01  3.67993182e-01 -7.54720163e-01  1.49398270e-01
 -1.50510693e-01 -1.20697800e+00  1.08166393e+00 -5.56494488e-01
  7.77208651e-01 -1.61972734e+00 -1.35191462e-01 -6.77237912e-01
 -1.91122893e+00  4.81855576e-01 -1.67242156e-01 -1.40251075e+00
  1.55601543e+00  1.20187079e+00  8.98332021e-01 -1.50230415e+00
  5.62790655e-02  9.88465875e-01 -9.33365520e-01  2.24684055e-01
 -1.20103300e+00  8.68495066e-01 -3.89694527e-01 -4.83826190e-01
  8.81899494e-01 -1.17204397e+00  2.08567891e+00 -6.74308104e-01
  6.89424650e-01 -4.94880386e-01  3.98126408e-01  7.05446052e-01
 -1.03915129e+00  1.22011794e+00 -8.05245980e-02 -4.37920420e-01
 -6.50040548e-02 -3.70146580e-01 -2.38542244e-02 -1.97903111e-01
 -1.89676052e+00 -3.93572175e-01  6.69578320e-01  3.76480644e-01
 -1.56361756e-01  7.14522359e-01  2.41678480e+00  1.07607098e+00
  1.26166056e+00 -1.86777159e-01 -3.64764585e-02  1.29785691e-01
  1.52358200e+00 -3.80882290e-01  1.13118618e+00  5.36809353e-02
  9.41071188e-02  1.41701043e+00 -4.55133027e-01 -1.39845674e+00
  8.19527890e-01 -7.17352876e-01 -3.59280926e-01 -7.78115328e-01
  3.84177252e-01  1.03573341e+00  5.52637346e-01  1.13057029e+00
 -6.93350075e-02  8.51486185e-01 -3.63618402e-01 -8.86341466e-01
 -7.69545630e-02 -1.85306856e+00 -8.39268945e-01  1.14703839e+00
  2.91357537e-01  1.01404711e+00 -6.30316159e-01  1.01154332e+00
 -9.33070681e-01  1.51244001e+00  2.66592844e-01 -2.02752691e+00
 -1.22343766e-01  2.50892824e-01  1.49741141e+00  2.01372523e+00
 -2.91531917e-01  9.28147460e-01  6.45699816e-01  1.03870676e+00
 -2.23301193e-01  3.89581456e-01 -1.05486341e+00 -1.56402895e+00
  3.44272280e-01 -4.76672713e-01 -2.24134157e+00 -9.83508274e-01
 -2.94623460e-02  9.05499620e-01  3.77048863e-01 -5.67619067e-01
  3.55090315e-01  1.01966117e+00 -3.86024191e-01  3.91688843e-02
  1.28213511e+00  7.63106821e-01  1.40177435e+00 -3.78555776e-01
 -4.12048038e-01  1.10963506e+00  1.04583207e+00 -2.40341739e-01
 -2.04300497e+00  2.31281439e+00  5.90687081e-01  5.60798636e-01
 -1.17205591e+00 -1.31730752e-02  1.21324733e+00  8.88449916e-01
  1.05505944e+00 -3.29291539e-01 -6.84393291e-01 -1.66506113e+00
 -1.62668682e+00 -2.66235495e-01  8.42218997e-01  1.81289421e+00
  9.11155138e-01  9.25266522e-01  2.16823910e-01 -1.75914646e+00
  6.31146482e-02 -8.55583317e-01 -1.00949410e+00 -3.73999029e-01
  1.33819363e-01  3.59017595e-01 -6.45304844e-01  1.36826218e-01
  2.59321371e-01  1.17193297e+00  6.97738902e-01 -9.19729292e-01
  6.93203928e-01 -2.70322681e-01  1.03149035e-01 -1.12030782e+00
  3.95513989e-01 -2.68062655e-01  1.61295237e+00  1.71613793e+00
  4.78839648e-01  1.60520758e+00 -5.09760970e-01  1.32459066e+00
  2.06499509e+00 -1.30851643e-02  2.42274911e-01 -5.87876593e-01
 -9.18746121e-01 -1.18741813e+00 -3.10470646e-01  1.58844246e+00
  1.00923426e+00  1.32524716e+00  7.78858064e-02  1.34432392e+00
  8.83079895e-02  2.33781613e+00  2.77271477e-01 -8.52967536e-01
 -6.18735735e-01 -1.24300687e+00 -2.68128503e-02 -1.92792153e+00
  2.70266443e+00  5.62725292e-01  7.43574774e-01 -7.40581768e-01
  7.25297444e-01 -6.49798671e-01 -3.76778952e-01 -2.23189204e+00
  4.10764898e-01 -4.18252849e-01 -1.53085424e+00  3.47841638e-02
 -1.93348741e+00  6.66220311e-01 -1.68492585e+00  3.89238597e+00
 -6.56737761e-01 -1.02875332e+00  1.72361973e+00  7.49429418e-01
  1.09664933e-01  1.78888810e-01 -7.19210184e-01  3.82742315e-01
 -1.82746848e-01 -2.34190229e+00 -8.22823816e-01 -1.52232211e+00
  7.00643817e-01  2.82938872e-01 -6.93420079e-01 -2.40088907e-01
 -2.44427673e+00 -4.77069594e-01  1.84401436e+00  1.20831501e-01
 -2.41935177e+00  3.84566111e-01  3.62459933e-01  2.41970773e-01
  8.39488701e-01  4.19629773e-01 -5.20055289e-01 -1.62255418e+00
 -1.02902472e+00  5.28254240e-01 -3.76678392e-01  1.70210642e-01
  3.50355611e-01  5.63724695e-01  1.69513801e+00 -1.61077177e+00
 -1.23052255e+00  9.58515152e-02 -5.60866078e-01  8.79750182e-01
 -1.00254745e+00  1.92794636e+00 -6.80411672e-01 -1.96700447e-01
 -6.61670303e-01  4.12368742e-01  3.96999996e-01  4.51467176e-02
 -6.91687776e-01  1.96672472e+00  8.00058232e-02  5.47120932e-01
  7.41335129e-01  1.13709746e+00 -5.68379328e-01  4.54377656e-01
  1.09284025e+00  1.24789330e+00  2.48847898e+00 -3.95784941e-01
 -7.19433552e-01  1.03946215e+00  6.81273724e-01  1.89354841e+00
 -3.33094666e-02 -1.61380518e-02 -1.39921315e+00 -9.07087511e-01
 -8.43400933e-01 -1.34070709e+00  8.52343748e-01  7.94436356e-02
  8.61723353e-01  4.72077804e-01 -1.39397341e+00 -1.18745600e+00
  1.40253647e+00 -1.50447758e-01  2.05733485e+00 -7.07519090e-01
  2.72211666e-02 -1.10098338e+00  2.20147405e+00 -1.60631985e+00
 -9.35338138e-01  7.25096092e-01 -1.36127455e+00  1.42850889e+00
  5.14881195e-02  1.47512016e-01  5.00754403e-01 -1.11035291e+00
  1.34692100e+00 -7.19230873e-01 -3.74257966e-01 -1.77344225e+00
  1.25451648e+00  1.03553642e+00  1.22836644e-02 -1.13154168e-01
 -2.04431035e-02 -1.61568445e-01 -1.66518607e+00  8.99254089e-01
 -3.12497101e-01  1.36350862e+00  1.59339575e+00 -9.54940019e-02
  9.26550580e-01  1.14297072e-01 -2.41914103e-01 -6.54168860e-01
  1.01786827e+00  6.05653251e-01 -5.08790350e-01 -2.34727387e+00
 -9.51631566e-01 -2.29932806e+00  1.00724951e+00 -6.91624522e-01
  1.25391820e-01 -3.92556693e-01 -7.63573955e-01 -8.47085413e-01
  4.25097900e-01  1.42190427e-02 -4.16757052e-01  5.96116321e-01
  8.88291100e-01  2.36079944e-01  2.39357848e+00  2.77263618e-01
  1.25351676e+00 -6.34225248e-01  1.12358029e+00  4.73947431e-02
 -6.89584157e-01  9.17747510e-01 -1.08580656e+00 -1.70628409e-01
  7.56146801e-01 -6.90250501e-01 -6.24110694e-01  1.22025839e+00
 -1.15583903e+00 -1.20126149e+00  4.53069226e-01 -6.80112741e-01
  7.43592478e-01 -1.46021181e+00 -1.10126974e+00 -8.08419939e-01
 -5.75540507e-02  1.21529628e+00  9.10797007e-01 -1.48305541e+00
 -1.91352438e+00 -1.00904063e-02  8.78896202e-01  3.13600295e+00
 -7.14052602e-02 -7.03267938e-01 -2.05237011e-01  9.21787670e-01
  6.13949386e-01 -1.95314104e-02 -2.79484742e-02  9.15251076e-01
  4.72391117e-01  4.85912901e-01  1.34409159e+00  5.70732899e-02
 -2.85508863e-01 -5.65556187e-02  6.16576645e-01 -2.84290335e-02
  1.87100403e+00 -5.10824881e-01  3.20429927e-01  4.97807304e-01
  3.17229625e-01 -3.24630226e-01  1.08101696e+00  1.97641248e+00
  8.50906227e-02 -2.08909088e-01 -1.63743672e-01 -5.84220355e-02
 -2.75531216e-01 -7.48737419e-02 -1.03291763e+00 -2.03899316e+00
  6.76909836e-01 -2.68019246e-01 -1.10920706e+00 -7.78962917e-01
 -8.91275704e-01  2.06714123e+00  5.27018191e-01  3.02097144e-01
 -1.36785822e+00  1.11461784e+00  1.56245523e+00 -1.26406283e+00
  1.33471273e-01 -1.27905498e-01  1.80871725e+00 -5.93404827e-01
 -1.34065226e+00 -8.84980454e-01 -3.76771424e-02 -3.58766982e-01
  1.59746560e-01 -5.24855771e-01 -1.64847363e-01 -1.01004447e-01
 -8.87130038e-01 -6.18136552e-01  8.86276829e-01 -1.63459833e+00
  2.33790155e+00  3.79780270e-02 -8.19190010e-01 -4.23815141e-01
  1.52043864e+00 -6.26918102e-01 -5.43665067e-01  6.93218011e-01
 -3.78193278e-01  2.93318723e-01  2.55237240e+00 -7.05452917e-01
  4.88906537e-02  4.85391972e-01  1.87367620e+00  7.45947620e-01
 -3.79149900e-02 -5.17839044e-02  1.30001027e+00 -1.17175649e+00
 -9.61774252e-01  1.22494634e+00 -2.11399149e-01  7.56859648e-01
 -1.51835264e+00  1.79532588e+00 -7.95479447e-01 -2.44960994e-01
 -5.90407685e-01  1.98228651e+00 -3.45292880e-01 -3.06598078e-01
 -1.28135678e+00 -1.40696311e+00 -5.56491101e-01  1.04803652e+00
  9.49974353e-01 -8.47878775e-02 -9.58647446e-01  1.97753672e-01
  7.31200322e-01 -6.75223013e-01  8.48316510e-01 -2.82481934e-01
 -7.33994176e-01  7.42364285e-01 -1.20973600e+00  1.38159777e+00
  1.30012626e+00  3.80837133e-01 -2.07855854e-01 -1.64359895e+00
  7.40163462e-01  5.89462604e-01  7.75441876e-01  7.42917059e-01
 -1.36757622e+00 -1.29772517e+00  1.52571473e+00 -1.19727026e+00
 -1.32759018e+00 -7.88609873e-01  7.08856801e-01 -2.92058143e-01
 -4.04659816e-01  7.22412394e-01 -7.54855677e-01  1.27946198e-01
  7.66654583e-01  1.31501829e+00  1.39326291e+00 -2.34837769e-01
 -3.66552323e-01 -1.58804450e+00 -4.78427359e-01 -2.95616348e-01
  3.30758479e-01  7.03118126e-01 -1.48452579e+00  3.46465839e-01
 -9.33641794e-01  6.21391199e-01 -2.24209819e+00  9.23258178e-01
 -2.97369608e-01 -3.94976727e-01 -2.20613260e-02  4.04341996e-02
 -2.39827671e+00  2.55672448e+00 -2.66936877e-02 -1.38605961e+00
  7.27326580e-01  8.10011620e-01  9.37957169e-01  8.18832973e-02
  3.17004861e-01  1.65235184e+00  4.03477588e-01 -1.66679031e-01
 -2.86933518e-01  1.05403829e+00 -6.91773820e-01  1.41379065e-01
  5.89214336e-01 -9.34513674e-01  6.50565319e-01 -3.53779050e-01
  5.15132039e-01 -1.18449850e+00  1.12961389e+00  5.94193879e-01
 -3.48047878e-01 -4.76349833e-01  5.32199698e-01  3.51019919e-01
  1.92187762e-01  5.71089529e-01  1.83126382e+00 -1.49506020e+00
  4.17007232e-01 -8.45189541e-02 -5.20378387e-01  1.25529337e+00
  6.76222692e-01  2.46713050e+00 -2.86358850e-01 -4.36048121e-02
  1.37706556e+00  4.77239144e-01  3.05979124e+00  1.67837568e+00
  5.25053061e-01  1.03338466e+00 -4.35721527e-01 -9.57565724e-01
 -1.14868076e+00 -3.37867785e-01 -1.01684037e+00  1.04150601e+00
  1.68897990e+00 -6.11951290e-01  5.79289395e-01  1.02031176e+00
  8.72270158e-01  1.82079380e+00  1.08699338e+00 -2.79303243e-01
 -1.28989964e+00 -2.97658198e-01 -1.28058397e+00 -5.03035860e-01
  1.19847509e-01 -4.84991739e-01  6.69561146e-01 -4.82712239e-01
 -1.48014379e+00 -5.44986620e-01  5.34204374e-01 -8.45411039e-01
 -7.14380376e-01 -3.69365216e-02  1.53510101e+00  1.34632738e+00
 -4.63419620e-01 -4.31596509e-01  2.48594281e-01 -5.53848490e-01
 -1.58110497e-01 -1.74465651e+00 -8.80915233e-02  9.33008006e-01
 -2.87070866e-01 -5.08046107e-01  1.12640860e+00 -7.69614265e-01
 -1.99745177e-01  7.80911879e-01  1.61972184e+00  2.67091592e-01
 -1.02689595e-01  1.59211272e+00 -1.19043260e+00  2.05940965e+00
 -1.45525330e+00 -8.80166242e-01 -9.30752320e-01  2.44840418e-01
  1.95467558e+00  1.00609983e+00 -1.00655149e+00  1.12822445e+00
  4.60650053e-01 -1.32056192e+00 -4.33183571e-01  9.14584648e-01
 -7.17482252e-01 -5.59068449e-01  1.18054879e-01 -1.09148751e+00
  1.09726260e+00 -1.91349053e+00 -3.87340920e-01  3.14217314e-01
 -3.60948801e-01  9.34297048e-01 -1.16994726e-01 -1.82542583e+00
 -6.95010247e-02 -4.12713148e-01  6.42314697e-01  2.88728626e-01
 -1.42337127e+00  9.80111767e-01  7.46963504e-01  1.98739735e+00
 -5.97874641e-01  1.25906183e+00  1.69510845e+00 -1.11800932e+00
 -1.99804897e-01  4.63762840e-01  3.80860067e-01  1.51370068e+00
  5.84944788e-01 -5.11856017e-01  2.86574777e-01  1.98348572e+00
  2.90070563e-01  1.40607633e-01 -3.97637621e-01 -1.97361621e+00
  1.64696370e+00 -1.53519113e+00  1.18985220e+00  7.39082788e-01
 -2.48843752e-01 -1.82544926e+00  8.53983476e-01  1.11153157e+00
 -1.81137000e+00 -1.00660241e+00 -7.02858651e-01 -1.05497803e-03
 -9.48992672e-01 -2.26240473e+00 -1.57925688e+00 -6.95083740e-01
  5.79985264e-01  6.25132368e-01 -1.06044538e+00 -3.08728090e-01
 -6.15173131e-01 -2.64662875e-01  1.03424488e+00 -9.59431535e-01
 -4.44874863e-01 -1.18979198e+00  1.78185850e+00  5.93970089e-01
 -4.41767040e-01  1.77574998e-01 -9.41680132e-03  7.04755951e-01
  5.79010936e-01  1.57576061e-01 -1.37006759e+00 -2.75046375e-01
 -2.32660179e-01 -6.52401410e-01 -3.71042938e-01  2.60448565e-01
 -2.49738440e-01  1.55056622e+00  4.78271348e-01  4.25418092e-01
  1.06213592e+00 -3.37989206e-01 -8.68637128e-01 -1.02365501e+00
  4.83819051e-01  9.08271587e-01 -5.37031800e-01  8.28742094e-01
  2.90396930e-01  5.43789418e-01  2.49536028e+00  3.01799510e-02
 -2.26983934e-01 -1.63987764e-01 -1.03624313e+00  1.01754536e+00
  2.28514562e-01  2.31208692e-01 -3.22105644e-01  5.12884533e-01
 -3.05004899e-01 -7.65461302e-01 -3.78527382e-01  1.43074655e+00
  8.77940300e-01  1.83215359e-01 -8.32583616e-01  1.27470182e+00
  1.07010351e+00 -6.70029376e-01  6.01411399e-01  3.28162687e+00
  2.27915251e-01 -2.44024560e-01 -1.41615653e-01  1.20885302e+00
 -7.19696085e-01  2.05631080e-01  2.66451513e-01  1.22861572e+00
 -8.94732412e-01 -1.51516334e-01 -1.72632375e+00  5.04601325e-01
  8.71193674e-01 -8.06777547e-01 -7.97931255e-01 -1.19640562e+00
 -6.24273148e-01  4.34386519e-01  1.19859220e+00 -1.69635268e+00
 -9.64134494e-01 -1.09443863e+00  1.71624551e+00 -1.31188127e-01
 -4.54595027e-01 -1.11236103e+00  8.55682307e-01  1.54774891e+00
  3.51475478e-01  4.11947073e-01 -3.58513375e-01 -1.82630083e-01
  1.26979972e-01  1.58493731e+00  2.01218717e+00 -3.82781740e-01
  4.64182226e-01  1.86000395e-01 -2.91122939e-01  1.15259925e-01
  7.45935356e-02  1.72806282e-01  1.07650948e+00 -1.06322333e+00
 -1.27839635e-01  7.47394761e-01  8.70628794e-01 -5.73600461e-01
 -1.51748505e+00  7.24700772e-01 -1.19448394e+00  3.22936560e-01
 -2.77497358e-01  3.25182953e-01  1.05594079e+00  4.84391228e-01
  1.18038852e+00 -5.00008224e-02 -1.19372471e-01 -5.36990180e-01
 -4.24483828e-01 -1.38061529e+00 -6.75234944e-02 -5.52193817e-01
 -1.86243624e+00  6.41549741e-01  1.70037634e-01  1.41193461e-02
 -1.29382333e-01  1.58859712e-01  1.70745608e+00  1.65178829e+00
 -9.53174146e-01 -1.28337587e-01 -8.81818273e-01 -5.65885589e-01
 -1.71606501e-01  6.65408876e-01  3.81646484e-01  1.66992354e+00
  2.09396385e-01 -7.39603849e-01 -5.30068651e-02 -1.80600703e+00
  1.70168379e+00 -8.61152817e-01  3.17454930e-01  1.10454713e-01
  5.18171220e-01  1.35708788e+00  8.61490645e-01  1.52726884e+00
 -5.16804976e-02  3.28024486e-01 -1.49206066e+00 -4.04043952e-01
 -3.78509542e-01  2.96122161e-02  3.34437880e-01  2.35184725e+00
  6.48773261e-01  1.46693889e+00  6.32702118e-01 -4.50216708e-01
  1.06350472e+00 -9.93416791e-01 -7.68986970e-04  2.65216805e-01
  1.00525596e+00  7.39327452e-01  4.15223617e-01  1.23813732e+00
  1.91607854e+00  2.34882616e-01 -2.95266265e-01 -1.20186704e+00
 -1.44927436e+00 -1.63526040e+00  7.96773331e-01 -1.28154875e+00
  7.66570665e-01 -1.50268295e+00 -5.85630736e-01 -4.61959742e-01
 -1.66229618e+00 -1.02160082e+00  6.00988337e-01 -6.63442038e-01
 -5.43979481e-01  9.67231298e-01  7.93550908e-01  5.05909677e-01
 -1.68294858e-01 -8.82823121e-01 -1.88798615e-02 -1.72435007e-01
 -3.41449832e-02  8.04456223e-01 -1.60857057e-01 -7.11118015e-01
 -5.19169073e-01  7.51677421e-01 -4.10178159e-01 -1.34167573e-01
  1.70289397e+00  2.80314926e-01  7.05301646e-01 -1.37589832e+00
  1.61932162e+00 -2.20725278e-01 -9.07124369e-01 -4.74688635e-01
 -3.67509454e-01  6.00477967e-01 -6.16947314e-01 -1.54304705e+00
  2.73053292e+00  1.84533506e+00  1.59908106e+00 -3.05992619e-01
  7.54977407e-01  1.17059642e+00 -1.13585860e+00 -7.86826219e-02
 -3.18608811e-01 -1.01264903e+00 -3.81820193e-01  4.15892839e-01
  2.05581322e-01 -1.14233881e+00  1.46943617e-01 -1.51245162e+00
 -2.16663862e-01 -3.33094275e-02 -4.40498989e-01  9.01122575e-01
  2.04111563e-01  9.96095693e-02 -4.48036553e-01  2.18453003e+00
  6.71060463e-02 -5.51758648e-01  1.61617797e+00  2.12074321e+00
 -1.33310177e-01 -1.12005081e+00  2.33925137e-02 -7.73773232e-01
 -5.12615160e-01  2.31820374e-01 -1.57049866e+00 -6.88450555e-02
 -5.57317892e-02  7.63267236e-01 -7.28050761e-01  2.06382123e-01
  1.91289566e-02 -1.24937790e+00 -2.04813140e+00 -1.21629763e+00
  5.15658860e-01  8.45232121e-01 -2.50557613e+00  1.69691923e+00