-8.00144436e-01  4.13106840e-01  2.26463800e+00 -1.39932643e-01
 -5.02924649e-01 -7.86005405e-01 -2.87545985e-01  1.13927317e+00
 -2.15229673e+00 -9.71176880e-01  4.42725236e-01  4.69130151e-01
 -9.43053528e-01  7.01726488e-01 -3.21976792e-01 -1.00845820e+00
  7.32378134e-01 -2.24607552e+00  5.65941531e-01  8.06982369e-01
 -2.64418422e-01  2.82430380e-01 -8.59607586e-01  6.73732391e-01
  1.52477633e+00  2.53053108e-01  4.93232389e-01  2.12661699e+00
  1.71639013e-01  1.07243797e+00 -1.02173808e+00 -8.37479347e-01
  4.08409318e-01 -4.74432896e-01 -5.95075782e-01 -1.30628135e+00
  4.37555993e-01  1.08357637e+00  1.25986690e+00  1.41233854e+00
  4.60708423e-01  1.56157136e+00  3.90266906e-01 -1.66855032e+00
  1.07588241e+00  9.02277357e-01  4.46040966e-01 -1.60632409e+00
  1.59508908e-01  8.99148254e-02  3.14229721e-02  4.90322716e-01
  1.08085280e+00  5.36672540e-01 -7.22048695e-01 -1.56100499e+00
 -3.94754076e-01 -3.95097041e-01  2.10901167e+00 -1.78008383e+00
 -2.25268243e-01  9.13107515e-02 -9.58327292e-01 -1.92601833e+00
  2.54730866e-01 -1.17112625e+00 -6.90985967e-01 -1.23429164e+00
 -7.11584434e-01  2.55291710e+00 -3.26487257e-02  8.27793650e-01
 -1.43077478e+00  6.63466242e-02  5.52549871e-02 -4.56920753e-01
  1.20837513e+00 -1.04880008e+00  9.16331254e-02 -1.43445532e+00
 -1.07553489e+00  1.20465941e+00 -2.12302768e+00 -2.75599079e-01
 -1.53482264e+00 -1.59934941e-01 -1.36253206e+00  2.71166530e-01
  1.29285128e+00 -1.61516769e+00  4.63506609e-01 -5.16979555e-01
 -5.26993562e-01  2.77492987e-01 -1.47156967e+00 -9.11841480e-01
  9.68330220e-01 -3.21997394e-01 -6.43063199e-01 -1.54448519e+00
  1.57466905e+00  1.56305351e-01 -9.03543231e-01  8.49438123e-01
  1.63083522e+00 -2.16503629e+00  8.80467748e-01 -1.39150755e-01
  3.23897580e-02  8.67246013e-01  3.18159474e-01  7.65301662e-01
 -5.79416447e-01  7.75803635e-01  4.22479858e-01  3.23934991e-01
  7.76274185e-01 -1.48248680e+00  1.40999475e+00 -2.20570040e+00
 -1.46687759e+00 -1.32283249e+00 -7.16727709e-02  1.94069919e+00
  2.33468846e-01 -7.57275099e-01 -3.40710605e-01  2.16813003e+00
  1.99826377e+00 -1.19164181e+00  3.72186663e-01  2.33970031e-01
 -5.95779143e-01  2.10806822e-01  1.35828475e+00 -1.17755026e+00
  2.37325093e-01  4.83178434e-01  5.19399061e-01 -7.64356499e-01
  6.65349994e-01  7.43838710e-01 -2.01583138e-01  9.83222246e-01
  4.01877590e-01  6.78260782e-01  1.63973405e+00 -7.24997136e-01
 -6.80430139e-01  1.82516503e+00 -7.19982841e-01  8.46549511e-01
 -9.49817346e-03 -4.41174955e-01 -9.02995211e-02  1.50777940e+00
  1.06639068e+00 -5.00247141e-01 -2.23951824e+00 -3.18698337e-01
  9.36948050e-02  3.64938332e-02 -1.00557057e+00 -1.82231040e-01
 -9.97791791e-01 -1.52526887e+00 -1.79082467e-01  1.02082204e+00
 -1.36640566e+00 -2.36959235e-01  1.89076420e+00 -1.65469785e-01
  5.30043020e-01  1.00535899e-01 -1.29466032e+00 -2.16591983e+00
 -1.01374307e+00 -1.33337919e+00 -3.99276475e-01  2.17818624e+00
 -4.76045474e-01 -2.10967927e-01 -2.09775293e+00  1.05332160e+00
 -1.37930478e+00  4.83582957e-01  1.21972962e+00 -1.54934625e+00
  8.87716324e-01  1.00277653e+00  1.18740551e-01  1.39571536e+00
 -7.34788211e-01 -6.93635283e-01  5.81691421e-01  1.65227345e+00
  1.72028690e+00  1.38117696e+00 -6.90029465e-02 -1.38305039e-01
  9.67985118e-01 -3.64263401e-01  3.22523190e+00  1.24619385e+00
 -1.56357539e+00  7.10319059e-01  1.07259150e+00  2.64767703e-01
 -2.26672431e-01  4.15714388e-01 -1.26547576e+00  1.96210683e+00
 -2.07291301e-01 -6.20192789e-01  5.29347536e-01 -5.27039612e-01
 -1.34616291e+00 -1.67417410e+00  8.25727923e-01  7.83186633e-01
  1.85800769e-01  1.53173525e+00  9.00168796e-01 -1.76591936e+00
  4.80122429e-01 -3.35649001e-01 -6.22003403e-01  2.62343100e-01
 -3.23875412e-01 -1.11279469e+00 -2.54443968e-01 -6.03060117e-01
 -1.16708843e+00 -1.06360940e-01 -4.30035064e-01  6.99402169e-01
 -5.25982504e-01  7.67831891e-01 -6.92740922e-01  1.58613867e+00
 -1.15388775e-01 -1.34608204e+00 -7.62974308e-01  4.21462840e-01
  1.44011793e-01  1.95176483e+00 -6.61620176e-01  1.48946555e-01
 -8.87059795e-01  1.88945874e+00 -2.04340238e-01  1.18864632e-01
  2.59125114e-02 -1.25628321e+00  9.02649872e-01 -1.02187612e+00
 -1.95676313e-01  2.95135174e-03  1.49545428e+00  4.53435442e-02
  6.51662067e-01 -7.75047284e-01 -3.83476322e-01  6.04938769e-01
  1.80167065e+00 -2.17954512e-02  7.75383636e-02 -1.38216768e+00
 -5.06505262e-01  1.04756836e+00 -8.28181246e-01  2.18058871e+00
  9.20604133e-01  4.19541158e-01 -6.88373083e-01 -2.69699246e-01
 -1.01755447e+00 -3.99945644e-01 -8.49509526e-01 -1.77557598e+00
  1.15860849e+00 -1.62388052e-01 -8.59470187e-02 -1.86264856e+00
 -5.85044443e-01 -4.24325071e-01  8.96825001e-01  2.32758461e+00
 -2.20894542e+00 -4.27073227e-01 -1.34019672e+00  3.41124025e-01
  6.22657522e-01 -4.27054318e-01  5.86886793e-01  6.70066529e-01
 -1.62209943e+00  1.06868216e+00  5.50144427e-01  1.98183196e-01
  4.91336104e-01  1.54329050e+00  2.05606907e-01 -6.76107313e-01
 -8.30460083e-01  1.17418598e-01 -8.61870364e-01 -1.92512461e-01
 -8.70402600e-02  1.06315836e+00  1.13308399e+00  3.29231668e-01
  1.01792012e+00 -2.64940871e-01 -8.62047031e-02  1.70749461e+00
  1.47343885e+00  2.09526438e-01  1.01697678e+00  1.51901943e+00
 -1.12162108e+00 -1.77367875e-01  1.12027921e+00  7.52886006e-01
  1.33286979e+00  1.07509193e+00  3.62933655e-01 -9.17031073e-01
 -1.80619257e+00 -7.08535300e-01 -5.04798092e-01 -1.26370721e-01
  1.33574302e+00  1.25917600e+00  2.37995767e-01 -1.55416982e+00
  1.25973977e-01 -7.15205666e-02  8.82254231e-01 -3.45701445e-01
  1.49366109e+00 -9.89625478e-01 -1.76163732e-01 -9.03657789e-01
  1.60803018e+00  1.73271701e-01 -1.05412708e+00 -1.89241093e+00
  1.60461108e-01  1.56375048e+00 -9.16432375e-01  1.07265950e+00
 -4.24123577e-01  1.64605961e+00  7.12726070e-02 -3.45056386e-01
  9.19450681e-01  6.65311915e-01  1.78282666e+00  1.20160488e+00
  2.68639665e-01 -4.79441445e-02  7.13083151e-01  5.84123266e-01
 -3.16953764e-01  5.83295986e-01 -1.55866567e+00  1.66952879e-01
 -1.60609715e+00  4.19987701e-01  4.27440711e-02 -3.66977874e-01
  4.49797417e-01  5.54941661e-01 -1.52728368e+00  1.64558296e+00
 -6.29005855e-01  8.65709083e-01 -6.75054052e-01  7.33505075e-01
 -1.01647126e+00  4.09468834e-02  1.41683972e+00 -2.34021542e-02
 -1.23930549e+00 -7.55222866e-01 -2.62002918e-01  1.84022735e-01
 -5.77986704e-01 -1.04728668e+00  2.18803535e-01 -1.04000506e+00
  8.68997653e-01  2.76396853e+00 -1.10484946e+00 -4.63939946e-01
 -6.37115038e-01  3.22319622e-01  3.87650268e-01 -2.72979412e-01
  5.98546117e-01 -1.55099065e-02  3.00900048e+00 -7.92315160e-01
 -9.11105510e-01 -5.22335766e-01 -4.93177167e-01 -1.10386663e+00
  9.97452748e-01 -1.54313322e+00  1.80436292e+00 -6.32304891e-01
 -2.11316381e+00 -8.99354492e-01  5.98143621e-01 -1.05718019e+00
 -6.99189392e-01 -9.79056894e-01  1.69904195e-01  1.03426148e+00
  4.87575302e-01 -5.22066257e-01 -4.22717614e-01 -1.85922606e+00
 -2.05604612e-01 -1.86428555e+00  1.37310043e+00  6.38151227e-01
  1.07673107e+00  2.98846262e-01  3.45922226e-01  2.82147470e-01
  7.21307477e-01  1.94025971e+00  2.23532209e-01 -3.68455523e-01
  6.89455064e-01 -1.12654440e-01  1.88258770e-01  1.13105124e+00
 -6.31346130e-01 -1.18724264e+00  3.41198885e+00 -8.58643247e-01
  7.52512105e-01  9.34813504e-01 -4.72178538e-01  6.78991555e-01
 -6.14610886e-01  4.89407288e-01 -1.51272575e+00  3.01087411e-01
  5.32240515e-01 -1.52169430e+00  4.14536572e-02  1.00551382e+00
  4.87175160e-01  1.46461856e+00 -3.74994737e-01 -2.05564116e-01
  1.66085989e+00 -8.82568022e-01  6.98777867e-01  4.97453246e-01
  9.71963676e-01 -8.84051138e-01 -2.62685698e-01 -1.33007666e-01
  5.62946104e-01  1.12348520e+00 -9.33904150e-01  1.57806231e+00
  3.38758944e-01  1.62801061e-01 -1.84081100e+00  1.40775261e+00
 -1.71775460e+00 -5.15005894e-02 -1.75440231e-01 -6.69329805e-01
 -1.43248141e+00 -5.75591003e-01  1.96788688e+00 -8.73294098e-01
 -6.09562082e-02 -9.97358689e-01  1.67364890e+00  1.25003181e+00
  1.25359699e+00  7.17747487e-01 -2.80147223e-01  3.36969052e-01
 -1.59027450e-01 -6.73302978e-01 -3.13623373e-01  6.18380556e-01
  5.75143396e-01  2.85628838e-02  2.84605756e-01  9.59980884e-01
 -1.46854359e+00 -2.83646477e-02 -5.78436248e-01 -1.27435252e-01
 -2.39080818e-02 -3.60278983e-01 -5.48221928e-01 -1.77392001e+00
  1.44475774e+00 -6.70987152e-01  9.34113735e-02  1.00856769e-01
  6.72446724e-01 -7.95484885e-01 -6.60691158e-01 -1.14621102e+00
 -1.68329013e+00  9.79315783e-01  3.53853778e-01 -1.26979284e+00
 -6.08930714e-02 -1.12730038e+00 -4.25618730e-01  3.15971704e-01
 -1.09196047e+00 -6.71907653e-01 -1.28540195e+00 -7.93415138e-01
 -2.46462636e-01 -3.35761714e-01 -3.20881832e-01 -5.81335998e-01
 -5.35480533e-01  9.52809308e-02  2.50189116e-01  7.90843716e-01
 -9.82402358e-01 -9.14797610e-01  6.98457113e-01 -5.65352256e-03
  4.73978789e-01 -7.31042557e-01  7.15472598e-01 -9.45451431e-01
 -5.60860226e-01  3.96761654e-01 -5.96158989e-02  4.19156630e-01
  1.38360630e+00 -8.17503437e-01 -2.29715775e+00 -8.11444813e-01
  1.81736567e+00 -1.29643715e+00 -7.23426021e-01  1.21202260e+00
 -8.17673232e-01  3.03423009e-01  1.02579540e+00 -1.24349547e-01
 -9.05645760e-02 -1.35871894e+00 -2.40816637e-01  4.78205534e-01
 -5.28861237e-01  6.66167361e-01 -8.08030661e-02 -1.49665668e+00
 -4.86878604e-01 -1.91059198e+00 -1.01689121e+00 -1.24164325e+00
 -6.72000064e-01  4.50328963e-01  1.80070370e+00  1.20446460e-01
 -1.75778023e+00 -4.26740441e-01 -1.37737962e+00  5.90327195e-01
  1.23746251e+00  1.02037069e+00  2.37464130e-01  1.45282154e-01
 -8.72133113e-01 -1.20064180e+00  7.30315135e-01  1.97505756e-01
  6.68990768e-01 -7.13970283e-01 -3.67981673e-02  8.43598615e-01
 -1.18736241e+00 -7.08068858e-01 -1.14152407e+00 -8.28233202e-02
  4.70085785e-01 -3.64165484e-01 -2.83744050e-01 -8.91750185e-01
  1.74217532e+00  6.63159951e-01 -4.12312728e-01 -6.01681038e-01
  8.26101550e-01  9.30990291e-01  1.07825232e+00 -8.97803190e-01
 -7.44661663e-01  5.08611907e-01  3.96139387e-01 -8.57789047e-01
 -1.23434108e+00  4.84267630e-01  5.29628668e-01  1.04717091e+00
  1.34832843e+00  1.56124113e+00  1.78558508e-01 -2.75160636e-01
  5.82184620e-01 -2.14602896e+00  1.17974719e+00 -3.74740595e-02
 -9.00881666e-02  1.14019219e+00  9.64810568e-02 -9.83083255e-01
 -7.34482905e-01 -7.99064355e-01  2.51092304e-02  1.07773167e+00
 -3.40779786e-01  5.37026963e-01 -1.12143188e+00  1.67146706e+00
 -3.76290515e-01  5.23013471e-01  8.02566180e-01  2.30739620e+00
 -5.54171394e-01 -2.50333990e+00 -4.93701416e-01  5.64800394e-01
  6.34971013e-01  7.19956997e-01  2.62449983e-01  1.38575546e-02
  1.28344812e+00 -1.27842900e+00 -7.75539989e-02 -7.63152072e-01
 -7.68580035e-02 -2.54548256e-01 -1.63496755e-01  4.60570859e-01
  2.47659148e+00 -3.47329765e-01  1.04336799e+00 -1.20186153e+00
  6.64211343e-01  1.45588153e+00 -7.71359198e-01  8.29050468e-01
  3.06184459e-01 -1.82439933e-01 -6.45994192e-01  3.88342097e-01
 -9.22279785e-01  5.53712942e-01 -8.47862691e-01  9.70554652e-01
  2.60735153e-01  1.09617065e+00  2.41679089e+00 -1.08193453e+00
  1.11101481e+00 -1.82133343e+00  2.03792937e-01 -4.58178354e-01
 -2.30587160e-01  1.14154068e+00  1.37806253e+00 -6.51003196e-01
 -1.65158981e+00  2.58405923e-01  2.32683952e+00  1.11158414e+00
  1.63974063e+00  2.55407772e-04 -3.94034274e-01 -5.38789759e-01
  7.76033718e-01  3.13713212e-01 -1.73824589e+00 -3.19666625e-01
 -5.13480407e-01  4.54269888e-01  1.00299735e+00 -1.30691568e+00
  2.61336350e-01 -1.30409121e+00  1.44929915e+00  6.19548676e-01
 -1.52521455e-01  5.42570022e-01 -1.71861330e+00 -1.43976982e+00
  1.24705867e+00 -1.16053392e-01 -1.32566882e-01 -1.17836468e+00
  4.26028900e-01 -5.57278073e-01 -8.42248938e-01 -3.22652816e-01
 -2.90359450e+00  1.01723057e-01  5.27583440e-01 -4.94738605e-01
  2.63306651e-01  1.62413862e+00  1.11297692e+00  8.92980301e-01
 -3.70150234e-01 -5.53886450e-01  1.01333853e+00 -9.17622028e-01
 -3.19058423e-01  7.67159538e-01  5.52493054e-01 -4.59955395e-02
  1.00707999e-01 -6.95411907e-01  5.72943118e-01 -9.91754148e-01
 -4.29808867e-01  4.99512278e-01  3.28919301e-01  2.76741779e-01
 -1.35014478e+00  4.50692770e-01  4.07201541e-01 -5.07756420e-01
  6.82685190e-01 -1.43389731e+00  9.10118495e-02  1.05499293e-01
  3.61665406e-01  3.08433110e-01 -6.71734861e-01 -3.76760058e-01
 -1.69286939e+00  9.31144979e-02  2.10002910e+00 -9.86193614e-01
 -1.80255140e+00 -6.86887434e-01  1.22603081e+00 -4.38216695e-01
  2.52904975e+00  9.70557927e-01 -5.94204143e-01 -1.51533611e+00
  6.85536629e-01 -2.01376689e+00  1.10272724e+00  1.98616684e-01
 -2.07456460e+00 -1.64611554e+00 -3.27784130e-01  1.22378563e+00
  4.61156783e-01  8.93497745e-01  2.76960000e+00  2.68295149e-01
  1.00295904e+00  7.31578585e-01  1.30643033e-01  7.51266769e-01
 -1.26218146e-02 -6.80790980e-01  8.09043295e-01 -2.69549630e-01
 -3.18179758e-01  5.44777046e-01 -6.98599747e-01 -1.12908925e+00
  2.68639923e-02  3.70270406e-01 -3.31306083e-01 -1.15352167e+00
  1.38005012e-01  6.73029680e-01 -4.82910729e-01 -3.96878780e-01
  4.88845357e-01  7.23972349e-01 -6.65976366e-01 -3.07008439e-01
  2.69068358e+00 -1.09370808e+00 -1.21731673e+00  3.39778827e-02
  2.67849799e-01  1.45022027e+00 -1.75021404e+00 -1.83435416e-01
  2.53010101e-01 -4.24564340e-01  3.26071918e-01  6.30905094e-01
 -2.04902194e-01 -1.28522295e+00 -4.15235223e-01 -1.30185317e+00
 -3.35559628e-01  5.31704171e-01  1.64211937e-01 -7.77770973e-01
 -1.14948123e-01  1.57887578e-02  2.32947748e-01 -1.66854499e-01
  1.21960485e+00  1.10413245e+00  1.34426327e+00 -4.26844368e-01
  5.47259047e-01 -1.59458464e-01  1.83006035e-01  1.53927641e+00
  2.29420053e+00 -8.17419152e-01 -9.44587821e-01  2.29417054e+00
  3.54625576e-01  7.21449705e-01 -1.02901510e+00 -5.25772634e-01
 -4.49408431e-01 -9.41033251e-01 -9.68852507e-01 -3.59622598e-01
 -5.24792723e-01  7.21052989e-02  3.86127746e-01 -1.47601825e+00
 -7.25194321e-01 -5.29443141e-02 -2.82828074e+00 -1.02428055e-01
 -3.33706137e-01  2.14917106e+00  7.76371664e-01  7.35761685e-01
 -7.16887701e-01 -8.25066671e-01  9.74195681e-01  1.13898185e+00
  1.23290710e+00 -5.50495401e-01 -1.65178939e+00  4.49614080e-01
  7.15866009e-01 -3.52362366e-01 -1.41525735e+00  2.71981319e+00
  1.89298881e+00  1.60767147e+00 -8.79052791e-01  4.05694075e-01
  8.00119002e-02 -2.18761094e+00  9.11894185e-01  5.01555958e-01
  1.00464216e+00  5.65705832e-01 -1.31760141e+00  4.10814978e-01
 -7.14891776e-02  4.54508975e-01 -2.78334735e-01  1.26962539e-01
 -7.07781637e-01  7.08901745e-01 -2.83897880e+00  2.73277073e-02
  1.46318335e+00  3.49188676e-01  9.84122357e-01 -8.41951814e-01
 -9.94312631e-01 -5.29918918e-01 -1.48541171e-01 -2.24749620e+00
 -1.38806896e+00 -6.87250924e-01 -1.80282475e-01  1.16812641e+00
 -2.00871451e-01 -1.04441021e+00 -1.41485357e+00 -1.95671973e-01
 -2.57084349e-01  1.15422254e+00  1.68922054e+00  2.36397088e+00
 -3.75993503e-01  1.44454742e-01  1.30893146e+00  7.36570036e-01
 -1.74684989e+00  1.43956139e-01  7.06951666e-01  1.66291239e-01
 -1.17251510e+00 -3.33563339e-01 -8.02650081e-01  1.05998014e+00
  5.32990984e-01 -1.67958769e+00 -7.51934312e-01 -3.71906515e-01
  4.17661048e-01  5.11891910e-01  2.37387486e-01 -3.59717964e-01
  2.86239800e-01  2.64581073e+00 -1.41722978e+00  6.94394903e-01
 -5.70735999e-02  4.37364885e-01  8.03553819e-01  4.90956398e-01
  1.86251403e+00  2.67514109e-01 -1.88616623e+00 -2.80964187e-01
  3.45978427e-01  1.22039227e+00  6.41935444e-01 -1.07336338e+00
  1.15129324e+00  8.62609206e-01  1.29143351e+00  5.19528798e-01
 -5.05365834e-01  4.84396713e-01  1.13246027e+00  2.49617828e-01
  4.97593206e-01 -5.01625289e-01 -1.09759617e+00  9.80354580e-01
  3.03247861e-01  1.61328892e-01 -1.08164455e+00 -2.28233109e-01
 -1.34429367e-01  8.10040836e-01  1.40952497e+00  1.58600061e+00
  7.33861612e-01 -6.62406776e-01  1.47217217e+00 -3.02318175e-01
  5.20911515e-01 -2.00515752e-01  1.71313538e+00  2.30644607e-01
  5.07991228e-02  1.04855540e-01 -6.87030012e-02  8.25771747e-02
 -7.01168040e-01 -1.27356425e+00 -1.05441244e+00 -1.79628655e+00
 -5.94010249e-01  1.39263759e+00 -6.20394458e-01  1.12310996e-01
 -2.55816364e-01 -1.57451604e-02 -1.55415536e+00  1.59603555e+00
  2.12063518e+00 -2.40763915e-01 -2.84135000e-01  2.28814050e-01
  8.32338776e-01 -7.42800543e-01  8.28095758e-01 -1.60667546e+00
  1.10708566e+00 -1.44868526e+00  1.13513179e-01  1.51767743e-01