-5.15823935e-01  8.43785517e-01  6.66115814e-02 -6.22676391e-01
  1.76486132e+00 -8.95543296e-01  1.32583349e+00 -9.20108665e-01
 -8.35874004e-01 -2.11093268e-01  1.37907503e+00 -1.07382037e+00
  1.69926940e+00 -6.65899521e-01 -1.49759693e+00  1.39256148e+00
 -1.04503443e+00 -2.06910742e+00  4.89284845e-01 -6.62071398e-01
  1.39857317e-01 -1.13654512e+00  2.99739320e-01 -8.64953711e-01
  6.01622873e-01  1.14561248e+00 -6.16997028e-01 -8.28809071e-01
  2.15800359e+00  1.87687309e+00 -3.02545968e-01  1.04562819e+00
 -4.86577298e-01 -7.24716908e-01 -1.14412062e+00  1.03824791e+00
  2.92906705e-01  8.96527704e-01 -1.32475701e+00  3.81463994e-01
 -3.49202818e-01  1.50225061e-01  5.59582626e-01  1.32510226e+00
 -1.92535021e+00 -9.69004539e-01 -1.30544064e+00 -2.22133288e-01
 -3.56033809e-01  1.88965470e+00  2.98681676e-01 -9.31363056e-01
 -9.58803002e-01 -1.77385449e+00 -5.01893270e-01 -1.03554693e+00
  1.08841795e+00 -2.06296354e-01  8.92621746e-01 -1.14293011e-01
  3.95358764e-01 -1.24133128e+00 -1.64492911e+00 -3.34136193e-01
  2.11006015e-01  4.71173257e-01  3.31265687e-01  8.67034970e-01
  1.50933065e+00  1.82501825e-01  2.81375747e-01  1.01978051e+00
  1.96163281e-01  1.80579198e-01  7.81302497e-01  3.18438219e-01
 -1.47475479e+00 -2.83895561e-01 -4.82679849e-02 -1.07550065e+00
 -4.01935705e-01 -2.95970660e+00  2.50147880e+00  4.86650253e-01
  6.71484283e-01  2.64625858e-01  4.08647990e-01 -1.73937833e+00
 -1.12427972e+00 -1.07618490e+00  1.39993003e+00  9.17000360e-01
 -1.38664809e+00  5.94158552e-03 -8.88541202e-01  1.24076813e+00
 -1.16188322e+00 -2.94581788e-01 -1.45931827e+00  4.89477858e-01
 -5.97721834e-01 -2.02108887e-01  1.11795852e+00 -6.43122193e-01
  7.05640301e-01  9.38075416e-01 -7.54292162e-01 -1.56797090e+00
  9.09316564e-01 -4.77791318e-01  6.65457903e-01 -2.01123893e+00
 -8.05091240e-01 -9.52853648e-01  5.87085652e-01  1.22093131e+00
  9.19784310e-02 -2.27747334e+00 -4.28187506e-01  9.83764980e-01
  2.43111375e-01 -1.07045631e+00 -1.18853785e-01  3.39930963e-02
  6.47236586e-01  1.05802078e+00 -1.30739408e+00  1.02941884e+00
 -1.02309872e+00 -7.61033847e-01 -1.35178248e-01 -7.34797848e-01
 -6.12147148e-01  1.06674873e+00  9.99393561e-01  1.12783230e+00
  1.70558106e-01  1.68737268e-01  5.13036011e-01 -1.62659778e+00
 -4.02331434e-01  1.04692225e+00 -8.24621306e-01  1.29308645e+00
  9.78063601e-01 -1.90878648e-01  1.68614209e+00 -2.16489537e-01
  5.79943518e-01 -8.22255172e-01  1.37536687e-01  1.90563816e-02
 -2.80173418e+00 -5.23662393e-01 -4.29097461e-01  1.04264456e+00
 -1.58574544e-01  7.69144433e-01 -1.95584590e-01  7.93955669e-01
 -8.99832875e-01 -5.97376695e-01  1.99190206e+00 -3.21815997e-01
 -7.43369200e-01  9.53290195e-01  4.12815633e-01 -1.29708364e+00
  7.20751976e-01  1.62991648e-01  1.17679892e+00  5.47038982e-01
  1.91346490e+00 -1.57469170e+00 -3.36330037e-01  2.75822556e-01
 -7.43768377e-01  5.13103477e-01 -1.41146856e-01  5.81953311e-01
 -6.37172678e-01  7.16027668e-01 -2.78924328e-01  4.71915190e-01
 -1.13214757e+00 -5.16515995e-01 -1.14383198e+00 -9.23456966e-01
 -2.36401709e-01  5.35288671e-01 -5.42634430e-01  8.39000212e-01
 -1.28039398e+00 -5.93693373e-01  2.12376017e+00  2.14756664e+00
  4.75398869e-01 -7.61846439e-01 -2.85614817e-01  2.38280571e-01
 -6.81365668e-01  2.01208212e-01 -9.85655733e-01  5.50168280e-01
 -3.21171416e-01 -1.53333886e+00 -2.77025260e-01  5.73284149e-01
  1.20034299e+00  1.30074321e+00  1.49849273e+00  1.93199013e+00
  9.79567130e-01  2.33577747e-01  2.27143574e+00  2.07569727e+00
  6.78291107e-01 -8.00167874e-01 -1.37523407e+00 -1.59195922e+00
 -7.01987526e-01  2.04675623e+00 -3.08853895e-01  8.02211808e-02
 -3.66914267e-01 -3.20996139e-01 -2.86724545e+00 -8.59405259e-01
  6.60652428e-01 -1.84569097e+00  7.05952813e-01 -1.01727096e+00
  4.23714021e-01  1.09615707e+00  5.06867415e-01 -6.98363774e-01
 -1.59560692e+00  1.16814730e+00 -9.97907061e-02  1.36722446e+00
  2.06451772e+00 -1.40229572e+00  6.85773214e-01  4.69638825e-01
 -2.46679388e-02  2.55176218e-01  1.91311370e+00  1.87408002e+00
 -1.19817258e+00 -1.38633805e+00  3.90875030e-01  2.87067877e-01
 -1.34544127e+00  6.25737682e-01  7.39571168e-01 -1.11073189e-01
 -4.19994741e-01  1.91315239e+00 -8.80533460e-01 -3.49478479e-01
 -1.20255012e+00 -2.47751778e-01  5.11844101e-01  3.24849861e-01
  1.16621040e+00 -4.20830652e-01  5.93538802e-01 -9.04212497e-01
  1.54803764e+00  4.39174399e-01  9.47955049e-01 -1.84914858e+00
  8.09706863e-01  9.04335642e-01 -2.16226540e+00 -1.24903691e-02
 -6.01015707e-01  9.46364368e-01 -6.00178752e-02 -1.14553312e+00
 -3.14090940e-01 -2.47671243e+00 -1.50093960e-01  6.93545273e-02
  4.61247707e-01 -1.08694979e+00 -1.45181786e+00  2.52279192e-01
 -5.88080270e-01  8.33825017e-02  9.06587875e-01  1.00131147e+00
 -1.47031455e+00 -1.25531677e+00  3.42430137e-01  3.62896791e-01
  1.80120884e-01  1.96736502e-01 -2.81627056e-01  2.19579396e-01
  1.58643258e-02  1.17305404e+00 -4.80337687e-01  1.50086227e+00
  1.62848437e+00 -7.19115088e-01  6.65629270e-01 -1.88485886e-01
  9.90736969e-01 -1.23474634e+00  1.34034719e+00 -6.01765393e-01
 -1.48876471e+00 -2.86046480e-01 -3.21837066e-01  1.43816494e+00
 -7.33196859e-01 -1.29418366e+00 -1.88800856e-01  7.36590333e-03
 -5.38566049e-01 -3.05516617e+00 -6.97761213e-01 -1.54256400e+00
  7.24561755e-01 -2.20842900e+00  1.53696167e+00 -1.42957109e+00
  1.45582972e+00  1.18948447e+00  5.98962273e-01  5.62223728e-01
 -9.12466400e-01  7.35620417e-03  1.37001987e+00 -3.28073900e+00
 -1.89112977e+00  1.20234427e+00 -7.70876272e-01  9.50946454e-01
  1.15842332e+00  3.14611162e-01 -8.57697892e-02 -5.84551305e-01
  4.36863091e-01 -1.83619329e-01  1.08766619e+00  5.79495081e-02
 -7.81022613e-01  8.74835768e-01  4.75290584e-01 -8.67550571e-01
  1.75884456e-01 -7.41590580e-01  1.73264159e+00  6.25287322e-01
 -1.02551091e+00  2.78878242e-02  3.54354842e-01  1.37528424e+00
 -9.18160533e-01  7.28158711e-01  5.25006143e-01 -1.38057788e-01
 -1.02569889e+00  1.61046730e+00 -2.03324929e-01  1.70095988e+00
  1.22547205e+00  6.78120658e-01  4.00450730e-01 -9.02788726e-01
 -2.70136107e-01 -1.06240930e+00  5.81546739e-01  1.20944900e-01
 -1.20808114e+00 -8.43599100e-01  4.71957255e-01  8.85303465e-02
  8.20873131e-01  3.55086734e-01 -5.87154517e-01 -2.64192985e-01
  3.54423286e-01 -1.80477331e+00  3.41505993e-01 -9.44827779e-01
  1.88893107e-02  5.97359318e-01 -8.81492996e-01  1.69335437e+00
  1.71337187e-01 -1.19529251e+00  1.61976693e+00  3.18338464e-01
 -5.08836577e-01  1.70010698e-01 -8.41354964e-01  1.33675598e+00
  2.20490864e+00  5.33832760e-01 -9.72861888e-01  1.36188473e+00
 -1.46564980e+00 -3.69033909e-02  7.07732120e-01 -8.90732326e-01
 -1.89717505e+00  1.97556593e+00 -1.41887130e+00  5.36416608e-01
 -4.03666639e-01  6.53830147e-01  1.48554719e+00  7.32936494e-01
  4.32395669e-01 -1.08778381e+00 -2.00029265e+00  6.88154626e-01
 -6.99605643e-01 -2.75721290e+00  2.33431832e-01 -1.89105785e+00
 -1.55259537e+00  9.18638469e-01 -7.66227501e-01  1.49756506e-01
  3.26509579e-01 -5.82642818e-01 -1.20098455e+00  1.90899925e-02
 -2.79366985e-01  1.92701666e-01 -7.70703798e-01  1.60394421e+00
 -6.51014687e-01 -8.78499772e-01  2.69902611e-01 -1.30450888e-01
 -1.58380694e+00 -1.12006579e-01  2.26761405e+00 -5.67982133e-01
  1.10875143e+00  9.44612629e-01 -1.50683431e-01  9.26168020e-02
 -6.29082399e-02 -5.97175043e-01  3.80908634e-02 -2.18874404e-02
  9.32208916e-01  9.45350846e-01  1.52872777e-01  1.13991666e+00
 -8.51149807e-01 -5.52931160e-02  1.09924847e+00 -5.63107220e-01
 -7.26117716e-01  9.12184157e-03 -5.74143241e-01  2.66108586e-01
 -1.71995278e-01  1.20377352e+00 -9.18062037e-01 -1.02712681e+00
  1.94026874e+00 -1.39608830e-01  1.18902812e+00 -7.08509994e-01
 -7.47879857e-01 -1.62940697e-01  2.06108771e+00 -3.25478370e-01
 -2.38187658e-01  2.77315387e-01 -1.38073879e+00 -7.09042525e-01
 -8.00833137e-01  1.66209462e+00 -1.96989544e-01 -3.95949955e-01
 -5.05876046e-01  3.44575132e-01  2.72646010e-01  8.17368326e-01
  1.69726776e+00  1.82831471e-02  1.64246560e+00 -1.31981370e+00
  1.54031882e+00 -3.91174556e-01  6.18217495e-01  8.69340044e-01
  7.78617877e-01 -1.18499531e-01 -4.82787310e-01  5.78569001e-01
  1.49342216e+00 -1.91689451e-01  5.25853977e-01  6.65190678e-01
  1.22752372e+00  4.09909789e-01  1.20162218e-01 -1.76070405e-01
  1.99426523e+00  6.56387730e-01  6.50195276e-02 -6.13035864e-01
  3.31870337e-01 -4.76869431e-01  1.23017989e-01 -3.13187115e-01
 -5.05943027e-01  1.40171312e+00 -2.80613996e-01 -1.42543303e+00
 -8.74368049e-01 -8.01964196e-02 -1.55468952e+00 -1.76228622e-01
 -8.46227633e-01 -2.85871083e-01 -6.07346218e-01 -3.27752347e-01
  5.44363215e-01 -1.24464142e+00 -1.12406316e+00 -1.53110820e+00
  9.97659019e-01  1.43619055e+00 -8.86110256e-01 -8.63478436e-01
 -4.23316024e-01  1.13451720e+00  2.98489546e-01 -4.43553551e-03
  4.98913574e-01  1.16215606e+00  5.78646554e-02  3.49568375e-01
 -9.49171660e-01 -2.30813733e-01 -8.19810126e-01 -6.86556320e-01
  6.11459997e-01 -3.96890688e-03 -1.21747628e+00  8.88545382e-01
  1.30922555e+00  7.83186620e-02  3.29665656e-02 -6.69007468e-01
 -1.01316790e+00  3.44111243e-01  1.48058317e-01  1.52128059e+00
  2.40343001e+00 -1.59400524e+00  9.34040570e-03  6.00470683e-01
  1.19947006e+00 -7.58350061e-01  1.93541689e+00 -1.71672649e+00
 -6.16125747e-01  7.04130593e-01  2.51224527e+00 -3.15112132e-01
  2.07904640e+00  5.25814660e-01 -5.10682315e-01 -2.47399021e-01
  1.49477638e+00 -3.29230946e-01  2.61766682e-01  8.79481301e-01
 -7.55887180e-01 -1.13445893e-01 -7.78140220e-02  7.37080824e-01
 -8.42082037e-01  1.25358685e+00 -6.56065734e-01  1.17746480e-01
  1.81865893e-01 -1.43761621e+00  6.51232039e-01 -4.84409782e-01
  8.44303889e-01 -1.45201487e+00  7.77452491e-01  9.80589947e-01
 -9.82501285e-01 -1.88855093e+00 -4.62058515e-01  6.72646999e-02
 -8.88597873e-01 -1.62990780e+00  9.05495026e-01  1.50271136e+00
 -9.76708701e-01 -4.71924739e-01 -3.21323646e-01  9.08674839e-01
 -8.33667662e-01  8.96244466e-01  1.38434750e+00 -2.24814346e-03
 -9.90408344e-01 -1.42028499e+00 -1.32048987e+00 -8.27070124e-01
 -1.02149294e+00 -1.04353706e+00  5.05969667e-01 -2.75759340e-01
  5.69203020e-01 -7.15932977e-01  1.05800340e+00  1.38068372e+00
  2.73463441e-02  4.66367616e-01  1.06170194e-01  2.04867313e-01
 -1.06983631e+00 -2.50489816e-01  1.61687550e+00  1.45120250e+00
 -2.42843426e-01  9.54713848e-01  1.08099832e+00  1.41903557e-01
  1.44809023e+00 -6.51601582e-01 -2.17087350e+00  8.43651130e-01
 -7.40353161e-01 -5.36824619e-01  1.03219401e+00  1.25869671e+00
 -1.19292681e+00 -1.13763063e+00  6.51213495e-01  1.15150614e+00
  1.05765616e+00  1.11542040e+00  4.05106343e-01  9.33322483e-01
 -5.14257457e-01  2.90641674e-02 -3.30636197e-01 -1.10046251e+00
 -3.00187772e-01 -1.57278181e+00  8.13312177e-01  5.51169848e-01
 -6.04710040e-01  4.97955600e-02  2.33352475e-01 -6.34592464e-01
 -1.60062355e-01  1.32223460e+00  1.87221389e+00  1.10836942e+00
  1.93228330e-01 -1.32628694e-01 -1.27170881e+00 -4.10653640e-01
 -1.30721299e-01 -1.07015944e+00  1.17649841e+00  1.18730379e+00
 -1.89652706e-01  1.81291076e-01 -4.84225860e-01  6.10774433e-01
 -2.57706471e+00  8.01810857e-01  4.48381894e-01 -2.04672401e-01
  6.69056961e-01  3.86628428e-01 -1.99627948e+00 -1.22619692e+00
 -3.85777087e-01 -9.64737340e-01 -2.22907042e+00 -1.51203470e+00
  7.99052468e-01 -6.73250843e-01 -1.43929488e+00 -9.33699225e-01
  3.02715474e-01 -7.00033868e-01 -1.75915874e-01  1.33899535e+00
  2.05175148e-01  1.06632008e+00 -2.66802480e-01  2.12145749e+00
 -5.85552709e-01 -1.30940058e+00  7.18619866e-01 -1.51294583e+00
 -2.79920252e-01 -8.29787542e-01  2.99142025e-01 -6.81973643e-01
  9.70370036e-01 -1.23484491e+00  6.80759598e-01  7.05343636e-01
 -3.44757704e-02 -5.13677763e-01 -1.10378741e+00  4.66936197e-01
 -9.69538550e-01  4.33298856e-01  4.97363779e-01 -9.24209076e-01
  5.85254277e-01 -1.61349108e+00  1.73449320e+00  8.92167875e-01
 -1.60177455e+00 -9.83183978e-02  2.18285351e+00 -7.95613613e-02
  6.23685011e-01 -1.16426888e+00  1.45815461e+00  5.14975138e-01
 -7.60879629e-01  5.23969409e-01  9.38112204e-01  5.92990972e-01
 -8.01806668e-01  3.73386423e-01  5.87764635e-01 -8.32915853e-01
  7.87561532e-01 -1.27981656e+00  7.28608298e-01  3.89405294e-01
  1.72615846e+00 -6.79246558e-01 -1.01493226e+00  7.08239606e-02
 -5.41510037e-01 -4.45010835e-01  9.74728838e-01 -1.24475491e+00
  6.21210665e-02  7.64254132e-01 -4.49009755e-01 -9.45066751e-01
  6.25330163e-01  2.08447928e-01 -1.53510680e+00  3.35074088e-01
  5.76380844e-01  9.71915724e-01 -6.09221061e-02  1.46803456e+00
  4.20730251e-01  8.97746023e-01  4.98213120e-01  7.91087787e-01
  6.70341686e-02  6.52532848e-01  2.36907459e-01  1.26745540e+00
  8.61126651e-01 -4.37743823e-03  2.45875704e-01 -3.06675740e-01
  1.07274599e+00 -1.51692547e-01  2.37388901e-01  3.83422581e-01
  4.13733514e-01 -1.71375825e+00 -7.80112461e-01 -3.12916735e-02
 -1.78544705e+00  1.05107431e-01 -1.14705336e+00 -2.12455452e+00
  5.53695520e-01  6.85846016e-01  4.24659014e-01 -4.75929089e-01
  1.11316333e+00  1.40106193e-02  4.33301947e-01  1.31361793e+00
 -4.12683539e-01  1.56519631e+00 -1.01775160e+00  1.91440668e+00
  1.17479266e+00  5.69581266e-01  7.15016635e-01  8.52977320e-02
  1.81669460e+00 -8.45954395e-02  1.67609080e-01  6.31260039e-01
  8.02787689e-01 -3.90914799e-01 -1.29145683e-01 -1.70671787e-01
  5.06226407e-01 -7.61861403e-01 -1.25204906e-01 -1.83342997e-01
  9.78144028e-01 -1.00064856e+00  3.62543848e-01  7.47581039e-01
 -8.04400047e-01 -9.39603795e-02  1.03034076e+00 -4.79476554e-01
 -8.31129009e-01  4.00793571e-01 -7.96498885e-01  1.73381633e-01
  7.06703740e-01 -1.00565880e+00 -2.90747727e-01  1.34497164e+00
  5.94799240e-01  8.25874955e-01 -1.04322985e-01  8.08274385e-02
  2.73519272e+00 -2.90101090e-01 -1.15531127e+00 -1.21365579e-01
  1.81934331e+00 -6.84726525e-02 -1.39065027e-01 -1.09523144e+00
 -3.68741050e-01 -2.35405692e+00 -2.97734071e-01 -6.44072576e-01
 -3.46078304e-01  6.56363637e-02  3.90343146e-01 -1.60984119e-01
  7.26998548e-01 -3.54560657e-01  3.01475910e-02 -1.80433128e+00
  3.93062585e-01  1.94811333e+00 -3.86586064e-02 -4.75328387e-01
  8.05924117e-01 -1.16409004e+00 -7.93909524e-01  8.26120592e-01
 -1.64935096e+00  1.73758617e+00  1.24229655e+00  1.09417901e+00
 -1.76319865e-01  6.68321424e-01  1.69085344e-01 -2.11390426e-01
 -4.78311080e-01 -9.80191546e-02 -6.87716496e-01  7.38531587e-01
  1.26557683e+00  8.13418269e-01 -3.45927641e-02  8.98664842e-01
 -5.01198562e-01 -6.49477504e-01  5.01937793e-01 -2.02623534e-01
 -6.12977316e-01 -1.78098574e+00 -7.21700573e-01 -1.22629319e+00
  1.39961788e-02 -1.26026431e+00 -4.47384834e-01 -7.53389114e-02
 -2.39816809e-01  6.54738713e-01 -2.87936957e-01  7.07335680e-02
 -6.50427974e-01 -1.62951818e+00 -1.95924653e-02 -4.44230568e-01
 -6.84990871e-01  1.14355792e-01  1.54002478e+00 -1.17498353e+00
  2.07651182e+00 -2.04498531e-01  5.89713053e-01 -1.40260205e+00
  2.94504706e-01  1.94977942e-01  1.39267584e-01  8.73860838e-01
 -1.32648957e+00 -1.41926271e+00  8.82950706e-01 -1.02556849e+00
  6.02505997e-01 -1.40114400e+00  1.16840902e+00 -4.12921767e-01
 -3.56866918e-01 -5.09736728e-01 -5.54299734e-01 -1.52557002e+00
  1.56541405e+00 -7.88540018e-01  2.79704682e-01  7.28355773e-01
 -1.00293879e+00  8.09557765e-01  2.98465785e-01  6.34408798e-02
  1.16487461e+00  4.80667187e-01  1.01115348e-01  2.57720200e-01
 -8.58873234e-01  3.98509935e-01 -6.04634932e-01  2.25527037e+00
 -1.41780517e+00 -6.86697274e-01  1.72075409e-01 -8.81037562e-01
  1.74690000e+00 -3.68591687e-01  9.63823949e-01  1.12554895e+00
 -1.77897703e+00 -1.90868693e-02  1.25808337e+00  4.80947355e-01
 -7.04052985e-01  6.96431350e-01  7.57766048e-02  6.95993481e-01
  7.02424953e-01  7.14234467e-01 -3.04918830e-01 -7.83458402e-01
  1.16996745e+00 -2.11850856e-01 -2.68861405e-02 -3.44383011e-01
  1.65630569e+00  7.03714245e-01 -6.93977805e-01  1.31698988e+00
  4.46912478e-02  7.19357762e-01  1.23133124e+00 -9.39999423e-01
 -2.12712947e-01 -1.09136284e+00  1.72399376e+00  1.69479920e-01
 -3.67552316e-01  4.54025258e-01 -6.92056798e-01 -2.95728098e-01
 -5.96467141e-01 -5.82495034e-01  4.41679886e-01  1.63589530e-01
  5.38381903e-01  1.13857844e+00  4.63114374e-01  8.86565033e-01
 -2.88455349e-01 -1.12455739e+00 -3.51868037e-01 -4.34083098e-01
 -2.59017557e-01  1.44816207e+00  3.14887029e-01 -8.03914125e-02