 6.49297835e-01  8.44860753e-01  4.31645814e-01  4.27589883e-01
  4.55926761e-01 -2.46201173e-01 -6.88817642e-01 -1.72929160e+00
 -1.03190814e+00  2.87962012e-01 -8.48935714e-01 -1.17798836e+00
 -5.31905002e-02 -1.41445196e+00  3.00621828e-03 -8.59246992e-02
  2.72822203e-01 -1.44333120e+00 -5.26680007e-01  6.67409080e-01
 -7.99123253e-01  3.53962436e-01  2.41200471e-01 -4.07743901e-01
 -6.99402394e-02 -5.54615178e-01 -7.21080624e-01  4.12023217e-01
 -6.85051645e-02 -5.07898132e-01 -1.57311569e+00  9.26399027e-01
 -5.58554466e-01 -4.86535240e-01  3.12244438e-01 -2.15732764e+00
  1.06108134e+00 -9.07329871e-01 -3.78252093e-01 -2.60325702e-01
  1.14073114e+00 -8.06184207e-01  4.81766116e-01  2.37368574e+00
 -9.81660357e-01 -1.08222016e+00 -3.45680003e-01  5.89335517e-01
  6.34022530e-03  4.69617853e-01  4.63799972e-01  1.43517523e+00
  6.26448446e-01 -1.01851790e+00 -1.02253407e+00 -1.29750982e+00
  1.36932980e+00 -2.80049410e-01 -5.78830867e-01  9.10272871e-02
 -5.25367771e-01  9.69134753e-01 -2.06945475e-01  9.06525859e-01
 -8.56485863e-01  7.69572740e-01  6.09300286e-01  2.56693769e+00
  7.82811941e-01  1.18808505e+00  6.44655284e-01  6.56925378e-01
  2.68213959e-01  2.53399029e-01 -1.27368436e+00 -3.20766983e-01
  4.54380944e-01 -2.87083510e-01 -1.48286977e+00 -7.36652919e-01
  3.30740485e-01  1.99361392e-02  3.00796746e-01  3.63569083e-01
 -1.67349085e+00  4.58536497e-01  1.58501731e+00 -1.07741680e-01
 -2.77147634e+00  1.05750431e+00  6.25376078e-02  1.88206907e-01
  1.43915742e+00 -9.66227148e-01  9.69697861e-01 -1.38697635e-01
  5.74790870e-01  3.48496729e-01 -7.09098021e-01  8.75594612e-01
  4.08659723e-01 -4.68268081e-01  2.85494771e-01  8.01984795e-01
  5.41195557e-01 -1.65678738e-01 -9.52287972e-02  3.65815212e-01
 -3.43631870e-01  5.01956887e-02  9.06385718e-01 -2.22520184e-01
  9.50460254e-01 -8.40228176e-02 -1.26129864e+00  1.06479048e-01
 -1.17626959e+00  2.44771887e-01  2.08107097e+00 -2.94756835e-01
  1.29967278e+00  2.30767580e+00 -1.40099557e+00  8.70474620e-01
  8.71777279e-01  3.37221766e-01  3.87874228e-01  1.06457715e+00
 -3.61899583e-01 -1.92727224e-01  2.35789546e-01  5.65113643e-01
  5.74601685e-01 -1.74505130e-01 -4.71495223e-01  3.19167622e-01
 -9.07278748e-01  2.08526697e+00 -1.13022029e-01  7.01655410e-01
 -1.24593874e+00  2.07213235e-01 -9.94698527e-01 -6.10064519e-01
  2.44431517e+00  8.95010133e-01  1.23329070e-01  8.01900635e-01
 -6.42136353e-01  9.91161756e-01 -2.11874258e-01 -6.49595428e-01
 -1.08037584e+00  5.04422905e-01  3.78947064e-01 -5.48359643e-01
  1.14882018e-01 -1.15847826e+00 -1.39580544e+00 -1.14351297e-01
  1.72906279e+00  1.00684816e+00  4.26729148e-02  1.41866793e+00
  5.00272796e-01  2.54330900e-01 -3.24529717e-01  4.75750004e-01
 -3.93824957e-01  3.59212810e-01  3.78560245e-01 -7.53144535e-01
 -6.21447479e-01 -3.84770939e-02  6.45885586e-01 -6.36199448e-01
 -2.32847738e-01 -4.25812865e-01  3.11349771e-01 -4.84716087e-01
  1.97468804e+00 -9.35669207e-01 -1.22494211e-01 -9.57998178e-01
  2.64334813e-01 -3.59981416e-01  6.95027383e-01 -1.83219686e-01
  1.27928254e+00 -1.41343330e+00 -3.86532890e-01 -1.68084988e+00
 -3.22141575e-01  9.80117586e-02  2.66364299e+00  4.05378801e-01
 -1.95507675e+00  1.01901727e+00  4.93343423e-01 -2.59297598e-02
  1.11137709e+00  1.40780379e-01 -5.61996882e-01  3.06529687e-01
  7.50269768e-01 -4.27847475e-01 -7.45653552e-01  1.06026149e-01
  7.23414371e-01  3.69829255e-01  2.32252626e+00  1.62826666e+00
  9.79074756e-01 -1.61339927e+00  8.59154623e-01  1.30395872e+00
 -2.67427901e-01  9.00518941e-01  1.90467935e-01 -1.21989894e+00
 -1.36913279e+00  1.30313913e+00 -7.10906445e-01  5.47414918e-01
 -2.21767416e-01  1.53964064e+00  2.93407870e+00  5.20029139e-01
  2.40880594e+00  5.15452832e-01 -4.87787909e-01  3.65954029e-01
  3.12128811e-01  1.85527991e+00  8.96657412e-01 -6.65671578e-01
  7.25011280e-01  2.12168963e-01 -9.52044783e-01  4.26149884e-02
  3.19032143e-02 -8.52837034e-01 -1.01427405e+00  8.41332216e-01
 -1.63956469e+00 -5.70025127e-01 -1.98412109e-01  4.96988360e-01
  1.16296902e+00 -7.29222319e-01  1.85185919e+00 -5.45087357e-02
 -2.99805459e-01 -1.27647274e+00  4.79540657e-01 -7.13066381e-01
  1.59045535e+00 -1.69797118e-02  2.05727753e-01 -1.14545002e+00
  2.85724125e-01  8.51840751e-01 -1.32974974e-01 -2.40770238e-01
 -2.13261752e-01  1.47918092e+00  1.73143189e+00 -3.27370726e-01
  5.06208782e-01  9.63578835e-01  1.19952535e+00  1.06206571e+00
 -1.27520413e+00  3.85515742e-01 -1.26659455e+00  1.05350008e+00
  1.88618590e-01 -6.21901869e-01  2.52135303e-01 -5.28595406e-01
  3.90006919e-01  9.52603802e-01 -9.93371523e-01  1.02779897e+00
  1.57539414e+00 -2.13288392e-01 -1.64356246e-01  9.09679571e-01
  2.77220982e-01 -8.26291882e-01 -5.58789992e-01  2.78505769e+00
  6.57892580e-01  2.05043957e-01  1.53740773e+00  8.18671974e-02
  1.17628040e+00  1.28493159e+00  3.00350232e-01  1.73419459e+00
 -5.01496082e-01  5.10702333e-01 -7.40234080e-01 -5.27314439e-02
 -8.38947357e-01 -9.14447347e-01 -3.82161607e-01 -3.93755331e-01
  9.98774437e-01  1.10961962e+00 -1.06924553e+00 -6.87642777e-01
 -1.61054821e+00  2.10542494e-03 -3.34008088e-01  3.06503376e+00
 -1.42072869e+00  6.32321127e-01 -1.52247582e+00 -5.63296132e-01
 -3.77062868e-01  3.84379935e-01  7.72955902e-01  1.78431298e+00
  1.05766002e+00  9.20995841e-01 -2.33901244e-01 -1.09375805e+00
  1.05945498e-01  1.55600538e+00  7.59286544e-01 -4.15941294e-01
 -1.35671233e+00  3.29314453e-01  1.83569358e-01  9.82336766e-02
 -1.65321634e-01 -1.06012942e+00 -3.25113427e-01  5.87990278e-01
 -3.88415003e-01 -4.44681890e-02 -1.80796702e-02  1.39624090e-01
  2.22005723e-01  6.78577370e-01  1.59247581e-01 -4.89633743e-01
 -8.51771475e-01 -6.55624877e-01  6.52241870e-01  1.97394144e+00
  2.89140500e-01  8.56558304e-01 -8.38800233e-01  2.96683486e-01
  4.61580013e-01  3.87811609e-01  1.83650582e+00  5.27727556e-01
  5.57670126e-01 -1.78330050e+00  2.85149163e-01 -7.15746573e-01
 -8.33264554e-01 -1.50579627e+00 -1.42675255e-01  8.91215553e-01
 -4.88161608e-01  2.33548035e-01 -6.97406414e-02  1.42265293e+00
 -1.86405096e+00 -6.07485619e-01  1.70317031e-01  1.09089430e+00
 -3.16643533e-02 -4.12269300e-01  3.17521674e-01 -2.12259954e-01
  5.40758797e-02  2.67259086e-01 -4.62470074e-01  9.53151983e-01
  2.85520989e-01 -1.51797596e+00 -1.63601401e+00  7.13523514e-01
 -8.97260394e-01 -8.72896255e-01 -9.60322386e-01  7.00760576e-01
  1.66841865e-01  1.18552825e+00  1.91107754e+00 -1.30234113e-01
  1.72902025e+00  1.24508252e+00 -3.77779030e-02  7.99259993e-01
 -4.66982021e-01 -1.45550271e+00 -1.46073141e+00 -1.56841158e+00
  1.06721721e+00  6.14293867e-01  4.23746595e-01  2.78260069e-02
  9.08250612e-01  1.12359880e+00 -9.78777717e-01  1.04816262e+00
 -3.19272309e-01  4.20184738e-01  1.82013771e+00 -6.76435654e-01
  1.45995148e-01  1.06278243e+00 -4.29155317e-01  2.22459978e-01
 -2.66498695e-01  7.62375345e-01 -1.36484645e+00 -1.81912902e+00
 -1.87101532e-01  1.89250898e+00 -1.48429068e-01 -8.64210643e-01
  3.86956110e-01  1.47963484e+00  6.12457129e-01  4.23746368e-01
 -5.93343130e-01 -5.89382335e-01  1.79536879e-01 -1.48970544e+00
 -1.17440670e+00  2.65078243e+00 -5.00965058e-01  1.05131637e+00
 -4.34391413e-01  7.30419544e-01 -1.15425141e+00  1.10949982e-01
  1.34741499e+00  9.10358136e-01  1.12910329e+00 -4.71260407e-01
 -5.04302368e-01  9.79260258e-01  1.14712842e+00 -7.98197548e-03
 -6.84372265e-01 -8.00714381e-01 -1.16105198e+00  8.85751815e-01
 -5.09909040e-01 -1.90361851e-01  4.71002757e-01 -1.27542519e-01
 -3.99236071e-01  6.89595899e-01 -1.49382972e+00  1.93187904e-01
 -6.29061116e-01  8.02804848e-01  3.97971517e-01 -4.62550231e-01
 -2.12008438e+00  1.35976873e-01  4.55098161e-01 -2.90106289e-01
  1.52377370e+00  2.57226253e-01  1.14801280e+00 -1.94389403e-02
 -5.72878312e-01  5.20976076e-01 -4.64048347e-01 -5.60998794e-02
  1.67106695e-01  5.18728280e-01  1.06097671e+00 -1.32863106e+00
  1.85431318e+00  1.04225236e+00  2.20269994e-01  1.53142042e+00
  3.28660760e-01  8.53052948e-01  2.00157942e-01  3.51563276e-02
 -1.43066592e+00 -6.73136692e-01  1.11197071e+00  1.05688460e+00
 -9.78244353e-01 -1.83225029e+00 -9.45926724e-01 -1.17802582e+00
 -3.62192665e-01  6.75325186e-01 -9.96845664e-02 -3.20676501e-01
 -1.17639119e+00 -6.88735330e-01  9.15547967e-01  2.34264293e-02
  1.01779852e+00  7.79990165e-01  3.82715779e-01  2.67004408e-01
 -7.48913852e-01 -3.08507128e+00  1.66019002e-01 -1.24244763e+00
  4.44154064e-01 -4.37100108e-01  1.10224220e+00 -8.54534346e-02
 -3.92385359e-01 -3.16331297e-01  2.86422508e-01 -2.47940532e-01
  5.18991081e-01 -4.01155054e-01  2.47633180e+00  1.55696628e+00
  2.72322895e+00 -1.27904346e+00  1.10794563e-01  1.61809794e+00
 -5.63002206e-02 -1.16651777e+00  1.84553217e-01 -2.67849867e-01
  1.36492342e+00 -4.67153583e-01  2.32086644e+00 -1.63686812e-01
  2.59177559e+00 -1.41913909e-01  1.60904394e-01 -1.90613417e-01
 -7.94242909e-01 -8.65786492e-01 -5.12389037e-01 -1.99381332e-01
  7.66310158e-01  1.87067611e+00  9.62015047e-01  4.58866866e-04
  5.55569903e-01  1.78215477e+00  1.26566478e+00  3.04403812e-02
 -9.18403728e-01  7.54567802e-01  2.10297284e-01  2.05068464e+00
 -9.19414064e-01 -3.15233081e-01 -3.19834236e+00  2.71211363e-01
 -9.50646781e-01 -5.11441234e-02  2.84939131e+00  6.85903707e-01
  1.17458312e+00  1.12338665e+00  1.52351307e+00 -4.47924926e-01
  8.74165628e-01 -7.99435894e-01 -9.73108783e-01  9.58732915e-01
  1.22805128e+00 -4.65025863e-01 -5.22521972e-01 -1.18610266e+00
 -3.00395704e-01  1.21232963e+00 -7.79544580e-01 -3.05034627e-01
  1.28448230e+00 -6.79961496e-02 -1.97374322e+00 -2.44363142e-01
  4.90796788e-01 -3.24862757e-01  3.02138525e+00  1.18368899e+00
 -5.90805217e-01 -1.73588401e+00 -5.32494454e-01  9.77270519e-01
 -4.04964838e-01 -1.87223457e-01 -3.31886263e-01  1.60217829e+00
  4.22631782e-01  1.18669068e+00  6.53557706e-01  4.60136035e-02
 -7.53177971e-01 -8.32202016e-01 -2.10043272e-02  1.29599342e+00
  7.68155499e-01 -3.02099332e-01  1.57395187e+00 -7.85967469e-01
  8.10907465e-01 -2.33049167e-02  6.05482269e-01  1.00922269e+00
 -1.95514144e-01 -9.21845678e-01  1.91476043e+00  1.03005937e+00
  2.16849029e-02 -6.47145388e-01 -4.29227028e-01  8.30625296e-01
 -2.52001671e-01  1.35472324e-01 -6.77137547e-01 -5.06156692e-01
 -1.13450258e+00  5.92730090e-01 -1.13982998e-02  1.25268592e+00
 -2.98032038e-01  1.58863001e+00 -2.46006909e-01 -2.15664939e+00
 -5.03016872e-01 -6.80676083e-01 -1.33979577e+00 -6.43599210e-01
  1.39749657e-01 -1.27907706e+00  1.30723396e+00  8.97886295e-01
  1.25109752e+00 -7.11743243e-02 -1.98972569e-01  9.28753044e-01
  2.54815888e-01 -5.18138692e-01  6.49690173e-01 -2.70366135e-01
  7.25935678e-01 -4.66188952e-01  5.52157670e-01 -1.21654352e-01
  5.38841825e-01 -7.50487111e-01 -2.43175780e-01 -8.56774596e-01
 -1.74957515e+00 -7.91160216e-02  1.04862658e+00 -9.87373402e-01
  3.64098564e-01 -9.95166521e-01 -8.39894108e-01 -6.87206445e-01
 -1.27045821e-02 -1.06778853e+00 -1.86325265e-01  3.04272204e-01
  2.34452759e+00  1.58394835e+00  2.36494610e-01  2.21328399e+00
  5.08578166e-01  2.97754121e-01 -1.23911101e+00 -8.82079016e-01
  2.25358877e+00 -1.79411204e+00  9.19308968e-02  8.06463660e-01
  1.89502091e-01 -5.89631930e-01  1.69202604e+00  5.83884356e-01
  1.62935857e-01  8.86438667e-01  8.38712064e-02 -1.15360506e-01
 -1.21165996e+00  1.16842480e+00  4.60623254e-01  1.53305058e+00
  2.48953037e+00 -1.85891229e-01  1.01548476e+00  1.50981382e+00
  3.53029681e-01  3.51780542e-02  2.56287479e-01 -1.20318393e+00
 -8.45321022e-01  1.09225361e-01 -1.06991690e+00  2.59353530e-01
 -1.56608388e-01 -1.28393260e-01 -7.09430581e-01  2.13651234e+00
  6.46753969e-01  5.29902512e-01  1.28541519e-01  1.11954055e+00
  1.75654122e+00 -9.84170002e-01  7.31585422e-02 -7.22305040e-01
 -4.32412941e-01 -4.25089049e-02 -9.07686137e-02 -1.14680194e+00
 -1.89839708e+00  3.82404196e-01  1.33365453e+00  1.23484702e+00
 -2.05164608e+00 -4.49546216e-01  1.47676333e+00  8.65942292e-03
 -1.44560399e+00 -1.45399005e+00  6.21190817e-01 -3.10301732e-01
  1.13900772e+00  8.32278574e-02 -2.38748121e-01  1.33264051e+00
 -5.17027829e-01  5.87345719e-01  3.67508803e-01 -5.55624417e-01
  6.80839190e-01  8.48724103e-01  3.10680934e-01 -4.95814746e-01
  3.06286593e-01 -1.64511037e-01  1.04155508e+00  2.12689023e-03
 -3.50919805e-01 -1.52030178e+00  2.37408558e+00 -1.38027754e+00
 -1.04858357e+00  6.18629771e-01 -1.62178783e+00  5.36632334e-01
  3.13795300e-01 -1.55904182e+00  9.98384400e-01 -2.64025980e-01
 -8.76689835e-01 -5.02428116e-01  2.36441329e-01  2.56529559e-01
  2.84934289e-01 -1.13422652e+00 -9.46862976e-01 -1.61211269e+00
 -1.34725141e+00 -5.51836133e-01  9.87477211e-01 -4.33388957e-01
 -3.89783610e-01  4.69875847e-01  1.52945829e+00  1.03341382e+00
  4.21515640e-01  4.82280795e-01 -1.34992566e+00  2.41938362e-01
  3.44184882e+00  7.67978283e-01  3.79904514e-01  7.73803619e-01
 -2.75298686e-01 -8.98305352e-02  3.01856791e-01  3.25649363e-02
 -2.44356084e+00 -1.47686595e+00 -3.35551590e-01 -4.40784938e-01
 -3.85052797e-01 -1.21795208e+00  1.41339958e+00 -1.67830678e-02
  1.91658945e-01 -6.98803087e-01 -1.40621097e-01 -4.98637008e-01
  6.60130102e-01  6.89361075e-01  5.12349574e-02  7.24391766e-01
  2.21971230e-01  4.32911755e-01 -2.82748088e-01 -6.34082016e-01
  3.40633802e-01  1.56201985e+00  1.67908803e+00  1.26723044e+00
  7.68205619e-01 -4.18182345e-01  4.79223853e-01  6.80955064e-01
  6.34991627e-01  3.71981893e-01 -5.00854552e-01 -7.52600034e-01
 -1.04245025e+00  7.12921641e-01  5.44838792e-02 -7.55687671e-01
  2.09387983e-01 -9.84531083e-01 -9.63958550e-02 -6.35028893e-01
 -1.51134974e+00  4.56376199e-01  7.27327948e-01 -3.17269138e-01
 -5.69389273e-02 -1.00334385e+00 -8.33499280e-01  1.36748918e+00
  1.13709076e+00  9.27317602e-01  6.87279158e-01 -3.46028106e-01
  1.33819056e+00 -1.29046039e+00 -5.02171915e-02 -1.84056293e-01
 -1.27673839e+00 -1.12632738e+00  9.02147079e-01  1.94962199e+00
  7.37363661e-01 -5.90193352e-01  1.01454339e-01 -4.06933851e-01
  3.85903625e-01 -5.51716782e-02 -6.70428021e-01  1.52254550e+00
 -5.47718970e-01  6.10305650e-01 -4.19093923e-01  8.32484736e-01
  9.25928044e-01 -9.47415376e-02  8.77348542e-01 -5.89503759e-01
 -1.18857815e-02  1.66920308e-01 -1.41817906e+00 -1.43940850e+00
  1.83288944e+00 -1.98713981e+00  2.30886271e+00  2.26917490e-01
  2.32726004e-01 -7.91192337e-01 -4.90930067e-01 -6.66001768e-02
 -9.43451458e-01 -1.10931544e-02 -1.17519327e+00 -1.71520891e+00
 -3.11124232e-01 -1.04761256e+00  7.82034697e-01 -2.12556136e-01
 -1.03721736e+00  1.05318961e+00  8.85844367e-01 -1.83881846e+00
  2.99941645e-01 -1.19199192e+00  1.14873501e-01  1.30766273e+00
 -5.75493449e-01  1.15950323e+00  1.41739046e-01  4.44715298e-01
  4.75472552e-01  8.46491067e-02  1.47636079e-01  2.96931310e-01
  7.16257511e-01  2.27387446e+00  1.45230756e+00  7.56040022e-01
  3.46673181e-01 -4.21592076e-02 -1.56156442e+00  8.74764551e-01
  3.24302466e-01 -8.99733948e-01 -2.75236066e-01 -4.88194742e-01
  6.95703421e-01  9.81222132e-01  8.36455248e-01 -1.16727283e+00
 -9.88817241e-01  1.02159031e+00 -1.04472285e+00 -4.93395474e-01
  1.05803422e+00  8.05119874e-01  1.19080483e-01  9.81808396e-02
 -6.76188585e-01 -2.13361517e-02 -9.14081635e-01 -7.69338957e-01
 -1.46405612e-01 -8.12780235e-01 -7.00964714e-01 -2.66279971e-01
 -7.16794103e-01  2.39130405e+00  9.36406020e-01 -7.59955564e-01
 -2.07939138e-01  9.75565196e-01  1.03249903e+00 -7.43570760e-01
  2.94328286e+00 -9.45744892e-01 -9.89738014e-01 -3.42670027e-01
 -1.01801245e+00  4.76365187e-01 -3.20902593e-02  2.23987861e-01
 -1.27479010e+00  7.39221728e-01 -1.64655699e+00  4.22308152e-01
  1.74362141e+00 -1.46188596e+00  5.35256934e-01 -6.49162897e-01
 -2.73942261e+00  1.30438068e+00 -3.55269219e-01 -7.79127453e-01
  1.77875694e+00  1.09077566e+00  9.23389706e-01  2.58223199e+00
  1.85588881e+00 -7.74248988e-01 -5.75894968e-01 -1.46076232e+00
  1.49710844e-01 -1.18839776e+00 -1.99987138e-02 -1.23317462e+00
 -1.79081333e-01 -8.82812017e-01 -1.29837070e+00 -1.62053338e+00
 -1.41955074e+00  8.99032979e-01  1.36143630e-02 -8.37539395e-01
  8.33228377e-01  3.57020299e-01 -9.69434918e-01 -6.76710957e-01
  6.42854940e-01  5.54476565e-01 -4.39163630e-01 -6.61189361e-01
 -1.83476658e+00 -1.95175897e+00  1.44365446e-01 -7.63919660e-01
 -4.52611161e-01  2.75132771e+00 -1.35239069e-01  1.06213273e+00