 4.17540608e-02 -4.66410931e-01 -2.42301076e+00  1.75026597e+00
  5.83832054e-01  9.21008598e-01 -5.40878536e-01  1.39662685e-01
  1.70395437e+00  6.93943199e-01 -1.60381285e-01 -1.84452434e+00
  4.65545594e-01 -3.98842968e-01 -1.95023718e+00  8.49556887e-01
  8.34503850e-01 -1.89918067e-02 -4.63861286e-01  1.78118892e-01
 -3.75279927e-01  8.72418880e-01 -7.06933488e-01 -3.59284223e-01
 -2.40452895e-01 -1.73575108e+00 -1.24661876e-02  7.44505777e-01
  3.86865524e-01  1.08814662e+00  5.43973597e-01  1.34872876e-01
 -1.59282751e+00 -3.83481214e-01 -8.38536902e-01  1.55312615e+00
 -5.87142182e-01  2.17296143e+00 -8.91402888e-01 -1.27420144e+00
 -1.18762301e+00  6.92852473e-01 -1.01553937e+00  1.28389478e+00
 -1.18362595e+00 -3.72234364e-01  1.58931517e+00 -2.31501256e+00
 -1.68473702e-02 -7.29578769e-01 -5.43650274e-01 -5.55689073e-01
 -1.11488756e+00  8.69094582e-01  1.62018374e+00  8.97577137e-01
  8.62098103e-01  1.04553505e+00 -1.84608360e+00 -2.60582785e-01
 -1.96611970e+00 -8.75681139e-01 -9.50790891e-01  1.35629326e-01
  8.21457864e-01  5.87286093e-01  1.44625215e+00 -1.30662459e+00
 -6.43665441e-01  1.09410076e+00  4.63487866e-01  1.69672586e+00
 -3.05217431e+00  1.13199222e-01 -8.35621845e-01  6.17621250e-01
 -2.77157487e-01 -2.33242861e-01  1.70577260e+00 -3.11356206e-01
  4.03373798e-01  2.44548167e+00 -6.33020189e-01  7.54774894e-01
  5.56848174e-01  1.24675588e+00 -3.55070122e-01  8.83523476e-01
  1.04592730e+00  3.82660928e-01  8.61266075e-01  1.27785392e+00
 -2.87566750e-01  2.34292017e+00 -7.90001296e-02  7.70874109e-01
  4.12522258e-01  7.08095977e-01  1.00561796e-01 -4.08458785e-01
 -2.07273686e+00  5.89918875e-01  4.18036174e-02 -4.97055474e-01
 -1.54831772e-01 -9.96912237e-01  3.29818495e-01 -9.90560348e-01
  1.53293687e+00 -1.20790442e-01 -3.91641832e-01  1.02785356e+00
 -1.44648166e+00  1.24916701e-02 -1.46562592e+00  4.01469956e-02
 -2.58429795e-01 -9.94760574e-01  9.44426261e-02 -1.26271316e+00
  2.04159287e-01  1.14102336e+00  1.38762899e-01 -4.22849593e-01
  1.65679968e+00 -7.49699189e-01  2.63227736e+00  1.22943566e+00
 -3.52105658e-01  3.04026377e-02 -7.31019823e-01 -5.96423141e-01
  6.73833042e-01  3.45634861e-01 -2.47846933e-01  2.08554731e-01
  1.36496830e+00 -1.39209682e+00  3.55450941e-01  1.00607100e+00
  5.36813240e-01 -1.57897285e+00  1.44600071e+00  1.36861678e+00
  1.08380380e+00  3.46157222e-02 -5.07992856e-01  1.71670758e+00
 -4.04696370e-01  1.16719324e+00  1.21017180e+00  1.71399289e+00
 -1.41633293e-01 -7.29380561e-01 -5.42312111e-01 -1.22781845e+00
 -1.34868222e-01  7.77045958e-01  2.01118420e-01 -3.78403323e-01
  6.62100172e-02 -4.41705160e-01 -1.44989878e+00 -1.83500437e+00
  3.75039355e-01  5.84155136e-01 -5.10862427e-02  4.98060598e-02
  2.03952319e+00  6.90663404e-01 -6.83145393e-01 -1.53867695e-01
  2.00585150e+00 -6.17613821e-01 -1.13157627e-01  4.96865353e-01
 -5.50460888e-01 -4.49082814e-01 -5.36175650e-01 -9.72812105e-01
 -6.99433703e-01  1.24961211e+00 -1.87976340e-01 -2.12661569e-01
  6.63610590e-01 -5.36526841e-01  9.40937378e-01 -2.44733269e-01
 -4.59910604e-01  8.46901291e-01  6.80459669e-01  5.23251665e-01
 -8.84153171e-02 -8.76772417e-01  1.16370075e+00  1.75461596e+00
 -1.90215412e+00 -2.97825172e-01 -1.14733738e+00 -9.29690920e-02
 -3.25639550e-02 -2.44991605e+00  1.39259771e+00 -1.95590321e-02
  5.56024842e-01 -1.73000294e+00 -9.54776444e-01 -6.36047343e-01
 -1.51688389e+00  1.14938941e+00 -2.27123643e-01 -2.56624271e-01
  7.02464703e-01  3.31926002e-03  1.12372502e+00  3.02547411e-01
  1.01499480e+00  6.69325563e-01 -4.78699509e-01  1.73364639e+00
  3.01892999e-01  5.69852341e-01 -1.40696964e+00  6.86398722e-01
  5.22061278e-01  6.47699284e-01  8.02575967e-01  7.64162364e-01
  2.64679034e-02 -3.51684905e-01  4.38540679e-01 -1.81612962e+00
 -1.40629859e+00  3.33085141e-01 -4.89937134e-01 -7.59647876e-01
 -1.30914912e+00  2.48507538e-01 -5.44414539e-01  4.58252239e-01
  9.86802386e-01  7.19520655e-01 -1.32775119e+00 -7.80148210e-01
  8.68331953e-01 -1.50542076e+00 -3.24579095e-01 -9.74059036e-01
 -1.87593433e-01 -1.32514446e+00  1.15515227e+00  4.35354538e-01
 -3.36182875e-01  1.09819517e+00  1.29646951e+00 -5.67031822e-01
  2.36157017e-01 -2.17359165e+00  1.71216436e-01  7.00115107e-01
 -3.49642916e-01  1.41194977e+00 -1.52954219e+00  1.38566646e-01
 -4.15401937e-01  4.05686915e-02 -4.74062732e-01  6.42537827e-01
 -8.82421293e-02  5.71144247e-02  1.74801347e+00  1.24872762e+00
 -1.23885338e+00  2.90461713e-01 -7.76642386e-01  5.40093853e-02
 -2.06648848e+00 -2.89547384e-01 -9.27496901e-01 -7.12662710e-01
 -8.20726965e-01  3.35849401e-01 -5.43734783e-01 -2.51071816e-01
  5.03813263e-02  4.54666899e-01  2.01646196e+00 -3.52354798e-01
 -1.73941333e+00  2.37744341e-01 -1.39536085e-03 -2.20688494e+00
  3.90790038e-01 -1.07932055e+00  4.33031722e-01  3.12445509e-01
 -4.20202228e-01  1.03171327e+00 -1.27650778e-01 -1.42659040e+00
 -5.66510396e-01  1.55940285e-01  2.93871276e-01 -6.15247726e-01
 -5.64148508e-01  5.87098821e-01 -2.88261680e-01  9.58275763e-02
 -1.87945407e-01 -3.19893824e-01  7.47776732e-02 -2.12620257e+00
 -1.47980889e-02 -1.12613025e+00 -2.13393256e+00 -2.95755856e+00
  1.69333090e+00  1.17867720e+00  1.76785301e-01  7.73410725e-02
 -2.65944199e+00  2.65181150e-01 -2.96897923e-01 -3.37708658e-01
 -2.25482846e-02 -1.48617184e+00  2.81849706e-01  1.10819331e+00
  1.26121860e+00 -1.17423048e-01 -1.73489853e+00  8.38469538e-01
 -6.23944606e-01  9.19016085e-01  1.27591592e+00 -2.81643879e-01
  2.02841622e+00 -1.02043143e+00  1.33210793e+00  1.85865856e+00
 -1.77815373e+00 -5.43169014e-01 -2.92861449e-01  7.87934055e-01
  1.92908409e+00  1.52158527e-01  1.04730379e+00 -3.47511928e-01
  7.38925296e-01 -7.92984654e-01  6.28494895e-01 -1.57376610e+00
 -1.09261147e+00 -2.81384294e-01  1.53911842e+00  7.55906720e-01
 -8.79503172e-01 -9.59571237e-02 -2.34345951e-01 -1.36334622e+00
  5.85276389e-01 -1.67348063e-02  3.24079893e-01  1.72112848e+00
  1.78962931e+00 -5.47149545e-01 -1.14284043e+00 -2.78529744e-01
 -1.39472940e+00 -8.69824520e-01  1.20090581e+00 -6.41516910e-01
 -4.99454695e-01  1.17435532e+00 -4.99516830e-01 -7.83923485e-01
 -9.64258706e-01 -9.02695071e-01  3.19629367e-01  3.42414811e-02
  7.07182556e-01 -3.54719645e-01  2.87108024e-01  6.36311563e-01
  7.92024125e-01  1.48619553e+00 -1.90679692e+00  6.18002414e-01
 -1.36880505e+00 -2.34677911e+00 -8.99256296e-01 -1.61412007e+00
  1.27121660e-01  1.96802319e-02 -1.32216119e+00  9.46163637e-01
 -1.28379481e+00  1.18165279e+00  2.59899492e-01  1.13207549e+00
  3.68361337e-01 -3.47097367e-03  1.31317609e+00  5.83720872e-01
  1.17812889e+00  5.10422198e-01  1.67463760e+00  1.25668304e-01
 -1.09041687e+00 -2.50664271e-01 -6.78483888e-01 -4.74694526e-01
 -7.06931872e-01  5.58104674e-01 -9.61473033e-01  6.88374784e-02
 -9.02632683e-01 -5.90575897e-01  1.59918120e+00  7.31260492e-01
  5.17298162e-01 -1.15197817e+00  5.74246014e-01 -2.42885705e-01
  8.26030424e-01  1.61153180e-01  2.85184011e-01 -3.21559120e-01
  2.85656754e-01  1.93934010e+00  1.66837302e-01 -4.08255184e-01
 -1.00246156e-01  2.92724730e-01  5.86491191e-01 -8.93886168e-01
 -6.35889473e-01  6.83656240e-01 -1.12824382e+00  8.99755559e-02
 -1.23621633e+00 -1.82685538e-01 -2.29130396e-01 -1.66500478e+00
 -1.07541055e+00 -1.31374056e+00  1.18764309e+00 -2.08238023e+00
  3.02319044e-01 -1.31249832e+00 -1.43768860e+00 -3.99047450e-01
  2.01192233e+00  3.89691922e-01  2.33694181e+00  7.19710578e-02
 -1.80740076e+00 -3.82226048e-01 -1.84724165e+00 -1.57860201e-01
 -1.76829037e+00  5.67108868e-01  8.88945752e-01 -5.05678046e-01
 -3.68112011e-01  1.31157317e+00 -6.29924299e-01 -6.72723646e-02
 -3.01357236e-01  8.27724642e-01 -1.58175452e+00 -1.17905882e+00
  5.05006333e-01  2.79563443e-01 -1.34686077e+00  4.49140791e-01
  3.26549907e-01 -8.52365162e-01  2.39198220e+00  1.27860909e+00
  1.79719321e-01  1.24815525e-01 -1.29500123e+00  2.88384195e-01
  5.50446743e-01 -5.79653868e-01  6.65203146e-01  1.86536725e+00
  6.21993606e-01 -1.62926437e+00 -1.86000766e-01  7.40163077e-01
 -6.96190099e-01  6.42584869e-01 -2.83513678e-02 -4.56512282e-01
  8.38862150e-01  6.53764910e-01 -1.45425535e+00 -1.88349027e+00
 -9.67292138e-01  4.58970192e-02 -1.27341248e-01 -1.08406580e-01
 -1.05210614e+00  3.15783543e-01  3.82479715e-01  1.15558520e+00
 -9.43442179e-01  2.25127897e-01  8.05912648e-01 -2.84186116e-01
 -7.41926935e-01 -7.68035362e-01 -1.87584045e+00 -1.03445507e+00
 -2.03144029e-01 -1.83367346e+00 -8.28205150e-01  4.55194078e-01
 -1.57981229e+00 -1.22428520e+00  1.74686490e+00 -2.01307371e+00
  3.59215596e-01  1.23997039e-01 -1.11735222e+00  1.25366105e+00
  2.55844514e-02 -2.17492404e+00  7.43363594e-01 -1.41014266e+00
 -1.45971386e-01 -8.63449988e-01  4.71499286e-01 -9.60424457e-01
  8.70026574e-01 -1.06282295e+00  4.29634476e-02 -4.79669374e-01
 -5.35234665e-01 -9.17208491e-01 -3.48288858e-01  4.35816434e-01
 -1.02521753e+00  1.60751595e+00 -9.65982619e-01 -1.04907177e+00
 -2.95553542e-01 -8.85256043e-01 -5.42351518e-01 -7.03845602e-01
 -2.65219867e+00  3.57753760e-02 -6.08171554e-01  4.47621794e-01
  1.97954390e+00  1.23656211e+00  1.38278851e+00  2.73264433e-01
 -7.55367791e-01  1.68446568e+00 -7.48836131e-01  2.30885874e-01
  8.13211388e-02  1.19323288e-01 -3.81953125e-01  6.88204772e-02
 -6.65858446e-01  1.09053127e-01 -1.03884729e+00 -1.82291492e+00
  1.21803932e+00  1.65263555e-01 -1.28154508e+00  1.62889654e-01
  5.98540926e-01  1.57340078e-01  6.86520415e-02 -3.60326377e-01
  6.65379462e-02  1.24432126e+00  7.18339635e-01  8.42708426e-01
  5.98293419e-01  2.26464464e-01 -9.65214064e-01  3.49264588e-01
 -1.42762808e+00 -1.02147461e-01 -5.47251563e-01 -1.34781824e+00
  1.70344131e+00 -1.83714710e-01  9.44297882e-01  3.03115901e-01
  7.06462550e-01  1.08527893e+00  3.18140109e-02 -1.78784224e-01
  1.31929500e+00 -2.22190977e-01 -1.62971196e+00  9.48844996e-02
 -6.97484972e-01 -5.42126725e-01 -3.74503837e-01 -2.21372317e+00
  3.22107034e-02  8.79673699e-01 -1.20189004e-01 -3.78135164e-01
 -7.55649960e-01  6.70736738e-01  1.86514272e-01  8.33766030e-01
 -1.02591216e+00  1.50557388e+00 -3.51067372e-01 -7.50420180e-03
  1.07683185e+00 -5.52720095e-01 -8.18252862e-01 -5.51743161e-01
  4.08374244e-01  3.15256277e-01  1.88861360e+00 -1.47034350e+00
  1.39633168e-01 -4.13306262e-01  2.41877067e-01  4.87073120e-01
 -2.57005087e-01 -1.26920102e-01  1.04039023e+00  1.51891391e+00
 -1.08940341e+00  2.11374157e-01  2.05550895e-01 -7.46719568e-01
 -1.34838445e+00 -8.89637844e-01  2.23857533e-01 -8.25121755e-02
  3.56694805e-01 -1.13900955e-02  8.96140758e-01  1.50674526e+00
  6.23967089e-01  1.82002524e+00  1.33413972e-01 -1.65991336e+00
 -6.56069521e-01  2.58728576e-01 -2.30725643e-01 -1.50751037e+00
  9.34385068e-01 -8.68830909e-01  4.56445564e-02 -1.16419625e-01
 -8.89980259e-01 -4.94676568e-01 -1.37229580e-01 -1.74247078e-01
  1.41205449e+00  2.14201966e-03  1.04542359e-01  1.04893108e+00
  1.46656917e+00 -4.17190220e-01  1.52854774e+00  9.88666927e-03
  4.00190437e-01  4.15401507e-01  1.31214016e+00  8.71199274e-01
  2.00308098e+00 -4.99960810e-01 -9.72031315e-01 -2.70363302e-01
  2.64953474e+00 -1.13175281e+00  1.42119874e+00 -6.40195052e-01
 -2.60618222e-01 -1.54629131e-01 -9.51684463e-01  7.13792656e-01
  2.35442585e-03  6.63347852e-01  1.30845483e+00  1.78621295e+00
 -1.30013565e-01 -1.79405790e+00  2.87605310e-01  1.08778911e+00
 -9.62742088e-01 -1.27816780e+00  1.64324185e-02 -7.01152665e-01
 -1.79852958e-01  6.87425257e-01  1.41181401e-01  1.12601502e-01
  1.49521166e+00 -1.49292798e+00  2.87760790e-01  1.57939098e+00
 -1.07296447e-01  2.08972105e-01 -6.88280222e-01 -1.45467692e+00
 -8.61261973e-01 -4.73809586e-01  1.66032722e+00  1.53832283e+00
  8.70346373e-01  2.39902693e-01  1.08299203e-01  1.01592714e+00
 -1.83608074e+00  1.14524572e+00  1.32288196e-01  3.40081496e-01
  2.10587957e+00 -7.11660805e-01 -1.05843971e+00  5.90389109e-01
  4.37152201e-01 -2.55113757e-01  6.97394412e-01  1.27603380e+00
 -4.19149832e-01  9.93207687e-02 -6.52798635e-01 -1.47179899e+00
  2.18532354e+00 -1.45871690e-01  3.60844631e-01 -1.85627478e+00
  5.95038557e-01 -1.83115574e-01  2.74571348e-01  6.67241279e-01
 -5.44261035e-01  2.04505821e+00  2.37025659e-01  1.56725441e+00
 -6.51346120e-01 -4.13172854e-01 -1.43562663e+00  3.04314965e+00
  6.21225018e-01  1.18663027e+00 -7.89328080e-01 -1.11715414e+00
  1.03693187e+00 -5.31828588e-01  9.63127285e-02 -5.05137708e-01
  4.07716429e-01 -5.89078418e-01 -2.76513053e-01  1.10414543e+00
 -6.06254787e-01  5.19729022e-02 -4.15307222e-01 -5.37653169e-01
  5.58216499e-02  6.16097885e-02  9.31293403e-01  2.76403944e-01
 -3.41360204e-01  3.33253142e-01  1.10396037e+00 -4.32791881e-01
  9.96463478e-01  1.32990520e+00 -1.35422422e+00 -1.34171905e-02
  7.91836844e-01  1.66045425e-01 -8.72687624e-01  4.93252017e-01
 -1.34723315e+00 -9.56044147e-01 -1.36571803e+00  1.26184339e+00
 -1.38157517e+00  1.47000865e+00  1.62671734e-01  6.09655432e-02
  5.39482603e-01 -9.97642526e-01 -4.53225589e-01  4.43505563e-01
 -1.45223047e-01  1.00543684e+00  2.59077485e+00  6.45698042e-01
  9.75613440e-01  9.89977205e-01 -8.12355603e-01  1.62368075e+00
 -2.76489976e-01  1.16197362e+00 -8.74628388e-01 -4.12363372e-01
  3.50550821e-01  1.16495757e+00 -6.97555086e-01  1.73494727e+00
  4.24040595e-01 -5.08180277e-01  4.10231301e-01  2.31258573e+00
 -3.16677588e-01  1.17724399e+00 -8.58142258e-02  3.49395298e-01
 -9.38069992e-01 -1.84012898e+00  4.00624360e-01 -1.31641872e+00
  8.94359247e-01 -7.65522599e-01 -1.25028140e+00 -2.74268329e-02
  2.10912493e+00  1.02025200e+00  1.78247896e+00 -1.44963637e-01
  7.55631604e-01 -4.29271967e-01  7.99391359e-01  2.11349094e-01
 -5.69269113e-01  2.23157243e+00  1.55856146e-01  6.95400304e-01
  1.35599825e+00 -1.17995546e+00 -2.34497278e-02  4.54030366e-01
  1.24925506e+00 -1.01360792e+00  1.46864402e+00 -1.35559480e+00
 -3.69429975e-01 -2.51367948e-01 -1.23503506e+00 -7.44528100e-01
  1.02977635e+00 -7.74071359e-01 -1.24111696e+00 -6.79636847e-02
 -1.39725628e+00  8.20058526e-01  2.28839338e-01  3.51787327e-01
  8.62571422e-01  2.82007776e-02  1.99951668e+00 -2.03987173e+00
 -6.88039816e-01 -7.53412527e-01  8.02020858e-01  2.41859189e-01
 -5.27014640e-01  5.42138218e-01  9.39848819e-01 -2.91265585e+00
  5.57872862e-02 -1.94898807e-01  8.40355228e-01  1.10142430e+00
  1.11181023e+00  1.19228197e-01  7.07425535e-01 -1.38065290e+00
  3.62345921e-01 -1.06461660e+00  1.16721092e-01 -6.35608632e-01
 -3.77309557e-02  5.98276073e-01  8.79141214e-01 -2.72997107e-01
 -1.22251249e+00 -6.53903911e-01 -1.82043474e-01 -2.91247704e-01
 -6.96352259e-02 -1.32084785e+00  3.95106210e-01  2.65007106e-01
  1.19440717e+00  1.23135744e+00 -1.21088835e-01 -9.25721035e-01
  5.82814210e-01  9.81041883e-01 -5.72648223e-01  6.64282448e-01
  2.43686610e-01 -1.04353289e+00 -1.47073168e-01  2.06092197e-01
 -7.63475455e-01 -1.60978224e-01 -4.59188138e-01 -9.11052016e-01
 -5.87749008e-01  2.45265189e-01 -2.38889763e-03  3.20242632e-01
 -1.11907524e-01 -6.36508140e-01  1.05094051e+00  9.77009863e-01
  7.51095858e-01 -9.27277510e-01  1.65004033e-01  8.12710562e-02
 -1.39425283e+00  5.01808300e-01  6.67288424e-02 -1.83420253e+00
 -1.47769484e+00 -9.91408796e-01 -1.06900531e+00 -1.18208163e+00
 -1.50465395e+00 -2.78110241e-01 -7.34372507e-01  1.09014192e+00
 -2.20243546e+00 -6.16471757e-01 -1.83079503e-01 -7.29003008e-01
 -1.35386115e+00  1.41924897e+00  8.66018824e-01  7.96334873e-01
 -1.32547515e+00 -5.60128427e-01 -5.52454149e-01  1.31587839e+00
  2.98847060e-01 -5.04788910e-01 -1.30098755e-01  6.02501427e-01
 -1.17323348e+00 -1.00432800e+00 -4.75737788e-01 -1.02226893e+00
 -1.68423766e-01  8.67996186e-01  3.56811959e-01  9.30222842e-01
  1.59879557e+00  6.69116478e-01  8.47071056e-01 -2.72899555e-01
 -5.98564061e-01 -1.86100628e-01  7.04323481e-01 -2.46663063e-03
  1.67859226e+00 -2.52010679e-01  1.02672246e+00 -8.66259945e-01
 -2.33786734e-01 -5.79121719e-01  1.88958940e-01  9.27256836e-01
 -1.96759684e+00 -9.07690671e-01  1.72869076e-01 -5.44941910e-01
  1.19924191e+00  1.95184154e+00 -5.62047122e-01 -3.46673984e+00
 -2.33616367e-01 -6.32645308e-01  7.15987145e-01 -6.78010943e-01
  9.95561124e-03  8.93106887e-01  1.15196508e+00 -3.36376890e-01
  1.32711060e-01  2.87423768e-01  1.14699584e+00 -3.94729511e-01
 -8.82882154e-01 -4.90967173e-01  9.26794257e-01 -9.96562178e-01