 1.09847611e+00  6.68807780e-01 -8.38542772e-01  1.75427954e+00
  8.66345183e-01  2.90900978e-01  2.72438360e-01  1.43047026e+00
  1.55856746e-01 -2.09397480e-01  2.21329531e-01 -2.84806857e-01
  4.09398030e-01  4.82831344e-01  1.51448768e+00 -5.50461470e-01
 -2.63596660e+00  1.02149939e+00 -2.15482000e+00 -1.13492446e+00
  1.09092938e+00  5.50898850e-01  1.51429012e-01 -1.04735946e+00
 -1.76336595e+00 -3.18085783e-01  1.38624756e+00 -6.88024067e-02
  1.07213281e+00  5.47358045e-01  3.09794351e-01  8.15021769e-01
 -1.43418924e-01  1.70091270e+00  5.28463305e-01  7.49993793e-01
 -1.16130369e+00 -6.13438615e-01  1.80808908e+00  1.04705903e-01
 -5.68194649e-01 -1.31135976e+00 -9.01323799e-01 -1.59750543e+00
 -4.98629318e-02  5.67105669e-02  1.12478096e+00 -7.25869564e-01
  2.10772881e-02 -1.04825591e+00 -2.29978009e-01  5.38055334e-03
 -2.41410652e+00  1.01780041e+00  7.47638532e-02 -6.71288253e-01
  3.58072058e-01  1.99285589e+00 -1.68779177e+00 -1.35452118e+00
  7.59186336e-01  3.93746951e-01 -6.24346240e-01 -8.79003741e-01
 -1.61613827e+00 -2.99599990e-02 -1.12836166e+00 -1.44684557e-01
 -4.97668574e-01 -4.84459245e-01  4.48424376e-01 -8.54553099e-02
  1.13870559e+00 -7.73077939e-01  9.78180090e-01  8.22061905e-01
 -7.58207152e-01  1.32348651e-01 -1.56395309e+00 -2.65329330e+00
  4.64826044e-01 -7.00341055e-01  1.95673990e-01 -3.89884698e-01
  4.00023692e-01  1.51367723e+00 -7.61700400e-01  7.47091017e-01
 -1.02352821e-01  2.44428726e+00  1.40910080e+00  1.35846024e-01
 -7.11800602e-01  1.50594206e+00  3.15028055e-01  3.88080230e-01
 -1.23719113e+00  2.92979419e-01  5.01657326e-02 -1.97937904e+00
  2.25390106e-01 -1.17123008e+00  1.43543333e+00 -9.52026278e-01
  1.23398266e-01  1.06620871e+00 -1.73251337e-01  2.70257465e-01
  8.77818813e-01  6.01604544e-01 -5.04454629e-01 -2.81607080e-01
  1.58935685e+00  1.59755438e+00 -6.56193458e-01 -5.34448792e-01
  1.52558099e+00 -1.24505520e+00 -1.65015649e+00  1.27296063e+00
 -5.75208450e-01 -1.00483340e+00  6.71021500e-01 -6.29804798e-01
  2.62945590e-01  2.74011583e-01 -2.08074383e+00 -1.23981403e+00
  4.13967885e-01 -1.94993649e-01 -1.56704454e+00 -1.08421178e+00
 -5.47900284e-01  5.35870632e-01  6.22660384e-01  8.20900370e-01
  1.08022428e+00 -3.36870068e-01 -8.73147108e-01 -1.48355670e+00
 -5.75445391e-02  7.31632779e-01  8.26947585e-01 -7.61856626e-01
  2.89151694e-02 -1.60575171e+00  9.44899878e-03 -8.64123136e-01
 -2.96902783e-01  1.58998063e-01 -3.02921170e-01 -5.08852963e-01
  2.05096205e-01  1.91194418e+00  1.82227406e-01 -1.09264475e+00
 -3.43883983e-01  8.02654354e-02  5.66527707e-01 -7.11011872e-01
  3.89536563e-01  3.79827795e-02 -1.52909810e-01  2.63964594e+00
  9.82224921e-01 -4.70886242e-01  6.46210026e-01 -2.38992321e+00
  4.27666140e-02  1.22418113e-01 -2.71667054e-01 -6.63921147e-01
 -1.07958136e+00  1.64273689e+00  1.35916514e+00 -1.10310726e+00
  1.16504395e+00  1.01067282e+00 -4.38230754e-01 -1.65499722e+00
 -1.60973370e+00 -1.28839873e+00  2.36643117e-01  1.36194915e+00
  4.13268838e-01  1.16071456e+00  3.98088257e-01 -5.18430031e-01
 -8.70771779e-01 -1.35255420e+00 -1.88086098e-01  4.88928605e-01
 -2.82716478e-01 -3.59939445e-01 -4.77650501e-01 -1.64490424e-01
 -1.06740259e+00 -1.87293695e+00 -3.68401433e-01 -6.13586513e-02
  1.02200767e+00  1.96443089e-01  9.22790045e-01 -1.09767382e+00
  3.16665806e-01 -8.23006904e-02 -9.80021929e-01  1.39757389e+00
  1.21968844e+00 -8.20961228e-01  5.97605144e-01  9.43316905e-03
 -2.80863513e-01 -1.21897824e+00 -6.21270332e-01  9.16008397e-01
  3.05799075e-01  8.80607292e-01 -3.57028228e-01  2.57519622e-02
  2.24724485e-01 -1.51228456e+00 -5.47672404e-01  1.61379457e+00
 -3.37402573e-01 -2.99429327e-02  3.69101413e-01  2.72373197e-01
  1.00032012e+00 -2.28290203e+00  6.07246588e-01  5.44107663e-01
 -6.71707414e-01 -1.77483882e+00 -8.82474776e-01  9.69320678e-01
  9.22995388e-01 -5.94477639e-01  2.62271211e-01 -4.26426795e-01
  1.76003493e+00 -1.21300450e+00  1.49889811e+00 -1.32319244e+00
 -2.14404421e+00 -3.28805189e-01  2.69880241e+00  1.01824887e+00
  2.41801649e-01 -1.92825303e-01 -1.66237307e+00 -1.03094733e+00
  9.68422854e-02  1.29462727e-01  8.00098860e-01  2.56043001e-01
 -1.41255197e+00 -6.54176374e-03  8.43971164e-01 -6.08278513e-01
 -1.10256056e+00 -1.03587132e+00 -1.10727736e+00 -4.43540149e-01
  3.50181942e-01 -1.09642668e+00 -9.77218528e-01 -2.27885042e+00
  8.36399682e-01  1.41992215e-01  1.32216735e+00  6.59391713e-01
 -9.62151038e-01 -1.59053507e+00 -9.58935925e-02 -1.79775318e-01
 -6.36746250e-01  6.52192484e-01  2.29119784e+00  1.63444168e-01
 -1.07927832e+00  6.51506138e-01  1.15343460e+00 -6.88629977e-01
 -3.25444407e-01  1.36446085e-01 -9.30281321e-01  1.64324720e+00
 -1.61956897e+00  3.00651837e-01  4.84513063e-01  3.88733725e-01
  3.59651370e-01 -7.52731375e-02  2.27700464e-01 -7.80620323e-01
  1.62453505e+00 -9.65585972e-01  1.24267154e-01  8.86918491e-01
 -1.20524263e+00 -2.68481558e-01  1.52175175e-01  1.27343210e+00
  2.24191888e-01  2.15294006e-01 -2.17766765e-01  7.12304890e-01
 -2.41166250e+00  1.26232165e+00  8.63804805e-01  3.93744784e-01
 -5.86799751e-01  1.30411824e+00 -7.93774881e-01 -3.52747445e-01
  1.54726247e+00  2.02038668e-01 -1.76976898e-01  1.13927294e+00
 -7.99104744e-01 -1.57621583e+00  9.98133733e-01  1.26254045e-01
  8.81566295e-01  9.77202432e-01  4.49823077e-01  1.40060470e+00
  3.88688364e-01  1.29746439e+00  2.97513436e-02 -5.94480553e-01
  1.55967521e+00  4.10354597e-01 -1.91248838e+00 -1.17613304e+00
 -1.04214223e+00 -1.37881052e+00  6.06729201e-01 -7.31067192e-02
 -5.95416254e-01 -9.05258412e-01  1.97026218e+00  3.71878196e-01
  8.51290672e-02 -1.33509961e+00  2.30874590e+00 -8.61968953e-02
  5.00311865e-01  2.19628851e+00 -1.48096021e+00 -1.52166168e+00
 -1.34965419e+00  2.19641999e-02  4.75503426e-01  5.32442764e-01
 -7.36406594e-01  5.81145872e-01 -1.63023922e-01  1.06658642e+00
  1.10942607e+00  1.22033123e-01 -1.55126570e-01  1.57003208e+00
 -8.70847020e-01  1.16585686e+00 -1.63742132e+00 -4.30360755e-01
  9.14835645e-01  2.80120027e-01  1.16936084e+00  9.41888611e-01
  3.50037859e-01  9.76529356e-01 -7.23978162e-01 -7.58304816e-01
 -2.01538633e-01 -7.24061474e-01  7.92531848e-01  4.78322313e-01
 -1.00829348e-01 -4.28208191e-01  1.00843470e+00 -1.87819718e+00
  7.89776307e-01 -5.22956348e-01  6.09924285e-01 -1.26757258e+00
 -8.88658533e-01 -2.24051124e-01  2.64920717e-01  1.69497437e+00
  8.01841229e-01  2.51518312e+00 -4.72775326e-01  1.61574453e+00
  3.15951950e-01 -7.77275125e-01  6.51355526e-01 -6.22992497e-01
 -5.35015440e-01 -1.34183623e+00  1.40194287e+00 -3.99391002e-01
  8.87694871e-01  1.79496437e+00 -1.78908627e-01  5.67082858e-01
 -1.11487404e+00  3.11971992e-01  1.02417414e+00 -1.46694504e+00
  9.87520370e-01 -1.88977722e+00  4.49795850e-01  1.40716538e-01
  1.32986311e+00 -6.17162447e-01  4.71754616e-01  4.01389894e-01
  9.57897324e-01  3.74926401e-01 -1.77544613e+00 -7.58402068e-01
  6.92842153e-02 -1.56146061e-01 -1.51999996e-01  1.38944390e+00
 -4.83951024e-01 -1.06724114e+00  7.63651269e-01  6.76044812e-02
  7.42123827e-01  1.30448787e+00  1.04633528e+00  1.06971779e+00
  3.39995691e-01 -6.85169783e-02  1.51153987e+00 -8.27989258e-01
 -1.32548485e+00 -8.15375140e-01  9.84613907e-01 -3.62270123e-01
  4.33769637e-01  4.24085771e-02 -1.52053082e-01  1.62374962e-01
 -1.85410112e-01 -8.12717572e-01 -1.08994752e+00  6.87478483e-02
  9.65630296e-01  1.87203858e+00  6.52374194e-01 -7.55968304e-01
  7.68718748e-01  9.95337928e-01 -3.40348078e-01 -1.05217227e+00
 -4.21193000e-01 -1.29604111e+00 -8.57294958e-01 -1.62125862e+00
  3.27004535e-01 -1.22059985e+00 -1.46462766e+00 -1.62599893e+00
  3.84864838e-01 -6.26660395e-01  2.75602520e-01 -3.38098687e-01
 -1.39231256e+00 -8.43926840e-01 -4.56613399e-01 -6.37125898e-02
  6.17565695e-01  6.72526656e-01 -7.75339498e-01  9.89375827e-01
  8.20446794e-02  9.10651786e-01 -1.08674663e+00 -7.04844894e-01
 -6.41085105e-01  1.39734692e+00 -4.10228840e-01 -6.13209088e-01
  2.39442634e+00 -1.98266662e-01  1.37219986e+00  1.08600958e+00
 -8.50765981e-02 -4.70576187e-01 -2.47539278e+00 -1.74087912e-01
 -7.28210936e-01  1.31067398e+00  9.96885367e-01 -1.82172118e+00
  7.87140934e-01  3.07249056e-01 -7.54782404e-01 -7.18052520e-01
  6.12599458e-02  4.64809356e-01 -6.42530006e-01 -6.95719709e-01
  1.21019189e+00 -3.76822928e-01  2.37126816e+00 -1.75137742e-01
  3.28453412e-01 -2.00621612e+00  2.59282119e+00  7.09735090e-01
  5.77744382e-01 -2.53525620e-01 -1.33613851e-01 -7.30927542e-01
  6.58961308e-01 -4.66490108e-01  1.77806225e-01  1.29295832e+00
  1.08717052e+00  4.66835334e-01  1.05941032e+00 -4.78683389e-01
  7.65824676e-01  2.88986754e-01  1.26705322e+00  2.75659566e+00
  1.29254328e+00 -4.55040021e-01 -3.84682347e-01  1.89756237e+00
 -1.97156082e-02  9.03219437e-01  1.48029580e-01 -4.91460579e-01
 -5.11388525e-01 -1.90295791e+00  1.78894833e+00  7.48690325e-01
  4.39548459e-01  1.54484653e+00  6.39069572e-01 -1.36917809e+00
  1.54318484e+00  4.15948541e-01  1.75878235e+00  1.23661212e+00
  1.19632757e+00 -9.26143339e-01 -1.00753270e+00  9.29431408e-01
  1.56140991e+00 -1.83649227e-02 -1.88105844e-01 -5.01309934e-01
 -5.49418961e-01 -3.49856569e-01 -8.94899651e-01 -6.00671789e-01
 -5.16784013e-02  6.31038743e-01  3.83912756e-01 -1.53645897e+00
 -7.40470101e-01 -9.61325211e-01  8.09336597e-01 -1.18101324e+00
  1.14794447e-01  1.22060057e+00 -6.68929313e-01  6.44230497e-01
  1.67023739e+00  8.35214504e-01 -1.59856149e+00  1.38315778e+00
 -3.50809133e-01 -9.64715642e-01  1.27252322e+00  1.06955208e+00
 -1.03301997e+00 -7.20834786e-02  1.00704741e+00 -5.65880425e-01
  1.01758569e+00 -2.65046365e-01 -9.15926755e-01 -1.43506929e+00
 -6.79683890e-01  4.13396478e-01  8.96809115e-02  2.08782795e-01
  7.93157731e-02  7.12997055e-02  1.67468237e-01 -3.55103630e-01
  1.72661240e+00 -6.51416888e-02  4.67661814e-01 -4.11872249e-01
  1.24360981e+00 -7.89989299e-01  1.22159404e-01 -6.68289643e-01
  1.36077440e+00  9.06898888e-02  1.56096789e-02  4.55150729e-01
 -7.73702701e-03 -4.26765029e-01  5.51959753e-01 -4.54699281e-01
 -8.58069850e-02 -1.17206783e+00  1.51703372e+00  1.00860644e+00
 -1.47158542e-01  1.17979370e-01 -1.17754851e+00  6.09642774e-01
  8.44341243e-04  1.49721728e+00 -4.58160942e-01  1.09761861e+00
  2.41263549e+00  3.48878024e-01  1.72776443e+00 -3.41904280e-01
 -1.35205057e+00 -9.80391269e-01  7.83049050e-01  2.36403456e-01
  3.52006566e-01  9.46343239e-01 -1.45851179e-01  1.42033791e+00
 -2.57716088e-01  3.06897282e-01 -8.63556300e-01  5.64059922e-01
  1.17035091e+00  4.04369795e-01  5.01697857e-01 -1.19894908e+00
 -6.67034127e-01 -8.27329972e-01  6.95543631e-01  2.84921661e+00
  1.47873591e+00 -1.12928221e+00  1.24243985e+00  1.04487195e+00
 -4.98816512e-01 -7.38384910e-01 -5.06305394e-01  3.82079907e-01
 -4.35496050e-01  9.12329179e-01  5.36017331e-01  1.75868584e-01
  3.35056432e+00  6.40420176e-01 -6.26482889e-01 -7.41276078e-01
 -5.95886020e-02 -7.94877776e-01  1.31772114e+00 -1.21396849e+00
  1.25192682e+00 -1.79398807e+00  9.32920450e-02 -4.25966261e-02
  9.58382602e-01  4.50523005e-02  1.04753900e+00 -4.62339399e-01
  1.63399791e+00 -1.50791235e-01  1.85428271e-02 -5.34478717e-01
  3.49542490e-01  1.31003083e+00 -1.06488469e+00  1.01812164e-02
 -3.49210542e-01  1.49845972e+00 -2.33482261e-01 -1.75781408e+00
 -1.33420399e+00  3.32401960e-01 -1.63785352e+00 -8.03581039e-01
 -1.55785941e-01  3.18330505e-01 -7.39585015e-01  5.16247390e-02
 -1.48817799e+00 -1.01273952e+00  1.68431042e-01 -4.54030711e-01
  6.78273028e-01  7.76923202e-01 -7.47893356e-01 -5.01782356e-01
 -5.15439093e-01  1.43437140e+00 -4.05607260e-01 -9.76580872e-01
 -1.32451873e-02 -1.19474598e+00  1.52023566e+00 -4.62037121e-01
 -6.89272862e-01  1.13686855e+00  6.17329352e-01 -4.07519306e-01
  9.67688576e-02 -5.42982401e-01 -8.38941424e-01 -2.38099749e-01
  9.09530898e-01 -1.75095724e-01 -3.81416165e-01 -7.39062166e-02
  2.64172647e-02 -3.91348044e-01 -1.67233137e+00  2.19123747e+00
  4.01559028e-02 -9.92988063e-02  4.62796503e-02  1.37590523e-01
  2.74331378e-01 -1.26759160e+00 -2.29229246e-01 -1.20751198e-01
 -2.12872645e-01  5.29699955e-01 -6.56050917e-02  2.36526761e-01
 -1.17267284e+00  2.20198310e-01 -9.51096372e-01  2.15032231e+00
 -4.32114821e-01  6.32751401e-01 -5.50255560e-01 -4.69647714e-01
 -6.74287534e-01  8.40503287e-01  2.03503977e-01  1.51968502e+00
 -1.90926053e+00 -8.30528425e-01  1.36131475e+00 -1.07987428e+00
 -7.09527345e-01 -2.15790568e-01 -2.23825614e+00  3.88532926e-01
  1.81606913e-01 -2.84698239e-01  3.92167401e-01  8.42531525e-01
 -1.13743607e+00  5.34305747e-01  1.66605128e+00  5.22633459e-01
 -1.44436923e+00 -1.44910413e-01 -8.08332726e-01 -1.38885604e-01
 -1.44117418e+00 -1.14251950e+00  1.41059758e+00 -1.45879757e+00
  2.01656687e-01  2.51484983e-01 -9.48520462e-01  9.61874645e-01
  1.22089658e+00 -8.25907833e-01  6.46248879e-01  2.97735650e-01
 -3.28237904e+00 -1.42524045e+00  1.94418589e-01 -5.12237937e-01
  1.90537654e+00 -2.63090382e-01  8.96429833e-01 -2.15724289e+00
  9.10010419e-02  1.12833772e-01 -1.74941078e+00  4.58882423e-01
  4.25933111e-01 -3.96990536e-01  7.74003479e-01  1.73925642e+00
  4.94811244e-01  1.99198333e-01 -1.63616487e+00 -2.13837250e+00
 -8.76908546e-01 -4.98025773e-01 -1.16879927e+00 -5.54285484e-01
 -8.62603463e-01  1.15862308e+00  1.80551074e-02 -5.56755423e-02
 -5.90811978e-01 -3.28783920e-01  4.27929549e-01 -5.32344238e-01
  7.17552530e-02  5.12833957e-01 -2.43996205e-01  2.93382068e-01
 -4.05086237e-01 -1.76034011e+00 -2.77077564e-03 -1.08308334e+00
  6.50093259e-01 -5.42864769e-01 -2.34201290e-01 -9.89137193e-01
 -1.01807983e+00 -7.89218704e-01 -2.96995699e-01  1.40356765e-02
 -4.58297463e-01 -2.39021776e+00 -5.38982425e-01 -4.64339955e-02
 -2.85649504e-01  1.24236544e-01  1.64556653e+00 -5.57459653e-01
  8.13102770e-01 -1.50539560e-01  2.82673115e-01  7.08758671e-01
 -8.48170777e-01  7.54981994e-01 -5.20615715e-01  7.29589667e-01
 -3.94113834e-01 -3.78576041e-01 -5.30443934e-01 -1.40266649e+00
 -8.32567838e-01 -6.67538328e-01 -1.41847511e+00 -2.68839055e-02
 -1.71773026e+00 -1.43940166e+00  1.51298093e+00  1.97722408e+00
 -1.18446744e+00  1.50517880e+00 -8.40138476e-01 -1.00589357e-01
  2.47596459e-01 -1.69190872e+00 -4.60902039e-01  1.79597169e-01
  1.50841480e+00 -3.12139900e-01 -1.33555661e+00  7.83256662e-01
 -3.54845738e-01  8.04178711e-01 -1.17033015e-01  9.09006580e-01
 -8.53118035e-01 -3.34509317e-01 -3.69513060e-01 -1.57658954e-01
 -1.05499860e+00  1.21709584e-01  4.32923171e-01  4.36688965e-01
  8.70724812e-02 -3.51899998e-01 -9.64233990e-01  1.65487125e+00
 -1.19117497e+00 -1.09261842e+00  1.87516284e+00 -9.79038219e-01
 -8.86544729e-01 -2.52591776e-01  3.28250207e-01  1.59875949e-01
  1.06449906e+00  3.34547149e-01 -6.69822532e-01 -4.39755962e-01
  2.94448667e-02 -1.13336007e-01 -7.38982397e-01  1.55505705e-01
  1.20896540e+00 -1.36229309e-02  4.49565803e-01 -7.19413470e-01
 -1.49961483e+00 -6.73803345e-01 -8.92111948e-01  3.31088647e-01
  9.12935308e-01 -1.04913870e+00  3.37829755e-01  4.28485533e-01
 -1.84338656e-01 -7.00355638e-01  8.82775081e-01 -1.52043748e+00
 -4.58009888e-01 -1.10519357e+00 -2.14332373e-01  6.68384129e-02
 -5.15018301e-01  6.50021903e-01  1.24162921e-02  4.26288958e-01
  2.09963827e+00 -6.66916904e-01  6.94770255e-01 -9.10162930e-01
 -2.87910427e+00 -1.00378639e+00 -1.38170467e+00 -5.93147530e-01
 -1.73973245e+00  1.43254964e+00  9.45296967e-01 -1.48974374e-02
 -1.27403679e+00 -1.22448772e+00 -4.37215988e-02  6.61655719e-01
 -1.92800386e+00 -2.74504368e+00 -2.80691286e+00  9.78637318e-02
 -9.17171802e-01 -7.50320313e-01  1.02148179e+00 -1.94727073e+00
  5.73358661e-01  4.55870376e-01 -6.34438612e-01  4.40798984e-01
 -1.29583774e+00 -9.24492668e-01 -1.32751647e-01 -2.93343245e-01
 -7.31626274e-01  1.74712507e-01 -4.98334477e-01  4.41545650e-02
  3.83955911e-01 -1.07176106e+00  1.89317926e+00 -7.04424297e-01
 -2.16752738e-01 -1.31212007e+00 -2.00703150e-01 -3.49568026e-01
  3.09279688e-01 -6.85431830e-01  3.14570033e-02  1.54932432e-01
  1.00247222e+00 -3.41242846e-01 -2.47331279e-01  1.23039090e-01
  7.30776961e-01 -2.21621599e+00 -9.84459619e-01 -4.78808495e-01
  9.83998816e-01  4.21719833e-01 -8.28694115e-01 -8.33122445e-01
  9.25432538e-01  3.81656905e-01  8.61307454e-01  3.06552847e-01
 -6.00071899e-01  4.21031153e-02  5.05304323e-01  5.17579575e-01