-2.48694685e+00 -3.42796335e-01 -1.62865004e-01 -6.15766345e-01
  1.22118019e-01 -1.14204116e+00  6.97917171e-01 -2.24537938e+00
 -1.24334710e+00  9.25011436e-01 -8.70706441e-01  7.48604871e-01
  1.18109215e+00  9.13947121e-01 -1.23884246e+00 -2.17715346e-01
  5.23512085e-01 -2.89231143e-01  1.26459655e+00  2.35462897e+00
 -1.29829407e+00 -7.29376498e-01  1.77295812e-01  4.97264417e-01
  3.69564496e-01 -9.40545624e-01 -7.83262362e-01  4.13936446e-02
  7.91436830e-01  7.43722095e-01  5.08283072e-02  8.38097901e-01
 -1.98305982e+00 -9.82898543e-01 -3.63910547e-01  7.24033347e-01
  1.48318951e+00 -3.96876854e-02 -1.65556885e-01 -1.03281125e+00
 -1.67226172e+00 -9.27171051e-01  4.28723141e-01 -5.20515882e-01
  1.39917909e+00  1.57536355e-02  1.38984205e+00  1.65834947e+00
 -1.09976586e-01  2.19547106e-01 -1.25110375e+00 -6.47816301e-01
  1.90971086e-01  2.95630002e-01 -5.16507847e-01 -8.57158455e-01
  1.84827023e-01 -4.85752091e-01 -6.00387806e-02 -1.96150280e-01
  8.54201058e-01  1.43411599e+00 -8.23488261e-01  7.47778300e-01
  1.11170306e+00 -7.11495534e-01 -3.57605798e-02  7.83893170e-01
 -8.85393203e-02 -1.58493713e+00 -4.38674686e-01  2.99924827e-02
  9.15303958e-01  1.13732462e+00 -1.74496797e-01 -2.75086117e-01
 -1.30009303e+00 -1.23140445e+00  4.57499805e-02 -1.22718831e+00
  1.46225057e+00  1.63456425e+00  1.06878132e+00 -6.96634232e-02
  3.60475427e-01 -6.52065958e-02  2.82721750e-01  1.05374907e+00
  1.97356805e+00  9.24332615e-01  1.55789438e-01  1.01420038e+00
  1.67229761e+00  2.55980178e-01  2.30376915e-01 -1.30539478e+00
 -5.15591455e-01 -4.09085446e-01  2.35798508e-01 -8.45473452e-01
 -1.98612095e+00 -1.11703116e+00 -5.75013127e-01 -3.86966151e-01
 -4.65249831e-01 -1.35110372e-01  1.08152059e+00  1.87430122e-01
  2.38710413e+00 -2.02964889e+00 -1.50436283e+00 -4.32118726e-02
  4.43767661e-01 -5.40309621e-01 -8.93757571e-01  4.09102801e-01
  1.71470341e+00 -2.08072632e-01 -9.31081673e-01 -1.29507792e+00
 -5.86722425e-01  2.81436385e-01 -3.56605016e-01 -6.71388052e-01
 -2.51401001e-01 -5.98974764e-01 -1.04191579e+00 -9.80487997e-01
  1.08537860e-01 -2.22954842e-01  1.27389527e+00 -5.38845013e-02
 -1.49736814e+00  4.01756355e-01 -5.87628345e-01  2.37801109e+00
 -4.53586241e-01  1.12979603e+00  1.06931990e+00  9.28702895e-01
  3.46427812e-01 -3.02609522e-01  2.59130782e+00 -3.58942213e-01
 -5.13559829e-01 -8.31240498e-01  7.49361478e-01  9.41810291e-01
 -1.01003482e+00 -1.03063794e+00  8.75168627e-01 -4.58869357e-01
  8.72758430e-01  6.23809814e-01  7.50592120e-01  1.19573519e+00
  1.33978975e+00 -1.36388120e+00 -3.72414430e-01 -3.04441335e-01
  1.34646874e+00  3.51819899e-01 -5.31856022e-01  1.40592467e+00
 -1.78235720e+00 -1.27440179e+00 -8.79883865e-01 -8.15333067e-01
 -1.33153088e-01 -9.28257493e-01 -1.10024681e-02  5.60142328e-01
 -1.00954376e+00  1.87677664e-01 -3.45679959e-01  7.61725235e-01
 -3.14005391e-01  1.00187027e+00  3.54069085e-01 -8.86634427e-01
 -9.79949769e-02  7.65388448e-01  1.27403372e+00  6.83373358e-01
 -1.07500033e+00  1.03803406e+00 -9.30488552e-02 -1.26354446e+00
 -1.11173454e+00  1.66884618e+00  1.58756640e+00  3.44644050e-01
 -3.77528006e-01  2.70876185e-02  7.14060335e-01  1.02937861e-01
  6.80602680e-01  1.06101621e+00  5.67722036e-01  2.29885062e-01
  2.02311921e+00  6.47143046e-01 -4.30321178e-01  1.56444968e+00
 -1.35607045e-01  4.14160806e-01 -1.13569414e+00 -7.51531844e-01
  2.99131046e-01  8.95669648e-01  1.29467482e+00 -2.60768185e-02
  5.59693090e-01  2.30411285e-01 -1.89394255e+00 -1.72372490e+00
 -2.10934482e-01  1.73127556e+00 -1.85223994e+00 -1.10819306e+00
  1.54925269e+00 -2.30384255e-01 -3.26035262e-01  4.95898103e-02
  6.95335717e-01 -3.63815900e-01 -7.30221722e-01 -3.99728670e-01
 -6.71233585e-01 -2.01288817e-01  3.37141662e-01 -4.42644289e-01
 -9.45498890e-01 -1.31611187e-01  9.44246211e-02  1.72449778e-01
  2.59125575e-01  3.30573200e-01 -1.06342971e+00  9.69698590e-01
 -1.62921674e+00  8.42972585e-01  1.84868306e+00  4.73069114e-01
  8.17160177e-01 -1.95849141e-01  5.99541604e-02  5.07517415e-02
 -2.04640202e-01  5.70232880e-01 -4.10802879e-01 -3.76732068e-01
  6.91798335e-01 -8.91464561e-01 -7.46393572e-01 -2.23345357e+00
 -1.81734840e-01  9.27214983e-01  6.66246463e-01  5.83084161e-01
 -4.83144446e-01 -4.60317550e-01  6.62765878e-01 -4.75803423e-02
 -5.79184672e-01  8.86503340e-01 -5.12819006e-01 -4.00219943e-01
 -1.00557114e+00 -1.22828517e+00  1.43701589e+00  5.20319840e-01
 -1.73286049e+00 -4.84927634e-01 -3.50943569e-01  1.06512223e+00
  1.10595118e+00  6.94527170e-01 -1.13741071e+00 -1.89027623e+00
  2.20702483e-01  6.77375179e-01 -1.21060878e+00 -3.04932784e-01
 -9.70827291e-02 -5.72269413e-01  6.40495780e-01 -4.21985060e-01
 -2.10317227e+00  1.41186529e-01  4.01353841e-01  6.69765726e-01
  1.28019464e-01 -3.46454561e-01  9.39563362e-01 -4.16323226e-01
 -6.38738235e-01  9.16367138e-01 -2.56182691e-01  1.58849903e+00
 -1.48516077e+00  1.14815690e+00 -1.46092139e+00 -1.54605663e-01
  1.40061527e+00  9.29239779e-01  2.19201894e-01  1.31332049e+00
 -6.82364919e-01  3.38779766e-02  1.22245277e+00  5.96199588e-01
 -1.89781174e-01  6.99461791e-01 -5.43128625e-03 -2.17993106e-01
  2.46829252e-01  1.17307132e+00 -1.38046018e+00 -9.74965054e-01
 -1.26305475e+00  3.84313046e-01 -1.19450172e+00  1.54906759e+00
  1.39014140e+00 -9.40699330e-01  1.00782041e+00  1.06568359e+00
 -1.42455924e+00 -4.03955558e-01 -2.25856348e-01 -2.99648538e-01
 -2.02619014e+00 -8.49957399e-01  1.83552469e+00 -5.22315332e-01
  7.07310967e-01  1.01140937e+00 -1.03494872e+00 -9.77607843e-01
 -1.66214275e+00 -1.71706651e+00  3.20524448e-01  7.17126602e-02
 -1.35679452e+00 -1.56031230e-01  1.12068665e+00  4.91435277e-01
 -1.04979939e+00 -9.88038157e-02  4.28650008e-01  6.16065758e-01
  5.46790338e-02 -1.08879640e+00 -3.84639773e-02 -7.42228183e-01
 -3.83487941e-01  1.55104206e+00  1.74688352e+00  2.73823184e-01
  1.33166251e+00  1.74028456e-01 -1.04729328e+00  2.72642290e-01
  1.91973908e-02 -6.38881662e-01 -1.90686675e-02  1.26386611e+00
  1.76375019e+00  9.88683941e-01 -5.61140497e-01  1.05014773e+00
  1.52440051e+00 -1.46237979e+00 -6.88561164e-01  7.84640035e-01
 -1.29721637e+00 -4.69247071e-01 -2.20535693e-01 -1.54977099e+00
  7.59334283e-01  1.29012293e+00  1.19499779e+00  2.09243662e+00
 -5.87364118e-01 -2.62899945e-01  2.02680402e-01 -4.90700546e-01
  4.82209505e-02  6.88296296e-01  3.54896333e-01 -8.43093831e-01
 -2.90394388e-01 -9.74962457e-01  1.38191682e+00  6.60344362e-01
  4.58033726e-01 -6.90609603e-01  1.13189036e+00  7.93072297e-02
 -4.38553142e-03 -1.13482867e+00 -1.10221978e+00 -7.40643701e-01
  1.17435743e+00  1.12452974e+00 -7.65239200e-01  4.94053566e-01
  4.60910934e-01 -1.48417350e+00  2.64711609e-01  5.65473846e-01
  4.73219956e-01  2.63941189e+00 -5.80083116e-01 -1.41833142e+00
 -9.02627856e-01 -3.51810407e-01  8.03445815e-02 -1.01965097e+00
  4.64501901e-01  2.20526334e+00  4.41850338e-01  3.79848048e-01
 -6.68480173e-02  1.91748457e+00 -6.78360905e-01  9.63188236e-01
 -6.24404350e-01 -1.21602025e+00  1.58559944e-01  7.67281965e-01
 -2.98579582e+00  6.44413102e-01  1.06278752e+00  8.10950875e-02
  2.93456327e-01  1.78074662e+00 -4.32553754e-01  9.26727745e-01
 -3.61736489e-01  7.13637907e-01  1.02598196e+00 -1.17275018e+00
 -4.10762445e-01  4.96415861e-01 -5.26077980e-01 -3.98720983e-01
 -1.95314571e-01 -1.03842990e-01  5.35519146e-01  6.38689794e-01
  4.65147886e-01  7.31662215e-01  1.66427413e+00 -1.32828337e+00
  1.21772024e+00  3.43517204e-01  1.20573054e+00  1.60777488e+00
  6.98687567e-01  1.70064275e+00 -6.13877602e-01 -6.53578582e-01
  2.35286093e+00 -9.58720375e-01  1.35690960e+00 -7.16121786e-02
 -1.05845852e+00  1.51464388e+00 -2.84160732e-01 -4.10246426e-01
  9.27004067e-02  4.93127935e-01 -9.04384878e-01 -2.81824268e-01
  3.15234576e-01 -1.21369884e+00  3.76831269e-03  3.50253398e-01
  1.11377960e+00  1.65631723e+00 -1.79444459e-01 -1.90446204e+00
 -3.58343121e-01  1.47653753e+00 -2.82891051e-01  4.58201122e-01
  5.38686713e-01 -1.28127706e+00 -1.72469207e+00  1.23343169e+00
  9.70592149e-02  9.08745049e-01 -1.15762191e+00  1.72254705e-01
  6.72823384e-01  4.09965429e-01  7.89294845e-01 -8.36783112e-01
 -1.79637718e-01 -8.11823944e-01  2.31587987e-01  1.29429016e+00
  5.99731268e-01  9.50942960e-02 -1.75252325e+00 -2.22973429e-01
 -8.13957271e-01 -5.37046297e-01  2.21447315e+00  7.66355329e-01
 -3.50720289e-02 -9.21255438e-01 -5.83369997e-01  4.32696822e-01
  1.35012655e+00  1.17060673e+00 -3.73241376e-01 -2.32174943e+00
 -4.95499919e-01 -1.00137555e+00  9.27299909e-01  1.79698160e+00
  1.20739696e-01 -1.07302100e+00  1.84868029e+00  2.07838244e-01
 -1.56138310e+00  1.91629014e+00  3.03351298e-01 -3.90362521e-01
 -5.59170240e-01 -5.72758459e-01 -1.94939812e-01  1.16517357e+00
 -1.01388449e+00 -9.63504036e-01 -5.17535848e-01  1.72706162e+00
  8.67285566e-01 -2.35490021e+00 -2.36217129e-01 -1.94521356e+00
 -1.09820443e+00 -1.76208685e-01  5.50389197e-01 -4.95566233e-02
 -8.65070366e-01 -3.30642484e-01 -1.63382914e+00 -2.06606134e+00
 -5.86677371e-02  1.43968057e-01  1.59709464e+00 -2.17309280e-01
 -4.41893822e-01 -7.67616041e-01 -7.14234254e-01 -1.33367928e+00
  1.82409374e+00 -5.49066694e-01  5.29730228e-01  8.29870158e-01
  8.82303532e-02 -1.03118854e+00  4.58589905e-01  2.52429694e-01
 -4.79372141e-03 -4.16031066e-01  9.02058730e-01 -1.56688151e+00
  6.79869776e-01 -1.72412749e+00 -1.50830879e-01 -1.00940272e-01
 -8.93486824e-01 -8.46771425e-01 -2.36999165e-01 -1.57226833e+00
  4.62438866e-01 -7.61398996e-01 -2.15513441e-01  1.48246334e-01
 -1.84205707e+00 -5.63103232e-01  6.92719232e-01  7.47195738e-01
  5.08767636e-01 -1.15609292e+00 -8.14037665e-01  5.72809401e-01
 -5.93464322e-01 -1.29356804e+00  7.32307189e-01 -9.80938040e-01
 -1.43532690e+00  1.17433234e+00  2.04324844e-01 -4.57634822e-01
 -1.16736545e+00 -2.45039339e-02  2.89541137e-01 -1.62950009e+00
 -3.73427384e-01 -2.47417204e+00 -1.20538112e-01 -2.55152453e-01
 -1.71561238e+00  7.33857472e-01 -1.01712951e+00 -1.68388558e+00
  8.64593276e-01  3.04837966e-01  6.69384838e-01  6.21447604e-01
 -1.51771680e+00  9.86460106e-01  6.62967574e-01  7.99880077e-01
  2.39410500e+00 -1.22812024e-01 -7.23009368e-01 -1.51879613e-01
 -1.82439878e-01 -4.75154116e-01 -7.42097388e-01 -7.17246185e-01
  9.73848767e-01  2.52219430e-01  2.35387608e-01 -3.86364902e-01
  1.40581433e+00  1.00908912e+00  9.73224150e-01  4.93658619e-02
 -1.39238646e-02  5.52686871e-01  1.44789154e+00  3.78999828e-02
  7.04590159e-01 -9.31714113e-01 -1.46008381e+00 -2.66556483e-01
 -5.58948662e-01  4.75967902e-01  1.09073763e+00 -3.01650933e-01
 -1.37547663e+00 -3.95332550e-01 -1.83005771e+00  7.24837847e-01
  1.02579397e+00 -6.59800906e-01  1.61933152e-01  1.62346185e+00
  6.37605838e-01 -3.69237709e-01  8.74600303e-01 -5.04491363e-02
  7.81870760e-01  2.62715030e-01  3.12366872e-01  7.46665792e-01
 -1.24809387e-02 -7.87702412e-02  2.69649349e-01  4.06377838e-01
  1.82445513e+00  5.99961385e-02  1.46440962e+00 -5.23568506e-02
 -2.84076299e-01  2.27308716e+00  2.51730813e-01  2.34564365e-01
  5.92492864e-01 -3.09958880e-01 -1.51766205e+00  1.01406539e+00
  1.11011744e+00  1.77374635e+00  2.66758319e-01  6.33366079e-01
  3.00298048e-01  3.21293211e-01  1.49971317e+00 -9.42660267e-01
 -1.50181042e+00 -8.76442745e-01 -3.89212851e-02  1.21239600e+00
  6.23931779e-01 -8.44193911e-01 -6.18581211e-01 -3.40605041e-01
  8.91858022e-01 -5.07698302e-01 -5.86012146e-03  1.88345918e+00
  2.80424346e+00 -2.17003121e+00  7.03494434e-01  4.14210765e-01
  4.33804542e-01 -1.42233823e+00  2.62929522e-01 -7.85274649e-01
  8.30053339e-01 -1.08932268e+00 -8.59766247e-01 -8.47712338e-01
 -1.37273957e+00 -1.64100263e+00 -8.72559138e-01  4.64763229e-01
 -1.70384803e-01  1.37908038e+00  1.86499103e+00  9.46100862e-01
  5.45918124e-01 -1.52497265e+00  7.39723910e-01  2.03516815e+00
  2.27290420e+00  5.29188676e-02  4.56907062e-01 -6.66514901e-01
  6.53234718e-01  9.32499931e-01  6.85249058e-01  4.10494522e-01
  1.38445300e+00  1.14740151e+00 -1.49757111e+00 -1.03505134e-01
 -1.42524859e+00  7.78855528e-01 -6.22248998e-01  4.08197601e-01
  5.42343177e-02  2.72573556e-01 -1.84130526e+00 -5.82966150e-02
  5.45986129e-01 -2.18943352e-01  1.34007758e+00 -3.21683144e-02
 -2.18388120e+00 -1.52897323e+00  1.72652562e+00 -2.43837461e+00
 -1.55674514e+00  1.56989559e+00  5.13062425e-01  2.54427945e+00
 -9.40189256e-01 -1.24085143e+00  3.03895373e-01 -9.74137357e-01
  2.91463940e-01  1.08043972e+00 -3.40540787e-01 -2.21708069e-01
  6.25746983e-01  6.03796589e-01  2.11567170e+00 -4.76232114e-02
 -6.49487284e-01 -5.55143469e-01  4.31798975e-01  1.52496490e+00
 -9.79865269e-02  1.65391064e+00  5.38485098e-01  3.43954055e-01
 -5.33129738e-01  9.91387046e-01  1.72340206e+00 -7.93927230e-01
 -2.86560123e-01  2.89508581e-01 -1.06575064e+00  1.63812796e+00
  3.83858571e-01  4.08908532e-01  5.18241406e-01  3.57247520e-01
  2.43811228e+00  1.36852220e+00 -5.00516621e-01 -1.03820772e+00
 -1.10236704e+00 -9.63990712e-01  1.15396296e+00  1.61681686e-01
  2.11191932e-01 -2.29219074e-01 -4.88265728e-02 -1.33414664e+00
 -6.98009971e-01  2.39719167e+00  7.81380267e-01 -6.28780008e-01
  1.20254424e+00 -4.39969235e-01  4.83334458e-01 -9.81867935e-01
  8.44987004e-01  1.26433369e+00  7.77449618e-03  5.55555287e-01
  8.84008750e-03  1.62480538e-01 -1.20398580e-01 -2.43716078e-02
  8.82212435e-01  3.12029085e-01 -6.27487072e-01  6.69645161e-01
 -6.10490733e-01 -1.34877401e+00 -2.46090712e-01 -1.81763200e+00
 -3.54245581e-01 -1.16905853e+00  1.45977802e+00  6.78905722e-01
  3.48816847e-01  1.48650464e+00 -4.76093234e-01  1.78428536e-02
 -1.76625902e-01 -1.01989017e+00 -7.84297789e-01 -2.56167564e-01
 -6.82131891e-01  2.78795151e-01 -1.52028913e+00 -1.67027668e-01
 -7.30212488e-01  3.20226275e-01 -8.02797685e-01  3.67254420e-01
 -7.59713190e-01 -2.58030364e-02  6.61191526e-01 -2.31944159e+00
 -8.13160865e-01  4.08663915e-01  3.12001279e-03  7.81235812e-02
 -8.46759342e-01 -2.75484028e-01  9.51259017e-01 -4.03352580e-01
  4.24777461e-01  1.09471853e+00  1.98051210e+00  8.93034270e-01
 -1.69901324e-01  1.70591399e+00 -6.83798357e-01 -2.91840661e-01
 -1.24993741e+00 -4.19494503e-01  1.31930969e+00  6.32098071e-01
  7.82219187e-01  4.95114515e-01 -1.69976618e+00  8.00935638e-01
  2.06107161e+00  1.32761092e+00  4.24688500e-01 -6.89873759e-01
 -1.40328804e-01 -1.61354075e+00  1.03641078e+00 -5.71134071e-01
 -1.27930950e-01  4.74427677e-01 -2.39162209e+00  2.58133610e-01
  9.31489472e-01  1.71620654e-01  3.81880925e-01  8.87370395e-01
  2.08465711e+00  1.69402223e+00 -4.88471519e-01  1.87139081e+00
 -2.34455718e-01 -1.21806045e+00 -1.73180440e-01 -1.79412345e-01
 -7.19544799e-01  1.16682191e+00 -1.11204638e+00  8.93013769e-01
 -6.43346444e-02 -7.21311491e-01  7.50939347e-01 -4.88238031e-01
  7.84593527e-01 -5.19903666e-02 -4.60777024e-01 -2.56678026e-01
 -1.77509539e+00 -3.82813628e-01  1.76755829e+00  1.95967625e-01
  4.94908109e-01  4.94255079e-02  1.72082509e+00  4.49090020e-01
 -1.18860154e+00  8.24337500e-01  1.00203816e-02  7.20503495e-01
  1.67061772e+00 -4.02376265e-01 -6.46632349e-01  2.59468833e-01
 -1.02085062e+00 -1.00304098e-01  7.00149838e-01 -1.12443666e+00
 -7.36219497e-01  2.56941249e-01  2.31825453e+00 -1.38471833e+00
 -9.60070892e-01 -6.28410243e-01  7.49393209e-01  3.78285603e-01
  1.22660066e+00  8.30589486e-02 -1.56165071e+00  4.90205933e-01
  5.36429299e-01 -1.41420493e+00 -6.73989187e-01 -6.60778746e-01
  9.22627942e-01 -1.16870082e+00  1.36125077e+00  1.72806580e+00
  5.60337675e-01 -7.39149219e-01 -5.64650664e-01  7.66049943e-01
 -1.20706219e+00  4.44599214e-01 -5.16849322e-02  1.10095738e-01
  3.43655838e-01  8.49434440e-01 -2.74403678e-01  3.59209903e-01
  1.55011309e+00  4.44960873e-01 -8.72007026e-01  5.40162469e-01
 -8.56755066e-01 -1.95834169e-01 -2.65125020e-01  1.66473881e-01
  3.90276197e-01  8.58203057e-01 -1.18556182e+00  1.00521488e+00
  1.46131569e+00 -1.68747878e-02 -1.95246437e+00  3.33552701e-01
 -1.19002433e+00 -1.02251774e+00  5.32419027e-01  1.33644567e+00
 -8.20437638e-01  1.19702005e+00  8.07932652e-01 -6.13321033e-01
 -6.42495605e-01 -5.04744831e-01 -5.34534146e-01 -5.39413365e-01
  2.83827184e-03 -1.31899240e+00 -1.20079566e+00 -1.79200071e+00
 -5.36793177e-01 -2.85255423e-01 -6.03255672e-02 -4.50142970e-01
 -1.38478473e-01  3.18693469e-01 -3.02209991e-01  3.31112055e-01