-4.06590636e-01 -5.94470600e-01 -7.52119073e-02  6.02276738e-01
  3.36332698e-01 -1.44505625e+00 -1.22971747e+00 -3.77883909e-01
 -5.04211203e-02  3.96355366e-01  5.60870163e-01 -5.77609694e-01
  1.52904066e+00 -1.82535660e-01 -6.20837559e-01  1.47319757e+00
 -8.38711039e-01  2.55011550e-02 -7.34012902e-01 -1.06810836e+00
 -2.07784797e+00  7.14717756e-01 -4.54472815e-01 -3.26005544e-01
 -2.46931531e-01 -1.01763676e+00  1.72856889e+00  2.86272565e-01
 -2.10633108e+00  1.36919285e+00 -2.17427046e+00  8.55792827e-01
 -6.36723004e-01  2.07309392e+00  3.37709872e-01 -1.29829788e+00
 -1.82380518e-01 -3.68425327e-01  8.87487204e-01  2.38652316e-01
  3.77438669e-01  1.73604868e+00  7.02732772e-01 -1.55151431e-01
 -5.36400446e-01 -2.66804232e-01 -7.86904360e-02  7.12097702e-01
  5.57598107e-01 -1.24521167e+00 -9.27405396e-01 -1.59196971e+00
 -7.95854419e-01 -4.58327381e-01 -3.97368065e-01 -1.32669621e+00
  2.54603324e+00 -1.20383904e+00 -1.22759165e+00  1.20556315e+00
  1.29613235e+00 -5.33705290e-01  3.65754108e-01 -3.14009925e+00
  1.18110483e+00  1.05992338e+00 -1.27849753e-01 -3.88183122e-01
  1.90828439e-01  2.23148326e-01  1.10018753e+00  1.07942639e+00
 -2.60005316e-01  4.70165103e-01  1.66060258e+00  1.40506707e+00
  1.89779019e+00  2.03956992e-01 -1.58512398e+00  5.14992175e-01
 -1.13720655e+00 -2.91698751e-01  1.69286683e+00 -6.90962938e-01
 -9.11982637e-01  9.46991251e-01  8.68455460e-01 -8.35103355e-01
 -4.39471252e-01  2.27521360e+00  3.80446710e-01  6.47336935e-02
 -3.03918355e+00 -2.16057905e+00 -1.42852219e+00 -5.62758523e-02
  1.98132545e+00  1.30140573e+00  1.95184165e-01  3.84034524e+00
 -8.02190807e-01 -7.12602921e-01  1.80170120e-01 -2.69399233e+00
 -7.56029459e-01  1.79073761e-01 -1.00944247e+00 -1.92879762e+00
  2.56397392e-01  2.72858197e-02  2.49611058e-01  2.33756060e-01
  1.21717051e+00 -1.20722562e+00 -6.53488185e-01  1.73014012e+00
  1.17655984e+00  1.37003087e+00 -6.13651162e-01 -2.78305008e-01
  2.76955758e+00 -3.05781401e-01 -1.90108341e+00  1.16231995e+00
  5.22110815e-01  1.17248306e+00  5.39731257e-01 -7.41942320e-01
  2.97708984e+00  4.70119717e-01  3.68183817e-01 -1.04261097e-01
  1.38457366e-01 -1.07796143e+00 -4.66546018e-01  6.27685139e-01
 -6.48065078e-01  1.06646941e-01 -1.49557592e+00 -1.57303613e+00
  9.41832047e-02  6.39674864e-01  6.95703275e-02  2.36875398e-02
 -9.87101541e-01 -2.69144424e-01 -1.11510375e+00 -1.53423471e+00
 -1.33891728e+00  1.73199737e+00 -4.43143939e-01 -8.02422160e-01
 -5.06606093e-01  7.05875655e-01 -5.35144267e-01  1.32655389e+00
 -4.20208294e-01 -2.72091910e-01 -1.16406860e+00  3.72852129e-01
 -2.04360125e+00  3.69378216e-01  1.75669640e-02 -1.68877435e-01
  5.38419280e-01 -4.18465236e-01 -1.17617331e+00 -2.21089245e-03
 -1.28454050e+00 -1.19047328e+00 -6.31285164e-01 -6.74119705e-01
  4.63979955e-01  9.06294199e-01 -1.21687798e+00 -3.03635362e-01
 -1.25426949e+00  1.26730334e+00  2.83616514e-02  3.80702715e-01
 -2.06010823e+00  5.95091475e-01  1.80339728e+00 -1.54866385e+00
 -3.37533248e-01 -1.40115297e+00 -1.20785658e-01 -2.81092936e-01
  8.02374076e-02  1.29881843e+00  8.53829367e-01 -1.90821743e-02
 -8.67970213e-01  7.22829840e-02  6.15251339e-01 -2.24037148e-02
 -6.29334324e-01 -3.95858628e-01  3.35093557e-01  1.49205449e+00
  2.07734776e+00  5.10149641e-01 -1.58918307e-01 -8.38576743e-01
 -1.14582646e+00 -8.30782255e-01 -1.24049974e+00 -9.76825099e-01
  9.52306200e-01 -6.86290767e-01  5.60526795e-01 -1.49555341e-01
  4.44928374e-01  1.87788615e+00 -6.69520313e-01 -5.39402475e-02
  6.26435503e-01 -1.76719890e-01  1.15144396e+00 -4.26211728e-01
 -1.05417496e-01 -6.50288967e-01 -5.98082417e-01  6.01265168e-01
 -6.98186995e-01 -4.67886952e-01 -1.62863668e-01 -6.82753938e-01
  1.93750110e+00 -7.45894810e-01 -4.27195192e-01 -7.03736312e-01
  1.08522181e-01 -6.91091202e-02  7.42706901e-01  4.29777308e-01
 -1.43840935e+00  1.09755082e+00 -3.27600190e-01  8.17721019e-01
 -8.39375718e-01  5.14066473e-01 -3.01860419e-01  1.36598099e+00
 -1.79242115e-01  4.21227874e-01 -1.91945973e-01 -5.00773043e-01
 -1.58334306e-01 -1.14638096e+00 -4.85230450e-01  8.79749842e-01
  4.13056817e-01  8.07101690e-01  8.19787672e-01 -6.52403446e-03
 -7.92993282e-01  1.52751718e+00 -4.44631994e-01 -1.21853607e+00
  8.70946722e-01 -1.46787971e-01 -6.66022723e-01  6.79914781e-02
  1.19479398e+00  7.37397998e-01 -3.53147773e-01  3.34123624e-02
 -1.15334689e-01  2.13828640e+00 -1.06748913e-01 -4.95819431e-01
 -2.88399053e-01 -4.47896831e-01 -3.57510278e-01  1.44998330e+00
 -1.68360540e+00 -5.83216657e-01 -1.68992466e-01 -6.47477607e-02
 -1.13145211e+00 -1.22980444e+00  7.50820469e-01 -3.29172853e-01
  9.67746701e-01 -1.15153325e+00 -1.17815971e-01 -3.03558208e-01
 -6.65394620e-01  1.25353057e+00 -2.70136495e-01 -2.19510809e-01
  6.45196664e-01 -1.16428150e+00  4.61685108e-01  7.05428429e-02
  1.25254102e-01  5.50858164e-02 -9.32190739e-01 -9.58964557e-01
  1.37581661e-01 -1.01675361e+00  1.34758740e+00  5.90561676e-02
 -3.49091436e-01 -4.19889098e-01  2.75535995e-01  3.70620165e-01
  3.23579481e-01 -3.12154564e-01 -5.48657006e-01 -8.43417473e-01
  2.22823021e-02 -7.50512698e-01 -1.40962726e-01  3.46464569e-01
 -7.70206653e-02 -1.25148176e+00  3.87259228e-01  7.50392107e-01
  7.35971129e-01  1.79472086e+00 -6.14327970e-01  1.53572962e-01
 -1.20954493e+00 -3.53090108e-02  2.06702084e+00  2.76505062e-01
  1.98553361e+00 -3.02886360e-01  8.49595945e-01  5.58265244e-01
 -7.96629583e-01  1.20195818e+00  8.17630520e-01 -9.03171834e-01
 -1.38436338e+00 -6.02522683e-02  3.13442629e-01  9.57499041e-01
  5.26497025e-01  3.59985758e-01  4.46707881e-02 -3.20472200e-02
  4.53704088e-01  1.04514673e-01  2.87922555e-02 -1.16592447e+00
  1.85472108e+00  1.58821190e+00 -8.11679212e-01 -7.62641612e-01
  6.77315351e-01  2.20905893e+00 -2.76727314e+00 -3.16178517e-01
 -3.27798617e-01 -2.86770367e-02  1.18438271e+00 -1.26029480e+00
 -1.83490616e+00 -9.21715478e-01 -4.02098722e-01  8.36701666e-01
 -1.11177783e+00 -5.38695554e-01  5.18359398e-01 -7.84271418e-03
  1.16936625e-01 -1.70071251e-01  2.22211042e+00  3.16124057e-01
  1.80846509e+00 -4.92000227e-01 -8.28995214e-01  1.52902189e-01
 -1.17345346e+00 -4.99610158e-01  8.93421750e-01  9.80391109e-01
  7.13221157e-01  8.77080003e-01  1.03073172e+00 -8.87612473e-01
  6.70665645e-01 -7.29165162e-02 -1.31173597e-01  2.42632561e-01
 -5.93606563e-01 -6.14557720e-01 -1.05684554e+00  8.18813006e-01
  7.20849387e-01  4.14095785e-01  5.18361336e-01  5.96457482e-01
  2.36585815e+00 -3.83309476e-01  2.39762564e+00 -7.82782980e-02
 -1.91409465e+00 -4.15371803e-01  2.57791610e-01 -6.39054023e-01
  1.90193717e-01  1.54580702e+00  1.97920817e+00 -3.70254001e-01
  1.09461144e+00  1.17879533e+00  8.35903640e-01  1.41406766e+00
  1.03679312e-01  7.53780466e-01 -1.74605260e-01 -4.24158396e-01
  1.13333825e+00 -1.61202844e+00 -5.79482208e-01 -9.53452851e-02
 -2.40218322e-01 -1.04679293e+00 -3.33521668e-02 -5.45588226e-01
  1.15873388e+00  2.81167620e-01 -9.34269250e-01  8.73470108e-01
  5.82374183e-01  4.44268896e-01 -6.07655058e-01 -5.58633594e-01
  1.35653477e-01 -9.75602620e-02  4.14777998e-01 -2.12192619e+00
  4.21603169e-01 -1.52586233e+00  1.76158306e-01  2.74542277e-01
  1.21426943e+00 -1.27885072e-01  2.23911296e-01 -2.13053951e+00
 -2.45705600e-01 -1.84773057e+00 -8.72704521e-01  1.00345639e+00
 -3.90794257e-01  8.17550945e-01 -4.34918749e-01  1.78564859e-01
 -1.80715754e+00 -6.74713772e-01 -1.33201735e+00  7.19739231e-01
  3.79213130e-01  1.41789932e+00  1.68978976e-01  4.77977789e-02
  3.05395857e+00  3.49533567e-01  1.20663564e+00 -3.74321537e-02
  1.84097254e+00 -9.48973534e-01 -3.62702360e-01 -3.44567431e-01
 -3.78335264e-01  9.38536669e-01  2.50996441e-01 -5.11856807e-01
  3.77962790e-01 -1.47931834e+00  2.34224650e-01  1.21750462e+00
 -6.70927020e-01 -3.07524715e-01  1.07431967e+00  1.37569722e-01
 -3.97408890e-01  5.26747256e-01 -3.30322095e-02 -7.33568125e-01
  3.69355208e-01 -1.31379729e+00  7.30741774e-01  7.74427844e-01
 -6.90874618e-01  8.35709021e-02  6.37144259e-01  5.70804469e-01
 -1.40149678e+00 -1.18057368e+00  1.86207203e-01  1.66659309e-01
 -7.38674771e-01 -8.94207421e-01 -7.72181727e-01 -8.80456139e-02
 -1.05854212e+00  5.54567996e-02  3.00008816e-01 -1.56658401e+00
  5.29274826e-01 -1.47750378e+00  7.80292065e-01 -1.56597929e+00
  9.20806479e-01  9.79020354e-01 -2.81242372e-01  7.35991442e-02
 -1.71260808e+00 -4.49651469e-01  9.08118399e-01  4.54548169e-01
  1.35262951e+00  6.38375489e-01 -2.41963612e-01  2.72419241e+00
  2.56023148e-01 -1.79555043e-01 -6.08269063e-02 -3.82146064e-01
 -1.07738359e+00 -4.57258880e-01  1.06900200e+00  1.70323738e+00
  2.99240853e-01 -2.26093819e-01  6.37794185e-01 -2.31664971e-01
 -5.91940724e-01  5.73847324e-01  7.61331637e-01 -6.24536562e-03
 -1.05386864e+00  9.23781509e-01 -1.74323026e-01 -4.90852673e-01
 -7.87610238e-01  4.42276377e-01 -4.83267166e-01 -4.40443846e-01
  1.96209201e+00 -1.73844548e-01  1.48528825e+00  3.32334892e-01
 -9.54394776e-01  6.02662033e-01 -1.81955737e-01  3.58032770e-01
  1.62344308e+00 -6.54562653e-01  6.61369832e-01 -9.42203166e-02
  5.01776697e-01 -3.66779164e+00 -5.89360615e-01 -8.49776564e-01
 -4.61683152e-01  2.06895166e-01 -1.01619838e+00  8.55482500e-01
  9.83386349e-01  2.78451507e-02  1.13687234e+00  8.41470066e-02
 -1.47892942e+00  3.25425083e-01  1.17883098e-01  3.57202988e-01
 -5.04393035e-01  1.79703377e-01 -1.80120589e-01  5.94117152e-01
  1.15496888e+00  1.35402198e+00  1.21414258e+00 -9.42294242e-01
 -2.77199520e-01 -4.83157229e-01  1.76996360e-01  2.42675643e+00
 -7.43915158e-02 -5.88438628e-02  3.08693068e-01 -7.50710132e-01
  2.34188543e+00  3.84639911e-01  3.32873498e-01  2.34941494e-01
 -8.87625397e-01 -1.50089943e+00 -1.95918670e+00 -5.12158229e-01
 -1.01677760e+00 -1.92337995e+00  1.32560338e+00 -1.67166627e-01
 -1.61730979e-01 -5.94806179e-01 -2.02191476e+00 -8.40269323e-01
 -4.07168406e-01  1.70438038e+00  8.63415558e-01 -1.42942055e-01
 -4.56510531e-01  1.07867507e+00 -8.21509995e-01 -6.39206457e-01
  3.34306931e-01 -5.77421206e-01  1.31028158e-01  3.68089213e-01
 -9.81776090e-01  6.10538823e-01 -6.93438669e-01  5.56659534e-01
  1.34701628e+00  6.79414848e-01 -3.84124620e-01  3.42011142e-01
  4.43265680e-01  1.80216344e+00  1.07378922e-02 -2.46476247e+00
 -7.94674887e-01 -2.97902289e-01  6.51027891e-01 -1.84104797e+00
  6.62820326e-01  6.18485051e-01 -9.85916148e-01 -2.23157722e+00
 -9.62440897e-01  1.82114321e-01 -1.08834338e-02  1.01056537e+00
 -3.47371279e-01  6.03311636e-01 -1.94906023e+00 -2.13950474e+00
 -1.22467955e-01 -1.33998810e+00 -1.78897049e+00 -5.95474165e-01
  1.23867739e+00 -1.16223370e+00  5.34213346e-01 -3.65910097e-01
  6.41196726e-01  1.45219120e-01  1.37522007e+00  4.19114824e-01
  1.49831918e-01  5.24134167e-01  1.94137093e+00 -1.48842825e-01
  2.05374335e-01 -1.28399851e+00  3.42248759e-01 -5.60088149e-01
 -5.42696396e-01  1.17513762e+00 -8.19597628e-01  2.64716072e-01
  1.36134592e+00 -2.64340735e+00 -6.18226545e-01 -1.51072223e+00
  1.29287366e-01 -4.37280286e-01  8.85970958e-01 -5.85133068e-01
 -2.03635616e+00 -1.23662860e-01  2.16069056e+00 -6.65364899e-01
 -7.81738382e-01  8.65284370e-02 -1.34155264e+00  1.63457493e+00
 -1.74765912e+00  1.86674635e+00 -1.20845743e+00  1.48037190e+00
 -1.20780408e+00 -4.49102464e-01  3.90633139e-02 -6.07787153e-01
  7.23224909e-01  2.21911803e-01  1.01842958e+00  2.19615216e+00
  7.24676512e-01  1.13866587e+00 -5.69098133e-01  4.51552680e-01
 -7.18848611e-01  1.19343017e+00 -1.57620938e-01  7.24687674e-01
  1.79088345e-01  1.03654854e+00  2.25459955e+00  4.26260791e-01
 -7.09591003e-02 -3.25114166e-01 -5.93984453e-01 -1.23639068e-01
 -1.55366753e+00  2.82951259e-01 -1.07844942e-01  2.30170345e+00
 -2.02661348e-01  1.04878141e+00  7.46063679e-01 -6.92640478e-01
 -6.46111099e-02 -1.33854937e+00 -2.31704183e+00  7.72159507e-01
  3.65212673e-01 -4.04835863e-01 -4.80554665e-01 -5.57557322e-01
 -3.18505972e-01 -9.16146697e-01  1.80013683e+00  1.05343604e+00
  2.60683222e-02  8.39725404e-01 -1.71807789e+00 -1.13525017e+00
  9.63611880e-01  9.61894510e-01 -1.08814940e+00  2.47048094e-01
 -2.28281411e+00  5.36292646e-01  3.55481520e-01 -2.74155210e-01
 -3.76862441e-01  1.95904991e-01  1.64416523e-01 -9.42228502e-02
 -8.38361048e-02  1.07427459e+00 -3.68822780e-01  4.62617852e-01
  6.03540158e-01  1.60488841e-01  2.43205544e-01  6.63192929e-01
  7.72509286e-02  1.66162063e+00 -6.34536037e-01 -7.45169705e-01
  3.33004437e-01  1.07866989e+00 -7.28570126e-01 -6.11930030e-03
  1.37056720e+00 -3.16998312e-01 -3.69851072e-01  1.11208210e+00
 -1.58949822e-01 -1.76117549e+00  8.14600951e-01  4.25366340e-02
  9.77446401e-03 -1.15048090e-01  2.89713085e-01  2.42175422e-01
  6.66084620e-02  6.06891484e-01 -1.11600770e+00 -1.64997660e+00
  9.05873932e-01 -5.31199004e-01  5.64513949e-01 -1.74393313e-01
  1.13198652e+00 -6.08693597e-01  1.08111936e+00  9.24240158e-01
 -6.40062119e-01 -5.26749303e-01 -1.28416302e+00  9.52873089e-02
 -4.90451495e-01 -2.47654872e-01  8.40396705e-01  1.14373135e+00
 -1.48063320e+00  2.65981431e+00  7.08568301e-01  8.46089192e-01
  3.20903840e-01  1.45781437e+00  4.17879416e-01  4.74899161e-02
  1.26796449e+00  4.60925496e-01  3.84336382e-02  2.14380165e-01
 -1.69021337e-01 -2.66847619e-01  1.21506223e+00  1.35334660e+00
  3.52808967e-01  1.35570966e+00 -1.13799016e+00 -1.69333894e+00
  8.44849255e-02 -1.10110242e+00 -9.66247264e-02  6.64102778e-01
  6.78244092e-02  2.43590631e-01 -1.45950591e+00 -5.03158024e-01
  3.07292891e-01 -1.16900658e+00  1.82291200e-01  1.67941769e+00
 -5.21623606e-01  5.95494078e-02 -3.38826736e-03 -1.46329444e+00
  1.87267817e-02  4.55145073e-01  3.71852224e-01  9.09211779e-01
 -1.83726607e+00 -7.09867485e-01 -1.68971467e-01  8.10319339e-01
 -3.35736755e-01 -5.73904006e-01  1.45319782e+00  7.02937487e-01
  2.14013176e+00  6.01633889e-01 -1.57258085e+00  1.34368403e+00
 -7.96108837e-01  3.35591956e-01  1.58174153e-01  7.64958391e-01
 -1.12659738e+00  1.96440441e-01  2.00991676e-01 -5.78067317e-01
 -6.58298063e-01  9.08539254e-01  6.47698088e-01  1.06056501e+00
  1.13497107e+00  4.31333990e-01 -6.83326160e-01 -2.66512542e-01
  7.10439769e-01  1.47855011e+00  2.35560162e-01  4.59795276e-01
  2.11817384e-01 -3.03775258e-01  1.33374016e-01  6.16811367e-01
  1.32411160e+00  5.41530488e-01  1.07114930e+00 -4.58068414e-01
 -6.00801991e-01 -2.74102136e-01 -2.11264174e+00 -1.11449420e+00
 -2.66584525e-02 -4.70642757e-01  4.00226316e-02  3.37333575e-01
 -8.18299758e-01 -2.02122527e-02  8.08466179e-01  8.84516357e-02
  2.26177459e-01  7.43402505e-01  6.65145991e-01 -1.31308832e+00
  1.22293313e+00  2.92470053e-01 -9.28430552e-01 -1.27272713e+00
 -1.93720067e-01  1.39511816e+00 -1.00466865e-01  4.89787298e-02
 -1.05676262e+00 -5.58264905e-01 -4.29067849e-01 -1.72218026e+00
  1.92889457e+00  8.54026740e-01  1.95874283e+00  8.25080223e-01
  9.48951020e-01 -3.79473000e-01  1.28524530e+00 -3.76683603e-01
  3.21412059e-01 -7.85201324e-01 -7.84012793e-01 -6.36217845e-01
 -1.50307464e+00  5.00749160e-01 -6.27182393e-02  1.58849930e+00
 -1.68603786e+00 -8.43105711e-01  3.22247868e+00 -2.92383786e-01
 -6.26423591e-02 -5.01900917e-01  3.94418815e-01 -1.55693861e+00
 -6.64962216e-01  1.83724928e-01  1.17073012e-01 -9.40391063e-01
 -3.55723921e-01  1.81348519e+00  6.26290468e-01 -4.98231287e-01
  6.36632868e-01 -9.22667029e-02 -8.13050678e-01  6.24184724e-01
 -3.78465273e-02 -1.01253309e+00  1.50388604e+00  6.10860166e-01
 -8.69837533e-01  1.89027818e-01  1.14022361e+00  1.53000404e+00
 -1.68440109e-01 -1.11238413e+00  7.66861482e-02 -6.00601300e-01
 -2.44465671e+00 -2.05565748e+00  1.25830840e+00 -6.47030943e-01
 -3.48833874e-01  5.66228482e-02 -4.30145133e-01  4.62868590e-02
  2.52865410e-01  1.47574228e+00 -1.00619433e+00 -9.75877447e-02
 -1.27771008e+00 -9.36832537e-01 -1.08858545e-01  1.37285634e+00
 -5.84508871e-02  1.01942183e+00 -1.44431843e+00  1.42194484e+00
  8.97616560e-02  3.58032836e-02  2.77758642e-01  1.07964615e-01
  6.86468256e-01 -7.91193455e-01 -8.23118740e-01  1.51979947e+00
 -3.74840784e-01  1.74228593e+00  9.76349639e-01 -8.86245578e-01
 -1.39505629e+00 -7.46015884e-02 -4.15640726e-01  7.61911636e-01
 -1.66909263e+00  1.41835112e+00 -1.35562578e-01  4.46699813e-01
 -1.79419049e+00 -1.30523859e+00  1.66633266e+00 -6.52058054e-01
  4.34795177e-01 -8.63262593e-01  9.71660523e-01 -3.59879351e-01