 0.23107806  2.36123559 -1.66979897 -0.15607029 -0.23555951  0.15915521
 -0.00866535 -0.56556684 -1.81765637  0.05999454  0.53629378 -0.76575163
 -1.70454035  1.88486956  0.43317998  1.17663825 -0.00625115 -0.43118907
  0.30162611 -1.3372878  -0.46141593 -1.67947883 -0.01773548 -0.98942744
  0.5266583  -1.00410507  0.08885433  0.09456567 -1.86715571  0.04162256
  1.43809793  2.1976294   0.24783497 -1.60199399  0.4732494  -0.32472854
  1.56606528 -1.069994   -1.01830538  0.77030766  0.47530588  1.02169437
  1.34659487  0.28017223 -1.69687621  1.01357196  1.17546411 -1.77186709
 -1.48338684 -0.54229033 -1.00753625  0.32447839  0.89583313  0.04965945
 -1.11045998  0.15586588 -0.39287852  2.74204459 -0.86060749  1.7091436
  0.7959613   1.32475357  0.34533412 -1.96842533  0.01484498  0.92947704
 -0.70147066  0.2181963  -1.18811372  0.86986445  0.90306056 -1.01475613
 -0.1236126   0.37256976  0.39048262 -0.21573461  0.84947502 -1.28006503
  1.32295022  0.91098343 -0.07313689 -1.43535006 -1.42983217 -1.81623541
 -0.54790313 -0.40420368 -0.75237958 -0.28410102 -1.06857594  0.01957596
  0.19162099  0.74679261 -0.2004302  -0.38101502 -0.7984748   0.50491821
 -2.63980241 -0.88971706  1.52041002  0.21455156 -0.47654762 -0.70104352
  0.55983222  1.41169028 -0.14067353  0.12010742 -0.0461667  -0.41022337
  1.4258714  -0.89119116  0.21147882  0.070995    1.34933604 -1.34538851
 -1.25116815  0.13923627  0.42003685  0.43114236  0.52254026 -1.21168113
 -0.19743435  0.89854841 -0.17712767  0.45529484  0.36627763  0.26723464
  0.11726483  0.49355135  1.1392616   0.06099036 -0.37826142 -0.26140875
  0.07101782 -1.12591079  0.07206662  1.21149536 -1.0964275   1.56675252
  0.27282655  0.80586954  0.26611104 -2.49605325  2.431988    0.89533892
 -0.31308434 -1.77234437  0.37648787 -0.06929172  0.58805756  0.15181682
  1.49481981 -2.24167029  1.19012156 -0.64544297 -1.41331476 -0.79129941
  0.19165785  0.47216805  0.90018747 -0.15555292 -0.92924939 -0.12201248
 -0.21019045  0.84569116  0.37021438  1.11722705 -0.10407588 -0.06484238
  0.49992009  0.77755586 -1.30320734 -0.3741253  -0.7774607   0.22731561
  1.60676367  0.88008959 -0.5614577   1.70830305 -1.36164879 -0.87037942
  2.61287855 -0.2717789  -0.86529058 -0.4664334   0.02297323  0.59512381
  0.57964811 -1.43242681 -0.75414733 -0.27339405  1.31598996 -0.81034494
 -0.26792512  0.0052184   0.75603407  0.80970876  1.39045258  0.02681346
  0.14347127  1.33553696 -0.78760374 -0.346195   -0.20972806  1.64431524
  1.27110726 -1.04263641 -1.86403125  0.79350341  1.89165079  1.70609835
  0.15003333  1.5632781  -1.05331663  1.20445534  0.02444334  0.24242333
 -0.294492   -0.24350244  0.27743027  0.4785621   0.7530425  -1.27373053
  0.02706051  0.60264557  0.15077379  0.7978384  -1.16570183 -0.66057465
 -1.46712556  0.05936467 -0.46907042 -0.53586733 -0.98946207  0.98500319
 -0.0328899   1.17696415  0.31571484  1.84547248 -1.17781722 -0.9449716
  0.65868678  0.83390062  0.42978662  0.40992772 -0.66385967 -0.15753288
  0.44471649 -0.35743351  0.22385929  0.25497863 -0.15716917  1.08188503
 -2.02182462  1.41345039 -1.19813208 -1.963338    0.13351388 -2.0316738
 -0.88402105  0.32328818  0.6192521  -1.93867394  0.41646869  0.29123719
  1.96175496  0.47263539  0.8736475  -0.26640386 -2.38479273  1.41429927
 -2.74556792 -0.27327889 -2.19170274  0.61485177 -0.27600958 -0.15914121
 -0.4637044  -1.45913621  0.3149014   0.0470029   0.89904037  0.02457125
 -0.69463846  0.70373288  0.46956762 -0.07297853 -1.54038712 -0.11178282
 -1.01438453  0.97349468 -0.66645959  0.41794323  2.39374878 -0.68094141
 -0.44981645 -1.23109936 -0.37434624  0.12728872 -0.15648195  0.57533864
 -0.57406477 -0.89157797  0.41083573  0.9880623   0.48324791 -0.31797963
  0.77479802  0.61780867 -0.50228595  0.97563215 -0.98726269  0.74754559
  0.35401085 -0.94302831 -1.21848324  1.13637187  0.91244888  0.56448382
 -2.02349748 -0.67420632 -0.06654711 -0.30303515  0.52010678  0.74040046
 -1.73882241 -1.54707499 -0.36645408  0.0920161   0.10584587  0.01126361
 -2.31091066  0.52941259 -1.49497677 -0.76246502 -0.55380101  0.32530001
 -1.62649328  0.68757005  0.28877496 -2.60121468 -0.82167347 -0.80644301
 -0.0659141  -1.00394396  1.54464647 -0.49415226  0.13977907 -1.78367426
 -0.72244383  0.37804854  1.42578852 -1.7198348  -0.05445343  0.09002436
 -0.38547053  0.14059962 -0.92459992 -1.97249936  0.65375874 -0.86655769
  0.07034373 -0.29021335 -0.0467231   3.18940451 -0.03406242 -0.36458537
 -0.02146277 -0.66791298 -0.95241059 -0.06875886 -1.007452   -0.45999143
 -0.02502903  1.14231692 -0.15070201  2.71483924  0.93468713 -1.24327947
 -0.39352441  0.04843631 -0.17356623 -2.61325581 -0.86658393  0.35446311
 -0.58546822 -1.06764349 -0.18226873 -2.09865605 -0.05131125 -1.78405971
  1.21280984 -0.48409885 -2.42701748  0.48342952 -1.14921497 -0.65218619
 -0.13510237  0.57226238  0.18178868 -1.93336633  0.50314233  0.31413332
 -0.59762871  1.35205719  0.72029011 -2.13849393  0.10054372  1.84174501
  0.25732155 -0.6166534   0.49205384 -1.02753334  0.98839576 -1.25955014
 -1.43984524 -0.70292793  1.14084427 -0.93070062 -0.48813125 -0.23906852
  0.82787918 -0.02749577 -0.43776067 -1.44406512 -0.96313164 -0.45295858
 -0.66835564  0.23690027  1.67304388 -0.5706758  -1.0738864  -0.55798791
  1.00141986  0.07492717  0.8754564   0.84020292 -0.91933713  1.17107409
 -0.42820692 -1.81524843 -0.85704882 -0.75713841 -0.39829339  0.93884638
 -0.67786068 -1.00337133 -0.36921763 -0.15053652  2.03769928  2.05564929
 -0.16435141  2.70354092 -0.48774643 -0.66888353  0.39368176 -1.3437
 -1.08146219  1.3138478  -1.34990371  0.49803916 -0.53670978 -1.09102989
 -1.46855812  0.34574499  0.2636808   0.34278396 -0.01018233  1.42576666
 -1.50555936  0.85923729  0.19060466 -0.84618689  0.3856258   0.00963437
 -1.42826392  0.41770053 -0.60443709  0.16354392  0.68676736 -1.30152501
  0.60700263 -0.19308961 -0.91659927 -2.27834135 -0.0377648   0.16841142
  0.95244973 -0.53264722  0.20541931 -1.12740108 -0.04293801  0.21312512
  0.19570833 -1.272314   -0.19317077  0.10297934 -0.56786526 -2.31769628
 -0.28332243 -1.38482586  0.63634256 -2.10080992 -0.26472205  0.87960897
  0.30055519 -0.36670953  0.32707103  0.42979242 -1.90870096 -1.05961091
 -0.0836515   1.01198368  0.13800998  1.4456109   1.15692542  0.21150004
 -0.48708172  2.13930973 -1.91806076  0.97863217  2.26310419 -1.09025629
  0.6846512  -1.10096468  0.59399128  1.19678248  0.08837162  1.8127361
 -1.41336247 -1.02687172  0.53695361 -0.3467385  -1.17402046  1.03317703
  1.13791166 -0.7407957  -0.65841375 -0.87089625 -1.71735442 -0.59115165
 -0.39532458 -0.99851821  0.16447695 -0.0713182   1.01054312  1.41078399
 -0.28116283  0.16083987  0.69478682  0.74674504 -2.25252489  0.4786748
 -0.35077794 -0.84495737 -0.23703552  0.86715347 -0.06178163  0.17762878
 -0.75126865 -0.4096662   0.5233837   1.2762888   0.42420724 -1.01199643
 -0.32151401 -0.51396697 -0.32963563 -0.80574407 -0.30500907 -0.9294268
 -1.65976224 -0.02024999  1.43661693  0.76289103 -0.833418    1.46866213
 -1.62133516  1.05784688  0.62086997  0.04563985 -0.22586225 -0.61052269
  0.18416776  0.36553531  1.04595077 -0.21291927  0.5648551  -0.84946322
 -1.17323662  0.28537703  1.18698735  0.29644949 -1.25683421  0.27469166
  0.95815252 -0.12597611 -0.12230567 -2.39303579  0.54304793  0.30352902
 -0.63220564 -0.0934064  -0.33654089  0.91938689  0.68792377 -0.12713975
  2.19787943  0.13155889  1.79594679  0.17901329  1.28804393 -0.51294666
 -0.77983721 -0.11365831 -0.29483807  0.68606307 -0.07230054 -1.37333299
  0.39982532 -0.90436141 -0.37525235 -0.84973045  2.08867237 -0.07629512
  0.13917924  1.20591701  1.28357137 -0.36232678  0.81094848 -0.49097201
  1.92218121 -1.4810612  -0.60160425 -1.14319034  0.31930255 -0.36167441
 -1.12612591  0.25182031  0.59890085 -0.93353106  1.15433095 -0.93018739
 -0.35068995  0.13822945  0.93978932 -0.44680716  0.01624369 -0.21055494
  1.02386316  0.37651125  1.83212104  0.293601   -0.29159712 -0.91343156
 -1.01124392 -0.68558435 -0.10176973  0.141144    2.61877044 -1.79868676
  1.11193682  0.43150486  1.19889463  0.82908344  0.62992942  0.30013484
 -0.09805639  0.34922074  1.00855094  0.83062063  1.29547016  1.04594875
  1.62879503 -0.3651717  -0.1041681  -0.65788969  1.49321437  0.33123093
  2.59905191  0.90509813 -0.63746239 -2.12407165  0.16027812 -0.21532494
  1.37076968 -1.89659748 -1.58617579  0.76232287  0.81644694 -0.10922336
 -0.32401767  1.28886752  1.52348249  2.07441523 -0.77268986  0.41306665
 -0.11247592  0.08600152  0.42115531  0.33892697 -0.96386044 -0.41092022
 -0.35278818  0.79406886  1.2822325  -1.07312776 -1.00046323  0.22996257
  0.84761868  0.50130713  0.52234899  0.00868841  1.55250882 -0.80359342
 -1.42143688  0.68176069 -1.01870141 -0.37553773 -1.22798773  0.06496925
  0.04779247 -0.53075488  0.29138468  1.22709168 -0.01351128  1.3144452
  1.8714162   1.22435729  0.10752388 -0.53789328  0.80044475 -0.03376737
  1.52377635  0.65539541 -1.67813694  2.03227094  0.85390459  0.65016972
  0.907109    0.59837393 -0.206044    0.43151861 -0.44293649  0.13102928
  2.27580793  0.02247369  1.15647082 -0.75420034 -0.08009723  1.00876533
 -0.88977721  0.99416068 -0.61506162 -1.55179927 -0.31197669 -0.02629763
  0.94891685 -1.55876646  0.88675392 -1.64939146  1.22275247 -0.89795412
  0.96376333  0.0528078   1.08538784  0.62631022  0.15644916  0.17977838
  0.46438546 -0.21335466  1.26886797 -0.72616115 -0.26813122 -0.79502327
 -0.54298276 -0.13230436  1.08215299 -0.19389039 -1.0581125  -1.55005809
  0.83915981  1.64681688 -0.33047574  0.07894905  0.76796732  1.37169141
  0.41776698  0.76935294  0.89866142  0.39192843 -0.42499546 -0.51220478
  0.24616568 -0.29028613  0.32885403 -1.34711491  1.02798296 -0.68831253
 -0.52723683  0.34777568 -0.90424286 -0.61309857 -0.18022594 -0.20094195
 -0.3866194  -2.05514013 -0.17621279  0.61709902  0.32506974  0.06510806
  0.00360607 -0.98441375 -0.22193722 -0.50599562 -0.94986072  0.38342054
 -2.05758284  0.16490546  1.16722873 -0.61569412 -0.40834534 -0.65038349
 -1.66495564 -0.5782208   0.31092828 -0.79673688  0.23808847 -0.83158027
 -1.18143955  1.7204609  -2.0995193   0.08739244  0.26715256 -1.17276388
  1.00305426 -0.40231716  0.26034132  1.57344098 -0.33572282 -0.9149852
  0.0601329   0.33078459  0.92934191  1.03086976 -0.7237537   0.85548712
  0.73978729 -0.88274883 -0.2651278   0.5627221  -0.3550449  -0.54202369
  0.29673906  0.35074164  0.3852216  -0.4066984  -0.35907399 -0.92691993
  0.2155331   1.06981459 -0.10842985 -0.23857129  0.74827283  1.04066021
  1.04746525  0.58722748 -1.28912125 -1.61448946  0.66997963  0.13925937
 -0.25001143  0.2929703  -0.97946105  0.37374897  0.46444553 -0.92222199
 -0.36195448 -0.61127045  1.08401956 -0.50267258  1.66420089 -1.45247141
 -2.08287296 -0.73435857  0.49314479 -0.05869147  1.14843899 -0.14926416
  0.01359204  0.51745075  1.34029944  0.50119003  1.6433761  -0.46887652
 -0.8479248  -0.06273018  0.29518013 -1.10299954 -0.05392688 -2.37771829
  1.05052277  0.06199676  0.99730879  0.3444514   0.27893586  1.73158577
 -1.71307208 -0.30665619  0.25958812 -0.15900539  0.77295844 -0.46306671
  0.10346112 -0.48810368 -0.01723728  1.17965115  0.00359327  0.58606005
 -1.5458691   0.53509568 -0.87410336  0.18171302 -2.55810811  0.69132227
 -1.13192161  1.6815431   0.14304395 -0.32635726 -0.14580324  1.02210341
 -0.57854712 -0.7550808  -0.81405731 -1.67526716 -0.55178921  0.12903737
 -1.5428238   0.26822392  0.86269991 -0.06420942 -0.97114515 -1.57181426
 -0.93271218  0.21726386  0.65339774 -1.94938997 -0.97945054  0.10744236
  1.63894348  0.97388275  0.02311449 -1.1828278  -0.2437096   0.16017418
  0.07168409 -2.04478816 -0.74735626 -0.41899387 -0.53907956 -1.37533184
 -1.58310534 -0.96732108 -1.0513312  -1.30809899 -1.91688848 -0.91232274
 -1.16008508 -1.47341122 -0.60304149  0.06684454 -0.80573883  0.80983595
  1.09599161  1.01854442  1.67558516 -0.61121101 -0.15039479 -1.71401699
 -0.25570844  0.63012606  0.73395787 -1.45149231 -0.7659312   0.76990297
 -2.26294903  1.34249009  0.35317967 -0.16074069  0.18623623  0.75490517
  0.59949555  1.1828326   1.67410979  1.15023298  1.23355771 -1.98465729
  0.79969851 -1.85853911 -0.21727643  0.5776835 