 1.33229943e+00  7.20775097e-01  1.27783688e+00  9.88988488e-01
  4.26384182e-01  1.40284389e+00 -7.19207667e-01 -2.93347347e-01
 -1.39802221e-01 -6.36002531e-01 -4.36139252e-01  1.00364585e+00
 -8.96001988e-01  7.51477569e-01 -9.18533172e-01 -4.17953717e-02
 -7.59542578e-01 -7.53960870e-01  8.80895461e-01 -1.55474436e+00
 -2.63387102e-01 -7.81245071e-01 -5.40308046e-01 -1.00914828e+00
 -4.98441761e-01 -3.89604654e-01 -1.95364034e+00 -7.81568746e-01
 -1.64620876e-01  5.92984252e-01  8.57645598e-03 -1.48501106e+00
  1.28698971e-01 -6.34123924e-02 -3.55947051e-01 -1.38149907e+00
  1.05616387e+00  5.20834986e-01 -5.80221659e-01  1.73553083e+00
  4.67441284e-01  1.29220512e-01  1.04539209e+00  1.79372539e+00
  4.43110302e-01 -2.25705304e-01  1.19953620e+00  1.43782444e+00
  7.63475320e-01  4.69744556e-01 -2.29213830e-01 -2.11370728e+00
  5.72561936e-01 -1.12455342e-01 -6.01828330e-01 -2.70832204e-01
  1.24329379e+00  9.19182464e-01 -6.18220322e-01  2.01205547e+00
  5.42472575e-01 -2.82754479e-01  9.16425955e-01 -5.94097508e-01
  8.24723316e-01 -7.92736380e-01 -1.26099440e+00  8.12048175e-01
 -1.70427888e+00 -7.30974744e-01 -3.65532817e-01 -8.65755450e-02
  6.10337200e-02  2.71952515e+00  5.74591953e-01 -2.47957260e-01
 -8.78072862e-01 -1.81186701e+00  8.40391777e-01 -7.33275095e-01
  1.37294075e+00 -2.18354061e-01  4.33627441e-01 -2.84363052e-01
 -3.38657690e-01  7.73069727e-01 -2.82620245e-01  8.30877647e-01
  8.34371585e-01 -3.14772260e-01 -1.28992432e+00 -5.85554744e-01
 -5.22246155e-01 -6.67522594e-01  7.90647779e-02 -1.75247008e+00
  1.77024848e-01 -1.00693165e+00 -1.09887249e-01 -8.12878328e-02
  1.04272419e-01 -2.01440094e+00  4.51302420e-01  4.97632113e-01
 -1.08013239e+00  8.95398920e-01 -1.14563705e+00  5.35125135e-01
  1.00827520e+00 -1.21554021e-01 -3.63695684e-01  2.59125048e-01
 -4.85976052e-01 -1.27467797e+00 -7.59704131e-01 -1.88058462e-01
  1.01852876e+00 -3.64068478e-01 -6.69155218e-01 -1.91661752e-01
  7.78884003e-01 -1.56200038e-01 -3.09790828e-01 -1.96499025e-01
 -3.50357345e-02  1.04196708e+00  2.16580396e-01 -5.75442595e-01
 -7.42260485e-01 -1.25746776e+00 -4.46637001e-01  7.51334025e-01
 -2.21086949e-01  4.99828745e-01 -2.58356057e-01 -3.04247562e-01
 -8.18265384e-01  7.47039353e-01  1.14434338e+00  1.93936691e-02
  5.29371240e-01 -1.69619725e+00 -1.90303879e+00 -3.29420811e-01
  9.81712184e-01  1.48542337e+00 -1.90046123e-02 -9.91348579e-01
 -2.94079122e-01 -5.95412642e-01  7.19922460e-01 -4.69620308e-01
  1.19912771e+00  2.98785121e-01 -1.55861666e+00  5.46135724e-01
 -1.85750355e-01  1.08803901e+00  1.16577754e+00 -3.94021400e-01
  1.83503301e+00 -1.64855855e+00 -1.24906868e+00 -4.74714618e-01
  1.99628652e+00 -1.33856588e+00  2.91067566e-01 -8.92499300e-01
 -8.15205518e-01 -1.56881785e+00 -5.59958100e-01 -3.08476527e-01
 -1.48111875e+00 -8.77503511e-01 -1.63964755e+00  1.99741327e+00
  6.24691879e-01 -1.42809507e+00  1.49889049e+00 -2.71865214e-01
  7.42118826e-01 -5.35600802e-01  3.00672339e-01  1.49786640e-02
  1.74068662e-01  6.08454906e-01 -1.67399650e-02 -8.79192821e-01
  5.66742078e-02 -7.30801208e-01 -1.26171604e-01 -9.39859569e-01
 -6.65834591e-02 -3.22162047e-01 -3.11793785e-01  1.12574776e-01
  6.07858772e-01 -1.68467305e+00  3.55229935e-01 -4.16551173e-01
 -3.95843813e-01  6.54684884e-01  1.21054723e-01  5.22656889e-01
 -1.00792739e+00 -1.39243427e+00 -1.91803877e+00 -1.85725682e-01
  1.00245980e+00 -2.76993371e+00  4.82542694e-02  9.91077554e-01
  1.61674028e+00  1.96828667e+00  1.56976860e+00  7.64178159e-01
 -3.97754965e-01  7.64718458e-01 -8.55305386e-01 -3.90353363e-01
 -5.07755789e-01 -2.18333610e+00  1.63212500e+00  1.13689073e+00
 -5.02686951e-01  2.22283211e-01 -3.11534053e-01 -1.25929030e+00
 -7.79141449e-01  1.06018241e+00  4.12859426e-01  3.62370614e-01
 -7.53550173e-01 -1.32265589e+00 -3.52616180e-01  7.48202488e-01
 -9.23646054e-01 -1.86583553e-01  2.01728259e+00 -5.69451812e-01
  6.02171566e-01 -1.12419651e+00 -1.50161895e+00 -2.39225727e-01
  7.08116077e-01  9.79082417e-01  5.10164942e-01  2.67683069e-01
 -3.72713033e-01  2.41040265e-01 -4.21036727e-02  5.01160516e-01
 -2.34114226e+00  2.69151581e-02  8.12553020e-01 -2.40820919e-01
 -3.24621060e-01  6.38591863e-01  5.41395226e-01  2.10361635e-01
 -5.78636098e-01  7.68792613e-01 -1.80142753e+00  2.76433561e-01
 -3.09679030e-01  1.70377853e-01 -5.13253201e-01  1.65779204e-01
 -9.41947673e-01  1.24087081e+00  4.43304827e-01  4.26187375e-01
 -5.10375317e-01 -2.93094309e-01  1.33866863e-01 -2.12004681e+00
  2.00789076e+00  1.76218245e+00 -1.59777937e-02 -1.35771930e+00
 -5.82615037e-05  2.89779188e-02  8.06119578e-05 -9.26970901e-01
 -4.89020677e-01 -6.03422240e-01  2.02220470e+00 -3.92449881e-01
  2.05633024e+00 -1.55891361e+00  1.75170147e+00 -1.11008662e-01
  1.72608738e+00  1.43396301e+00  9.72316412e-01 -8.37976696e-01
  1.35732841e+00  1.09830061e-01  7.91814320e-01  1.14712157e+00
 -1.13275475e+00 -2.31804962e-01 -6.54683952e-01  5.70276126e-01
  2.48629245e-02 -3.14127686e+00  1.87482273e-01  1.59079469e-01
 -6.02337014e-02  1.02556724e+00 -1.12464597e+00  9.00397023e-03
  2.19208612e+00  2.06072494e+00 -3.89671848e-02 -6.48364063e-01
  1.28249240e+00  2.74104395e-01 -5.77055192e-01 -9.66261765e-01
  1.53826170e+00 -4.98482827e-02 -5.21455922e-02 -3.35557197e-01
 -2.37033173e+00 -5.48576015e-01 -1.74419898e+00  2.18039252e+00
 -1.06475975e+00  1.01412457e+00 -8.43756581e-02 -1.62175620e+00
  8.50789738e-01  1.69491524e-01 -1.56582612e+00 -8.13257415e-01
  2.91316019e-01  3.62268382e-01 -8.50760832e-01  3.41665671e-01
  4.50033295e-01 -1.69625052e-01 -8.03181407e-01 -8.46594408e-01
  1.19699099e+00 -1.88161487e-01 -2.79265815e-01  1.44496357e+00
  1.43591207e+00 -5.81867663e-01 -1.06896668e+00 -1.22705052e+00
  6.17360167e-01  1.12347797e-01 -7.22247860e-01  7.36181851e-01
  2.25654180e-01  7.71589201e-02  3.14935940e-01 -1.58793849e+00
  1.72419338e+00  4.94747901e-01  5.82709403e-01  3.39647471e-01
  8.83396697e-01 -7.36149145e-01 -6.66862604e-01 -1.72906106e+00
 -1.34321270e+00 -6.20817656e-01  7.02611597e-01  4.72214323e-02
  5.66319579e-01 -1.05880943e+00 -1.08485928e+00 -5.19825954e-01
  1.55266838e+00 -1.70739983e-01  1.43862058e+00 -1.02495016e+00
  1.61671105e+00 -1.27242512e+00 -2.91050646e-01  1.25160913e+00
 -4.66116279e-01  8.26872559e-02 -9.22344825e-02  2.59570929e+00
  7.32779541e-01 -8.37306633e-01  9.27321266e-01 -2.61550740e-01
  6.74949946e-01  1.89322335e-01  2.28483437e-01 -4.36469380e-01
 -2.35660416e-01 -5.39919151e-01 -1.24433461e+00 -1.86009746e+00
 -1.61323552e+00  3.75697697e-01 -1.42831039e+00 -1.45365055e-01
  1.11688039e-01 -5.65956902e-02 -1.31895805e+00 -5.29380815e-01
 -4.95191311e-01  1.71975570e-02 -4.00323873e-01 -1.87725147e-01
  1.23220238e-02 -6.37926186e-01  8.49222109e-01  1.67150310e-01
  9.35394973e-01 -1.35984347e+00  1.39436074e+00 -2.53417325e-01
  9.35234653e-01 -2.92511510e-01  5.79738121e-01  3.35107533e-02
 -1.20375241e+00 -4.59341322e-01 -3.99455881e-02 -6.78274453e-01
  2.89416666e-01 -1.11136247e+00 -1.14164305e+00 -4.81757016e-01
  5.35877901e-01 -5.88027513e-01 -1.59984341e+00 -1.29282612e-01
  2.07409341e-01  3.09117232e-02  3.17284632e-01 -9.10225718e-01
 -6.90678040e-01 -4.32065503e-01 -4.00472335e-01  4.38215246e-01
 -5.40515215e-02  2.11077877e-01  1.00220871e+00  8.35862145e-01
  5.87177795e-01  3.92712457e-01  1.28821337e+00  2.03060008e+00
  4.03226453e-01 -8.65438072e-01  1.30149974e+00 -5.95374848e-02
 -1.16600578e+00  1.84029298e-01  4.43849038e-02 -1.46634838e+00
 -1.48341296e+00 -1.42000972e+00  1.29905812e+00  2.28395794e+00
  1.83388785e+00  1.03268554e+00 -1.44058738e-01 -6.91415604e-01
  1.79335449e+00  1.03007523e+00  1.23607581e+00  1.00661310e+00
  3.05895094e-01 -1.01230899e+00  3.96332630e-01 -6.41160296e-01
  3.65116540e-01  1.56071718e+00  1.58026307e+00 -1.35854999e+00
 -2.75227090e-01 -4.45092093e-01 -1.22252899e+00  1.28481392e-01
  5.36741051e-01  2.59223575e+00  1.33883086e-01  7.51420833e-02
  6.82017239e-01  1.08004353e+00  8.28436510e-01  5.37506453e-01
 -6.44904382e-01  1.60855917e-01 -3.88933880e-02 -5.83389289e-01
  1.73790546e+00  2.66671886e+00  8.50468351e-01 -5.09580894e-01
  1.17308838e-01  1.43239254e+00  7.41750391e-01  1.45879121e+00
  2.75597126e-01 -5.66440017e-01 -1.44644853e+00  1.10752349e+00
  4.75955734e-02  1.18645559e+00 -8.37646980e-01 -1.29008408e+00
  2.42886357e-01 -3.78348156e-01  7.27852693e-02  4.05625409e-01
  3.17685059e-01 -1.15745868e-01  1.01218340e+00  6.18582979e-02
  7.88908743e-01  9.42972075e-01  1.61902092e+00 -4.43436198e-01
 -2.00529502e+00 -6.63181699e-04  1.00701724e+00  4.72867403e-02
 -1.05231849e+00  1.43602670e-02  1.55663707e+00 -1.22449955e+00
  6.24475860e-01 -2.57049860e-01  2.69458679e+00 -4.54348142e-02
  6.59686286e-01 -3.04660726e-01  8.05480797e-01  5.03270045e-01
  2.99201364e-01  5.84366476e-01 -5.26446360e-01 -1.22303442e+00
 -2.10960601e+00 -6.12493756e-01 -7.12321127e-02  4.63942273e-01
 -6.24615577e-02 -4.86463673e-01  1.54629673e-01  5.13590026e-01
 -8.40817287e-01 -1.34557406e+00  3.16178227e-01  4.20977316e-01
  1.52053202e+00 -1.47272022e-01 -1.22971248e+00  2.69825372e-01
 -1.92376327e+00 -2.65776223e+00 -3.61849879e-01 -1.71326990e-01
 -2.18070058e-01 -8.91095099e-01  7.09005785e-02  4.98467724e-01
  9.21904328e-01 -4.52622605e-01 -4.40801352e-02 -7.79785759e-01
  8.33984820e-01 -2.24892140e+00 -3.12974419e-01  6.33762213e-01
  2.91018906e-01 -1.06343064e+00 -7.17271210e-01 -1.32767407e+00
 -1.34326377e+00  1.18816472e+00  9.79831207e-01  7.93110608e-01
  1.08550905e+00  1.04496556e-01 -2.87158253e-01 -5.06002554e-01
  1.40527662e-01  2.22540555e+00 -7.79236550e-01 -3.10792049e-01
  5.17827620e-01  5.86585569e-01  2.84407644e-01 -2.60069966e-01
 -4.96805614e-01  8.06041168e-01  3.25155624e-01  4.64412794e-01
 -6.02822635e-01 -1.72342188e+00 -1.86464617e+00 -7.27080832e-01
  1.85373903e+00 -6.43545814e-01  2.66104061e-01  2.87615791e-01
 -1.79303308e-01 -7.36354932e-01 -1.11045033e-01 -9.37673674e-01
 -3.36263240e-01 -1.28166871e+00 -3.64860665e-01 -1.90244455e-01
  7.10794518e-01 -8.70245452e-01 -1.06455670e+00 -1.33027559e+00
 -1.25675825e+00  3.93697817e-01 -8.39838931e-02  1.37994646e-01
 -1.40257792e+00 -6.78061254e-01 -8.22908185e-01  1.50984503e+00
  1.16582349e-01 -5.74744974e-03 -9.03774060e-01 -8.23360207e-01
 -1.06328283e+00 -6.10723887e-02  4.99633047e-02 -2.54409172e-01
 -1.69781391e-01  9.97636144e-01  7.10699329e-01 -2.30892092e-01
  1.17556614e+00 -1.18416550e+00  1.97191090e+00  1.69834077e+00
 -5.87397081e-01 -2.14520441e+00 -4.03278422e-01  1.68835995e-01
 -1.19573733e-01  8.70789763e-01  8.97830054e-02  5.77147194e-01
  1.31359824e+00  7.95979724e-01 -3.73873455e-01  1.51112231e+00
  1.26912807e+00  9.68206237e-01  1.01999916e+00  3.19726263e-01
  7.48702452e-01  2.22942135e+00 -5.69504735e-01  7.35252414e-01
  2.48738876e-01  5.14701923e-01 -1.85546989e-01 -1.18048698e+00
  3.19447678e-01 -4.23229518e-01 -1.33672968e+00  1.07822408e-01
  6.99202634e-01 -1.18350179e+00 -1.04437436e+00 -1.17316385e-01
  2.65027948e+00  3.37811103e-01 -2.46188651e-01 -2.96120351e-01
 -1.22463301e-01  2.20380876e+00 -1.21483390e+00  2.08049424e-01
  6.22428028e-01 -1.14557515e+00  9.76148918e-02  1.56532552e-01
  1.29198649e+00  1.63209092e-01  2.09111029e+00 -5.93618466e-01
  1.25960981e+00 -8.41803259e-02 -1.86648831e+00  1.82786332e+00
 -9.16118263e-02 -1.57432324e-01  1.30820039e+00 -2.05036528e-03
 -8.95235950e-02 -1.22412063e-01  4.06513003e-01 -1.28732267e+00
 -8.78549900e-01  1.48785214e+00 -1.80670542e+00  1.05578531e+00
  3.80894821e-01 -1.21590876e-02  5.86590975e-01 -1.24769100e+00
 -5.31953861e-01 -5.28955863e-01 -3.53513513e-02 -1.50922479e+00
  1.31150742e+00 -2.67117896e-01 -6.18622853e-01 -6.83543811e-01
 -4.93696907e-01 -1.90113725e+00 -1.42150790e-01 -4.35276774e-01
  2.55582786e-01 -1.13051117e+00  3.53580842e-01  1.36875133e+00
 -1.45890773e+00 -7.72643176e-01 -3.67198653e-01 -1.46879609e+00
  5.16758921e-01 -1.45129865e-01 -9.99373097e-01  2.33357428e-01
  7.66973809e-02 -2.02121445e+00  4.17893552e-01 -4.57087380e-01
 -4.12444013e-01 -1.64169331e+00 -9.47106064e-01 -5.43378689e-01
  3.71836374e-01 -1.22396529e+00 -1.40500349e+00  2.17241521e-01
 -6.74335510e-01  3.59433761e-01  1.61297159e+00 -6.21502474e-01
  4.76915917e-01  1.16359564e+00  1.47372697e+00  1.24610802e+00
 -2.52993446e-02  3.23179040e-01 -5.47681482e-01  6.45758053e-01
  6.91469889e-01  8.14456418e-01  8.99252398e-01  4.45125798e-01
  1.42168492e+00  4.16317358e-01  5.25091370e-01  5.44899821e-01
 -6.13670650e-01  9.96648339e-01  4.33754854e-01 -4.21906500e-01
  1.67925406e-01 -1.07184118e+00 -6.13947167e-01  2.41047719e+00
  1.18015842e+00  6.68024781e-01 -1.12234679e+00 -1.53969315e+00
  1.50844116e+00  5.47986383e-01  3.44045479e-01 -1.39974142e+00
 -8.17114722e-01  1.83923870e+00  3.81901787e-02 -1.06566504e+00
 -2.50118356e-01 -2.14691124e-01 -4.60873606e-02  7.85965701e-01
  1.02244464e+00 -6.96654159e-01  2.08506502e-01 -9.14340947e-02
  2.35183003e-01 -9.40510022e-01  2.38352083e-01  3.81196144e-01
 -9.48347738e-01 -1.53714557e+00 -1.92096885e+00 -1.00346475e+00
 -4.13150391e-01  1.15922423e+00 -8.25618086e-01  2.62940718e-01
 -7.98586085e-01 -8.09647746e-01 -7.19606361e-01 -9.54999013e-01
 -2.09202068e-01  1.55076799e-01 -1.57639014e-02 -9.71031763e-01
 -1.70451159e+00 -1.05233043e+00  1.10796012e-01  1.80384463e+00
 -7.12066643e-01  7.12036796e-01 -4.70043166e-01  6.92742124e-01
  9.75321494e-01 -3.15942065e-04 -4.36396520e-01 -5.97681926e-01
 -1.09849829e+00 -5.85455829e-01  8.69292466e-01 -2.44744531e+00
 -6.46932220e-01  6.45898423e-01 -2.39280846e+00 -4.79138274e-01
 -8.93212638e-01 -1.52320632e+00 -1.06056172e+00 -2.56977878e-01
 -7.10526018e-01 -1.78500513e-01 -1.75264374e+00  3.08319006e-01
 -3.25870287e-01  3.61684381e-01 -1.07208705e+00 -1.31226515e+00
 -2.09973146e+00 -9.19327682e-01 -1.12378072e+00 -2.64215794e+00
  4.94286993e-01  1.06163231e+00 -1.01096518e-01  1.03635326e+00
  8.29389008e-01  8.90897179e-02 -3.67803937e-01 -1.39786259e+00
 -1.84036848e+00 -8.63016368e-01  8.27894247e-01 -4.92307887e-01
 -2.60154420e+00 -8.59875627e-01 -3.87710289e-01 -6.20319985e-01
 -3.14742114e-01  1.04802124e+00  1.45872252e-01 -3.21977801e-02
 -6.52447193e-01 -1.62875646e+00  5.28335060e-01  8.88833371e-01
 -1.27671268e+00  5.04407317e-01  7.78703435e-01 -1.39984891e+00
  2.48451987e+00  2.11299210e-01 -1.14149926e+00 -1.11891906e+00
 -6.52648134e-01  8.42607360e-03 -5.75564111e-01  3.41530440e-01
  1.11516251e+00  1.88811135e+00 -2.67851473e-01 -2.80141427e-01
  6.64135405e-01 -9.74029420e-01  3.47013264e-01  6.67952097e-01
 -6.41077204e-01  6.61963781e-01  1.31571701e-01  5.72372637e-01
 -3.96157612e-01 -8.62102257e-02 -2.64838910e-01 -6.37095631e-01
 -1.66123335e-01 -8.22512295e-01 -1.84098955e-01  1.41081990e+00
  1.89813633e+00 -2.69309515e-01 -1.98329589e+00  1.24377320e+00
  2.51512415e-01 -8.21623030e-01 -1.18040776e+00 -1.14396123e+00
  2.70004576e-01  8.57668615e-01  1.38898844e+00 -8.80442157e-01
 -8.14892855e-01  7.19322865e-01 -7.73932225e-02  2.01815486e-01
  9.49051294e-01 -5.38983850e-01 -1.65315375e+00  2.38918087e-01
  4.56640391e-01 -9.77532245e-01 -7.69935310e-01  3.83252765e-01
 -2.32037294e+00 -5.38909941e-01 -1.87699128e+00 -1.96792615e+00
 -3.71797645e-01  4.16918854e-01 -6.44817524e-01  1.88449912e-01
  1.20141979e+00  2.38727317e+00  2.33427950e+00 -1.97366430e+00
  1.94458930e-01 -1.65314152e+00 -4.99887430e-01 -1.56961753e-01
 -1.49514069e-01 -2.37962939e+00 -8.22199207e-01  2.45087746e-01
 -1.38500315e+00  3.01243135e-01  1.01081944e+00 -1.32987067e+00
  6.55881262e-01 -1.17072383e+00  5.19631065e-01  2.30652058e+00
  2.30602913e+00 -5.25212219e-01 -5.41718462e-01  4.03583412e-01
 -1.53801568e+00  6.29400219e-01  2.39595181e-01  5.58822450e-01
  4.21929504e-01 -3.35873354e-01  2.05268863e-01  1.08334595e-01
  3.08460498e-01 -3.67560247e-01  1.58766307e+00  3.64167013e-01
 -1.15920617e+00  8.97459701e-01  3.01483048e-01  2.02321942e-01
  1.41055416e+00  2.20378968e-01  1.86057286e+00  2.90417748e-01
  1.66650346e+00  1.29387294e+00  6.31385070e-01 -6.18757272e-01
  2.22547455e+00 -4.28086511e-01 -1.43915992e+00  9.45152160e-01
 -1.42556970e+00  7.02188621e-01 -2.02906856e-01 -2.40588762e-01
  1.68708353e+00 -4.59067971e-02  7.78457816e-01 -6.14410604e-01