 2.24122363e-01  5.60138782e-01 -1.77172891e+00  2.16902650e-01
 -1.03699948e+00 -5.70952650e-01  6.84016116e-01  3.11518608e-01
 -2.85027926e-01 -8.00723927e-01  1.31532039e+00  1.25771493e+00
 -1.81173537e+00  6.63219201e-01 -8.25562843e-01 -1.01277202e+00
  9.45384187e-01 -3.96367005e-01  5.56618983e-01 -2.34514318e-01
 -1.61953827e-02 -9.08400913e-01 -2.96553383e-01  3.08188983e-01
  2.23805249e-01 -1.01927302e+00 -8.54191412e-01 -1.31362488e+00
 -7.25983138e-01  6.25984577e-01 -4.84724152e-01  1.26607628e+00
 -1.13361083e+00  4.43779949e-01 -7.74374133e-01  1.09448407e+00
 -7.75744585e-02 -2.49470018e-01  8.02950190e-01 -2.27992412e-01
  7.84296798e-01 -1.05490329e+00  5.13597690e-01  2.54863157e-01
 -4.36553864e-01  1.64781159e-02 -2.67223311e-01 -3.60349064e-01
 -1.11582411e+00 -2.75855274e-01 -4.36959354e-02 -1.09026284e+00
 -2.24428834e+00  1.89190325e+00  1.82680474e-01 -2.35684686e+00
 -7.21816213e-01  8.36035463e-01 -2.27833703e-01 -1.40234994e+00
 -1.07771433e+00 -4.55653595e-01 -1.25042129e+00  3.54842170e-01
 -4.61466797e-01  4.67687344e-01  1.87741566e+00 -1.92741296e-01
  1.11852857e+00  6.68577045e-01 -1.17900902e+00 -3.68811327e-01
  7.99263280e-01  3.79786045e-01  9.23377983e-01 -3.14287967e-01
  1.25244806e-01  1.17341339e+00  1.54916257e+00 -2.03895402e-01
 -1.00096485e+00 -8.42594186e-02 -6.05979383e-01 -1.68680392e+00
 -1.73915313e+00  1.87140601e+00 -1.27716426e+00 -5.89540585e-01
 -5.58142469e-01 -8.20498574e-01  2.27524798e-01 -1.08535692e+00
  1.53092721e-01 -2.09625650e+00  3.17671241e-01 -1.22798474e+00
 -6.65922297e-01  1.34623456e-01  4.84852474e-01  2.23144590e-02
 -8.05935776e-01  2.79495624e-02  4.42665985e-01  1.26621262e-01
  1.55184760e+00 -1.23621079e+00  3.00692088e+00  1.69614214e-01
 -1.43308320e+00  6.82665320e-01 -1.39999762e+00 -1.04203975e+00
 -1.64675835e+00  4.97547068e-01  3.25972224e-01 -5.14995749e-01
  7.80526832e-01 -7.91587870e-01 -1.86911263e-01  6.06601409e-01
 -4.20276231e-01 -3.42701929e-01  6.14188577e-02 -5.75928879e-01
 -7.58611638e-02 -1.00732616e+00 -1.30680539e+00 -4.90565212e-01
  7.26387263e-02 -1.01359106e+00  5.14498512e-01  5.41744456e-01
  2.98867308e-01  2.27512660e+00  1.07700887e+00 -1.15840772e-01
  2.47111061e-01  1.19035427e-01 -6.71385011e-01 -1.71049349e-01
  3.92511310e-01  1.59582178e+00  1.45874489e+00 -1.81896920e+00
  1.45009105e+00  6.59768249e-01 -6.10737056e-01 -7.81904472e-01
  4.49654075e-01  4.89972418e-01 -1.03317165e+00 -6.44138790e-01
  8.58614457e-01  3.86771264e-01  1.06443473e+00 -7.68877939e-02
  6.38925913e-01  3.29827577e-01  5.21401278e-01 -4.10699907e-01
  3.08697904e-01  5.46458061e-01  2.97252463e-01  6.82986675e-01
  9.91315282e-01  7.72525756e-01  8.50274175e-02 -7.51491560e-01
 -7.96967288e-01 -3.39748709e-01 -1.55046020e+00  1.32541002e+00
  1.20961361e+00 -1.55798491e+00 -1.44525368e-01 -1.82013216e-01
 -1.20595934e+00 -1.54896474e-01  2.71674249e-02 -1.10167105e+00
  5.10286838e-01 -6.98912947e-02  6.80985676e-01 -3.30391940e-01
  4.45288727e-01  1.10023035e+00 -7.01088396e-01  1.10334877e+00
  9.69490960e-01  7.77472097e-01  6.83346123e-01  1.07367616e+00
 -1.62222834e+00  1.57270938e+00 -4.78166230e-01 -8.31488167e-01
 -1.40517195e+00 -4.77113885e-01  2.97529087e-01 -3.38377154e-01
 -1.26034739e+00 -6.42627311e-01  4.98948617e-01  2.78584170e-01
 -1.18149314e+00 -1.03702749e+00  6.37479298e-01 -1.12420428e+00
  1.30807312e+00 -1.10830418e+00 -5.38099323e-01 -4.52374845e-01
  1.12873818e+00 -1.67101640e-01  1.10771991e+00 -1.14637424e+00
  9.47947310e-01 -1.43320520e+00  7.71465495e-01 -1.79233762e+00
  3.04996237e-01  1.69964194e+00  1.58267206e+00  1.19583037e-01
  3.17845148e-01  8.86115041e-01 -1.19421584e+00 -6.06120736e-03
  2.83500968e-01  9.49283233e-01 -8.50306107e-02 -1.80129111e-01
 -4.43319476e-01 -1.27288502e+00  2.54438782e-01  5.29604212e-01
  5.09126820e-01 -1.36089667e+00  5.46019193e-01 -6.52422689e-01
 -1.23193763e+00 -1.50565978e+00 -7.86580439e-02 -4.99127093e-02
 -1.70014573e+00 -1.54444449e+00  1.86375499e+00 -6.21361536e-01
 -1.81780252e-01  1.47682314e-01  2.06268793e-01 -7.72035935e-01
 -1.18025584e+00  5.53609639e-01 -3.63307405e-01  1.36379892e+00
 -2.90979327e-01  7.48121477e-01  4.04680668e-01 -5.55299046e-02
 -6.19891231e-01 -6.12867497e-01  9.93923564e-01  3.87471746e-01
  8.39272315e-01 -9.71981134e-01  3.04651096e-01 -4.41319028e-01
  7.93431966e-01 -5.23052271e-01  5.10330395e-01  1.42514967e-01
 -1.10922366e+00  7.04466565e-01  1.71699584e+00 -2.73156723e-01
 -4.84505804e-01 -1.07894711e+00  1.25953364e+00  1.64340321e-01
 -1.59414230e+00 -1.10367462e+00 -1.26286598e+00 -1.73687042e+00
  1.21779293e-01  9.23373354e-01  8.79331473e-01  9.48151207e-01
 -1.92334526e+00 -4.43352485e-01  6.72245481e-01  5.40400050e-01
 -1.84234618e-01 -5.07074390e-01 -1.11411821e-01  1.02909211e+00
 -1.17586678e+00 -5.76456061e-01  1.96550034e-01  1.67281704e+00
 -2.23238299e+00  4.54492650e-01  1.13668870e+00  2.38325394e+00
  4.66285885e-01 -1.28182463e-01  9.38500883e-01  2.66208584e+00
  1.16439410e+00 -7.36020777e-01  1.32220618e+00 -1.38991441e+00
  3.94307287e-01  1.15840919e+00 -4.94555984e-01  1.38674518e+00
  4.47463043e-01  1.38343765e+00  6.13490296e-01 -1.82313653e+00
 -1.07647444e+00  9.74932618e-01  1.74505186e-01  6.42810757e-01
 -5.56726776e-01  3.27119238e-02 -2.94432248e-01 -1.48815226e+00
  1.84388679e+00 -2.41737089e+00  7.28331816e-01  4.95034285e-03
  6.16242664e-01 -4.71412768e-01 -4.48659818e-01  1.82886398e+00
  2.76655160e-01  1.67662055e-01  1.31885602e+00  1.79193337e-01
 -6.56216383e-01 -9.35509334e-01 -8.48135458e-01  2.12621211e+00
 -8.97221271e-01 -9.82561417e-01 -2.73295674e-02  1.88757995e+00
 -1.75204293e+00  2.50362194e-01  9.56334215e-01  1.57492543e+00
 -1.36420285e+00  1.18562255e-01 -2.68648334e-02  3.68730779e-01
  1.22582364e+00  3.53620854e-01 -5.25586971e-01 -7.28710762e-02
 -1.58186680e+00 -1.01528594e+00  4.32376152e-01  6.28909836e-01
  5.97965621e-01 -5.39303957e-01 -1.12010333e+00 -6.51173157e-01
  5.83615900e-01  2.52320718e-01  4.69056483e-01 -1.00658301e+00
  2.11409453e+00 -2.44885246e+00  1.88047237e+00  8.69485176e-01
  2.63320138e-01  3.87559532e-01 -1.62358645e-01 -2.20410221e-02
 -2.46375037e+00 -6.65291882e-01 -7.61753957e-01 -1.62207292e+00
  1.25123594e+00  3.17527088e-01 -9.57665938e-01 -1.47238493e+00
  2.00459778e+00  1.79881061e+00  8.75640500e-01 -7.95602741e-01
  1.18559068e-01  2.91972129e-01  1.66304180e-03  2.72194202e-01
  3.06008487e-01 -9.50262944e-02 -4.11154861e-02 -4.01016179e-01
 -2.35595456e+00  4.05743153e-01 -4.72391390e-01  1.00872414e+00
  7.22073341e-01  4.29203462e-01  1.95053563e+00  1.07345726e+00
 -1.31569019e+00  2.54537198e-01 -7.27299410e-01  1.92847037e+00
 -1.42192336e+00  9.31709398e-01 -3.30412942e-01 -1.38442864e+00
  6.23407298e-01  5.44900772e-01 -2.51304945e-01  3.86657637e-01
  5.52631240e-01 -6.28803880e-01  7.78591754e-01 -1.16901975e+00
 -1.79127268e-01  3.51384854e-01  8.67579418e-01 -2.20733377e+00
 -5.72271637e-01  1.82667973e-02 -1.59795064e+00 -2.66749379e-01
  2.11304341e+00  6.14152152e-01 -5.39298946e-01 -1.22187498e+00
  4.40546402e-01 -9.79582157e-01  9.21858604e-01  2.32641298e-02
 -7.59851329e-01 -8.12073663e-01 -1.32585613e+00 -1.86019238e+00
  1.53549579e+00  2.57304169e-01 -2.80822121e-01 -8.34912802e-01
 -8.04891383e-01 -7.95665139e-01  1.33046375e-01 -9.43084214e-01
 -1.22246988e+00 -1.77019643e+00  1.19080639e+00 -1.44572672e+00
  3.97891057e-01  7.37379657e-01  4.54907412e-02  1.23025151e-01
  3.86826284e-01 -3.63584318e-01  1.04980949e+00  5.60392743e-01
  7.71386869e-01 -7.20196630e-01 -5.25392778e-02  5.25411075e-01
  1.51645353e+00 -9.35056715e-01 -5.35998628e-01  1.31707105e+00
  1.24560682e+00 -4.26623332e-03 -6.95627911e-01  5.10618691e-01
  1.28560020e+00  7.65752241e-01 -8.30506158e-01  6.36123843e-01
 -1.35082172e+00 -1.80082399e-01 -9.64370215e-01  7.73732694e-01
 -6.97381062e-01  6.07956798e-01  1.14932460e+00  1.20150790e+00
 -6.40663131e-01 -5.44934561e-01  9.17176360e-01  1.05123331e-01
  1.04179573e-01 -1.78790330e-01  1.83482849e+00 -1.65839440e+00
 -1.54939462e+00  8.62585378e-01 -5.72820558e-01 -2.18866901e-01
  4.05755855e-01 -9.26523618e-01  1.02245007e+00 -2.59601081e-01
  7.00212469e-01 -5.56326444e-01 -2.28977809e+00 -2.03189213e+00
  1.16667112e+00 -9.87948023e-01 -5.06828063e-02  1.33894911e+00
  8.06176181e-01  4.72450393e-01  1.07360449e+00 -3.51414705e+00
 -1.78467041e-01  1.35939694e-01 -1.44972260e+00  1.20635500e+00
  1.10012518e-02  1.27223194e+00  1.71694350e-01 -2.45956543e-01
  1.09195799e+00 -3.16200965e-02  4.12269434e-01 -1.63091933e+00
  1.47191292e-01  3.79569761e-02  8.88321149e-01 -6.20608828e-01
  3.28733748e-01 -1.08045968e+00  4.93204016e-01  1.55033737e+00
 -1.01413161e+00  3.35417183e+00  1.46156990e+00 -1.77392150e+00
  7.41294645e-01 -8.95802622e-01  1.27612160e+00  3.94230435e-01
  7.19308599e-02 -9.82460509e-01 -9.76349257e-01  4.66741190e-01
 -1.20025220e-01  9.41037739e-01  4.10704260e-01  5.86947264e-01
 -5.10763842e-01 -1.27052539e+00  9.94006188e-01  9.22378147e-01
 -2.12030771e-01 -3.86524168e-01 -4.97721677e-01 -2.41386396e-01
 -8.88707095e-01  1.37366618e+00  1.30378848e+00  2.47845094e+00
  1.00772034e-01  1.32759262e+00  9.37020785e-01  4.53998574e-01
  9.20041715e-01 -1.96851176e+00 -1.50189145e-01 -2.24126554e-01
 -1.40141843e-01 -1.50632287e-01  2.17228806e-01  2.04936151e-01
 -1.89351882e+00  3.31513785e-02  4.15902289e-01 -9.45612734e-01
  9.88548911e-01 -6.75829171e-01  1.79132598e-01  1.44530555e+00
 -9.02910905e-01  4.56037367e-01  3.65045090e-01  1.59364692e+00
  7.52251389e-01  1.02799766e+00  7.33623187e-01  2.59711451e-01
  1.63706066e+00 -1.91252246e+00 -7.70147532e-01 -9.56827016e-01
 -2.54580155e-01 -4.26931692e-01  9.31363219e-01  6.55947340e-01
  1.64520384e-01  1.09333035e+00  4.87471315e-02  3.54049070e-01
  8.51409286e-01 -6.05110981e-01 -1.78207133e-01  2.03430737e+00
 -2.10339524e-01  1.02743141e+00 -1.38295951e+00  5.76111628e-01
 -3.83241492e-01 -1.77757989e+00  1.73422352e+00 -1.25576079e+00
  2.09811517e-01  7.88185080e-01 -1.41914162e+00 -2.02956902e+00
  3.68363877e-01  2.14175993e+00 -6.75858987e-01 -3.41624496e-01
 -1.25002257e-01  1.06393137e-01  1.01306839e+00 -1.93993951e-01
 -8.16857320e-01 -1.11932735e-01 -7.60177569e-01 -6.23032940e-02
 -1.23340528e+00 -4.54981232e-01 -9.21277121e-01  9.87231263e-02
 -4.96513880e-01 -9.22575185e-01  1.14571735e+00 -6.37516774e-01
  3.86321968e-01  2.60550933e-02 -9.65360787e-01 -6.14750279e-01
 -4.38437586e-01 -5.01086026e-01 -7.76698345e-01  1.34804096e-01
  1.28320416e+00  5.90195711e-01  1.34312780e+00 -1.90795298e+00
 -1.20266910e+00  1.13763079e-01 -4.28276017e-01  9.07534428e-01
 -9.68995211e-01  1.12592470e+00  1.99659850e-01  1.99973707e-01
 -1.63793555e+00  1.08440626e-03 -7.42910697e-01 -9.97521545e-01
 -2.07357650e+00  1.82003104e+00 -1.24645053e+00 -1.39942478e+00
  3.09004263e-01  4.36435231e-03 -7.37521416e-03  5.68722072e-02
  1.40343326e+00 -1.41324444e-01  9.57951572e-01  1.00967336e+00
  1.45116822e+00  3.82067671e-01  4.83770350e-01 -8.47257789e-02
  7.88414905e-01 -1.34533796e+00 -5.14376716e-01 -3.01047690e-01
 -1.03912680e+00  7.88343088e-01  2.37351731e-01 -1.29947323e+00
  6.49162261e-01  7.22703879e-02 -1.10915686e+00 -1.19643185e+00
 -2.00411645e+00  1.17004107e+00  2.27331552e+00  4.03586532e-01
 -2.01911233e-01 -2.77742662e-01  6.93051180e-02 -1.31559823e+00
  1.28634737e+00 -6.73576638e-01 -7.44668420e-01 -9.46186782e-01
 -1.89930763e+00  1.48056121e+00  8.52852935e-01  5.28779339e-01
  8.83862941e-01  2.81176572e-01  1.43923608e+00 -1.91151393e-01
 -4.64699098e-01 -1.49468351e-01  1.04499145e+00 -3.02877308e-01
  1.33578551e-02 -2.21171689e+00  2.14908323e+00 -6.32274726e-01
  1.80450074e+00 -2.93089259e-02 -2.67421998e-01 -2.83094449e-01
  8.34315106e-01  7.79890151e-01  4.12567654e-01  1.09232781e-01
 -9.02532346e-01  6.35869079e-01 -6.95373219e-01 -1.25625385e-01
 -1.57636944e+00 -7.20032485e-01  6.94950995e-01  2.10696969e-01
  6.39083405e-01 -6.37980455e-01  4.75388153e-01  9.35946465e-01
  4.55402429e-01 -1.63736234e+00  1.23059514e+00 -2.89909587e+00
 -9.35636362e-01 -1.33193111e+00 -5.56971328e-01 -2.02615405e-01
  6.39580241e-01  5.35891700e-01  5.06541900e-01  1.20154533e+00
 -8.15550611e-01  1.03003870e+00  8.05334930e-01 -9.20988354e-01
  1.78141296e+00  2.67742288e-01  4.06877860e-01 -1.80255995e-01
  5.72323108e-01 -2.23836649e-01  9.67280899e-01 -7.56080966e-01
  2.86501542e-01  1.06073418e+00  7.93606836e-01 -2.01811115e+00
  6.48912805e-01  3.05307676e-02 -7.50871962e-01 -2.11848491e-01
  9.70894779e-01 -4.36594675e-01 -4.47133420e-01  8.32817826e-02
 -1.21404386e+00 -1.12756218e-01 -1.33460919e+00  4.60507291e-02
 -4.93606327e-01  5.63377791e-01  1.03923525e-01  2.21843230e+00
  1.68154250e+00 -1.99570493e+00 -1.51294378e-01 -6.98096637e-02
 -1.12198641e-01 -4.94906823e-01  2.77695425e-02 -1.37445948e+00
  5.17992471e-01  3.10993741e-01 -1.14239653e+00  1.46527920e+00
  3.56340615e-02 -8.47070052e-01 -8.13821400e-01  1.40299334e+00
 -1.29325803e+00  9.55732214e-01  1.41343871e+00 -1.47148043e+00
 -7.57148897e-01  7.52090066e-01  8.90117633e-01  1.79051434e-01
  3.53254921e-01 -4.82126161e-01 -5.64814482e-01  1.66441649e-01
  8.00211614e-01  1.09652462e+00 -5.92714195e-01 -8.76955071e-01
 -1.88746694e+00 -1.82945165e-01 -1.11816518e+00  1.04334277e-01
 -1.36073282e+00 -3.85296790e-01 -1.87918374e+00  8.61907947e-01
 -9.77189275e-01  4.21154976e-01 -9.01652134e-01  5.22829392e-02
  1.97614273e+00  1.70033349e+00 -3.91721131e-01  1.25310318e+00
  1.05777454e-01 -5.38930592e-02  9.65576770e-01 -9.32224200e-01
 -4.83424281e-01  5.93103479e-01 -8.91710226e-01 -2.43609204e+00
  8.79008335e-01  1.78804339e-01 -1.42903174e+00  1.09017088e-01
  5.72369022e-01  1.38543116e+00 -7.89442664e-01 -1.45840757e+00
 -2.96282119e+00  2.74167414e-01 -8.11879151e-01  1.59050295e-01
  4.31844493e-01 -1.20498688e+00 -3.16378513e-01  6.31868285e-01
  2.06423208e-01  2.58154565e-01  3.66328037e-01 -1.90785450e-01
 -9.18858515e-01  1.96708315e-01  1.44277712e+00  4.90814553e-01
 -2.59977346e+00  1.23433233e+00  5.02046730e-01  1.98777338e-01
 -4.44802638e-01 -9.84060049e-01 -6.80912015e-01  9.70669588e-01
  3.12590417e-01 -6.49634587e-01  1.22491943e+00 -1.53189371e-01
 -2.05933552e-01  1.45633062e-01  1.06645272e+00  7.05487701e-01
  9.01076908e-01 -7.59432022e-01  2.96821731e-01 -1.10124069e+00
  6.60231041e-01  8.67472036e-02  4.70211437e-02 -3.03332844e-01
 -7.34958780e-01 -1.18234980e+00 -2.25810578e+00  1.09246516e+00
  1.45283017e-02 -9.34805279e-01 -1.66413416e+00  2.50025725e+00
 -4.20844637e-01 -6.21111843e-01  1.06277652e+00  4.44507626e-01
  1.05274459e+00  2.35068076e-02 -7.42485531e-02  2.85785061e-01
  1.48180782e+00 -1.44286081e+00  7.20807831e-01 -6.36166503e-02
 -4.10835603e-02 -5.50353027e-01  1.96173365e+00  9.44060673e-01
 -1.82898729e+00 -2.80317304e-01  1.75253455e-01  6.04974855e-01
  3.67194993e-01 -1.49111506e+00  4.54337320e-01 -1.01692016e+00
 -9.91371839e-01  1.96093248e-02  2.65443350e+00  6.76116982e-01
 -1.45391937e-01  7.54824939e-01  7.54035190e-01  5.41856239e-01
  4.71427679e-01  2.18033280e-01 -1.04224997e+00 -1.18430913e+00
 -1.10986448e+00 -8.06878975e-01 -1.81550265e+00 -1.87171866e-01
  1.02701268e+00  1.88825660e+00 -4.70646335e-02 -1.42104701e+00
 -1.13699879e+00 -3.76574217e-02  2.40236334e+00  4.14645636e-01
 -2.42490902e-01 -8.07894828e-01 -1.90797095e-01  1.96461750e+00
  1.39623207e+00  4.23022029e-01  9.62217652e-01 -4.53082636e-01
 -4.69936260e-01 -3.88012044e-01 -1.10692429e+00  1.50923538e-01
  5.17082172e-01 -1.49071008e+00 -1.62390520e+00 -5.83391757e-01
  1.91824858e+00  2.96204539e-01 -2.67747513e-02  1.58864795e+00
  1.01988766e+00 -2.10996500e+00 -9.38174151e-01  1.23417803e+00
 -3.52218786e-02 -8.23266108e-01 -1.13950799e+00 -2.23681508e+00
  8.05117674e-01  5.89326257e-01 -4.87960612e-01  3.03691273e-01
 -2.44074636e+00 -8.70829264e-01  7.69636527e-01 -2.61658831e+00
 -9.88344421e-02  7.28171974e-01 -6.89448420e-01 -1.50934800e+00
 -1.01381623e+00  6.67146019e-01  2.11071061e+00  9.37994274e-01
  9.50872102e-01  1.18613180e+00  1.54868637e+00  4.66546196e-01
 -1.21680410e-01 -1.86307400e-01 -2.05730628e-01  2.04689771e-01
  1.45380242e+00 -2.04218806e+00 -1.28071214e+00 -1.24690409e+00