-1.16402223  0.13814908 -1.59944855 -0.56817647 -0.57666375  1.19470959
  0.05306835 -0.69506135 -1.97368931  0.49594806 -0.61836881 -0.65834713
 -0.82827618  0.33070097 -0.24220287 -1.32429055 -0.86259692 -0.80281481
 -1.20591233  0.53321845  1.91543498 -1.03691503  0.89325429  0.84418409
  0.48691235  0.24173384 -1.82710201  0.61875072  1.92025383  1.42128522
  0.04916534  0.36743463  0.63390871  0.11423793 -0.05466709 -0.19144331
  0.20082612  2.15453747 -0.41874875  0.88648984 -0.90058278 -0.16683059
  0.12569621  1.17931544  0.99845511 -0.8050804   1.15175805 -0.19487689
  0.80128564  0.77966951  0.3275534   0.82232944  0.42012468  0.70158272
  0.24514296 -2.7136141  -0.4478256   0.66885949 -2.09292232 -1.60187286
  0.24689206 -0.59246908 -0.79214822 -1.33479498  0.38877125 -1.29779944
  0.49599594 -0.09738203 -0.35062143  1.55828919 -0.18883789  0.81805008
 -0.9015231   1.40665741  0.60388095  1.69353998 -1.2118038  -0.36625131
 -1.06174709  1.21905986 -0.46424079  0.02047554 -0.14732756  1.29397713
  0.13043032 -1.46035221 -0.67859322  0.44472776  0.96237997  0.87531457
 -1.78736657  0.62010373 -0.00860701  2.74348009  1.32809973  1.41725368
  0.71785617 -0.85662909 -0.39690888 -1.00545959 -0.00429372  0.06514371
  0.37524613 -1.16224226  0.5765815  -0.27811216  0.83387281  0.59379192
 -1.72488549  0.18484235  0.45392898  1.83808279  2.2505989   0.28813914
  1.69233082  0.72798716 -0.43393611  1.18008486 -2.13801441 -1.0621396
 -0.58821226 -0.37257419  2.19887858 -0.01386061  0.81321608  1.60079308
 -0.13688951 -0.39752551 -0.64466467 -0.54601501 -1.35614231  1.2139968
 -0.21300262  0.02134622 -0.01801493  2.2756107   0.52191612  2.49711444
 -0.95337488  1.20542828 -2.30452022  1.23402911 -1.63735711  0.28503683
 -0.25506942  0.10441511 -2.36270043  1.00123935 -0.38912074  0.29979666
  1.04260645  0.48789054  0.01866927 -0.78603029  0.37570678  0.46595855
 -1.7926115  -1.4300678   0.44315871  0.7086987   0.52371065 -1.6583913
  0.07495541  0.65694017  0.45426568 -0.95209094 -1.27957568  1.84970057
 -0.24261558  0.28252267  0.21535588  0.47724645  0.68156371 -2.20733367
  0.54538648  0.51607542 -0.98223702  1.6367267   0.09288838 -0.41935151
  0.841541   -0.06486479 -0.14791019  0.75842251 -0.96689205 -0.63540709
  0.0893748   0.39256659 -0.93861235  0.26905495  1.73414821  0.57034145
 -0.53977036 -1.14166974 -0.86696776 -0.87029021 -0.06784861  0.49885969
 -0.85279593 -1.50173712  0.31626666 -2.19850444  0.04079402  1.05982743
 -0.03512926  0.83466628  0.39942044  2.27679877  0.42113983  0.14898904
 -0.14621495  0.68896471  0.84226717  0.57872368 -0.391969   -0.61843895
 -0.84481625  1.34220062  0.7573438   0.57494346  0.89338627 -1.01274794
 -0.58758343  1.04161583  1.22337117  0.11493664  0.08753373  0.74017821
 -0.57085923 -0.11577757 -0.11022678 -0.41851881 -0.09130321 -1.03953866
  1.50631304 -0.80586811 -0.4736082  -0.19716885  0.70562042  0.08315851
 -1.04934131  0.57418049 -1.40627243  1.37930723 -0.49802956 -0.01812059
  0.48164828  0.31600914  0.11586054  0.40231632 -1.56804802 -0.43476828
 -1.42477612  0.87570798 -0.38003782 -1.67495697  1.88717001 -1.32168109
 -0.29157929 -0.25164305  1.26242575 -1.11447202 -0.16053453 -0.55176831
 -0.17806659 -0.26566515 -0.5121038   0.53718964  0.39666751 -0.11705368
  0.74043734 -0.65415347 -2.55590741  0.33552745 -0.98896002  0.70846883
 -1.5465424   1.50097118  2.3114271   0.08341494 -1.40599797 -0.60640636
  0.26926752 -1.43552283  2.30627277  1.43072486  0.77767278 -0.02639137
  0.13297616  0.6521415  -2.30690993  0.23750093  0.11240911 -0.49393513
 -0.0583922   0.56189877  1.83636958 -0.72564161  0.08776288 -2.97928723
 -0.33053313 -0.7849053   0.12760312  0.82754794 -0.57186637 -0.35639237
 -1.24814892 -1.50401553 -2.12130491 -0.69996081  0.11299462  1.68262226
 -0.73809636 -0.04775779 -1.47928344  1.20724903  0.74038256  0.98534751
 -0.70527845 -0.97733342  0.45598499 -0.21824515 -3.0022364  -1.78819768
 -0.62932603 -0.79323612 -0.7025157  -0.92576723  1.24611936 -0.73461535
 -2.11974323 -1.45988157 -0.28576369 -1.03912869  0.38766975 -0.04360318
 -2.42338833  0.088283   -0.28173939  0.41626279  1.03418631  0.54068891
 -0.58609088  0.93710013  1.12175093  1.08254348  0.54935155  0.71926475
 -0.61937575 -0.52393696  0.24676943 -1.82745904  0.70590956 -0.27290087
  2.82770409  0.45334686 -1.36802913 -1.33275941  1.89947763 -2.27080308
  1.15231957  0.07045015 -0.09488666 -0.02495887  0.32870346  0.10001289
 -0.88544487  0.83158788  0.76474826 -0.61887754  0.63869136 -0.12793682
  0.9921142  -2.38562584  0.72952222 -1.40457975 -0.60165895  0.25972331
  0.48278587  0.64280394 -0.92732048 -0.60325225 -0.99514608 -1.72856624
  0.09788054 -0.58331798 -0.31866924 -1.47292962 -1.71190582  1.19637912
 -0.83589293 -0.38354023 -0.28541085  0.00623207  0.27772455  1.68760468
  0.65248272 -0.1532972   0.48805171  0.26661276  0.15656267 -0.62973739
 -0.45814794  0.66872845 -1.82437655  1.06533059  0.52007694  0.55415004
 -0.9408813   0.76734482  1.91542698 -0.86170904 -1.55758863 -0.40206307
  1.078564    0.39709598  2.21038477 -0.09325535 -0.01559712 -1.57613913
  1.79882036  0.42662329  1.9709803   0.39202748 -0.46916651 -1.08201917
 -1.07127189  0.09049976 -0.08838137 -0.17422825 -0.38679685  0.27968533
  1.08505226 -0.9102333   0.59703673 -0.97546538 -1.13047882 -0.28227803
  1.14500016 -0.8464925  -1.33463457 -0.64841775  1.08367931 -1.32476536
  0.25939372 -0.61744484 -1.64572022 -0.33007934  0.90870531  2.20710006
  0.09646486  0.43805088  0.11794937 -0.45913018  0.78647556 -0.61362422
  0.6304203   0.71835976 -0.85311766 -0.41097888 -0.76040089 -0.94800639
 -0.85999595 -1.32475176  0.77110526  0.41840755  1.68347376  0.73629325
  0.21556446  0.0043989  -1.37178981  0.41523836  0.18348442 -1.83233287
  0.54208357 -1.52341167 -0.55914685 -0.27743247 -0.96633831  0.64141573
 -1.28499821  0.79596019  0.11949444  1.17167944 -1.32210885  0.56867225
  0.04921521 -1.31611103 -1.5619731  -1.76239376  0.73148036 -0.61820538
  0.54396053  0.67134543 -0.34461828 -0.17422679 -0.18637209 -0.57715122
  0.98545176  0.13943569  1.05334809  1.11302879  1.2080317  -0.12114389
  0.40575695  0.30619904 -0.96997458 -0.59628085  1.48609707  0.05460184
  0.52587186  1.18368359  0.49846027  0.23298582  0.58347281  0.22475002
  1.04516117  1.74246923 -0.15924548 -0.12103757  2.0862491  -0.56951671
 -0.73750215  1.45418719  0.38398509  1.94517635 -0.82095943 -0.90394333
 -1.79157605  1.05291332 -1.19291404  0.0227192   0.8244607   0.1839184
 -0.7948056   0.05910471 -1.32753917 -0.04573036  0.0735344  -2.61716733
 -1.58020617 -0.43910174 -0.06918464  0.99358788 -0.09553062 -0.52446304
  0.29884932  0.8151771   1.57720787  0.14695101 -0.6161854   0.00752792
  0.45279307 -2.29045965  1.13945677  0.62992357 -1.41589531 -1.53119899
 -0.0136383   0.22970352  1.47568913 -2.2165873  -0.74772537  0.55922565
 -1.15490758  1.35038673 -1.55947465  1.51251397 -1.8978966   0.18745986
 -0.78292516  0.14653451 -0.02054061  0.70408446  0.82746253 -0.19262978
 -0.96133957 -0.17080775  0.45456776  0.67585703  0.1612369   1.07839139
 -0.00714838 -0.67364678 -0.31331428 -0.00954449  1.08680335 -0.19546066
  2.42737712 -0.3260602  -0.08483306  0.76330931 -1.45040187 -0.5439961
  1.7352124   1.36173691  1.29252273  0.91337827 -0.22789516  0.08807074
  0.02461699 -0.36362507 -0.58118028  1.21415375 -0.49619678 -1.62107266
  0.60127155 -0.03459796  0.60696314 -0.75572996  0.64982806 -0.92456557
  0.05839513  0.63158113  1.2586665  -0.29862508  2.28681148  1.05273054
  0.19680455  0.81459281 -1.38227894 -0.31347286 -1.70396779  0.50524853
  0.08194183  0.16499074  1.30508624  0.06331796  0.47924298  0.20890173
 -2.14626128  0.62933633 -0.57057911  0.12646097  1.48117816 -0.24717889
  0.28393778  0.70331169 -0.29603394 -0.18593701  0.34658301 -0.19933301
 -2.0955285   0.23891675 -0.52943122 -0.9111046  -0.39247861 -1.03196177
  0.83661    -0.25619228  1.01239441  1.46643156  1.39354455 -0.76102702
 -0.08062247 -0.42381296 -1.46225764  0.35053371  0.18962667  1.30496184
 -0.3204767   1.00019924 -1.08914276 -1.80710412 -1.853792    0.61356134
 -0.29983338  0.09121619 -0.7954132   0.29244236  1.57859528  0.6472113
 -1.15632894 -0.63290723  0.45565241  0.19068298 -0.74662984 -0.386563
  0.5758102   1.47742791 -0.40353408 -1.06048404 -0.88129145 -1.15300131
 -0.34782506  0.69676333  0.44105511 -0.0985455   0.44528638  0.5030089
  1.01150288  1.71824606  0.61755237  0.22035975 -0.36819399 -1.33662134
  1.04695545 -0.60191067 -0.35351369  2.09489852 -1.0770755  -0.72516489
  1.54243618  0.47450421  0.38496884  0.73662508  0.39875335  0.31251492
 -0.74998357  0.03400535  0.07078711 -1.60312736 -0.43935348 -1.72387498
  0.21554833 -0.08423307  0.3818441  -0.13664586 -0.47859416  1.16825934
 -0.3221772  -1.96657981 -0.16353388  1.19686077 -0.58138763  1.81929293
 -0.60829524 -0.65872952  0.90771241  0.6479635   2.3216762  -1.1872355
  1.83929021 -1.21213271 -0.39592843  0.7325541   1.37362507 -0.57360254
  1.32886941 -0.38583094 -0.10727462 -0.21215744 -0.92191287  0.42135988
  0.64453166  0.77116932 -0.10385702  0.65628163  0.55510126 -0.46744435
 -1.19693744  0.28775358 -2.08608874 -2.08644117  0.75736375 -2.15240347
  0.40817079  0.51144597  0.09947011 -0.71476482  0.91819498 -0.37280649
 -0.95470781 -1.58473538 -1.10522488  1.45261805 -0.4161759   0.45912835
  0.19962902  0.70408986 -0.50479476 -1.03518437  1.02488767 -0.77866207
  1.85052237  1.56973176 -0.0187102  -0.19199029 -0.72796321 -2.59341774
  0.68166581  0.83560489  1.02533377 -0.61353749 -1.17623786  0.91834405
 -0.61364264 -1.87865212  0.84572396 -1.1545681  -0.54644142 -0.36872681
 -1.04196855  0.84752723  1.56095834  1.28235595  0.95507742 -0.00348389
 -0.96461679 -1.42622444 -0.45959009 -0.35502667  0.44153206  0.20634122
 -0.60667114  0.98972378 -1.02084512  1.3810567   1.43588806 -0.0861593
 -2.20463577 -0.73188167  0.81012107  0.21480063  1.1174472  -0.55905952
 -1.11739764  0.07001618  0.11907547 -0.4907018   1.41456366 -0.87293201
  0.40483212 -0.51654557 -0.0244904  -1.41636153  1.98055217 -1.06100213
  0.99947561  0.54549321 -0.13765812 -0.3504225  -0.29365885  0.12467599
 -0.28843831  0.18474219  0.4186135  -1.05121065 -0.40728234  1.43682083
  1.53208692  1.08924004 -0.0818716  -0.11292886  0.52313669 -0.62354325
 -0.11434435 -0.06869743 -3.26865018  0.24059876  0.53769221 -0.27174121
 -1.1553403  -0.41477096  0.38498985 -0.1226411   2.37308288  1.57828168
 -1.17264001  0.78567501  0.12686087 -0.58258006 -2.32461943  0.8836795
  1.50352654  0.86071071 -1.11226806 -0.86534735 -0.32395009  0.86311457
  0.34614911 -0.1251168  -0.3670546  -0.53493543 -0.30909525  0.89380497
  0.10985476 -1.25517468 -0.80846168 -0.20378336 -0.18869573  1.15543416
 -0.75763311  0.02839668 -0.98302358 -0.36901689  1.45929253  0.21641177
  0.06121325  0.95974277  2.17701192  0.88840631 -1.19724211 -0.56211006
  0.09451263  1.97572796 -1.02492639 -0.84618764 -1.179779    1.82767613
 -0.50594568 -0.76968556 -0.10349415  0.69662226  1.11139429 -0.40777905
 -0.57641156 -0.61943894  0.06919847 -0.92285413 -1.32148413  1.04589082
 -0.46156936  0.73601625  0.60067533 -2.59522113 -0.22457477 -0.58293818
 -1.66310201 -0.57717778  0.67477857 -0.4686392  -0.13445392  1.84303235
  0.8691708   0.17678346 -0.83403894 -0.6489079   0.86800711 -0.38101908
  0.74842007  2.44543417 -0.40877603 -0.25012738 -0.51280138  0.23012266
 -0.69021536  0.38115888 -0.31202663  1.60015549 -0.41326846 -0.51818109
 -0.93535475 -0.06764164 -0.29940038 -0.76816874  1.94138725 -0.5091508
 -1.9470887  -1.01099051  0.67395368  1.11950209 -0.59345917  0.0150996
 -0.92336307 -1.50010684 -1.31765953 -0.3723343   0.24576584 -1.33602459
 -2.19821434 -1.09176172 -0.18696021  0.57696724 -1.12438333 -0.66056675
 -2.09941468 -0.05146029  0.62071334 -1.67822219  0.97384515  2.01253731
 -0.68293695 -0.40297054 -0.46667823 -2.26125612 -0.15993375  1.16641097
  0.61012151  1.46384469  0.03212597  0.64429462  2.91089974 -0.58057937
  0.31206928  0.53243303  0.82549993  1.33641141  1.39748894 -0.11270755
 -1.51458621  0.49651703 -0.395895    0.78095593 -0.11967334  0.58099623
  1.00695572  0.85370492  0.79698987 -0.12038856