 1.64092220e+00  9.99929883e-01 -1.80304048e+00  4.18579760e-01
 -1.42002855e+00 -1.84009720e+00  1.37807428e+00 -7.90717647e-01
 -8.49784968e-01 -1.29343264e+00  2.73835595e-01 -7.87365699e-01
  1.55854136e+00  4.82694565e-01 -6.57186685e-01 -1.72881114e+00
 -4.61388706e-01  8.57917146e-01  9.86623378e-01  5.15730643e-01
 -1.80826267e+00  8.22452476e-01  8.71885450e-02 -2.21872024e+00
  1.62277529e+00 -1.20483825e+00 -2.10841474e+00  4.96756259e-01
  2.06745539e+00  5.63787662e-01  1.65511241e-01 -6.58885828e-01
  5.59795451e-01  1.24467286e+00  1.73398417e+00  1.19835249e+00
  1.62515759e-01  4.24709733e-01  2.84899633e+00 -1.47439725e-01
 -5.50242192e-01 -8.17930462e-01 -1.38551874e+00  8.72314452e-01
  2.97160102e-01  3.33164964e-01  1.67519558e-01 -3.60138876e-01
 -5.17630825e-01 -9.74114165e-01  3.84476339e-01  4.98585012e-01
 -1.48451954e+00  3.49521508e-01 -7.82912378e-01  6.06611528e-02
 -1.81438564e-01  1.88329143e-01 -1.38023068e-01 -3.79188950e-02
 -2.85198358e-01 -1.81490940e-01 -9.52440385e-02  4.48126397e-01
  1.44781157e+00 -7.33706197e-01  1.13925776e+00  9.46316907e-01
  6.43242950e-01 -1.42564786e-01  2.38840571e-01  1.83007519e+00
 -7.16678164e-02 -1.43520457e+00 -1.21783544e-01 -7.66996255e-01
  4.35044472e-01 -2.34645726e-01 -1.82279171e-01 -1.24678727e+00
 -8.88083879e-01 -3.08995362e-01  4.00751326e-01 -2.31929334e-01
 -7.96943179e-01  4.10653688e-02  1.17330732e+00 -1.29023925e+00
  1.25759966e+00 -9.29968477e-02 -1.86796403e+00 -1.65930134e+00
 -5.06479133e-02  3.81708884e-01 -2.21841226e+00 -6.57611297e-01
 -1.70667662e+00 -5.86127992e-01  1.58386457e+00 -5.14310920e-01
  7.29120721e-01  3.47065329e-01  2.03818276e-01  4.36302771e-01
  1.59970003e+00  1.28569991e+00  8.68465394e-01 -5.68113785e-02
  3.12086966e-01 -7.52671297e-01 -1.97407000e+00 -4.67672988e-01
  2.02807691e+00 -5.77972755e-01 -3.48101245e-01  2.57537544e+00
 -4.36606756e-01 -8.64727237e-01 -1.14918650e+00  7.76596077e-02
  6.42564803e-01  1.10054192e+00  8.83126568e-01 -1.25604272e+00
  8.41230317e-01 -9.58375788e-01  2.99069314e-01 -7.89312074e-01
 -1.04459587e+00 -1.35491573e+00 -9.09579140e-01  1.35538183e-02
  1.18266480e+00  1.94469765e+00 -6.95923399e-01 -3.34570699e-01
  3.51582712e-01 -6.88665292e-01 -8.23545978e-01 -1.61673786e+00
  7.68518837e-01  1.43397341e+00 -2.36210741e-01 -6.49003061e-01
  1.81012725e+00  8.34093308e-01  1.82710853e-01 -7.74635019e-01
  4.88208163e-01  7.43603962e-01  6.04175713e-01  1.80943543e+00
  1.00791513e+00  3.21773135e-01 -1.21017145e+00  9.34364132e-01
  6.51515113e-01  8.33775033e-01 -1.80682649e-01 -4.27025190e-01
  1.68029942e+00 -9.70417596e-01 -8.40554930e-01  2.08594473e+00
  1.86397268e-01 -1.23860801e-01 -8.91109389e-01  8.16283757e-01
 -1.21714122e+00  1.00540799e+00 -9.57660190e-02 -1.31845210e-01
 -2.21400185e+00 -2.18730326e-01  1.27961296e+00 -4.69799282e-01
  1.97255967e-01  2.63406687e+00  2.51942354e-02  1.43875594e+00
 -1.24834297e+00  5.53470726e-02 -1.21222995e+00  2.23924223e+00
  1.30569410e+00  7.69147447e-01 -3.30226386e-01  1.15610013e+00
 -3.28095885e-01 -8.30572281e-01 -5.55227797e-01 -1.03315365e+00
 -1.52181317e-01  2.69687053e+00 -8.60392508e-01  6.10502409e-01
 -1.22089530e-01  3.86646277e-01  1.68157916e+00  5.46019836e-03
  4.98807246e-01 -2.19427213e+00  1.01394320e+00 -1.26802837e+00
 -1.07284621e+00 -1.02215364e+00  1.37265851e-01  8.30379718e-01
  2.60385495e-01  6.17839506e-01  1.00965038e+00 -2.47678184e-01
 -8.96088722e-01  3.57696597e-01 -2.99171675e-01  5.09773283e-01
  8.02142498e-01 -6.33603067e-01  1.66905840e+00  5.20978781e-01
  3.10123065e-01 -2.48584827e-01 -7.33943666e-01 -9.60829393e-01
  3.25783316e-01  1.06447192e+00 -5.22197068e-01 -1.77167387e+00
  6.86654402e-01 -8.78418155e-02 -8.59369636e-01  4.68900625e-01
 -1.34266005e-02 -1.11573964e+00 -2.51611095e-01 -9.51011511e-01
  9.29800749e-01 -2.32391518e+00 -6.96978870e-01 -7.26779353e-01
  6.10212500e-01 -1.19132245e+00  1.94277732e-01  1.56919756e-02
  2.40516544e-02  2.74166884e-01  2.45896666e-01  9.44012093e-01
 -1.26637927e+00 -8.94730763e-01  2.58319100e-01  9.59973819e-01
 -1.33637643e+00 -1.75857685e-01 -3.15119604e-01  1.54027583e+00
 -1.96138394e-01  1.95114401e+00 -3.57230095e-01  1.86048062e+00
 -1.62376499e+00 -1.00061607e+00  9.42142015e-01  1.13945506e+00
 -3.66650477e-01 -1.36391798e+00 -4.87554835e-01 -1.59444943e-01
 -1.98693839e+00 -5.84953277e-01 -2.99375508e-01  1.26351237e+00
  5.19387305e-02 -2.69416550e-02 -6.41870918e-01  2.09335243e+00
 -2.97514073e-01 -1.72348431e-01  1.72301563e+00  1.64586217e+00
  8.83779290e-03 -8.96708622e-01  1.70248850e+00  1.01782293e+00
 -2.11795870e+00 -9.09458943e-01  2.71630290e-01 -1.85269206e-01
  4.24197568e-01  9.70305538e-01  3.44233870e-01 -7.84045034e-02
 -8.07019308e-01 -9.82803993e-01 -2.21081122e-01  5.10601503e-01
  4.67244022e-01  9.72721417e-01  2.70357382e+00 -1.80645820e-01
  5.52485549e-01 -6.96963684e-01 -8.41244464e-01 -2.54375107e-03
 -1.35297136e+00 -2.05991518e-01 -1.48746862e+00  1.47259062e+00
  2.03243715e-01  1.64541878e-01  1.97892196e-01 -3.88432829e-02
  1.13707398e+00 -2.93891069e-01  1.95894687e+00  4.24207510e-02
 -2.72640296e-01 -2.64493538e+00  4.38517556e-02 -9.40439700e-01
  8.17997728e-01  9.74122512e-01  1.91627041e+00 -5.75320521e-01
 -8.12677501e-01 -1.68943244e-02  6.49210494e-01 -4.11738995e-01
 -9.84691990e-01  8.99255748e-01 -1.60161431e+00 -9.01512177e-01
  5.17200580e-01 -1.77314950e-02 -7.74607438e-01 -1.14931047e+00
  1.66793319e-02 -4.32323378e-01  6.78740993e-01 -2.02682696e-01
  7.80363524e-02 -6.16756519e-01  1.70818117e+00  1.86248134e-01
 -5.86038848e-01 -1.32872480e-01  6.63174473e-01 -1.41015911e+00
 -1.71022392e-01  4.97834476e-01 -5.16299672e-02  2.79831384e+00
  1.01294745e+00 -1.22423565e+00 -6.39175036e-01  6.46631195e-01
 -1.81141028e+00 -8.09166021e-01  5.25284813e-01 -2.26496859e-06
  1.03369300e+00 -5.13492247e-01 -2.11386681e+00 -3.63463318e-01
 -5.88745618e-01  1.04560818e+00  1.26306459e+00 -2.00533936e+00
  3.53134206e-01 -5.08834792e-01  1.29043321e+00 -2.75040010e-01
  8.73875704e-01  9.74071234e-01  4.64728799e-01 -1.95047016e-02
  6.77086953e-01 -1.07829566e+00 -6.89383678e-01 -5.34621027e-01
  5.13164385e-01  8.88915570e-01 -1.16939360e+00 -2.91774467e-01
 -1.11602965e+00  9.71611187e-01  1.35410774e+00 -2.64436462e-01
 -5.87391477e-01 -1.69458096e+00 -2.12294792e+00 -5.82994563e-01
  9.43719249e-01 -3.45018207e-01 -4.20467714e-01 -2.47526239e-02
  1.51671757e+00 -1.19420333e+00 -6.99792387e-01  9.89715360e-01
  1.73050117e-02 -1.32332916e+00  8.41820002e-03  2.76484543e-01
 -1.25149296e+00 -4.03372629e-01 -1.41126458e+00 -2.02893482e-01
  7.67290356e-01  6.43480604e-01  7.97514697e-01 -3.62815975e-01
  1.10586621e-01 -6.21432785e-01 -1.62412519e+00 -6.30015565e-01
 -2.99561951e+00  1.15157215e-01  8.38043231e-01  3.41649765e-02
  1.30074358e+00 -8.87218341e-01  8.19309860e-01 -6.34244934e-01
  2.97467434e-01  3.17116889e-01  1.04025191e+00 -2.50890231e+00
  6.56696033e-01  3.08338012e-01 -2.53387756e-01  3.82684212e-01
 -3.45012981e-01 -2.09424957e+00 -1.11157624e+00 -4.06692816e-01
  2.75733154e-01  1.74749113e+00 -3.09854537e-01  1.01505693e+00
  7.48166938e-01 -8.13955101e-01 -9.59051484e-02 -7.65836324e-01
 -1.86012192e+00  6.94000617e-01  7.93095020e-01 -1.13287180e+00
  1.38135367e-01  9.00141364e-01  1.26753387e+00  5.02816942e-01
  7.12514545e-01  2.26432532e+00  1.46333566e+00  1.63828061e-01
  4.58315855e-02  6.47244848e-01 -2.53038237e+00 -3.79138194e-01
 -6.90188660e-01 -2.39872135e-02 -8.73461488e-02  7.73609574e-01
  4.59131608e-01  2.36941098e-01 -6.39435912e-02 -9.08245444e-01
  2.72947007e+00  6.03723971e-01  9.01752855e-01 -8.11855568e-01
 -1.23382366e+00  1.60808240e+00  2.86899600e-01 -2.30398031e-01
 -2.37298598e+00  1.19311486e-01 -8.49016652e-01  4.64895339e-01
 -9.33965188e-01  3.14086503e-01  1.19527106e+00  9.69689157e-01
  5.01017102e-01  3.42972898e-01 -1.77890787e+00  1.06393177e-01
  1.17833258e+00  7.08974765e-02  1.31117563e+00  6.92336770e-01
  2.20129324e+00 -1.36086809e+00  1.58326353e-01  5.39797798e-01
  1.98389807e+00 -7.82295078e-01  3.96140585e-01  3.70151964e-01
 -5.04880968e-01  7.31280232e-01 -2.59658395e+00 -3.12316723e-01
 -2.09421787e-01  1.25108209e+00 -3.92706365e-01  1.14839099e+00
  5.83026195e-01 -1.95348390e-01 -5.89243152e-01 -4.86459958e-01
  8.35867771e-01  1.91237701e+00 -2.41376210e+00  4.42292466e-01
 -1.68223514e+00  1.41882717e+00 -3.40707107e-01  6.56871136e-01
  9.42386762e-01  2.06717510e+00 -6.01699443e-01  4.53190374e-01
 -3.08985292e-01  3.13709117e-02  1.05008837e+00 -3.72519365e-02
  8.32268193e-01 -1.11155805e-01  1.26985489e+00  1.22585264e+00
  1.20602771e+00 -1.04072614e+00  1.40243820e+00 -1.05861963e-01
 -1.66389066e+00 -1.51443518e+00  2.54369435e+00 -3.88437034e-01
 -2.55716159e-01 -6.47981587e-01  1.81816521e+00  7.46421695e-01
 -3.24022063e-01  3.77811478e-01 -2.64418439e-01  1.24822789e+00
 -1.42984924e-01  6.32947256e-01 -4.88691317e-01  4.08460262e-01
 -8.03415567e-02  9.57593110e-02  4.74597113e-01 -3.20087267e-01
 -7.21855961e-01 -3.77928872e-01 -4.60532191e-01 -1.17647581e+00
  1.38981078e+00 -1.46565543e+00  7.20692940e-01  1.21659323e+00
 -4.89972289e-01 -6.12759975e-01  1.98351309e+00  1.35894556e+00
  7.86009731e-01 -1.69724160e+00  2.87166792e-01 -7.49481563e-01
  9.10033722e-03  2.27424354e+00 -3.21560089e-01  1.24332336e+00
 -2.27492332e-01 -8.48937241e-02  5.92000410e-01 -1.40896563e-01
  5.16333987e-02 -1.41820195e+00 -7.30696931e-01  9.34152915e-01
 -7.83093628e-01 -1.70935970e+00 -7.81177051e-01  2.81967919e-01
 -7.92992422e-01  8.17364680e-01  8.39528739e-02 -1.13441773e+00
 -2.83591660e-01  1.22083134e+00  7.44466534e-01  8.27082838e-01
 -5.79606691e-01 -4.24175047e-01 -1.36188084e-01 -4.21653242e-01
  1.90104612e+00  5.41602337e-01  7.13921671e-01  9.05728400e-01
  2.60696492e-01 -2.91957047e-01 -1.09374260e+00 -1.64477005e-01
  1.48355100e+00 -1.07798757e+00 -2.15368111e+00  5.23856822e-01
 -1.36205497e+00 -1.72332127e+00  7.56984882e-01  1.70178845e-01
  1.22413099e-01  4.07679416e-01  3.72473258e-01 -1.12529868e+00
 -7.30675611e-01  2.28977173e-01  1.08598475e+00 -5.80794997e-01
  3.67558333e-01 -2.29516362e-01 -1.51892144e-01  6.85183234e-01
 -1.38938184e+00  3.01984828e-02  4.49684371e-01  1.24256993e+00
  1.88369831e-01  1.57148075e+00  2.00299544e-01 -4.00965543e-01
 -6.98882661e-01  9.94615692e-01 -3.33986254e-02 -2.08204872e+00
  9.65654148e-01  3.90204017e-02  4.91634631e-01 -1.64893521e+00
 -7.73827009e-01  4.53187422e-01 -5.99160160e-01  9.23358225e-02
 -2.40045661e-01 -5.81394832e-01  6.81810277e-01  9.65946594e-01
 -1.82230675e+00  3.60203833e-01 -7.75599113e-02 -1.02592110e+00
 -1.44050505e+00 -2.90525620e-01 -7.00365187e-01  4.78939251e-01
  9.03169948e-01  2.46903288e+00  4.53288826e-01  7.72176896e-01
 -1.88688172e+00 -6.31610380e-01 -9.52859253e-01  4.53210126e-01
  2.68204926e-01 -1.54670076e+00 -7.91913962e-01 -1.90069548e+00
 -2.63059495e+00  1.35751648e+00  3.56575162e-01 -1.13902075e+00
  5.17068871e-02 -8.67676075e-01 -4.23080578e-01 -5.14316055e-01
  1.35345579e+00  6.57907072e-01 -1.31747199e+00 -3.96810414e-01
 -1.07372552e+00 -2.06687408e-01  1.40877063e+00 -1.26447236e+00
  4.07009904e-01  5.39259829e-01  1.29094376e+00 -3.74437957e-01
  2.42758917e-01  1.88381935e-01  6.21606996e-01  1.69042183e+00
  3.88602053e-01  1.58199691e-01 -1.63899090e+00  9.90224933e-01
 -1.48639457e+00  6.70054547e-01 -3.37431863e-01  2.17442526e-01
  2.69008354e-01 -2.52786266e-01 -1.47104235e-01 -1.25932817e+00
 -1.06860267e+00 -9.77705379e-01 -5.28273695e-01 -2.77109894e-01
  2.08626701e+00  4.05026155e-01  1.67965481e+00 -1.87123531e-01
  1.07289433e+00 -1.03205678e+00 -2.19257600e-01  1.67553356e+00
  4.21088207e-01  3.71618550e-01 -6.57871799e-01  2.41108899e-01
  3.70399751e-02  7.58679868e-01 -2.24540942e+00  1.57549454e+00
 -5.04017665e-02  1.50987361e+00 -1.70028004e+00  2.70210797e-02
  5.32484377e-01  6.07390770e-01  1.48956182e+00 -2.10068773e-01
  7.36853627e-01  9.43406134e-01  1.07511578e+00  7.74894138e-01
  5.50823776e-01  1.53830699e-01 -4.03598470e-03 -2.24945863e-02
  5.66619067e-01 -4.38166263e-01  3.75424786e-01  8.82394737e-01
 -1.34123845e+00 -4.93094116e-01  8.61760812e-02 -8.03627264e-02
  1.54208212e+00 -4.28550177e-01  6.74968331e-01  2.19157036e+00
 -1.15423350e+00 -1.07731665e+00 -6.49294215e-01  8.17969499e-01
  3.20631723e-01  1.03686603e+00  5.52357949e-02 -1.56341766e+00
  4.28974068e-01  7.24409698e-01  1.83800029e+00 -3.85328979e-01
  3.01395603e-01  2.33583756e+00  1.08185026e+00  1.17638909e+00
  8.51255837e-01  1.13490232e+00  5.66637635e-01 -5.06230902e-01
 -9.53299463e-01 -1.20015762e-01 -7.20292978e-01 -1.41558315e+00
  1.12279269e-01  1.51846782e+00  1.02917674e-01 -6.88950446e-01
 -5.86860962e-01 -4.61977713e-01 -4.21960063e-01  1.78987331e+00
 -1.19463207e+00  7.78399560e-01  2.16505304e-01  1.21823323e+00
  6.19843165e-01 -7.64681980e-01 -1.89356851e+00 -3.56219050e-01
 -5.01123382e-01 -9.64371225e-01 -5.55990899e-01 -4.40429707e-02
 -1.29313476e+00 -5.36846541e-01  3.72319368e-01  5.35170390e-01
 -1.01942768e+00  7.37683194e-01 -7.65551473e-01 -2.49742891e-01
 -2.10725212e-01 -6.12677562e-02 -7.18586932e-01 -2.09909305e+00
 -8.78116562e-02  3.00703921e-02  1.63901987e+00 -9.79849590e-01
  3.70645964e-01  2.09999051e-01  3.30706294e-01 -5.15756824e-01
  2.94554362e-01 -1.42542453e+00 -2.34428091e-01 -6.72866213e-01
  7.80772389e-01  1.63343201e+00 -5.00110117e-01  5.53739891e-01
  1.81978234e+00  9.02918589e-01  4.07856213e-01 -2.83754031e-01
 -1.68963099e+00  1.49459903e+00  2.79845614e-04  5.95874385e-01
 -3.66825626e-01 -4.70430975e-01  4.79164408e-02 -4.51880368e-01
  1.05595668e+00  1.83879013e+00 -3.91181709e-02  1.81637197e+00
  1.34530045e+00  1.39760082e+00  1.64341498e+00  1.68922483e+00
 -1.69364377e+00 -1.54604751e+00 -2.89718740e-01 -3.01681944e-01
 -2.48544701e-01 -3.13810884e-01 -2.16353145e-01  1.48865163e-01
 -2.47630282e-02  1.86260924e-01  2.96750544e-01  1.40683893e+00
 -2.29069413e+00  7.05271266e-02 -7.42040839e-01  1.34721568e+00
  1.25004384e+00 -1.76202711e+00 -5.69964211e-01 -9.12689216e-01
 -3.96920766e-01 -1.17202296e+00 -1.42903748e+00 -2.50453724e-01
 -4.74057514e-03 -9.71195245e-01 -9.01328723e-01 -8.66921075e-01
  1.06206040e+00 -8.64649070e-01  1.71417288e-01 -1.32836023e+00
 -2.98197574e+00 -3.28775064e-01 -9.63964701e-01 -1.11871754e+00
  3.47673286e-01  1.76661240e+00  1.43588937e+00 -9.56570259e-01
  9.38841724e-02 -1.27060372e+00  1.85372920e+00  5.63723208e-01
 -1.43638950e+00  1.68690750e+00 -6.97773633e-01  1.27740051e-01
 -4.88015668e-01  4.22464775e-01  9.77721599e-01  1.56090438e+00
  1.45503877e-01 -1.24698667e+00  3.18660395e-01 -1.39043067e+00
 -4.95491843e-01  6.98281375e-01 -1.05171448e-02  8.47127078e-01
  5.91713027e-02 -2.98492018e-01  5.93259661e-01  2.08884536e+00
 -6.46481302e-02  7.99677184e-01 -3.43780189e-01  2.50614357e-01
  1.32699028e+00 -5.68354182e-02  2.16526673e+00  1.20650162e-01
 -2.42579243e-01  6.17984686e-01  8.14435504e-02  3.29296397e-01
  3.56890588e-01 -1.16412740e+00 -1.37376518e+00  1.13452371e+00
 -1.18915415e+00  8.99397773e-01 -3.29079538e-01 -1.67760945e+00
  8.38859116e-01  1.71921908e-01 -1.11852109e+00 -5.93408548e-01
  1.80317985e+00 -2.83417543e-01 -2.44357584e-01  2.73642304e+00
  8.52241942e-01  1.86108468e+00 -1.07950254e+00 -6.33684647e-01
  1.28449673e+00  1.63018038e-01  3.15769213e-01  3.55531633e-01
  8.97953477e-03 -1.27721489e+00  8.77573742e-01  1.03997345e+00
 -7.17719427e-01  6.94433977e-01 -8.43715422e-01 -2.81730401e-01
 -1.42612969e+00  5.74054208e-01  6.08629413e-01 -1.84941538e-01
 -1.69749168e+00  1.02903577e+00 -2.66623968e-01 -1.64328313e+00
 -2.06055348e+00  6.66797460e-01  1.54091530e+00  4.24947756e-01
  2.30753208e-01 -9.68264124e-01 -3.27906330e-01 -9.23254182e-01
  5.69515668e-01 -1.18531282e+00 -1.00743067e-03  6.98718259e-01
  2.73574874e+00  6.96909678e-01  1.46143312e+00 -3.56758915e-01
  1.74980417e+00 -2.06424681e-01 -9.61040641e-01  8.66762405e-01
 -6.04447754e-01 -9.27386454e-02 -5.19262790e-01  1.48192947e+00
  9.01112447e-01 -5.66647582e-01 -3.84762002e-01  1.36182390e-01
 -2.68926698e-01 -1.26941644e-01 -7.40846221e-01  2.72139067e+00
  9.28547956e-01 -2.57111345e-01 -5.32228893e-01  7.87124884e-01