-1.04047617e+00  1.34968732e+00  9.31604414e-01  6.20346669e-01
 -9.70854475e-01 -9.42099480e-01 -2.02728979e-01  3.27031150e-01
 -9.23845894e-01 -6.59791000e-01  3.10281875e+00  1.37135903e+00
  1.06066480e+00  1.76197046e+00 -3.03492667e-01 -5.92874112e-01
  1.37256572e-02 -3.86728913e-01  2.49131786e-01 -4.49571983e-01
 -1.33940711e-01 -4.59931831e-02  6.12475039e-01 -1.36312824e+00
  6.84299548e-01 -1.96919663e-01  1.88685534e-01  1.64099759e+00
 -2.91739521e-01  1.19170388e+00  6.50979490e-02  7.70368045e-01
 -9.95100643e-01  7.02387507e-01  8.83614864e-01 -6.47178424e-01
 -4.22902721e-01 -7.71197088e-01 -5.82247602e-01 -4.48617820e-01
 -7.88050120e-01 -1.08386967e+00 -6.64548121e-01  1.76186239e+00
  8.63089383e-01 -6.18050088e-01 -1.29451835e+00 -2.94324012e-01
  1.07919192e+00 -1.07981406e+00  1.49256206e+00  6.58717284e-01
 -1.82979528e+00  7.18277804e-01 -1.39043952e+00  6.27002290e-02
  7.95267997e-01  1.30764133e+00 -9.84953920e-02 -4.16335900e-01
 -5.64975634e-01 -3.51270916e-01  7.63680775e-01  3.26668553e-01
  1.29744771e+00  4.14940058e-01  1.03266595e+00  1.14015802e+00
  7.67441105e-01  8.67081046e-01 -6.13669102e-01  1.08135738e+00
 -6.26728674e-01  1.45155904e-01 -8.48567243e-02  2.35284821e+00
  7.47793042e-01 -9.98661625e-01  1.64411331e+00  9.96697773e-02
 -3.84495522e-01 -9.96295759e-01 -1.11530974e-01 -5.45026653e-01
  1.08851809e+00  2.38387865e-01 -4.55513913e-01  1.42665719e+00
 -3.38083804e-01 -2.44161666e+00  5.60548264e-01  7.56393767e-01
 -1.21959187e-01 -4.52514257e-01 -8.95037077e-02  3.44285330e-01
 -1.58023868e+00  3.22039455e-01  1.51493542e+00 -1.37857140e-01
  4.93169263e-02  7.26831159e-02 -4.31769373e-01 -1.95640784e+00
  1.08979561e+00 -1.08958480e+00  8.59764809e-01  5.86071468e-02
  2.39001350e-02  1.51994980e+00 -6.84356031e-01 -1.34469694e+00
  8.10458889e-01 -9.42178668e-01 -2.03440635e+00 -9.45178150e-01
  5.96773312e-01 -2.50123258e-01 -7.92403136e-01  1.10854714e+00
  2.86587546e-01  6.43337818e-01  3.11006138e+00  1.27640421e+00
 -1.32048027e+00  2.76508662e-01 -5.59404543e-01 -8.11054094e-01
  1.56946844e-01  2.21882033e-01  9.51337288e-01  1.06179964e-01
 -1.12724627e-01  8.74329070e-01 -3.80405227e-01 -7.18676252e-01
 -1.40131864e+00 -5.74572798e-01 -2.77816083e+00 -6.04621063e-01
 -7.04333955e-02  2.72351544e-01 -4.64506597e-01 -9.83667058e-01
  2.84456258e-01  6.67203081e-02 -6.25647630e-01 -7.70995116e-01
  8.38646605e-03  1.05091051e+00  7.55698287e-01  1.12598304e+00
  8.86880684e-01 -1.30174760e+00  5.93578662e-01  1.11743271e-01
  7.59065618e-01  2.09808024e+00  4.90517372e-01  1.41877562e+00
 -9.95956875e-01 -3.43648652e-01  3.21630843e-02 -2.35738625e-01
  3.84734058e-01  7.09728256e-01  4.59840220e-01 -1.12239090e+00
 -1.26126952e-01  1.33884678e+00 -2.68930091e-01  1.62398606e+00
 -5.88276585e-01  1.62754752e+00 -1.73355378e-01  1.61552622e+00
 -1.53647203e+00  1.26652216e+00  8.37507680e-01  2.15743487e+00
  2.37312363e-01 -3.60302966e-01 -7.03671383e-01  1.39372763e+00
 -1.55503305e-02  3.07480561e-01  3.87039519e-01 -4.15485124e-01
 -5.72532616e-01  1.63699029e+00  8.46067523e-01 -1.06827897e+00
  9.78335539e-01 -1.94098144e+00 -7.28781026e-02 -3.55692664e-01
  8.75556456e-01 -5.50699676e-01 -1.34918494e-01 -1.90647754e-02
 -9.59476299e-01 -1.90042571e+00 -6.50508800e-01  1.17227221e-01
 -2.18840903e-01 -1.47723222e+00  5.58157051e-01 -1.33576513e+00
  6.33493822e-01 -3.99425793e-01 -5.61364204e-01 -7.85486436e-01
 -1.14056464e+00  1.40992402e-01  9.73511715e-02  1.13072988e-01
  2.86426974e-01  1.25698862e+00 -4.30196826e-01 -5.76577130e-01
  5.09373267e-02  1.76136692e+00 -2.10101023e+00  7.87496010e-01
  4.77144180e-01 -3.66259808e-01  2.37789202e+00 -3.75962466e-01
 -1.09734302e+00  1.21767475e+00 -1.21907166e+00  1.71079243e+00
  1.32860686e+00  5.26095731e-01 -2.78401329e+00  7.43044051e-01
 -6.03113469e-01 -7.78229093e-01  7.00939761e-01  1.49432483e+00
 -1.50256069e-01  1.09006373e+00  5.48607913e-01  1.40690508e-01
  4.99706173e-01  3.95235214e-01 -1.83738721e+00  4.23461181e-01
 -1.21544202e-01 -5.32415737e-01  4.72065830e-01 -2.18695570e+00
  2.44342605e-02  1.67092477e-01 -8.59240334e-01  1.44642214e+00
 -1.73322995e+00 -9.63101188e-02  4.61252844e-01  1.20929291e-01
 -4.88314358e-01  8.44947983e-02  1.26490342e+00  1.15005078e+00
  6.76815749e-01 -6.88034165e-01  4.88922508e-01  1.10707698e+00
 -2.30468775e-01  6.68589286e-01  7.88442877e-02 -5.32519229e-01
 -1.68969169e+00 -1.94225152e+00 -7.80465163e-01  8.04322270e-01
 -1.14249836e+00 -1.30023545e+00 -5.84737788e-01  6.79500109e-01
  5.73590183e-01 -4.74878714e-01 -1.45021290e+00 -9.29610095e-01
  1.55209690e-01  4.95940021e-01 -7.25037879e-01  3.63629126e-01
  2.46992006e-01 -1.48128231e+00  9.73936791e-01  6.59699536e-01
 -8.85293479e-01  2.11344973e-01 -2.73405293e-01  5.57031984e-02
 -4.90241619e-01 -1.07274700e+00 -4.81029304e-01  1.25488999e+00
 -2.30944469e+00  7.41876679e-01  4.59455314e-01  1.73015087e-01
  1.84195354e+00  1.63321928e-02 -7.07629328e-01 -1.28738425e+00
  1.81313338e-01 -3.35326710e-01 -1.06747557e+00 -1.12325457e+00
 -1.23732034e-02 -1.50841323e+00  2.73230268e-01 -3.92213601e-02
  2.20831529e-01 -1.20922778e+00 -2.09312216e-01 -1.63173840e+00
 -1.73249257e+00 -1.78159864e+00  2.09903296e+00  1.20353128e-01
  4.99246089e-01  1.33804180e+00  5.92363125e-01  9.18728503e-01
 -7.90797262e-01  1.92454388e+00  4.93930868e-01 -1.11988598e+00
 -8.24550856e-01  2.91326933e-01 -1.19536876e+00 -2.01954220e+00
  8.58621800e-01 -9.33848375e-02 -1.70068917e+00 -1.26727857e+00
 -1.22998837e+00 -1.04481738e+00  1.26093509e+00 -7.85737808e-01
  7.10834661e-01 -9.13683429e-01 -8.16871520e-01 -1.92149281e+00
  9.57164180e-01 -6.53708923e-01  1.12483328e+00 -2.17209895e-01
 -1.36858320e-01  2.06444275e-01  2.13545678e-01 -1.15962184e-01
 -2.62986622e-01  1.17971576e+00  2.92446298e-01 -1.60768845e+00
 -3.97681498e-01  1.06861312e+00 -2.54239051e+00 -8.64911541e-02
 -2.68983603e-01  1.98787386e+00  8.14839682e-02 -1.65792975e+00
  1.17815637e+00 -3.07601207e-01 -1.11832174e+00  1.14458705e-01
  4.30615293e-01 -8.17424118e-01  1.23404978e+00  3.60490705e-02
  5.10855029e-01 -1.64893827e+00 -6.79741607e-01 -1.71968957e-01
  1.11580706e-01  5.08962458e-02  7.16761852e-01 -1.83277333e+00
 -1.01387068e-01  1.82258924e+00  5.91867865e-01  3.43152101e-01
  3.63745252e-01 -1.45328447e+00  1.12950666e-01  1.16262963e+00
 -8.40066939e-01  4.51455191e-01 -4.38907587e-01 -9.85428108e-01
  5.63980865e-02 -7.40368369e-01  8.47797246e-01 -3.05670819e-01
  5.46271620e-01  1.80431936e+00 -1.82709342e+00  1.47098336e+00
 -1.52271322e+00 -1.14606782e+00 -9.00781243e-01  1.26095552e+00
  5.90185761e-01  4.66554701e-01 -1.78509903e+00 -1.53315434e+00
  6.20128131e-01 -1.60026141e+00  1.19154350e+00  1.11909508e+00
  3.59668228e-02  8.52159626e-02  7.94858451e-01 -3.88558582e-01
 -9.87162591e-01 -1.52663926e+00 -1.40988787e+00 -2.94183758e-01
  2.61582553e-01  4.57420166e-01  1.67610177e+00 -3.20330127e-01
  9.70505353e-01  2.55649868e-01  2.74029955e-01  4.73061639e-01
 -2.03359294e+00  1.99800415e-01 -1.01132134e+00 -1.28870474e+00
 -9.82815434e-01  4.48099826e-01 -1.09734379e-01 -5.13275260e-01
 -7.05304930e-01  8.20848853e-01  4.60787139e-01  3.73384542e-01
 -3.02241818e-01 -7.11838827e-01 -5.94408404e-01  1.87771683e-01
  6.96224518e-01 -1.90653873e+00 -2.95349502e-02  5.98059030e-01
  1.46743075e-01  1.12524659e+00  1.43046130e-01  1.12768336e+00
  3.30464213e-02 -4.97817690e-02 -2.10579262e+00  6.74464403e-01
  5.29356447e-01 -8.80853991e-01 -1.54085575e-01 -6.43422456e-02
 -6.91282674e-01 -1.21207348e+00 -2.86336972e-01  1.14913098e-02
 -1.40385762e-01  1.93252725e+00  7.63077372e-01  8.73069175e-02
  1.17602560e+00 -9.50284437e-01  9.25204079e-01 -1.71436021e-01
  7.23900289e-01  1.13320452e-01 -1.03673082e+00 -2.23912776e+00
 -4.39542029e-01  1.51901284e+00 -1.45122275e+00  9.79910755e-02
 -1.16600814e+00 -3.99140445e-01 -1.30164594e+00 -2.99297841e-01
 -3.69665242e-01 -2.08834481e+00  2.71428098e-01 -2.90497808e-01
  6.91754065e-02  4.68690863e-02  1.25330414e+00  1.29111743e+00
  6.63289909e-01  3.09597516e-01  1.21552904e+00 -4.21338379e-01
  8.72072035e-01 -2.16366150e-01 -1.94454453e-01 -7.14732263e-01
  2.50652191e+00  9.07864391e-01  7.63376925e-02 -4.22497967e-01
  7.19368986e-01  5.90825171e-01 -1.18417878e+00 -5.92260496e-01
  1.80280418e-01 -6.53592094e-01  5.33807211e-01 -1.94088650e-01
 -1.15941235e+00  1.01940734e+00 -1.00436062e+00 -7.81556182e-02
 -1.67583084e-01  5.45282677e-03 -1.57053414e+00  1.37207526e+00
 -1.12840975e-01 -9.67901325e-01 -1.03687019e+00 -8.98961171e-02
 -6.81812194e-01  7.30908115e-01  4.34070573e-01 -1.35564724e+00
  3.72458321e-02  1.58668086e-01  1.52867305e+00  2.62246604e+00
  3.74414200e-01  1.13435186e+00 -3.77591994e-01  4.65632245e-01
  2.63814073e-01 -2.52925129e-01 -1.96474467e+00 -4.23264701e-01
 -3.29290884e-01 -8.38373624e-01 -4.33565910e-02  4.22787714e-01
  8.56677424e-01  1.13326473e+00 -1.20420636e+00 -1.80537190e+00
 -1.39444420e-01  1.23376004e+00  8.91818257e-01  1.46235984e+00
  6.27247965e-02 -4.64616050e-01 -7.42691228e-01  2.71367577e+00
  1.42950188e+00  9.47604638e-01 -8.81900414e-01  4.47383413e-01
  3.92596591e-01  8.63351271e-01  8.59894138e-01 -6.18608361e-04
 -1.58456240e+00 -1.09848996e+00 -1.34995868e-01 -1.61262541e+00
  3.79477053e-01 -5.75848641e-02 -1.96852564e+00  1.44189694e+00
  1.95161336e-01 -2.73791180e-01  2.69637665e-01  3.85914454e-01
  1.32714373e-01  2.43337423e-01 -3.16339727e-01  4.84086915e-01
  1.58806152e-01  6.41323552e-02 -4.77153710e-01  8.12183176e-01
 -2.49509360e-01 -6.92302161e-01 -1.21697847e+00 -9.07666842e-01
  1.60021707e+00 -1.64829630e+00  3.32606395e-01  1.52597217e-01
 -1.20359212e+00  8.91563718e-01 -1.37838958e+00  3.03086602e-01
  7.59914013e-01  3.22158256e-01  1.53260498e-01 -1.70788284e-01
  4.05638075e-02 -2.30500106e+00 -4.58582299e-02 -3.74341484e-01
  9.66196105e-01 -3.00214070e-01 -4.79988634e-01  1.40448289e+00
  3.92423598e-01  1.17922926e+00 -2.14009213e-01  1.27127533e+00
  3.59524381e-01 -7.50567471e-01 -1.03534901e-02  6.70033954e-01
 -1.28893327e+00  1.32469787e-01  1.56134572e+00 -4.47716090e-01
 -4.51672972e-01 -6.05818711e-01  1.89850981e+00 -6.56062954e-01
 -1.54898304e+00 -5.27626508e-01  1.41689166e+00 -1.13674925e+00
 -1.32388040e+00 -1.84335976e+00  1.37673338e+00 -1.56272143e+00
  6.55191327e-01 -4.89545523e-01 -1.98446298e+00  1.52341771e+00
 -6.68172109e-01  6.12395428e-01  6.19559568e-01  1.25456983e+00
  2.06684521e+00  4.01523098e-01 -9.45645938e-01 -7.18679934e-01
 -1.70855335e+00 -7.91880049e-01  2.46694995e+00 -2.25849519e+00
  9.87193952e-01  8.11766603e-01 -1.38842770e+00 -2.58853021e-02
 -1.64225954e+00 -1.42621619e+00  4.29102681e-01 -6.17688610e-01
  1.88446973e+00  1.45842651e+00 -6.03153608e-01  1.71708536e-01
  9.96649286e-01  7.30043719e-01 -3.38539047e-01 -9.14082362e-01
  3.27031990e-01  6.87692623e-01  1.25693902e+00  4.28028588e-01
 -1.71369613e+00  1.46856114e+00 -2.07724682e+00 -9.45463944e-01
  6.28775678e-01  6.33908148e-01  2.96374601e-01  3.85763528e-01
 -1.30816545e-01  5.34998789e-01  8.77259460e-01  7.70153663e-01
  1.39070235e+00 -3.30847260e-01  1.25253048e-01  1.14543369e-01
 -1.22854380e+00 -2.39023289e-02  2.11378110e+00 -1.56479014e+00
  5.55823296e-02 -9.51768039e-01  5.29170218e-01  9.49580938e-01
  6.14652677e-01  2.79362244e-03 -1.67054570e+00 -1.67250948e+00
 -6.54272332e-01  4.20041978e-01 -6.00758751e-01  6.92325682e-01
  3.41511494e-01 -1.92322849e-01 -4.86962304e-01  5.81457140e-01
 -9.62784503e-01 -6.00768744e-01  5.78889052e-01 -3.30502563e-01
 -1.04322922e+00  1.52134036e-01 -8.20201463e-01 -6.55888419e-01
  7.24927780e-01 -6.49002789e-01 -9.50573407e-01  3.12288946e-01
 -1.30382849e+00 -1.66890104e+00  5.79620000e-01 -1.97537826e-01
  6.27418954e-01 -3.81772391e-02  8.24156553e-01  6.17200850e-01
  6.94568298e-01 -4.00516978e-01 -1.37593874e-01  1.48640858e+00
  1.92805559e-01  9.02209773e-01  3.56130797e-01 -2.37117060e-01
  4.81728321e-01  8.48665752e-01  8.14303396e-02  6.17307507e-02
  1.05278601e+00  6.20209738e-01 -1.80914207e+00  9.50993453e-01
  1.48830828e+00 -1.43157258e+00  5.65468473e-01  4.86678607e-01
 -1.67429040e+00  3.44810062e-01  3.27086461e-01  1.81901662e-01
  8.03567216e-01  1.63691283e-01 -4.27939646e-01 -8.73416729e-01
 -4.51071495e-01 -1.84995232e+00  5.72178023e-01 -1.05938787e+00
 -1.22358245e+00  1.10393102e+00 -2.37996713e-01 -5.05878686e-01
  7.36358475e-01 -6.66356441e-01 -9.87718967e-01 -3.86038353e-01
  4.46753880e-01  1.03676391e+00  1.00046646e+00 -1.49026218e+00
  7.19429390e-01  1.20058543e+00  1.89710593e-01  6.12387355e-01
 -1.43027296e-01 -1.65463516e-01  5.76714914e-01 -2.33919807e+00
  1.87990689e+00  9.99706790e-01  4.18007179e-01 -3.94508891e-01
  5.97906759e-01 -7.38790124e-01  3.90209168e-01 -2.67084535e-01
  7.17885686e-01 -4.84937273e-01  4.39933496e-03 -1.83646453e+00
 -1.10156837e+00  2.57099010e-01  3.90383953e-01 -3.24375820e-01
  4.37428510e-01  1.89220110e-01  4.48905388e-01 -9.18842117e-01
 -4.41561243e-01  6.69897065e-01 -1.02964954e+00 -1.51445220e+00
  7.10836403e-01 -8.68591987e-01 -2.44613831e-01  1.47635278e+00
  1.51888584e+00  2.47972367e-01 -1.84850163e-01  8.13234437e-01
  2.74409577e-01  1.35200006e-01 -1.32105297e+00  4.96138428e-01
  1.57500174e+00 -2.81815588e-01  9.14538847e-02  1.65398131e+00
  5.31098562e-01 -9.83204237e-01 -3.08245908e-01 -6.91688357e-01
 -1.34331061e+00 -5.90616535e-01 -6.07628421e-01  1.23250623e+00
 -1.48673827e-01  5.79237064e-01 -1.01050998e+00 -9.37230112e-01
 -2.61659705e-01  2.18282847e-01 -6.75333105e-02 -5.82240899e-01
  1.07376031e-01  2.44327012e+00  6.22793829e-01  1.60114547e-01
  4.41160317e-01  5.55800406e-01  1.93418987e+00 -6.63616166e-01
 -1.21820779e-01 -1.82444604e+00  6.03793526e-01 -3.58829935e-01
 -1.67034298e+00 -6.14266805e-01 -2.04654097e+00  4.96050994e-03
 -1.56151295e+00  1.04577446e+00 -1.73119061e+00  4.13841150e-01
  2.94364670e-01 -1.76405914e+00 -2.28279602e-01 -2.03368773e-01
 -1.28673287e+00  2.04633881e-01 -7.05961589e-01 -4.22272846e-02
  9.84746235e-01  2.54330113e-01 -5.52882684e-01  2.12140368e+00
 -1.50622832e+00  1.03026080e+00  7.47584801e-01  2.05888749e-01
  3.09756452e-01 -1.69553318e+00 -5.66145688e-01 -1.39420289e+00
 -7.69991547e-02 -1.22424053e+00  3.69802147e-01 -3.90681015e-01
 -9.86661629e-02 -1.45943064e+00  1.01803425e+00 -4.78663454e-01
  7.61448600e-01 -9.34908499e-01  5.83919327e-02  1.73771950e+00
  2.34851706e-01  3.45721775e-02  1.29433625e+00  4.25563760e-01
  7.75397414e-01 -1.57657761e-01 -1.28093489e+00 -9.62311391e-01
 -1.57492066e-01  2.19644485e-01  1.04984370e+00  3.81963758e-01
 -1.13031303e+00 -8.99161947e-01 -7.05860129e-01  8.59918138e-01
  1.52786765e+00  5.03335244e-01  1.36261442e+00  7.51471683e-01
  1.49643456e+00  3.19448742e-01  7.82612222e-01  1.69043547e+00
  5.95160253e-01 -1.98229674e+00  4.75506234e-01  8.56840049e-01
 -3.71940875e-01 -2.75945611e+00 -1.30735582e-01  2.84271921e-02
  4.83006973e-01 -4.20053486e-01  1.00156468e+00 -5.77564769e-01
 -2.88519228e-01  4.83098615e-01  3.78193259e-01  2.08882875e-01
 -8.84715679e-02 -1.78795638e-01  5.35255684e-01  4.04991752e-01
 -1.52764461e+00 -1.96503341e+00 -1.31028624e-01 -1.42306096e+00
  1.20953297e+00  6.15808996e-01 -5.13966169e-01 -9.67364687e-01
  2.48004335e-01  1.68359051e+00  2.43297041e+00 -5.73442609e-01
  1.05719676e+00 -9.17981990e-01  9.59581973e-01 -1.39985324e+00
  1.06170030e+00  1.78003311e+00  1.98446039e+00  3.99728798e-01
 -1.01940459e+00  1.29468581e+00  7.17060332e-01  1.03583407e+00
  1.30955537e+00  1.30997727e+00 -1.55549111e-01 -2.92308448e-01
 -2.86611089e+00 -7.44312538e-01 -9.73334443e-01  1.28279148e+00
  6.03788600e-01 -1.60192033e+00 -2.18598773e-02 -1.09649660e+00
 -9.08076376e-01  1.17880582e+00  1.21878748e+00  4.56292672e-01
  7.19634948e-02  1.44143825e+00  1.79895108e+00 -6.27164849e-01
 -4.00145934e-01 -8.28528879e-01 -2.51307657e-02  7.79208567e-01
  4.33041566e-01 -3.95285600e-01  2.01374871e-01 -1.23357225e-01
  1.31222818e+00 -1.20639349e+00 -1.02100383e+00 -6.83945900e-01
 -1.19546396e+00 -1.61186111e-01 -1.39144191e+00 -6.59018469e-01
 -5.82689363e-01  5.11996276e-01  2.84936735e-02  5.46246222e-01
  7.29224620e-01 -8.10070042e-01 -8.10895732e-01  1.28006626e+00