 2.39840231e-01 -1.01780796e+00 -4.94828100e-01  9.58863556e-01
  6.55413297e-01  5.08357015e-01 -1.88482131e-01  9.31355624e-01
 -3.11842522e-01 -1.34424854e+00 -2.12674939e+00  4.94174882e-01
 -1.23376241e+00 -1.57390918e+00 -2.41037655e+00 -1.29697766e-01
 -4.42500172e-01  1.46563682e+00 -9.42469380e-02 -3.11857195e-01
  6.35135797e-01 -5.18908817e-01 -3.22338675e-01 -1.23189541e+00
  1.87129793e-01  5.20374685e-01 -5.20245882e-02  3.25740479e-01
  3.50451024e-01 -6.34825575e-01 -1.90943095e+00 -1.52306889e+00
 -4.67340734e-01  5.12899654e-01 -1.02540967e+00  1.30051967e-01
 -1.27854390e+00 -6.21288404e-01 -6.25163241e-01 -1.57090389e+00
 -1.56056075e-02  8.96941430e-01 -2.03119396e-01 -7.49409218e-01
 -1.80389783e-01  2.18539346e+00 -1.70093759e+00  1.86111895e+00
  5.38640978e-01 -7.25047657e-01 -1.28379566e+00 -8.36176185e-01
  7.53187051e-01  7.72048221e-01 -1.96011786e+00 -1.29792029e+00
 -1.46405388e+00  8.47838038e-01 -1.31603064e-01  9.55369191e-02
 -1.45157859e+00 -9.89579923e-01 -3.31566065e-01 -1.82696682e+00
  2.50087896e-01 -9.96758919e-02 -4.01308123e-01 -4.67255583e-01
  2.75855063e-01  2.01274452e+00 -8.71192443e-01 -1.38503774e+00
 -3.18811847e-02 -7.98485205e-01 -1.26185125e-01  2.78386995e-01
 -2.04873960e+00  5.99064409e-01 -1.21053066e+00 -1.29814641e+00
  1.07422002e+00 -1.38988314e+00 -1.41995090e+00  7.95199871e-01
 -4.71686750e-01 -5.33477762e-01 -7.72354505e-01  4.37536558e-01
 -7.28080364e-01 -2.41346836e+00 -8.04004684e-01 -8.37900222e-01
 -1.09036208e+00  4.05329787e-01 -2.03315493e-01 -1.10514421e+00
  2.01060809e-02 -3.13022639e-01 -7.82290424e-01 -4.31004629e-01
 -1.26002273e-01  5.85712232e-01  1.90836585e+00 -2.73480003e-01
  3.46728717e-01 -1.90245852e-01 -3.99605380e-01  3.67703780e-01
 -2.21002281e+00 -1.52969729e+00 -8.28060604e-01  5.55168182e-01
  1.33126456e-01  1.13449490e+00  4.34465848e-02 -1.89998748e+00
 -3.16224954e-01  8.03572084e-01 -7.96850983e-01  4.08816158e-01
 -1.99974602e+00 -3.87537208e-01 -9.79407968e-01 -5.72905995e-01
  2.77351503e-01 -3.26654565e-01  2.30022506e-01 -7.38933531e-01
 -2.80409672e-01 -6.87394032e-01 -3.52903436e-01  4.42596161e-01
 -6.56038744e-01 -8.26613805e-01 -1.25815272e+00 -7.48027391e-01
 -4.99604615e-02 -1.66585522e-01  8.18529389e-01  2.10604970e+00
  4.67286150e-01  3.56762421e-01  1.87074335e+00  7.01265126e-01
 -1.04540209e+00 -2.85644884e-01 -5.43781129e-02  1.23862903e+00
 -1.22575955e+00  1.43187813e+00  1.46878124e+00 -1.18627145e+00
 -3.93373575e-01 -1.09189508e+00 -8.73984863e-01 -8.71172572e-02
 -5.47892275e-01  5.64242551e-01  4.71206416e-02  1.33680689e+00
 -2.54424807e+00  6.23145203e-01 -2.12239186e+00 -9.19098203e-01
 -3.27607845e-01  2.48998393e-03  3.82337200e-02 -1.08556135e+00
  4.11935790e-06 -1.03272262e-01 -1.47392722e+00  3.88122367e-01
  1.24176097e+00  7.52663728e-02  1.04821118e+00  5.49945995e-01
  1.13235050e-01 -1.64786278e-01 -9.87784048e-02 -1.24485360e+00
 -6.46238402e-01 -1.41773888e+00 -1.51447292e+00  1.44373219e-01
  1.11618013e-01 -6.78689849e-01 -1.36479583e+00 -1.84494771e-01
 -7.43444079e-01  9.40508925e-01 -6.10564509e-01 -1.31089310e-01
 -1.28483832e-01  3.58369906e-01 -4.65801207e-01 -1.84143055e+00
  1.88203108e+00 -2.61210224e+00  1.19569143e+00  4.69963612e-01
  6.59080084e-01  8.44086186e-01 -8.87058017e-01  2.59210111e+00
 -1.03783303e+00  1.49663119e-01 -5.82579790e-01 -2.43403740e-01
  7.45742321e-01  1.25468815e+00  1.17705324e-01 -9.87160616e-02
  1.30721820e+00  8.07892871e-01  1.04454486e+00 -1.97442664e+00
  3.57848399e-01 -1.58488011e-01  1.23771708e+00 -1.48963914e-01
  9.83954507e-01 -2.09841484e-01 -1.34325902e+00  8.89059577e-01
  9.25808489e-02  7.27367269e-01 -2.47198228e-01 -4.77902157e-01
  3.33485289e-01  8.40157266e-01  3.90129798e-02 -7.10358419e-01
  1.08425002e+00  4.26189235e-01  1.61850955e+00  4.98924121e-01
  3.29589125e-01 -2.13141846e+00  4.03150966e-01  4.21357698e-01
  5.08642754e-01 -9.29885431e-01 -5.71823428e-02  1.62712433e+00
  2.24815358e-02  1.00824054e+00 -4.07869663e-01  7.42365273e-01
  1.21964720e+00  1.05542593e+00 -5.90235499e-01 -2.75696334e-01
 -1.46095108e+00 -1.48295636e+00 -2.49319942e+00 -8.82197622e-01
 -4.62580976e-02 -7.68037929e-02  9.62024346e-01 -1.13416288e+00
 -8.06228245e-01  8.60729962e-01  1.68881832e+00 -2.85097513e-01
  2.54173802e-02  9.30662478e-01 -9.32395078e-01 -7.42630327e-01
 -1.67180579e+00  8.96387281e-02 -7.47300615e-01 -2.73381229e-01
  2.05972797e-01 -2.94785531e+00  1.60476563e+00  1.89550521e-01
 -5.50665015e-02 -1.13713176e+00 -5.55668407e-03 -1.29140617e+00
  1.29615520e+00  8.47054933e-01  5.44514353e-02 -1.24173267e+00
 -1.53419610e+00 -1.18917354e-01  8.43097300e-01 -5.30813984e-01
 -4.28625308e-01 -2.40094345e+00 -6.69084776e-01 -1.15877079e+00
  3.95884602e-01 -7.44917839e-01  3.67406938e-01  7.80340525e-01
  4.10606274e-01  4.49258423e-01 -1.16957678e+00  2.37582265e+00
 -5.18988826e-01 -3.48815127e-01 -8.26313081e-01 -1.09182590e+00
 -5.67549845e-01 -1.83557322e-02  2.77327122e+00 -9.67798584e-02
  1.51768256e+00 -8.01521107e-01  1.18450850e+00  1.42831512e+00
  1.37585304e+00 -4.21219683e-01  7.28903404e-01 -2.53585055e+00
  4.94337932e-01 -1.22480860e+00  2.51890787e-01 -3.08468893e-01
  2.36251201e+00 -2.09128198e-01 -2.01917378e-01 -9.81238796e-01
 -1.34612028e-01  3.03115327e-01 -1.03499530e+00  5.64297867e-01
  9.72447078e-01 -5.64104498e-01 -1.53820397e-01 -1.67130851e+00
  4.86835433e-01 -7.02403032e-01  1.34256699e-01  4.19615971e-01
  1.93637377e-01  6.45767329e-01  9.25872188e-01  6.30975776e-02
  1.27152181e+00 -4.13693067e-01  6.80022540e-01  4.55769234e-01
 -6.79552956e-01 -5.71387620e-02 -1.03565486e+00 -8.26133198e-01
  1.14753591e+00  4.58614914e-02 -3.13470879e-01 -1.61994195e+00
 -5.79463048e-01 -3.85631475e-01 -1.09712324e+00 -1.77253762e+00
  1.67145965e+00  2.02639498e+00  7.30922643e-01  3.27748773e-01
  3.49518350e-01  8.39294040e-01 -1.84648243e+00  1.21021146e+00
  2.96428997e-01  3.01947847e-01  1.28533637e+00  4.25749260e-01
 -1.01407444e+00 -6.19783432e-01  3.00830187e-01 -1.74212186e+00
  1.08598787e-01  7.03308505e-01 -8.05209895e-01  1.48671076e+00
 -1.15351427e+00  1.11509911e+00  1.79161851e+00 -1.30173215e+00
  7.26641411e-01 -9.13341950e-01  2.43451498e-01 -4.79226899e-01
 -9.12957561e-01  1.24642016e+00 -5.08354487e-01  1.56561321e-01
 -2.23086460e-01 -1.34918564e-01 -1.76125226e-01 -6.92423736e-01
  4.78248348e-01 -3.95670684e-01 -1.54992263e+00  6.99894327e-01
  1.57332427e+00  7.43398566e-01 -1.94344577e+00  2.51482973e-01
 -1.15110162e+00 -1.00761867e+00 -4.63677566e-01 -7.13484210e-01
  3.85080601e-01  4.22067723e-01  7.64501702e-01 -5.97170335e-01
  2.13529473e-01 -3.75568816e-01 -9.90989000e-01  1.71071994e+00
 -1.72377339e+00 -1.75496679e+00  3.14225593e-01 -1.94708751e+00
 -5.33462388e-02  2.65092136e-01  1.07742829e+00 -1.10265085e+00
  2.40226405e-01 -1.75374787e+00 -8.08985860e-01 -2.78193026e-01
 -2.04205356e+00 -2.51854725e+00  2.71326285e+00  1.64637071e+00
 -2.47976306e-01  3.21488920e-01 -1.38248662e+00 -1.35133059e+00
 -3.79362790e-01  2.98948868e+00  1.48477716e+00  1.58664773e-01
  3.53627975e-01  2.01490357e-01 -1.58000341e+00  1.10926050e-01
  9.23845787e-01 -4.54842897e-01  1.64558362e+00  1.59003909e+00
 -1.64111477e+00 -5.63477793e-01 -1.12220125e-02  7.63828052e-01
  5.26790101e-01  1.68616567e+00  1.14165480e-01  2.09343624e+00
 -1.75202053e+00 -6.56346323e-02 -9.18466220e-01  5.73074259e-02
  3.98051411e-01  2.80372536e+00 -5.36733061e-01  3.00062952e-01
 -2.66985468e-01  4.84160625e-01 -2.21885553e-01  3.41063572e-01
 -8.99645419e-01 -1.00098172e+00 -1.05488812e+00 -1.19298667e+00
  2.31237971e-01  8.70399497e-01  3.01615470e-01 -7.72486101e-01
 -2.60946513e+00  1.42478275e-02 -2.83335418e-01  4.19284643e-01
  7.42954282e-01  1.00372010e+00  8.12910589e-01  1.52590796e+00
 -2.06567034e+00  8.12530356e-01 -1.96817057e-02  6.61820965e-01
  3.68156748e-01  2.63214911e+00 -8.84190782e-01  1.71118657e+00
 -1.08910552e+00  5.05498949e-01  2.08294108e+00 -1.95387938e-02
 -3.53221031e-01  9.40767252e-01  2.17026043e+00 -7.00439346e-01
  4.69852117e-01  1.18802746e+00  2.15914707e+00 -1.70737020e-02
 -1.01659856e+00 -6.19209305e-01 -1.50965378e+00  1.64454028e+00
  1.70584645e+00  9.44756886e-01 -1.67131910e+00 -6.56672002e-02
 -1.39205576e+00  2.22898852e-01 -2.64928629e-01 -1.52799821e+00
  1.01516606e+00 -9.39637994e-01 -1.58965701e+00  6.58843622e-01
 -1.19841703e+00 -2.83724115e-01 -3.47560864e-02  5.21216925e-02
 -9.20200097e-01  1.23467823e+00 -5.76281050e-01 -1.50481035e-01
  2.40585394e-01 -1.44533618e+00  3.20960228e-01 -1.36396170e+00
  6.18685327e-02  1.18198775e+00  2.15157378e+00  1.25800031e-01
  3.06967833e-01 -6.60888689e-01  3.13274856e-01  1.85599912e+00
 -8.93506934e-01 -4.35583834e-01 -6.65485165e-02  1.05390107e+00
 -2.16789808e-01 -4.50793240e-01 -8.65723439e-01  5.70106158e-01
 -1.24016664e+00  4.10482838e-01  1.76164151e-01 -5.50012557e-01
  6.25411434e-01  1.00185647e-01  1.30267347e+00 -3.85854441e-01
 -1.29541371e+00  1.09913998e+00 -7.61173969e-01  4.16346305e-01
  5.95160941e-01  1.59580829e+00 -1.56999955e+00 -1.06833154e+00
  1.09546929e+00  9.68866784e-01 -4.70197236e-01  1.10559164e+00
 -1.60278703e+00 -3.83959223e-01 -7.20409699e-01 -1.26060100e+00
  2.56981787e-01  9.42749336e-02 -2.28294453e+00 -4.56688363e-01
 -9.78541257e-02  1.73165190e-01  2.02934659e-01  6.82506619e-01
  1.14434824e+00  8.95117067e-01 -1.85720927e-01 -1.01678893e+00
  6.63558101e-01  1.28008129e+00  8.32995809e-02  1.07753582e+00
  3.57677693e-01  9.25528615e-02  7.89496514e-01 -9.39845066e-01
  1.01113739e+00  3.28884630e-01  5.96453539e-01 -1.60062827e+00
 -1.03581496e+00  1.64432931e+00  1.20940742e+00 -5.89919083e-01
  1.13948661e+00 -2.83294204e-01  4.51064225e-01 -8.11620570e-01
 -2.70845812e-02 -1.74079283e+00  1.12719311e+00  3.22603742e-02
 -1.18796764e+00 -9.51685521e-01 -9.17406355e-01 -6.60809460e-01
  4.98497369e-02  1.37676315e+00  3.21670063e-01 -7.73708080e-01
 -6.24599040e-01 -3.34222863e-01  2.14350866e+00 -4.72575503e-01
 -3.08239793e+00  1.12342438e-01  1.44185345e-01  6.70342919e-01
 -5.31375686e-01 -7.26801194e-02 -2.12868842e+00 -2.35703170e-01
  9.66848937e-01  2.55810479e-01  2.51211250e-02 -8.24003624e-01
  1.54015740e-01  1.65322917e-01  1.39815307e+00  1.10170795e+00
  1.00669717e+00 -2.66893796e-02 -1.29889113e-03 -1.05116485e+00
  5.64172702e-01 -1.14857677e+00 -1.75434703e+00  5.91289927e-02
 -2.77152406e-01  6.70597881e-02  3.91973396e-01 -8.17223812e-01
  2.50028061e-01  2.40321075e-02 -4.50762021e-02  1.12867854e+00
 -3.19346055e-01  1.97598075e-01  1.54493289e+00  8.84248174e-01
  6.70121351e-01 -4.72556642e-01 -9.60983944e-01 -1.22710051e+00
  1.03341015e+00  3.45576007e-01  6.22939420e-01  7.56314852e-01
  5.86008795e-01  2.22401003e+00  1.23133147e-01  1.46464374e+00
 -4.55652565e-01  5.63895322e-02 -8.44578564e-02  6.78136423e-01
  1.70219345e+00  1.36923989e+00  5.35418147e-01  6.83544733e-01
  2.38335298e+00 -1.16550823e-01  1.34065692e+00  1.32854925e-01
 -4.87098888e-01 -3.51392304e-01  2.27852604e-01 -6.75380250e-02
 -1.98132273e+00 -1.40519965e-01  9.23209057e-01  1.91591103e+00
  6.49991426e-01  5.67767583e-01 -3.19491813e-01 -1.23308005e+00
  5.61113354e-01 -4.30676016e-01  2.08096701e+00 -7.64133422e-01
 -9.45099188e-01  4.01383589e-01 -1.34630031e-01 -1.55350086e+00
 -1.11211694e+00 -7.63918411e-01 -1.53644191e-01  7.04229832e-01
  1.67050440e+00  1.88749051e-01 -7.67047912e-01  1.54760631e+00
 -1.64269910e+00  1.72941321e-01  1.22455669e+00  1.68209474e+00
 -8.04232208e-01 -1.03922098e+00  1.07477421e+00  6.98933084e-01
 -2.24078312e+00 -5.40318989e-01 -2.84611160e-02  1.40752451e+00
  1.11465191e+00  9.18984612e-01 -6.00729532e-01 -5.24024722e-01
  1.41420391e+00  6.14098512e-01  9.91400237e-01  4.62735767e-01
  9.57950914e-01 -7.28130647e-01 -1.10807195e+00  6.91165640e-01
 -6.62382302e-01  1.82065830e+00 -1.40193730e+00  1.23896510e+00
  1.64263460e+00 -6.95564886e-01 -2.18815574e-01 -7.25665547e-03
 -2.95055446e-01 -2.41890345e-01 -1.73600138e+00  1.80160892e+00
  9.05474769e-01  1.02385766e+00 -1.26642646e+00 -7.09889715e-01
  3.84276022e-01  3.26664979e-01  6.47274352e-01 -1.04442933e-01
  6.28494716e-01 -1.20463682e-01  3.83129673e-01 -4.77992271e-01
 -4.95963075e-01 -1.77799668e+00  1.20339623e-01 -1.39804135e+00
  4.02586971e-01  4.94353018e-01 -2.78386838e-02  2.03581133e-01
 -7.15985896e-01 -2.20930878e+00 -1.29028466e+00  1.07636559e+00
  5.37759774e-01  6.33440533e-01  1.69702536e+00 -8.81522103e-01
 -4.85125088e-01 -1.02372930e+00  3.13578497e-01  1.32581257e+00
 -4.25066000e-01  9.90506748e-01  8.24278596e-01 -1.04782884e+00
 -1.18251653e+00 -1.61097134e+00  3.00970618e-02 -1.89392950e+00
 -1.02872792e-01  4.72831492e-01 -5.62496478e-01 -5.60595098e-01
 -3.07054727e-01 -3.61942299e-01  1.29305158e+00  4.56973821e-01
 -9.02032333e-01 -8.32574809e-01 -2.56690252e-01  1.57330542e+00
 -4.74896429e-01 -1.15532314e+00  8.09932834e-01 -6.89148345e-02
 -3.97076337e-01 -6.25062315e-01 -1.17337817e+00 -2.65023074e-02
 -7.74788599e-01  2.70404489e-01  3.15738995e-01 -1.03943111e+00
 -5.53009801e-01  5.13682646e-01  6.52999585e-01  8.18781335e-02
  1.91413033e+00  4.56165030e-01 -1.52695485e+00  2.24978839e-01
  1.07733677e-01 -6.51569982e-01  3.00158696e-01 -7.06282128e-01
 -5.12282452e-03 -2.01438097e+00 -1.84288572e+00 -1.44885508e+00
 -2.06471654e+00 -3.66361801e-01 -7.88369320e-01 -9.91309508e-01
 -7.24694338e-01  5.49164052e-01 -2.32593842e-01  7.99221080e-01
 -1.96002928e-01  3.89015368e-02 -4.03219121e-01 -6.62940533e-01
 -1.07799759e+00  1.51767686e+00  9.32362896e-01 -2.59088418e-01
  1.99351306e+00 -1.58622751e-01 -2.73889214e-01  3.37223305e-01
 -1.05831712e+00  1.24094654e+00 -2.29620284e-01 -8.59675662e-01
  1.26406686e+00  4.97108914e-02  2.55707451e+00 -4.16536608e-01
  5.77087224e-01 -8.26102289e-01 -1.31084884e+00  5.45467089e-01
 -1.18768089e-01 -1.01734360e+00  1.84218915e+00 -1.12445761e+00
  1.60620843e+00  1.45250288e+00 -5.88354753e-01 -2.79996241e+00
 -1.04517838e+00  5.51093654e-01  1.50427239e+00 -2.42245154e-01
  3.20972499e-01 -6.16986818e-03 -2.51113961e+00  5.82920011e-01
  6.03361198e-01 -5.65651705e-01 -2.16726391e+00 -6.13460427e-01
 -1.12620956e+00  2.16004019e-01  4.38187021e-02  1.72013035e-02
  2.17888299e-01 -4.91171445e-01 -6.08500089e-02 -8.47030948e-01
 -7.84063198e-01  2.68338504e+00  1.16882585e+00 -1.38728890e-01
 -1.25355618e+00 -2.29691588e-01  8.47965408e-03  3.53043793e-01
  3.99627361e-01 -6.58210460e-01 -2.29662675e-01 -3.35709223e-02
  9.59374009e-01 -9.34942558e-01  5.08261201e-01  3.43714520e-01
 -9.16122546e-01  1.40241725e+00 -4.93107774e-02  9.90813423e-01
 -5.84506924e-01 -1.54872246e+00  4.13640744e-01  5.96903455e-02
  6.15626836e-01 -1.11510134e+00  5.91088608e-01  2.12296419e+00
  2.79828274e-01 -9.43289351e-01  2.27913496e+00  1.80233525e+00
 -4.87218876e-01  1.77407193e-01  2.26723547e-01 -1.00218432e+00
  7.37857155e-01 -3.82931277e-02 -6.58481973e-01 -1.68286472e+00
  2.11442636e-01  4.06682414e-01  4.78789497e-01 -1.29471596e+00
 -9.73542817e-01  3.89251716e-01 -1.87851472e-01 -8.17235151e-01
  3.19176317e-01 -1.61997522e+00  4.07001612e-01  1.06216028e+00
  5.88019870e-01 -6.20891956e-01 -4.74463863e-02 -4.55613777e-01
  1.36447156e+00  2.31293342e+00 -1.09242811e-01  1.36408688e+00
 -1.49362357e+00  1.07335547e-01 -1.06562404e+00 -1.14592940e+00
 -1.90869683e+00 -3.83029847e-01 -1.48038127e-01 -3.08199995e+00
  6.44130706e-01 -1.78875709e+00  6.35946427e-01  1.65008067e-01
 -1.13736304e+00  8.54635469e-01 -1.12325987e+00  4.19046982e-02
  6.01671754e-01 -5.12610547e-01 -2.25799839e+00 -1.33358298e+00
 -3.02699253e-01  1.26488339e+00 -1.48590001e-01 -4.28476189e-01
  5.80039819e-01  1.66918917e+00 -5.77566773e-01 -1.79662783e-02
  3.87565159e-01  4.26330586e-01 -2.58472866e-01 -5.54818056e-02
 -8.02504042e-01  6.73869782e-02  2.90790592e-01 -1.51218323e+00
 -7.61687363e-01 -1.77053119e+00 -2.22527835e-01 -1.37870646e+00
 -1.31366061e+00  2.21195701e-01 -8.43187479e-01  2.46281799e-02
 -1.15924342e+00 -1.13791801e+00  5.34967799e-01 -1.46979053e+00
 -1.59094134e+00  5.72351680e-01  1.64895311e-01 -1.52074894e+00
  2.34363098e+00 -2.46905592e-01 -3.63701030e-01  1.57090304e-01
  6.86709558e-01 -7.48564810e-01  3.07193026e-01 -3.89863791e-01