-2.93443637e-01  1.09325087e+00 -4.58572801e-02  2.90620010e-01
 -2.71198771e-01  5.82606201e-01  2.19870141e-02  6.31623529e-01
 -3.39180230e-01  2.30120300e+00 -2.11160196e+00 -5.67203671e-02
  7.82753388e-02 -1.99412016e+00  7.56719046e-01  3.69255638e-01
 -8.76281208e-01  2.12258451e-01 -1.01803070e+00 -5.41054336e-01
 -1.23688995e+00  7.43967175e-01 -1.85244491e+00 -1.89773330e-01
 -2.24501995e+00 -1.54464557e+00  1.72313698e+00  5.22426908e-01
 -2.34472966e-02  1.11331599e+00 -1.00244756e+00 -1.24885870e-01
  2.42353792e-01  5.23737111e-01 -5.03589644e-01  1.30668002e+00
  2.69225566e-01  8.25462568e-01  2.39287348e+00 -1.32953354e+00
  6.74889879e-02  4.30403647e-01 -8.62619196e-01 -2.30909485e-01
  6.50084499e-04 -4.16199943e-01 -3.42008637e-01 -1.64253928e-01
  2.07043338e-01  1.11381092e+00 -1.25223987e+00 -8.98392611e-01
 -1.67909570e+00 -3.47791685e-01 -1.22470784e+00 -8.76001937e-01
  8.85748902e-01  7.51995913e-01 -1.86735128e-01  2.18409081e+00
 -4.56169500e-02  1.07740642e-01  4.47418817e-02 -9.89278473e-03
 -3.26416140e-02  1.30347954e+00  2.91277425e-01 -1.83656425e+00
 -4.64187609e-01  1.74751872e+00 -8.99715567e-01  7.48402710e-01
  1.22346052e+00 -6.03547710e-01 -7.38417856e-01 -4.29504521e-01
  7.40572897e-01 -1.33677216e+00 -1.35239414e+00 -3.81340648e-01
 -9.89259725e-01  2.02328406e-01 -1.58997667e+00  3.74134764e-01
  1.42137495e-01 -5.11112204e-01  1.00626808e+00  1.40755444e-01
  1.08711691e+00  6.01857590e-01  4.20670910e-01  3.14250231e-01
  5.91856599e-01  9.69269979e-01 -1.65976953e-01  2.57770215e-01
  1.41588963e+00 -2.75096768e-01  1.20765124e+00 -2.74012797e+00
  2.21683799e+00  1.26760670e-01  1.05481238e-01  8.88289365e-01
  1.64900461e+00 -4.44466382e-01  1.98035834e+00  6.00245190e-02
  3.61385237e-01 -1.76258596e-01 -1.30710033e+00  6.65575873e-01
 -6.71268680e-01  9.57828367e-01 -6.91057757e-02  2.88768125e-01
 -6.96248764e-01 -1.12831424e+00  1.22752379e+00 -4.95682454e-01
  5.79824113e-01  8.70347861e-01  1.28229584e+00 -5.77436834e-01
 -6.79285740e-01  6.97443116e-01 -8.62636224e-01  1.08524279e+00
  1.12914542e+00  8.72123916e-01  4.60116892e-01 -2.91192249e-01
 -1.53170858e-01 -1.32636739e-01 -3.15487486e-01 -1.09911529e+00
  8.22796122e-01  2.60798058e+00 -1.20537286e+00 -3.15360448e-02
  1.05396953e-01 -1.93140124e+00 -1.45243221e-01  2.39685393e+00
  1.26260216e-01  1.18783649e+00  6.33872314e-01 -1.78276210e+00
  1.03857432e+00 -1.67205670e+00  1.08202419e+00  9.63896147e-01
  1.19393822e-02 -1.57994189e+00 -1.38158236e+00  6.58077908e-01
  1.14990685e+00 -1.65447850e+00 -5.54013664e-01 -3.29627392e-01
 -1.02146424e+00  4.64972958e-01  4.19910396e-01  8.76431244e-02
  1.21008620e+00  1.16198178e-01  1.25155430e-01  3.28680430e-01
 -4.74988453e-01 -1.68525019e+00  1.40546498e-01 -6.32833315e-01
  9.81303556e-01 -1.02013360e+00 -2.99362698e-01 -1.84867149e-01
  6.55200363e-01 -2.36190614e-01 -8.55415552e-01  2.62235181e-01
  4.15059993e-01 -8.64378334e-02 -1.58569712e+00 -9.13571606e-01
 -6.51532517e-01  4.59637940e-01 -4.21605822e-01 -2.26939455e-01
  4.67052831e-01  7.70765076e-01 -7.06029722e-01  2.42176443e-01
 -4.01034172e-01 -2.50644695e-01  1.71880334e-01  6.60995319e-02
  1.13793102e+00 -2.68350570e-01 -1.36181503e-01  1.41548578e+00
  5.60910245e-01  4.04455461e-01 -1.01843266e+00 -2.13591327e+00
  6.28133670e-01 -4.16489598e-01 -2.15935315e-01  7.19182846e-01
 -4.49489052e-01  1.53360621e+00  7.72266402e-01 -5.50469162e-01
 -8.53421077e-01 -3.02945165e-01  1.29348741e+00 -3.10694872e-02
  9.16039124e-01 -9.42830226e-01 -8.94225032e-02 -3.19957434e-01
 -7.40758691e-01 -6.31839484e-01 -1.67613919e-01  8.45291192e-01
 -1.19812230e+00  1.41823077e-01  1.94415977e+00  1.03623081e-01
  1.14805874e+00 -1.95546949e+00 -1.29661774e+00 -1.15285253e+00
 -6.65384129e-01  2.70471651e+00 -7.79294889e-01  8.91462237e-01
  1.16177760e+00  4.93925184e-01  7.84776029e-01 -9.56397654e-01
 -9.76121657e-01 -1.69200370e+00 -6.17173105e-01 -2.17150787e+00
  1.44949757e+00  1.83668391e-01  6.31893328e-01 -2.72324110e-01
 -1.54990845e+00  1.02568812e+00  7.32602873e-01  3.61163408e-01
  1.00527978e+00 -1.10587169e+00  1.64344078e+00  2.43187429e+00
 -5.18981775e-01 -1.00194780e-01 -1.64536564e+00 -6.66963890e-01
  5.44482144e-01 -8.88778391e-01 -4.48038374e-01 -2.11912976e-01
 -1.11996389e+00 -6.67763860e-01  2.09476513e+00 -1.61115073e+00
 -1.26834215e+00 -6.03492891e-01 -1.66236242e+00 -1.26980422e+00
 -7.56896819e-01 -1.23404784e+00  4.32092087e-01  1.46004512e-01
 -4.73534698e-01 -1.30007831e+00 -1.21555782e+00 -1.74688577e-01
  5.45224492e-01 -7.46120784e-01  1.10433827e+00  1.01366692e+00
 -1.59294168e+00 -8.56374163e-01 -4.68840087e-01 -5.82083121e-01
 -1.42815067e+00  2.41810905e-01  1.24273458e+00  1.76510306e+00
  6.32419742e-01  7.36378827e-01 -2.92055768e+00 -8.52373295e-01
 -1.36282994e+00  1.13121613e-01 -7.35122909e-01  1.16884861e+00
 -5.64548261e-01  8.11803722e-01 -7.14229715e-01  1.79843825e+00
  1.26112801e+00  9.66234957e-01  2.68514374e-01 -5.65552003e-01
  1.80786267e+00  9.55447176e-01 -1.14973829e+00  2.71991846e-02
 -3.39217747e-01  5.96771650e-01  8.44374047e-01 -1.28142002e-01
 -5.73463257e-01  9.18476219e-01  1.18787259e-01 -2.36542956e+00
 -2.33967535e+00  1.03649663e+00  1.40567920e+00  1.26023617e+00
  2.19604196e-01 -1.46648634e+00  3.83361186e-01 -1.29693785e+00
 -9.96390479e-01  1.49311885e+00 -7.74749078e-01  2.36701945e+00
  4.69380833e-01 -1.25554350e+00 -2.13807825e+00  1.14927479e+00
  2.12672865e+00 -7.37261532e-01 -1.79588056e-02  6.74183401e-01
 -1.19535394e+00  3.18762895e-01 -5.52835455e-01  1.43501225e+00
  9.40872390e-01  2.69082955e+00  2.55402318e+00  6.78167391e-01
  5.49430508e-01 -8.36300665e-01 -1.26090603e+00 -1.07682360e+00
 -1.27632141e+00 -7.79836599e-01  7.54850996e-01  8.01042307e-04
 -2.38127928e+00  1.20139518e-01  5.41328094e-01  1.37869352e+00
  2.35718560e+00 -1.69440305e+00  1.43653674e+00 -1.84608511e-02
  3.67457310e-01  8.86743476e-01 -1.52756593e+00  5.42634394e-01
 -8.69432057e-01  1.33735957e-02 -9.07561928e-01  7.24004188e-01
  2.45798103e-01  1.08228236e+00 -2.89564979e-02 -1.18058450e+00
 -2.21762298e+00  3.14330594e-01  8.09432737e-01 -6.24389106e-01
 -3.50797056e-01 -7.48118434e-01  1.85968403e+00  1.12677560e+00
  9.47301861e-01  8.29237016e-01 -3.54758299e-01 -8.37856024e-02
 -1.19772687e-01 -3.86542845e+00  1.45745166e+00 -2.70200567e-01
 -1.58079451e+00  1.33571026e+00  1.99143928e+00 -1.39070751e+00
 -6.72145689e-01  7.06250120e-01 -4.43840339e-01 -4.13306522e-01
 -8.30693649e-01 -1.73455969e+00 -2.93626748e-02 -1.33742735e+00
 -2.03818509e+00 -7.82704430e-01  7.71836134e-02  8.29678081e-02
  6.64424676e-01  7.08546658e-01  1.11302394e+00 -1.72287654e+00
 -4.82166625e-01  8.20405088e-01 -2.89762036e-01 -8.35699791e-01
 -5.64847538e-01 -1.49071703e-01  3.69167678e-01  2.30277100e-01
 -4.74556577e-01  2.86025612e-01 -1.33294206e+00 -2.05801155e+00
  2.04081251e+00  1.47072834e-01  6.17544661e-01 -1.13498312e+00
  1.15032530e-01  2.30578145e-01  2.65215141e-01  1.19230342e+00
  3.03860776e-01 -7.39919897e-01  1.28843436e+00 -1.81263186e-01
 -4.25377647e-01 -5.05364433e-01  1.75078109e-01 -1.03051802e+00
  2.64620562e-01  3.34668213e-01 -1.93886524e-01  1.49680434e+00
  6.91457937e-01 -1.60601899e+00 -1.15913561e-01  1.95256867e-02
 -1.63814623e+00  9.11850979e-01  1.00739371e+00 -6.35084135e-02
  9.18822354e-01 -2.80864120e-01 -9.22060587e-01  7.80467304e-02
 -1.68807586e+00  5.15709562e-01 -7.60166194e-01  6.83132022e-01
 -7.06327611e-01 -6.45015580e-01  1.33273696e+00 -3.02478449e-01
 -2.28017601e+00  1.45919421e+00 -1.17274882e-01  3.88336458e-01
  1.17695647e+00 -4.20488418e-01  1.17352947e+00  1.92500281e+00
 -6.06451036e-01 -6.77871810e-01 -1.96730857e+00 -7.89751647e-01
  5.17123557e-01  2.05822799e-01 -1.09840485e+00 -1.59122342e+00
 -1.16621637e-01  2.72793044e+00 -4.98244808e-01 -2.02228577e+00
 -1.12616194e+00  7.85257814e-01  2.43358897e+00  1.27841232e+00
 -5.32377058e-01 -3.88839878e-02 -2.34906063e-01  2.81686179e-01
 -1.62023576e-01  1.67209586e+00 -2.06169043e-01 -4.63808302e-01
  3.94689468e-01  3.74019176e-02 -6.53195264e-01  6.81180215e-03
 -9.54185804e-01 -4.52509247e-01  6.74858089e-01 -4.89219762e-01
 -9.42179702e-02 -9.35062483e-01  7.35749204e-01 -2.03139520e+00
  4.24457912e-02  6.72664396e-01  2.83339786e-01  3.31381837e-01
  9.29591338e-01 -6.01905660e-01  3.80788845e-01 -2.71573478e-01
 -4.31994046e-01 -7.10642871e-01 -3.02579254e-01 -1.12278108e+00
  5.48305760e-01 -7.51379015e-03  4.21104241e-01 -1.28681367e-01
 -1.61989330e+00  1.22588426e-01  9.67523217e-03  2.89554571e-01
 -1.44724802e+00 -8.84192499e-01 -1.30959220e+00 -3.59217322e-01
 -1.05615738e-01 -1.18068829e+00  6.49843970e-01  4.07684719e-01
  1.90040970e+00 -1.39973043e+00 -8.85727735e-01 -4.85801171e-01
 -1.19165905e+00 -7.85294737e-01  1.28810127e+00 -3.55320785e-01
 -1.44085529e+00  1.82962202e+00  1.59053240e-01 -1.56438749e+00
 -3.27190537e-01 -2.34127367e-01  8.82506243e-01 -2.69171962e+00
 -1.09405446e+00  1.56000453e+00  2.99207561e-01 -5.09395667e-01
  1.09334112e+00  2.13632073e-02 -4.83532307e-01  3.60546196e-02
  1.00970587e+00 -1.24833939e+00  2.78510620e-01 -9.94330905e-01
  1.82482273e-02  4.85491999e-01 -6.68754730e-01  1.10765833e+00
  4.89564191e-01 -1.04530016e+00  1.04541767e+00  1.09308204e+00
 -3.50110299e-01 -1.33633855e-01 -6.28389651e-01 -7.26509333e-02
  3.03473249e-01 -2.42272318e-01 -1.03707767e+00  9.00136659e-01
  3.19680619e+00  7.10412656e-01  1.76911109e-01  4.03140956e-01
 -4.12740090e-01 -1.01392106e+00 -1.71579565e+00  5.04535259e-01
 -5.72518618e-01  3.01434947e-02 -2.98048697e-01  1.47079803e+00
 -9.42804848e-01  1.03306707e-01 -7.70596123e-01  1.71025483e-01
  3.57053081e-01 -1.14851525e+00  1.73084275e-01  5.74686347e-01
  9.86027328e-01  4.91493177e-01 -1.29049327e+00 -6.92945260e-01
 -6.08901265e-01  4.46829621e-01  1.32974804e+00 -1.11296492e-01
  5.29170737e-01  2.91434920e-02  2.93116300e-01 -1.71275125e+00
 -1.07551943e+00  2.01797603e+00 -9.67876075e-01 -2.26724098e-01
  7.30949697e-01  6.02033070e-01 -1.56085286e+00 -1.06545614e+00
  1.37677446e+00 -1.37604239e+00  1.18839853e+00 -8.09980618e-01
  9.41370182e-01  3.68421023e-01  7.85396770e-01 -5.44083997e-01
 -3.08073861e-01  1.13808071e+00 -1.30713430e+00  3.70476875e-01
 -1.23990660e+00 -5.16779893e-01  3.68748764e-01 -1.19143659e-01
 -4.50282139e-01  4.06279830e-01  2.03862601e-01  2.05199934e+00
 -1.63324517e+00 -6.49359692e-01  1.84340722e+00  9.48114684e-01
  1.48687123e+00 -8.94791317e-01 -8.27618985e-01 -8.85443758e-01
 -8.42781726e-01  1.05557414e+00  8.98626291e-01 -2.07159899e-01
 -1.39803436e+00  8.73493438e-01 -4.84567045e-01 -1.37695486e+00
 -1.33291738e+00 -1.09226803e+00 -1.00444362e+00  2.10307022e-01
  3.91358382e-01 -1.07782099e-01  1.97641776e+00  4.53208486e-01
 -2.05461101e+00 -2.67068080e-01 -8.87166865e-01  1.09272713e+00
 -1.50239784e+00 -5.17074964e-01  5.17827789e-02  5.02839506e-01
  1.85119792e-01 -9.60530184e-01  5.78525333e-01 -7.47679934e-01
 -4.77311283e-01  3.28681245e-01  2.96248472e-01 -1.28684492e+00
 -2.51959485e+00 -2.39385332e-01 -7.91404072e-01  1.04489171e+00
  7.63288488e-01  9.16587801e-01  1.55361486e-01 -3.32465588e+00
  2.51037558e-02  1.52078890e-01  1.48473840e+00  7.61849538e-01
 -7.77022738e-01 -1.30303330e+00  8.30698805e-01 -1.46515827e+00
  2.04003609e-01 -3.82962570e-01 -8.47211590e-01  1.65013178e+00
  1.03175727e+00 -7.74156016e-01 -1.25826325e+00 -2.05827751e+00
  3.51551032e-01  3.98234579e-01  6.14060906e-01 -1.25242823e+00
  6.04989250e-01  3.50752009e-01  2.20112612e+00 -2.04392568e-02
  1.29812943e+00  4.35319491e-02  7.36607524e-01 -5.07887936e-01
 -5.08438855e-01 -4.92571162e-01  5.75462740e-01  1.24860650e+00
 -1.12865019e+00  1.44810114e+00  1.29799131e+00 -3.74345869e-01
 -2.48622713e-01  9.18017311e-01 -9.54469918e-02 -2.80957678e+00
 -3.17965361e-01 -4.82491143e-01  1.15933052e+00  3.09431583e-01
  6.25638576e-01  3.39087698e-01 -2.30128879e-01 -1.84044397e-01
  1.39672463e+00  8.18087527e-01  3.26342366e-01  1.14806649e-01
  8.13277987e-01  1.79988344e+00  7.59815022e-01 -1.37887886e+00
 -1.12525241e-01  1.48719853e+00 -3.56371192e-01 -1.28379837e+00
 -1.93356997e-02 -3.17787826e-01  1.94356997e+00 -1.25564011e+00
  3.81348006e-01  1.16924434e+00 -1.22144872e-01 -1.96330500e+00
 -2.53621796e-01 -1.36879259e+00  1.36288522e+00  9.16124308e-01
 -5.69152794e-01  9.04116676e-01  6.68103322e-01  2.34202148e+00
  1.79810386e+00  5.22021171e-01  1.25368395e+00 -1.50578784e+00
 -2.65410677e+00  1.83047409e+00  2.45374038e-01 -9.64666233e-02
  9.93779707e-01 -6.07663402e-01 -1.14157649e+00  7.96053944e-01
  8.21659652e-01  1.50608098e-01 -7.27417990e-01 -2.16281288e-01
 -5.15112301e-02  1.38014312e+00  1.29135648e-01 -6.52854979e-01
  1.21621841e+00  6.01843375e-02 -6.35108306e-01  9.71731311e-01
  7.04896112e-01 -4.38120636e-01 -4.24331382e-01  5.76099040e-01
 -1.32664268e+00 -4.96711578e-01 -2.17326287e+00  7.06784935e-01
  5.60545857e-02  1.39196329e+00  1.94888432e-01  9.06164736e-01
 -9.96357685e-01  1.40395070e+00 -1.04966517e+00  8.62191488e-01
  9.70219934e-01  1.59879781e-01  1.17575855e+00  3.48391285e-03
  5.79064526e-01  9.52972293e-02 -1.74990673e+00 -9.96274465e-01
 -8.27079800e-02  2.72224498e-02  2.31362174e+00 -5.37391083e-01
 -1.51348895e+00  1.64338001e+00  6.31610255e-01 -2.26601960e+00
  5.78823991e-02 -1.21709965e+00 -4.95260423e-02 -8.18966330e-01
 -3.22897463e-01 -8.31676384e-01  2.81649984e-01 -1.31828276e+00
 -2.83142836e-01  6.47751213e-01  2.80108539e-01  6.07349769e-01
  1.42928466e+00  8.07418616e-01 -5.27966937e-01  3.59400834e-03
 -1.00288685e+00  2.82164387e+00 -6.88720200e-01  6.03596648e-01
  1.14652225e+00  1.11918092e+00 -1.55955991e+00 -8.03233763e-01
 -5.84894493e-02  3.00891910e-01  1.60528120e+00  6.12208228e-01
  1.63056254e-01 -6.31185699e-01 -8.80394132e-01 -1.19148701e-01
  6.63020992e-01 -1.32069665e+00  2.52404228e+00  2.34927088e-01
 -8.05591088e-01 -4.83244608e-02 -1.04183526e+00  1.16216804e+00
  1.29482319e+00 -8.22763363e-01 -4.96426121e-01  1.04829285e+00
 -9.93226826e-01 -3.28911959e-01  4.24061005e-01  1.35548325e-01
  7.29669768e-01 -4.72144641e-01 -1.23864759e+00  1.21702065e+00
  3.67999415e-01  6.22314234e-02 -1.53587782e-01  8.37358762e-01
  2.56849792e-01  3.72058561e-01 -9.88021151e-02 -4.25307020e-01
 -7.85878743e-01 -3.10413950e-01  9.09239632e-03  5.72591153e-01
  7.94068743e-02 -1.97543345e-01 -7.87345259e-01 -3.98109983e-01
 -7.46855262e-01 -1.14304852e+00 -5.86064166e-01  2.25842974e-01
 -5.97285221e-01  1.36533880e+00 -1.69961651e-01 -2.60926382e-01
  5.98963804e-01 -2.29624852e-01  1.38792695e-01 -6.62705194e-02
  7.46691198e-01 -6.81290590e-01  9.69745624e-02 -3.06095326e+00
 -1.82861242e+00  1.05675974e+00  1.13234066e+00 -5.13146935e-01
 -3.71526543e+00 -7.32174681e-01  2.41194778e-01  5.39581270e-01
 -6.47929203e-01  5.41875957e-01  1.32900952e+00 -1.14204195e-01
  8.75356273e-02 -1.01385002e+00 -1.48947899e-01  7.19136258e-01
 -1.24047395e+00 -5.53358380e-01  1.19533260e-01 -1.15347168e+00
  1.14348012e+00 -5.39789081e-01 -7.24754664e-01  9.70716073e-02
  4.23365442e-01 -2.32974452e+00  7.63078830e-01  7.87460092e-01
  9.84345786e-01 -1.02260153e+00 -9.58780765e-01 -1.08937043e+00
 -1.11569697e+00 -6.53994517e-02  1.97823018e-01 -8.31468246e-01
  5.38919825e-02  1.01755307e-01  9.18456352e-01  1.03970926e+00
  2.50587731e-01  4.77919789e-01 -2.29164805e+00 -3.90130817e-01
  9.35866489e-01 -4.79407205e-01  1.10814511e+00 -2.29219298e-01
  1.18709519e-01  1.01588600e+00 -5.96610207e-01  1.28057667e+00
 -1.83198603e+00 -3.30495139e-01 -1.39803728e+00  1.47383457e-01
  7.43755335e-01  1.50355309e-01 -8.83238142e-02  8.47725670e-01
 -4.35486800e-01 -7.71649596e-01  2.79457560e-01 -1.57323501e+00
  6.95588248e-01  1.32008910e+00  4.14175871e-01 -2.38378963e-01
 -1.13445489e+00 -2.76257425e+00 -1.20707989e+00 -1.95083802e-01
  2.21251435e+00  2.79854321e-01  1.19410516e+00 -4.40691653e-02
  8.95939783e-01  8.49625338e-01  1.42091862e+00 -1.13138045e+00
 -1.01741876e+00 -4.54972487e-01 -1.84816554e-01 -1.00091048e+00
 -1.15023526e+00 -2.15063026e+00  1.22421018e-01  1.25199231e+00
 -1.27891303e+00  1.30604942e+00 -1.55394092e+00  4.59846417e-01
 -4.83364215e-01  1.98632357e+00  2.05598264e+00 -1.42642569e-01