 1.89826130e+00  5.21048067e-01  5.43389740e-01  7.32097750e-01
 -8.17426145e-02 -1.00682645e+00 -2.57283840e-01 -8.29150786e-02
 -3.07573965e-01 -1.58059636e+00  6.71635722e-01  1.75865017e-01
 -1.07502279e+00  1.38441877e-01 -3.89176518e-01 -5.59089385e-01
  1.23419537e+00 -5.94856600e-01 -5.39569699e-01 -4.25130706e-01
  1.43046907e+00  9.52498218e-01  6.89227153e-01 -3.03203471e-01
 -1.19954167e+00 -1.31124370e+00  8.47219078e-01 -1.21410721e+00
  7.12325338e-01  3.48135704e-01 -5.93939342e-01  1.28150115e+00
  1.52738392e-01 -3.54580917e-01 -1.33285662e-01  1.29967971e-01
 -2.51446762e-01 -1.82708078e+00  1.32660826e-01 -1.51644065e+00
  1.03601542e-01  2.03234639e-01 -1.18151733e+00  1.08399102e+00
 -1.24763361e+00  1.37143758e+00 -2.67771100e-01  1.19791079e+00
 -1.26385523e+00 -3.45232040e-01 -5.72824021e-01 -6.92798470e-01
  1.60724589e+00  1.07301384e+00 -3.86066880e-01  1.29005626e+00
 -6.01644058e-01  1.43593827e+00  8.42819772e-01  1.54738292e+00
  8.16631119e-01 -2.62477274e-01  9.62823335e-01  1.33116410e+00
  7.13180868e-01  6.91017002e-01 -9.18070422e-01 -4.77059148e-01
 -6.85027805e-01  4.06961716e-01 -2.48812296e-01  1.14743478e+00
 -3.28603684e-01 -2.15053624e+00  1.12984163e+00  1.52771915e+00
  8.87938323e-01 -1.78001571e-01  1.87944266e-01 -9.15750016e-01
 -2.13232753e+00  1.55205943e+00 -6.30704659e-01  7.93930424e-01
  3.09339024e-01  8.79767664e-01  4.67682160e-01 -5.48505155e-01
 -1.23079058e+00 -3.48559892e-01 -9.24673639e-01  1.60570126e-01
  1.18132222e-02 -4.10559248e-02 -7.28008653e-01 -1.21187959e-02
 -6.50491309e-01 -1.98052130e+00  9.03881308e-01 -9.23139272e-01
 -8.92033906e-01  1.11709430e-01  9.01175252e-01  1.31095587e+00
 -4.25413152e-01 -4.74527775e-01 -9.01016476e-02 -1.31432945e+00
  8.63738472e-01 -7.58636521e-01  3.05514476e+00  3.09657398e-01
  8.75762469e-02 -6.74774108e-02  1.91108192e-01  4.13295858e-01
 -1.33489384e+00 -1.33566714e+00  4.49845841e-01  7.08972913e-01
  7.07620132e-02  2.86619356e-01  1.23196968e+00 -9.00710735e-01
 -2.06727320e-01 -6.32541456e-02  1.59525302e+00  3.30427227e-01
  1.77900540e+00 -8.64234769e-01 -1.77472436e-01  8.33988504e-01
 -6.03022608e-01  3.52509546e-01  1.10569722e+00 -1.16127086e+00
 -3.71149982e-01  7.61205008e-01 -8.16032410e-01 -1.98583348e+00
 -7.06074393e-01  1.27783724e+00  1.06398868e+00 -1.14882893e+00
 -8.85253273e-02  1.64470492e+00  1.08199887e+00 -8.38814240e-02
 -9.89549316e-01 -2.59424146e+00 -1.16869083e+00  5.14514974e-01
 -1.04189591e+00 -6.35363908e-01 -1.71906266e+00  1.09537765e+00
  2.90083704e-01  8.11511224e-01  5.11034989e-01  9.33543400e-01
  1.72656092e+00  8.88897221e-01 -1.74250133e+00 -4.43916454e-01
  3.47373281e-01 -9.15305810e-01 -1.78305577e+00 -4.17084714e-02
 -1.80429539e+00  2.28813758e+00 -2.03919792e-01 -1.06001455e+00
 -7.10611172e-02 -9.52526147e-01 -9.32886241e-01  1.29981271e+00
  4.05839647e-01  7.86109285e-01  4.87024281e-01 -4.82104904e-01
  1.96635721e-01  3.44790145e-01  1.60601341e-01 -4.52946024e-01
  2.01551515e-01 -2.27767692e-02  1.10197893e+00 -8.71455287e-01
 -1.20597729e+00 -8.97557565e-01 -4.87915593e-01  9.88359141e-01
  7.03422984e-01  8.80317204e-01 -1.59424358e+00 -1.09290485e+00
  1.20454759e+00  2.91192819e-02 -7.63968706e-01  9.06009312e-01
 -3.76648840e-01 -3.48463301e-01  2.06776242e+00  1.37262700e+00
 -1.07607401e+00 -7.89576177e-01 -1.93782595e+00  9.26834322e-01
 -5.66078476e-01 -1.30276031e-01 -1.26892190e+00 -5.00645216e-01
 -3.57363473e-01  9.61263855e-01  3.21170481e-01 -4.27300182e-01
 -3.92095132e-01  1.28312920e+00  1.20674861e+00 -3.98943974e-01
 -4.17555904e-01  1.04457752e+00 -9.44507236e-02  3.83523209e-02
  4.11371048e-01 -6.02131861e-01  4.68941470e-01 -5.54288203e-01
  5.75842711e-01  6.83152327e-01  8.64139932e-02 -1.07544150e+00
 -6.03369408e-01 -1.43098499e+00 -4.55899843e-01 -8.48026362e-01
 -2.59169703e-01 -3.30184305e-01  5.74858451e-01  5.92721661e-01
  1.41729347e+00 -1.55423194e+00  9.10332940e-01  1.84646468e+00
  4.51137275e-01  1.91653233e+00 -6.52612799e-01 -1.41956135e+00
  1.11959338e+00 -7.52055806e-02 -2.54906496e-01 -1.05693403e+00
 -5.34077586e-01 -9.27630963e-01 -1.43855007e+00 -1.47203459e-01
  7.19360736e-01 -1.04285737e-01 -1.29533031e+00  2.25822840e+00
  8.61856419e-01  2.14737917e+00  6.00891868e-01 -1.33240858e-03
 -8.54993554e-01 -1.60535055e+00 -6.43073920e-01  1.22795274e+00
 -1.13059651e+00  1.33549791e+00  9.21235831e-01  1.27584993e-01
 -1.08945163e-01 -1.84178798e+00 -2.91117711e-01  1.97791369e+00
 -1.18289164e+00 -8.68540461e-01 -9.49157795e-01 -2.68455810e-01
  3.89905552e-01 -1.45572147e+00 -1.28218993e+00 -2.17875101e+00
 -6.50223054e-01  8.29031612e-01 -2.61496561e-01  8.23249147e-03
  1.66513094e+00 -2.18373984e+00  1.59136067e+00 -2.80729905e-01
 -6.82325447e-01  8.60163715e-01  4.63281351e-01  5.70377512e-01
  9.21491948e-02 -4.84585572e-01  5.94123191e-02 -3.43739230e-01
 -9.55794166e-01 -4.85994494e-01  1.61618490e-01  1.47771056e-01
  2.07379284e+00 -4.05353983e-01  1.93393061e-01  2.26280053e+00
 -3.70359561e-01  2.12484217e-01 -1.85007471e+00  1.58222383e+00
 -2.74975758e-03 -1.50980784e+00  1.92725623e+00  8.89561306e-01
 -7.92677869e-01 -9.81736127e-01  4.41790407e-01  6.09399716e-01
 -9.75463632e-01 -1.39014249e+00 -1.37210590e+00  7.56585871e-01
  8.98643030e-01  2.06891636e+00  1.64345749e-01  8.15437854e-01
  1.00808109e+00  4.36869419e-01  2.09517667e-01 -1.18721225e+00
  1.19679541e+00 -3.17823664e-01  1.10283197e+00  3.51192394e-02
  1.00078367e+00  1.17793903e-01 -2.37070275e-01  1.82260911e-01
 -3.58676926e-01 -3.55372861e-01 -1.87184551e+00  8.10179428e-01
 -3.79837158e-02 -7.05151366e-01  1.70577713e+00 -4.27720232e-02
 -8.51881752e-01  1.47251746e+00 -8.62761837e-01  1.39471366e+00
  5.62394532e-01  1.84179043e-01  3.35154519e-01 -4.51397355e-01
  4.80784469e-01  1.63414946e+00  2.74549835e+00  6.65926225e-01
  5.78407869e-01  5.07464774e-02 -1.03912882e+00  1.30139629e-01
  1.79304953e-01 -2.60107574e-01  1.95314930e+00  4.45760201e-02
 -9.51830599e-02  1.65253342e+00 -1.38431508e+00  2.20711126e-01
  1.87786501e-01 -5.08774054e-02  5.87803321e-01  1.32588346e+00
 -1.00940601e+00  1.10444857e+00  6.93997500e-01  6.98001355e-01
  5.25245116e-01 -2.63897559e-01  1.36103544e-01  1.67268088e-01
  1.48104186e+00  1.66551234e+00 -8.33358497e-01 -8.44021021e-01
  9.03441723e-01 -1.09126173e-01  1.03866125e-01  1.29112468e+00
 -2.05058575e+00 -5.47998998e-02 -2.07800039e-01 -4.61606960e-01
 -4.72316928e-01 -2.98976626e-01  1.78846719e+00  1.86899238e-01
  1.23905447e+00 -2.35080983e-02  8.90934877e-01 -8.05842578e-01
  5.75977020e-02  7.03509066e-01 -5.07541669e-01  8.64287734e-01
 -2.38965976e-01  1.16388177e+00  5.11055015e-01  1.08454376e+00
  1.52178015e+00  1.79447061e-01 -1.23439693e-01  3.16036805e-01
 -1.78456819e+00  4.69215402e-01  9.38324223e-01 -7.99780300e-01
  4.00077178e-01 -1.17689557e-01 -5.88668042e-01  3.72848791e-01
 -1.09466595e+00  8.39290756e-01  4.72024967e-01 -9.48964247e-01
  9.87099109e-01  1.40049425e+00  1.12973552e-01  1.49491771e+00
 -2.02159991e+00 -2.47821555e-01  4.73732209e-01  6.67541720e-01
 -3.99719211e-01  3.20666027e-01  4.22356514e-01  4.03045627e-01
 -1.62210487e-01 -5.34444777e-01 -6.57260671e-01  1.49537630e-01
 -9.18203449e-01 -1.19987589e+00 -3.40316737e-01 -1.53334527e-01
 -9.62123754e-01  7.41627500e-01 -4.10407509e-01  1.65607647e+00
 -2.27212328e-01  1.52620794e-01  3.38619082e-01 -3.37383947e-01
  1.52978132e+00  3.71708571e-01 -9.92780157e-01 -1.27249658e+00
 -6.05261992e-02  1.15665009e+00 -3.46997463e-01  9.65994602e-01
 -8.72854838e-01 -2.07005772e-01  3.08543069e-01  5.14396872e-01
 -2.15859327e-02  2.23714676e+00 -7.35621858e-01 -1.23792626e+00
  1.13753304e+00  2.58649734e-01 -3.96827220e-01 -5.80465936e-02
  1.17770666e+00  8.36588900e-01  2.76661262e-01  1.92996575e-01
  5.12951080e-01  1.80724018e+00 -5.96755326e-01  5.42444181e-01
  2.06536700e-01 -4.41011534e-03 -1.62322580e-01  2.02851272e-01
 -8.98028231e-01  2.36684288e-01  3.21060137e-01  4.53173988e-01
  4.90179860e-01 -5.77949740e-01 -5.21271841e-01  2.99846216e-01
 -5.99423580e-01 -3.64990624e-01  2.38982896e-01  8.67047594e-02
 -1.34092977e-01  1.11604822e+00  3.23395018e+00  1.37036286e+00
  1.21390118e+00 -3.56898204e-01 -1.49485010e+00 -1.38473796e+00
  9.92594452e-01 -1.91164527e+00 -2.61888214e-02  5.88941319e-01
 -1.59582108e+00 -2.00265077e+00  1.01583429e+00 -1.47354351e+00
  2.75715344e-01  8.31073331e-01 -1.80741810e+00 -6.49883608e-01
 -7.32289017e-01 -7.02624919e-01  6.07231969e-01 -9.90912414e-01
 -6.92110328e-01 -1.39520191e+00 -3.78436107e-01 -1.15781119e+00
 -7.94402065e-02 -4.82032769e-01 -4.66716850e-03  3.24757296e-01
  1.02489606e+00  6.12838100e-01  7.76461556e-01  7.64666006e-01
 -2.57049807e+00 -3.04989399e-01  1.43500004e+00 -1.09990730e+00
 -1.57347047e+00 -2.99429311e-01 -1.64100368e+00  4.32716993e-01
 -8.44860942e-01  6.33909222e-01  5.44420428e-01 -1.21495151e+00
 -1.66384419e-01  6.90121467e-01 -1.61544945e+00  1.28270264e+00
 -1.12120076e+00  1.45690759e+00  1.55753677e+00  1.56760724e+00
  2.02026809e-01  1.18693575e-01 -6.04139220e-01  1.24021941e+00
  1.63660480e+00  3.09183515e-01  4.55758416e-01 -1.29083697e+00
 -5.44550695e-01  1.25549154e+00  1.72286765e+00 -2.92816290e-02
 -3.74010028e-01 -1.76801615e+00  9.26657001e-01 -3.43902608e-01
 -6.33150254e-01 -5.89756588e-01 -6.07289162e-01  3.49777702e-01
 -1.48375373e+00 -1.13255061e+00 -7.29995338e-01  1.01250940e+00
 -6.99198075e-01  3.78641685e-01 -7.57515634e-02 -4.90410859e-01
 -2.44164583e-01  2.32202350e-01  5.13099656e-01 -1.42052761e+00
 -3.14195247e-01 -8.75953247e-01 -1.79870917e-01 -1.79340637e+00
  4.79690300e-01 -2.30616396e-01  2.33255170e-01 -1.06866444e+00
  5.88293259e-01  2.27773696e+00  2.91117895e-01  8.47891786e-01
  2.38777229e+00  3.92402716e-02 -2.22342401e-02  3.67455480e-01
  7.89319186e-01 -1.37540656e+00 -1.93674345e+00  9.54155340e-01
  1.32621731e+00  1.65544734e-01  1.68736577e+00 -1.58725356e+00
 -1.25987108e+00  6.06732693e-01 -1.20746879e-01  7.59177783e-01
 -5.23526411e-01  3.14817441e-01  1.22276760e+00 -1.04239211e-01
  6.33074975e-01 -1.05138062e+00  5.01749566e-02  1.22016558e+00
 -1.17812671e+00  3.11327733e-01 -1.03221443e+00 -1.37179084e+00
 -2.13419357e-01 -5.99236567e-01  2.06182571e+00 -1.13704810e+00
 -8.09437565e-01  1.31395237e+00  1.15479640e+00  1.05926769e+00
 -1.29609084e+00 -7.56051973e-01 -1.29853571e-01 -1.59212577e-01
 -2.71517428e-01  1.51979314e+00  1.02339761e+00 -1.89996728e+00
 -1.56346964e+00  2.08970287e-01 -1.16069840e+00  6.63319244e-01
  5.74358088e-01 -1.56318372e+00  1.10119352e+00 -5.05117319e-01
 -7.44527860e-01  1.15869543e+00  1.87473380e+00 -1.83088822e-01
  2.58279163e-01  8.47009409e-01  8.81635459e-01 -1.72654181e+00
  8.64523814e-01 -8.56862974e-01 -9.98761015e-02 -4.85822924e-01
  2.82403487e+00 -5.21955030e-01 -8.54518552e-01 -7.49770242e-02
 -1.43962184e-01 -3.33623021e-01  4.50241999e-01 -1.55202393e+00
  4.06301785e-01  3.97529823e-01  8.21631133e-01  6.85545918e-02
 -4.88389022e-01 -6.01681599e-02 -3.56580515e-02  1.03310869e+00
 -1.19228270e-01  4.97892726e-02 -2.11692986e-01 -8.41306270e-01
  2.14451229e+00  7.99460461e-04  3.82256802e-01  5.17084363e-01
  2.50008734e-01 -1.25756966e+00 -5.58501158e-01  2.77877216e-01
 -1.04969116e-01  1.21165012e+00  1.15768104e+00 -1.89267527e+00
 -1.22434159e+00 -1.87698058e+00 -1.24315574e+00 -1.11749566e+00
  5.40379404e-01 -4.39287687e-01 -8.66006898e-01 -1.81597630e+00
  9.04421338e-01 -4.75544376e-01 -1.03297739e+00 -5.59095761e-01
  1.97173786e+00  1.07701641e-01  8.00463528e-01  1.50087582e+00
 -3.50396518e-01 -4.34973293e-01  6.05932031e-01  8.14893976e-01
  9.14823041e-01  9.19766252e-01  1.07947145e+00  1.04574923e+00
 -7.98532844e-01 -9.83785549e-01 -9.16880724e-01  4.75680335e-01
  2.03255596e-01  9.00941498e-01 -3.43116405e-01  8.95876294e-03
 -1.89885572e+00 -2.44466944e+00  2.02430348e+00  1.66112146e+00
 -3.98468798e-01 -8.21918471e-01 -7.42624904e-02  1.10211155e+00
 -1.34518484e+00  3.55207410e-03 -1.86828255e+00 -2.89228337e-01
 -5.51414647e-01  1.75826030e-01 -1.00844681e+00 -2.55564665e-01
 -2.13234545e+00 -2.15063868e-01 -5.49135399e-01 -3.66632654e-01
 -2.89509533e-01  3.05647449e+00  1.82400844e-01  1.09624436e-01
  7.28010952e-01 -5.14792859e-01  2.62226296e-01 -1.47048853e-01
 -1.16832880e+00 -6.47846728e-01  5.69048347e-01 -3.88323450e-01
  1.28019079e+00 -2.98800611e-02 -1.27989711e+00 -3.25921799e-01
 -1.45054330e+00  4.59789587e-01 -5.81299257e-01 -2.18825408e-01
  2.41111521e+00 -7.18307027e-01  1.33175871e-01 -3.56845505e-01
  8.73340066e-01  9.06923995e-01  6.81318583e-01 -3.28968305e-01
  7.69843935e-01 -1.38120510e-01  1.07978269e+00  8.61265761e-01
 -5.65149770e-01  1.67955704e+00 -6.94255459e-01  1.03043174e-01
  3.81629641e-01  6.23449559e-01  1.42342090e+00  1.11683885e+00
 -9.82607217e-01  2.08423462e-01 -1.58143325e-01  1.24387412e+00
 -6.30475498e-02 -7.32965539e-01 -1.86604195e+00  1.72923029e+00
 -9.70323434e-01  1.17249206e+00 -1.57232928e+00 -3.47155063e-01
  5.64303150e-01 -5.77662405e-01  2.28953990e+00 -1.67698113e+00
 -2.13110247e-01 -3.45654281e-01 -1.60258552e-02  9.18579263e-02
 -2.41969389e-01  6.11614055e-01 -3.22828507e-01  2.32393151e-01
 -8.40464400e-01 -1.43337447e+00  1.98717603e+00  8.59467220e-01
  9.18512321e-01  1.49225000e+00 -3.93500060e-01 -1.71149627e+00
 -7.37117064e-01 -4.83284172e-04  1.42940572e+00 -2.43959844e-01
 -2.80108411e-01  2.30036779e-01  1.00823155e+00 -1.33993406e+00
 -9.98316972e-01  2.98624211e-01  1.34278845e+00 -2.47912366e-01
  6.84329298e-02 -4.04105549e-01 -1.78402848e+00  4.23409194e-01
 -3.45734177e-01  1.00597603e+00  5.21898468e-02 -1.35892700e+00
 -1.84733510e-01 -3.84757693e-01 -4.43123917e-02 -1.26838216e-01
  1.38376995e+00  6.39797293e-01  1.35084994e+00 -2.10295443e+00
 -4.06430174e-01 -6.07909013e-01 -1.44095100e-01 -9.38379362e-01
  1.68194377e-01 -3.39831097e-01 -8.68002330e-02 -3.60108727e-01
  1.72003322e+00 -1.05300369e+00 -7.50837057e-01 -2.02394338e+00
 -4.09231810e-01 -4.93960730e-01 -5.00203580e-01  6.77422277e-02
 -2.17268557e-01 -2.15487958e-01  5.02530625e-01  2.12648192e-01
 -1.18860702e+00  5.95631801e-02  4.96519759e-01 -5.75186369e-02
 -6.08306561e-01 -1.37747037e+00 -4.90432842e-01  1.44625665e+00
  2.39863348e+00  1.68724982e+00 -3.97464640e-01  3.50194056e-01
 -1.52793762e-01 -1.45499651e+00 -8.54979490e-01  8.74277764e-01
  4.73126481e-01  1.55457969e+00  9.15335185e-01  2.31394157e+00
 -4.75423646e-01 -3.72091436e-01  1.25067183e+00  9.04363066e-02
  7.31699166e-01  1.60750313e+00  1.57330966e+00  7.97831086e-02
 -7.68412088e-02  6.36465313e-01  1.36336352e+00 -1.07913181e+00
 -3.18931442e-01  1.95120011e+00  1.39656422e-01  6.12497066e-01
 -1.64550724e+00 -4.46281261e-01 -3.92162716e-01 -1.21841583e+00
 -3.86191061e-01  3.63035614e-01 -8.72278844e-01 -1.09429921e+00
 -9.05588036e-01 -2.24092035e+00 -1.34794017e+00 -2.01523848e-01
  1.70349646e-01 -1.60115096e+00  1.71948811e+00  6.37543206e-01
 -4.94884856e-01  1.05798815e+00  1.98236667e-01  5.27023086e-01
 -1.59633093e+00 -2.79864617e+00 -3.29952471e-01 -7.96845990e-01
 -1.31344485e+00  1.00288173e-01 -2.35958996e-02 -1.87157460e-02
  2.25225062e-01  5.40830518e-02  1.39377405e-01 -7.34611095e-01
 -7.01942196e-02  1.42186612e-01  6.83717087e-01  1.27639981e+00
  9.99708860e-01  1.03713073e-01 -7.24546262e-01 -1.03872881e+00
 -1.55560242e+00 -3.70858787e-01  4.62438178e-01  4.39756277e-01
  8.88987799e-01 -1.06828651e+00 -5.46719091e-01  1.03403929e+00
 -1.79678353e-01  1.08366794e+00 -2.45657240e+00 -1.55671461e+00
 -4.31187053e-01 -2.19854505e+00 -1.03893243e-02  8.84961082e-01
 -8.59465227e-01 -1.79482618e-01  1.62465710e-03 -4.87067999e-01
  5.51647559e-01  9.74580666e-02 -2.29059256e-01  2.63697661e-02
  3.76418849e-01  2.43682684e+00 -1.25713735e+00 -2.86933647e-01
  1.55014471e-01  2.58177991e-01 -2.53990611e-01  1.69613008e-01
  1.90539413e+00  2.14027965e+00  8.45623833e-01  1.03084963e-01
  3.09107423e-01  1.86403324e-01  5.13789667e-01 -1.01980175e+00
 -4.37991462e-01 -1.17530493e+00 -5.20922960e-01 -5.28756772e-01
 -4.86399977e-01 -4.09914194e-02 -6.73695437e-01 -1.26430537e+00
  8.56502166e-01 -9.52623098e-01 -2.14193245e-01  1.13382490e+00
  1.49127324e+00 -8.34168945e-01  6.98364484e-01  5.26613926e-01