-1.13484615 -0.99736684 -0.98722319 -1.41997631  0.60804295  0.67331612
 -2.18674721  0.03231109  0.39516072  0.96589004 -0.32010754 -0.93916372
  1.57002781 -2.30094238  0.74449022 -1.36950276 -0.29181772 -0.7421748
  0.77413983  1.47731851  0.09147454 -1.66100489 -0.42041126 -0.17262802
  0.14201653  0.13724305  0.83714539  0.73349115 -1.30177863  0.17776942
  0.42412374 -0.87737612 -1.00801218 -0.3471138   0.14382447 -0.41590464
  0.72724777  0.78239094 -0.13380312  0.54084105 -1.72074511 -0.59795862
 -0.07165958 -0.96262063 -1.38071871  0.79138661  0.03816833  0.24190436
 -0.60214241 -0.96169606 -0.35867032  1.17021959  0.33022632  1.42598763
 -0.0255481   0.23801298 -0.86602506  0.30016356 -0.45059945 -1.80077391
 -0.59797729 -1.34495909 -0.19251598  1.90472634 -1.34614287 -0.47638203
  0.6312395  -0.31516215 -1.5298304  -2.56233503 -1.05690797  1.77490744
  0.06329282  1.49720219 -0.21143887  0.07934603 -0.95219473 -1.01673714
 -0.50571978  1.17088784 -1.19349109 -0.60858025 -0.25012259  0.31491393
 -1.49817167  0.75087818  0.00815627 -1.33692674 -0.78065477  0.06080896
  0.72071909  0.09112557 -0.0244663   0.36052791 -0.49424915 -0.04287889
 -0.05220336 -0.83819238 -0.44113876  0.43938384 -0.98938681  1.70594059
 -0.81595754 -1.03004377  0.05600349 -0.26700542  1.01277834 -1.51764435
 -2.26053677  1.07593204 -1.22349304 -0.1996762  -0.35674188 -0.41678811
  0.58569621  1.08711054  0.34227836  1.06575237 -0.56780071 -0.99707604
 -0.39036689  1.42537665 -0.18631822 -0.34830108 -0.77898066  0.07766737
 -0.40017271  0.55412681  1.15711207 -1.50272966  1.04024277 -1.21154795
 -0.281848    1.4311184   1.59717903 -0.40590672 -0.40743687 -0.66825021
 -0.2421207   0.80381845  0.52570313  1.20813869  1.42805795  0.34337876
  1.33028688  0.97752701  0.3897094   0.12686175 -1.22950089  0.70515707
 -0.31884511 -1.13289667  0.06051971  0.05368245 -1.42730773 -1.94694089
  1.79394605 -0.17310452  0.05887584  0.18900865  0.2183396  -0.06491567
 -0.89461355 -0.17174933  0.37636375 -0.32401041 -1.19956834 -0.86387875
 -0.02341511 -1.16418337 -0.39659111 -0.68159255  0.83287066 -1.41794544
 -0.72428979  0.86994008  1.26556757  0.02550809  3.24440231 -0.61139863
  0.52342005  0.5414075   0.32007619 -0.27255975  0.10253905 -0.11607014
 -0.47836334 -0.2321286   1.79926174 -1.29425299 -1.86023809 -0.61175012
  1.57340228 -0.69149253  0.13475168 -0.64672512 -0.58875187  0.0050136
  0.77342219 -0.47638063 -2.22473485  0.40864413  2.18991108 -1.61686267
  1.04547736  1.01599668 -0.10809769  1.49200902  0.31324128 -0.77354042
 -0.0993787   1.1047441  -0.7013638   0.061032    1.13702056 -1.3525021
  0.40539621  0.06525592 -0.44519937  1.37688025 -0.01306878  1.1133372
 -0.99417279 -0.4700757  -1.86820564  0.03698159 -0.5214823  -0.35813612
  0.76365839  0.57181912  0.46500663  0.39316092 -1.21270415 -1.3505816
 -0.29431558 -0.85725511  0.91210851 -0.09012499  0.06101919 -1.42480929
 -1.11413814 -0.17221635  0.53549521 -0.13937677 -0.72244775  0.98159446
 -0.00908904 -0.9739546  -0.56970866  1.25581131 -0.61868921  0.03489415
 -0.86787796  0.65854127 -0.12914252  0.63242176  0.44225629  1.43327504
 -1.03678718 -1.48462616 -1.29731362  1.84261526 -1.66166418 -1.83096821
  1.18537887  0.42567626 -0.4932857   1.02321431  1.40116504 -1.64141553
  1.15838251  0.63979334  0.72811262  0.09589899  0.4161752   0.0310193
 -0.57121214  1.73551855 -1.78460364  0.77045395  0.74350791 -0.43109889
  1.65090974 -0.43114282  1.3963152   0.88830118 -0.56623604  2.41693513
 -1.07122249 -0.93185965  0.17443458 -0.93122553  1.32500205  0.61590571
  0.93006022 -2.03250821  0.52659176  0.2791814   0.07730931  1.77567768
 -1.40459101  0.21840914 -0.01514451 -0.45129117 -1.28496447  1.26376839
  0.64841681 -0.22431845  1.47241198 -1.19230524  0.85556305  0.88785793
  0.25752845  0.59408945 -0.91465674  0.51975508  0.3952475   0.15434473
  0.08024033  0.47077681 -0.64894549 -0.52470527  0.35118801  2.00461208
 -0.44986226  1.10485319 -2.63911859 -1.68108022  0.34786822 -1.65571773
 -0.26550678 -0.11213092 -1.52678551  1.71692589  1.35961365  1.58884947
 -1.17599594 -0.13964693 -1.0289624   1.12630056 -2.53109098  0.85161212
  1.18972187 -1.36145761  0.37674562 -0.91266375 -0.10670069  0.25931229
  0.2003512  -0.42865707  0.79192036  1.52309408  0.27337626 -0.84650984
  0.13311748 -0.39180884 -1.6660916   1.41328706 -1.00896802  0.14090228
  0.7021212   1.20659071 -0.34918526  0.17641964 -1.03925928 -0.89781361
  1.893356    0.36653266 -0.83025226  1.67402445  0.23675942 -2.10748898
 -1.55826926 -0.21714557  0.25244518 -0.08049334  1.40606233 -0.20930812
 -1.8149619   0.62909045 -0.42168136  1.43828539 -2.26248408  0.85718769
  2.2338441  -0.60651195  0.95903849  0.41891807  0.31156904  0.73371562
 -2.12769925 -0.57868068 -1.43439615 -0.22646139 -2.19749669  0.89055139
 -0.4326617  -0.34153181 -0.73397242 -0.56524602  0.29362255 -1.65834682
  1.12241675 -0.58272204  0.14091375  0.30374833 -0.70487489 -1.47717479
  0.50032452  0.76466052  1.70232027  0.74827882  1.51301014 -0.83688641
  0.10286049  0.8738195  -1.0459691   1.01537596 -1.36353575  1.20273428
 -0.05840571 -1.37177627 -1.40584004 -1.52303226  0.51783055 -0.18290895
 -0.79690346 -0.49559203 -1.56768805  1.76565566  1.83224586 -0.10807472
  0.96081913 -0.80205698  0.6302592  -1.28926246 -0.68957349 -0.69297807
  0.25530706  0.73167573  0.10425933 -0.81008277  0.42441686 -0.09946669
  0.3336295   0.16016299  0.01667219 -0.56719207 -1.07106309  0.75442153
  1.38128496  0.43386717  0.15201399 -0.29208402 -0.71223503  1.29777254
 -0.94275888  1.19132786  0.3997571  -0.14803207  0.11241272 -1.80292408
  0.82644111 -1.00768793 -0.50832     0.16517678 -0.16498934 -1.15784628
  1.21959801  0.61650967 -0.44217846  0.79702786  0.07781052  1.52419766
 -0.73401772  1.49562163 -0.51118827  0.29121933  0.3037239  -0.34380728
 -0.28959106 -1.06958524  0.48198498 -1.04239411 -2.09691219 -1.37106671
  0.24025621  1.62403094  1.15424101  1.7126436  -1.17941057  0.49538531
 -1.61855047 -1.29955748  0.08380924 -0.6864253   1.1854552  -1.58413391
 -1.53689629  0.89396814  0.12592645  1.19521002  0.72351847  0.6771022
 -0.03763621 -0.9210016   0.83719482  0.09235555 -1.15239413 -1.36849063
  0.6504398  -1.04337885  0.11360935  0.24738182 -1.24778633 -1.12909227
  0.84735454  0.15052644  0.80682151 -1.15180086 -0.82941835  0.99268928
  1.0608498  -0.21534806  1.38660434  0.48550359  0.34865749 -0.99303183
 -0.09287554  1.48102692  1.18931561 -0.80068349 -0.62475415 -0.1325832
  0.07507895 -0.3759744  -0.43806948  0.9447881   0.09333735 -0.77049116
 -0.031047   -0.49596618  0.40162781 -1.6624656   1.23874616 -1.65670714
  1.10463235  0.53430738  0.9733735  -0.02955683 -0.51963187  0.22351191
  0.00356039  0.22861925  0.84111579  0.20194238  0.71799124  1.11844785
 -1.40144306  0.23626232  0.1140249  -0.56397869 -1.91644086 -0.57574406
  0.92232278 -0.21176837  0.70286495 -0.51318163 -1.2179873  -1.46017418
 -0.24211412 -0.69756888  0.34656969 -0.05695113 -1.14081763 -2.39484039
  0.13904209  1.95821141  0.78658494  1.73767706  0.54038327 -0.5373986
 -1.03746023  0.09548383  1.75571337 -0.41853513 -0.64974766  0.27836935
  1.25848534  1.58521387 -2.6714054  -0.60103562  0.19831412 -0.31562168
  0.41321499 -1.22142933 -1.25142488  0.20018964  0.12661082 -0.50198891
  0.26327803  1.30627548  0.42235178 -0.88212494  1.31340227 -0.32408606
 -1.09656927  0.70489777 -0.73291013 -1.63191629 -0.54102053 -1.63401237
 -0.60569638 -1.95539477 -0.46039388  0.37417326  1.03784858  1.15842662
  0.22873321 -0.72641478 -2.46371075  1.36627798 -0.89875597 -0.77825027
  1.47479179 -0.25757546  1.16810426 -0.9425309  -0.54840255  1.00525123
 -0.12124094 -1.2593346  -0.92106304 -1.01234846 -0.42997585  0.6728259
  0.43699879 -0.09933497 -0.61616895 -1.6457645  -0.59585312 -0.95415038
  2.517818   -1.17746711  0.192502    1.159633   -1.65786389  1.13617167
  0.1317769   1.74870424 -0.32295415 -0.82070424 -0.90467221 -0.51340739
  0.48701999 -2.45952769 -0.62851782  0.72452983 -0.17951208 -0.75055445
 -2.06271056  0.80536203  0.72784102 -0.35251683 -1.17190999  0.55316129
 -1.78383087  1.20679192 -0.58650155  0.40991511  1.01475385  0.96215098
  1.44653198  0.18112483 -0.41805235 -0.76503443 -1.92252375  0.84436599
  0.61407332  0.52333632 -1.65093291  0.04163983  1.11912136 -1.63886497
  0.80757292  0.67941768 -0.37756742 -0.34610704  1.20254787 -2.73162846
 -2.1104349   0.22284589 -0.27268172  0.2110755   0.99262879 -1.80439049
  0.60689675  0.25017008  0.32133924 -0.83819703 -1.76804087  0.44601826
 -0.48189974 -0.37090104  0.38188417 -0.8422916   0.70709805  1.68282039
 -1.68106663  1.2222696   0.33646312  0.48465959  0.63934529 -1.17774674
 -0.31718041 -0.25199033  1.41525075  0.16036772 -0.76707589  0.11980795
  0.35472883  0.87404454 -0.66661788 -2.07540422  2.12033386 -0.59564026
  0.83571646  2.22077061  1.76404574 -3.13451372  0.60912867 -0.85242886
 -0.91809434  1.07844637 -0.99789472 -2.07755235  0.70056946 -0.50255985
 -1.47524319  0.6700248   1.36872888 -0.30864848 -1.43202514 -0.06384896
 -0.10102116  0.94555313 -1.44898186  0.35641566 -2.08521245  0.18297551
  1.25013626  0.70974304  0.30576507 -0.32350373  2.03578362 -1.05953626
 -0.37321976  1.01805887  0.78254999  0.56308279 -0.01180993  0.29756207
  0.19585215  0.09341751  0.35092182  0.47717705 -0.6578939  -1.27591083
  0.40711621  1.24199841 -0.43323052  1.40030322  0.59616015 -0.27034642
  1.97597767  0.93851     1.25069927  0.17261466 -1.25103171  1.38160482
 -2.17422228  0.59349555  1.81422636 -1.73920147  0.43542573 -0.13889484
  0.32360374  2.38632472 -0.8804873  -0.41246309 -0.06762715  0.79927371
 -0.34803864 -0.61074156 -0.56416205  0.37531159  0.19518261  1.20594605
 -0.32703919 -0.18870119  0.36239473  0.31383585  1.10509524 -0.70626035
 -0.24284972  1.3642036   1.64134951 -0.752234    0.9409163   0.34568229
  1.34547741  0.34369392  0.61665887 -1.14446282  1.261403    0.69983706
  0.56108545  0.35105814 -0.77391943  0.01016667 -0.24648202 -1.27668146
  1.96561656 -1.76015573 -0.79809904  0.69125158 -1.63044263 -0.51313077
 -0.34637059 -0.76208622 -1.57392258  0.86680567 -0.77545482  0.66046238
  1.17152304  1.85149364  0.31257212  0.55087539  1.78503116 -0.10739443
 -0.70999453 -0.62957806 -0.24375005 -0.1455685   0.8324446   1.97733133
  2.01470903  1.02264176 -0.15624509 -0.52494448  0.51711713 -1.1085494
 -0.21511725 -1.77329897  0.47936379  1.59119968 -0.81491334  1.12031379
 -0.29603424 -0.11370844 -1.05196333 -0.23074235 -0.21698884  0.26335333
  0.65556643  1.35797087 -0.57470998  0.07885075  1.08311542  0.11612244
  0.41018252  0.38303698 -0.27183417 -0.18345474 -1.34568785  0.79478323
  0.43185863  0.35828603 -0.48021368  1.11606021  1.86960443  1.08037033
  1.67391071 -1.38609671 -0.4071106  -0.38468063 -0.92274168 -0.72302003
 -2.01904257  0.38086507 -0.99800678 -2.03817769  0.84767409  0.82063155
  0.42387378 -0.94991025 -0.53144243  0.51045438  0.48729381  0.20842846
  0.03447462  0.01178216  1.09327794  1.32967716  1.1623235  -1.49784229
 -1.24937766  1.21343885  0.69635451 -0.17362144 -0.67996675  0.36682166
 -0.9023653  -1.26043351  1.02627188 -0.32711407 -0.59282331  1.41996648
  0.60596165  0.13876338  0.63256623 -1.0825124   0.73564732  1.73821793
  0.69449525  0.2914968  -0.34150288 -2.38189059  0.3439367   0.80059679
 -1.13874001  1.73591251  0.49411469 -1.30095896  0.06975113 -2.01810392
  0.30413955  1.33341646 -2.31754617 -0.62805028 -0.40863962 -0.77635873
 -0.65595144  0.08742828 -0.05719181  0.48380561 -0.64925309  1.52936669
  0.10541837 -0.04393485 -0.33497581  0.92009146 -0.24096738  0.21164
  0.57352731 -0.67492038  0.54519284  1.5141031  -0.90566808  0.14593828
 -0.01029617 -0.89565141 -0.78218746 -1.55961235  1.3512381   0.08228565
 -0.03657479  1.02392419 -0.30045302 -0.5599322  -1.83053055 -0.84015601
 -0.11944421 -2.15856219 -1.44600041 -1.01228544 -1.86671313 -0.56582558
  0.29190019  0.44098217  0.2976037   0.9466101  -0.91777908  0.03189475
 -0.62757165  0.37918112  2.11224825 -0.76106738 -0.0767865  -2.13072915
  0.43963128  0.79690903 -0.72451339  1.1313794  -0.60996377  0.56894856
 -0.07222092  0.27030132 -1.75845286  0.82630018