-1.48388892e+00 -7.29111530e-01 -1.90027165e+00 -1.01223846e+00
  2.33342796e-01  4.04765001e-01  7.71519194e-01  9.54193072e-01
  8.85071833e-01 -1.62802643e+00  1.36104906e+00  4.17114427e-01
  1.00972487e+00 -1.52533464e+00  6.61943484e-01  1.81854873e+00
 -8.49504097e-01 -1.35611093e+00 -5.90451392e-01  6.65789422e-01
 -4.49716645e-01 -3.87762775e-02 -1.39334933e+00  3.92782009e-01
 -9.67786157e-01 -1.85104020e-02  3.29419394e-01 -4.78577020e-02
  1.52348926e+00  1.52255274e-01 -4.24831834e-01  7.51062933e-01
 -1.97674989e-02  6.30713829e-01 -7.65507240e-01  9.75573506e-03
 -6.58424137e-02 -6.39695947e-03  8.46402332e-01 -9.54759105e-01
 -8.95146512e-01  2.07492506e+00 -5.53017260e-01 -4.50142994e-01
  1.93928098e+00 -1.99654740e+00  9.62292881e-01 -7.63875220e-02
  1.30979182e+00  6.55029630e-01  1.38864748e+00 -8.04128546e-01
 -2.48709216e-01 -5.65365329e-01  1.69879101e+00  4.37139273e-01
  1.01807713e+00  4.05233223e-01 -5.62500674e-01 -1.69686233e+00
 -1.61883823e+00  2.59684593e-01  1.22180735e+00 -7.37705985e-01
 -1.43014448e+00 -1.93930556e-01 -3.53701916e-01  7.33989032e-03
  6.19774288e-01  1.48732611e-01  3.85261721e-01  5.97774513e-01
  4.43789668e-02 -1.42404534e+00 -9.63852561e-01 -6.67277949e-01
 -3.74245525e-01  1.74681049e+00  1.07782780e+00  1.92684337e-01
 -8.23926552e-01  7.98042601e-01 -1.53621845e+00  2.78190317e-01
  1.38828484e+00 -3.41029073e-01  1.20681800e+00 -1.70269132e+00
  1.07843882e-02 -9.28139160e-02  8.51591359e-01 -3.53903530e-01
  4.37723389e-01  9.53365934e-01 -8.73950729e-01 -5.02630935e-01
 -1.77473138e-01  1.11466184e+00  1.18809098e+00 -4.29294451e-01
  7.24210593e-01 -7.67155318e-04  6.52211541e-01 -1.41132192e+00
 -4.43439901e-01 -1.68055552e-01  9.44761479e-01 -5.10910241e-02
  4.21148126e-02  5.21444257e-01 -2.43585664e-01  3.03317299e-01
 -6.02538322e-01 -2.67095873e-01 -2.44863203e+00  2.99774960e-01
  5.70408240e-01  9.76782359e-01 -6.38137254e-02 -1.35652898e+00
 -1.16456299e+00 -1.80793812e+00 -1.23081781e+00 -4.05285751e-01
 -7.85681705e-01  1.50696088e+00 -1.20041732e+00  8.16733441e-01
 -3.94083363e-01 -2.41762204e-01  1.98647825e+00  1.24563965e+00
  5.90469959e-01  1.75870121e+00  5.87595824e-01 -1.33831430e+00
  3.22322034e-01 -7.22011622e-01 -1.00169213e-01  4.82049622e-01
 -8.39612430e-01  3.75641950e-01  1.11226575e-01 -2.24209630e-01
 -3.42104352e-01 -5.95711630e-01  3.85643154e-01 -2.80702203e-02
  2.37777984e+00  5.71848904e-01  1.64760582e+00  5.80209667e-02
 -5.42376037e-01  8.77763102e-01 -6.96639648e-01  8.74395694e-02
 -9.43477782e-01 -1.84343128e+00 -4.88322174e-02  1.95087577e+00
 -1.32660347e+00  1.28869288e+00 -5.87058336e-01  7.81318262e-01
 -9.51025169e-01 -9.72535237e-01  2.61855080e-01 -2.59635935e+00
 -7.72155703e-01 -2.11863521e-01  2.76039020e-01  1.71736610e+00
 -7.98719737e-01 -7.69592569e-01  1.60685438e+00  5.24191608e-01
  6.33572540e-01  6.01671433e-01  1.63721131e-01 -9.39356062e-01
  3.31770198e-02 -1.54237794e+00  1.46814596e+00  6.37413928e-01
  4.31858354e-01 -1.37683719e-01  6.03705380e-02 -4.59384128e-01
 -4.71705509e-01 -9.60830309e-01 -1.04792766e+00  3.43706407e-01
  1.06899804e+00  1.18401989e-01 -1.09749010e+00 -7.89134576e-01
 -2.73175953e-01 -9.43036719e-01 -2.26414928e-02 -3.56025774e+00
 -3.28839438e-01 -1.75299697e+00 -7.12106456e-01 -8.36671449e-01
  7.39735228e-01 -9.63828957e-03 -8.51216785e-01  6.35390993e-01
  7.84823772e-01 -9.86706836e-01  1.07821925e+00  1.56947496e-01
  3.30919720e-02 -1.17560498e-01  8.01036946e-01  6.41427298e-01
 -1.42834493e+00  7.63361310e-02 -2.86285919e-01  4.47883358e-01
 -2.40255951e+00  1.43873162e+00 -1.92282921e+00 -1.14889151e-01
  5.87773181e-01 -9.55074025e-01  1.42571314e+00 -3.50266217e-01
  6.49869907e-01 -6.55879897e-02 -6.20158281e-01 -2.41687514e-02
 -1.32880276e+00  6.09191050e-01 -6.18535455e-01 -5.35587735e-01
 -9.04822204e-01  1.09525852e+00 -3.53164192e-01  8.07602004e-01
 -8.35327552e-01  7.47446551e-01 -5.42900191e-01 -4.76006438e-01
  6.86216385e-01 -3.11629775e-01  6.18591480e-01 -5.79376708e-01
 -1.21899062e+00  6.54874518e-01  1.06050499e+00  3.35652088e-01
 -2.69958968e-01  1.64909131e+00  9.28123902e-01 -8.38168325e-01
 -5.66692006e-01  7.81067598e-01 -8.86538140e-01 -1.09857214e+00
 -7.32495505e-01 -7.24288061e-01  9.18459819e-01 -6.56889994e-01
 -2.29837506e+00  7.80048286e-01 -1.05672384e+00 -1.45558473e+00
 -8.94739850e-01 -1.34983249e+00  4.11693726e-01  9.21572079e-01
 -5.23842242e-01  5.40634734e-01 -3.70135125e-02  9.86233963e-01
 -9.46817552e-01 -1.90091658e-02 -1.71737673e-01  4.72646755e-02
 -3.57432209e-01 -1.39176469e+00  1.63641791e+00  1.42122502e-01
  4.85565569e-01 -1.41586679e-01  1.54165537e+00  7.75621098e-01
 -4.65371615e-01 -2.13448004e-01 -1.69567731e+00 -8.90138158e-01
  1.26792324e+00  2.74855593e-01  5.49543798e-01  1.42323122e-01
 -1.19998008e+00  3.59597367e-01  2.41125760e-01  1.20188679e+00
  1.56780027e+00 -1.06889894e+00  6.41672361e-01  3.58658779e-02
 -2.01941983e+00  1.75038749e+00 -1.30724624e+00 -1.29023787e+00
  1.38372276e+00 -5.75705149e-01 -1.95575698e-01  5.67802595e-01
  1.25600577e+00  2.56822495e+00  6.51955532e-01  1.51898534e+00
 -9.51233661e-01 -2.03302175e+00  5.41219498e-01 -5.32115925e-01
  3.70923465e-01  4.88679591e-01 -1.31383667e+00 -1.27612340e+00
 -3.59639243e-01  6.35907830e-01  1.50427065e+00  9.81562417e-01
 -5.37085053e-01  9.08771884e-01  6.45704011e-01  1.42650349e-01
 -1.43803122e+00 -9.52707789e-02 -1.05675042e+00 -4.51612482e-01
  6.74663323e-01 -7.38998345e-01  1.66331098e-01  1.10195697e+00
  1.38788825e+00  4.83567622e-01  1.21522371e+00 -1.22458844e+00
 -1.41106452e+00 -1.33470516e+00  3.17295666e-01 -1.46724828e+00
 -5.08004330e-01  9.31322285e-02  7.19023612e-01  3.77960040e-02
  1.47393677e+00  1.00787773e+00 -1.98544917e-02 -6.93332445e-01
 -5.15050723e-02 -1.31041745e+00  4.84615041e-01  1.85056868e+00
 -1.77206490e+00  2.87696321e-01  5.88008625e-01  1.52061156e+00
 -1.01380478e+00  9.98874529e-01 -6.43746025e-02  1.72734411e-01
 -1.50911408e+00  1.55348605e+00  6.47161907e-01  3.33371142e-01
  2.49614519e-01  1.67112080e+00  2.06246543e-02 -3.87048243e-01
  1.42268486e+00  3.37368709e-01  5.74328311e-01 -7.10718885e-01
  1.68050883e+00  6.63211228e-01  1.65548150e+00  1.14780142e-01
 -4.56653616e-01 -1.57110052e+00  5.35376968e-01 -2.43581942e-01
 -2.44290482e+00 -4.04286341e-01  3.64041664e-01  6.89286187e-01
 -2.34604204e-01 -8.87713763e-02 -4.53966080e-01  2.26526159e+00
 -5.52762701e-01 -8.36901353e-01  8.15348953e-01  1.00391621e+00
 -8.97719238e-01  2.21152835e-01  2.63355430e-01  2.91496089e-01
  4.00326526e-02  1.79918664e-01 -7.01184511e-01  4.53304453e-01
  4.68647888e-01  1.02936248e-01 -1.64366236e+00 -2.60572295e-01
 -5.26212323e-01  2.29633601e-01  4.57763049e-01  4.14098201e-01
  9.10442215e-01  9.94137156e-01  8.81486668e-01  1.83759830e+00
  3.19192257e-01 -2.33031788e+00 -5.79175508e-01 -1.46390220e+00
  4.48001383e-01 -2.32094881e-01 -4.80533159e-02 -1.42617071e+00
  3.23158567e-01  1.23946028e+00  1.40771372e+00 -6.31590211e-01
 -1.38779288e+00  3.08507463e+00 -1.50005024e+00  3.13943631e-01
 -4.49335791e-01 -1.13866844e+00  6.17606918e-01  7.75822261e-01
  1.06196469e+00 -6.88251740e-01 -1.07110893e-01  6.54277487e-01
 -1.18845894e+00 -2.75023429e+00 -6.09606326e-01 -4.08296423e-01
  1.02495767e+00  1.65636225e+00  1.31608352e+00 -4.81073697e-01
  1.04865443e+00  3.38324259e-01 -3.72618615e-01 -3.79833889e-01
 -9.31646400e-03  8.25077249e-01 -5.55442596e-01 -4.28785892e-01
  3.99811586e+00 -1.01396891e+00 -6.49088794e-01  2.14259751e-01
  1.59398620e+00  1.23289028e-01 -6.82865438e-01  1.23178721e+00
 -4.29992215e-01  5.15553863e-01  9.49706811e-01  5.53016093e-01
 -5.57142134e-01  7.39758021e-01  3.02173755e-01  6.30118835e-01
  9.80050610e-01 -4.46052992e-01 -6.85874058e-01 -1.22254075e+00
  1.84117915e+00  1.07095534e+00 -1.06902745e+00  1.22138565e+00
 -7.09279947e-01 -4.94401720e-02 -9.98660241e-01 -9.72353334e-02
  1.57964125e-01  6.47079229e-01 -1.40421703e+00 -8.55040087e-01
  1.12341039e+00  3.80409702e-01 -3.28471519e-01  8.81114804e-01
  8.51568775e-01  3.46004299e-01 -4.00802694e-01 -1.21988435e+00
  8.65555572e-01 -6.27486334e-01  2.38625289e-01 -9.69485144e-01
 -2.48640229e-01 -1.81784678e+00 -8.31650871e-01  2.10239597e-01
 -1.43032483e+00  1.36027691e+00 -1.50920092e+00 -4.06444524e+00
 -4.78238109e-01  3.27522271e-01  4.89468179e-01 -4.34780303e-01
 -7.46466189e-02 -5.97477348e-01 -7.86940609e-01  1.04588962e+00
 -8.20616734e-01 -1.84651646e-01  1.81982106e-01 -3.80451513e-02
  4.06392317e-01 -1.61077856e+00  1.08934643e+00 -6.09145319e-01
 -1.29787164e+00  6.75425573e-02 -8.89915322e-03 -6.80753255e-01
 -1.97790253e+00 -1.96115630e+00 -1.27714289e+00  1.52830852e-01
  4.22193642e-01 -7.74499875e-01  3.45994820e-01  7.34105789e-01
  2.02504835e-01 -8.59529367e-01  3.83388193e-01  1.69165175e-01
 -1.34639676e-01 -2.26671233e+00  6.61293879e-01 -2.90174421e-01
 -2.35808749e+00  3.95413838e-01 -1.19927172e-01 -4.81960220e-01
  1.22744090e-01 -1.98462079e-01  7.43911964e-01 -3.14729100e-01
 -6.20984623e-01  2.54712948e+00  1.27558748e+00 -1.84618879e-01
  7.66251103e-01  1.01649169e+00  1.03452643e+00  4.26792599e-01
  1.53019963e+00 -7.37502534e-01 -8.45647179e-01  3.66768730e-01
  1.65275888e-01  7.43617686e-01 -6.47512651e-01 -1.65800298e+00
 -4.47438806e-01 -1.27359259e-01  8.33809161e-02  9.08775247e-01
  1.87575862e+00 -2.16951294e-01  3.33049903e-01  1.29790490e+00
 -1.30011900e+00  2.58598484e+00 -6.40648658e-01  6.55285397e-01
 -1.09480631e+00  1.56514384e+00 -5.13311336e-01 -7.86694768e-02
 -8.81293813e-01 -4.71003050e-01  1.96649990e+00 -2.34477246e-01
 -2.30125163e+00  9.18085726e-02  1.00018105e+00 -4.79496392e-01
  2.03912385e+00 -8.92370601e-01 -7.57637839e-01  5.38042359e-01
 -4.51307319e-01  8.84437167e-01 -8.70230399e-01 -1.36130561e+00
 -1.34178152e+00 -7.39017432e-01  3.82628047e-01  1.13836645e+00
  1.09187692e-01  1.54826878e+00  6.08952621e-03 -2.80857410e+00
  6.39546999e-01  1.54447748e+00 -9.88545989e-01  1.04690465e+00
 -1.33511208e-01 -8.45172812e-01  2.02975151e-01  3.83987778e-01
 -1.37478571e+00  6.08116904e-01  5.98837098e-01  3.64678891e-02
 -5.70898556e-01  9.06781228e-01  4.07611288e-01 -4.46392310e-02
  4.79831660e-01 -2.21098011e+00 -4.47736447e-01  2.53104175e-01
  3.11162833e-01  1.53449044e-01  6.13854066e-01  3.98130503e-01
  6.12820963e-01  1.21438032e-01  2.21142517e+00  7.24497107e-01
 -9.16338945e-01  1.39393494e+00 -7.89144510e-01  9.74107456e-01
  1.16574654e-01  1.12169153e+00  3.32866673e-01 -6.42334435e-02
 -3.54310398e-01 -2.19050526e+00  1.10338593e+00  5.40864892e-01
 -1.88268134e+00  1.17050074e+00  9.34747314e-01  4.86957288e-01
  2.69439057e-01  8.80769257e-01  3.92636056e-01 -8.34516597e-01
  1.30663886e+00  5.74300581e-02 -5.44608525e-01 -7.11018519e-01
 -1.45825616e-02 -2.44432298e+00  4.64527431e-01 -1.41605347e+00
  1.53332169e+00 -5.39906471e-01 -1.22683209e+00 -7.57911335e-02
 -1.48408614e-01 -1.98579274e+00 -3.38989162e-01 -8.15471392e-01
  8.51958636e-01  1.04004840e+00  3.44198558e-01  1.72325437e+00
  2.62015832e+00 -3.81516048e-03  9.28133592e-02 -3.98965601e-01
 -1.86892464e-01  2.60939690e-01 -1.33973203e+00  3.75434273e-01
  1.37603746e+00  6.45376463e-01  1.79037448e+00  6.01615753e-01
  2.18227846e+00 -4.58162680e-01 -5.10655159e-01  1.94067903e-01
 -1.25785362e+00  1.31928627e+00  1.36534579e+00 -1.42024012e+00
 -1.79352857e+00 -2.03142256e-01  1.44839585e-01 -8.60984174e-01
 -9.98876820e-01  7.56588156e-01  3.01378606e+00 -1.01890065e+00
  1.00826141e+00 -1.50153136e+00  4.07765473e-01 -2.74139277e+00
 -3.36227096e-01  3.30737029e-02  3.06054746e-01  2.08633355e-01
 -5.12424578e-01 -5.13058967e-01 -1.25394248e+00  1.27609165e+00
  2.54523438e+00 -3.35454008e-02  1.25680527e+00  1.32387677e+00
 -1.23299369e-01 -1.61815232e+00 -4.36398181e-01  5.08011310e-01
  1.07813247e+00  1.19433248e+00 -1.24980942e+00 -9.93518395e-01
 -4.87542955e-01  2.04067007e+00 -3.59951933e-01  1.04767788e+00
  8.87226887e-01 -5.85802568e-01 -1.85040479e+00  1.02043346e-01
 -8.31092829e-01  9.19736321e-02 -1.51509380e+00 -1.10847876e+00
  1.80915811e+00  1.00348357e+00  2.20555907e-01 -1.12167721e+00
 -5.83008311e-01  1.14791743e+00 -1.62063126e+00  2.28177216e+00
  5.44337606e-01 -9.71208156e-01  1.49022799e-01 -1.04598189e+00
  9.35214481e-01 -8.81686279e-01 -2.07599625e-01  1.00594266e-01
  1.23765306e-01  5.59954246e-01 -4.85725058e-01 -8.35047743e-01
  9.31165385e-01 -5.90658735e-01  1.03265506e-01  1.87927589e+00
  6.70342258e-01 -4.47942427e-01  2.12155278e+00 -2.68568630e-01
 -9.76653745e-02  1.63853593e-01 -9.76356015e-02 -5.16150162e-01
  2.46041988e-01  2.05644005e-01  1.53269095e+00 -7.45854022e-01
 -1.35260558e-01 -1.64798341e+00 -4.76344091e-01  8.29759472e-01
  1.84036615e+00  1.33208004e+00 -3.17414322e-01  1.22418429e+00
 -7.81373215e-01 -1.10691439e-04 -1.10792254e+00  4.79040801e-01
 -1.03382974e+00  9.75088315e-01  1.08424548e+00 -2.46942647e+00
  3.58788346e-01 -1.31782710e+00  2.94750213e-01 -2.89280123e-02
 -8.81094630e-01 -7.20471903e-01 -9.48755973e-01  1.62552866e-01
 -1.91229886e-01  9.79001662e-02  2.10116302e+00 -1.53087295e+00
  1.26378118e+00 -7.40298598e-01  4.73115755e-01 -1.84393539e+00
  5.73173320e-01  2.69465040e-01  4.99313408e-01  4.94857607e-01
 -1.16431115e+00  2.33241517e-01  6.56662218e-01  1.23518750e+00
  7.28563651e-01 -1.21899185e+00  1.98924259e-01  4.96122850e-01
 -8.46577741e-01 -8.44488926e-01 -8.94745713e-01 -5.68506224e-01
 -8.73881686e-01 -1.77967723e+00  2.30992953e-01  4.51191288e-01
  1.60120844e-01  5.83288267e-01  1.17081382e+00  4.37345693e-01
  1.53398294e+00 -1.25139320e+00  1.31506703e+00  2.65321787e+00
  3.33543987e-01  5.76273895e-01 -1.43282867e+00  8.69017716e-02
 -7.29029117e-01  1.24848026e+00  1.41692343e+00 -6.50549217e-01
  6.76539869e-01  2.27672803e-01 -1.35217695e+00  3.06091396e-01
  9.98234971e-02  1.12600902e+00  6.88365711e-01 -4.95270633e-01
 -1.76295688e-01 -5.13525502e-01  2.45171996e-01  4.32399447e-01
 -4.50003280e-01 -4.46199262e-01  2.73018455e-01 -1.74704998e+00
  1.94933660e-02  5.28475432e-01  4.02552818e-01  1.91430555e+00
  5.62457546e-01  3.31373545e-01 -9.84514543e-01 -1.67768359e+00
 -1.38039342e+00 -3.90014140e-01  1.36398638e+00  1.12592064e+00
  9.59604290e-01 -6.41863187e-01 -3.93555177e-02 -4.63801540e-01
  3.13851207e-01  2.02415947e+00  7.12041996e-01 -1.30252088e-01
  9.20317850e-01 -6.22503020e-01 -3.29629771e-01 -7.20587260e-01
 -4.07574096e-01  1.00608171e+00  4.95641871e-01 -2.96057646e-01
 -7.00451572e-01 -2.19093209e+00  1.64645199e+00 -1.84006457e+00
 -6.27274680e-02  1.14176348e-01 -2.37538659e-01 -1.36731243e+00
 -6.85867591e-01 -1.03487171e+00  4.10266796e-01  6.56899554e-01
  2.17402454e-01  1.19772484e+00 -2.29559908e+00 -1.16020441e+00
 -4.46664850e-01 -2.24790921e+00 -3.00660317e-01 -7.07144219e-01
  3.39523786e-02  1.38267780e+00 -4.00131754e-01 -4.25699032e-01
 -2.90606818e-02 -3.02398305e-02  7.83682362e-01 -1.60393052e+00
 -9.46650401e-01 -8.10241141e-01 -6.95227278e-01  5.24423286e-01
  1.07759773e+00  3.42020179e-01 -4.87738402e-01  5.75335335e-01
  4.93887528e-01  8.13916819e-01  2.14627333e-01 -1.90247732e-02
  7.87127872e-01 -1.04644003e+00 -9.85251826e-01 -1.27223245e-02
 -1.69021235e-02 -1.11822472e+00  1.52680497e+00  2.02245070e-01
  9.89211619e-01  1.21491720e+00  4.82415982e-01 -4.13133405e-01
  1.22973690e+00 -1.83707486e+00  1.00759058e+00  7.57811926e-01
 -2.98643641e-02  9.46087247e-01  4.36237490e-01  5.10126366e-01
  8.88409138e-01  4.89898027e-01 -1.33236457e+00 -1.75586031e+00
 -1.26990629e+00 -8.02033577e-01 -1.49423790e+00  8.20086289e-02
  5.73569937e-01 -9.34183273e-01  1.36090871e-01  2.96711110e-01
  3.40247345e-01  6.23763136e-01 -7.09055346e-01  1.53385509e+00
 -1.83792812e+00 -1.58572875e-01  1.94684567e-01  9.13930191e-01
 -3.22076026e-01 -1.03611314e+00 -3.69636930e-01 -7.06040210e-01
 -1.72637625e-01  1.29533157e+00 -2.31136489e+00  7.65924203e-01
  1.86846200e+00  1.84944532e+00 -2.89190687e-01  8.56616637e-01
  1.37478166e-01  2.40045803e+00 -5.53705414e-01  2.75109048e-02
  4.55157945e-01  2.14817277e+00  9.80360988e-01 -7.37426811e-01
  2.42268913e+00  4.18212918e-01  1.86955702e+00  4.19899119e-01
 -1.66224887e+00  3.11412729e-01  2.72109221e-01 -1.19728090e+00