-2.08583970e-01  3.73106913e-01 -8.77470247e-01 -4.92118589e-01
 -6.32816543e-01 -1.05201914e+00 -4.35318875e-01  1.42407040e+00
  6.97084285e-01  1.14582975e+00 -5.46970770e-01 -1.06288645e+00
  7.41631954e-01 -7.57379903e-01 -1.01858935e+00 -4.61154472e-01
 -2.08702207e+00 -8.88743411e-01 -9.62073063e-01  1.34273179e-01
 -2.35878651e+00  4.79423103e-01 -5.53100545e-01  6.63202754e-01
  6.63532479e-02 -3.60527802e-01  1.80649424e+00 -1.07227054e-01
 -3.03526778e-01 -1.63578147e+00  1.28380924e+00  8.37740812e-01
 -1.13414085e+00  2.38090126e-01 -8.15856882e-01  9.75993300e-01
 -4.66563755e-01 -1.04401149e+00  2.91881096e-01 -1.72525721e+00
  1.06627342e+00 -1.10332798e+00 -1.57566582e+00 -4.01895873e-02
 -1.00239897e+00  4.71558469e-02 -1.35105050e+00 -7.07885938e-01
 -5.32913135e-01  1.92302423e-01  4.13369102e-01  7.83230453e-01
  3.35294500e-01  1.89720195e+00 -7.66184739e-02  7.91532746e-01
  1.19268343e-02 -5.52053841e-01 -2.51728873e-01  1.94968954e-01
  9.25121882e-01  5.20023922e-01  1.24625715e-01 -6.06917824e-02
  4.71637815e-01  1.37300408e+00 -5.12092991e-01 -8.07670266e-01
  6.98633622e-01 -2.09829911e-02 -3.53265918e-01 -4.21374401e-01
 -1.79131720e+00  5.91837596e-01  7.57066298e-01  2.72540301e+00
 -2.99301423e-01 -5.54514537e-01  9.25121698e-01  3.76267145e-01
  1.75333886e+00  4.05509178e-01  4.53811721e-01 -1.41527630e+00
  3.34880575e-01 -5.07368568e-01 -1.16492073e-01 -1.66725371e-01
  1.93193017e-01  1.06687676e+00 -1.33315264e-01  2.14507102e+00
 -1.17749516e+00 -2.73846387e-02  1.05480455e+00 -1.05730382e+00
  5.13794828e-01  9.96459090e-02  1.16413859e-01  1.72675188e-01
  1.67439003e+00  5.00155101e-01 -1.20357234e-01  2.41288758e+00
  6.10519444e-01  3.77016135e-01  6.29195325e-01 -1.37322336e+00
 -6.84217808e-01  2.46522519e-01 -6.03965888e-01  4.49588286e-01
  1.62592502e+00 -1.31804624e+00  2.93720559e-02  1.16742376e+00
  9.82047073e-01  6.90793503e-01 -1.10606892e+00 -1.86856264e+00
 -1.40155309e+00 -1.38063389e+00  8.14311006e-01  1.63225873e+00
 -6.81587325e-01  2.05154620e-01 -7.62814459e-01  2.75198029e-01
 -2.86736016e+00 -7.63981158e-01  1.15716466e+00  1.84972149e+00
 -3.05729482e-01  9.13956664e-01  1.75729483e+00  7.59487520e-01
  9.12892844e-01  4.91321129e-01 -1.28965932e+00 -3.38042614e-01
 -5.69019186e-03 -1.71785021e-01 -2.22158387e-01 -3.71819553e-01
  9.10556139e-01 -2.14899659e+00 -2.11747740e+00  7.26882787e-01
  7.67092896e-01  1.65066205e+00  3.75651930e-01  9.95689577e-04
 -1.23240101e+00  1.19584584e+00  8.49162808e-01 -3.76876044e-01
 -1.13744813e-01  2.01853399e+00  2.76997305e-01  4.83057845e-01
 -6.66670082e-01 -1.02279919e+00  4.28272835e-01 -1.40389124e-01
  4.57291899e-01 -9.43867967e-01  1.62991644e-01 -1.45968615e+00
 -2.44749934e-01 -6.68535841e-01 -7.25185443e-01  4.08379761e-01
 -9.58776424e-01 -3.48788739e-02 -5.18919195e-01 -8.81481462e-01
 -4.73618854e-01 -4.57106325e-01 -1.48323542e+00 -7.80358854e-01
 -5.52616364e-01 -4.46664926e-02  9.68387880e-01 -1.41501780e+00
 -1.56166326e+00 -1.67529555e-01 -1.83518117e-01  9.84723165e-01
 -9.50831442e-01  1.25812205e-01 -4.71299821e-01 -8.47053740e-01
 -1.52065566e-01  9.57656067e-02  1.03206664e+00 -2.19268352e+00
  9.20049593e-01 -4.85584778e-01 -1.84864230e+00  1.44325555e+00
  1.84723718e-01 -8.65723794e-01  5.44022664e-01 -4.66924759e-01
  3.60449799e-01 -1.64408397e-01  4.46233058e-01  6.51843714e-02
  7.95374599e-01 -8.22099933e-01 -3.49376181e-01  1.23942280e+00
 -2.21103926e-01  3.13641729e-01 -9.31958533e-01  8.33070132e-01
  1.16496882e+00  9.97332206e-01  1.47559300e-01  1.21380716e-01
 -4.96823037e-01  3.73356315e-01 -4.16035243e-01  1.11034092e+00
  8.68193124e-01 -6.18083933e-01  5.30038050e-02  3.86832553e-01
 -2.59934884e-01 -7.13342428e-01  1.37362054e+00 -1.09246404e+00
 -6.92932158e-01 -6.11678929e-01 -1.48791519e+00  3.56668545e-01
  2.21291757e-01 -1.04162719e+00  4.79238937e-01 -4.73351695e-01
  1.46902210e-01  5.65188533e-02  8.32477250e-01  4.65476797e-01
 -1.91833636e+00 -1.02743015e+00  6.79221986e-01 -4.77581917e-01
 -6.30117525e-02  2.20621033e-01  1.24117857e+00  3.93599810e-01
  6.50664518e-01 -5.29481722e-01 -1.18609326e+00  1.32180136e+00
  1.23080415e-01 -2.17695710e+00 -2.89594134e-01  6.87863638e-01
  2.21579294e-01  7.51861758e-01  6.98665211e-03  1.22469693e-01
 -1.33455666e-01 -1.02566427e+00  1.99990927e+00 -2.01523742e-01
  1.07321145e+00 -1.49106446e+00  1.41946593e+00  1.81307218e-01
 -6.77982641e-01  6.62730309e-01  1.06579589e+00 -6.82507911e-01
  6.00851065e-02 -2.76785973e-01 -3.36893590e-01 -7.48904178e-01
 -1.21667819e+00  8.68261264e-01 -3.65561720e-01 -2.28902147e-01
  5.95477594e-01 -4.61675561e-01 -5.75111631e-01  5.29371222e-01
  1.24028544e+00 -1.62825151e+00  1.52091096e-01  2.03920897e+00
  1.92274409e-01 -5.26434752e-01  9.04422410e-01  5.50542502e-01
 -5.61903964e-01  1.14430909e+00 -1.46262226e+00  3.85385490e-01
 -9.19381155e-01  1.52541553e+00 -8.70943117e-01 -8.51086029e-01
 -1.20156856e+00 -6.45764629e-01 -4.88233378e-01 -1.72907227e+00
  6.42197843e-02  7.70954669e-01 -1.32151514e+00  9.26074333e-01
 -7.84415433e-01  1.99651143e-01  6.17052041e-01 -4.73071723e-01
  3.49442360e-01  4.76274915e-01 -1.97309676e-01 -7.34229196e-01
 -2.02488330e+00  1.04078994e+00  9.85703385e-01  9.85073427e-01
 -9.89018107e-01  1.66074799e+00  1.34121893e+00 -3.24455687e-01
  1.07900210e+00  2.44493132e+00  1.75011577e-01  1.67353125e-01
  5.96984265e-01 -1.96844117e+00  1.45045310e+00 -1.06207130e+00
 -1.93701843e+00 -1.00088841e+00  6.36949768e-01 -4.09519073e-01
 -3.16677526e-02 -5.44409998e-01 -1.00604277e-01  4.70263914e-01
  1.20297674e+00  1.94365622e+00 -9.57541123e-01  3.52766681e-01
  4.67247631e-01 -1.71220894e+00 -5.94691992e-01  8.69848889e-01
  5.13758682e-01 -2.24065638e+00 -5.71192427e-01 -1.50254105e-02
  1.49943347e+00 -9.70962543e-02  4.37258288e-01 -1.57900617e+00
  4.85837597e-01  6.39360885e-01 -3.31978641e-01 -1.97197590e+00
 -7.23419889e-01  1.02786740e+00 -1.12122379e+00  9.30840277e-01
  2.48294113e-01 -2.50752975e-01 -3.68755320e-01  3.99351742e-01
  4.10070253e-01  2.20973864e+00  1.14601260e+00 -1.99075028e+00
 -5.22424331e-02 -3.67111820e-01 -9.10651274e-02 -1.70172547e-01
 -4.24059064e-01 -2.87765320e-01  3.12497470e+00  1.65157604e+00
 -5.23039241e-01 -3.59722926e-01  2.71205853e-01  6.40827376e-01
  4.07243986e-01 -3.72617279e-01 -6.81196393e-01  5.12577289e-01
  1.77838392e+00 -3.24566835e-01  6.76361756e-02 -6.81144821e-01
  1.82695736e-01 -8.80503180e-02  1.59215742e+00  5.92275356e-01
 -7.14408723e-02 -6.74697180e-01  1.18560612e+00 -1.22644974e+00
  6.12142948e-01  7.61557926e-01  7.60219597e-01 -1.17095909e-03
 -4.36930542e-01  8.69980929e-01  9.04889697e-01  3.54191077e-03
  9.15626215e-01  2.74878797e-01 -1.39413387e-01 -9.93133757e-01
 -9.49196406e-01  9.39991609e-01  9.25049965e-01  5.67006258e-01
 -6.96713832e-01  1.09216235e+00 -4.87010342e-01  1.38936330e+00
  4.27259497e-01 -3.63243028e-01 -9.46541072e-01  7.91926746e-01
  1.38541766e+00 -8.08017293e-01  1.37435543e-01 -1.68421464e-01
  8.69757930e-01 -3.14757244e-01 -1.37315195e+00  2.62186224e-01
  8.71356836e-01 -2.73581356e-01  1.47500022e-01  3.35895787e-02
 -6.71124670e-01  3.63308908e-03  9.81177203e-01 -5.48146530e-02
  3.41967813e-01 -6.58537755e-01  3.45324883e-01  8.99291565e-01
 -1.15404477e+00  5.85776169e-01  3.33864377e-02  7.54383954e-01
 -4.29777365e-01 -1.55386407e+00  5.16577171e-02  1.55536340e-01
 -3.65831456e-01 -3.68949797e-01  4.90465467e-02  1.03305040e+00
 -2.21400956e-01 -6.15669896e-01  1.10260059e+00  1.95469054e+00
  6.97495076e-01  2.91162672e-01  1.67138049e+00  6.16976819e-01
 -1.15728988e+00  2.95178092e-01  6.82181223e-01 -1.42071575e+00
  6.65555406e-01 -1.33290031e-01  1.03852865e+00  2.07187192e+00
  6.12505544e-01  5.90019837e-01 -3.80641285e-01 -7.16895290e-01
  1.19862513e+00  4.26708385e-01  7.25546808e-01  4.41656153e-01
 -7.56052534e-01  1.29320845e+00  1.02484076e+00 -4.67745951e-01
 -7.82886098e-01  3.06022547e-01  2.79442609e-01  1.36769258e+00
 -3.28015870e-03  1.05319142e+00  1.48080847e+00 -3.20811880e-01
 -7.96570768e-01  4.59700092e-01 -9.42486632e-01  1.24675490e+00
  1.29037653e+00 -9.44454303e-01 -8.12951581e-01  1.78093933e+00
  7.59546929e-01  4.99811880e-01  4.02395402e-01 -4.51944702e-01
  9.13034187e-01 -9.79573189e-01 -1.93480727e+00  1.62117483e+00
  1.12330738e+00  1.69185740e-01  1.37092372e+00 -3.74326188e-01
  7.53297587e-01  4.92042716e-01  7.50627658e-01  1.56923444e+00
 -2.72205840e-01  1.31046711e+00 -1.32433156e+00 -4.25742236e-01
 -4.19468799e-01  2.84399378e-01  5.56427911e-01  5.01255611e-01
 -1.83229974e-01  5.56205070e-01 -6.26982876e-01  1.31653658e-01
  9.10344050e-01  4.76757963e-01 -1.01052203e-01 -1.66583886e+00
  5.39514115e-01  1.14320966e+00 -4.17605795e-01 -2.11913900e+00
  5.05628890e-01 -7.20979230e-01 -8.99915280e-01  1.45906054e+00
 -3.07272382e-01 -1.50269786e-01  3.74911387e-01  5.85329873e-01
 -2.60997156e+00 -1.01476638e+00  4.97391983e-02  4.56002603e-01
 -5.52472826e-01 -1.41384799e+00 -2.00621237e+00  7.14571320e-01
 -8.66539762e-01  1.70557233e-01  4.57509717e-01 -7.86802439e-01
  8.81454383e-01 -4.52106899e-01  5.33482254e-01  1.23964265e-01
  3.68674456e-02  2.39702979e-01 -1.73253876e+00  6.04380394e-01
 -8.63385674e-01 -1.66481875e+00  1.15728120e+00  1.14273514e+00
 -5.99206790e-01  1.38162834e+00  2.59697371e+00  4.27585134e-01
  1.50308391e+00 -8.19116975e-01 -7.25545498e-01 -9.24813643e-01
 -6.11418462e-01 -6.43108379e-01 -6.26123523e-01 -9.05588445e-01
  7.88150849e-01  5.38911881e-01 -1.86086735e+00 -2.12207270e+00
  2.95665766e-01 -9.33219138e-01  1.93999857e-01  1.19367872e+00
 -1.52253519e+00 -9.06868138e-01  2.08301059e+00  6.63579027e-01
 -1.80420147e-02 -1.10483484e+00 -8.96535601e-01  9.99732552e-01
 -3.91954772e-01 -2.54458439e+00 -1.36940490e-01 -1.08313396e+00
  4.78515040e-02 -2.82396776e-01 -5.75959629e-01 -1.54888697e-01
  7.62165586e-01 -1.38042232e+00 -5.47505569e-02 -2.40247269e+00
  6.89131335e-01 -2.11149353e-01  2.92693784e-01 -1.01959849e+00
 -2.72754887e-01  7.92795658e-01  9.33056834e-01 -1.10597514e+00
 -1.14745424e+00 -4.19348507e-01  9.78525693e-01  7.96915993e-01
 -6.04682252e-01 -3.22803322e-01  3.84147454e-01 -1.17691791e-01
  9.29299632e-01 -1.20505901e+00 -7.93231037e-01  1.39724298e+00
 -1.59432861e+00  8.50035462e-01  8.36334998e-01  4.65666875e-01
  9.69887857e-01 -7.77417060e-01 -5.08133112e-01  4.70885732e-02
 -2.00917912e-01 -2.47968823e-01 -2.02042054e+00 -1.46205339e+00
  4.00652691e-01  1.58258686e+00 -6.59351230e-01 -2.96063904e-01
  9.63080898e-02 -1.80770995e-01  1.24896588e+00 -3.11520231e-01
  7.46422105e-01 -5.41985045e-01 -8.66888062e-01  6.07237309e-01
  5.51100756e-02  7.52856083e-01  1.07623153e+00  4.20659912e-01
 -1.46083608e+00  6.92829875e-01  1.91943537e-01 -1.01357874e+00
  9.46123108e-01 -1.07654944e+00 -3.76901701e-01 -1.04383045e-01
 -7.65734831e-01  2.79641624e-01  1.66856490e-01 -4.71479798e-01
 -1.00922327e+00 -1.33520082e+00 -1.02326527e+00 -1.03298047e+00
 -1.13890506e+00 -1.23999691e+00 -2.65396116e-01  5.36657976e-01
 -5.96991035e-01  7.09670096e-01  1.10311667e+00  4.04199942e-02
 -9.65439168e-01 -8.58823798e-01  9.76655497e-01  2.23493453e-01
 -4.17717093e-01 -8.29362273e-01 -9.61729298e-01  1.50859649e+00
  1.70002029e+00 -4.09778952e-01 -5.53423393e-01  1.00561243e+00
  1.18222371e+00  3.78374228e-01  1.37412792e+00  1.20970771e+00
 -1.48616983e+00 -2.91355458e-02 -5.45359546e-01  7.49125957e-01
  8.48378407e-01  2.38593327e+00 -2.33420888e-01  1.75095380e+00
 -2.12077790e-01 -5.27323350e-01 -1.30229432e+00  1.06120420e+00
 -3.48040711e-01  2.95219638e+00 -1.60963602e+00 -9.60195736e-01
 -6.46270221e-01  1.09395965e-01 -2.65479301e-01  9.58953728e-02
  1.03457600e-01 -1.53832060e-01 -7.44469373e-01 -3.45249957e-01
  1.26277257e+00 -7.73787647e-01  2.78011657e-01 -8.74238151e-01
 -9.43825213e-01 -1.76894291e+00 -8.68320462e-01  1.06151444e+00
 -1.54998076e+00 -1.05763737e-01 -1.57875168e-01 -6.03259734e-01
  5.26679466e-01 -6.51451126e-02 -1.15045625e+00 -1.44370025e+00
  1.34245442e+00  2.63262575e-01  1.48404420e+00  1.80044063e+00
  9.24835239e-01  9.14701089e-01 -7.46578410e-01  4.32615858e-01
 -1.03955707e+00  1.16113345e+00  3.88113594e-01  2.27927834e+00
 -1.37150318e-01  3.68108651e-01  4.19630371e-01 -1.36962264e+00
 -8.84287509e-02 -8.32636614e-03  9.54155096e-01  1.20921809e+00
  1.23994027e+00  1.46889757e-01  7.42027587e-01 -1.67326683e+00
  7.91007219e-01 -5.79504633e-01  4.15197682e-01  5.20581912e-01
  4.29194915e-01 -1.07749575e+00  4.84646236e-01 -8.87661900e-01
  2.43763569e+00 -1.47541073e-01 -2.17798370e-01 -1.82525846e-01
 -3.88400633e-01 -1.61389799e+00  6.44829797e-01 -1.02172389e-01
 -7.42907114e-01 -7.92408350e-01  9.35853836e-01  7.66839873e-01
 -9.45932877e-01  7.35227624e-01  4.95845891e-01 -1.41182237e+00
  1.05188899e+00  3.50736314e-01 -1.76875367e-01 -1.63134533e+00
 -8.11365181e-01 -2.39295200e-01 -6.43000423e-02  1.12024541e+00
  1.54323521e-01 -1.46448021e-01 -6.69431321e-01  6.17438930e-01
 -9.46812334e-01 -7.72413641e-01 -1.84322509e-01 -2.03129499e-01
  1.47206610e+00 -1.35273107e-01  2.73853098e-01  1.32383021e-01
  1.44159337e+00  1.40757152e+00 -1.55175052e+00  9.84867124e-01
 -5.90868916e-01 -1.71792317e-01  1.89129629e+00 -9.15704702e-01
 -4.60646943e-01 -3.63999966e-01 -1.00752810e+00 -1.53178953e-01
  1.37780851e+00  9.29365166e-01 -6.77273066e-02  1.26622328e+00
  3.37628211e-02 -4.83945443e-01 -9.92835531e-02 -3.73572818e-01
  1.14386603e+00  8.54526058e-01 -6.73584681e-01 -9.10434567e-01
  4.75462636e-01 -2.97364864e+00  2.18191445e-01 -1.19813391e+00
 -3.14502370e-01 -9.62250795e-02 -1.25147164e+00  1.66900355e+00
 -4.73166649e-01 -3.16513736e-01 -2.86148377e+00 -1.38313632e+00
  4.57538450e-01  1.44561644e+00  1.30092674e-01 -6.09461219e-01
 -3.19749744e-01  6.02685171e-01 -7.57677922e-02 -4.61977712e-01
 -1.08796384e-01 -4.55316059e-01 -1.25658203e+00 -1.64533645e+00
 -1.64150901e+00  1.26947056e+00 -2.37637153e+00  4.63457729e-01
 -8.97229560e-02  3.81496588e-01 -1.14897148e+00  3.49464287e-01
  7.26647214e-01  2.01417075e-01  1.28249560e+00 -4.96133351e-01
  7.98502096e-01 -5.77931847e-01  1.77323215e-01 -4.79937246e-01
 -5.12612714e-01 -1.86720147e-01 -7.75569112e-01  1.07221858e+00
  9.79317078e-01 -1.02402843e+00 -1.53602783e-01 -9.75937489e-01
  1.14673498e+00  8.56372095e-01 -8.98040948e-01 -1.23283755e+00
  3.55864007e-01 -2.99093711e-01  8.12380521e-01  1.39127748e+00
 -1.79954646e+00  1.45597755e+00 -2.72076125e+00 -1.70654522e-01
  2.00028782e+00  1.06291919e+00  1.90162776e-01 -2.71894161e-01
 -6.32385940e-03  1.44368577e+00  3.37656786e-01 -6.87228827e-01
 -6.76271245e-01  1.92770543e-01  8.38447027e-02 -9.24675933e-02
  4.53122654e-02 -3.39125104e-01 -1.22065439e+00  1.12329191e+00
  4.81777536e-01  1.62692690e-01  2.08336357e-02  1.54621426e+00
 -3.19826087e-01  3.90916380e-01 -1.32074874e+00 -9.96408134e-01
  7.98192988e-01  4.63940860e-01 -3.45700550e-01 -1.05874628e-01
 -4.55932422e-01 -2.85958257e+00 -1.06661468e+00  1.39563695e+00
  5.34545068e-01  4.50117290e-01  2.78111770e-01  1.42455401e+00
 -3.44058039e-01 -1.19278274e-01 -1.11844064e+00  1.50891115e+00
 -4.91426980e-02 -8.63605137e-01 -9.27293697e-01 -3.79041795e-01
 -2.64313842e-01 -6.57670408e-01 -1.03370399e-01 -7.26766707e-02
 -4.61324523e-01  5.77077658e-01  5.83406560e-03 -9.26997401e-01
  2.95286797e-02 -8.56806773e-01 -7.49664522e-01 -6.58688884e-01
  2.76270568e-02 -1.32736874e+00  3.94628544e-01 -8.89436889e-01
 -1.60961430e+00  2.05971854e-01  9.65851216e-02  1.15246348e+00
  3.13694391e-01  9.43356611e-01  1.06169657e+00 -7.61886386e-01
 -1.70148379e-01  5.58420696e-01 -2.00587009e-01 -1.18422237e+00
  9.28438984e-01  6.82145391e-01 -3.42031962e-01  6.58341610e-01
  5.92983713e-01 -1.28270565e+00 -1.16809549e+00  1.40462662e+00
  3.86010034e-01 -2.54018176e-01  6.36069927e-01 -1.83988003e-01
 -8.08474696e-01 -2.39408949e-01 -2.21329791e+00  3.95251959e-01
  1.37013223e-01  1.62698063e+00  1.53606751e+00  1.33718300e+00
 -3.80600422e-01  6.97196446e-01  1.07955249e-01  1.10835616e+00
 -1.09466765e+00  4.68043034e-01 -3.36028632e-01  9.48067484e-01
  1.63629083e+00  2.21760549e+00  2.60520239e+00 -1.63483729e+00
  9.72594282e-01 -7.95150811e-01  9.56516363e-01  3.83356083e-01