 2.48108545e+00 -1.27323596e-01  5.20236277e-01 -1.25637573e+00
 -1.30737223e+00  9.97286755e-01  9.54049338e-03 -5.43403537e-01
  7.65367273e-01 -2.31392669e+00 -4.17325133e-02  8.90119279e-01
  3.96397697e-01 -3.20807761e+00 -6.08989422e-01 -1.86836156e+00
 -5.40521935e-01  1.57261330e+00  1.79867890e+00  1.35067630e+00
 -1.62117352e+00  6.59618405e-01  1.19071830e-01 -9.84224695e-01
 -1.06221682e+00 -1.14017393e+00  8.76543745e-01  2.61218610e-01
 -6.93193991e-01 -1.18235208e+00 -2.05421031e+00 -1.47305229e-01
  1.20331929e+00  7.09692914e-01  1.24066409e+00 -1.42103571e+00
 -1.78321238e+00  2.37093938e+00  1.17977656e+00  1.33766856e+00
  8.76532607e-01 -6.31572287e-01 -1.08517897e-01 -4.52733912e-01
  1.45195056e-01 -7.98476031e-01 -4.67723439e-01  1.29365136e+00
  4.32995760e-01 -5.60912499e-01 -3.08503761e-01  2.47089068e-01
 -8.98746305e-01  1.76798868e+00 -1.22983641e+00  2.13256043e-01
 -1.29406037e+00 -1.06352884e+00  9.08219903e-01  8.81038289e-01
 -1.94869991e-01 -1.14036300e+00 -1.65624203e+00  9.34694496e-01
 -1.73734379e+00  2.71478043e-01 -1.36458910e+00 -1.38523560e-01
  6.58893085e-01 -1.23455501e+00  1.51116323e+00  6.24245396e-01
  4.30930577e-01 -2.19798434e+00  8.23175158e-01  1.15604074e+00
  2.53929619e-01 -9.43897581e-01  1.37434598e-01  4.90498105e-01
 -4.06959609e-01  4.56125851e-01  5.87388073e-01 -3.20839268e-01
  3.96483422e-01  6.27194293e-01 -5.97474138e-01  5.19836676e-01
 -2.29765160e+00  7.64045649e-02  1.92320953e+00  1.28267118e+00
 -1.07991134e+00  7.47431795e-01  8.25734796e-02 -2.19657213e-01
  1.71957743e-01  6.55557001e-01  4.55878548e-01  3.32908550e-01
 -4.85083254e-01  9.61239978e-01  1.09464658e+00  5.36138991e-01
  1.39255055e+00 -7.76626866e-02 -2.64859267e-02 -7.92783928e-01
  8.05929687e-01  1.24997871e+00  3.34625023e-01  1.26624947e-01
  2.60181294e-01 -1.74032675e+00 -1.06386001e+00  6.52934384e-02
 -5.24381217e-01 -6.71275823e-02 -5.24079228e-01 -7.18626324e-01
 -2.98713075e-01 -1.23346069e+00 -1.07433280e+00 -8.35491539e-01
  2.34344686e-01 -1.17113541e+00 -2.50398490e-03 -1.31857777e-01
  1.29528554e-01  2.11833223e-01 -9.85655396e-01  2.80320942e-01
  2.39670711e-01 -1.20023068e+00  5.10190019e-03  1.09302325e+00
 -6.61603395e-01  2.47337902e-01  1.88683511e+00 -8.51390220e-01
 -2.68258647e-01 -1.08550439e+00  2.76046176e-01 -5.89751082e-01
 -5.60073153e-01  1.84898699e-01  1.89351277e-01  1.48422971e+00
  1.15466603e+00  1.63091092e-01 -1.42025613e+00  1.24175215e+00
 -1.01849388e+00 -1.01156471e+00  8.92310244e-01 -1.39364829e+00
 -4.98759249e-01  4.92309353e-01  7.56014873e-01  1.89946893e-02
  2.02163079e+00  7.80587387e-01  5.13156785e-01  1.56278424e-01
  2.78529588e-01  4.64103044e-02 -2.32382372e-01  7.47131613e-01
 -6.84770853e-01  7.48776684e-01 -3.38167752e-01  1.98646323e+00
 -1.67324984e+00  5.70642268e-01 -6.90525350e-01  1.22272517e-01
  2.01004357e+00 -7.28902990e-01 -6.25327552e-01  9.46964320e-01
  3.67350235e-01  2.88017597e-01 -9.39387603e-01  1.68316972e+00
 -1.35203636e-01 -1.50964350e+00  1.34142777e-01  4.77173191e-01
  3.20455244e-01  1.35946403e-01  1.03879252e-01  1.01821014e+00
  3.83518140e-01  1.07766498e+00 -6.32440421e-02 -3.58604850e-01
 -1.01312194e+00 -2.05285954e-01 -6.80920739e-01 -1.95144970e+00
  1.02620660e-02 -5.22738753e-01 -1.89140560e-02  2.46912403e-01
  1.87791278e+00 -8.44449093e-01 -1.07385412e+00  3.98841896e-02
 -1.29111998e+00  1.86608412e-01  1.63532089e+00  1.78869970e+00
 -1.23837897e-01 -1.34408467e-01 -6.58360464e-01  2.07246640e-01
  9.59417146e-02  9.31681018e-01  5.12815655e-01 -6.45680806e-01
  7.52386154e-01  1.87476223e+00 -9.77657808e-01  2.20974421e-01
  1.91159565e+00 -2.73428724e-01  2.50282354e-01  8.12911191e-01
  4.75859763e-01  2.08651407e-01 -5.75001737e-01 -1.43305971e+00
 -4.00398461e-01  5.25994329e-01  9.68295919e-01 -6.85518749e-01
 -8.43259189e-02 -7.27286013e-01  1.29528793e+00 -1.34367961e+00
 -2.86537668e-01 -7.04567502e-01 -6.23749401e-01 -8.68689958e-01
 -1.05013781e+00  1.21692660e+00  2.42125241e+00 -1.04703795e+00
  1.00837009e-02  1.19704779e+00 -2.47630690e-02  9.53295884e-01
  1.10790466e+00 -4.39797205e-01  8.42270799e-01 -7.48468810e-02
  1.03001411e+00  4.15382452e-01  4.77250807e-01 -1.13693550e+00
  1.89714738e+00  6.47850617e-01 -6.49384627e-01  8.33075671e-01
  6.31476282e-01 -1.04567218e+00 -1.47657670e-01  1.46153772e-01
 -9.53282992e-02  4.62725578e-01  5.99516431e-01 -4.17548838e-01
 -5.90869565e-01  5.42185853e-01 -1.02017017e+00 -8.97302787e-01
 -4.69000203e-01  1.06020850e+00 -6.98043461e-01 -4.50404768e-01
 -5.20092772e-02  4.05362161e-01  2.98474542e-01  3.88742918e-01
  4.88107637e-02  3.25358909e-01  1.05822165e+00 -5.71316701e-01
 -1.31341903e-01  3.37230622e-01 -3.38661887e-01 -1.21277602e+00
 -1.71005474e-01  3.34460931e-01  1.44006560e+00  1.04281895e+00
  3.59336207e-01  3.75679667e-01  8.07939625e-01  2.20179374e-01
  9.60772270e-01 -2.47434081e-01  4.11193049e-01 -1.15674845e-01
 -1.67441486e+00  1.64406878e-02  8.23463669e-01 -1.17776516e+00
 -1.24411329e+00  1.70128194e+00  6.46448824e-01 -6.86811277e-01
 -5.22523878e-01 -1.37924178e+00 -6.67266174e-02 -1.87449161e+00
 -3.07329481e-01  9.82933835e-01  3.71423238e-01  1.55611524e+00
 -1.41172756e+00 -1.07739019e+00  1.60685395e+00  1.05294088e+00
  1.04507848e-01 -8.87311786e-01 -4.55086119e-01 -9.62012508e-01
  1.12261876e+00 -1.08185355e+00  8.16302877e-01  2.83119904e-02
 -1.14007532e+00  1.53156958e+00 -9.89334510e-02 -1.20611311e+00
 -6.41436691e-01  1.49863440e+00  7.28909634e-01  2.80670915e-01
 -4.21956490e-01 -8.11986684e-02  1.37107983e+00  1.72230895e-01
  1.23289614e-01  1.49321318e+00 -1.16106312e-01  3.42602948e-01
  1.91080675e+00 -8.71047212e-01  8.95150065e-01 -6.68010896e-01
  1.04839572e-02 -1.00970351e+00 -2.49906424e-02 -7.89575578e-01
 -9.81014675e-02 -1.08941539e+00 -1.10280824e-01  1.68850572e+00
 -7.91351886e-01 -5.91720190e-02  7.04660910e-01 -3.84941219e-01
  2.32724563e+00 -6.96653036e-01 -1.98749858e+00 -1.33643017e+00
 -3.08653456e-01 -6.35773674e-01 -2.32802208e+00  9.74202008e-01
  2.64100710e-01 -1.06602068e+00  1.44990882e+00  8.51681279e-01
 -9.54163171e-01  1.59151711e+00  7.24615897e-01  8.80401019e-01
 -8.35739146e-01  8.40467438e-01  8.55651307e-02  1.31397996e+00
  5.67650086e-01  1.79817905e+00 -8.47101323e-01 -8.19718558e-01
 -1.17138070e+00  4.65035075e-01 -1.10503681e+00  7.01564009e-01
  1.48505875e-01  1.00073270e+00 -6.20331296e-01  3.89554001e-01
  1.39017009e+00 -2.27832542e+00 -4.44238801e-01 -4.09415909e-01
  3.63736045e-01  2.50455011e-01  2.26224153e-01 -1.21075633e+00
  1.06393217e+00 -1.46485044e+00 -4.25299191e-01  2.08483345e+00
  1.00129788e+00 -1.47736626e+00 -3.05775607e-01 -3.38172584e-02
  5.74410722e-01  3.45123622e-01 -5.40076625e-01  1.38711668e-01
 -1.01520103e-02  9.06258354e-01  2.94499872e-01 -6.32598311e-01
  1.14614658e+00 -6.48119637e-01 -2.38856178e-01 -1.44275149e+00
  5.63620528e-01 -5.44819611e-01  1.65743041e+00  1.15546672e+00
  1.61889466e+00  3.13588589e-01 -7.86985632e-01 -5.70231920e-01
  7.60509611e-01 -1.52942614e+00 -3.82044115e-01  6.57853649e-01
  1.13830954e+00  1.02582968e+00  2.76395769e-01 -7.91925435e-01
 -1.34570497e-01  1.10114935e+00  1.43982466e-01  1.16097250e-01
 -2.28230598e-01  8.64008711e-01 -1.24979860e+00  1.11029619e+00
  8.45212264e-01 -6.93470189e-01 -9.98809863e-01 -9.59179715e-01
  5.86233333e-01 -1.03293260e+00  9.17538647e-02 -1.04790927e+00
 -5.03598781e-02 -6.23549838e-01 -6.73583173e-01 -1.10566173e+00
  4.19089424e-01  2.43142872e-01  3.77574680e-01  3.01579812e-01
  4.75170421e-02  4.57116616e-01 -1.04584999e+00  1.45169451e+00
  6.88533029e-01  8.51059786e-01  9.53953688e-02 -7.84146391e-01
 -7.32705249e-01  1.61654266e+00 -7.31543329e-01 -6.69822389e-01
 -2.67020384e-01 -1.72861128e-01  1.33764880e+00  3.60946025e-01
 -7.33968433e-01 -1.16574659e+00 -4.62295995e-01  1.76627719e-01
 -8.13559378e-01 -6.34064419e-01 -6.85323725e-01  1.73273237e+00
 -4.89069658e-01  1.28069896e+00  1.74986300e+00  9.06107541e-01
  1.06209512e+00 -9.93190894e-01  1.19157966e+00  2.92211833e-01
  1.07574930e+00  1.09568279e+00 -5.99217341e-02  5.52799853e-01
  1.69767144e+00  2.01413851e+00 -1.09432681e+00  1.95757678e+00
  1.75230553e+00 -1.18803696e-01 -7.16894469e-01 -3.29581566e-01
  3.47576140e-01 -2.06235074e-01 -2.26913430e-01  1.68718078e+00
 -2.00229853e-01 -6.84252222e-01 -3.31709873e-01 -5.96410291e-01
  7.92337410e-01  2.41786062e-01 -4.68487457e-01 -9.46009636e-01
 -2.49299364e+00  1.01618206e+00 -1.99147757e-01  5.13239037e-01
 -1.26884295e+00 -1.34569617e+00 -6.10742887e-01 -2.12517285e+00
  1.56165672e+00  1.57689390e-01  4.45381268e-01 -5.49538826e-01
  2.96666418e-01 -1.36328228e+00 -7.27263480e-01  4.21897444e-01
  1.35292740e-01 -1.18075572e+00 -1.41591591e-01 -5.70169941e-01
 -8.64110651e-01 -6.11676535e-01 -1.13204787e+00  7.47828498e-01
  4.84472155e-02  1.22450570e-01  3.83027569e-01 -5.61620779e-01
  1.59918543e+00  2.38969770e+00 -9.48650292e-01 -6.56443313e-01
  5.72994592e-01  1.18473144e+00  4.19137256e+00 -2.01041257e+00
  2.50309857e-01 -1.71653528e+00 -1.28010402e+00  4.28509349e-01
 -8.29221437e-01 -2.03463295e+00  1.04150780e-01 -1.30962917e+00
  6.03610923e-01 -7.23493372e-01  1.02578326e+00  5.05504759e-02
 -3.10836413e-01 -5.49420722e-01 -7.29718981e-01  1.33115073e+00
  8.82704831e-01  5.14061050e-01 -2.13416012e-01 -6.07607779e-01
  9.05587436e-01  4.98668215e-01  1.43826910e+00 -9.00127452e-01
  1.83723207e+00 -5.42861429e-01 -9.98931981e-01 -2.43551556e-01
  1.03097953e-01  2.38233820e-01 -1.82916539e+00 -5.86391245e-01
  1.32467581e-01  3.52621416e-01 -6.04402416e-01 -6.92932486e-01
  4.68122815e-01  9.87914030e-02  1.08029493e+00 -2.03458696e+00
  1.12418107e-01 -1.52973176e+00  4.04877738e-01  3.04740910e-01
 -2.41614639e-01 -2.00867086e+00 -3.87365685e-03  9.71452763e-02
  3.24815830e-01  3.64873380e-01  1.12383671e+00  8.91771555e-01
 -3.07782267e-01 -5.62875609e-01  8.96478001e-01 -2.00353180e+00
 -3.57932573e-01 -2.15279015e+00 -2.98653274e-01 -6.34871145e-02
  2.54390625e+00 -4.24590881e-01 -1.64073500e+00  3.87648559e-01
  5.05993637e-01  2.26699728e-01  5.02797318e-01  1.79397676e+00
 -7.61531929e-01 -4.07971754e-01 -1.06709350e+00  1.64492974e+00
 -1.14772458e-01  1.57892339e+00 -3.51757080e-01 -1.00450153e+00
 -7.40110806e-01  1.05507410e+00 -7.50176127e-01 -1.10444090e-01
 -5.14490015e-01  1.76721634e-01 -1.33220069e+00  3.75414953e-01
 -1.24131366e+00 -7.33346011e-01  1.39863863e-01  4.38750463e-01
 -4.71980661e-01  5.57627266e-01 -1.63564237e+00  1.13691803e+00
  8.23555862e-01  1.14005254e+00  1.17171582e+00  1.10839798e+00
 -1.12627173e+00 -6.36301726e-01  8.85887988e-01  1.69754784e-01
 -8.82263421e-01 -2.11142504e+00  1.07896704e-01 -5.09931967e-01
  6.98189783e-01  4.29185174e-01 -6.31520108e-01 -1.07861524e+00
  7.60279319e-01  2.30272291e+00  9.02343269e-01 -4.49371989e-01
  6.53972160e-01 -1.63451080e+00 -9.37423225e-01 -1.79117784e-01
 -2.06244898e+00 -1.33818112e+00  1.67292426e-02  1.78137213e-01
  8.97082752e-01 -8.57662492e-01  7.46645191e-01 -3.13555073e-01
  3.10847806e-01 -8.49550688e-01  8.70466568e-02  2.21987383e+00
  7.36218906e-01  9.61536340e-01 -1.02898956e+00 -1.58865200e-01
  8.53553258e-01 -2.20928504e-01  1.94126402e-01  2.12977950e-01
 -3.87352183e-01  4.62090611e-01  1.24008320e+00 -1.73753973e-01
 -5.06574289e-01 -1.47738827e+00  1.97613757e-01  6.07458908e-01
 -4.94967946e-01  1.44638599e+00 -7.00136022e-01  1.60592285e-01
 -4.30520087e-02  3.22088862e-03 -1.46883156e-01 -5.05912605e-01
 -6.08338544e-01  2.57290281e-01 -6.48019212e-01 -9.67259011e-01
  7.77896020e-01  1.45291218e+00 -6.72275015e-01 -4.34656153e-01
 -1.25714013e-01  3.95328762e-01  8.67765468e-01 -2.58662633e-01
 -2.79943696e-01  1.33301905e-01  4.78869218e-01 -7.91870522e-01
  2.22192637e-02  9.98660956e-02  4.21264755e-01  3.60244154e-01
  1.04143206e+00 -2.45514795e-01 -1.42106002e+00 -8.94652014e-01
 -4.31637791e-01 -9.02620537e-01  9.84769451e-01  1.01136920e+00
 -2.88288427e-01  1.88217599e-01 -6.07180879e-01 -3.88127272e-01
 -1.17833912e-01 -5.95576677e-01  1.41927791e+00 -1.55308731e+00
 -9.61122321e-01 -1.96225290e+00 -1.59949034e-01 -6.22287407e-01
  5.40063949e-01 -5.70540541e-01  5.05941993e-01 -1.43536140e+00
  5.73276728e-01 -3.61262275e-01  4.39176849e-01  1.39650818e-01
  1.61064638e+00 -1.72173363e+00  1.13416812e+00 -1.51744458e+00
 -1.23542634e+00  6.52494293e-01  4.52242233e-01  1.51782683e+00
 -5.52563337e-01  1.08579032e-01  4.30020869e-01 -6.68278820e-02
 -7.46076450e-01  2.80065660e-01 -1.43401105e+00  1.91500686e+00
 -7.81732748e-01  4.91940682e-01  7.43751166e-01  5.81341152e-01
 -9.35916414e-01 -2.10636777e-01 -1.85735849e+00  3.92812635e-01
  5.21436079e-01 -9.45367693e-01 -1.19519692e-01  1.80866941e+00
  9.11428814e-02 -2.11898024e-01 -5.35140029e-01 -1.65659772e+00
  1.04959506e+00 -4.10166745e-01 -7.60589602e-01  2.03139789e+00
 -1.17243717e+00  6.66305597e-01  4.41623836e-02  8.50581560e-01
  7.47243121e-01  1.95974034e+00 -2.12224991e-01 -9.88960021e-01
 -5.63458316e-01 -1.55547166e-01  2.70432208e-01  2.62314139e-01
 -6.82444505e-01  2.86058163e-01 -4.52548891e-01 -2.29218468e-01
 -1.16133039e+00 -1.54769064e-01 -1.07013391e+00  8.33907307e-01
  4.40112565e-01 -4.53300004e-01 -2.44693659e+00  1.48853708e+00
 -3.37160746e-01  2.00023317e-01  7.22157202e-01  8.70102636e-01
 -6.49718291e-01  1.60928986e+00 -9.23060079e-01  4.96243411e-01
  2.00376918e+00  6.09510795e-01  8.12252434e-01  6.23999600e-01
 -3.16841321e-01 -7.84778058e-01  1.19585110e+00 -5.62612192e-01
 -1.29151583e-01 -1.10509771e+00  8.41561416e-01  3.19950171e-01
 -2.45141321e-01  2.18034851e+00 -6.25277127e-01  5.79456703e-01
 -1.08770183e+00 -8.33567472e-01  4.84024049e-01 -1.44480065e-01
 -1.74584283e+00 -5.37829279e-01  7.30705106e-01  6.45686170e-01
  1.02876744e+00  5.31148139e-02 -1.15247687e+00 -9.20454030e-01
  7.44882806e-01  8.71445014e-02 -7.19419634e-01  9.37214473e-01
 -2.64250743e-01 -5.82044149e-01  1.00348729e+00 -1.90764301e+00
  1.27352848e-01 -1.20870035e+00  1.09314920e+00 -1.69158955e-01
 -4.05229620e-01 -6.65279640e-01  1.19153330e-01 -2.70357348e+00
  9.86262570e-01 -1.33627198e-01  3.01294204e-01  1.15672804e+00
  2.62112514e-01 -4.59374084e-01 -1.10945842e+00  5.70509086e-01
 -6.98782045e-01  1.50220574e+00 -1.60705550e+00 -6.77784045e-01
  1.69025179e-01 -7.62089543e-01 -5.47422576e-01  5.47076159e-01
  1.30975832e-02  5.78468946e-01  6.87040362e-02  1.41079259e+00
 -1.91581471e+00  5.75456240e-01 -7.28503121e-01  4.73749035e-02
 -7.43944777e-01  1.13057722e+00 -9.22711918e-01  1.22487359e+00
 -8.66724557e-02 -6.67162315e-01 -1.96260149e-02 -2.93333318e-01
 -6.57091772e-01 -6.52317431e-01  4.07939400e-01  1.01060270e+00
  3.08519171e-01  5.82400911e-01  9.04123175e-01  2.35226750e+00
  3.38216038e-01  3.53191091e-01  1.78461992e-01 -1.06251772e+00
  1.70359663e+00 -4.07565462e-01  5.39463188e-01 -8.35982284e-01
 -1.27549647e+00 -1.16781906e+00  9.40520384e-01 -1.77847447e+00
  1.70442457e-01  1.79977101e-01 -1.98086514e-01 -4.43409029e-01
  1.02354033e+00 -6.98515339e-01 -4.50401267e-01 -2.86864615e-01
 -1.87849281e+00  1.24938225e+00  7.03445433e-01 -5.61431126e-01
  3.63819391e-01 -3.87898669e-01 -1.17364643e+00  4.13035300e-01
  8.78012601e-01  6.75599744e-01 -3.60893210e-01  1.16777244e+00
  3.17414576e-02  8.12807458e-01  3.61954970e-01  1.49936355e+00
  4.92099792e-01  5.24933691e-02 -3.25286493e-01  2.51966549e-01
  7.52301329e-01 -9.09830213e-01  7.46150319e-02  1.67187115e+00
 -7.03277088e-01  3.87904217e-01 -6.14959297e-01 -1.09017092e+00
  7.45524635e-02  8.26226304e-03 -2.75311909e-01 -1.85648979e+00
  1.12422370e-02  5.99318818e-02 -7.64454975e-02 -8.35206667e-01
  1.16853161e+00  1.21056847e+00 -1.05723156e+00 -1.25060000e+00
  1.30932417e+00 -7.29505312e-01  1.44513855e-01 -8.00245617e-01
 -3.53252410e-02  5.76693289e-01 -1.84410551e+00  7.17021793e-01
  1.69224607e+00  1.89823472e-01  1.32766159e+00  8.08863849e-01
 -6.33449551e-01  1.06306556e+00  6.06319034e-01  1.11831817e-01
 -3.82500711e-01 -2.20118447e+00 -6.60624175e-01 -1.42617969e-01
 -1.02447507e+00 -1.38898069e-01  1.74158038e-02  7.83140405e-01
 -9.31125045e-01 -7.48712370e-02  1.19156586e+00  4.11534868e-01
 -1.18306113e+00 -1.36061574e+00  1.62105517e-01 -1.72836644e-01