-9.63863401e-01  1.76850054e+00 -4.19650249e-02 -4.04655127e-01
 -4.67171569e-03  1.22444798e+00  8.07975689e-01 -1.07225591e+00
  1.51996464e+00 -1.13148053e+00 -1.03498876e-01 -1.31562649e+00
  4.62632381e-01  7.89834414e-02  2.74888461e+00  1.46212678e+00
  1.82410370e+00 -1.29839151e+00 -2.80477687e-01 -1.05390344e+00
 -1.24948850e+00  4.52271571e-01  5.67360535e-01 -3.11655432e-01
 -1.21882807e+00  5.83604573e-01 -2.08066004e+00  9.03128024e-01
  9.42618556e-01 -9.04252286e-01 -8.51874416e-01  1.11264222e+00
 -3.41308611e+00 -2.38901002e-01  1.24489856e+00 -9.07595706e-01
  1.56358496e-01 -1.22052609e-01 -1.80228675e+00  6.62845064e-01
 -3.19777879e-01 -1.38258920e+00  6.68093713e-01 -4.97221252e-01
 -4.30525611e-01 -5.56878307e-01 -3.40786969e-01 -9.04082770e-01
 -2.03348738e+00  7.83707224e-01 -2.01693301e-01 -7.55582622e-01
  8.24278466e-01 -4.83368912e-01 -4.60129640e-01  1.34167608e-01
 -9.50768329e-02  6.54446335e-01 -1.01427613e+00  1.58285179e+00
  5.26825038e-01 -1.63095598e-01 -1.65351414e+00 -8.02302553e-01
 -5.50615795e-01  2.01566243e+00 -1.19163681e+00  2.84692805e-01
 -1.97422809e+00  9.93421700e-01 -1.25181917e+00 -2.91696497e-01
  1.02764732e+00  9.03700678e-01  9.41851559e-01  9.03171272e-01
 -1.65072402e-01 -1.87107338e-01  2.69144978e-01 -1.51939035e-01
 -8.69477196e-02  6.60623256e-01 -7.65457205e-01  3.92308331e-01
 -2.03830559e+00  8.78794023e-01 -5.69689187e-01  2.48518029e-01
 -2.07171599e+00 -1.04863079e+00 -1.22531808e+00  9.21591355e-01
 -1.03463581e+00 -2.82941786e-02  1.19314008e-01 -9.87927648e-01
 -5.20239081e-01  7.26346119e-01  4.35895005e-01 -1.34881294e+00
 -7.50854689e-01  7.02447442e-01 -1.51207242e+00 -8.89837907e-01
 -6.85161997e-03 -2.65115616e-01  2.15071206e+00 -1.34816113e+00
 -8.97853137e-01 -1.03629988e+00  1.18212826e+00 -5.93671891e-01
 -1.09249093e+00 -2.03987605e+00 -1.61730399e+00  6.88774459e-01
 -1.04647629e+00  8.55371528e-01  1.61213994e-01  1.93360631e+00
  1.10276614e+00 -4.58233938e-01 -7.29872707e-01 -2.41945341e-01
  3.60031539e-01  3.34798131e-01  5.06298978e-01 -5.74095585e-01
  9.88334447e-02  2.58071748e-01 -7.16689621e-02 -1.47740249e-01
  1.17863362e-01 -1.59466814e+00 -1.79374766e+00  6.92056889e-01
 -8.72265432e-01 -2.00077964e-01 -1.30391728e+00 -1.64663037e+00
 -8.71762526e-01  3.58319196e-01 -3.93336186e-01  1.24399481e+00
 -1.50932549e+00  2.46858285e-01  2.34276528e+00 -2.42029806e-01
  3.90729871e-01  1.14627025e+00  2.23127444e+00  1.01317423e+00
  3.68683850e-01 -8.68221189e-02  4.60970328e-01  1.25864087e-01
 -2.28299783e+00 -1.03392771e+00  9.45028264e-01 -9.65060783e-01
  3.08733710e-02  3.94851788e-01 -6.91649440e-01  3.01583391e+00
 -6.33618972e-01 -3.63148860e-01  4.68633916e-01 -1.87061409e+00
  2.14960183e+00  9.50787968e-01 -5.73256475e-01  1.83193339e+00
 -2.03177484e+00 -5.22400167e-02 -1.03487672e+00 -8.78322387e-01
  2.98898309e-01  9.64158278e-01  2.21752893e-01  3.83927589e-01
 -6.20236422e-01  6.80000687e-02  1.08239367e+00 -6.91104634e-01
 -2.61013905e-01  4.20252678e-01 -4.70873659e-01 -3.35521762e-01
  8.67879436e-01 -7.76558224e-01  6.26336369e-01  1.11207830e+00
 -1.39819705e+00 -6.72187913e-01  3.48799847e-01 -2.56099577e-01
  5.00888735e-01  1.29763996e-01  1.19936895e+00  9.58888156e-01
 -1.46472622e+00  1.51034856e+00 -6.26695285e-01  1.81587009e-01
 -1.93764516e+00  2.75275103e-01  1.66618115e+00  5.98545117e-01
 -4.57026020e-01  1.64710427e+00 -1.42649660e+00  7.31383191e-01
  1.33679741e+00 -1.06718696e+00 -2.30733322e+00 -1.07171522e+00
  1.59761425e+00  9.19829400e-01  4.52461120e-01 -4.49743167e-01
 -1.52597501e+00  1.03192697e+00 -5.44434312e-01 -6.79089224e-01
 -1.18560038e+00  8.00106004e-01 -4.18628717e-01  1.33152080e+00
 -5.55873201e-01 -1.20476154e-01  1.70631393e+00 -7.59592928e-01
 -1.65482304e+00 -8.89067660e-02  5.61212710e-01 -5.62387730e-01
  8.39238663e-01 -1.26528591e+00  6.75798010e-01 -3.85843433e-01
  8.13926808e-01 -6.50860212e-01  7.75517897e-01  1.30728218e+00
  8.25367226e-01  9.71365537e-02 -1.39680091e+00 -6.61978479e-01
  2.67322026e-01  6.90998324e-01 -7.57022611e-01  2.34159691e+00
  1.04088247e+00  2.60609057e-01 -1.09764199e+00  2.25841529e-01
 -1.08818971e+00 -1.70320991e+00 -3.51682474e-01  5.74131538e-01
  3.53866566e-01  4.36954908e-02 -9.64947878e-01 -1.43246174e+00
  1.27132226e+00  6.27651494e-01 -2.20774217e-01  1.79601088e+00
 -8.90371337e-01  1.14103355e+00 -1.82199874e+00  1.10316785e+00
 -1.13047052e+00  2.30642892e-01 -1.05638266e+00 -1.33673917e-01
 -1.31411308e+00 -2.66443732e-01  3.12926278e-01 -1.93905344e-01
  6.60887890e-01  1.68027386e-01  6.92893804e-01 -4.91420900e-01
 -3.65274177e-03  7.67818830e-01 -1.42618818e-01 -7.22546889e-02
 -8.93560214e-02 -2.09623157e+00 -3.98189785e-01 -6.87445501e-01
  2.83891384e-01  1.13585610e+00 -1.02610734e+00 -1.56741060e-02
  7.58692992e-02  8.09587828e-01  6.12713718e-01  3.21791906e-01
  4.18403972e-01 -1.72711996e+00 -1.64826635e-01 -3.51113553e-01
 -2.20816428e-01 -4.68083609e-01 -6.48014008e-01 -1.30860263e+00
  1.28552146e+00 -1.30080006e+00  1.05848155e+00 -1.06231503e+00
  1.23627964e+00 -1.18591455e+00  3.13764641e-01  1.09472722e+00
 -7.50270361e-01  1.20521099e-01  1.78097815e+00  6.15159639e-01
 -5.39622715e-01  9.59048036e-01 -1.29833486e+00 -1.42848008e+00
  1.90395816e-01  7.03520364e-01 -1.78496577e-01  9.56422615e-01
  2.94539889e-01  9.90393102e-01  1.84040186e+00 -9.55207192e-01
  1.49319754e-01 -1.03219794e+00 -1.27724855e+00 -9.84371567e-01
  6.65336908e-01 -1.29441629e+00 -1.28834549e+00 -1.09105463e+00
  1.30669947e-01  4.26346586e-02 -5.01412210e-01 -8.47956389e-01
 -3.75972921e-01 -2.09599393e+00  9.84923173e-01  1.13066163e+00
 -9.56650229e-01 -9.65206046e-01  6.66233381e-01  9.63199748e-01
  1.42376776e+00 -2.82798537e-01 -1.66204780e+00 -7.47455715e-01
 -7.72562732e-01  2.10313533e+00  9.38885539e-01  1.66774100e-01
  6.15154251e-01 -2.08317796e+00  1.83863225e+00 -3.62281074e-01
 -1.77223376e-01 -1.22585018e+00  1.11534432e-01  2.77533091e-01
 -2.66770099e-01  2.45597109e+00 -2.53754930e-01  1.63277662e+00
 -3.61631088e-01 -3.65918480e-01  1.25947756e-01 -4.37707711e-03
 -1.79363908e-01 -1.08853886e-01  7.31834810e-01  6.94627608e-02
  2.07631804e-01  3.96029237e-01 -3.01940173e-01  1.62410185e+00
 -2.00624578e+00 -4.45648281e-01 -3.54631734e-01  1.70005517e+00
  1.62054837e+00 -1.97391806e-01  1.76195733e+00  1.76203201e+00
 -1.03554511e+00  8.33726876e-01 -9.56473065e-01  1.80604645e-01
 -4.95656479e-01  1.51048009e-01  7.47431504e-01 -6.70130230e-01
  6.99760073e-01 -1.45356044e-01  1.62266900e-01 -3.41277546e-01
 -2.33439162e-01 -1.13547019e+00 -3.82295411e-01 -2.07174840e-01
 -7.02472595e-01  1.44296138e+00 -6.17138062e-01  7.97499624e-01
 -2.34513562e-02 -2.10598898e-01 -5.12434590e-01  4.05638845e-01
 -1.95498131e-01 -6.11136354e-02  8.79871172e-01 -3.57403401e-01
  1.07620095e+00 -2.90611882e-01  8.85538462e-01 -1.76020814e+00
  8.70969166e-01  8.27293638e-02  4.19082743e-01 -3.12697631e-01
  3.68055122e-01 -3.52736366e-01 -1.84121770e-01  6.08837349e-01
 -1.54583855e+00 -2.75335459e+00  1.64379918e+00  6.97358121e-01
 -4.11874492e-01  1.78844050e+00 -1.38484863e+00  6.53944220e-01
  7.04083808e-01 -1.30289812e+00 -5.44564235e-01 -2.69527010e+00
 -1.94937453e+00 -9.85314991e-01 -1.51572889e-02 -1.69688046e+00
  1.01429109e-01  6.17531986e-01 -7.49133471e-01  1.20935485e+00
 -6.54300404e-01 -5.19486136e-01 -5.79851326e-01 -1.50631871e+00
 -8.60070594e-02  4.45619681e-01 -5.76219495e-02  1.07188652e+00
  1.38467705e+00  5.49592976e-01  5.53164314e-01 -1.79238727e-01
  1.24397872e+00 -1.41116908e+00 -2.48744598e-01 -2.25018355e-01
 -1.12557898e+00 -5.69649505e-02  9.10990828e-01  1.53442848e+00
 -1.26822537e+00  1.92085048e+00  1.72022890e+00  1.44442927e+00
  9.34688352e-01  2.45788729e-01  1.53120492e+00  1.12443436e+00
 -6.53939637e-01 -8.46178831e-01  1.60999677e+00  4.67381279e-01
  3.72311036e-01  4.89546125e-01  9.44880710e-01 -9.84070114e-01
  1.36219080e+00  7.46081282e-01 -3.39396384e-01 -7.27964792e-02
  6.21255738e-01 -6.85427927e-01  3.46058507e-01 -1.24466812e+00
  4.21760708e-01  1.89701508e+00  1.12859474e+00 -2.23529497e-01
 -2.24577508e+00 -3.28158890e-01 -1.60410122e-01  1.20447496e-01
 -7.29185417e-01  5.76031603e-01  1.16686960e+00  3.84718420e-01
  3.30522677e-01  1.11230968e+00  8.56989534e-01 -6.91935809e-01
  2.59272209e-01  7.88064198e-01 -1.00177859e+00 -1.45450551e-01
 -1.66733153e+00  1.01127769e-01 -3.19736308e-01 -1.45183952e+00
 -1.19909208e+00 -5.46557296e-01  9.72190904e-01  1.33464746e+00
  4.86983045e-01 -3.67457934e-02 -1.42275915e+00  1.24536999e+00
 -8.78620105e-01  2.39388506e-01  5.18675735e-01  6.16965732e-02
 -1.19139778e+00 -6.27671431e-01 -7.34325916e-04  5.38452597e-01
 -6.15891121e-01  6.83697476e-01  3.02755510e-02 -2.80698570e-01
 -9.63231198e-01 -7.13926852e-01 -1.50898406e+00  6.12061534e-01
 -2.76033896e-01  9.68247658e-01 -1.71341235e+00 -1.34128259e+00
  7.45634592e-01 -7.20454389e-01  8.79778304e-03  1.75721457e-01
 -2.30905602e-01 -6.29713719e-02 -2.98635061e-01  3.26623404e-01
  1.38568204e+00  5.16143286e-01 -1.98058324e-01 -3.10783574e-01
  2.57177581e-02 -1.71164686e-01 -6.37219280e-02 -1.93173222e+00
  1.02247095e+00 -3.37966274e-01  1.51347621e+00 -3.09231287e-03
 -7.50816581e-02 -3.56470037e-02  1.28864171e+00  1.22951412e-01
 -2.18578136e+00  1.28761408e+00 -1.61996168e+00  1.32829793e-01
  5.45206321e-01 -1.45036424e+00  1.78863205e+00 -2.38896042e-01
  9.17801490e-01 -1.08269386e+00 -2.14333833e+00  1.08814168e+00
  1.05465528e+00 -2.10630220e+00 -1.89814252e-01  3.99109656e-02
  1.70376702e+00 -5.97238629e-01 -8.21115189e-01  1.20630055e+00
 -1.10471202e+00  6.85917534e-01 -1.99752543e+00 -3.10034084e-01
 -3.21428314e+00  4.10048070e-01 -3.60567730e-01  5.55622782e-01
  3.85774134e-01 -1.02054031e+00  8.22042971e-02 -2.98066309e-01
 -8.28311043e-01 -5.31154010e-01  1.09574647e+00 -6.60285698e-01
 -3.31315190e-01  7.63979231e-02  1.00583583e+00 -1.04562713e+00
 -1.35579450e+00 -1.01707273e+00  1.59192138e+00 -4.70821025e-01
  2.01653655e+00  8.41038317e-01  5.24380239e-01  1.87455232e+00
 -1.06536079e+00  5.83124136e-01 -2.84103249e-02 -2.02861844e-01
 -5.84011076e-01  3.90893187e-01 -7.59328031e-01  1.07411667e+00
  5.16092283e-01 -5.69272366e-01  1.33930367e+00 -6.68275217e-01
  6.97811651e-01 -2.10778073e-01 -1.64078389e+00 -9.63403370e-01
 -5.38985382e-01  1.73532341e+00  2.90257969e-01  1.48656273e+00
  4.28909292e-01  3.58746798e-01  9.75007480e-01  9.84811666e-02
  1.07330532e+00 -5.18681267e-01 -2.97940532e-01  2.80756672e-01
  5.34039333e-01  1.53690852e+00 -9.10178418e-01  1.69324411e-01
 -1.50606054e+00 -3.06803659e-01  7.87623341e-01  2.16013937e+00
 -2.30096017e+00  3.76728901e-01  8.67693689e-01  1.48805429e+00
 -2.07828210e+00  1.53782613e+00  1.07698095e+00  2.67570384e-02
  5.76057233e-01  4.96683085e-02 -2.82244540e-01 -6.99310013e-01
  1.56302588e+00  3.46408903e-01 -1.55046811e+00 -1.61510743e+00
  6.14862271e-01  1.12152127e-01 -1.13214274e-01 -1.56789607e+00
 -3.33000835e-01 -1.46589307e+00 -2.57105624e-02  8.86820544e-01
  1.42987576e+00  1.19118110e-01 -7.61314202e-01  1.38013360e-01
 -2.97491434e-01  4.34960902e-01 -2.08478494e-01 -5.52313837e-01
  4.54797603e-01  1.94326316e+00  6.41335525e-01 -5.28690669e-01
 -9.72477793e-01  3.11784641e-01  1.39795137e-01 -1.69151182e+00
  1.77867789e-01 -2.19275646e-02  1.12443952e+00  1.93681275e-01
  8.83740633e-01 -1.32573915e+00  4.17700165e-01 -1.42035149e+00
  1.20086027e+00  3.81826737e-01  2.52656514e-01 -2.05732715e+00
 -1.62876363e-01 -2.31021637e+00 -7.53107122e-01 -8.17182645e-01
  6.08606033e-01  9.59299059e-01 -5.09269348e-01  6.37812421e-01
  4.21078484e-01 -1.89863242e+00  7.73638951e-01  1.25792684e-01
  1.03748484e+00  5.69950337e-01  1.37182039e+00 -1.43067005e+00
  3.72826723e-01  5.30381031e-01  5.70463705e-01 -5.69331951e-01
 -8.77708053e-01  1.26532828e+00 -1.19212344e+00  1.41657687e+00
 -1.76528025e+00 -1.22330909e+00  1.12590898e+00  3.65548643e-02
 -1.56037037e+00 -2.11728170e+00  2.12124206e+00 -5.00096157e-01
  1.39737240e+00 -1.24271756e+00 -7.37711542e-01 -2.36884952e-01
  2.10971659e-01 -9.99676215e-02  6.91962303e-02  3.33073528e-01
 -1.33012803e-01  1.00207168e+00 -2.47999854e-01  6.32585933e-01
 -1.76096565e-01  2.81576403e+00 -1.01237764e+00 -9.83374197e-01
 -5.19925799e-01 -1.71180073e+00 -1.92152202e+00 -1.73079395e-01
 -1.10279901e-01  4.53950387e-03  4.04615090e-01 -1.06211808e+00
  4.70024076e-01  1.86619589e-01  8.05484737e-01  1.60809989e+00
  2.36898868e-01  7.17026210e-01  1.83776854e-01 -7.26948441e-01
 -1.16554018e+00 -7.76495386e-01  1.44697733e+00  8.21953090e-01
 -3.28321100e-02 -2.92417434e-01 -1.30939132e+00 -1.24994765e+00
  3.82340301e-01 -3.70198948e-01  5.21025763e-02  5.26609832e-01
  4.80072005e-01 -6.28986471e-01 -8.68341881e-01  8.68171913e-01
 -1.01656607e+00  2.52832188e-01  1.40932358e+00  5.73286492e-01
  4.33516416e-01  1.21066849e+00  1.05639726e+00  3.18579688e-01
  9.04084050e-01  5.16938102e-01  1.59892712e+00 -2.80303847e-01
 -7.49360358e-01  9.34470818e-01 -7.71105019e-01 -1.90265325e+00
  5.17170753e-01  1.45641250e+00  1.82722122e+00 -9.35723859e-02
  1.24549323e+00  2.33633137e+00  1.95548255e+00  5.88021114e-01
 -1.25514560e+00 -2.58380524e-01  5.89276731e-01  4.13181918e-01
 -1.14749537e+00 -6.66742822e-01  1.38913570e-01  1.01102570e+00
  6.74009920e-01 -1.07318477e-01  9.76388980e-01 -3.30763368e-02
  9.44331041e-01  1.46397768e-02  1.24073721e-01  6.58953653e-01
  2.45259065e+00 -1.23968129e+00 -6.35384783e-01  9.54580890e-01
 -1.56261799e+00 -2.04355558e-01  6.91378245e-01  2.45626110e-02
  6.92549235e-01  6.60829545e-01  1.50915590e-01 -1.87396839e+00
 -9.76828616e-01  3.59834002e-01 -1.34179626e+00 -4.81788839e-01
 -2.13872249e-01  6.57931824e-01 -1.50104934e+00 -6.43259670e-02
  1.41288529e+00 -2.03041874e-01  1.07030962e+00  6.82247023e-01
  1.92805023e+00  1.47024443e+00  1.90162566e-02 -1.96795945e-01
  3.21728488e-01  1.45580336e+00  4.36319243e-01  4.70643441e-02
 -1.37053915e+00 -2.94471826e+00  6.73382664e-01  1.53269993e+00
 -3.27421976e-01 -2.63807498e-01 -1.66852937e-01 -4.51993454e-01
 -1.12747613e+00 -2.52946384e-01 -1.52425523e+00 -6.86257610e-02
 -1.27783249e+00 -1.03029263e+00 -1.42996013e+00 -4.18143008e-01
 -6.84957077e-02  4.11494355e-02 -3.41142109e-01  1.02806315e+00
 -2.06648284e+00  2.47373933e-01 -4.25705357e-01 -1.87165567e-01
 -2.20704897e-01  2.39306742e-01 -1.37368277e-01  2.32540315e-01
  7.83302900e-01  1.45357016e+00 -2.86687938e-01  6.50994724e-01
 -1.26073826e+00 -3.76152800e-01  4.91950101e-01  4.56158920e-01
  5.24665545e-01 -5.00211095e-01  9.23841575e-01 -7.85709375e-01
 -6.78044050e-01 -6.14899916e-01 -1.16845839e+00  5.86985338e-01
  8.99097608e-01  9.09808717e-01 -4.16303603e-01  1.04761038e+00
  4.09392848e-01 -6.04008214e-01  9.12956028e-01  2.19982180e+00
  9.87426044e-01  1.59600829e+00 -2.50450488e-01 -6.66954883e-01
 -5.48369535e-01 -7.52078221e-01 -1.82859739e+00 -4.17294585e-01
 -9.64472983e-01 -1.23371694e+00 -6.73162173e-01  3.03356444e-01
 -1.85773151e+00  4.17453303e-01 -1.34495613e-01 -9.07533953e-01
  1.24869030e+00  2.98949960e-01 -1.09592286e+00  1.38573822e+00
  5.53805122e-01 -2.96366512e-01 -5.42813711e-02  1.00898944e+00
  8.76297182e-01 -5.74877105e-01  7.11735886e-01  8.22911749e-01
  5.76521112e-01 -5.11302788e-01  1.20803474e+00  1.39224705e+00
  4.47676837e-01 -1.34145186e-01 -2.31333046e-02 -5.69815414e-01
  2.29281494e-01 -5.91748330e-01  4.98356041e-01  1.66133238e+00
 -1.72766080e+00 -2.22167192e-01  2.43992323e+00  4.10770962e-01
 -9.58810336e-01  2.66675142e+00  8.83835717e-01 -4.54893184e-01
  1.74334812e-01 -2.31902355e+00  3.04394055e-01 -9.06118364e-01
 -5.89522520e-01  3.78458191e-01  1.81059166e+00  3.12901165e-01
 -1.19340844e+00  9.22889364e-02 -6.41344711e-01  9.81103514e-01
 -3.81017694e-01  5.88210860e-02 -1.52972385e-01  2.58710227e-01
  5.80783947e-01 -9.84352363e-01 -4.03727305e-01  6.54468595e-01
 -1.51103206e+00 -2.96088604e-01  7.32405694e-01 -1.16395037e+00
  2.17256324e+00 -4.73179575e-01  3.99445529e-01  1.67030274e+00
  3.21382993e-01  1.46547008e+00  2.58650717e-02  4.73731247e-01
 -1.57732510e+00  4.97956476e-01 -3.09470128e+00 -3.52980202e-02
 -6.03143648e-01  1.65370646e-01  9.14988347e-01 -9.09547392e-01