-5.53876905e-02  2.02240580e+00 -7.31498684e-01 -1.75112970e-01
 -1.53890136e-01 -6.12269196e-01  2.02023609e-01  6.55628555e-01
  1.65870808e+00 -2.76475553e-02  4.25719818e-01 -6.98005424e-01
 -5.39523071e-01 -5.23648060e-01 -5.89250614e-01 -2.87122421e-02
  1.21138589e-01 -1.66197560e+00  2.86027401e-01  8.56261677e-01
  4.96249408e-01  2.86220572e-01 -1.77310874e+00 -1.43971189e+00
  4.50801243e-01 -3.07290333e-01 -2.81745716e-01 -9.62129936e-01
 -2.42947687e+00  1.73459355e+00 -4.37606828e-01  2.40762313e-01
 -6.91029616e-01  5.75258395e-02 -5.09738091e-01 -1.35706663e-01
 -7.29061252e-01  2.29085916e-01  4.17510050e-01  1.68354603e+00
 -1.38789022e+00 -5.31364013e-01 -1.25704776e+00 -1.64976086e+00
  4.26851774e-01 -9.19999460e-01  3.07776377e-01  2.86992241e-02
 -5.78597216e-01  3.65898993e-01 -1.08200419e+00 -1.67813732e+00
 -7.97593753e-01 -7.12968543e-01  2.98006017e-01  1.50845601e+00
 -1.37014603e+00  1.17008044e+00  4.11504919e-01  7.38203638e-02
 -9.85031076e-01 -7.91260866e-01  8.17237608e-01 -1.95078799e+00
  2.12636416e-01 -2.48504387e-01  9.47723356e-01 -4.61181564e-01
 -8.17698598e-01 -1.51697427e+00  7.32739940e-01  5.26441564e-01
  4.36776253e-01 -9.06007483e-01 -8.72217731e-01 -4.54746469e-01
  1.94092521e+00  3.98907011e-01 -1.71687900e-01  1.03514523e+00
 -5.35154790e-02 -1.89280830e+00  1.34796706e+00 -1.51258340e+00
  1.71021475e+00  1.25740926e+00  4.96699159e-01  1.22554505e+00
  4.55919157e-01 -2.61464861e-01  3.57586518e-01  3.59236909e-01
  9.08125429e-01  2.57693571e-01  4.67882205e-01  1.32098146e+00
  1.29543436e-02 -6.83513678e-01 -2.52570836e+00 -6.47044283e-01
 -1.65216781e+00  6.78829139e-01 -1.08771428e+00  8.52278107e-01
  1.02285682e+00  1.60255753e+00  9.91264963e-01  4.41757755e-01
  1.06827169e-01 -1.02720509e+00  4.64350541e-01 -1.54847197e+00
 -7.96564052e-01  1.22346383e+00 -1.07424982e+00  1.31108584e+00
  4.86250023e-01 -3.85142311e-01  1.70426645e-01 -9.34090569e-01
 -7.11891297e-02 -2.32202412e-01  6.11753412e-01 -9.77089220e-01
  1.58010183e+00 -4.99203978e-01 -5.05418119e-01  4.95369225e-01
  3.13672742e-01  1.28976517e+00 -2.22513488e-02  5.70465721e-01
  1.02823632e+00 -9.96616050e-01  1.17172928e+00 -7.92155664e-01
 -1.26903707e+00  1.03482853e+00 -9.37670329e-01 -1.02393800e+00
 -9.58315151e-01  5.66162330e-01  1.11230895e-01 -7.61858187e-02
  3.04987902e-01  2.20837340e-01 -4.31178004e-01 -2.28124115e-01
 -3.28657255e-01  7.29040461e-01 -1.74253562e-01 -4.87848521e-01
 -1.63415245e-01  2.11242508e+00  8.16125783e-02  5.44627005e-01
 -3.42288059e-01 -1.41148774e-01  1.19282905e+00 -3.15941109e-01
  5.85243176e-01 -2.60482856e-01 -4.66409106e-01 -7.32167343e-01
  1.69696637e+00  1.23548012e-01  1.97816589e+00 -3.22940845e-01
 -4.21111889e-01 -5.78791279e-01 -1.19370427e+00 -5.02606022e-01
 -8.03538821e-01 -1.85795280e-01 -1.28387267e-01 -6.13624446e-01
 -1.88146785e-01 -5.59151718e-01 -1.98880894e-01  1.89850167e-01
 -1.14092891e+00  2.46263108e-01  3.00139237e-01 -5.36722120e-02
 -7.29033752e-01 -8.75815446e-01 -2.94659933e-01  3.84191568e-01
 -1.84922901e-01 -2.24334352e+00  1.13467113e-01  6.75876238e-01
 -7.46453411e-02  1.53437227e+00 -3.64232038e-01  9.55386637e-01
 -5.04247027e-01  1.32779413e-01 -1.63675169e+00  2.54270525e+00
  1.69968622e-01 -1.40203604e-01 -4.94873398e-01 -1.38925621e+00
  6.18722402e-01 -7.70491723e-01  6.68980825e-01 -7.97509657e-01
 -1.81034032e+00  1.77921175e+00 -3.82521848e-01  7.81581648e-02
 -1.97321622e-01  8.29686613e-01  4.43953252e-01 -1.04780912e+00
 -5.24706329e-01 -1.23886491e-01  1.58587074e+00  1.26103965e-01
  1.48363529e+00  1.62463904e+00 -4.98618101e-01  4.92985910e-02
  3.88948840e-01 -3.53628241e-01  2.57632092e-01  9.98608293e-01
 -7.78902218e-01 -6.51927519e-01 -1.09702189e+00  6.09286798e-02
  6.69002101e-01 -9.90652115e-02 -4.34485879e-01 -1.73914458e+00
 -1.35322674e-02 -1.60071885e-01 -1.05100807e+00  8.05059743e-01
  8.32418239e-01  1.57709425e+00 -2.60353812e-01  3.52886494e-01
  3.52472014e-01 -8.18032014e-01  9.90696295e-02  4.27937182e-02
 -6.68463728e-02 -1.96616969e-01 -4.28678442e-01 -9.63569315e-02
 -1.22172551e-03  1.68110688e+00  1.19692740e+00 -1.36247967e-01
  4.07697034e-01  1.22603910e+00 -5.92588932e-01 -8.06525196e-01
  8.44669721e-01  4.36773294e-01 -4.83344006e-01  2.96388316e-01
 -1.05736922e+00  1.80663533e+00 -1.82700034e-01  8.78731148e-01
 -1.35588865e+00  1.01231482e+00  1.25443255e+00  8.78282914e-01
  1.22354918e-02  8.90349159e-01 -1.20337515e-01 -1.33224657e+00
  9.03762173e-01 -1.66157887e-01  5.23738407e-01  5.43279329e-02
  1.02263825e+00 -5.59201023e-01 -7.65190089e-01 -2.44572575e-01
  6.28455802e-02 -1.23293678e-01 -2.62794053e+00  6.37907247e-01
  1.81530787e-01  2.83098624e+00 -1.22303963e+00  2.75804837e-01
 -1.23463761e+00  1.24983917e-01 -1.15502994e+00 -1.18746323e+00
 -1.42973268e-01  2.04042129e-01 -2.63576899e+00  6.61581110e-01
  2.50037435e+00  1.40930711e+00  2.45118051e+00 -1.11220683e-03
  1.62929178e+00  4.41127542e-01  8.67480434e-01 -4.47225286e-01
 -1.51208122e+00 -4.02477179e-01 -4.09722362e-01  1.54468262e+00
 -1.06279383e+00 -2.64256224e+00  2.21493309e-01 -1.76028100e+00
  1.54582435e+00 -1.24179587e+00 -6.82725170e-01  5.97907232e-01
  2.79555608e-02  1.37600176e+00  3.65402577e-02  6.73549307e-01
 -2.03972797e+00 -3.14442830e-01  7.57485762e-03 -1.87024057e-01
  1.17894521e+00 -8.19372147e-01  3.63996387e-01  1.10429113e-01
 -2.34044183e-01  1.75384974e+00  1.23971104e+00  1.24508216e+00
  2.13995689e+00  7.40065926e-01  2.09542878e-01 -4.10254983e-01
  1.21721502e+00  2.49232601e-01  4.85899554e-01  9.78689227e-01
 -1.06414060e+00  9.37542019e-02  9.67810180e-01 -7.85998090e-01
 -7.94020299e-01  3.09866459e-01  1.00634762e+00 -8.00238449e-01
 -9.52068671e-01 -5.51974399e-01 -2.10061115e+00 -1.01229125e+00
  3.98175586e-01 -1.61625550e+00 -7.23611318e-03  1.38338532e+00
  8.93935760e-02  4.48516865e-01 -5.24913660e-01  6.61867491e-01
  7.49589632e-01 -1.05194936e+00 -1.86738192e-01 -1.42451838e+00
 -9.33919994e-01 -5.94831831e-01  1.01956511e-01 -9.75737935e-02
  1.58663926e+00 -4.99218921e-01  1.20636499e+00 -3.71844180e-01
  1.11306248e+00 -8.31164102e-01 -1.26896510e+00  1.89443591e-01
 -1.91788168e-01 -5.19176876e-01  1.44962204e+00  9.22270878e-01
 -1.73826243e-01 -1.25294122e+00  1.69682038e+00  3.03486653e-01
 -3.83131154e-01 -1.39314461e+00 -2.01198856e-01  8.00775179e-01
 -3.63777046e-02 -6.38766849e-01  7.15312052e-01  1.38155942e+00
 -9.75266980e-01  5.09138022e-01 -4.14683073e-01 -1.37824720e+00
 -2.05184795e-01 -1.36208250e+00  9.53499949e-01 -1.25197456e+00
  2.29958725e+00 -1.44871067e-01 -6.10813637e-01  2.47215972e-01
  4.91500675e-01 -4.82232007e-01  2.78627628e-01 -1.50385266e+00
 -9.96971209e-02 -3.14261249e-01  2.14226979e-01 -9.62601722e-01
  3.97132861e-01  1.56846335e+00  1.08831784e+00 -9.42024175e-01
  7.66352273e-01 -1.82023001e+00 -5.94263180e-02  2.75187408e-01
  6.30372494e-02  3.41453504e-01  6.32538417e-01  3.98354998e-01
  1.23937147e+00 -3.68538584e-01  8.42541170e-01  1.20083169e-01
 -5.12826786e-01 -1.77269119e+00 -7.64567931e-01 -3.03788948e-01
 -6.50418032e-01  1.08665321e+00 -1.01757550e+00 -4.70731161e-01
  5.04240919e-01 -1.75278576e-01 -2.05980800e+00  8.56139545e-01
 -6.27937099e-01  1.03872540e+00  8.62944848e-01  5.21909121e-01
 -4.51525510e-01  5.27531182e-01  5.26310866e-01  6.15125127e-02
 -1.78486220e+00  6.47118598e-01 -8.22308717e-01  3.54643461e-01
 -2.67018696e-01 -7.10679364e-01  9.70689656e-02 -2.18909256e-01
  1.02810452e+00 -1.26296897e+00  6.00329469e-02 -5.14391303e-01
  1.00997254e-01  7.64193750e-01 -1.02333707e+00  3.20820406e-01
 -3.86369330e-01 -7.36846539e-01  2.11105059e-01 -9.07715768e-01
 -1.02694297e-01  2.38948777e-01 -3.40811674e-01 -2.09380078e-01
 -1.15522480e-01  1.12670517e+00 -1.83107267e+00 -1.93932735e+00
  2.19193957e+00 -1.12086186e+00  3.47196832e-01 -8.93184959e-01
  7.93120698e-01 -3.41443283e-01  1.08847846e+00  2.63276091e-01
  2.16022325e-01  7.11079048e-02  2.49195536e-01  7.27972649e-03
 -5.19105510e-02  7.76120721e-01  2.21818314e-01 -1.32380972e+00
 -1.43043448e-01 -2.55121725e-01 -1.00814129e+00 -2.89133725e-01
 -3.80643489e-01 -1.57754013e+00  8.75594479e-01  8.21389176e-01
 -2.54371228e-01 -1.43794984e-01 -5.88173549e-01  7.53824464e-01
 -1.96148584e+00 -5.95746648e-01 -1.50083770e-01  2.26779412e+00
  1.04576470e-02  3.37867813e-01  7.30171586e-01 -6.62988526e-01
  1.86932922e+00  8.25636960e-02  1.12005986e-01 -1.98906435e+00
  4.74726849e-02 -7.50571782e-01  1.51907891e-01 -1.94030205e+00
  1.64034375e+00 -1.96644534e-01 -1.42884364e-02  6.62551939e-01
  1.43530602e-01 -2.12871205e+00  1.01419258e-01  8.77399222e-01
 -8.90412826e-01 -3.02412877e-01  1.28152706e+00 -3.45354351e-01
 -3.11366973e-01 -1.26070173e+00  9.78021561e-01  5.69871258e-01
 -1.39923029e-01  5.98592379e-01  1.35253667e+00 -3.42442217e-01
  1.75563840e+00  1.37348226e-02 -6.59601479e-01  1.35382810e+00
 -2.62054838e-01  6.04635323e-02 -7.34981440e-01  8.69263298e-01
 -7.93134216e-01  2.04011791e+00 -3.02543941e-01 -1.10617330e+00
 -3.46519455e-01 -6.59449966e-01  6.95630146e-01 -1.62163491e+00
 -5.57620390e-01  4.48085533e-01  2.61759291e-01 -2.14048885e-01
 -5.82860781e-01 -1.46567979e+00  4.31723995e-01 -1.15041454e+00
 -8.57519046e-01  1.58873226e+00  1.64630051e+00  4.14240643e-01
  1.47991635e+00 -1.21472619e+00 -6.55406274e-02  1.48324140e+00
  7.97685956e-01 -1.29249600e+00 -6.88795652e-01  7.87003394e-01
  1.49211923e+00 -5.32116194e-01  2.37738623e+00 -1.02973463e+00
  4.73796663e-01 -5.29496975e-01  2.19757464e+00 -5.30743429e-01
  2.74793424e-01 -1.14389021e+00 -5.05368601e-01  2.17429217e+00
  4.70473905e-03 -1.19868573e+00  3.65334404e-02 -8.27580143e-02
 -1.23650353e+00 -1.42286773e+00  2.22179770e+00 -7.67342955e-01
 -5.99777639e-01 -6.57670314e-01 -1.06255121e+00 -1.92362208e+00
 -9.37014653e-01 -5.92395982e-01  1.55103709e+00 -5.91668619e-01
 -1.31046922e+00  4.11126419e-01  3.47824460e-01 -1.35065760e+00
 -9.16448973e-01 -1.38158424e+00  4.66807978e-01  3.46462236e-01
 -2.23487754e-01 -6.86986349e-01  2.10651555e-01 -1.07220778e+00
 -6.79517126e-01  7.67821080e-01 -4.53258594e-01 -4.07612648e-02
  8.24276930e-01 -1.33562747e-02  3.24769133e-01 -4.62013851e-01
 -7.33410211e-01  1.66550899e+00 -7.16330456e-01  1.05995191e+00
 -5.98556204e-01  7.13680051e-01 -2.31643105e+00 -1.41778770e-01
  6.64317752e-01 -2.83975777e-01 -6.79037155e-01  7.14846705e-01
 -4.41378565e-01 -1.55867362e+00  5.07918000e-01 -7.72702081e-01
 -9.02381084e-01  1.77364294e-01  7.55119980e-01  4.95685317e-01
 -1.12857085e+00  7.54911763e-01  6.18988274e-01  1.92702271e-01
  5.12184176e-01 -1.78377541e+00  7.72355041e-01 -1.76587581e+00
  2.15654423e+00  2.41021816e-01 -1.95002627e+00  2.35945756e+00
 -5.47288910e-01  5.28352793e-01  2.90918052e-01 -6.44585501e-01
 -1.75403038e-01 -8.92595554e-01  2.41528047e-01  2.07518104e+00
 -6.41190215e-01  6.83867470e-01  1.62321215e+00 -5.85350826e-01
  9.31630815e-01  1.00839803e-01  3.95850090e-01 -8.81975341e-01
  5.15191900e-01  1.31393238e+00  8.13123635e-01 -3.31661405e-01
  2.01013477e-01  9.47679714e-01  5.36628685e-01  4.30581417e-01
 -1.43777760e+00 -2.32184024e+00 -1.92004113e+00  1.22964430e+00
  1.56938293e+00 -3.88846004e-01 -2.66490168e-02  4.00821512e-01
 -1.54177372e+00 -9.50106522e-01 -3.92958492e-01  1.44323941e-01
 -1.55395477e+00  1.87900647e-01 -1.78801714e+00 -9.68574266e-01
  3.13444719e+00  7.48359797e-01 -7.33617577e-01  8.66655901e-01
 -9.40042489e-02 -2.51573420e+00  1.48365601e-01 -1.14868976e+00
  2.65846672e-01 -1.15755265e+00  8.24068268e-01 -2.26043660e+00
  1.77990299e+00 -6.84058467e-01  1.02446391e+00 -3.15377071e-01
  6.71224282e-01  1.45733998e+00 -2.01192596e+00 -7.64651147e-01
 -4.61173703e-01  1.30943167e+00  9.79268052e-01 -8.45594932e-01
  7.88509444e-02  4.96267871e-02 -5.88254667e-01  2.27410813e+00
 -1.97895220e-01 -5.10515658e-02 -6.46633891e-01 -4.51568141e+00
 -1.40109995e-01  1.50295177e-01  1.07560366e+00  6.72566924e-01
 -9.85001520e-02 -2.83051996e-01  9.03489535e-01 -1.04452682e+00
  4.19674344e-01 -3.37633422e-02  2.14499396e-01 -4.91644819e-01
  7.40635335e-01  8.68718926e-01 -1.49891287e+00  1.02436277e-01
  7.40588201e-01  6.01329414e-01  8.93446166e-05 -1.45380649e+00
 -5.54213899e-02  8.33474883e-01  1.47150244e+00 -1.08307481e+00
 -1.22840102e+00  6.55550741e-01  4.37581142e-01 -4.88456671e-01
  1.06253009e+00 -1.68412744e+00  7.05174856e-01 -1.27374638e+00
  1.67862889e+00  6.91530459e-01  1.34342780e+00  2.29126643e+00
  5.33874166e-02  4.20670486e-01  2.07642261e-01 -7.43235327e-01
 -8.14873914e-01  6.58587031e-01  1.21018325e+00 -1.25142789e+00
  1.33203866e-01  3.85475608e-01  1.14349580e+00  8.23290682e-01
 -1.84608328e+00 -2.30823028e-01 -4.54825592e-01  1.23480523e+00
  7.41459954e-01 -7.64156186e-02 -2.34742068e-01 -6.10933711e-01
  1.41577169e-01  1.13220581e-01  1.45099554e-01  1.82892136e-01
 -5.39386827e-01 -3.76457176e-01  7.04597307e-01 -1.34961669e+00
  9.85258242e-01  9.09159411e-01 -5.31395972e-01 -7.63279248e-01
  9.75586522e-01  4.11612675e-01 -9.23726900e-01  1.30812440e+00
 -1.22749330e+00 -1.22542150e+00 -4.44083973e-01 -3.26150891e-01
 -1.22701865e-01 -7.90380030e-05  7.77380349e-01  6.51141285e-01
  6.81712255e-01 -6.22297178e-01  8.40445938e-01  8.13882118e-01
  7.61468206e-01 -4.43982800e-02  1.31071375e+00 -3.11849457e-01
  1.43766790e+00  2.71436187e-01 -9.92598208e-01 -1.40366568e+00
  2.90227823e+00 -1.07891552e+00  2.82296652e-01 -5.38755798e-02
  1.46007983e+00  3.21879574e-01  5.20213182e-01  1.43022372e+00
  1.40801887e+00  1.28199802e+00 -5.09678312e-01  9.48665755e-01
 -1.10026373e-01  7.96420169e-01 -2.42926877e+00 -1.05011965e-01
 -8.77282330e-01 -3.51124828e-01 -1.55664938e+00 -7.32477049e-01
  1.83136659e+00 -1.03165346e+00 -6.70170333e-01  1.12455806e+00
  1.29013173e+00 -2.12397473e-02  8.96407864e-01  9.06492031e-01
 -6.45880068e-01 -6.31369633e-01  8.17679215e-01  8.61479115e-01
  8.16887801e-01  1.45937566e+00 -1.96935062e+00 -2.30192594e-01
  3.78495628e-01 -1.15928647e+00 -8.13209097e-01  6.56884989e-01
 -9.33497652e-01  3.84122811e-02  2.13500362e+00  7.89279383e-02
  1.07939504e+00 -4.45034628e-01  3.80396772e-01  6.03463740e-01
  8.47292971e-01  5.04862967e-02 -5.23162246e-01  2.51036544e+00
  1.05165131e-01 -1.31979687e+00  9.01252103e-01 -8.47596747e-02
 -2.38201747e-01 -1.26478855e+00  1.07300148e+00 -1.04243684e+00
  6.21772378e-01 -1.96439455e+00 -6.20671953e-01 -1.28888619e+00
 -1.37106075e+00 -4.72727775e-01  8.75689289e-01  1.49742286e+00
  4.34225664e-01  1.47966827e+00  4.93451579e-01 -2.09309907e-01
  7.43323072e-02 -1.32932323e+00  9.14579231e-01  7.95505983e-01
  1.05788201e-01 -8.73806133e-01  1.60266489e+00 -3.89863742e-01
 -8.02236805e-01 -2.72036664e-01  1.58925744e-01  7.81805974e-01
 -1.93798990e+00 -4.82264995e-01  1.13017993e+00  4.15065318e-01
 -3.79678074e-01 -1.17560434e+00  6.78910240e-02 -1.02967732e+00
 -5.10393243e-01 -1.25561600e+00  1.03578647e+00  8.28086240e-01
  5.94469152e-01 -8.84594859e-01 -3.88688480e-01  4.12950858e-01
  7.42723800e-01 -3.34136211e-01  1.95420582e-01  1.15931952e+00
  1.34412084e+00  1.31325666e+00  1.24331493e+00 -4.67071914e-01
 -3.64890149e-01 -1.52901835e-01  8.96040562e-01 -8.52185057e-01
 -1.58149547e-01 -6.02695787e-02 -1.30187067e+00 -2.21139588e+00
 -2.34260019e-01  6.72699961e-01  9.89383923e-01  1.19973939e+00
  6.31324722e-01 -1.64621509e-01 -1.23739152e+00  1.70890316e+00
  1.95673316e+00  9.96266426e-01  1.59246572e+00 -4.68805640e-03
 -3.23340434e-01  8.59149230e-02  1.97716308e-01 -3.80948226e-02
 -1.05727037e+00  5.07295194e-01 -2.34326008e+00  6.13663448e-01
  4.08594390e-01  7.72823505e-01 -3.18307890e-02  5.17578033e-01
  1.03212141e+00 -7.50293861e-01  1.29095577e+00 -5.77561413e-01
 -1.10551589e+00  1.02389983e+00  2.23272459e-01 -6.31827855e-01
 -1.04539867e+00 -9.30924762e-01  4.14066332e-01  1.04354893e+00
  5.11865443e-02  1.22249421e-01 -5.00628791e-01 -8.68940717e-02
  1.30722552e+00  1.06171152e+00  1.37251164e-01  1.31113567e+00
  1.02500995e+00 -7.34661060e-01 -1.79353593e+00 -3.80100268e-01
  9.51318266e-02 -1.56596049e-01  1.30298000e+00 -6.45009752e-01
 -7.83548311e-01  1.59209302e+00 -1.18035076e+00 -2.60157919e-01
 -1.25041901e+00  7.66312200e-01  4.17642230e-01  9.20889035e-01