 7.34082623e-01 -4.88322407e-01  2.00181522e-01  4.28044952e-01
 -5.00346665e-01 -1.15939889e-01 -9.65908922e-01  1.81511256e-02
  1.93559879e+00 -1.74820756e+00  8.22510401e-01  4.17597708e-01
  1.95504418e+00 -3.51524182e-01 -9.04870196e-01 -2.70944581e-02
 -4.70053369e-01 -8.94657937e-01 -2.57889635e-01 -1.20995017e+00
  3.50826627e+00 -8.94637513e-01  7.69535380e-01 -6.27083541e-01
 -1.61107249e+00 -7.27662285e-01 -8.62957228e-01 -9.54645052e-01
  1.70298387e+00 -1.16690838e+00 -2.08686670e+00 -4.29346642e-01
 -6.68570973e-01  1.31667425e+00  5.17013103e-01  2.15706146e+00
  2.26546140e+00  1.56256167e-01  2.29023353e-01  9.58597937e-01
 -1.37567599e+00 -8.48669667e-01  1.37246402e-02  1.19189880e+00
 -3.84536038e-02 -7.38897158e-01  2.90309067e-01 -5.98791899e-01
  1.90921616e+00  1.33025869e-02 -1.20062715e+00  3.28027757e-01
 -6.38308144e-01  1.73854192e+00 -6.09499340e-01 -4.64484666e-01
 -1.11571988e+00 -1.40314090e+00 -4.79821901e-01 -1.79367858e-01
  9.02466129e-02 -6.26068041e-01  7.27605323e-01 -7.98493451e-01
  4.74702669e-02  1.39247643e+00 -2.61316335e-01  4.68709837e-01
 -2.77131907e-01 -1.30533105e-02  7.88970535e-01  9.53719454e-01
 -6.20161133e-02 -1.39186701e-01  1.24543494e+00  1.54146655e+00
 -1.09356768e+00  2.32847136e+00  2.03909780e-01 -3.03052964e-01
 -7.20091498e-01 -1.00141748e+00 -4.90806524e-01 -1.10817947e+00
  8.80861811e-01 -4.78473892e-01 -1.33083088e+00  3.15634737e-01
 -7.08239060e-01 -1.12044638e+00  1.52320789e+00  3.76299211e-02
  1.29867795e-01  9.06221547e-01  7.69733512e-01 -1.32963820e+00
 -2.45957877e-01 -2.05400933e+00  1.15788710e-01  1.24845039e+00
 -1.47559293e+00  8.22656971e-01  1.05394687e+00  1.74259659e-01
  7.15507540e-01  3.59905541e-01 -4.43126090e-01 -1.31466150e-01
 -6.98057447e-01 -7.92103841e-01 -4.63164260e-01  3.97574882e-01
 -1.78597673e+00  7.41908705e-02  4.47975727e-01 -1.67817609e-01
  1.08038945e+00 -2.15034409e+00 -3.54903668e-01  9.14363700e-01
  4.85419074e-01  2.39350015e-01 -3.04767165e-01 -9.67090453e-01
  9.38841941e-01 -8.22398603e-01  2.50378735e-01  6.83452324e-01
  4.23787721e-01  2.26091847e-01 -2.70678565e+00 -5.70381573e-02
 -6.83075188e-01 -1.17857551e+00  1.29158179e+00 -1.35865014e+00
 -1.73032833e-01  2.53772233e-01 -1.46595086e+00 -2.88024769e-01
  1.84550558e-01  1.76248612e-01 -1.25856998e+00  1.02433065e+00
 -2.78659578e-01  4.04254308e-01  9.69564052e-01  1.05155254e+00
 -9.85287576e-01  2.11537109e-01  9.55152281e-01  7.21422696e-01
  3.15235221e-01  1.74227062e+00 -6.95350300e-02 -7.58402794e-02
  4.06588789e-01 -9.74195481e-04  2.18255528e+00 -3.44084922e-01
  5.02749352e-02  4.80330877e-01 -1.12752498e+00  5.10942437e-01
 -1.20996624e+00 -7.23325427e-01 -6.43507484e-01 -1.03092801e+00
 -4.00802221e-01 -4.19256118e-01  5.96827384e-02  1.25590894e+00
  8.93699401e-01  1.23801073e+00 -1.40937065e+00 -4.11265835e-01
  4.22728317e-01 -1.01315333e+00  4.04030254e-02 -1.00568610e+00
 -9.55241918e-01 -1.23415762e+00  1.92089192e-01  1.02341483e+00
  1.25653240e-01 -1.19227088e+00 -2.06389240e-01 -1.90548387e-02
  1.23425736e-02  1.05660409e+00  1.54275063e-01  2.44217710e-01
 -6.75198085e-02  3.81034204e-02  6.82846703e-01  3.10476616e-01
  5.60537778e-01 -2.16556604e+00  1.30110637e+00 -6.86077141e-01
 -6.42332627e-01 -8.61994456e-01  6.08140628e-01  1.41061989e+00
  7.91039146e-01 -1.33549247e+00 -1.96284104e+00 -2.80115453e-01
 -1.08714297e+00  1.07130136e+00 -7.45998645e-01 -6.13887659e-01
 -1.64764816e-01  5.31280651e-01 -5.05790246e-01  4.07151253e-01
  7.96079761e-01  1.87403206e+00  2.33838837e+00  5.94324675e-01
  2.63315102e+00  1.69082669e+00  1.03072858e+00  6.93165269e-01
 -1.18031576e+00 -4.33338823e-01 -5.93464074e-01  1.34520148e+00
  1.33270296e-01  7.53966800e-02  1.10034174e+00 -8.35885365e-02
 -6.96132684e-01  4.11847489e-01 -8.03548877e-01 -2.40911368e-01
 -5.31016541e-01  6.45437609e-02 -1.51530035e-01 -2.99135936e+00
  2.14810934e-01 -4.36991345e-01  7.39677970e-01 -1.20368213e+00
 -6.80080651e-01  1.88007229e+00 -4.23596180e-01 -1.13643923e+00
 -4.12724474e-01  1.71047075e+00  1.41600566e-01 -1.18960747e+00
  1.76449069e+00 -2.51320402e-01  4.56611230e-01 -2.01403534e+00
  1.77796169e+00 -1.73243818e+00 -1.62845220e+00 -6.65651936e-01
 -1.76741244e+00 -8.27219741e-02 -5.46432776e-01  4.80913961e-01
 -1.18283358e-02 -6.38856924e-01  1.05116761e+00 -1.87555973e-01
  1.08904535e+00  2.81625513e-01 -2.26700041e-02 -1.65018268e+00
  7.47577320e-01  4.12437590e-01  1.96677445e+00  2.53214011e-01
 -3.62659586e-01 -3.43336820e-01  1.30579836e+00  3.71053880e-01
 -1.31871007e+00  1.52079940e+00  2.03981206e+00  1.26445704e+00
 -7.03600995e-01  2.10370113e-02  1.42034327e-01 -3.26953982e-01
 -9.43298482e-02  7.33335340e-01  4.89001707e-01  1.19518860e+00
  2.94968597e-01 -1.57260867e-01 -3.83016748e-03  1.21697753e+00
  2.66755940e-01 -3.53229064e-01  3.20446489e-01 -9.96868809e-01
  9.15002797e-01 -2.59175096e-01 -6.39716424e-01 -1.06701835e+00
  9.60634633e-01  2.96712748e-01  2.46093346e-01 -2.06400715e-01
 -4.11684417e-02 -4.91282181e-01  1.07066512e+00 -2.72538533e-01
  1.97846506e+00 -9.92079842e-01 -5.07933873e-01 -9.88900562e-01
 -9.76363972e-01  1.23792274e-01 -3.17971635e+00 -9.21640970e-01
 -5.29470111e-01  2.04525139e-01 -9.23405973e-01  5.99563528e-01
 -3.46939781e-01 -1.32692697e+00 -4.28616370e-01 -9.96073156e-02
 -5.08425844e-01  2.80269159e-01  2.13905610e+00  7.47676804e-02
 -7.82073195e-01 -4.08062519e-01  1.81890735e+00 -9.12471093e-02
  7.35001507e-02 -7.13855491e-01 -1.51201273e+00  5.04762117e-01
  4.08469534e-01 -1.63812945e-02 -5.45353590e-01 -2.77259147e-01
  7.01781121e-01 -2.22067585e-01 -1.38617992e+00 -6.67182510e-01
  2.10808119e-02  8.78751763e-01 -1.59106304e+00  9.27780068e-01
 -5.45861407e-01 -1.46798411e+00 -7.51557328e-01 -9.51408575e-02
  3.74609220e-01 -2.69808030e-01 -1.13450310e+00 -1.05640035e+00
  2.33734149e-01 -3.90379310e-01 -1.14587587e+00  8.28149003e-01
 -1.24141667e+00  9.63934507e-01 -1.49235421e-01 -2.14555862e+00
 -1.47978010e+00  3.79436141e-01 -1.98537260e+00  1.41458784e+00
  7.83935934e-01 -3.38998718e-02 -1.10918199e+00 -6.41938578e-01
  1.32959565e+00 -5.69364384e-01  3.25683150e-01  1.36056345e+00
  9.66447096e-02 -1.46718816e+00  1.52215150e-01  5.36364163e-01
 -3.86863044e-02 -4.66935588e-01 -1.84315928e+00  8.31818192e-01
  1.15259158e+00  1.50960712e+00  2.70895128e-01  1.08749439e-01
  3.91938142e-01 -2.19570284e-01  1.45879407e+00 -9.73047053e-01
 -2.57830856e-01 -9.67395241e-01  1.01858707e+00 -1.60184358e-01
 -7.17724156e-01 -1.59748487e+00 -1.97303554e+00  2.73966308e-01
 -1.18874137e-02  6.82463348e-01 -5.88717030e-03 -2.07260138e-01
  6.42823444e-02 -1.03686435e+00 -1.88835161e-01  2.04190713e+00
 -1.42218332e-01 -5.59322584e-01 -7.58716351e-01  5.81384681e-01
  1.41489802e+00  1.00576022e+00  1.87903861e+00  2.23447089e-01
 -8.56720098e-01 -7.84147285e-01  9.29706088e-01 -6.15007918e-01
 -3.96950982e-01  1.90956720e+00  8.64100368e-01  1.12258116e+00
 -1.08306528e+00  2.13489665e-01  4.48422948e-01 -1.57970608e-01
  4.62493795e-01  1.86868697e+00 -6.90899260e-01  1.25908348e-01
 -1.22207531e+00 -1.01430462e+00  9.91089568e-01  8.40219974e-01
  1.19008988e+00  3.64932887e-01 -9.19001060e-01 -3.02611453e-01
  2.10686871e+00 -3.57163123e-01  5.68756783e-02  3.92245801e-01
 -1.56887474e-01 -8.26929372e-01  6.92482318e-01 -8.37682281e-01
 -2.80109838e-01 -5.86253937e-01  7.14847451e-01  7.58508081e-01
  9.83696125e-02 -1.48071275e+00  3.24576146e-01 -3.50047799e-01
 -2.81010316e-01 -9.83963292e-01 -1.29915978e+00  3.76121291e-01
  2.91398775e-01 -1.67345270e-01  1.56476791e+00  5.55817883e-01
 -1.57686787e-02 -1.26704157e+00  3.02897324e-01 -2.34055401e-01
  4.98622080e-01 -1.04569189e+00 -5.76617754e-01  4.46393727e-01
  4.04306837e-01  4.35477775e-01 -7.17639102e-01  1.48908746e+00
 -2.87799371e-01 -5.69919069e-01 -6.24519811e-01 -6.06451794e-01
  3.45550644e-01  1.28376933e+00  5.48215168e-01 -1.27511442e+00
 -1.23157265e+00  8.65058664e-01 -6.25410752e-01  1.45591102e+00
 -1.24899113e+00  1.45409006e+00 -1.51209405e+00 -4.37881563e-01
 -4.51500324e-01  6.24737747e-01  7.94694347e-01  7.74168128e-01
  9.85583690e-01 -1.07207880e+00  2.04532234e+00 -1.15924924e+00
  7.68281179e-01 -2.33074245e-01 -3.60970564e-01  1.01760467e-01
  1.10619666e+00 -6.49499913e-01 -2.86663166e-01  1.21257905e+00
 -1.29647392e+00 -8.76561025e-01  3.66724579e-01 -1.14024350e+00
  7.39044415e-01  1.40392879e+00  9.59910188e-01 -2.56352132e-01
  9.69574325e-01 -2.74386988e-01  4.64561409e-01  9.04899514e-01
 -7.49729349e-01  1.70884335e-01 -2.10336243e-01  2.09276053e+00
  3.34988626e-01 -8.69057511e-02 -9.74455951e-01 -1.66761187e+00
 -3.85529506e-01 -2.98498884e-01 -1.58737712e-01  1.62702253e+00
 -6.48000841e-01  1.16884506e+00  8.84036983e-01  1.49752545e+00
  1.85245160e+00  1.32411097e+00  1.64832690e+00 -4.36567557e-01
  9.38029808e-01  6.10044292e-01 -6.59746910e-01  7.73992197e-01
  1.11419874e+00 -1.96407510e-01 -4.14001595e-01  4.08085469e-01
 -5.91210780e-01  4.90248692e-01  1.11631244e+00 -4.58603238e-01
  1.50358838e+00 -1.51528885e+00  8.43894723e-02  7.79139163e-01
 -1.51910324e+00 -8.60782440e-02 -1.70908418e-01  6.12186018e-01
 -6.68640711e-01  7.15901223e-01  7.50672216e-01 -3.01554736e-02
  1.10607764e+00 -4.74869666e-01  2.16400457e+00  1.16871279e+00
 -7.19399917e-01  2.25017808e+00 -7.94970299e-02  1.66856878e+00
 -1.12920724e+00 -6.04139009e-01  2.00325408e+00 -5.87258983e-02
  1.07033801e+00  2.09514038e+00  1.70778351e-01  6.95557446e-01
 -2.12806103e+00 -5.51977913e-01  1.12657771e+00 -1.52302955e+00
 -4.95324392e-01 -4.61480056e-01  1.57128063e-01 -9.18556320e-02
 -4.29754156e-01 -1.17326917e+00  1.04936685e+00  1.46068487e-01
 -8.36701098e-01 -2.91365964e-01 -1.22725636e-01 -4.17960862e-01
 -4.26779577e-01  7.18540552e-01 -5.42968309e-01  5.63896733e-01
  3.29307485e-01 -2.03933844e-01 -1.53342412e-02 -1.25545050e-02
 -5.23616378e-01  4.92771906e-01 -9.56654735e-01 -7.02164709e-02
  5.44561658e-01  6.56848542e-01  4.23804981e-01 -6.19750886e-01
  1.17521193e+00  1.20752291e+00  7.74446441e-01  1.02613930e+00
  9.99100853e-01 -1.03293850e+00  7.94616227e-01 -8.02981278e-01
  1.73222489e+00  3.21161226e-01 -1.14597961e-01 -2.40021744e-01
  4.62127492e-01 -2.76930684e-01  1.61155983e+00 -6.57052113e-01
  4.28908532e-01  7.43639390e-01  4.44822219e-01  1.03257667e+00
 -9.56966288e-01  1.04916414e+00  1.10991781e+00 -1.17282988e+00
 -1.72002161e+00 -4.95394432e-01  2.94106580e-01 -1.59135221e-01
  1.24751431e+00  7.53098714e-01  7.95578754e-01 -8.26119459e-01
  2.54287918e-01  2.96393241e-01 -3.88414715e-01  9.47703884e-01
 -1.59285383e+00 -1.00776945e+00  1.26433823e+00  6.35142002e-01
 -3.89645284e-01  4.95549834e-01 -1.63971330e+00  1.48587029e-01
  5.20979128e-02 -2.41327466e-01 -9.33571646e-01 -1.18817323e+00
 -1.61963079e+00 -5.89261517e-01  1.09605149e+00  6.02520318e-01
  8.64227063e-01  6.24839474e-01  3.24097542e-01  4.01911550e-02
 -3.23353197e-01  7.29305434e-01 -5.84698691e-01 -1.18182235e+00
 -6.75229971e-02  3.94363270e-01 -2.27256980e-02  9.34429327e-01
  9.35242446e-01 -7.20499897e-01  1.09566393e-02 -7.98142903e-01
  1.44138809e+00 -1.09911197e+00  9.34299926e-01 -6.86053044e-01
 -9.26663927e-01  1.53055606e+00 -1.70833210e+00 -3.46408828e-01
  2.24233017e+00  1.96449943e+00 -3.52467281e-01  5.85816426e-01
 -3.19371865e-01  5.56894507e-01  4.37365460e-01 -2.97808337e-01
  5.91145830e-01  9.25628064e-02  2.67288396e-01  6.31166740e-01
  9.20756354e-01  1.50094620e-01 -6.25781091e-02  2.12845936e+00
  1.84055012e+00 -4.99533899e-01  9.32123346e-01  1.34576978e+00
  4.79559141e-01 -1.12066900e-01  6.11150901e-01 -1.80331152e+00
 -3.33265110e-03  3.78533814e-01  1.71285263e-01 -8.23456041e-01
  2.85763281e-01  6.21138649e-01 -1.01218922e+00  8.10285828e-01
 -4.31956310e-01  2.36997973e-01 -1.20311568e-01 -2.72292253e-01
 -8.94512202e-02 -9.94441016e-01 -5.83861799e-01  7.42900726e-01
 -8.04069044e-01 -4.00176586e-01 -8.68714304e-01 -3.28685002e-01
 -5.27455919e-01 -1.81077201e+00 -4.45013988e-01 -4.79935627e-02
 -4.20719555e-01 -7.94841193e-01  3.90207682e-01 -2.12179148e+00
  9.44832981e-01 -2.64661416e-01 -9.67114849e-01  2.71942406e-01
  2.31981032e+00  1.16511307e+00  1.29327058e+00 -3.20150697e-01
  2.82936480e-01  2.15118117e+00  1.21523070e+00 -9.29310947e-01
 -3.84574705e-01  3.72585981e-01  4.31742512e-01 -7.42559447e-01
  3.28862696e-01  9.14312394e-01  7.30637035e-01  4.86536119e-01
  2.75822923e-01 -4.45515566e-01 -2.18305965e-01 -4.06464228e-01
 -3.63987629e-01  1.41096296e+00  7.92717855e-01  3.74986589e-01
  7.49313213e-01  2.15620172e-01 -9.79476546e-01  1.17187790e+00
  1.36619823e+00  2.17002652e+00 -1.02783543e+00  1.26439762e+00
  4.01379317e-01  3.48751333e-01 -1.42985169e+00  8.86192197e-01
  2.82118649e-01  7.13942386e-01  1.41427255e-01 -1.67002769e-01
  6.56224687e-01 -1.17068287e-02 -4.50061020e-01 -2.77757229e-01
  1.52280745e+00  6.83498230e-01 -5.56824409e-01 -9.40957616e-01
 -2.39886340e-01  3.15675806e-01  1.75417272e+00 -1.14367742e+00
 -1.07992167e-01  4.89372987e-01  3.35605568e+00 -3.09348892e-01
 -1.22216741e-01 -2.17320242e-01 -8.74367541e-01 -1.79262338e+00
 -6.39984347e-01 -7.28293945e-02 -7.54276724e-01  2.01989644e-01
  9.71606213e-01 -1.26908004e-01 -3.87198729e-01 -2.79680003e-01
  7.37510743e-01 -1.34066484e+00  5.12527999e-01  2.42977147e-01
  1.42584193e-01 -5.51612394e-01  8.09455866e-01  4.78199533e-01
 -1.69240513e-01 -1.69549805e+00 -1.52705567e-01  6.89399423e-01
  8.29041914e-02  2.02962419e+00  1.02521549e+00  1.18145164e+00
  5.37222712e-01  8.75466942e-01 -1.12056617e-01  6.64158804e-01
  1.73453554e+00 -3.01943092e-01  3.42713393e-01 -3.99716600e-01
  1.21499667e+00  5.53538697e-01  5.58410941e-01  5.28948808e-01
  1.28578459e+00  2.91100364e-01 -5.59511764e-01 -1.69271850e+00
 -1.32349109e-01 -2.19669040e+00  1.43494228e-01 -9.29912456e-01
 -9.53525249e-01  1.61798756e+00 -7.23524523e-01  1.21755022e-01
 -2.14216716e+00 -1.44505749e+00 -1.16050369e-01 -6.28826766e-02
 -1.84594724e+00  6.76761030e-01  8.80642205e-01 -2.36281808e-01
 -5.05749191e-01  1.62739299e+00  8.60328281e-01  6.30501785e-01
  5.94697002e-01 -3.18412220e-01 -1.64392924e+00  1.38420334e+00
  3.83510869e-01 -1.51082890e+00  9.19349165e-01  1.01048167e+00
  2.16950019e-01  2.19689434e-01  2.49646033e+00  2.66844435e-01
  7.20137493e-01 -3.87395773e-01 -8.20081236e-02 -2.03592244e+00
 -6.11471200e-01 -6.58525158e-01  3.68854123e-01  3.82377612e-02
 -1.73407297e-01  6.48422164e-01  2.43168933e-01  2.76389754e-02
 -2.17844015e-01 -1.48219371e-02  1.26865872e+00 -8.14208434e-01
 -3.74245596e-01 -6.99590149e-01  1.06838713e+00  1.99687168e-01
  3.83940152e-01 -1.04438436e+00 -2.18155689e+00  1.10306934e+00
 -5.09639177e-01 -7.36027889e-02  1.81984225e+00 -3.96799328e-01
 -7.48621145e-01 -5.44308821e-01 -8.11514182e-01  1.50125360e-01
 -2.91870146e-01  6.44438317e-01  1.49913933e-01 -7.88258173e-01
 -3.18607883e-01 -7.25088667e-01 -1.12027374e-01 -6.28780536e-01
 -2.02616166e-01 -1.47757667e+00  3.15525367e-01  1.55091915e-01
  1.50600540e+00 -3.87228795e-01  5.60275502e-01 -5.10569796e-01
  7.81425412e-01 -9.85696851e-01 -7.30302344e-01  5.73048590e-01
  4.68816839e-01  2.74219863e-02  9.07272889e-01 -2.16098361e+00
 -9.53238068e-02 -1.12911212e+00 -1.21936408e+00  1.28084478e+00
  1.32079969e+00  7.19388415e-01  5.77430619e-02  2.49528716e-01
 -9.02560386e-01  1.26611335e+00 -1.44864971e+00  1.87701237e-01
  1.36980256e+00  1.17073663e+00 -8.94605523e-01 -3.03472228e-01
 -9.87111136e-01  6.08432161e-01  6.63435500e-01  9.35592743e-01
  7.06557935e-02 -3.99286097e-01  7.48481156e-01  1.43423189e-01
 -4.15927818e-01 -1.57021776e+00 -4.38757539e-01  2.07915916e-01
  8.35472279e-01  1.47494260e+00  1.15052115e+00 -1.36033946e+00
 -1.04786804e+00  9.59096736e-01  2.29630873e-01  7.25610596e-01
 -5.92699277e-01 -2.58336002e-01  2.80739608e-01 -3.09075464e-01
  4.15296862e-01  8.65043207e-01  5.00979859e-01 -6.43966977e-01
 -6.00376183e-01  1.46494526e+00  1.23589683e-01  3.53615523e-01
 -5.26117492e-01  8.75320428e-01 -7.32384047e-01 -7.78904243e-01
  1.88133653e+00  1.52901423e+00  2.07455005e+00  1.36264251e-02
 -9.00196558e-01  1.05629991e-01 -1.56071301e-01 -2.33213645e+00
  3.63394278e-01  1.28750918e+00  9.03242863e-01  9.64840957e-01