 1.01297331e+00  1.03719141e+00 -4.86545824e-01  1.10259936e+00
 -3.24393538e-01 -4.84838828e-01  5.22959226e-01 -1.70912031e+00
 -8.05910379e-01 -1.68646617e+00  2.24368269e-01  6.40234174e-01
 -2.38051985e+00  1.05948444e+00  6.32733573e-02 -3.53892604e-01
  6.21756703e-01  1.13238803e+00  4.89228752e-01  1.18505081e+00
 -1.05759673e+00  2.18745447e-02  1.42867070e-02  4.99264167e-01
 -6.00306007e-01 -1.05753636e+00 -6.63299191e-02  1.85066609e-02
 -2.57683594e-01  5.22710480e-01  1.53683434e+00  4.20212125e-01
 -7.66164826e-01 -6.87762250e-01  5.23482410e-01  4.56254499e-01
 -1.87513958e+00 -6.07356100e-01  8.67481480e-02 -4.65280435e-01
  1.33772254e-01  7.96834418e-02 -4.26577136e-01  7.04494693e-01
 -2.49290161e+00 -7.17252252e-01  2.23391332e+00  1.98010616e-01
  6.21603748e-01  6.00794941e-01  1.01504093e+00 -5.90878312e-01
 -8.28015332e-01  3.86072829e-02 -1.14371433e+00 -1.20359730e+00
  3.93548936e-01 -6.49872540e-01  9.68527813e-01 -8.35768325e-01
 -1.72499605e+00 -6.53857320e-01 -9.98737417e-01  4.55148840e-01
 -2.73537238e-01 -3.02753712e-01 -7.68094915e-01  3.60444694e-01
 -5.16132442e-01  6.54578979e-01 -9.63936099e-01  5.73947647e-01
  8.90463371e-01  1.63155296e+00 -1.54096898e+00 -2.11776196e-01
 -7.47111102e-01 -1.40472232e+00  1.33486327e+00  3.14728643e-01
 -1.37659177e-01 -1.45861464e+00  4.85390137e-02  3.73608898e-01
 -1.23292917e+00  7.89504083e-02  1.87973258e-02 -1.04434463e+00
  3.50349098e-01  1.47309810e+00 -1.54192416e+00  1.66458926e-01
  2.23658387e-01  1.28359536e+00  7.58321689e-01  4.18889716e-01
  1.94678077e-01  2.42291813e-02 -2.42249262e-01 -2.10883597e+00
  1.92982467e+00 -3.62007436e-01 -1.31893497e+00  2.48799073e-01
 -5.71170254e-01  8.68668301e-01  6.37996706e-01 -1.09579229e-01
  1.61784981e+00  7.99106494e-01 -1.10519629e+00  7.16605117e-01
 -2.32600247e-01  1.11727624e+00  2.21590952e-01 -6.10385440e-01
 -1.07581787e+00 -1.34307818e+00  2.17363964e+00  1.70095000e-01
 -6.37920898e-01  1.62486296e-01 -1.09792898e+00  1.12209218e+00
  1.06731679e+00 -2.06984249e-01 -2.53921270e-01 -7.55066301e-01
 -7.61247004e-01 -6.04535653e-02  1.81155056e-02  1.10139435e+00
 -2.60535170e+00  7.27084746e-01  6.06933720e-01 -2.27001531e+00
 -3.33679527e-01 -1.15573634e+00 -8.26075224e-01  6.46269305e-01
 -8.21638808e-01  7.28825256e-01  1.85079701e+00  1.27710766e+00
 -1.04675615e+00 -1.23249955e+00  9.93363419e-01  7.58044819e-02
 -9.10029351e-01  1.47305036e+00 -1.23938519e+00  7.87898570e-01
 -2.40434960e-01  3.95858226e-01 -2.67669122e-01 -6.57449405e-01
 -1.45596166e+00  1.35315205e+00 -1.74405530e-01  8.54240494e-01
 -2.21888210e-02 -6.50245913e-01 -1.99436048e-01 -1.46268082e+00
 -8.61360695e-01 -3.65434862e-02 -2.12137196e-01  8.54919376e-03
  1.90542796e+00 -7.58067151e-01 -5.29309102e-01 -1.58444664e+00
 -1.00795407e+00  5.92310308e-01  1.87660981e+00 -8.43267860e-01
  6.96347318e-01  6.33832029e-01  1.08215437e-01 -6.62570310e-01
  5.35447157e-01  4.82901507e-01 -1.58501149e+00  9.12802857e-02
  2.32879833e-01 -9.92762490e-01 -4.43597324e-01 -3.05012441e-01
 -1.79407096e+00  8.69895440e-01 -1.90077599e+00 -1.16746225e+00
  1.06054949e+00 -3.80571885e-01 -4.71665356e-01  4.37695576e-01
 -3.33886240e-01  1.46140457e+00  2.48586922e+00 -1.41023946e-01
 -1.30224064e+00 -4.88089532e-01  8.06026630e-01  8.05490082e-01
 -2.09998395e+00  3.31886344e-01 -4.72597463e-01  4.88080996e-01
  3.95644417e-01 -5.26915820e-01  1.79391304e-01 -1.77802484e-01
  1.16180045e+00  3.03503978e-01  8.38042031e-01  2.31084540e-01
  3.78513556e-01  7.44247983e-02 -1.21310916e+00 -1.16650479e+00
 -8.06095993e-01  5.55708733e-04  1.72913257e+00  2.24047598e+00
 -1.06216855e+00 -1.15332074e+00  1.75159350e-02 -1.08469842e+00
  4.34344274e-02  1.09600652e+00 -1.35937861e-01  5.22526064e-01
  5.74616217e-01 -6.24255893e-01 -4.91761000e-01  2.45022971e-01
  1.49467576e-01 -1.85148543e-01 -1.27470355e-01  2.52687950e-01
  1.43280301e-01 -2.17948063e+00  5.39881097e-01  9.41627028e-04
 -2.25051917e-01  2.89253308e-01  1.14853365e-01  1.82636667e-01
  1.20145456e+00  3.88580594e-01  3.67339679e-01 -1.59896711e+00
 -1.25232607e+00  1.15530707e+00  5.45478740e-01  7.87099537e-01
  5.86414116e-01  7.29600006e-01  1.17851986e-01 -1.24849829e+00
  4.28644350e-01  8.14837873e-01 -1.42158326e+00 -1.17146152e+00
  1.11589191e-01  4.18050978e-01  7.38488930e-01  3.27256127e-01
  2.77567058e-01  1.37712319e+00  1.33868445e-01 -1.41735142e+00
 -1.20624299e+00 -5.50953809e-01  4.98345928e-02 -3.41734097e-01
 -1.53324850e+00 -2.69576881e-01  6.67320657e-01 -1.59076820e+00
 -8.93508249e-01  7.71719008e-01 -1.34978149e+00  5.25251060e-01
 -1.65519473e+00 -1.25004797e+00 -8.23859892e-01 -4.22929618e-01
 -1.33690290e-01  2.50211748e-01  4.15554439e-01  1.06925848e-01
  9.36642985e-01  1.08451828e+00 -1.98269522e-02 -1.99092747e-01
 -8.69858941e-01  1.44275607e-01 -9.39430266e-02 -1.16718603e+00
 -1.63226445e-01 -8.72505489e-01 -6.72397779e-01  5.65409563e-01
  2.30847750e-01  6.70607810e-01  1.16470360e-01  2.08391864e+00
 -1.33852663e-01  4.20070770e-01 -9.83603118e-01  3.49132370e-01
 -7.95686606e-01  7.01405233e-01 -1.85883613e+00 -1.72892263e+00
 -1.92421442e+00 -5.41405484e-01 -1.51270191e+00  4.52571931e-01
 -1.39192149e-01  9.94256793e-01 -1.21253036e+00  3.68263117e-01
  1.34368452e+00  1.34978296e+00 -4.72310963e-01  2.11869395e+00
 -5.11132262e-01 -1.18078135e+00  1.94168452e-01 -4.40387139e-01
  2.59354304e-01  4.92504163e-01 -4.41647012e-01  1.72926749e+00
 -2.16379994e-01 -2.60946083e-01  2.93640261e-01 -3.10500938e-01
  2.39872684e+00  6.41882670e-01 -6.08087678e-01  7.71121777e-01
 -5.19113656e-01 -4.77254830e-01  1.55108497e+00  8.66253601e-01
  3.62612254e-01  5.80691150e-01 -3.19694357e-01 -1.67286639e+00
 -3.56772433e-01 -3.54013906e-01 -3.20063961e-01  1.46521142e+00
  2.88486155e-01 -1.88550048e+00  4.56677296e-01 -2.34086932e-01
 -9.53469795e-01  1.41229495e+00  5.38763433e-01 -1.39260039e+00
  1.33343990e+00 -1.57273942e+00 -1.66949119e-01  1.12321746e-01
 -3.33327542e-01  7.56521168e-01 -4.72438097e-01  1.47785691e-01
 -7.59020959e-01  1.63980981e-01 -1.12572888e+00  7.08673653e-01
  1.94844031e-01  5.30356827e-01 -5.76103800e-01  1.99709272e+00
 -5.31034323e-01  8.21132787e-01 -4.53859610e-02  7.98408235e-02
 -1.54999661e+00  5.37347716e-01  1.09181508e+00  4.52148334e-01
 -1.27492708e+00 -2.55804185e-01 -9.01511635e-01  1.04835024e+00
  1.36116846e-01  1.03759540e+00  1.61717906e+00  5.14934311e-01
 -7.96939865e-01 -5.64480288e-01  9.48260514e-01 -8.55694266e-01
  1.05288012e+00 -1.10246519e+00  9.72425279e-01  1.44715626e+00
 -1.11282205e+00 -1.06621055e+00 -8.86492861e-02 -9.36456273e-02
  9.78590190e-01 -7.70541352e-01  1.66298752e-01 -1.38236135e+00
 -1.06071499e-01 -5.93545770e-01 -1.31930632e+00  5.03456627e-01
  4.27143898e-01 -1.17583430e-01 -5.84465149e-01 -4.25705425e-01
 -4.03876141e-01 -1.33503392e+00  1.62078650e+00 -5.17874512e-01
  1.58492313e+00 -1.18943872e+00  1.27479545e+00  1.38504598e+00
  5.11512775e-01 -1.29404221e+00  7.35909997e-01  1.22375576e+00
 -6.04276701e-01 -5.23483305e-02 -8.25383458e-01  5.52140274e-01
 -2.25377974e-01  1.05878879e+00 -6.02572222e-01  7.99758072e-01
  1.48051507e+00 -2.40863643e+00 -2.75723474e-01  6.44708018e-01
  7.19331362e-01  1.16825728e+00 -5.93124852e-01  1.23060334e-01
  1.54291232e+00 -2.61131923e-03 -1.04914858e+00  4.63789546e-01
 -9.37588962e-01 -1.41714957e+00  1.17224105e+00 -2.53119814e+00
  1.02311984e-01  5.68196803e-01  6.08929581e-01  6.09843279e-01
 -5.51382617e-01 -1.43546036e+00 -7.99776627e-01 -1.43337280e+00
 -9.34300564e-01 -2.61360981e+00  1.66555760e+00 -5.62664263e-01
  2.77698726e-01 -1.21256939e+00  3.20154942e-02 -3.35082734e-01
 -3.13784986e-01  1.36399825e-01  4.25233835e-01 -1.56352359e-01
  1.74995843e+00 -6.58028626e-02 -2.15885501e+00  1.61241840e+00
 -1.23534123e+00 -1.35110760e+00  7.73233117e-01  2.92257616e-01
  2.12261000e+00 -6.70503035e-01 -1.57883705e+00  1.75184674e-01
 -1.77836127e+00  1.28344577e-01 -1.20232800e-02  1.78921002e+00
 -1.88884450e-01  1.16442974e-01  8.55254824e-01  1.74923482e-01
  5.68878581e-01 -1.18497739e+00  1.50223909e+00  3.96572901e-01
 -8.60380038e-01 -4.62685184e-01  3.47624519e-01  1.05572321e+00
  2.94110489e-01  6.85503584e-01 -7.35197589e-01  1.06669928e+00
  3.81081403e-01 -1.82158870e+00  2.43643864e-02  4.05758209e-01
  1.98665116e+00  2.58248488e-01 -3.11419173e-01 -4.74675272e-01
  9.76292724e-01  1.24333238e+00  1.37240283e-01 -1.35872981e+00
  1.70110228e-01  1.83204318e+00  6.22604148e-01  4.73187192e-02
 -6.76997601e-01 -1.31833217e+00 -5.34396258e-01  1.93434275e+00
 -9.02931709e-01 -2.57288533e+00  9.12030872e-01  2.32684448e-01
 -2.02107095e+00  8.76175516e-01 -7.00438739e-01  2.24475870e+00
  3.27547403e-01 -1.44983962e+00 -1.34142101e+00 -6.48944354e-01
 -1.57350399e-01  1.17447217e+00  1.90503667e-01 -1.35031214e+00
  7.98449684e-01  4.53162055e-01 -8.65630652e-01  7.98960817e-01
  6.89805165e-01 -2.74962213e-01 -6.77297149e-01 -8.22901184e-01
  2.46737812e+00 -6.33091616e-01  4.03134059e-01 -6.11205132e-01
  5.41712348e-01 -6.21100148e-01  1.10265490e+00  1.02206141e+00
  4.56165682e-01 -3.93154366e-02  1.74316044e+00 -3.19026253e+00
 -3.90075454e-01 -2.24921996e-01 -1.02153950e+00 -4.75510898e-01
  3.46693167e-01 -8.08140213e-01 -6.04371120e-01  1.73604881e-01
 -2.65292049e+00 -7.36581021e-01 -3.16809022e+00  1.77070813e-01
 -2.17393181e-01  5.64788356e-01 -5.11030990e-01  9.75900065e-01
 -6.49610659e-01  2.02003952e-01 -4.59281356e-01  8.72264076e-01
 -4.89704178e-01  3.64430681e-01  2.38909531e-01  1.72617529e-01
  7.95128467e-01  1.29545362e+00  9.00983508e-01 -6.64768368e-01
 -1.20720735e+00 -1.46335014e-01  9.57839111e-01 -2.05751511e-01
  3.21585377e-01 -1.04063302e+00  8.71790358e-01 -7.62829211e-01
  1.00937404e+00 -1.89867287e+00  2.46235162e+00  2.16564971e-01
  1.11333027e+00  9.85231646e-02 -8.91299136e-02 -4.84414701e-01
  9.96489143e-01  4.93906372e-02 -4.65311819e-01 -7.69921597e-01
 -1.20710486e+00  1.42560468e+00  9.30272201e-01 -8.81126897e-01
  7.71899831e-01  1.41486551e-01  2.58029859e+00 -1.00543351e+00
  1.05744009e+00  8.82663587e-02  1.25236357e+00 -2.52398450e-01
 -3.82521726e-03 -1.93505723e-01  1.24230765e+00  1.58005359e+00
  3.89430266e-01  7.39430932e-01 -1.31570229e-01 -5.95459477e-01
 -1.86458553e+00 -1.05919262e+00  1.05500546e-01 -1.06796298e+00
  3.02114541e-01  3.15443580e-01 -1.09609973e+00 -1.52200661e+00
 -8.63706092e-02 -2.78712718e-01  2.28692739e+00  1.59519260e-01
 -2.12592718e-01  9.43982974e-01  1.69670706e+00  2.92348736e-01
 -2.81067810e-01 -1.64875621e+00  1.76482070e-01  6.60993725e-01
  7.24849893e-01  1.74963189e+00 -1.60263357e+00 -1.28223330e+00
  3.93862101e-01 -1.03769388e-01 -9.41605296e-02  9.90415008e-01
 -6.01329591e-02  1.53638494e+00 -1.34704195e+00 -5.33092387e-01
 -4.32517978e-01  1.95117610e+00  4.18112722e-01 -1.16856075e-01
  5.29044203e-01 -7.23870946e-01 -1.65154329e+00 -5.33922433e-01
 -7.10675073e-01  8.42135829e-01 -2.55667895e-01  4.95868296e-01
  9.71932192e-01 -1.34074951e+00 -8.68696760e-01 -7.00668611e-01
 -1.82693201e-01  1.26254934e+00  4.16213436e-01 -3.64196234e-01
  2.86613086e-01 -2.34786989e+00  2.79973806e-01 -9.44731337e-01
 -5.70501893e-01 -4.10530204e-01 -1.78018874e-01 -1.15373469e+00
  3.85442541e-01  6.03294416e-01  1.95049991e+00  7.87455988e-01
 -6.50877506e-01 -4.80254555e-01 -4.36872647e-02 -9.23789187e-01
  3.34740083e-01 -2.98770624e-01  1.36072138e-01 -1.60302791e+00
 -8.76022873e-01  1.77152644e+00 -1.46518778e+00 -6.29286088e-01
  5.37823825e-01  4.89917370e-01  9.88614835e-01  1.12341881e+00
  3.04314609e-01  3.90548902e-01  2.00047693e+00  4.42970032e-01
  1.41637831e+00 -3.59559627e-01  1.03086986e+00 -3.92150332e-01
  1.71982524e+00 -5.99376687e-01 -7.77963513e-01 -2.13802125e-01
  2.21530954e+00 -2.73357752e-01 -5.39335367e-01  1.50444308e+00
 -1.74345660e-01  2.47865076e+00 -1.15965066e+00 -5.95753744e-01
 -4.83106356e-01  1.01818308e+00  1.80622665e+00  7.40857753e-01
 -9.12165362e-01  2.82835274e-01 -4.43319033e-01 -4.87925082e-01
  1.39275204e+00  7.05166224e-02 -1.56916992e+00  2.69845271e-01
  3.19770072e-01 -1.67866152e+00 -1.05792842e+00 -4.01589730e-01
  6.47973417e-01  9.70888138e-01  8.68772167e-01 -1.00257645e-01
 -7.39364595e-01  2.69381296e+00 -5.25292182e-01  7.20911830e-01
 -1.86650547e+00  8.55131927e-01  5.17786768e-01  5.53977116e-01
 -3.18685998e-01 -2.17537480e-01 -6.55204086e-01  8.42682826e-01
 -1.24606981e+00 -3.60767382e-01  8.13956719e-02 -3.53883015e+00
  1.83556059e-01  7.84535148e-01  7.19799540e-02  2.41787249e+00
  6.90322729e-01  1.30682335e+00  2.29090638e+00  3.44873823e-01
 -1.49714053e+00 -1.12712242e+00 -2.20442442e+00 -1.13114455e+00
 -1.38606733e+00 -1.17564070e+00 -6.29083357e-02  4.69960639e-01
  5.99232802e-01 -1.47643915e-01 -1.16385217e+00 -1.14155967e+00
 -9.25966881e-02 -1.27426701e+00 -1.17546057e+00  7.48162419e-01
  2.33266307e-01  4.62954192e-01  3.62882251e-02  2.37013262e-01
  5.54540239e-01  5.36134173e-01  3.27230656e-01 -7.44456757e-01
 -1.07931809e+00 -1.15847893e+00  6.01023462e-01  2.00570382e+00
 -4.04792672e-01 -9.59344639e-01  1.71484744e+00  7.69523824e-02
  1.02279799e+00 -1.84013950e-01  4.44676378e-01 -1.21821517e+00
 -3.29386471e-01  2.13774836e+00 -1.46623119e+00 -7.75199285e-01
 -1.25177948e-01 -5.09188615e-01  1.64713738e+00  5.94211751e-01
 -1.49720085e+00 -1.61301322e+00 -8.64753723e-01 -7.21567639e-01
 -1.08336511e+00  1.37558695e-01 -1.75021459e-01  1.68735528e+00
  1.25421664e+00 -1.00601280e+00 -5.80271458e-01 -8.82841874e-01
 -1.53000672e+00  1.09316950e+00  4.85940201e-02 -1.01470013e-01
 -1.37739547e+00  1.17650677e+00 -1.67972186e+00 -7.49938716e-01
  4.17342026e-02  6.22135838e-01 -8.12917515e-01  8.09551927e-01
 -7.19534291e-01 -1.26538051e-02  4.47813811e-01 -3.30647612e-01
  7.72154697e-01 -1.36375833e+00 -1.35200377e+00 -1.63443272e+00
  3.26035227e-01 -5.02174774e-01  4.92957898e-01 -5.50996202e-01
  5.82833410e-01 -1.22414968e+00 -3.17078688e-01 -9.30317858e-01
  8.01627895e-01  9.60396898e-01 -2.52543450e-01  1.32999268e+00
  9.03472228e-01 -1.05707942e+00  5.99126456e-01  5.19356717e-01
 -1.52648343e+00 -1.75109995e+00  1.98742397e+00 -1.19356032e-01
  3.80357263e-01 -1.26482714e-01  1.00298562e+00 -4.26087350e-01
  1.23392060e+00  3.67541175e-01 -2.59878295e+00 -9.55538978e-03
 -7.22022810e-01 -9.92522786e-02 -3.58372028e-01  1.97136407e+00
 -3.08357494e-01 -8.63576949e-02 -4.28212746e-01 -1.60216144e+00
 -1.46213822e+00  5.83723706e-01  1.44459869e+00 -8.95339598e-01
  7.30328536e-01 -4.32570922e-01 -1.64695071e+00 -4.08933089e-01
 -6.14082765e-01 -4.97356164e-01  1.26184652e+00  5.98146686e-01
  1.25703568e+00 -4.09287022e-01  1.28189897e+00 -1.15823477e+00
 -6.78843753e-01 -1.20142650e+00 -1.16293313e+00  1.22684840e+00
  1.88373509e-01 -4.36845078e-01 -5.98097728e-01  2.18345482e-01
 -1.41528908e+00  2.50446921e-01  4.61548942e-01 -1.66722145e+00
 -1.09135760e-02 -1.03399305e+00 -2.76559614e-02  4.61767409e-01
  1.71582068e+00 -2.56560228e-02  2.00741034e-01 -2.22698039e-01
  1.18903990e+00  2.13866245e+00  7.26240140e-02  6.23968767e-01
  7.50434533e-01 -7.29703131e-01  1.37008182e+00 -4.59578671e-01
  3.95032411e-03  3.05773655e-01 -1.90757523e+00  3.03062711e+00
  1.23949972e-01 -1.71727184e-01 -1.79966963e+00 -6.37852708e-01
 -1.04270264e+00 -1.26856450e-03 -1.94497683e+00  1.72655840e+00
 -3.74285799e-01  9.83431178e-02 -6.11882846e-01 -2.56660536e-01
 -4.03699288e-01  1.14583882e-01 -6.72726869e-01 -1.48800085e+00
 -1.01237880e+00 -9.22528306e-01 -2.20434591e-01 -2.37040865e-01
  5.75407978e-02  3.50175084e-01 -1.13039387e+00 -3.18018272e-02
  9.04527688e-01  2.17604427e-01  3.89390256e-01  6.39614610e-01
 -1.21912804e+00 -5.35636205e-01  6.22870365e-01 -2.49693399e+00
 -3.34694692e-01  6.84727232e-02  1.46096968e+00 -7.91175494e-01
  9.60201204e-01 -6.42107807e-01 -1.00060096e+00  1.72655307e+00
 -7.74134988e-01  8.63893921e-01 -1.16181921e+00  3.14036758e-01
 -1.59769952e-01  1.72966936e+00 -1.43195416e+00  3.67038785e-02
 -3.79927868e-01 -3.70267136e-01  7.89570435e-01  1.09327260e+00
  5.82048775e-01 -2.37893921e-01 -1.36927427e+00  3.00666500e-01
  6.88557212e-01  1.58050526e-01 -7.91534600e-01 -5.14365939e-01
  8.96313048e-02 -1.04632581e+00  5.25859876e-01  2.92726238e-01