 9.80539980e-01 -1.25858930e-01  5.38208245e-01  1.76161861e+00
 -5.26266093e-01  7.79326482e-01 -9.60352609e-01  1.15763299e-01
 -4.25440335e-01 -3.34108176e-02 -3.86967049e-02  5.25978720e-01
 -1.40931938e-01 -1.17511685e+00  1.94493692e-02 -1.11109925e+00
  1.07220741e+00 -9.81322344e-02 -5.29889847e-01  8.32090122e-01
 -4.93547988e-01 -1.81176539e+00  2.02830309e-01  2.39610050e+00
  1.23513008e+00 -6.90903608e-01  3.35875340e-01 -2.18764239e+00
 -6.89804125e-02  7.84066075e-01  4.82888132e-02 -3.02981297e-01
  4.59647835e-01  6.29831739e-01  4.77190803e-01 -1.98985043e-01
 -1.69312345e-01 -1.30932799e+00  2.34754463e+00 -1.48716274e+00
  5.87236987e-01 -4.60505575e-01 -6.87374430e-01 -1.04363061e+00
 -1.32358210e-01  3.61923774e-01 -7.75588517e-02 -2.63614525e-01
  9.36733777e-01 -5.14366085e-04  2.05606858e-01 -8.09350993e-01
 -3.75680396e-02 -2.73029518e-02  9.01145640e-01 -1.10589046e+00
 -3.39738104e-03 -7.07414054e-01  1.20307763e-01  6.69136688e-01
 -1.96395638e-01  1.44041156e+00  2.75399462e-01 -1.21878532e+00
  1.29127191e+00 -2.40612532e+00  5.36292416e-01  1.78104419e+00
  3.97962631e-01  4.03303414e-01 -1.33585838e+00 -6.83216777e-01
  8.69573809e-01  6.22466663e-01 -8.05655746e-01 -1.07494801e+00
 -2.94596278e+00 -1.24013770e-01 -4.49999783e-01 -6.63450244e-01
 -3.75036121e-01 -8.10278727e-02  6.84671516e-01 -7.39745840e-01
  5.75958338e-01 -1.61694678e+00  6.36674902e-01  6.93834578e-01
  6.66655001e-01 -7.39539053e-01  1.30220455e-01  5.19998265e-01
  3.65722234e-01 -1.36255832e+00  1.52662471e+00  6.03690865e-01
  8.87818880e-01 -1.87919152e-01  6.59579476e-02  8.93276480e-01
  1.15790257e+00 -5.92992114e-01  3.52406811e-01  5.64267647e-01
 -7.58307191e-01  2.73332550e-01  9.66038593e-01  9.70905977e-01
 -7.41377019e-01 -3.62422257e-03 -3.28750737e-01  1.16178957e-01
 -1.28167298e+00  4.69429475e-01 -1.23035112e+00 -3.10298512e-02
 -1.61552018e-01  2.80188612e+00  6.33928226e-01 -7.11436012e-01
  5.40128690e-01 -1.41853394e+00 -2.50420570e+00 -5.00860080e-01
 -1.37399766e-01  1.66456745e+00  1.81242082e-01  1.75650708e+00
  1.11050695e-02  9.71907024e-02 -2.47870008e-01 -1.28890224e+00
 -1.73432396e+00  8.95826325e-02  1.99507597e+00 -7.04147431e-01
  5.50398440e-01 -1.99567178e+00  1.11344300e+00  2.24247818e-01
  7.99838311e-01  1.12722124e+00 -8.49493365e-01 -9.35846327e-01
 -6.87992377e-01  1.05947883e+00 -7.39168573e-01 -3.02782920e-02
  2.17146294e+00  1.85644337e-01 -1.03428782e-01  1.29759485e-01
  8.29695416e-01 -1.49084088e+00 -4.59990626e-01 -2.34987256e+00
  1.61087301e-01  2.42526834e+00  1.65040246e+00  6.84506882e-01
 -3.07116706e-01  1.57224239e+00  9.19930560e-01 -1.15045917e+00
 -7.70716949e-01  2.24116100e-01 -2.00692478e-01 -7.72420061e-01
 -4.51408446e-01 -2.19519848e-01  6.85824549e-01 -1.48572939e+00
 -6.85169065e-01 -1.40309384e+00 -7.55491873e-01  8.09573074e-01
  8.07513830e-03 -2.92171392e+00 -3.74939409e-01  1.52965286e+00
 -2.67065779e-01  7.62958149e-01 -1.66311311e-01 -2.49895603e-01
  1.79615658e+00  5.98377837e-01  4.03676063e-02 -1.68350591e+00
  4.53967990e-01 -1.64479413e-01 -5.17144068e-01 -8.75941976e-02
  5.44993398e-01 -7.86386168e-01  1.14471004e-01 -1.03477119e+00
  2.15084878e-01 -4.81754012e-01 -8.27912406e-01 -1.20010864e-01
  1.70013650e-01  6.49954829e-01 -4.21026540e-02  1.02518354e+00
  2.54850097e-01 -1.72405821e-01 -3.65415420e-01  6.74366097e-01
  1.27200435e-01 -1.22040592e-01 -1.04682859e+00  7.92433704e-01
 -9.56929673e-02  5.84095834e-01  8.35674177e-01 -8.05508408e-01
  9.06611108e-01 -7.01441704e-01  8.31825034e-02  1.16733377e-01
  2.11982028e-01  5.21865843e-01  7.02239649e-01  1.20711678e+00
  4.81450539e-01  7.22722124e-01 -6.30527285e-01 -5.27522533e-01
 -1.78944918e-01  5.77731525e-02  1.89705202e-02  1.62396648e+00
  1.00113842e-01  7.51759601e-03 -9.57482891e-01  1.91893123e+00
  6.21936283e-01  2.10328498e-01  2.03687969e-01  6.83773209e-01
 -2.87570822e-02  6.64246320e-01  8.52931412e-01 -2.78309287e-01
 -2.10127980e+00 -1.52089990e+00 -8.79845530e-02  1.45264594e+00
  8.39064369e-01  3.94549013e-01  2.01203043e+00  9.69263473e-02
 -1.96832065e-01 -6.68023588e-02  1.44265202e+00 -8.59014220e-01
 -5.46202862e-01 -2.37942895e-02  1.89518883e+00 -1.38783461e+00
  3.25769754e-01 -1.25902810e+00  7.32309798e-01  6.73598829e-01
 -9.00401470e-01 -4.80619150e-01 -1.75875037e+00  1.83628213e+00
  5.01417847e-01  1.32892378e+00 -9.08765774e-01 -9.97362541e-01
  7.39762229e-01  1.03872995e+00 -5.56834738e-01 -1.95409363e+00
  3.29733972e-01  6.41632594e-01 -4.94670703e-01  2.03728348e-01
  3.47885152e+00 -9.35860651e-01 -1.79637630e-01 -6.88316695e-01
  1.89778822e-02  5.86036171e-01  4.65103461e-01 -9.10646388e-01
 -7.98874576e-01  1.07869717e+00 -2.03886868e-01 -1.35444454e-03
  2.91052234e-01 -7.45530636e-02  8.68762950e-01  5.38527612e-01
  1.52581579e+00 -8.69733818e-01 -1.14711547e+00 -1.18691187e+00
 -4.95048448e-01  2.36863300e-01  7.67372902e-01 -3.95117673e-02
  7.66247013e-01  2.07312305e+00  5.54818906e-01 -7.57615969e-01
  1.08481971e+00 -1.21877730e+00 -6.97626096e-01 -1.77896052e+00
 -7.24920915e-01  6.66659067e-01 -1.47592843e+00  1.40953617e+00
 -2.22935285e-01 -2.09565903e+00  1.30275179e+00  5.80956322e-02
  5.72515515e-01 -1.75579996e+00 -1.95904302e+00 -6.39745359e-01
  6.98832019e-01  1.69955828e+00  7.74811006e-01 -1.88637950e-01
 -3.17090944e-01  1.76873882e+00  5.86739446e-01 -8.37063897e-01
 -9.95484211e-02 -2.13990159e-01  8.02063990e-01 -4.14665449e-01
 -4.19558387e-01 -9.14421160e-01 -9.51001503e-02 -5.00159212e-01
  4.82705767e-01 -1.30633049e+00 -7.80086538e-01  5.81015631e-01
  1.78420555e+00 -2.80034783e-01 -3.87361080e-01 -1.75040706e-01
  1.63327554e+00 -9.81756137e-01  7.40242927e-01  2.09692676e-02
  1.07678380e+00  1.13431259e-01  1.19761502e+00  6.44059973e-01
  6.67191823e-01 -2.06862829e-01 -8.97380267e-01 -4.95478007e-01
 -8.00810812e-02  5.79684378e-01 -1.15957232e+00 -1.05358030e+00
  1.38550343e+00 -1.01567377e+00  6.02756765e-01 -2.61725745e-01
  1.83939781e-01  1.28973585e+00  6.25277921e-02 -9.59262769e-01
 -9.65439740e-01 -8.83784194e-01  1.76409104e+00  1.97121065e+00
  1.02150789e+00  1.46877377e+00 -8.97975074e-01  2.85817219e-01
  1.54470490e-01 -1.00931569e+00  1.61714246e+00 -7.17567563e-01
  4.49836328e-01 -1.62149200e+00 -1.35843105e+00 -1.34233451e-01
 -1.63797867e+00 -4.05007008e-01  5.18722665e-01 -2.35323207e-01
  2.26039515e-02 -2.00681347e+00  1.33416043e-01 -4.17926996e-01
  3.96678524e-01  3.86205431e-01  7.99679502e-01 -9.96536548e-01
 -1.68304735e-01  1.08595866e+00 -3.04395168e-01 -1.14165469e+00
 -1.08168959e+00  9.70705192e-01  5.28564848e-01  8.57454003e-01
 -1.05503517e-01  1.27257151e+00  3.55969705e-01 -1.64009719e-01
 -1.38174919e+00  6.17452312e-01  5.02620117e-01 -1.82941076e+00
  1.06431019e+00 -1.65527145e+00 -5.01500700e-01  8.84023287e-01
 -8.98862191e-01 -2.97686637e-01  3.19367017e-01  1.11243448e-01
 -3.71870139e-01  4.54434538e-01  1.35622137e-01  1.01875339e+00
 -2.76206104e-02 -5.00255051e-01 -1.17946847e+00  8.23531858e-01
  3.67140107e-01 -6.26895246e-01  7.63019658e-01 -1.38144852e-01
  7.91136291e-01 -1.76684986e-01  8.60482599e-01  1.00532810e+00
  1.23744356e+00 -3.55765976e-01 -1.16103253e+00 -6.66197224e-01
  1.35474660e+00  2.41749926e+00  2.06153374e+00 -6.40189519e-01
  1.37743521e+00  1.20727000e+00 -5.39407796e-01 -1.97143508e-01
  5.35161669e-01 -8.18170219e-01 -1.02744225e+00 -1.86356455e-01
 -1.17937988e+00 -5.52345209e-01  5.00734268e-01  2.84302764e-01
 -7.09877946e-01 -6.84436068e-01  1.92958228e-01  1.38633534e+00
 -1.48918074e+00  3.83997535e-02 -3.38786994e-01  7.64876983e-01
 -1.62614771e-01  1.48435701e+00 -2.90370042e-01 -1.01255860e+00
  4.72535405e-01  1.11975141e+00 -2.55367311e-01  1.81284561e+00
  4.86937976e-01  6.16482683e-01 -1.83145156e+00  7.65589697e-01
 -9.92721054e-01 -1.03740491e+00  1.50041780e+00  8.73051454e-01
 -1.25726476e+00 -4.37303133e-01 -3.94310382e-01  8.28473749e-01
 -6.86726207e-02 -4.05445950e-01  2.34695365e+00 -2.72421779e-02
 -1.82878678e+00  5.73348930e-01 -7.41339693e-02 -1.11449777e+00
 -7.12561358e-01  3.00853421e-01  1.60127936e-01  1.14489339e-01
  3.58028969e-01 -2.40430694e-01 -9.84331121e-01 -8.31046285e-01
  4.77000369e-01  4.97364117e-01 -9.97365219e-01 -1.48959496e+00
 -7.45073075e-01 -1.06400417e-01 -4.91330092e-01  1.79117145e-01
  1.12118684e+00  2.87934269e+00 -9.26312512e-01 -9.91708643e-01
  1.89564769e+00  3.63198697e-01  5.63860449e-01  9.02586503e-01
  2.52842773e-01 -2.22308066e-01 -8.31414706e-01 -1.33650364e+00
  3.81026886e-01 -2.07735385e-01  7.05969009e-01  1.90475444e-01
  4.02811128e-01  1.75030209e+00  1.90539543e-01 -1.47104136e+00
 -5.89962671e-01  9.33732844e-01 -5.51754834e-01 -4.24882681e-01
  2.19353052e+00  3.80454423e-01  1.80760103e+00  8.60612167e-01
  1.15644808e+00  1.01993796e+00 -1.03512532e+00  2.75543013e-01
 -2.90563468e-01  1.08935419e+00  6.53783524e-01 -2.88430813e+00
 -1.36629780e+00 -4.95206682e-01  1.51983546e+00 -1.18354533e+00
  5.42980445e-01  1.91991498e+00  4.88028117e-01  1.63870387e+00
 -3.62880225e-02  1.95964814e+00  1.13661170e+00 -2.99154410e-01
  3.47842927e-01 -5.27192672e-01  5.47546768e-01  5.64746914e-01
 -1.72488071e-01  1.68700215e+00  4.63092091e-01 -9.75667621e-01
 -3.47561733e-01  6.93527867e-02 -4.08188570e-01  3.32918912e-01
  4.31598430e-01  1.99745824e-01 -6.36293085e-01 -2.89470171e+00
 -7.28144421e-02  6.01296323e-01  9.96631242e-01 -3.81248090e-02
  1.38649212e-02 -1.03646066e-01  1.54022133e-01  4.35367846e-01
 -2.14398482e-01 -6.44186874e-01  7.28108249e-01  4.54659839e-01
 -1.07219243e+00 -1.22132237e+00 -4.79027757e-01  9.81382101e-01
  1.62131189e-01  4.55428352e-01 -1.17595410e+00  2.73966699e-01
 -2.87473282e-01 -3.07458407e-01  1.32303069e+00  1.81012602e+00
  1.39270118e+00 -1.95678020e+00 -9.58359487e-02 -2.46339225e-01
 -6.67488739e-01  7.89146844e-02 -7.50848666e-02 -7.28678358e-01
  1.44091047e-01 -8.71433489e-01  1.68216373e-03  1.53274365e-01
  2.04325701e+00  1.20336393e+00  1.52365558e+00  2.01840244e+00
 -1.89329049e+00 -1.73534618e-01  2.30375742e+00  1.55592664e+00
 -1.83877929e+00 -1.18312802e+00  7.63803316e-01  1.30545398e+00
 -3.44969620e-01  1.45080271e+00 -4.42091785e-01 -3.76041309e-01
  7.07432303e-02  1.75665381e+00 -7.57480366e-01 -2.66650112e-02
  6.95815935e-01 -9.92799782e-02 -1.75540369e+00  3.32517225e-01
 -4.42841920e-02  2.26293985e+00  3.52226767e-01  2.87360310e-01
 -1.28304133e+00  1.41679058e+00 -1.24252581e+00 -5.43723191e-01
  8.11912572e-01  8.55773794e-01  5.32878000e-01 -2.48397218e-01
  1.70595201e+00 -9.70817765e-01  1.46425829e+00  4.17113888e-01
  3.51628031e-02  1.99359211e-01 -1.63422842e+00  1.01953085e-01
  1.94266934e+00 -6.26494047e-01 -4.97705019e-01  4.10733163e-01
  1.67787350e+00 -1.18669698e+00 -5.65684746e-01 -7.37067105e-01
 -5.01447541e-02  3.43427395e-01 -1.12665940e+00  7.36425452e-01
  3.23267419e-01 -1.37857656e-01  4.98091658e-01 -2.87007857e-01
  2.31966218e-01  1.30621910e+00 -5.33484920e-01 -4.88922853e-01
  1.26535600e+00 -5.50943558e-01 -6.24419852e-01 -1.78779543e+00
  2.38528840e-01  1.84365279e-02 -2.84998789e-01  1.55484345e+00
  7.15406700e-02  2.40386685e+00 -1.11849269e+00 -5.84283666e-01
  4.59360335e-01 -2.05473094e+00  2.24054035e+00 -6.52891123e-01
  7.98891009e-02 -2.70904820e-01 -1.33742589e+00  9.99969206e-01
 -1.15208375e-01  1.98278556e-01 -1.30128816e+00 -1.51391730e+00
  3.36458303e-01 -8.95012722e-01 -4.91248011e-01  7.22784391e-01
  9.94450464e-01  2.13240429e-01 -9.42181870e-01  7.50439875e-01
  7.36347852e-01  4.38573134e-01 -1.87070194e-01 -1.55095112e+00
  8.22674263e-01  2.19718303e-01  2.66480985e-01  1.25747660e+00
  1.68856707e+00 -3.84071623e-01  1.15673115e-01 -1.76644489e+00
  1.40806483e+00 -1.02961079e+00  3.41566623e-01 -1.44259333e-01
 -6.68546446e-01 -1.06676413e+00  1.62502788e+00  1.24371497e+00
 -2.60555881e+00  1.49477767e+00 -3.54662549e-01 -2.15261009e-01
  2.12392359e+00 -1.23724995e+00 -2.40046656e-01  1.92690005e-01
  9.48480006e-01 -2.15399081e+00 -1.21772942e+00 -1.54097102e-01
  3.48444300e-01  3.31232187e-01 -2.89670212e-01  8.98492182e-01
 -1.45334904e+00  1.73832555e+00  1.79338468e-01 -1.58263759e+00
 -3.37927170e-01  7.35259765e-01 -9.32838091e-01 -5.34388225e-01
  2.24379979e+00 -9.55029545e-01 -9.40577982e-01  7.86140262e-01
  1.09977998e+00 -1.44119602e+00  3.96604383e-02 -3.65458781e-01
  3.01750915e-01  8.80762151e-02 -2.36858427e-01 -1.31631189e-01
  2.42298742e-01  6.90867085e-01  1.08418752e+00  7.61353855e-01
 -1.26562326e+00  2.23646737e-01  8.23145887e-03 -1.09435917e+00
 -2.21968707e-01 -2.55970462e-01 -5.70645517e-01 -2.37558355e-01
 -3.01524572e-01 -1.01625747e+00 -3.14433952e-01 -1.42804257e-01
  2.29807597e-01  2.63214254e+00  9.66373584e-03  5.84455274e-01
  1.17335760e+00 -3.71711584e-01  1.18621950e+00 -7.71971390e-01
 -4.17518577e-01  2.62708307e-02  9.54415943e-01  6.79553895e-01
 -2.49478361e-01 -4.58152745e-02  6.30955230e-01 -3.19937011e-01
 -1.03982555e+00 -5.11225714e-02 -4.61983738e-01 -2.01166573e-01
  3.77848708e-02  7.98586127e-01  1.06766025e+00  2.81054908e-01
  1.16895808e-01  5.58642442e-01 -1.17201362e+00  1.05829687e+00
  2.16098757e-01  1.83476429e+00  1.39285124e+00 -5.57869915e-01
 -2.80535689e+00 -6.74939885e-02 -5.98849516e-01  6.84575408e-01
  1.52585558e-01  1.15153894e-01  7.53387840e-01  1.36824547e+00
  5.79891088e-01 -3.47565749e-01 -1.94567099e+00  1.04783350e+00
  8.02479063e-01 -8.32731398e-01 -5.58760395e-01 -1.30696162e+00
  1.04775234e+00  9.73785875e-01 -4.91951611e-01 -2.86575583e-01
 -1.10055860e+00  1.38670901e+00 -1.70367121e+00 -1.69890224e-01
  5.23104827e-01 -1.53796873e+00  5.11207602e-01  1.89492513e+00
  2.58232010e-01 -1.93633099e-01  1.97790093e-01  5.56638415e-01
 -2.92178246e-02  1.99397981e+00 -9.62621989e-01  1.21402473e+00
  1.83114003e+00  2.60792073e-01 -1.53874394e+00 -9.32650600e-01
  1.12204855e+00 -7.86234224e-01 -6.27688213e-01  3.97213867e-01
 -1.15473732e+00 -5.87568985e-01 -1.32004224e+00 -8.75376975e-04
  3.45609831e-01 -1.40858744e+00  1.13016973e+00 -1.59631808e+00
 -1.63645845e+00 -7.78612934e-01 -6.76462619e-01 -6.58863403e-01
  1.33889894e+00  1.12843307e+00 -1.43231417e+00 -9.81880900e-01
 -7.98446364e-01 -5.66659336e-01 -6.79404040e-01 -2.11083044e+00
  5.22137482e-01  9.27272639e-01  2.93071436e-01  9.56889294e-02
 -1.62528093e+00  5.76508802e-01 -1.69425000e+00 -6.66668360e-02
 -3.75107235e-01 -1.18928222e+00  1.47286700e-01 -1.33424438e+00
  3.93889168e-03 -7.27267048e-01 -2.46789179e-01  3.24494083e-01
  9.26737125e-01 -1.85563336e-01  1.67946730e+00  1.17931468e+00
  1.13098002e+00  3.87020432e-01 -8.73321275e-01 -1.59709207e+00
 -2.94014587e-01  6.48295461e-01  2.96346899e-01  1.64250308e+00
  6.11225944e-01  2.40568087e+00 -6.70507359e-01  2.04380082e-01
  6.04122083e-01  1.87196621e+00 -1.32379282e+00  3.66129082e-01
 -5.78138717e-01 -1.53530890e+00 -1.13958321e+00  9.63534705e-01
  6.99623628e-01 -1.08444168e+00 -2.57314778e-01  1.42190292e-01
  9.46010450e-01 -1.07521045e+00  2.41581972e+00 -1.52689926e+00
 -2.88602931e+00 -3.31887205e-01 -2.00170823e+00 -2.01848411e-01
 -4.59673604e-01 -3.53369748e-01 -1.21675555e+00  4.87584028e-01
 -5.90995601e-01  2.13875647e+00  1.68804639e+00 -7.54315879e-01
 -1.76407227e-01 -2.83278278e-01 -8.98405387e-01 -1.37988358e+00
  1.66603748e+00  1.32600016e+00  1.53189845e+00 -6.53196370e-01
  6.77669147e-02 -3.09268532e-01  5.65677731e-01  9.07204296e-01
 -7.96065168e-01 -5.66130236e-01 -1.43059092e+00 -4.17602113e-02
  8.10702750e-01  2.83933999e-01 -1.06238516e+00 -8.16036841e-01
 -3.16317102e-01 -1.44389032e+00 -1.12202116e+00  9.10444646e-01
  3.98458749e-01  1.19171269e+00 -4.36714547e-01  4.03244115e-01
 -1.35044249e+00 -3.65044370e-01  4.49629650e-01 -9.74535135e-01
 -5.78656972e-01 -1.50593387e+00 -8.74594797e-01  1.54286771e+00
  1.15529506e+00 -9.37121997e-01 -1.74973319e+00  1.53268585e-01
 -7.39223525e-01 -1.27777844e+00 -5.86410882e-01 -3.06790382e-01
  1.24911524e+00  1.19566175e+00 -5.67277130e-01 -3.38969307e-01
 -1.36818416e+00  1.50725885e+00 -1.08473822e+00  8.58473446e-01
  6.23043807e-01  4.53452997e-01 -9.59365298e-01 -2.42269847e+00
  1.09122705e+00 -4.79828826e-01  3.00819218e-01  1.70398698e-01
 -2.16193374e+00 -9.00445597e-01  7.84626569e-01  2.28041441e-02