 4.97933171e-01  1.98571768e+00  1.43212275e+00  6.79472869e-01
 -5.16625496e-01 -6.47778553e-01 -6.85854665e-01 -1.70121577e+00
 -2.02908831e-01 -2.79071383e-01  8.10093185e-02 -1.09802829e-01
  2.73332647e+00  3.07699684e-01  1.22628176e+00  7.84967214e-02
  1.47769552e+00 -4.97353454e-01 -1.24934122e+00  1.83885115e+00
  4.48852098e-01  1.44438312e-01  1.25914919e+00  1.21364763e+00
 -1.54270144e+00 -1.13729693e-01  1.42735112e+00  1.71574474e+00
  2.83079831e-01 -1.07039478e+00  4.97582868e-01 -8.48206374e-01
 -5.77363854e-02  2.81923295e-01  1.00250566e+00 -2.52689240e-01
  6.61241183e-01 -7.73265708e-01 -2.83369268e-01  1.71981108e+00
  1.05297899e+00 -1.30068070e-01 -4.05646499e-01  1.42414864e-02
  9.54527121e-01 -1.62934515e+00  2.29149652e+00  3.40613058e-01
 -7.84904128e-01  3.89549324e-02  1.44016109e+00 -5.74693843e-01
  1.87819401e+00  1.22764556e+00  1.27533256e-01  4.06755773e-01
 -2.22726433e-01  2.11801335e-02  3.36007730e-01 -1.31793908e+00
  1.57048276e+00  1.02247829e+00 -6.01050392e-01 -5.39942665e-01
  3.03873592e-01 -4.85872532e-01 -1.64216120e+00  1.12832706e+00
 -2.12620064e-01 -6.91312975e-01  3.68143927e-01  2.74065240e-01
  1.55618990e+00  1.57014416e-01  9.88511656e-03  6.68950227e-01
 -7.85395590e-01 -9.75587910e-01  2.02844514e-01 -1.48073499e+00
 -8.30292801e-02 -4.58817381e-01 -8.62556105e-01 -1.03303249e+00
  6.75997248e-01 -7.68455226e-01  8.23022054e-02 -5.54658726e-01
  6.68199650e-01  7.44364343e-02  1.01144589e-01 -1.92105365e-01
  1.44461579e-01  4.93846900e-01  2.70275336e-01 -7.42536963e-01
  7.67475210e-01  6.14891674e-01 -4.55769825e-01  1.30144526e+00
 -1.12878503e+00  1.71103349e-01 -3.53092571e-01 -2.02005976e-01
 -5.89713979e-01 -7.24043296e-01  6.10510588e-01 -5.17009168e-01
  6.87708039e-02  2.14522149e+00  1.42965389e+00 -9.68830122e-01
  3.87393490e-01 -3.49248950e-01  2.36822896e+00  9.87060881e-01
 -7.15128300e-01  5.85463523e-01  1.71038580e+00 -4.41448319e-01
 -1.15126985e+00 -3.21468691e-01  3.44326152e-01  1.09987181e+00
 -3.58252788e-01  5.70428898e-01  2.47535984e-01 -1.17488015e+00
 -1.14819849e+00  5.67807601e-01 -6.04868914e-01  5.45288425e-01
 -2.03569287e+00 -1.00675470e+00 -8.69562440e-01  5.07755889e-01
  3.84150604e-01 -6.04791481e-01 -1.95836116e-01  1.02872941e-01
  2.45495707e+00  3.28480244e-01 -7.19935569e-01 -1.09380541e+00
 -2.08908528e-01  5.21823374e-01 -1.00969525e+00 -3.67927460e-01
  7.20123669e-01 -6.20970896e-01  8.41584152e-01 -1.09829517e+00
  4.43253455e-01  6.18668212e-01 -3.02419326e-01 -7.18177882e-01
  6.42696060e-01 -4.63872193e-01 -9.67237750e-01 -1.63080287e+00
 -4.07102680e-01 -1.24518426e+00 -2.34106875e-01  6.42607548e-01
  1.05745769e-01  1.10257833e+00  4.52012895e-01  5.19584751e-01
 -1.09482420e-01 -4.16759098e-01 -3.25131247e-02  1.93502644e+00
 -2.03280444e+00 -7.00301607e-01 -1.27282695e-01  1.85384901e+00
 -2.23863257e+00  7.58282272e-01 -2.90580802e-01 -1.28788850e+00
 -1.56311486e-03 -5.93082316e-02 -1.22958900e+00  1.77132361e-02
 -2.91834667e-01  1.65790833e-01  9.33419789e-02  2.67159957e-01
  1.70525332e+00 -1.11214238e-01  9.82057701e-01 -6.59030241e-02
 -7.04287918e-01 -3.98747644e-02 -1.82110121e-01 -8.34102522e-01
 -7.04013825e-01  2.82350441e-01 -1.10183727e+00  1.71115116e+00
 -5.03971546e-01  1.31541493e+00 -2.19451303e+00 -9.71325137e-01
  9.39704256e-01  8.25866249e-01  2.23502903e-01  6.85547469e-01
  2.42033057e-01  1.14015263e+00 -9.22867272e-01  2.58166105e-01
 -1.54348651e+00  1.14814154e+00 -1.30714502e+00 -7.02233976e-01
  3.30887846e-02 -4.87801613e-01  1.94312377e+00  1.54005275e-01
 -4.16166805e-01  4.35803331e-01 -7.72626154e-01  6.69225825e-02
  4.62032642e-01 -4.22618133e-01  7.67096888e-01  3.47615143e-01
  1.08985570e+00 -3.26022670e-01  1.28283427e+00 -4.68435898e-01
  1.64132485e+00  1.16616290e+00 -5.54370617e-01  4.69361517e-01
  1.99864468e+00 -2.30713770e-01 -2.86704466e-01  2.39771314e+00
  5.49904097e-01  5.86215106e-03  3.17424822e-01  6.72219557e-01
 -9.26893037e-02 -8.39491464e-01  8.47288546e-02  1.12208154e+00
  3.51476655e-01 -3.96947792e-02 -5.69115168e-01 -8.42176620e-01
 -7.90667572e-01  1.79365037e-01 -1.92010352e+00  7.52161881e-01
  9.62454117e-01  4.58239472e-01 -6.71561836e-02 -7.96588687e-01
 -2.43330784e-01 -4.99871817e-01  6.02995048e-01  1.50114147e+00
  8.27669751e-01 -1.78912643e+00  3.32848490e-02 -3.59667793e-01
 -3.84724387e-01  2.97304769e-02  3.83212425e-01 -2.51394567e-01
 -6.76335778e-01 -6.77661511e-01 -1.19395527e+00  1.29176465e+00
  5.19828966e-01 -5.36848681e-01  1.62262117e+00 -3.99851934e-01
 -1.15603305e-01  1.93542484e-01 -9.24614157e-02 -4.72278817e-01
 -3.48536988e-01 -4.86944870e-01  4.39208685e-01  6.48435562e-01
  1.12995649e+00  1.05902894e+00  5.01308243e-01  1.45835444e-01
  6.61694700e-01  1.85007118e+00  2.07220815e+00  1.64204740e-01
 -1.39482883e+00 -2.36149009e-01  1.13793768e+00 -4.38413043e-01
 -1.04748755e+00  2.04714677e-03  9.99895875e-03  8.42224757e-01
  1.40342884e+00 -5.76520773e-01  2.74910114e+00 -3.01855932e-01
  8.07258701e-01  9.15545651e-01 -6.24186069e-01  2.02857690e+00
 -8.82062795e-01  1.93686706e-01  6.41104804e-01  1.04436265e+00
  2.04996134e-01 -1.48726666e+00  1.05296780e+00  2.86021826e-02
 -2.12087191e+00  1.57737012e-01 -4.80764989e-01 -2.49024209e-01
  7.49284300e-01 -4.15071099e-01  2.13579484e+00 -5.25543086e-01
  1.46032873e+00 -8.89181352e-01 -9.11150032e-01  1.16650156e+00
 -4.61879998e-01 -4.81547723e-01 -1.83136128e-01  1.01919688e+00
  1.30200006e-01 -1.30361127e-02  1.83922904e+00 -3.60104990e-01
 -1.23659211e+00  3.92989038e-01  2.31687875e+00  3.82219835e-01
  5.17733090e-01 -1.26292364e+00 -8.61363699e-01 -1.45841124e+00
 -1.61190313e+00  7.88578967e-01 -5.27945050e-01  1.06542472e+00
 -4.51667881e-01 -1.25281131e-01 -6.29526960e-01  2.25220247e-01
 -1.98320259e-01 -4.83313003e-01 -1.87368953e+00 -1.55726944e+00
 -1.44643820e-01 -7.70799584e-01  2.94009521e-01  1.14429418e+00
  1.67560696e+00 -1.24554975e+00  8.57766960e-01  8.80699888e-01
  7.87314331e-01 -5.58516545e-01  2.09714852e+00  3.18870177e-01
 -3.74611571e-01 -6.94550588e-01  1.58985992e-01  5.64742024e-01
 -3.50812746e-01 -1.29830746e+00  9.29815306e-01  1.23595319e-01
  1.07329364e+00  1.47791004e+00 -2.83225584e-02 -1.49725500e+00
 -6.54427664e-01 -4.50418750e-01  3.01937782e-01  2.19034935e-01
 -1.28255386e+00  5.49269891e-01 -6.46368251e-01  1.72003286e+00
 -2.92054215e-01  1.48053326e-01 -2.48246259e-01  1.65508458e+00
  5.56296430e-01  1.95734685e+00  1.90359997e+00  3.25552193e-01
 -2.11766189e-01 -1.15055569e-01  8.18900029e-01 -1.39029600e-01
  4.85716491e-01  1.18131220e+00 -1.28914923e+00  8.63474883e-01
  1.18770691e+00  1.88171780e+00 -6.86702231e-01  2.84665207e-01
 -1.61629006e+00  5.11885394e-01 -4.56354543e-01 -1.76359347e+00
  2.21163683e-02  4.31336996e-01 -1.21466194e+00  5.05501491e-01
  6.00618408e-01  2.58832605e-01 -1.55981209e+00 -3.13945227e-01
  2.24738330e-01 -2.37805527e-02  4.40637344e-01  1.26756639e+00
 -1.04094922e+00 -4.36315420e-01  1.66635101e+00  5.26822174e-01
 -1.02686993e+00 -1.58725564e-01 -2.93789605e-01  4.88895394e-01
  6.01601909e-01  1.95887612e+00 -6.06440447e-01  1.97424380e+00
  1.90834335e+00  1.25066305e+00  2.02219120e-02 -5.72841295e-02
  7.09567522e-01 -1.10898351e+00  1.24910504e+00 -1.02754580e+00
  5.75777840e-01 -1.35366464e+00 -2.31020493e+00 -1.12209614e-01
  1.41534092e-01  7.14892862e-01  1.42329170e+00  1.51495995e+00
 -1.34029362e+00 -5.33265538e-01 -4.75227539e-01 -5.79533040e-01
  7.66645425e-02  2.86455335e-01  2.86383408e+00  3.69980373e-01
 -7.64741742e-01 -4.55190539e-01 -8.08042743e-01  9.78977084e-01
 -5.57394651e-01 -2.06208042e+00 -7.91298088e-01  1.40511001e-01
  1.33875649e+00 -8.14985531e-01  1.17002414e+00 -3.13785235e-02
  5.80052040e-01  4.50223161e-01  1.03409534e+00 -1.11838606e+00
 -1.70677328e+00 -8.56079630e-01  5.60904905e-01  2.42650530e-01
  7.28513909e-01  3.60145852e-01  2.13753733e-01 -1.09126907e+00
 -1.17433149e+00 -2.43183645e-01 -5.71532251e-01  1.73339690e+00
  2.29870786e+00 -4.50744998e-01  1.50257332e+00 -3.26927967e-01
  6.77564841e-01  5.18745830e-01  9.47023269e-01 -8.70929345e-01
  2.65654499e-01 -8.12492617e-01  2.19373755e-02  3.62549760e-01
  8.81369010e-01  1.26978268e+00  4.54962718e-01 -8.52413536e-02
 -3.08822215e-01  1.73822933e+00  4.02975970e-01 -1.69950629e+00
  1.25809363e+00  7.64777842e-01 -1.94866666e-01  5.76869806e-01
  2.48696523e-01  4.16776832e-02  1.10329861e-01 -9.99760020e-01
  6.18521505e-01  1.52220817e+00  6.08767353e-01  1.11370840e-01
  1.48649544e+00  1.04301518e+00  5.54339040e-01  7.25381855e-02
  4.98853037e-01 -3.94970392e-01  7.65048330e-01  2.96769238e-01
  6.96091331e-01  5.50147435e-01 -1.44260138e+00  6.33591648e-01
  5.27918173e-01 -3.72628920e-01  9.03652022e-01 -8.35871534e-01
  3.12019768e-01  1.21260375e+00  8.53668649e-01  1.58072209e+00
  7.13187625e-01 -4.91790577e-01 -3.43239040e-01  1.30134224e+00
 -2.56001458e+00 -2.15812389e-01  1.35204083e+00 -1.52999542e+00
 -5.77296245e-01 -7.94056802e-01  1.11260660e+00  4.61421017e-01
  5.59686992e-01  2.27141911e-01 -1.46858196e+00  7.92132292e-01
 -5.46519344e-01 -6.70697165e-01  1.81431066e+00  6.70624912e-02
 -6.04419689e-01  1.87454795e-01 -9.75731481e-01  1.44560413e+00
  2.36336466e-01 -7.31332104e-01 -5.57359802e-01 -2.25724227e-01
 -1.98339788e-01  3.63993710e-01 -1.24506459e+00 -5.45726264e-01
  2.40570491e-01 -5.72079751e-01  5.25242113e-01  9.98506857e-01
 -1.06304143e+00 -6.09874535e-01  3.36008796e-01  1.17919794e+00
  7.17924240e-02  2.82970147e-01  1.37373960e+00 -6.54261272e-01
 -7.46097463e-01 -8.17938968e-01 -2.76616054e-01 -3.76758198e-01
 -1.26304317e+00  1.07115770e+00 -2.92507593e-01 -1.35734019e+00
  1.24333230e+00 -5.30641672e-01 -9.43482230e-01  2.84397370e-01
  4.78217175e-01  5.59574370e-01 -1.24050630e+00 -2.34017711e+00
  5.37080915e-01 -9.66682344e-01  5.91635449e-01 -1.10968443e+00
 -2.27096529e-01 -1.92796729e+00  1.27905006e+00 -1.46988775e+00
 -6.14962871e-04 -4.51403900e-01 -7.67076656e-01  1.18343509e+00
 -8.81175864e-01 -1.81355876e+00  2.46086217e-02  3.66831935e-01
 -3.23097406e-01 -9.41114940e-01  9.87754978e-01 -8.37389905e-01
 -6.45386645e-01 -1.43188769e+00 -1.89813610e+00 -8.47279218e-01
 -8.63272424e-02 -6.93839612e-01  7.69801536e-01  7.47668795e-01
 -8.28308397e-01 -5.05516932e-01 -5.48494758e-01 -9.38304481e-01
 -4.43240673e-01 -1.42415093e-01  9.82139184e-01  1.35994926e+00
 -1.96161606e-01  1.02587993e-01  1.40725749e+00  4.63391426e-02
 -1.21374487e+00 -1.65235356e+00  1.56201178e-01 -1.33269630e+00
 -9.61746547e-02 -7.64193699e-01  1.86239615e-01  1.92540825e-01
 -1.13969670e+00 -3.93985046e-01  8.08488959e-01 -8.87781203e-01
 -7.71076424e-01  3.31339826e-01  1.84951502e-01 -5.33407907e-01
 -4.41251963e-01 -5.85971268e-01 -9.31568504e-01 -1.92392183e+00
  2.06502729e+00  1.19269624e-01 -1.05490192e+00  1.95644706e-01
 -1.73348918e+00  2.93041288e-02  2.01964624e+00  8.58847834e-01
 -9.27976368e-01  4.48259484e-01  3.49506931e-01 -3.49400256e-01
 -7.31033461e-01 -3.77382820e-01  5.01893761e-01  8.46399083e-01
  2.41831490e-01 -7.46460414e-01 -1.60492931e+00 -1.30727330e+00
 -2.05553680e-01  3.89989999e-01 -5.55050771e-01  4.11867337e-01
  1.50998519e-01  1.56810265e+00 -1.58445171e-01 -4.30449910e-01
 -6.85323881e-01  8.87765055e-01  4.51782809e-01 -1.40272676e+00
  1.04838920e+00 -2.43061109e-02 -6.41683586e-02 -1.11345471e+00
 -3.51080230e+00  5.62396002e-01  7.95450423e-01 -2.40704504e-01
  1.10394808e+00 -7.52946723e-01 -6.39276340e-01 -2.87104496e-01
 -5.74869220e-01  3.62995133e-01 -6.64017505e-01 -1.56698287e+00
 -3.50175150e-01 -6.44902491e-01  1.57256135e-02 -4.64866710e-01
 -8.83706591e-01  2.10373095e-01  8.30583245e-01  4.83508732e-01
 -1.62537812e-01 -1.19405873e+00 -1.36696043e+00 -4.91193695e-01
 -8.52394129e-01  5.01630551e-01 -7.63584724e-01 -6.33439250e-01
 -3.79492488e-01 -5.42647018e-01 -6.06654061e-01 -4.78171909e-01
 -1.40640643e+00 -2.01372466e-01 -1.01709439e+00  1.58979007e+00
  7.93557417e-01 -1.26761383e+00  5.30034369e-01  1.98185277e-01
  8.78259491e-01 -4.60865057e-01  1.04835719e+00  1.17961373e+00
  6.96327214e-01  1.08488121e+00  6.37827075e-01  1.25135909e-01
  2.25136377e-01  1.01528059e+00 -1.70347930e+00  4.71948346e-01
 -2.21799295e-01 -3.28522493e-01 -1.37956556e-01 -6.65794094e-01
  5.36660559e-01  6.20842990e-01 -6.86876952e-01  6.59006613e-01
 -9.34898693e-01  8.34598455e-01 -1.10452316e+00 -3.90790079e-01
 -2.47734872e-01 -5.40639669e-01  9.26088229e-01 -1.36104539e-01
  4.01749443e-01  9.11392240e-01  1.02286396e+00 -1.66509231e+00
  4.60331359e-01 -1.71341652e+00  1.39720090e-01  2.71718902e-01
  8.16788874e-01  1.39967044e+00  5.45702697e-02  7.42866922e-01
 -3.72518535e-01  8.51361890e-02  1.28771709e+00 -5.25002040e-01
 -1.21232579e+00 -5.11586921e-01  4.58936261e-01 -2.05106866e-01
  7.10759466e-01  1.07286030e+00  1.52519429e+00  3.68379691e-01
 -2.77997354e-01 -1.15004426e-02 -2.85031847e+00 -1.43507440e+00
  1.53227931e-01  9.06028033e-01 -2.36476276e+00  2.08493378e+00
  1.08667174e+00 -1.52169196e+00  2.34646607e+00 -8.42589248e-01
 -4.42284823e-01 -8.07983466e-01 -1.46749230e+00 -6.04777676e-01
 -2.02952199e+00  9.57112349e-01  4.10828801e-01 -5.10098941e-01
  1.83275143e+00  3.03483896e-01 -9.91021637e-01 -1.58643200e+00
 -1.26411548e-01  3.03602969e-01 -3.42995601e-02  2.78167396e-01
  1.33212772e+00  2.66320626e+00 -4.45186536e-01  4.35726233e-02
 -1.85972135e+00 -2.67248920e-01 -2.25585076e+00  7.37565291e-01
  7.33417025e-01 -5.41431699e-01  3.60627259e-01 -3.58139793e-01
 -4.27026164e-01  9.42908234e-01  9.04350252e-01  1.87186452e+00
 -1.05745607e+00  2.09960899e+00  5.64294772e-01  2.20398065e+00
  1.42909525e+00  3.92596600e-01 -1.72977743e-01  1.79429846e+00
  6.49197411e-01  2.18493574e+00  4.03949039e-01 -6.33619827e-01
 -3.15227403e-01 -1.29944164e+00 -6.15035197e-01  9.88147291e-01
 -1.25864417e-01 -6.99576101e-01 -6.90157434e-01 -7.70577488e-01
  3.16270118e-01  6.65641121e-01 -1.66369877e+00  6.36603980e-01
  4.87815587e-01  3.33583242e-01 -1.71259155e-01 -1.10848557e+00
 -1.72732097e-01  6.25867980e-01  2.46693421e-01  7.12007533e-01
  2.72805490e-01 -1.57819760e+00  8.13113510e-01 -1.10288492e+00
 -1.29368505e+00  2.74061450e+00  2.33855169e-01  8.86840166e-01
 -2.06114675e-01 -9.29782373e-02  5.79577894e-01  3.21384581e-01
 -1.74529990e+00 -1.32807952e+00 -1.19374373e+00 -5.02293092e-03
 -2.49068907e-01 -8.04977918e-01 -2.64302327e+00 -9.41758829e-01
  1.01503963e+00  5.91915195e-02  1.14671115e+00  1.25404766e+00
  1.12345024e+00  8.65150623e-01  9.48481432e-01  4.26716928e-01
  4.22591180e-01  6.48077564e-03  4.17615562e-01  5.88664835e-01
 -1.26390225e-01  1.42696432e+00  9.17348548e-01 -2.30392865e-01
 -6.74820969e-01  9.54840416e-01 -1.54514187e+00  7.04546888e-02
 -2.44467244e-01  7.55540245e-01  1.19947766e+00 -7.23281601e-01
 -2.49739649e+00  9.40908264e-01 -1.12850683e+00 -1.78456072e-01
  1.13168966e+00  5.51369068e-01  7.02185782e-01  1.51839038e+00
 -1.50711974e+00 -6.80355725e-01  3.62499861e-01 -7.31944956e-01
 -8.32014572e-01  2.99815575e-02  1.42636264e+00  1.47255542e+00
  6.61335998e-01  1.65494808e+00  2.71727155e+00  3.53526149e-01
 -3.48710762e-01 -1.22191474e-02 -1.66879265e+00 -1.74771012e+00
 -1.96194520e+00  1.84712860e-01  1.72194222e-01 -2.69791758e-01
  1.33141747e+00  7.64364861e-01  1.03095864e+00 -1.21828205e+00
  1.09002556e+00 -1.09250945e+00 -1.51085895e+00 -7.83508870e-01
 -1.62278496e+00  4.53940824e-01  9.86708938e-01 -9.42341062e-01
  1.43137523e+00  4.27955349e-01  9.88552484e-01 -1.16613732e+00
 -6.58835102e-01 -4.37781226e-02 -7.48697324e-01  5.06050961e-01
  6.33744000e-01 -2.54828777e-02 -5.87319405e-01 -6.73358665e-01
 -4.29925650e-01 -2.23761408e+00 -1.19775837e+00  1.34818356e-01
 -7.33589770e-01  8.67147182e-01 -7.14574604e-01  9.17757042e-01
  4.12811750e-01  2.45303374e-01  6.79489285e-01  2.26112967e-01
 -1.87004849e+00 -2.80869548e-01  1.54345651e+00  9.21036718e-02
 -1.58825342e+00 -8.51633211e-01  6.38598818e-01 -1.39392552e-01
  1.51755405e+00 -7.28583174e-01  7.20812080e-01 -7.53579980e-01
  1.32892588e+00 -5.21301660e-01  1.60918394e-01 -4.38315176e-01
  1.58339034e+00 -9.08561821e-01 -5.24771369e-01 -3.56191482e-01
  5.82063972e-01  1.38692746e+00  7.25953259e-01  1.79964872e+00