-7.71577092e-01 -1.17259735e+00 -1.57489694e-01 -1.12932501e+00
  7.75055484e-01  1.58785125e+00 -1.18544505e+00 -1.97333630e+00
  7.91711667e-01  2.17144706e-01 -8.08955108e-01 -1.34838183e+00
 -5.48361499e-01 -1.91358044e+00 -3.69003209e-01  6.48236071e-01
  1.56801463e+00  2.10759285e-01  1.26723204e+00  5.71417984e-01
 -7.18160061e-01 -4.25963361e-01 -7.73455411e-03 -1.80338365e+00
 -1.42310860e+00 -7.93836496e-01  4.12973636e-01  1.92222308e-01
  4.61591382e-01  2.31747393e-01 -2.16999222e+00 -2.92234167e-01
  2.57269175e-01 -3.40739135e-01  1.62050343e-02 -5.32105940e-01
  6.76714922e-01  9.31542893e-01  7.71999747e-01  2.51792797e-01
 -1.37261844e-01 -4.85265776e-01 -7.08141104e-01 -9.43884313e-01
 -3.01907522e-01  1.10439503e+00 -1.72905846e+00 -1.14715965e+00
  1.05267895e+00  2.34252822e-01  1.06582944e+00  4.16923771e-01
 -1.25158864e+00  1.08909227e-01  1.56379820e+00 -3.04208727e-01
 -2.34935048e-01  2.05002393e-01  1.30076026e+00 -1.33866280e-01
 -7.46199351e-01  8.27887250e-01  1.11494359e+00 -9.53209667e-01
 -1.46112834e+00  6.57436461e-01 -3.77844855e-02 -4.12774594e-01
 -5.25291113e-01 -6.16275772e-01  2.50635412e-01  8.09435062e-01
 -1.30484186e+00 -5.98583669e-01 -7.30214073e-01  4.83897419e-01
 -4.17497435e-01  2.47107861e-01 -1.06279168e+00 -1.84892513e+00
 -1.04618315e-01  5.45609993e-01 -3.38858655e-02  8.36150350e-01
  1.41648939e+00 -1.51347025e-01  1.47680390e+00  1.07421857e-01
 -1.22637169e+00 -6.54965801e-02  1.38074693e+00 -1.45815259e-01
  1.15159539e+00 -1.46990800e-01 -1.12279887e+00 -1.08532938e+00
  2.96714519e-02 -6.17512331e-01  1.34589119e-01  9.74483631e-02
 -8.92931995e-01  6.12815130e-01 -9.45303651e-01  2.59234213e-01
  7.44981099e-01  3.26315758e-01 -8.84484164e-01  2.87113745e-01
 -3.86543939e-01 -8.04285707e-01  4.29814346e-01 -4.62955179e-01
 -1.06953542e+00  3.02885296e-01  8.36951499e-01  5.30674453e-01
 -9.31031256e-01 -1.77839605e-01 -1.31390722e+00 -3.91892467e-02
 -2.40155119e-01  1.48600821e+00  4.69632022e-02  5.55414646e-01
  6.36251953e-01 -5.74830748e-01 -2.04450524e-01 -1.64137146e-01
 -4.80674735e-01  1.21286348e+00  6.93174838e-01  5.35531353e-01
 -6.33462697e-01  1.52196110e+00  8.58997067e-01 -1.28225336e-01
  7.94351574e-01  8.32773842e-01  4.23246187e-01  5.41738875e-01
 -2.22853546e+00 -7.70907181e-01  5.14352860e-01 -1.25079074e+00
 -2.96383333e-02  2.04759783e+00 -1.12611095e-01 -9.42281320e-01
  1.60298131e-01  1.27469054e+00 -2.51342858e-01 -8.34494594e-01
 -1.85596244e+00 -3.04599616e-05  1.40654492e+00  3.14768146e-01
 -2.47008458e+00  2.46593153e-01 -6.94262939e-01 -2.08995113e+00
 -4.52525894e-02  2.58839358e-01  1.85677477e-02 -9.58386748e-01
 -3.03500897e-02  1.03432536e+00  1.09967693e+00  1.53213386e-01
 -1.13111350e+00  1.56863756e+00  7.62389127e-01  1.37683505e+00
 -1.21049080e+00  1.50351344e-01 -3.44242946e-01  1.42163311e+00
 -2.42598190e-01  7.88878095e-01  1.50545374e+00 -1.54534012e-01
  1.56867758e-01 -1.17736177e+00 -8.39560835e-01  7.44942925e-01
  6.69501106e-01  5.39758088e-01  8.90950833e-01 -1.21575730e+00
  5.53127514e-01  1.22993807e+00 -3.84195610e-01 -2.87000719e-01
  5.62643178e-01  4.32460267e-01 -6.79225256e-01 -8.26534620e-01
 -6.39229684e-01 -3.75152940e-01  5.55929695e-01  6.85976838e-01
 -9.19443141e-01  9.12387158e-01  1.54232774e+00 -7.99377712e-02
  7.33798525e-02  1.61343333e-01 -2.97833404e-01  5.37803473e-01
  1.48703108e-01  8.70392494e-01 -9.15407230e-01  6.43671678e-01
  4.73593305e-01 -5.91750049e-01  1.18408656e+00 -6.74153643e-01
 -6.45716913e-01 -2.21705588e-01 -8.27158113e-01 -1.53338148e+00
  7.25886442e-01  2.29870128e+00  2.00069610e+00  1.65797921e-01
  1.29529754e+00  4.07249832e-01 -6.22107869e-01  1.89103941e+00
  3.54375424e-01 -1.17761613e+00 -1.17912364e+00 -4.31602555e-01
 -7.44679056e-01  9.14912353e-01 -1.72522039e+00 -7.21856662e-01
 -8.30364490e-01  3.53716688e-01 -1.57743602e+00  1.36045460e+00
  2.50319124e+00  5.80999095e-01 -3.82197045e+00 -8.63900209e-01
 -1.93721092e+00  3.28906147e-01  6.87130623e-01 -7.15946280e-01
  4.56545794e-01  1.17738346e+00  9.31601228e-01 -1.30890752e+00
 -5.69426202e-01 -8.92871725e-01 -4.97174409e-01 -2.77032333e+00
 -1.12590996e+00 -1.64199739e+00 -9.44865903e-01  9.03938124e-01
 -1.23308277e+00 -1.20615261e+00  5.26948993e-01  1.17715215e+00
 -1.22218845e-01  3.48585938e-01 -6.60322052e-01 -5.79998121e-01
 -2.49139023e+00 -1.08715133e+00 -1.98391177e+00  2.76052139e-01
 -5.18037823e-01  1.17632621e+00  1.26860579e+00 -1.13356737e+00
  4.59378199e-01  7.06398544e-01  6.50919147e-01  9.25466745e-01
  2.58872221e-01 -8.11607821e-01 -1.42640604e+00 -3.88925427e-01
 -4.37620143e-02  1.81695360e+00 -1.84581581e+00 -1.70237931e+00
 -2.15104580e+00  3.64848358e-01  4.45202984e-01 -9.83747380e-02
 -2.67528532e-01  9.87081998e-01  2.10652658e-01 -2.15165527e+00
 -7.32614287e-01 -4.22300715e-01 -1.59682615e-01 -8.46228702e-01
 -1.77143393e+00 -3.40954613e-01 -1.58857103e+00  7.77944696e-01
 -1.14973773e+00  2.51573062e-01  5.60126613e-01  3.84403523e-01
 -1.23479179e+00  3.22082777e-01  1.26947239e+00 -6.72547719e-02
  2.28780204e-01  8.02450925e-02  6.22548197e-01  5.24518284e-02
 -8.32823092e-01 -1.32821452e+00  2.10257655e+00 -6.63512338e-01
 -6.42647708e-01  1.95300892e+00 -1.08036520e+00 -5.27339526e-01
  1.41332692e-01  1.41167792e+00 -8.90835027e-02 -2.40648673e+00
  1.83363960e-01 -6.86249469e-01  6.71301715e-01 -5.19000328e-01
 -5.07801891e-01 -1.91717987e+00  5.38746312e-01  1.04665671e+00
 -2.23683988e-01 -7.66515488e-01 -4.85019920e-01 -1.91865428e-01
 -1.40894925e+00 -4.62534113e-01 -7.97000541e-01 -7.14315188e-01
 -5.74616099e-01 -2.98655063e-01  3.77590482e-02  7.17026582e-01
 -6.80238331e-01  4.01761496e-01  2.26630401e-02  2.52265811e-01
  8.06503941e-01  9.62661809e-01 -1.18312814e+00 -6.44848967e-01
 -1.30243134e-01  3.13466689e-01  4.35620452e-01  2.57788832e-01
  9.35921372e-01  8.43647255e-01  4.11662766e-01  7.09623357e-01
  2.56287406e-01 -6.63699306e-01 -1.68724334e-01 -1.76241183e+00
  1.36094894e+00  2.27296631e-02  1.13834336e+00  2.77597953e-01
 -7.13354926e-01 -1.08901680e+00  8.00737717e-03 -7.62729890e-01
  5.54393103e-01  3.76558213e-01 -1.10962183e+00  1.13417321e+00
 -2.70496853e-01 -1.13995704e-01 -1.13039435e+00  1.18997062e+00
  2.41945559e-01  9.44073567e-01 -1.76891695e+00  1.11380600e+00
 -5.34936570e-01 -9.88184016e-01  2.76169705e+00 -6.35139442e-01
 -2.26239205e+00 -3.00496715e-01 -6.03832373e-01  1.84652470e-01
 -4.48322562e-01 -5.85604647e-01 -1.89720912e+00  4.57401144e-01
  5.26568917e-01 -7.20400397e-01  2.42404698e-01 -5.24777866e-01
 -2.95045399e+00  4.70411601e-03  7.59040179e-01 -9.57126107e-01
  8.60216336e-01 -7.29443203e-01 -7.08208822e-01  1.56977308e+00
  3.34152735e-01 -5.36600736e-02  8.92768412e-01 -1.22771362e+00
  9.98690100e-01  2.44550267e+00 -4.38113491e-01  4.11227575e-01
 -1.77074799e-01 -4.56564207e-01 -4.33847093e-01  1.37607145e+00
  6.16529930e-01  8.28029889e-02  5.67007299e-01 -1.01669406e+00
 -1.41686848e+00 -8.21123286e-01  3.82576787e-01  2.24788276e-01
 -3.04808422e-01  1.54437150e+00  1.96556597e+00  7.43113192e-01
 -7.88786667e-01  1.50342717e-01 -6.11566976e-01  1.12597563e+00
  9.36532261e-01 -7.37593165e-01 -1.21419552e+00 -6.02048754e-01
 -1.73313510e+00 -9.53929657e-01 -3.24419466e-01  3.35131029e-01
 -9.57818216e-01 -1.91394295e+00  1.55038770e+00  8.94002945e-01
  1.30990232e+00 -2.78250465e-01 -1.44075856e+00 -1.93600762e+00
 -7.95758919e-01  1.21540393e+00  5.54766609e-01  3.08255234e-01
 -7.16408504e-01  2.02352007e-01  2.48238088e-01 -9.32153356e-01
  3.30548720e-01 -2.04556901e-01 -1.36394857e+00  1.25297205e+00
 -1.12713183e+00  3.71682338e-01  1.19706186e+00 -5.56489297e-01
  8.90476328e-01 -1.11747267e+00 -1.17421973e+00  1.52095855e+00
 -1.02645521e-01  1.40714060e+00  8.28501157e-02 -8.26264051e-01
 -3.48513414e-01 -5.37541407e-01 -6.77322639e-01  1.65862383e+00
 -6.43493504e-01  5.01504024e-01 -4.44138808e-02  4.53751351e-01
  7.82869498e-01  1.34481309e-01 -2.52271495e+00  1.09320667e+00
 -3.73677725e-01 -1.52499776e+00  5.58119772e-01 -5.67345687e-01
  4.88296075e-01 -3.37090411e-01 -9.93352467e-01  2.90559651e-01
 -1.88256075e+00 -1.82483519e-01  1.04346767e+00 -1.25622527e+00
 -1.02984239e+00 -2.33272945e-01  1.30912693e+00 -1.18999295e-01
  1.41011159e+00  1.89404547e+00  6.56897568e-02  2.32288190e-01
 -9.56005432e-01 -5.16818833e-01  4.28441300e-01 -1.39498476e+00
  5.52143792e-02 -7.74773279e-01 -3.53139919e-03 -6.07924512e-01
  1.60288744e-02  8.75046440e-01 -3.11655310e+00  1.26553536e+00
  1.69803304e+00 -1.03749302e+00 -1.00000863e+00  8.03721464e-01
 -6.50024294e-01 -2.57371265e-01  6.18323328e-01 -1.00517111e+00
 -1.42623692e+00  2.71078488e-01 -1.40728186e+00  8.41570221e-02
  1.64203879e+00  3.21744307e-01 -1.13437249e+00 -7.93645387e-01
 -2.12828739e+00 -6.41379295e-01 -1.13301107e+00 -2.68635765e-01
  3.35911239e-01  4.92808101e-01 -1.24100028e+00 -1.49940597e+00
  4.70563658e-01  1.27120227e+00  1.71854022e+00 -2.30734701e-01
 -4.65263591e-01 -9.44236597e-01  6.65703974e-02  5.05180220e-01
 -4.50832572e-01  3.49644397e-01 -3.75118339e-01 -8.65495056e-02
 -1.81857430e+00  4.55575716e-01 -4.47083514e-01 -6.28810393e-01
  3.54991987e-01  2.07658260e-01  5.90433749e-01  6.22671697e-01
  1.82318009e+00  6.92900440e-01 -1.94637961e-01 -2.44917178e-02
  1.84164444e-01 -1.28881148e+00 -2.59765488e+00  3.28786060e-01
 -9.52280403e-01 -1.88728112e-01  8.34681271e-01 -9.40241508e-01
  4.44674775e-01 -3.36158367e-01 -6.50397622e-01  2.26333055e-01
  2.80682623e-01  1.11669621e+00  4.32851889e-01  1.48993195e+00
 -4.48772892e-01  2.21753960e+00 -8.17323160e-02  1.25708218e-01
 -1.93248797e-01  6.73727553e-01  1.27955893e+00 -8.00411783e-01
  2.95039130e-01 -1.72729352e+00 -1.87018203e+00  5.55167310e-01
 -8.55263341e-01 -1.29759134e+00 -3.29682711e-01  1.77029892e+00
 -6.48413880e-01  4.08741668e-02  4.83935283e-01  4.44220991e-02
  2.59820889e-01  4.17709277e-01  2.66947621e-01  1.50367736e+00
 -7.98951156e-02  2.07951669e+00  1.47412879e+00  1.12126329e+00
  5.71642749e-01 -4.08890372e-01 -2.13101793e+00 -7.49710304e-02
  6.41867857e-02  1.68427954e-01  2.00433662e+00 -4.64424504e-01
 -1.17259441e+00 -3.82880566e-01  1.10077881e+00 -1.35870965e+00
 -8.18899604e-01 -2.55650579e+00  5.35716042e-01 -6.03877814e-01
  1.37390756e+00 -1.43470474e-01 -1.26108931e-01 -2.90132190e-01
 -1.27333111e+00 -7.13038839e-01  1.00414590e-01  6.77111238e-02
  7.71198190e-01  3.16958673e-01  5.94408964e-01 -9.41122251e-01
  1.32419034e+00 -1.16336285e+00  1.77945967e-03  1.61833278e-02
 -5.32579363e-01 -9.39440881e-01  8.32000042e-01  3.23665931e-02
  1.31440502e+00 -4.57376111e-01 -1.32564006e+00 -2.54973847e-01
 -6.29182572e-01  2.88542272e-02  1.62074828e+00 -2.14322246e-01
 -5.70024158e-01 -7.31116697e-01  1.07396703e+00  1.70065620e-02
 -9.74677472e-01 -3.29246089e-01  6.22356993e-01 -2.25864220e-01
 -1.30837139e+00  7.23020284e-01 -4.74839945e-01  3.61143288e-01
  6.08288498e-01 -1.67380496e+00 -1.27986715e-01 -3.17923282e-01
 -2.47983220e-01  1.64054756e+00  1.03478015e+00 -1.02767346e+00
 -1.36878311e+00  1.32856818e+00  1.14239626e+00 -1.37968444e+00
  8.03013888e-01  4.52321866e-01 -6.15744412e-01 -2.54392948e-01
  3.34747216e-01  2.60068655e-01  9.89152690e-01  3.82770973e-01
 -5.57521751e-01  2.38521503e+00  2.00187817e+00  1.28527105e+00
 -1.97468674e-01  2.64784379e-01 -1.56348478e+00  2.23042718e-02
  9.30808336e-01  5.47770299e-01 -7.58134016e-01 -1.93207463e-01
  8.44304512e-01 -3.14462974e-02  1.96716234e+00  8.96961750e-01
  2.24045122e+00  2.91916813e-01  7.14907082e-01  1.32755466e+00
 -9.62332206e-01 -7.47011919e-01 -5.54460214e-01  7.94786107e-01
  1.16102765e+00  5.29348170e-01 -8.15545394e-01 -1.91734460e+00
  2.72888459e+00 -1.72109266e-01 -2.90335089e-01 -1.29575827e+00
  1.08994906e+00  9.96823784e-01  1.15432349e+00 -6.24107770e-01
 -3.68168754e-01  1.25447918e+00 -8.76864392e-01 -1.55750257e+00
  1.61185811e+00 -3.88678764e-01 -7.30037719e-01 -1.00960451e+00
 -4.08761001e-01 -5.79405276e-01  1.37406512e-01 -8.29255751e-01
 -1.82409780e-03 -1.00478905e+00  2.15292470e+00 -1.29650961e-01
  7.73053750e-01 -5.62656993e-01  6.62963808e-01  4.90115493e-01
 -1.20317450e+00 -7.00455494e-01  8.05510568e-01  1.00512777e+00
  2.93503817e-01 -6.95976829e-02  1.03462967e-01  5.02932100e-01
 -2.75373852e-01 -2.02641833e+00  2.10632462e-01  1.41907166e+00
 -1.55033591e+00  2.08109336e-01  1.83998065e-03 -1.74532258e-02
  1.37025699e+00 -1.28118074e+00 -2.06315548e-01 -2.24556409e-01
  2.36855043e+00 -2.24535187e+00  7.23093210e-01  8.10202709e-01
  2.05364433e-01  1.97805812e+00  4.67381657e-01  1.35713182e+00
  1.58235352e-01  4.61068697e-01  8.50713216e-01  7.62955428e-01
 -1.00022829e+00 -3.73530218e-01  1.35643169e+00 -1.81404453e-01
  6.50330642e-01  8.36902388e-01  1.42276064e+00  2.27207814e-01
  3.42849917e-02  1.23973764e+00  5.00465792e-01  3.11267157e-02
 -7.23268471e-01  4.14987850e-01  4.56801878e-01 -1.74089162e+00
  1.05015555e+00  1.12584555e+00 -5.01166384e-01  1.38264438e+00
  6.83204704e-01 -6.15012514e-01  8.02492316e-01 -1.28785436e-01
 -1.25064165e+00  1.50366633e+00 -2.69121906e-01  7.27346674e-01
 -8.52296325e-01  4.61065993e-01 -6.01529020e-01 -3.05288930e-01
 -7.83297014e-01 -1.01185533e+00  1.26808813e+00 -3.20368085e-01
 -1.09951679e+00 -1.94414279e-01 -5.61833220e-01  7.78836185e-02
 -1.43037589e+00  1.19980874e+00  1.69822404e-01  1.54817223e-01
  1.86580892e-01 -8.95189480e-01 -2.36447009e-01 -9.13934092e-01
 -1.05483417e+00 -9.08791475e-01 -1.93450923e+00 -5.16413632e-01
 -4.59759238e-02 -8.20480911e-01  7.45388326e-01  4.21906350e-01
  1.22974439e+00 -1.44122719e+00  1.95786298e-01 -4.08639027e-01
  5.33501531e-01 -2.34392183e-01  4.00018033e-01  7.79452829e-01
  1.46020046e+00 -3.21391837e-01  1.21989344e+00 -4.09280998e-01
 -9.70453653e-02  6.13812744e-01  2.03752102e+00  1.71786673e+00
 -7.82389157e-01  1.04609088e+00  7.18264282e-01 -5.55919454e-01
  1.61589147e+00 -8.79950444e-01 -1.28611031e+00  5.98767673e-01
  6.93935278e-01  1.22897079e+00 -2.06417608e+00  3.75943016e-01
 -1.99416134e+00 -1.61321142e-01 -4.47266525e-01 -9.64967418e-01
  2.93837134e-03 -5.12520250e-01 -1.91365002e+00 -6.62395666e-02
 -4.75470874e-01 -7.33581647e-01  1.73434218e+00  3.71080318e-01
 -3.78673652e-01 -7.00096097e-01 -8.84305634e-01  8.47549642e-01
 -7.18964581e-02 -2.37096938e-01 -5.77419599e-01  6.59191717e-01
  6.11583626e-01  3.61574003e-01  1.46571962e+00 -1.71978089e+00
  3.45258276e-01 -9.59384430e-01  4.57735714e-02  6.41461534e-01
 -1.17685413e-02  4.93889861e-01 -1.52962197e+00  9.26140837e-01
  6.38426394e-01 -4.18952735e-01  1.42248869e-01 -2.96743865e-02
 -1.08615546e+00  7.24577012e-01 -7.86418041e-01 -7.35776697e-01
  9.17741818e-01 -3.02929253e-01 -2.37766005e-01  1.83022900e+00
 -1.25043526e+00  6.42375035e-01 -6.15684668e-01  1.63064461e+00
  7.22459150e-01  4.73686076e-01 -1.51083180e+00  1.30090487e+00
  2.49858083e+00  1.02686479e+00 -2.42842804e-01 -5.68248595e-01
  2.41048088e-02  4.50142512e-01  3.14632730e-01  9.65875760e-01
 -9.57414072e-01 -7.76192045e-01 -3.25008942e-01 -1.41729836e+00
  2.46957234e-02  2.22464186e-01  6.95300815e-01 -7.82748039e-02
 -1.42762031e-01  2.50616519e-01  7.84805117e-01 -8.49004633e-01
 -6.78050788e-01 -1.07605437e+00 -1.28754696e-01 -7.50428419e-02
 -3.98800979e-01 -1.90934307e+00  1.48074331e+00 -3.97529488e-03
  1.57461497e+00 -1.17584794e+00 -6.25822337e-01  4.87619989e-01
 -1.44099329e-01  2.13775342e+00  1.56011164e+00 -1.12350216e+00
 -1.30107578e+00  3.29359319e-01  3.61372358e-01 -7.19617933e-01
 -1.45777965e+00  1.94616090e-01 -3.81701507e-01 -2.01077487e-02
 -1.05265666e+00  3.16718670e-01  7.12958034e-01  4.93610801e-01
  1.11243703e+00 -3.09103424e-01 -1.18285643e+00  1.95106524e-01
 -2.48570188e-01  8.36161116e-01  7.97513792e-01  1.02208641e+00
 -1.30514434e-01  7.90500455e-02 -1.70571406e-01 -1.65557325e+00
  1.17238919e-01  1.70968709e+00  1.31840959e+00  1.37316941e+00
  6.21322919e-01  1.02514895e+00 -2.84211226e-01 -4.62362347e-01
 -5.40740876e-01 -1.07125205e+00  1.69519961e+00  9.23486002e-01
 -3.05767144e-01 -9.60885757e-01 -7.20208126e-01 -1.03583950e+00
  4.22599812e-01 -1.62244335e-01 -3.33915845e-01  2.57150782e+00
 -2.91586456e-01 -4.63816252e-01  1.06048450e-01  1.81580300e+00