 6.98443279e-02  7.32199808e-01  7.51476059e-01 -1.72493226e-01
  9.45205719e-02  2.52499832e+00 -7.99036727e-01 -8.05883762e-01
 -8.12186510e-01 -2.17313691e-01 -1.54945707e+00 -4.93932139e-01
 -1.32256383e+00 -1.13149426e+00 -9.25619624e-01 -9.79376920e-01
  9.42559329e-01  9.33921902e-01 -7.62812602e-02 -3.37571090e-01
 -9.12984741e-01  4.67548343e-01 -1.09567362e+00 -6.04083782e-01
 -4.79758053e-01  6.63423380e-01  1.08563698e+00 -1.78576612e-01
 -1.40516910e+00 -1.61062413e+00  6.27762457e-01 -2.17224979e-01
 -4.77293963e-01 -1.16724165e+00  1.57231770e+00  6.57228049e-01
  2.46727660e+00 -2.75214559e-01  1.13696188e+00 -6.41967713e-01
  5.42830794e-01 -1.74662473e-01  1.38682013e+00 -1.73375729e+00
 -6.83269926e-01  1.81124845e+00  1.73766270e+00  1.34790501e+00
  6.44556859e-01 -2.00570645e+00 -6.17359370e-01 -9.81270045e-01
 -1.34628582e+00  1.02461331e+00 -2.36853884e-01  1.00313491e+00
 -3.30846330e-01  9.66412176e-01  3.37255036e-01 -1.93078363e+00
 -2.29449700e+00 -9.02918729e-01 -1.43243320e+00 -1.24295290e+00
 -1.26287669e+00 -1.32439516e+00  1.47596450e+00 -4.93023276e-02
 -1.54505655e+00 -2.01791738e-01  1.68371807e-01  3.72330993e-01
 -2.76352194e-01 -1.89021271e-01  4.94418771e-01 -1.75606162e-01
 -1.84378215e+00  1.25820161e+00  7.79658472e-01  9.39226283e-02
 -1.69342151e-01 -1.13607221e+00  1.03603911e+00  9.79086249e-01
 -6.60369014e-01 -3.14024580e-02  1.04537871e+00 -8.58800568e-01
 -1.26586702e+00  1.58985263e+00  1.63450972e-01 -1.70582815e+00
  9.11702772e-01  3.41817530e-01  1.20489226e+00 -8.40476188e-02
 -1.04904240e+00  9.24787804e-01  7.64150257e-01 -4.92554453e-01
 -1.23709687e-01  5.36834628e-01  2.72007843e-01 -3.56536147e-01
  3.42174656e-01  4.86729084e-01 -3.89645947e-02 -1.40862589e+00
  8.98861491e-01  5.58747681e-01  1.64718459e-01 -6.22960679e-01
  1.97446047e-01 -1.03955990e+00 -5.56560924e-01  2.78609012e-01
  5.85972662e-01  2.68437165e-01 -1.09572771e+00  1.52035563e+00
 -7.31183625e-01  6.67149205e-01  2.57413599e+00  5.78966320e-01
 -6.19827833e-01 -7.29463203e-01  8.47690003e-01  4.81702557e-01
  4.81553617e-03 -1.60077918e+00  6.83632973e-01 -1.19996511e+00
 -1.14674009e+00 -1.68626105e+00  7.08163275e-01 -1.29508469e-01
  2.48371945e+00 -1.74937409e+00 -4.54652500e-01 -1.51395224e+00
 -1.76511878e+00 -2.08125378e+00  1.73880729e-01  1.74590602e+00
  6.50115323e-02 -4.14568275e-02 -9.92333184e-01  1.85965359e+00
  1.21841111e+00  1.08175623e+00  5.12278837e-02  7.34865218e-02
  6.07726921e-01 -2.17133458e+00  8.85398456e-01  6.31347401e-01
  1.81250269e+00 -1.78907679e+00  8.13938701e-02 -1.79878868e+00
  1.06224243e+00 -8.78208072e-01 -1.77175329e+00  7.53164564e-02
 -2.26727103e-01 -7.04049717e-01 -2.86883491e-01  7.27857103e-01
 -1.96740936e-01 -9.26385509e-01 -8.87562338e-01 -4.30315923e-02
  2.12216323e-01 -9.69685387e-01  1.76293490e+00  1.34690866e+00
 -3.10339459e+00 -1.54715674e-01  2.54832209e-01  1.02477267e+00
  5.48868719e-01 -9.22296104e-01  1.95275237e+00 -6.36375443e-01
 -6.37991081e-01 -8.40697415e-01  3.97211096e-01  1.40909419e+00
 -3.07975152e-01 -1.16987033e+00  1.25634619e+00 -1.45269835e-01
  1.93303978e+00  6.10987830e-01 -1.26139432e+00  9.30841894e-01
  7.13157351e-01 -9.56703619e-02  9.21741554e-01  4.58374914e-01
 -2.11590433e+00  2.71529922e-01 -4.64180857e-01  1.20562918e+00
  1.61152210e-01  8.55612294e-01  1.12334521e+00  2.39035579e-01
  1.23628252e+00  4.96274879e-01  1.03961927e+00  1.16888475e+00
  1.55341369e+00  1.11764676e+00  1.17668580e+00  1.03208647e-01
 -1.03490060e+00  4.73336330e-01  7.69230542e-01 -1.03136600e+00
 -2.47703524e+00  5.82466302e-01 -7.04230185e-03 -7.45728852e-01
 -1.48952131e+00 -2.14916995e+00  6.45926328e-01  1.47746926e+00
 -7.58905475e-01 -3.56655971e-01 -1.31376430e-01 -5.17688936e-02
  1.03932695e+00 -1.28534556e+00  1.64770640e+00 -4.99320437e-01
  2.45536384e-02  5.61207340e-01  7.98996350e-01 -7.42070818e-01
 -6.92612193e-02 -2.94235177e-01  8.50909321e-01  1.11292860e+00
  8.27000256e-01 -1.74018392e+00  9.24379834e-01 -1.69366474e+00
 -1.68193740e-01 -9.29708984e-02  1.52653310e+00  2.69032640e+00
 -5.68649575e-02 -3.29807795e-01 -8.65834132e-01 -2.19031970e-01
 -1.12453800e+00  1.22943438e+00 -1.05755401e+00  3.29837262e-01
  4.82439247e-01  6.85751216e-01 -2.63600028e-01 -1.52843522e+00
 -1.26653644e+00 -5.79772073e-01  1.25604607e+00 -1.32957196e+00
 -7.85113022e-01  4.00121652e-01  8.85143077e-01  6.60374609e-01
 -7.12898206e-01 -2.18962508e-01  5.30207772e-01  1.73505057e+00
 -1.24166557e+00 -8.90327954e-01  1.07909164e+00  6.93994150e-01
 -1.05794203e+00 -1.33424260e+00 -2.55978327e-02  1.58351385e+00
 -4.78991057e-01 -1.71183261e-01  6.71780665e-01 -2.26545035e-01
  3.69630552e-01  5.93628236e-01  1.00556769e-02  5.89558052e-01
 -8.89726655e-01  1.83774272e+00 -1.56653121e+00 -5.17091777e-01
  6.06486000e-01  1.81697935e-01  1.07772571e+00 -6.05842101e-02
  2.32547972e+00 -7.12491080e-01 -7.98275870e-01 -1.42903923e+00
 -1.34765449e+00  4.00322682e-01  1.53639012e+00 -9.80348196e-01
 -3.08484617e-01 -1.17215340e+00  9.85347012e-02  1.87179731e-01
 -2.54986457e-01 -6.16248067e-01  4.74195007e-01 -4.40638520e-01
 -2.54137827e-01  1.68781518e+00  7.61728789e-02  4.31619914e-01
  5.75045848e-01 -8.77708766e-01 -5.37166044e-01  8.96904561e-01
 -5.08644032e-01 -7.12763527e-01 -1.06466330e+00  2.76417788e-01
  9.75292287e-01 -1.92621365e-01 -8.58203597e-01 -1.59206750e+00
  7.63057227e-01 -8.94231626e-01  7.41938545e-01 -7.20381334e-01
 -1.73498786e+00 -5.61834802e-01 -1.33529950e-01 -2.51239180e-02
  7.01342301e-01 -1.05670273e+00 -6.62402439e-01  1.45367346e+00
 -5.35436447e-01 -2.03457017e-01 -4.17944869e-01 -8.66489160e-01
  8.86149770e-01 -3.26891443e-01 -4.17012412e-01 -1.82191093e+00
  7.81348263e-03  7.82323980e-01  1.08796599e+00  9.84377441e-01
 -4.94226672e-01  2.54965746e+00 -2.20785097e-01 -1.77653303e-01
  1.01291551e+00  1.82745904e-01 -1.38347357e-01  8.35791763e-01
 -2.19056298e+00  1.16946842e+00 -6.66852912e-02 -1.27813600e+00
  3.00265515e-01 -5.30833428e-01 -4.76397883e-01 -1.75222453e+00
  6.96506053e-01 -2.94656577e-02 -1.77842249e+00  8.85022008e-01
  8.46692690e-01  6.09994584e-01  4.58558015e-01 -1.23898250e+00
 -1.89258886e-01 -3.59097869e-01 -1.79593853e+00  2.71754219e-01
 -3.24625443e-01 -2.43785407e-01 -3.03713881e-01 -2.83680061e-01
 -3.94952227e-01 -1.16654803e+00 -1.04779104e+00 -5.71179359e-01
  1.67808515e-01 -4.44744032e-01 -2.10630067e-01  1.25215853e+00
 -1.49962284e+00  2.82093217e-01 -1.14448177e+00  4.47781267e-01
 -4.11306713e-01  7.91892307e-01  1.57734035e+00 -1.91227648e+00
 -8.54096519e-01  7.11280344e-01  1.60069621e+00  1.54155412e+00
  2.15463576e-01 -1.97942633e+00  6.65672734e-01 -1.20739731e+00
 -2.59026400e-01 -6.43242422e-02  1.50859974e+00  7.75336464e-01
 -8.93739175e-01  5.32177508e-01  2.60656460e-01 -7.94724285e-01
 -1.63681789e-01  9.28711962e-01  5.02390040e-01 -1.61119003e-01
 -1.04267324e+00 -5.57214471e-01  4.79633583e-01  4.18062509e-01
 -9.40298319e-01 -1.71437963e-01  6.09370327e-01  3.31051997e-01
 -8.59466883e-01 -4.94413611e-01 -1.23677979e-01  3.94710681e-02
  1.15362002e-01  1.24666270e+00 -1.57715616e+00  1.32996611e+00
 -1.07496463e+00 -4.02783823e-01 -1.34132282e+00 -5.38176876e-01
 -3.89304455e-01 -1.12654682e+00  6.84525691e-01  6.27825030e-01
  8.52056456e-01 -5.14791125e-01  3.57729811e-01  3.65595334e-01
 -1.07148218e-01  1.90403902e+00 -1.44066567e-01  1.41182367e-02
 -2.34070881e-01 -1.28033478e-01 -1.39491307e+00  9.85474024e-01
  1.54795434e-01  1.45568822e+00 -7.18620712e-01 -1.36024967e+00
  8.24585513e-01 -8.40752197e-01  1.17447057e-01  4.41527959e-01
  1.40602776e+00 -3.47072078e-01  2.56889736e-01  1.10353075e+00
  2.90732092e-01 -9.08459964e-01 -6.61722173e-01 -7.56605032e-01
 -1.39715862e+00  7.01072139e-01 -9.14206307e-02  2.59883850e-01
 -9.96833839e-02 -8.12612770e-01  1.15029344e+00 -7.58597926e-01
 -1.22567550e+00 -4.75954249e-01  1.82370416e+00 -3.64008794e-01
  1.76406241e+00 -1.31385901e+00 -1.75300039e+00 -4.73945424e-01
 -5.50556211e-01 -2.68342468e-02  3.26895647e+00 -6.43434260e-01
 -3.21160556e-01  3.42071971e-01  1.20355723e+00 -6.14554190e-01
  7.46324927e-01 -1.97387083e+00  6.90775246e-01  7.66205344e-01
 -4.39288782e-01 -1.39424054e+00  1.05102571e-01 -4.98634759e-01
  1.12761036e-01  4.54320651e-01 -1.95119666e+00  1.32204423e-01
 -1.29533090e+00 -3.95478689e-01 -1.13120399e+00  1.31270277e-01
  5.42027710e-01 -1.42575775e+00 -4.54869524e-01  4.70796237e-01
  3.00103762e-01  1.26444954e+00 -2.74374231e-01  8.49299177e-01
  5.95017664e-01 -1.11402154e+00 -2.37392317e-02  5.08594446e-01
  1.18557223e+00 -1.35253990e+00 -1.39332871e+00  5.89879048e-02
 -5.25443603e-01 -1.95729392e-01  1.34750704e+00 -6.43934953e-01
 -2.20469270e-01  1.16184674e+00  2.06707654e+00  4.42290229e-01
  1.35998921e+00  1.16364661e+00 -1.20211478e+00  1.28579451e+00
 -1.05070724e+00  1.42493707e+00  2.47956951e-01 -5.09431858e-02
  1.88123743e-01  6.81588058e-01 -5.39696075e-02 -1.84598801e+00
  1.09180096e+00  8.69740023e-01  2.14568991e+00  9.51167237e-01
 -3.49210582e-01  4.20701010e-01 -5.16255608e-01  5.42349916e-01
  1.28716188e+00  4.53625774e-01  9.32528808e-02  3.89460460e-01
  2.33433848e-01 -3.50407432e-01 -2.19148263e-01  9.93142519e-01
 -4.46509088e-01  1.21589126e+00 -1.55156375e-01  1.07147879e+00
 -1.15385924e-01  1.28918710e+00  2.56837102e+00 -2.66518670e+00
  1.42967345e+00 -1.44462607e-01  9.02230158e-01  1.03091710e-01
  5.92375317e-01 -5.44456104e-02  1.07294320e+00 -1.57950378e+00
  1.35263600e+00 -1.18856097e-02  8.77358820e-01 -4.07528925e-01
 -1.30381475e+00 -1.40723167e+00 -4.76401166e-01 -8.94278871e-01
 -7.56195083e-01 -2.07662512e-01  6.49103195e-01 -1.41434847e-01
 -1.87988440e+00  9.88094122e-01  4.91978928e-01  1.40695464e+00
  2.00030998e-01  9.93312449e-01  3.11958044e-01 -4.56726619e-01
 -2.74176157e-02 -1.38742115e-01 -2.11109479e+00 -1.59097453e-01
  1.55094260e-01 -6.86647072e-01 -5.43848095e-01 -1.00303786e+00
 -1.45815824e+00  4.18457402e-01 -1.03206814e-01  2.22703493e-01
  9.76302810e-01  1.62154595e+00 -6.09788943e-01  2.10301500e+00
 -1.56395744e+00 -3.89230911e-01 -4.73681049e-01  1.03706675e+00
 -5.31013357e-01 -3.82139108e-01 -2.06231902e-01  1.76029138e+00
 -2.71265222e-01 -4.39178982e-01 -1.51884320e+00  8.18732405e-01
 -1.12538547e+00  2.05339289e+00 -8.73783458e-01  3.00137013e+00
 -7.02148217e-01 -9.72110071e-02 -1.46187207e+00  1.09758217e+00
 -3.15011610e-01  2.06234510e-01 -3.45906414e-01 -1.06287009e+00
 -1.74051220e+00 -6.83724717e-01  6.52257067e-01  1.05658376e+00
  4.46616789e-01 -8.78592267e-01  1.39479263e+00 -7.64306639e-01
  4.14853456e-01  1.21531023e+00  2.07062084e-01  2.18800028e+00
 -3.67433930e-01 -3.85775776e-01  8.01509682e-02 -5.54502958e-01
  2.24241436e+00 -2.92608820e-01 -9.50545808e-01  4.48593475e-01
 -3.41723642e-02  1.17776139e+00  1.32702910e-01  2.23458177e-04
 -1.16934661e-01 -7.90102755e-02 -4.09762089e-02  8.00978595e-01
 -2.26870561e+00  2.33296878e-01  1.54313627e+00  1.18381116e-01
 -1.70433789e+00  4.78114744e-01 -1.08201686e+00 -2.95579573e-01
  2.62930063e+00 -1.41226427e+00  1.42844528e+00  8.48078345e-01
 -1.26728653e+00 -6.52774421e-01  1.70130984e+00 -5.25892993e-01
  9.40185282e-02 -4.96009459e-02  1.23414291e+00 -2.21529603e+00
 -5.03450768e-01  1.15288963e+00 -1.86738988e+00 -2.21452514e-01
  1.60309619e+00  8.63199365e-01 -1.01296942e-01 -1.04849811e-01
 -1.79290548e-01 -8.94193483e-02  8.22577702e-01  8.62834557e-01
 -5.13621645e-02 -1.28708297e+00  9.07468343e-02 -1.48607486e-01
 -1.32619111e-01 -2.81562149e-01  1.11841590e+00 -6.10590952e-01
 -1.05346009e+00 -1.36979629e-01  1.27833090e+00 -7.84369047e-01
 -4.56514561e-02  2.26103395e-01  6.87777623e-01  1.28513367e+00
 -1.67138189e+00 -6.82735120e-01 -1.75426162e+00 -1.96255153e+00
 -1.71843127e+00  4.96652573e-02 -1.20097852e+00 -1.20600289e+00
 -1.59814343e-01  7.11533433e-03  4.41400105e-01  2.17394087e-01
 -9.54186165e-01  8.97495026e-01  1.04172939e+00 -6.62459793e-01
 -5.19902226e-01 -1.43476938e+00  8.38307124e-01  1.41375847e+00
 -7.64794027e-01 -2.14384694e+00 -4.73157325e-01  6.35833982e-01
  1.15659165e+00  2.18538736e+00  3.57615694e-01 -8.02374510e-01
  6.25308521e-01  1.27497322e+00  1.52110821e+00  1.72728574e+00
 -5.19046197e-01  1.00895055e+00 -6.24861827e-01  1.08397405e-01
  1.81683225e+00  4.88211244e-01 -3.01465533e-01  7.08327136e-01
  5.62116047e-01 -2.60702093e-01 -4.26999765e-02  1.50943043e-01
 -1.53280330e-01 -1.34401105e+00  1.17966200e+00  3.89710280e-01
  7.88535861e-02 -1.92092730e+00 -6.10356832e-01 -1.41391946e-01
 -5.43115602e-01 -7.17529220e-01  3.20560020e-01  4.18751818e-01
 -8.11117300e-01  6.84497384e-01  5.82896873e-01 -7.34687996e-02
  6.19542686e-01 -1.66086400e-01 -6.63194180e-01  8.76598659e-01
 -1.93593215e-01  2.06422896e-01 -8.37330427e-01  1.65034563e-01
 -2.66127729e+00  1.20981610e+00 -7.28355138e-01  2.94917659e-01
  8.99044553e-01 -9.79833439e-01  4.05078767e-01 -1.37372514e+00
  3.34703986e-01  1.65413760e+00  8.10559371e-01  1.13272170e-01
  2.01630255e-01 -4.69268284e-01 -1.48802628e+00 -2.57800354e-01
 -1.54009144e+00 -8.18791843e-01  1.29063029e+00  2.07679235e+00
 -1.00711381e+00 -1.12501228e+00 -9.99779610e-01 -2.13838609e-01
  6.68342993e-01 -2.62360986e+00  2.17210632e+00 -2.41846664e-01
 -2.37368430e-01 -2.55398332e-01 -1.57025870e-01  3.55471210e-01
  2.63872271e-01  1.04508349e+00 -3.58811778e+00  1.01207508e-01
 -5.44753341e-01 -6.54969263e-01 -5.87212512e-01 -8.38040619e-02
  1.56855810e+00  1.34255030e-01  2.83210361e-01  6.49841938e-03
 -1.49580446e-02  1.03139257e-01 -7.98403602e-01 -1.34165777e+00
 -2.61437594e-01  5.98827851e-01  1.72487728e-01 -8.36551490e-01
  5.39789374e-01 -2.17466562e-01  2.73228692e+00 -6.41365058e-01
 -6.88215855e-01 -2.78326891e-02 -9.31074094e-01  6.96043568e-01
 -2.73676374e-01 -2.12173094e-01 -1.67813016e+00  2.61237074e-01
 -9.16917267e-02 -1.34311296e+00 -3.91297790e-01 -5.04188389e-01
 -1.64043939e-01  6.44415463e-01  2.15455113e-01  1.19745894e-01
 -7.48001085e-01 -7.50843849e-01 -1.50477036e+00 -1.95552025e+00
 -7.61241792e-01 -1.04312131e+00  9.06152881e-01  1.94518658e-01
  3.68319242e-01 -7.10784216e-01  2.81929020e-02  9.62976957e-01
 -1.33435986e-01 -1.45497323e+00 -1.75757140e-01  1.62421635e+00
 -9.14890963e-01 -2.68658183e-01  1.83206702e+00 -1.86523296e-01
  3.16376036e-01  7.77670349e-01 -7.00256429e-01  8.50586259e-02
  1.66676474e+00 -5.09124539e-01 -4.50743474e-01 -1.50857432e+00
 -5.94252257e-01 -1.14242589e-01  1.39360549e+00 -1.09176462e-01
  1.52349085e+00 -9.28036103e-01  9.30007214e-01 -1.03108093e+00
  3.47048359e-01  9.42134014e-01 -1.75464475e+00 -3.48959454e-01
 -2.41013061e+00 -2.45582482e-01 -8.23769674e-02  1.09074536e-01
 -8.54251157e-02  2.78307032e+00  4.77541381e-02 -7.99845047e-02
 -8.38511078e-01  1.74550050e+00 -1.80879011e+00  7.53281729e-02
  9.93765506e-01  8.24003294e-01 -7.41992116e-01  1.03508467e+00
  3.16605647e-01  7.33647505e-01 -2.70197052e-01  2.29196670e+00
  5.44287609e-02 -7.50608121e-01 -4.44360661e-01  1.14282493e-01
 -1.88917673e-01  1.52988511e+00 -1.15577126e+00 -4.77284104e-01
 -3.64757626e-01  4.22540638e-01  3.62448225e-01  1.88654188e+00
 -9.11481927e-02  2.82323796e-01 -8.51287365e-01  2.45238655e-01
 -1.89172105e+00  2.94493962e-01 -4.74424955e-01 -4.63326666e-02
  3.06494649e-01 -7.63276576e-01 -2.39656407e-01  1.53861462e+00
 -1.78995477e+00 -1.22638499e+00 -5.07581938e-03 -4.25840306e-01
  7.34395975e-01 -1.15908870e+00 -1.78185327e+00  1.36449889e+00
  1.63683648e+00 -6.80680959e-01  3.73194328e-01  5.74133682e-01
  5.17012934e-01  2.90063001e-01  1.20721119e+00  4.33274217e-01
  8.44795120e-01  3.41523475e-01  1.90887600e-01 -7.68875572e-01
  3.73677253e-01  1.10654027e-01  1.38642951e-02 -6.19812863e-02
  5.86635685e-01 -2.14380359e+00 -1.72980832e-01  1.35451384e+00
  1.53173512e-01 -1.72963941e+00  7.35902206e-01  4.25963275e-01
  1.23659423e+00 -1.29978340e+00  2.16800007e+00  2.39397826e+00
  1.60242043e+00 -2.80295639e-01  3.75096927e-01 -3.20372657e-01
 -3.57811017e-01  8.04343787e-01 -7.35123020e-01 -4.51680879e-01
  1.29255185e+00 -1.85984582e-01  5.63574101e-01  1.00846895e+00
  5.32070168e-01 -7.21797104e-01  1.12001371e+00  7.19147408e-01
  1.01177083e+00  5.54436651e-02  1.04482152e-01 -2.74034360e-01