 7.84523752e-01  4.87163895e-01  8.02908793e-02  1.08871433e+00
  4.56815002e-01  1.54149287e+00  7.47349224e-01 -7.37296085e-01
  3.81836978e-01  5.22946294e-01  1.55102387e+00 -1.34867994e+00
 -8.55232145e-01  1.85778792e+00 -1.31451858e+00  8.05140345e-01
  3.24109347e-03  9.26789725e-01 -7.12179944e-01 -9.69487293e-01
 -6.58585324e-01 -6.45144634e-01 -1.14233197e-01 -2.75971349e+00
 -5.58723532e-01  1.59290183e+00  2.75931396e-01  1.60997288e+00
  1.66984601e+00 -8.08916651e-01 -2.17231298e-01 -9.38498633e-01
 -3.35957264e-01 -6.87504194e-01 -1.94799768e-01 -1.08499439e+00
 -1.73794261e+00  1.73314394e+00  1.37995147e+00  1.46182400e-01
 -8.85064648e-01  1.12873990e+00 -1.33144206e+00 -1.00398451e+00
 -8.05547001e-01 -1.98871611e-01  8.30827142e-01 -5.46006974e-01
 -2.30681040e-01  3.81386638e-01  2.25476462e+00  1.27626638e-01
  6.90784351e-01 -5.86331380e-01  1.56452048e+00 -7.28753274e-01
  1.83895831e+00  1.47679363e+00 -2.46252200e+00  1.00464288e+00
  9.59611696e-01 -7.44059027e-01  1.58618302e-01  1.47611691e+00
  5.48468804e-01 -9.31622237e-01  8.79789053e-01 -1.30785823e-01
 -8.14996108e-01 -1.38770062e+00  3.16400896e-01  8.50726148e-01
 -9.04346444e-01 -2.03929395e-01 -6.16948107e-01 -1.97141267e-01
 -5.52345825e-01 -1.51001250e+00 -8.56362914e-01 -7.72948839e-01
 -8.64559668e-02 -1.17713962e+00 -3.33960331e-01 -9.81470330e-01
 -3.99120003e-01 -4.23810888e-01 -1.26665405e+00  1.83767989e-01
 -1.30783112e+00 -7.03534423e-01 -8.04910344e-01  6.02005922e-01
  2.57944642e-01  2.71273742e-01 -1.12168688e+00 -2.94005131e-01
  1.87334196e+00  7.96526960e-01  5.93609695e-02 -4.26065976e-03
  2.88486640e-01  2.19716155e+00 -8.16343812e-01 -1.59722403e-01
  5.89539979e-01 -4.46531520e-01 -8.75453266e-01 -9.78709501e-01
 -1.21437171e+00  1.22693969e+00 -1.01428853e+00  7.69340582e-01
 -2.11532284e+00  3.19005969e-01  1.42078072e+00  1.98681110e-02
 -5.90524784e-01 -8.59080737e-01 -2.24717440e-01 -7.48401441e-01
  9.47486312e-01  9.70075188e-01 -8.44052264e-01  1.65253447e+00
  1.71671119e+00 -1.13189407e+00 -6.51850461e-01 -7.80376360e-01
  7.67943008e-01  1.71317715e-01  1.38762010e+00 -1.28618102e+00
 -6.14383686e-01  1.28567230e-01  3.75858964e-01  3.19294291e+00
 -4.05101991e-01  8.07470581e-01 -7.66616106e-02 -1.49429308e+00
 -5.14010282e-01 -2.00738011e+00 -4.29967934e-01 -2.43048818e-01
  3.97728863e-01  1.65730888e+00  7.42867454e-01  8.26308161e-01
  8.18004331e-01 -1.11847867e+00  7.96167970e-01 -2.15287047e+00
  4.25679458e-01  4.43673151e-01 -1.79990276e-01  4.03784905e-01
 -7.13919156e-01  1.56949790e-01 -4.24705264e-01  8.54382362e-01
  7.63532122e-01 -1.41261521e-01 -7.16802953e-01  7.10583212e-01
  1.87966338e+00 -1.58170505e+00 -5.62565496e-01 -3.36219768e-01
  9.53041201e-02  1.26283284e+00  3.81066098e-02  9.18988895e-01
 -7.14307634e-01  4.90359183e-01 -9.10020107e-01  2.86422779e-01
  8.89007786e-01  6.78974358e-01 -1.00532779e+00 -5.78038014e-01
  2.83095123e-01 -7.53352535e-01 -1.11889110e+00 -8.27592607e-01
  1.47846615e+00  1.28907274e+00 -1.21285546e+00 -6.66890826e-01
 -1.43010919e+00  1.24110541e-01  1.35727270e+00 -5.11783313e-01
 -1.38049319e+00 -6.93046673e-02  2.08926027e+00 -2.45995758e-01
 -1.35709440e+00  1.86645478e+00 -1.32865101e-01 -1.72132994e+00
 -1.13396354e+00  9.25142217e-01 -1.01382788e-01 -1.08884876e+00
 -6.05183637e-01 -6.61064214e-01 -2.97822164e-01 -9.27139015e-01
  5.41069134e-02  1.01169055e+00 -1.43186508e+00  1.19339246e+00
  9.41669430e-01  8.23308411e-01 -5.14416241e-01  9.75364906e-01
  7.45298456e-01  5.68588602e-01 -8.63858561e-01  9.12340548e-01
  7.83666354e-01  1.06954497e-01  3.02194841e-01 -5.98406043e-01
  1.28329302e+00  3.70492533e-01  4.20851556e-01  1.07606101e+00
  1.93543292e+00  9.51007753e-01 -2.45503274e-01  4.18448961e-02
  7.34586869e-01 -3.22177284e-01 -2.23188349e-01 -7.12182002e-02
  1.07510814e+00 -1.00345968e+00 -1.88202172e-01  9.82439708e-01
  1.20948817e+00 -4.17660200e-01  5.10886150e-01  5.21882666e-01
  2.70016675e+00  1.64165100e+00 -7.44053277e-01 -5.10142071e-01
 -1.27424069e+00  2.12841774e-01  1.00457016e+00  6.32079213e-01
 -9.74112410e-01  1.04197148e+00 -1.98524384e-01 -1.76246114e-01
  4.24774461e-01  4.20752300e-01 -3.61247800e-01  6.22348736e-01
 -8.67519134e-02  1.40227717e+00  2.86156488e-01 -1.40011219e+00
  2.31698204e+00  1.02457640e+00 -3.90496465e+00 -1.32725615e+00
  1.03452823e+00 -1.58042862e+00  1.64997951e+00  1.58954594e+00
  2.51145837e+00 -2.69704299e+00  1.15395307e+00  2.50591580e+00
  1.29279343e+00 -6.18202526e-01 -5.82617262e-01 -2.66039940e-01
 -3.08265038e-01  1.61773842e-01  2.90146261e+00  5.73771859e-02
 -4.91971095e-01  1.64423605e+00 -1.59416841e+00  4.58131164e-01
 -8.17257669e-01 -5.16172173e-01  1.42458780e+00 -3.70670278e-01
 -1.19037731e+00 -1.76666322e+00  9.23229240e-01  1.98134823e-01
  2.99153984e-02  5.78356667e-01 -3.33357013e-01  5.80656904e-01
  2.61119820e-01 -1.10870526e+00 -1.35591874e-02  6.24321140e-01
 -6.88821776e-01 -1.09957621e+00 -1.05188917e+00 -1.22429049e+00
  1.49438614e+00 -3.08882925e-02  2.11341578e-01  1.93989842e+00
  6.23006242e-01  7.04077666e-01 -1.09056989e+00 -1.46320925e+00
  1.54682068e+00 -2.88264503e+00  2.97414160e-01 -3.42871146e-01
  3.02180877e-01  1.96267831e-01 -2.63112621e-01 -4.05619797e-01
  6.06329521e-01  3.89782421e-01 -7.96925585e-02 -8.83963768e-01
 -3.47029412e-02  1.60713461e-04  7.89638898e-01 -5.94315832e-01
 -3.97898550e-01 -1.23614133e+00 -8.39560768e-01  1.97645391e-01
 -1.93616029e-01  6.66166995e-01  1.80972458e+00 -2.29732277e-01
  2.46079134e-01 -2.98465367e+00  5.44409036e-01  1.07144751e+00
  1.50487849e-01  1.09096159e-01  1.16034731e-01 -6.78313887e-01
 -1.46711434e+00  9.24065315e-01  1.08437709e+00 -2.45431230e-01
  9.60626519e-01  7.77438605e-01  3.17087018e-01  5.12523654e-01
 -3.59893500e-01 -4.10719776e-01 -4.25219241e-02 -1.08411863e-01
 -6.89434495e-01 -1.22485296e+00  8.86950056e-01  1.10288374e+00
 -4.48951150e-01 -3.09166915e-01  1.87639930e+00  1.49878346e-01
  9.56806540e-01 -1.68420094e+00 -1.01819890e+00 -4.85125035e-01
 -3.19888851e-01  5.17599956e-01  1.01207503e+00 -2.02053709e-01
  1.71019436e+00 -7.80235093e-03  1.56486207e+00  1.14865233e+00
 -7.57532833e-01  1.70876292e-01 -1.99466856e+00  6.62343177e-01
 -6.02373552e-01 -6.90010153e-01 -1.72556614e-01 -4.59871676e-01
 -1.53798139e-02 -2.06098486e-01 -9.97763183e-01  3.83082493e-01
  8.16174593e-01 -6.01290939e-01 -5.82242021e-01 -5.24997717e-01
  6.50195064e-01 -8.08090198e-01 -1.00568138e+00  8.44861556e-01
 -3.16267168e-01 -1.03270158e+00 -7.09767499e-01  2.11092113e+00
  6.85036436e-01 -2.02884707e+00 -3.96516060e-01 -2.88656429e-01
  7.36678519e-01  2.37529753e-01  1.88824443e-01 -3.05384712e-01
  4.02248893e-01  4.95298380e-01 -2.83106093e-02  5.24281437e-01
 -1.10245833e+00  6.28840397e-01 -1.63018595e+00 -6.61938700e-01
  1.02302910e+00  1.85073584e-01 -2.39339978e+00 -1.06246115e-01
 -1.27316506e+00  1.79073435e-01 -1.50443725e+00  6.96671614e-02
 -5.61105132e-01  5.22413684e-01 -1.35928167e+00  3.52081540e-01
  1.91327177e+00  1.04235334e+00 -2.53893806e-01 -5.96411313e-01
  9.05399487e-01 -4.12706147e-02  2.64471063e-02 -1.25219820e+00
  1.41235836e+00 -5.73994648e-01  1.88724530e-01  4.99550722e-01
  5.64204252e-01  5.21454070e-01 -1.25828917e+00  8.49727820e-01
 -6.23763034e-01  1.29721516e+00  1.24846615e-01  4.74309379e-01
  1.25289141e+00  4.60276814e-01 -4.53342287e-01  6.47570995e-01
  2.58216389e-01  1.24684878e-02 -8.22281331e-01 -4.33182443e-01
  5.38983733e-01 -1.91516822e-01 -5.74888981e-01 -2.00093384e-01
 -1.08732510e+00  1.36066624e+00  2.11436256e+00  6.27222449e-01
 -2.61525273e-01 -3.46050510e-01  1.41091758e+00 -3.39089084e-01
 -9.55204721e-01  4.19099727e-01  1.83745710e+00 -2.39533885e+00
 -7.13050766e-02 -3.90982025e-01  5.65232092e-01  9.59977362e-01
 -1.54678141e-01  7.12217210e-01  4.04236288e-01  1.45659505e-01
  7.07081286e-01  1.15102402e+00  1.96631638e+00 -1.06994314e+00
 -4.48753381e-02  2.84147684e-01  5.99879072e-01 -5.50048885e-01
  1.96113048e+00 -2.14541817e-01  7.65904206e-01 -6.85340518e-01
 -6.75344260e-01 -4.33699863e-01  1.04856507e+00 -8.95398602e-01
 -1.29970717e+00 -6.61106276e-02 -6.38793448e-01 -3.36560767e-01
 -7.77264696e-01  1.25953214e-01 -1.92452109e-01  1.38833650e+00
 -5.59490365e-01 -1.97370252e-01  4.58782814e-01  1.50672969e+00
  1.10429486e+00 -3.45629896e-01 -1.44435847e+00  1.18177770e+00
  4.86553359e-01  4.43600791e-01 -2.66172338e-01  9.56272853e-01
  2.08110189e-01 -2.69139387e+00  5.33921154e-01 -1.86389488e+00
 -5.63068582e-01 -2.45755004e-01 -2.35884390e-01  1.33589371e+00
 -1.44635141e-01 -2.29547163e+00 -9.90856209e-01 -2.72234639e-01
  1.21003809e+00  1.71813843e+00 -2.59679076e-01  6.87127052e-01
  2.60385179e-02 -1.38597500e-01  5.06696402e-02 -1.22062878e+00
  9.54211240e-01  4.77468073e-01 -5.40718469e-01  3.81716177e-01
 -2.22838359e-01  4.00964549e-01 -9.52233942e-01 -1.10275915e+00
 -3.75724218e-01  1.24781541e+00 -1.15622542e+00  5.75239928e-01
  1.27428763e+00 -1.50390943e+00  8.12783194e-02 -3.76562577e-01
 -7.18649428e-01  2.76310937e-02  1.69691997e+00 -1.88970581e+00
 -1.99990755e-01  4.63111630e-01 -1.81847555e+00  1.09109788e+00
 -4.87754978e-01  5.48145069e-01 -2.74719195e-01  5.90579386e-01
 -6.56901873e-01 -1.10966928e+00  4.95911794e-01 -7.11288755e-01
 -3.26302579e-01  2.07103902e-02 -7.96622370e-01  1.69597517e+00
  1.79910563e-01  2.91573641e-01 -1.12206841e+00  2.10232404e+00
 -5.42479821e-01 -3.57069843e-02  1.27322221e-01  9.77221321e-02
  2.67250172e+00  1.25550501e-01 -1.12661539e-01 -7.27920812e-01
 -1.05439146e+00  1.60642348e-01  1.13852259e+00  8.28412367e-01
 -6.98316841e-01 -1.49628187e+00  7.51627177e-01  1.88457570e-01
  6.53661666e-01  2.91051954e+00  1.37869633e+00  5.32763960e-01
  8.71440360e-01  1.30990532e+00 -4.93757063e-01 -3.92213273e-01
 -2.32583052e+00 -1.18506418e-02 -1.32127868e+00  3.13441205e-02
 -1.10398232e+00  7.10703686e-01  7.91019269e-01  1.15536820e+00
  1.01181332e+00 -1.43633823e+00  6.35133068e-01  6.27213602e-01
 -5.60360446e-01  1.72192433e-01 -7.57420568e-01 -1.15970843e+00
  1.35931976e+00  1.33251658e-01  3.64422074e-01  1.51604654e+00
  5.75208118e-01  1.71057660e+00  8.93427686e-01 -2.03112174e-02
 -1.70661847e-02  1.12459689e+00  4.77699699e-01 -1.49143718e-01
  1.62433201e-02 -1.58677742e+00  1.31619165e+00  2.90661301e-01
 -1.66027661e+00  1.35813348e+00  8.69809396e-01  2.25384184e-01
  4.43795970e-01  4.68990624e-01 -5.92184473e-01 -1.53992390e+00
 -1.06754565e+00 -3.09714906e-01 -6.92299298e-01 -1.44392503e+00
 -8.31404528e-01  1.87749233e+00 -2.04616939e+00  2.46531466e-01
 -5.75816026e-01 -1.28827279e+00 -3.83001399e-01  2.02897513e+00
  2.24714421e+00 -1.77168087e-01 -6.44999733e-01 -1.44402984e+00
  3.48158240e-01  1.37842325e-02 -7.17956602e-01 -2.51019457e-01
 -1.12777013e+00 -1.81748786e-01  1.50541949e+00  2.59908120e+00
  6.96798367e-01  2.02191111e-01 -9.21649386e-01 -2.07368668e-01
 -2.33118009e-01  7.88990625e-01 -2.44335696e-01 -5.89905242e-01
 -6.16793990e-01 -1.08680461e+00  5.21623469e-01 -8.97901130e-02
  1.62910614e-01 -4.44355316e-01  2.73448074e-01  1.69518400e+00
  5.10591943e-01 -4.87897126e-01  6.28474465e-01  1.97941294e-01
  1.09131200e-01 -1.52423845e+00 -3.28671100e-01 -3.78913894e-02
 -1.38023190e-01  2.13603329e+00  5.26878023e-01  1.00223900e+00
  7.65687203e-01 -4.13781509e-01 -9.30442100e-01  2.28603290e+00
  2.11164232e+00 -1.14209266e+00 -6.50268642e-01  2.17885770e-01
  1.70039280e+00 -1.13507833e+00  1.20970943e+00 -8.21877536e-01
 -1.10815747e+00  9.77039431e-02 -1.68170680e+00  1.28378089e+00
  6.77290817e-01  1.76558854e+00 -3.01404364e+00 -5.36745881e-01
  2.03280780e+00 -5.00903893e-01  1.98614353e+00  8.52262788e-01
 -3.62598311e-01  1.65641362e+00 -4.25026552e-01  5.60888922e-01
 -1.72627649e+00  1.89097902e+00 -7.97984268e-01 -7.53770175e-01
  2.31367479e+00 -3.53821754e-01  1.29324012e+00  6.58381760e-01
 -1.52612661e+00  5.38773772e-01  1.50867356e-01  1.65690876e+00
  5.42446278e-01  3.00801220e-01  9.52105242e-02 -8.92270657e-01
  1.04659272e+00 -1.83594763e-01  1.44212400e+00 -7.08221583e-01
  1.86795508e-01  2.29112073e-01 -3.87667928e-01 -1.23119563e+00
 -1.74460347e+00  6.43342300e-01 -7.82315999e-01  1.24021959e+00
 -5.56057598e-01 -2.52733291e-01  2.20769586e+00 -3.46801077e-01
  3.59998245e-01  9.06624107e-02  1.76596795e+00  2.19815084e+00
 -3.60390821e-01  5.96040505e-01  3.57719478e-01  1.48081925e+00
  2.74445430e-01 -1.35961974e+00  9.61197741e-01  1.39870390e+00
  6.95296545e-01 -1.10055451e+00 -8.38122239e-02 -9.94599172e-01
 -3.50361403e-01  2.47217155e+00  1.80646356e-01  8.16331958e-01
  2.21564627e+00 -1.95316615e-01 -1.88376493e+00 -2.35964487e-01
  1.03117913e+00 -1.33901313e+00  1.27984119e-01 -9.09883160e-01
  8.20591652e-01  1.37523451e+00 -1.24290847e+00 -6.78337532e-01
  1.13076319e+00  7.40907865e-01 -5.60966186e-02  5.08307930e-02
  1.75661632e-01  4.94898123e-01 -1.16599216e+00  1.85667553e+00
  7.01505442e-01  2.25028051e+00  1.98280830e+00  1.97916648e-01
  3.49485413e-01 -6.60321479e-02 -1.18431717e+00  1.04225200e+00
  2.07984194e+00 -4.92973814e-02 -1.36092444e+00  5.60312013e-01
 -2.89106945e-01  1.65066342e-02 -1.00250413e-01 -1.32158918e+00
 -5.18452495e-02  4.28462136e-01  4.09042089e-01  7.13996640e-01
  6.00727083e-01 -3.41281998e-01 -1.45379008e+00 -1.27646709e+00
  1.37705441e+00 -1.53843568e+00 -4.60867893e-01  1.20235090e+00
 -5.15433215e-01  6.22674096e-01 -1.75201175e+00  2.62536894e-01
  8.56525917e-01 -5.09769446e-01 -2.99917766e-01  1.42094794e+00
  5.96254577e-02 -3.05560013e-01 -1.41408531e-01 -1.04350551e+00
  1.36986976e-01  1.53943738e+00 -1.68394086e+00  9.56982914e-01
 -2.18098892e+00  9.21905278e-01  1.15502854e+00  2.17109002e-01
  7.55052623e-01  6.27007864e-02  1.05221259e+00 -2.34113139e-01
 -2.00641690e-01  1.12192089e+00  1.83789587e+00  3.25438026e-01
  1.27901092e-01 -2.74143222e-01 -7.46554867e-02  5.88058824e-01
  5.73066160e-01  5.25136012e-01  4.17280367e-01  5.06720253e-01
  4.26293671e-01 -1.27720407e+00 -1.30969061e+00  7.25885050e-01
 -4.22432083e-01  7.15984482e-01 -2.20590175e+00 -1.62485048e+00
 -2.35593272e-02  1.43276746e+00  1.58738684e+00 -3.73878286e-01
 -5.81349620e-01 -2.50575419e-01 -1.08065474e+00  5.04704444e-01
 -4.46952253e-02 -4.26984012e-01 -2.74221470e-01  1.34037963e+00
  1.84850854e+00 -1.58574643e+00  7.56743253e-01  1.24152416e+00
  1.20649438e+00  3.15575781e-01 -1.44219250e+00  4.19725442e-01
  1.20736235e+00 -1.10920710e+00  3.28703520e-01  1.66626866e+00
 -1.23757875e+00 -1.28060526e-01 -3.12758181e-01  1.07531363e+00
 -1.32925679e+00  1.03905846e+00  9.05659709e-01 -4.14301428e-01
  2.66908105e-02 -8.17851249e-01 -8.10092660e-01  7.70877892e-01
 -1.51430646e+00  6.25004235e-01 -1.33828638e+00 -3.93445152e-01
  9.98762550e-02  2.17542066e-01  1.02943165e+00 -6.98847203e-01
 -8.98581410e-02 -1.62059580e-01  2.19554225e+00  5.93720163e-01
  6.10060947e-02 -3.33503621e-01  1.11749586e+00  1.49497914e+00
 -6.94617308e-01  6.82547050e-01  9.56373589e-01 -1.24984429e+00
  4.49878017e-01  1.65151953e+00  1.20639322e+00 -8.34659109e-01
 -7.85317985e-01  8.68166773e-01  2.48405841e-01 -6.20741055e-01
 -4.98653607e-02 -1.17815003e+00 -9.23147145e-02  6.88235069e-01
 -3.61422208e-01 -1.08577938e+00 -7.12344008e-01 -1.66659453e+00
 -3.12839510e-03 -2.43573741e+00  7.77385531e-01 -1.83484534e-01
  1.18759660e+00  9.72597438e-01  3.84614547e-01  1.00444438e+00
  1.32018821e+00  1.13090693e+00 -1.04065791e+00  6.17102148e-01
 -7.71036597e-01  9.08966029e-01 -2.00136779e+00  2.74343228e-01
 -5.86541632e-01 -1.42789446e-01 -1.78531258e-01 -1.20557953e+00
 -1.39210351e+00  5.72047703e-01 -9.93202470e-01 -1.56070374e+00
 -2.66145899e-01  8.76545126e-01 -1.39104876e+00  2.08089088e-02
  1.14406052e+00  1.24921456e+00  1.28766871e+00 -9.46308763e-01
  1.58739989e+00  1.41930052e+00 -4.11939153e-01  7.20685355e-02
 -8.27098270e-01  5.25701427e-01  8.58978105e-01 -4.12178635e-01
 -2.26981238e-01  2.05434375e+00 -9.61018888e-01  7.89053813e-01
  1.19252919e+00  1.37384840e+00 -4.96016152e-01  3.20693567e-02
  2.91008500e-01 -1.27674978e+00 -6.90435966e-01 -3.64649151e-01
  4.39248917e-01  2.72826660e+00 -3.05401219e-01 -7.24033968e-01
  5.66013505e-01  1.18639678e+00  6.36279444e-01 -3.28988186e+00