 2.27871066e+00 -1.05624878e+00 -8.49215320e-02 -6.89279703e-01
  2.00103408e+00  2.79199713e-01 -6.08061782e-01  4.51407179e-01
 -1.59469258e+00 -2.74829237e+00 -1.74063749e-01 -1.52696672e-01
 -3.13335061e-01  3.08082919e-01  7.05414006e-02  1.67796441e+00
  3.75544749e-01 -1.97790949e+00  2.32397730e-01  8.83768047e-01
 -9.08360651e-01 -9.98027341e-01 -6.55873576e-01  9.02033139e-01
 -7.42219110e-01 -1.15859142e+00 -1.18497634e+00 -1.59029648e+00
  1.25426569e+00 -4.74916249e-01 -2.84880813e-01 -1.84690139e+00
 -1.37263415e-01 -1.07077244e+00 -3.22535818e-01  8.63053258e-01
 -2.33514835e+00 -6.19367472e-02  4.60755082e-01  2.72906948e-01
 -5.40053334e-01  4.81862264e-01 -1.35065270e+00 -1.80152984e+00
 -4.59500615e-02  6.39615420e-03  1.86226136e+00  6.30322994e-01
 -1.64486488e+00  6.96789135e-01  1.05766173e-01 -1.18595176e+00
 -8.07124160e-01  9.32233597e-01  1.96203980e+00  3.77894884e-01
  3.80164816e-01  1.31439064e+00  2.15157566e-01 -8.34878830e-01
  1.80431754e+00  1.37088003e+00 -7.93121916e-02 -1.17439106e+00
  2.14894842e+00 -1.21008270e+00 -4.80514931e-01 -1.22756667e-01
  2.05866796e+00  2.67845803e+00 -2.03312601e+00 -1.06186289e+00
  2.44789285e-01 -8.86296691e-02 -1.68700754e+00 -4.08772335e-01
  1.18899961e-01 -8.49823079e-01  9.85465756e-01 -2.40637466e-01
  5.25596297e-01 -4.44876465e-03  3.73913180e-01 -6.31138401e-01
 -2.36417339e-01  1.42026931e+00 -2.92777801e-01 -6.33375368e-01
 -6.84158515e-01  5.19455718e-01  1.35462908e+00 -1.21672920e+00
 -7.26913689e-01 -1.24427316e+00  1.61808267e-01  1.96279966e-01
  1.84692284e-01 -1.47089603e+00 -8.16959957e-02 -6.39309905e-01
  2.26889078e+00 -7.08762753e-01 -2.07998726e-01 -2.05632969e+00
 -1.93331340e+00  3.40730406e-01 -9.41017325e-02 -5.59044891e-01
 -3.06794502e-02 -7.66860857e-02  1.01258484e+00 -1.45402296e+00
 -1.15338405e+00 -9.68402994e-01 -1.24366870e+00 -1.37191067e-01
 -1.24954534e+00  1.16675041e+00 -3.41900756e-01  6.13069492e-01
 -2.05890028e-01  5.36342772e-02  8.67084872e-01  3.03947636e-01
 -9.92981929e-01  7.02081063e-01 -1.62538096e+00 -4.14831637e-01
  5.71961234e-01 -1.55009363e+00 -1.54353404e+00  1.35292429e+00
 -7.13893177e-01  2.79423187e-01 -5.54713237e-01  2.27059105e+00
  6.31484757e-01 -1.38748910e+00  6.19082671e-01 -2.39613117e-01
  1.82155141e-01  2.86845790e-01 -6.48477967e-01  1.11666853e+00
  9.92634956e-01  6.62145093e-01  6.46117868e-01 -1.37348403e-01
  3.55222842e-01 -9.13924377e-01  2.51700876e-03  6.38197821e-01
 -1.61730460e+00  1.23299816e+00  3.12864630e-01  4.05892253e-02
  9.84251977e-01 -3.52921171e-01  1.04717292e+00 -2.13758250e+00
  3.17767194e-01  4.87176982e-01  1.08359107e-01  2.20707281e-01
  4.29179048e-02 -4.98823029e-01  2.51520885e+00  1.75309821e+00
  1.65003702e+00  1.00029616e+00  1.73816116e+00 -8.46746820e-01
  6.08249254e-01  5.29035793e-01  7.93271191e-01  8.82616470e-01
  6.77881304e-01  8.92973744e-01 -1.26272174e+00 -1.95100863e-01
  1.64678086e+00 -6.75310094e-01  6.56524641e-01 -4.21925675e-01
  1.47748270e+00  1.11812037e+00  1.07939976e-01  1.03075927e+00
 -1.75523875e+00  1.08411523e+00 -1.39988882e+00 -3.51404762e-01
 -1.89268757e+00 -7.91342852e-02 -6.41946130e-02 -6.07511134e-01
  1.81041893e+00 -8.36343114e-01 -1.74886021e-01 -9.43842005e-01
  3.74260455e-01  1.17782594e-01  2.95150748e-01 -6.61917426e-01
  1.32594072e+00  1.11854374e+00 -1.27885137e+00  3.58106875e-02
 -2.94204779e-01 -9.28331975e-01 -2.20598154e+00 -5.70881198e-01
  6.28888461e-01  7.59509655e-02 -9.26273541e-02 -5.35623399e-01
 -2.29730342e+00 -1.85443072e-01  2.63819381e+00 -6.77028912e-01
 -1.48025786e-01  1.40493304e+00  7.01944336e-01 -8.09417811e-01
  8.02910498e-02 -3.76563501e-01  1.56943604e+00  6.81769484e-02
  3.05646084e-01  1.42858446e+00 -2.02822112e+00 -7.85340806e-01
 -5.61602447e-01 -8.78516947e-01 -6.60838460e-01 -8.21850119e-01
 -6.41666555e-01 -3.73766703e-01  4.96113560e-01  1.26179461e-01
 -5.41838097e-01 -2.38957902e-01  7.19449731e-02 -3.33348465e-01
  6.67176140e-01  1.68505030e-01 -1.15853861e-03 -1.90366486e-01
  6.86331758e-01 -1.39365501e-01  1.34276952e-01 -1.36183665e+00
  7.99653535e-01  1.40984709e+00  4.25811600e-01 -5.78775789e-01
  7.73752836e-01 -3.59953312e-01 -7.80378747e-01 -5.36181304e-01
  1.17768029e+00 -1.18207102e+00  4.36801199e-01 -1.03435001e+00
  5.14277023e-01 -6.83729086e-01  2.03784966e+00 -2.10818492e-01
 -1.23027394e+00  1.38162969e+00  3.61778070e-01  1.35275763e+00
  2.00297852e+00  1.19162546e+00  9.54567463e-01 -3.43774482e-01
 -1.51882678e-01  4.40006586e-01  1.21245386e+00  2.74521349e-01
 -7.24492407e-01 -1.56343390e+00 -3.33383971e-01 -3.58545898e-01
  5.51855494e-01 -1.59397286e+00 -2.65261139e+00  1.78005585e-01
  1.29376942e+00 -9.56615299e-01 -2.02531928e+00  1.79161502e-01
 -1.14552970e-01  9.16349426e-01  1.22644910e+00  1.33107578e+00
  3.26980591e-01  6.23341917e-01 -8.85726742e-01  1.62953075e+00
 -1.45730276e+00  1.24140675e-01 -2.69082003e-01  9.82495927e-01
 -1.64432268e+00 -1.65418993e-01  1.94957061e-01  3.31021425e+00
  9.07834842e-01  5.59301655e-01 -7.28198650e-02  1.78562668e+00
  8.53138015e-01 -2.95537566e-01  8.88787890e-01  2.67692469e-01
 -9.12088337e-01 -9.05885618e-01  1.20352188e+00 -4.10296469e-01
 -2.33728220e+00  8.53869685e-01 -6.08222954e-01 -8.98620489e-01
 -2.00809793e+00  9.65173719e-01 -7.44561385e-01 -1.21669815e+00
  4.15073003e-02  2.97223883e-01  5.38220374e-01  1.52360613e+00
  4.03334622e-01  4.18986527e-02  8.93594630e-03  5.01041112e-02
  1.45094401e+00  9.70872735e-01 -7.54777924e-01 -2.21486118e+00
  2.10106245e+00 -7.50063163e-01  2.31817258e+00  7.93107619e-01
 -1.60288367e-01  4.13569420e-01  1.24597406e+00 -5.98746366e-01
 -1.00323554e-01  5.44163739e-01 -1.29089463e+00  3.87376330e-01
  7.39207210e-01  1.53462613e+00 -1.76022388e+00  3.51165583e-01
  5.97100218e-01  8.79695017e-02 -9.15856479e-01  8.06147323e-01
 -2.47487254e+00  1.36674166e-01 -6.73593514e-01  1.59356169e+00
  8.98898643e-01 -8.21657574e-01  1.90082048e+00 -9.09348986e-01
  1.33482078e+00 -1.24443601e+00  1.51252247e+00 -8.07807451e-01
 -1.10403413e+00  1.26562629e-01  4.20753912e-01  2.60418032e+00
  1.11476821e+00 -1.99040698e+00 -9.29233480e-01  8.51542958e-01
 -9.04510194e-01 -7.21250447e-01  2.26694811e-01  7.32899057e-01
  7.75341651e-01  1.65021499e+00  7.10765000e-01  4.32210146e-01
  1.31730114e+00 -1.31889747e+00  2.40465710e-01 -4.83495878e-01
  1.58203437e+00  3.22819360e-01 -1.94545302e-01  1.23166425e+00
 -4.58271341e-01  3.50355846e-01  1.46497806e+00 -1.71379323e+00
  3.04871954e-01 -6.87556947e-01  5.94127580e-02 -9.63317650e-01
 -9.14156326e-01 -3.77912364e-01 -7.50357781e-01  1.22033794e+00
  3.13768494e-01  1.23201947e+00 -1.48648131e+00  8.16545250e-02
 -3.21475226e-01 -1.08649003e+00 -6.11623374e-01  3.15531998e-01
 -8.42444234e-01 -1.27116485e+00 -4.37822836e-01 -1.31708087e+00
  1.87419952e-01  5.97976067e-01 -5.18350281e-01  3.28433259e-01
  1.12616416e-01  9.02406158e-01 -5.84636200e-01 -9.83584204e-01
  1.10400556e+00 -7.49008843e-01 -8.91613115e-01 -1.18682035e+00
  1.50398512e-01 -1.85404258e+00 -7.20508417e-03  7.70603316e-01
  9.19548029e-01 -2.52500680e+00  7.19747782e-01 -5.01314440e-01
 -9.94585656e-01  4.49317317e-01  9.98654111e-01 -1.30773740e+00
 -4.70993188e-01  6.03767354e-01  1.09902561e+00  4.87160572e-01
 -8.55254448e-01  1.50018966e+00 -5.30116823e-01  9.28669332e-02
  6.13654988e-01  5.06887190e-01 -9.57282751e-01 -2.93090257e-01
  9.04729479e-01  6.92106870e-01 -6.28778266e-01 -7.57105763e-02
 -3.03367373e-01  1.16546116e+00 -1.91193120e-01 -1.09369876e+00
  1.93563770e-01  1.55507331e+00 -1.41810856e+00 -1.11035030e+00
 -1.88518669e-01 -1.32884471e+00  8.98826174e-02  2.14129478e+00
 -5.12396878e-01  5.71057787e-01 -4.52941573e-01 -8.13109126e-01
  9.78372451e-01 -3.75874296e-01 -1.01098733e+00 -5.81656851e-01
  5.71042052e-01 -5.75997064e-01  9.08366034e-01  4.72788022e-01
 -1.65979816e-01  3.45420469e-01  1.29326944e-01  5.99282878e-01
  8.80739315e-02  6.49203701e-01 -1.91213696e+00 -1.07254598e+00
  7.61626027e-01  1.80194247e+00 -7.71314390e-02  9.78085812e-01
 -5.67148881e-01 -2.00641078e-01  6.46902406e-01 -1.27652425e+00
 -3.07080779e-01  1.86590539e-01 -7.63447405e-01  6.64602282e-01
  1.27356066e+00 -7.96468408e-01 -4.08765071e-01 -6.14211973e-01
  1.43327853e+00  2.98331015e-01  2.38131682e-01 -1.09064824e+00
  5.79755816e-01  8.82492898e-01 -1.64073808e+00  1.24693766e-01
  1.12364172e+00  6.75805031e-02 -1.52952129e+00  1.00225172e+00
  9.85847565e-01  1.07738149e+00 -2.74219348e-01  9.02388576e-01
  1.59390383e+00  9.23026865e-02  9.56371656e-01 -7.84440803e-01
 -5.90076751e-02  9.23561085e-01 -7.36469157e-01  3.83658937e-01
 -1.82009115e+00  1.00344501e+00 -9.51479377e-01  1.28904832e+00
  6.15518780e-01  1.13078773e+00  2.31615198e-01 -7.16586906e-01
 -8.24382954e-01 -1.15678785e+00  1.04404059e+00 -2.87803523e-01
 -5.33130505e-01 -5.10258523e-01 -2.59521340e-01 -9.98368157e-01
 -1.27319287e+00  1.44470224e+00  3.36671779e-01  9.39812674e-01
 -6.91203685e-01  1.62469326e+00  1.70355471e-01  1.30899398e-01
 -2.46202481e-01 -1.14835661e+00 -1.45103254e+00 -1.20002169e+00
  3.87663685e-01  1.67963189e-01  8.92853962e-01 -4.99399704e-01
  6.63834773e-02 -1.49830855e+00 -6.29568426e-01  7.93142531e-01
 -4.35146827e-01 -1.34278217e+00  8.99538614e-01  1.26024595e+00
  1.78059337e+00  1.75166553e+00  1.51260142e-01 -5.78602941e-01
 -9.28142370e-01  5.51657936e-01  5.08845013e-01  5.14261997e-01
 -7.54065281e-01 -6.60767344e-02 -9.87184664e-02 -2.37982207e+00
  7.67037368e-01 -3.13145228e-01 -1.22715781e-02 -4.18611703e-01
  1.31393622e+00  1.24312211e-01  3.61822309e-01  1.65834887e+00
  5.15188643e-01  2.17618181e-02 -1.30855893e-01 -1.77159703e+00
 -9.79763008e-01 -1.41336811e+00 -6.22797186e-01  1.85896121e+00
 -8.52152913e-02 -9.78601746e-01  2.70617081e-01  1.09774002e+00
  1.37210126e+00 -1.27517094e+00 -5.00494450e-01 -7.19599026e-01
  1.05138284e+00 -8.60523741e-01 -6.92196967e-01 -1.94947218e-01
 -3.99403252e-01 -1.85470344e+00 -3.51384586e-01  2.60981598e-02
  5.02848431e-01 -4.58289940e-01  1.25045421e+00  9.36073331e-01
  1.32512031e-01  1.52983341e+00  1.64697019e-03 -3.02163631e+00
  2.87088146e-01  9.34610137e-01  6.49806872e-01 -1.52250774e-01
 -2.49880570e-01 -1.00364918e-01 -7.78471186e-01 -1.99426255e-01
  1.75871399e+00 -1.39312825e+00  2.21986744e-01 -6.37003350e-01
  4.35694818e-01 -9.74945485e-01 -1.16495804e+00  6.59005477e-01
  3.88578681e-01  7.66640990e-01  1.47661563e+00 -3.88925001e-01
  1.36316241e+00 -1.69039097e-01 -1.47705103e+00 -2.02940002e-01
  3.34851940e-01 -2.21171256e+00  1.29571884e+00  2.24200538e-01
 -4.05047802e-01  5.25412863e-01  1.50104221e-01 -2.43888193e-01
  5.98504975e-01 -1.12607992e+00  1.56916218e+00 -7.49778781e-01
 -1.23943785e+00  1.32062633e+00 -1.61737346e+00 -2.48624939e-01
  1.12713935e+00  1.40640176e+00 -1.32084730e+00  4.36534161e-01
 -2.03560214e+00 -4.33675260e-01 -1.35342269e+00  5.65402163e-02
  2.22539964e-01 -1.15707475e-01 -9.95786156e-01 -1.66009399e+00
 -8.05968622e-01  1.66020146e+00 -9.49363508e-01 -1.34569935e+00
 -2.78777561e-01  9.76751396e-01 -1.24592821e-01  3.36018378e-01
  1.61942595e+00  5.40969259e-02  1.15043018e+00 -1.05094943e+00
 -4.15242551e-01 -2.76319604e-01  2.89532038e-01  3.75962518e-01
 -1.71435163e-01  1.14568906e+00  1.79992547e-01 -2.12800573e+00
  1.36383359e+00 -8.29332415e-01  4.09104680e-01 -8.91012884e-01
  3.85402805e-01  1.39492680e+00  1.57914396e-01 -6.81668629e-01
 -1.16050323e-01  2.33349339e-01  6.30073783e-01 -1.18521216e+00
 -7.71539763e-01  2.92247604e-01  1.37610494e-01  4.67541714e-01
 -8.05009346e-01  7.87422292e-01  6.07742580e-01  1.51525999e-01
  5.33395037e-01 -2.38284717e-01 -1.45237224e+00 -9.25209780e-02
  9.05845590e-01  1.08840070e+00  3.94637060e-01 -7.35937747e-01
  3.26289948e-01 -1.94663049e-01  9.33472568e-02 -9.89288317e-01
  1.44386815e+00 -3.54013416e-02  2.46047149e-01  1.38532769e+00
  5.54154485e-01 -1.48352913e-01 -2.56988528e-01  7.16160136e-01
 -6.16323510e-01 -2.28161175e-01  6.39576458e-01  1.72499703e+00
  6.46412856e-01 -5.85971156e-02 -4.21771336e-01  1.34924610e+00
 -3.08291478e-01 -1.69338086e+00  1.34311910e+00 -7.81068363e-03
  2.12115915e-01 -1.24019045e+00  1.99862905e+00  1.02402235e+00
 -1.56881462e-01  1.27307762e-01 -2.38598618e-01 -4.97680082e-01
 -3.31737542e-01 -9.25490595e-01 -8.87201623e-03  7.43264145e-01
 -1.49662812e+00 -1.05658294e+00  3.39172369e-01  1.45817450e-01
 -3.93162118e-01  1.66591927e+00 -1.31641474e+00  1.11767786e+00
  7.26329348e-01  8.50733246e-01  3.11875770e-01 -6.11251244e-01
  3.81251118e-01  6.94878051e-01  6.20928283e-02  3.92847037e-01
 -6.50159458e-01 -5.55025690e-01  1.33949175e+00 -1.14505942e-01
  2.60924100e-01 -1.09164886e+00  6.23823083e-01 -4.93925372e-01
 -1.92234576e+00  3.39594901e-02 -2.47227295e+00  2.62355765e-02
 -7.77795371e-01 -8.45298659e-01  1.06873165e-01 -6.74642773e-01
  9.23328399e-02 -3.48823189e-01  5.07454202e-02  5.43889820e-01
  7.80177037e-01  7.93167822e-01  1.65638635e-01  1.24062143e+00
 -1.63205510e-01  1.65712692e+00  2.08475680e-01 -4.85460322e-02
 -4.04158197e-01  7.78679887e-01  8.50834443e-01  2.46763235e-01
 -1.08063082e+00  5.16088143e-01 -9.81033147e-01 -1.71399642e+00
 -1.34979074e+00  2.06133120e+00 -5.38686281e-02  7.56694802e-02
 -3.95234919e-01  2.26076201e+00 -9.08297608e-01  1.04863001e+00
 -6.95144758e-01 -8.02689591e-01 -2.54828783e+00  1.34161443e+00
  1.46231582e+00 -6.17742769e-01 -1.16375655e+00 -5.32295111e-01
  8.77154569e-01 -2.46254631e-01 -9.16537544e-01 -1.98551633e-01
  7.58629019e-01  7.72408494e-01  2.25340437e+00  9.09332806e-01
 -7.79994396e-01  3.06303204e-01 -7.02649994e-01 -3.09478771e-01
 -1.07734995e+00  6.28193976e-01  2.13346085e+00 -6.84025111e-01
 -1.87922887e+00 -1.05556953e+00 -1.01093521e-01 -2.06730026e-01
  1.35147812e-01 -8.01753491e-01 -4.23519606e-01 -6.71935857e-01
 -4.96600529e-01  2.46374682e+00  5.19060105e-01 -1.67449009e-01
  1.16631987e-01 -8.68854296e-01 -1.59029376e+00 -9.67686790e-01
  2.18835078e-01  5.77441473e-01  9.75346993e-01 -8.98772762e-01
 -9.39794323e-01  9.85767797e-01 -1.61232585e-01  1.31445024e+00
 -3.38264597e-01 -2.94534674e-01  3.86040278e-01 -1.44455063e-01
  1.52473179e+00 -4.87673321e-01 -9.81606860e-01 -2.16346822e-01
  6.62825262e-01 -9.21634603e-01  5.29873209e-01 -5.17742771e-01
  1.38435396e+00 -1.42427455e+00  1.93421499e+00  1.03082993e+00
 -4.60912210e-01 -4.07329182e-01 -1.90089707e+00  1.18945145e-01
  2.21855509e-01  7.65702256e-01 -1.39803622e+00 -3.78821582e-01
  1.71219163e+00 -1.11408205e+00  1.14266829e+00  9.17406335e-01
 -7.67223517e-01 -1.12511680e+00 -1.33463184e+00 -4.37250845e-01
 -3.92647689e-02 -2.07959848e+00  6.43941077e-01 -8.06698091e-01
  3.66328590e-01 -1.24230707e-01 -2.91572055e-01  6.47695936e-01
 -7.85176317e-02 -1.01283212e+00 -1.77423413e+00  8.44678215e-01
  2.79332764e+00 -9.08653339e-01  6.37327024e-01  6.39389663e-01
 -4.48053785e-01  1.31945387e+00 -6.53413036e-01  1.17081635e+00
 -1.83253824e-01  6.73383959e-01  4.30862515e-01 -1.14032983e+00
 -1.80065296e+00  1.41658440e+00  2.36965657e-01  1.54999261e+00
 -1.49635444e+00 -1.30662686e+00 -8.46669368e-01 -1.81507705e+00
  6.19108671e-01  1.37344501e+00 -1.26891996e+00 -5.34657891e-01
 -4.72160300e-01  1.93972013e-01 -3.53086520e-01 -2.87736253e-01
  1.18756673e+00  1.76579725e+00  4.71151359e-01 -9.94773182e-01
  9.26552272e-03  5.70279088e-01  8.01463822e-01 -1.24047149e+00
  5.21145082e-01  1.25344554e+00 -5.28700792e-01  4.04143206e-01
 -3.11227922e-01  1.06008983e+00  4.90049715e-01 -1.13464673e+00
 -6.00815754e-01 -4.30538657e-01 -1.12004726e+00  3.58767879e-01
 -1.31966430e+00 -8.62508314e-02 -5.61865133e-01  1.80437966e+00
  3.74181170e-01 -4.75103042e-01 -9.89108906e-03  1.04941365e+00
  1.16148369e+00 -6.76832752e-01  1.34263682e+00  1.95551062e+00
 -4.44937185e-01 -1.67151732e+00 -5.81147871e-02  6.80640387e-01
 -2.72523473e+00  9.22854634e-01  7.23004369e-01  2.40619804e-01
 -1.90410819e+00 -3.04146313e-01 -3.19679275e-01  5.53568307e-01
 -1.69496858e+00  4.44443095e-01  1.26825804e+00  1.24954171e+00
  1.32576669e+00  1.00380290e+00  1.47476752e+00 -3.06667092e-01
  5.67620109e-01  2.72565713e-01 -7.56267766e-01  1.66480219e+00
  1.00152682e+00 -1.20320510e-01  3.29787554e-01  4.23025822e-01