-1.72355738e+00  4.99314169e-01 -1.49067598e-01  1.31083757e+00
  4.02582945e-01 -7.75737499e-01  6.93229833e-01 -6.78080801e-01
 -5.30536824e-02  4.76786254e-01 -1.29677898e+00 -6.37608448e-01
 -5.44362199e-01  1.06646726e+00  5.05787959e-01  2.12298680e+00
  4.27363464e-01 -2.08625372e-01  2.57961484e-01 -4.16965554e-01
  3.95005666e-01  1.13681206e-01  1.40890530e+00  1.80260045e-01
  6.38386663e-01 -4.07275976e-01  5.61837346e-01 -3.04156791e-01
 -1.76500757e-01  1.48349968e+00  7.36261264e-01  2.34316322e-01
  7.95076802e-01  2.10100939e-01 -8.40341557e-03  1.44783995e+00
 -1.22325079e+00  4.46644973e-01 -7.95705589e-01  5.42126210e-01
 -1.35937614e+00  1.19829325e+00 -2.19445471e-01  4.94522347e-01
  6.22089775e-01 -8.67215971e-01  4.38659354e-01  2.30552149e+00
 -1.58851439e+00  1.94786605e+00  2.69878810e-02 -9.15343361e-01
  2.13898096e-01  7.57668955e-01 -3.83681358e-01 -1.27701070e+00
 -5.47469473e-01 -1.04645090e+00  2.64129596e-01 -2.95141257e-01
 -4.72359729e-01 -4.34573990e-01 -5.11654004e-01 -2.15500283e-01
 -3.42042093e-01 -1.01281122e+00 -2.26111760e-01 -4.96510124e-01
 -8.96808725e-02  7.08957237e-01 -1.43757246e+00  1.27275172e+00
  5.51640212e-01  1.51775995e-01  1.57348399e+00 -3.76300252e-01
 -2.31814441e-01 -7.32126736e-02  7.97958419e-01  3.68776582e-01
 -1.79363571e+00  9.91184291e-01 -5.33673334e-01 -6.92276004e-02
 -1.48631554e+00  3.88454753e-01 -8.42600277e-01  2.17364750e+00
  9.91196940e-01 -2.04836652e+00 -1.16267234e+00 -1.54975372e-01
  1.32161009e+00 -5.45358533e-01  7.50230878e-01 -8.75066552e-01
  2.92518944e-01  7.11706311e-01  5.91932015e-01  3.82238850e-02
  5.11169819e-04  2.71302897e-01  4.60936037e-01  8.14272114e-01
  1.37589535e+00 -7.50715757e-01  7.78721013e-01 -1.10478323e+00
 -1.09051566e+00 -1.39431856e+00  1.81416568e-01  2.27511457e+00
 -9.29508327e-01 -8.69914150e-01 -6.20931751e-01 -1.28920060e-01
  4.14326790e-01 -2.26664035e+00  1.39740564e+00 -8.00257191e-01
  5.97392470e-01 -5.31621093e-01 -1.41689445e+00 -5.97528439e-01
  1.97646894e-01  5.66099295e-01  3.21018936e-01  9.44531050e-01
  2.81741527e-01 -1.21978177e+00  5.23067927e-01  1.96004911e+00
 -1.37631392e+00 -1.37886319e+00 -8.77562853e-01 -5.16863183e-01
  9.78371717e-01  2.75984407e-01 -3.25570905e-01 -4.73424761e-02
 -4.70701246e-02  6.08484273e-01  4.67910545e-01  6.25455333e-01
  1.13605744e+00  5.27904850e-01  1.12816021e+00  1.59207984e+00
 -9.51876280e-02  2.47507543e-01 -1.78050507e-01 -1.01065667e+00
 -4.66272680e-01 -8.64804080e-01 -3.03504264e-01 -1.00121425e+00
 -1.26103810e+00  2.08061209e+00  2.82152913e+00 -1.48282215e-01
 -1.82816995e+00  2.43994165e+00 -1.48185562e+00 -1.31601381e+00
 -2.19715786e-02 -4.31184851e-01 -1.13893644e+00  1.64442961e+00
 -2.20322953e+00  1.46809329e+00 -1.05062242e+00 -1.31709848e+00
 -7.80538097e-01  7.86061119e-01  1.04015314e+00  3.52260288e-01
  6.06329440e-01 -1.90580757e-01  1.19483840e+00  6.58441702e-01
 -1.55495025e-01 -2.17761050e+00 -1.80980142e+00  1.03857730e+00
  1.03801052e+00  4.22282098e-01 -1.09519824e+00  1.02683388e+00
 -7.56840062e-03  6.83194126e-01 -5.25257641e-01  5.69282574e-01
  1.13810250e+00 -7.55445119e-01 -1.18070771e+00  2.19295859e+00
  7.40615531e-01 -8.09417807e-02  4.14294477e-01 -9.60636672e-02
 -3.91776074e-01  1.09966393e+00 -1.27164163e-01 -1.36532762e+00
  1.97520324e-02 -2.75737474e-01  1.48800950e+00  8.11057994e-01
 -4.71092497e-02 -1.48059990e-01  3.13207189e-01 -1.60905612e+00
 -6.40949259e-01  2.19567868e-01 -2.56935170e-01  1.32194529e+00
  2.51851155e-01  5.53626832e-01 -5.20533436e-02  4.67358814e-02
  3.14816980e+00  5.25899682e-02  2.14866280e-01 -1.56916206e+00
 -5.26498763e-02 -5.86112022e-01 -4.60245324e-01  5.05254120e-01
 -1.57619680e+00  6.94972429e-01  2.61011881e-01 -1.09850284e+00
  1.02903155e+00 -1.94767423e-02  5.30271841e-01 -1.36596150e+00
 -2.00471094e-01 -1.50304363e+00  9.28007579e-02 -1.43590731e+00
 -1.35975678e+00  3.14648223e-01  1.59736266e+00 -2.89945936e-01
  1.33669002e+00  9.74296314e-02  1.23886599e+00  5.18929497e-01
 -2.77915945e-01 -3.76329287e-02 -5.77955615e-01  1.23611060e+00
  1.12489462e-01 -3.39625733e-01 -7.96165820e-01 -1.43022013e+00
 -2.39032643e-01  4.87339887e-01 -1.53505233e+00 -5.73224215e-01
 -4.50453911e-01  9.09278508e-01 -2.02043292e+00 -1.05784577e+00
 -1.21058660e-01 -9.92676667e-01 -6.41764682e-01 -3.37628473e-01
  1.27379475e-01  7.59731789e-01 -2.54584556e+00  1.91237358e+00
  4.44904467e-01 -4.15436441e-01 -1.04901076e-01  5.30045213e-01
  8.87318199e-01  1.02606650e+00  2.69681892e-01  2.14920362e-01
 -1.06655190e+00  1.65568071e-01 -1.21321357e-01  1.55693574e+00
  7.13700670e-01 -1.94529905e+00 -2.51064830e-01  1.34239008e+00
  9.09234598e-01 -1.60713008e-01 -6.55716565e-02  1.12486670e+00
  7.55560911e-01  4.67360873e-01 -1.82915265e+00 -6.95768990e-01
  2.78056866e-01  2.43926743e-01 -3.60831091e-01 -1.34155442e+00
  2.28473534e+00  1.48895235e+00 -1.03102106e+00 -1.05311668e+00
 -1.39978294e+00 -1.02469921e+00 -4.26695977e-01 -1.60327856e+00
 -8.36024379e-01 -7.14594162e-01 -6.57757332e-02  2.13431012e-01
 -1.08402184e+00  1.67296661e+00  1.40427092e+00  1.12555661e+00
  1.21166130e+00  5.00300435e-01  1.33751955e+00 -1.59390551e+00
 -1.19710228e+00  3.67637686e-01  5.82497609e-01 -8.23017720e-02
  2.96441184e-02 -1.05566950e+00  2.51930743e-01 -1.23593707e+00
  8.34926139e-01 -1.33996468e-01  9.23998960e-03 -1.18786479e-01
  1.88367186e-01  1.26380675e+00 -4.21431017e-01 -4.61818570e-02
  5.77869138e-01  5.74748469e-02  1.57855521e+00  7.58956162e-01
  1.85318111e+00  4.79651110e-01 -2.29042802e+00  1.18015599e+00
  6.62780490e-04 -9.78382118e-01  2.98962598e-01 -5.43874363e-01
  4.12361268e-01 -8.72369138e-01 -1.07148478e+00  1.81167919e-01
 -1.66807874e+00  1.14567865e+00  8.25883951e-01  7.56005546e-01
  3.75183594e-01  1.07150572e-02  2.60627767e-01 -1.32217856e+00
 -2.66360946e-01  5.57305449e-01  2.05742529e+00  1.36632305e+00
 -1.02768483e+00  4.48003871e-01 -1.91558049e-01 -1.68931869e-01
 -9.99366467e-01 -2.46402307e-03 -1.43500676e+00  5.01188205e-01
  8.09761513e-01 -1.22229908e+00 -8.52411051e-01  5.87278425e-01
 -4.75961021e-01  3.62402968e-03 -1.55517622e+00  8.22053256e-01
 -1.36501983e+00 -1.38368971e+00  9.25419626e-02  6.61563251e-01
 -2.52505491e-01 -4.84116583e-01 -2.14094630e+00  3.72688138e-01
 -3.03440352e-01  5.52888196e-01  1.63638269e-01  1.29797394e-01
 -9.88639854e-02  6.99846721e-01 -1.51764452e+00 -7.90625395e-01
  9.83025842e-01  9.64020308e-01 -9.09285000e-01 -8.43735754e-01
  2.95542503e-02 -4.57716181e-01  9.70950934e-02 -1.44461686e-01
  6.40212162e-01 -1.46080408e+00 -1.34177529e+00  1.05219202e-01
  3.64135726e-03  3.47989367e-01  4.63897985e-01 -1.01498952e+00
 -3.31557744e-01  1.18222394e+00 -1.35914458e-01  3.89450164e-01
 -1.21754069e+00 -3.23943689e+00 -6.76475256e-01  7.92728927e-01
  1.11937592e+00 -7.46380748e-01 -7.44877975e-01 -1.39172545e+00
  2.68881006e-01  8.38861770e-01 -2.20435680e-01  1.10356507e+00
 -6.18660610e-01 -7.93209224e-02  1.23565914e+00  8.94587165e-01
 -8.84739556e-01 -1.52144951e+00  3.76056429e-01 -2.22926959e-01
  3.93710011e-01  8.12824994e-01  1.33402898e+00  9.17754169e-01
 -6.40071348e-01  7.31635329e-01  1.66476550e-01  1.79634112e+00
 -1.28679458e-01  9.59457836e-01  3.14210616e+00  3.80577534e-01
  4.84841298e-01 -3.49895306e-01  7.28521158e-01  1.04842566e+00
 -7.39856255e-01 -1.20211588e+00 -2.14521573e-01  1.52423155e+00
 -3.84336653e-01 -2.90782439e-01 -2.30596275e-01  1.26551683e+00
 -1.21373156e+00 -1.47495756e+00 -1.27963620e+00 -1.05509190e+00
  1.10336460e+00  1.16937888e+00 -7.75981560e-01 -2.88136410e-01
  5.78676320e-01  1.30239106e+00 -2.91226142e+00 -1.56399157e+00
  1.31269606e+00  3.38700713e-01 -2.52282771e-01  6.80205329e-03
  7.27687099e-02 -1.37650394e+00  6.10551839e-01 -5.53250673e-01
  4.12712994e-01  1.64014205e-01 -2.20485495e-01  7.48767217e-01
 -1.75075436e+00  8.06990532e-01  1.55524622e+00 -1.34074372e+00
 -1.90114982e+00 -4.23740764e-01  4.63091318e-01  7.73968256e-02
 -5.12404483e-01 -1.03247917e-01  1.66558856e-01 -1.50554379e+00
  1.40583292e+00  1.15092814e+00  5.18926500e-01 -2.42120815e-01
  1.58848286e+00  1.05774667e-01  9.01014023e-01 -8.63997534e-02
 -1.55218962e+00 -1.96172204e+00  1.07085220e+00 -4.85483233e-01
  1.29052589e+00 -2.72721205e-01 -5.10656252e-02  2.27961085e-01
 -4.14114275e-01  1.45990425e+00  4.64724622e-01  3.77005929e-01
  1.72282270e+00  4.20301987e-01  1.03734085e+00 -9.06955301e-01
 -1.58797983e+00 -9.77984790e-01  4.94871551e-01  1.41054720e+00
 -1.49041288e+00  1.37995012e+00  2.04840149e-02  6.79642459e-01
  1.67978022e+00 -1.97478605e-01  5.61897535e-01  3.42147584e-01
  8.00417481e-01 -1.67180820e+00  4.35001710e-01  8.54218468e-02
  2.90985297e-01  2.12190294e+00  1.15759542e-01  7.47078598e-01
  9.22661397e-01  8.43748059e-01  4.24521276e-01 -5.34142704e-01
  1.13215973e-01 -6.93203456e-01  1.05575053e+00 -4.97330919e-01
  1.23585365e-01 -2.87673705e-01 -3.77911622e-02 -2.90266211e-01
  6.62133924e-01 -1.26967704e-01  1.00354341e+00 -5.08198957e-02
 -1.50431420e+00  1.34613392e+00 -4.51592202e-01 -1.18157312e-01
 -1.82210672e+00 -7.06234625e-01 -1.07780033e+00 -1.41489444e+00
 -1.79805942e+00  5.51959857e-01  3.27997422e-02 -1.55474786e-03
 -7.35585540e-01 -8.43215227e-03 -3.79997371e-01 -1.32726837e-01
 -5.09162903e-01 -4.18109211e-01 -5.65395510e-01 -5.97364224e-01
 -1.85910920e+00 -5.04503690e-01 -1.12805442e+00 -6.00535316e-01
  1.06007122e+00  2.09270835e+00  6.39741504e-01  6.57482946e-01
  6.84793794e-01 -6.02184673e-01 -1.21664845e+00  5.28566183e-02
 -1.51301734e-01  5.95396773e-01  1.26195397e-01  7.46890340e-01
 -2.88644188e-01  7.00244421e-01  6.88917048e-02 -4.14573452e-01
  8.12089349e-01  2.16138415e-01  1.21854200e+00  1.83928680e-01
 -1.63601865e+00  9.66397977e-01 -2.07832029e+00  1.00238659e+00
 -2.33646906e+00  7.85735417e-01 -2.71599480e+00 -1.13787792e+00
  2.41415948e-01 -1.36128485e-01  1.28556703e+00  1.62233628e+00
  1.03986930e+00  1.51208685e-02  1.65072739e+00 -4.06451065e-01
 -9.29530955e-03 -1.58488609e-01  3.53514139e-01 -4.52716813e-01
  1.89642138e+00  1.09333239e+00 -1.08425186e-02 -4.41985237e-01
  3.87402065e-01  5.71054654e-01 -6.38758724e-01 -1.14823812e+00
 -5.59802114e-01 -1.40943007e+00  1.87117825e+00 -1.67362645e+00
 -1.60635944e+00  1.77987602e-01  7.81237879e-01  1.56816500e+00
  6.52798697e-01  8.75243278e-01 -4.08773944e-01  5.16570246e-01
 -5.87887343e-01  4.11809755e-01  1.16741567e+00 -4.62812266e-01
 -6.47797845e-01  1.04655627e+00  1.47400550e+00  3.14411044e-01
  1.68693341e+00  1.70448469e+00 -1.10845562e+00  1.28957690e+00
  4.81441084e-01  1.84372384e-02  4.56920079e-01 -7.41248283e-01
 -1.10473869e+00 -2.84704831e-02  1.76989751e-01 -6.74216561e-01
  1.17178069e+00 -6.18901596e-01 -4.18588734e-01 -2.68830401e-01
  1.31009698e+00 -7.91206403e-01  1.90556719e+00 -6.13324214e-01
 -1.18686565e-01  4.74252671e-01 -4.51866945e-01  3.11958862e-02
 -3.24078621e-01  2.20194391e-01 -6.89625309e-01 -1.68199706e+00
  1.06625326e+00 -1.07347824e+00 -1.09618932e+00  3.31220687e-01
  2.27327903e-01  4.78367084e-01 -5.78681363e-01  9.55774845e-01
  4.80023078e-01 -1.23429234e-01 -2.21199768e-01 -5.99890994e-01
  2.41675675e+00 -4.27566929e-01  7.12077687e-01 -3.89739928e-01
  7.34283162e-01 -3.86791546e-02  3.68976846e-01 -6.81885712e-01
 -2.17365519e+00  6.59156536e-01  7.38565672e-01  1.35487420e+00
 -5.57732886e-02  1.84137455e-01  2.89353702e-01 -7.90121239e-01
  6.99415177e-01  5.40433927e-01  1.04516410e+00  1.32205992e-01
 -1.16652680e-01 -7.07019471e-01  6.63625972e-01 -7.78029592e-01
  4.94691420e-01  1.65180439e-01 -1.26753293e+00 -2.80523637e+00
 -1.04993841e+00 -1.63315280e+00  3.45424478e-02  2.61510624e-01
  2.55062741e-01 -8.64471616e-01  3.29366630e-01 -1.20488530e+00
  5.24893894e-01  1.44572718e+00  1.72673554e+00 -4.13598795e-01
  2.16022708e-01  1.35390023e-01 -1.01773196e+00 -1.30233056e+00
  6.77267500e-01  1.77340093e-01 -7.35518498e-01  9.03588240e-01
 -3.16107783e-01  1.12198872e+00 -4.24826969e-01  9.85464727e-01
 -1.02460372e+00  1.29092199e-01  4.08084114e-01  3.70774583e-01
 -1.40420049e-02 -5.72621933e-01  1.07745685e+00 -1.66554566e+00
  6.66323759e-01 -1.55777668e+00 -6.67074270e-01  1.12502939e+00
 -4.98581656e-01  1.19032172e+00  6.08923086e-01 -9.41522855e-02
  2.62792780e-01 -1.01874137e+00 -1.03680480e-01  1.54426255e+00
  5.75732889e-01 -1.05473269e+00 -4.23504019e-01  1.05089379e+00
 -2.99530085e-01  4.97043396e-01 -2.03780331e-01  7.19069400e-01
 -2.63080547e-01 -1.59500853e-01  2.07654210e-01 -7.85474031e-01
 -1.01829859e+00  8.49673413e-02 -1.49559277e+00 -8.12431262e-01
  8.06759266e-01 -5.06775110e-01  9.50442577e-01 -1.30342864e+00
  2.76183423e-01  8.56566646e-01 -1.14511091e+00  7.38053162e-01
 -1.77117892e+00  1.08371444e-01 -1.29368890e+00 -1.28574787e+00
 -1.06283562e+00 -1.87914419e-01  5.80617166e-01 -4.58901807e-01
  1.34674489e+00 -3.63763304e-01  9.80144306e-02 -8.09706077e-01
 -1.26503425e-02  9.38071152e-01  1.40058984e+00 -1.04548814e+00
 -9.50012883e-01  7.04263004e-01  1.29021222e+00 -3.53073325e-01
  1.00402834e+00  1.39954778e+00  1.31829207e+00 -2.09334321e+00
 -3.84414767e-01  4.73945215e-02  1.40207824e+00 -1.04016885e+00
 -6.34049218e-01 -1.91901095e-01 -2.33877833e-01 -8.63786694e-01
  9.69694101e-01  2.93930306e-02 -1.98500116e+00 -1.09644447e+00
  5.73867503e-01 -5.92313302e-01  3.06949133e+00 -2.12646068e-01
  1.76490614e-01  1.08976706e+00 -4.25084092e-01 -4.55623595e-01
  2.73059407e-01 -1.15734173e+00  1.55776159e+00  1.47063052e+00
  6.08535357e-01  1.23290921e-01 -2.30071465e-01 -6.59178724e-02
 -7.30263723e-02  1.61038441e+00 -3.90530443e-01 -1.77993725e-01
 -6.76117896e-01 -9.77161664e-01  1.64795877e+00 -4.13795493e-01
 -3.84164645e-01 -7.21262449e-01  1.35580894e-01  4.16854874e-01
  5.82200006e-01 -6.38093492e-01 -1.09989519e+00  1.15726133e-01
  5.71027304e-01  1.18122623e+00 -7.72213241e-01 -8.34260442e-01
  1.89755274e+00  1.02390044e+00  1.10869260e-01 -9.52867062e-01
 -1.42466517e+00 -1.14619194e+00  1.12400669e+00  1.29294628e+00
  8.94457329e-01 -6.77151101e-01  1.17499481e+00  6.65326617e-03
  1.77386635e+00 -4.89601807e-01 -1.40216355e+00 -3.39794950e-01
  1.00802932e+00 -3.04092831e-01 -5.66753290e-01  2.07556352e+00
 -6.31813289e-01 -7.72846224e-01 -1.10378044e+00 -7.33648150e-01
  5.39850093e-02  1.41390669e+00 -9.73770656e-02  4.31457140e-01
 -5.61726659e-01  1.95924010e-01  1.13038345e+00 -3.92557656e-02
 -4.25497490e-01  1.00101855e-01  7.85331030e-01  1.12073589e+00
  1.45729902e+00 -5.52839986e-01  7.73903500e-01  2.74440666e-01
  2.42464539e-01  2.96593278e-01 -1.32363679e+00  8.49002436e-01
 -1.17978182e+00  6.14572887e-01 -1.11791864e-01 -1.80542775e+00
 -8.86090027e-01  2.70320643e-02 -8.47628531e-03  5.17962374e-02
  5.06130540e-01 -5.63110966e-01 -1.92507301e-01 -3.04281427e+00
  1.72946110e+00 -2.82972872e-02 -1.22710254e-01 -1.37731080e+00
  8.15183895e-01  1.17546277e+00 -1.09887328e+00  1.42482586e-01
 -3.18041751e-01 -6.67182593e-01 -6.49094426e-02  1.20474202e+00
  1.43477127e-01 -3.03005925e-01  1.21123333e-01 -1.00251337e+00
  1.24239594e+00 -8.99442960e-01  9.35982246e-01 -2.12529926e-01
  9.10681318e-01 -4.52904633e-01  6.64375175e-01  4.95586367e-01
 -3.53332660e-01 -2.76260841e-01 -1.15132071e+00  5.59277444e-01
 -9.29931419e-01 -1.65940590e+00  1.47250645e+00 -1.06451982e+00
 -1.62910703e+00 -1.13578741e+00 -1.39152295e+00 -2.40593060e-02
 -3.72729079e-01  6.96169274e-01  5.94862740e-01 -3.27222311e-02
 -3.28510762e-01  1.73713706e+00  9.35758960e-01 -1.02401517e+00
  6.60837621e-01  1.96917310e-01  1.86023780e-01  2.25239545e-01
 -6.65952591e-01  4.29138119e-02  1.56360907e+00  2.52863617e+00
  1.33185079e+00 -3.18939504e-01  6.84321860e-01 -1.08012320e+00
 -1.91591118e+00 -9.68247048e-01 -2.42170605e+00  4.21968979e-01
  1.94040453e+00  2.00324055e-01 -1.86196582e-01  2.29180421e+00
  2.53001455e+00 -4.02108169e-01 -7.12706680e-01  6.34757219e-01
 -6.62716968e-01 -2.01257756e-01 -1.03531540e-01  4.83990482e-01
  1.29391991e+00 -4.86756057e-01 -1.91302545e+00  3.00315252e-01
 -1.52398993e-01  1.05938047e+00  7.89431083e-01  5.23447036e-01
 -4.75806496e-01 -1.13938941e+00 -2.04233299e+00 -9.61951403e-01
 -2.83144397e-01 -4.61431883e-01  1.27437305e+00  8.04741545e-01