-4.14440321e-01  1.44536140e-02  4.37775782e-01  1.50316648e-01
  1.28910529e+00 -2.38376016e-01 -1.37395940e-01 -4.30201302e-01
  3.22684599e-01 -1.64290614e+00  8.01621467e-01  3.66970663e-01
  6.66804938e-01 -2.98216747e-01 -3.99286187e-01  1.13444227e+00
  6.93825325e-01 -2.26374364e-01  3.38174248e-01  2.94511940e-01
 -1.36496374e+00  1.01775864e+00 -1.13455963e+00 -7.12510932e-02
 -4.09570496e-01  1.18422989e-01 -6.44600648e-02  7.79830894e-01
  1.06382574e-01 -6.72620406e-01 -1.03223696e+00  1.01846670e+00
 -1.16718594e+00 -1.10087725e+00 -2.22447344e-01  4.15171791e-01
  4.02344696e-01  2.43142975e-01 -2.58884631e-02  1.03343578e+00
 -1.26353300e+00 -4.53610679e-01  7.68040691e-01 -8.28354577e-01
  7.30518103e-01 -1.35469034e+00 -1.33571680e+00 -8.94761653e-01
  1.15559415e-01 -1.80170416e+00 -1.72960432e+00  8.50793920e-01
 -1.54260755e+00  1.18546313e+00  3.78032343e-01  2.79867417e-01
 -1.35018807e+00 -5.40032977e-01  1.45145704e+00 -5.54544722e-01
  9.03233692e-01  1.83271668e+00 -8.23582030e-02 -6.05329143e-01
  2.07251298e+00  2.61321024e-01 -9.25115911e-01  2.66821940e-01
  5.36209543e-01  5.10670502e-01  8.16323751e-01 -1.24414387e+00
  2.19029315e-01  2.25679706e-01 -2.09885799e-01  6.19755398e-01
 -1.07707142e-01 -1.41743428e+00  1.93455083e+00  3.30948565e-01
 -1.39112167e+00 -7.08215537e-01  1.00754287e-02  9.76637949e-01
 -7.04350792e-01 -5.57717172e-01 -1.56347371e-01 -2.42565525e+00
  1.47571654e+00 -1.41274758e+00  6.87228885e-01  1.46957675e+00
 -5.90407298e-01 -3.70590570e-01  9.39381524e-02 -1.19040584e+00
 -6.58646457e-01 -1.58294775e+00  1.13208390e+00 -2.32107861e-01
 -2.15639440e-01  1.89575044e-01  1.00467778e+00 -8.76854028e-01
 -6.29240195e-01 -3.16485089e-01  5.11880049e-04  5.11937146e-01
 -1.08926612e+00  9.28367534e-01 -6.36717339e-01 -9.74729736e-01
 -4.83047326e-01  5.68563785e-01 -2.19034360e-01 -7.72278158e-01
 -2.43748776e+00  3.01839339e-01  3.19918407e-01 -1.16569284e-02
 -2.15584556e-01 -6.57815150e-01  8.05234239e-01 -5.80879773e-01
 -3.34059849e-01  1.10308185e+00 -1.38848082e+00 -8.66811027e-02
  1.98693602e-01  4.69257664e-01 -7.32262557e-01 -9.60992160e-01
  1.06598626e+00 -1.51654296e+00 -1.49969392e+00 -1.90303383e-02
  1.41349175e+00 -2.84313933e-01  9.32318271e-01  1.02917320e+00
  1.09436855e+00  2.79507541e-01 -9.31809414e-01 -8.65633907e-01
  6.23052205e-02  1.08327029e-01 -1.19200304e+00 -1.37200129e+00
  2.77347405e-01  2.12991750e+00  7.96651337e-01  1.15426611e-01
 -6.82875319e-01  9.51374394e-01  2.29261033e+00 -4.47333510e-01
  1.46795014e+00 -1.68652978e+00 -3.01829523e-01  2.55061856e+00
  4.26446181e-01  6.31225398e-01  3.23953259e-01 -9.24886412e-01
  5.34071541e-01  6.56241741e-01  9.77013911e-01  3.05142547e+00
 -9.36498392e-02 -9.35935881e-01 -1.33997940e+00  6.46842514e-02
  4.23125354e-01  4.47071194e-01  6.96293791e-02  5.22020372e-01
  8.36635036e-01 -3.53880760e-01  6.12839905e-01 -1.31473171e-01
  1.10117180e-02 -1.16842141e+00  1.59862116e+00  1.27115493e+00
 -1.32058575e+00  1.75851289e+00  2.99641992e-01  1.15205695e+00
  1.63904271e+00  9.07151816e-01  2.31753937e-01 -1.03536009e+00
  5.07951617e-01 -1.47644978e-01  3.54064544e-01  9.06620608e-01
 -2.40385773e-01 -6.66375216e-01 -2.46125734e-01 -3.28316557e-01
  1.36239700e-01  1.25991503e+00  4.29732631e-01  3.87108016e-01
 -1.32246008e+00  5.57927809e-01 -8.71969247e-01 -1.40884836e+00
  8.57258491e-01  4.07790591e-01 -3.24453896e-01 -1.20320526e+00
 -9.08787025e-01 -1.48106795e+00 -1.31461922e+00  1.83396337e+00
 -3.36658905e+00 -3.79901258e-01 -8.09306516e-01  1.28118644e+00
  8.40995965e-01 -2.73091675e-01 -8.89243201e-01 -1.71263964e+00
  1.71869360e+00 -6.45608597e-01 -6.76864829e-01 -2.20991769e+00
 -1.91440787e+00 -3.03471970e-01  9.65632012e-02  1.28592657e+00
  1.87082493e-01 -2.79301946e-01 -3.28608096e+00  1.57752955e+00
 -7.68353726e-01 -1.27790135e+00 -1.18808557e-01 -2.06406651e-01
 -8.25029484e-02  1.27081264e-01  2.73233487e+00 -5.38124933e-01
 -3.51074670e-01  1.76977542e-01 -1.43737818e+00 -8.50841448e-01
  3.74285391e-01 -1.68752740e-01  8.66750034e-02  2.15418507e-01
  7.93280605e-01  1.68897986e+00 -7.80319034e-01  3.37380910e-01
 -4.70162847e-01  3.88990076e-01  1.75526352e-01 -7.16686154e-01
  3.04105727e-01  1.27262832e+00  8.79211067e-01 -4.04937961e-02
 -7.64641424e-01  1.34550707e+00  5.92472818e-01  1.00300474e+00
  5.58345786e-02  1.86911308e+00  9.54167468e-01  8.93364299e-01
 -4.32944213e-01 -1.60728015e-01  4.97927845e-01 -1.13245280e+00
 -6.33081351e-01  5.62076930e-01  7.89014455e-01  5.55064279e-01
 -1.68195696e+00 -1.53874366e-01  8.47033305e-01 -7.56272376e-01
 -1.04538080e+00  2.45685769e+00 -2.11267749e-01  3.20544543e-01
  2.10257899e-01  4.47214037e-01 -4.55447527e-01 -1.53704461e+00
 -6.98111323e-01 -1.26510492e+00 -1.68613932e-02  2.31407917e-01
 -6.30652900e-01  2.00921199e+00 -1.24230960e+00  2.15102189e+00
  3.99989585e-01  2.03324880e+00 -1.34118537e-01 -9.55191565e-01
  3.35590737e-01 -4.46172374e-01 -2.13374191e+00  5.78553027e-02
  7.50300106e-02  4.90262609e-02  8.74010637e-01  3.58708238e-01
  8.24117614e-02 -1.24787608e+00  7.40196655e-01 -1.84060067e-01
 -6.01199431e-01 -6.22080254e-01  9.42649896e-01 -8.67243342e-01
  1.63101255e-01  3.40933848e-01  8.97343588e-01 -3.41618766e-01
 -1.46418629e+00  5.97962663e-01 -6.92607602e-01 -5.53042969e-01
 -5.91053806e-01  1.52928593e+00  1.49627457e+00 -1.34660081e+00
  3.15346777e+00  4.28662989e-01 -7.05469541e-01 -7.72716714e-01
  8.75971775e-01 -8.35737794e-01  4.05435640e-01  7.07900514e-01
  5.82423848e-02 -2.64165160e-01  1.13035852e+00 -1.45553224e+00
 -1.96699966e+00 -4.19710271e-01 -2.82564618e-01  1.49997634e+00
  8.92303602e-01 -5.61459814e-01  5.13041532e-01 -1.78853038e-01
 -9.03850947e-01  4.22136629e-01 -2.69234430e-01 -1.25372606e+00
 -5.75540192e-01  1.19149048e+00  3.25538036e-01  6.37603757e-01
 -7.68685918e-01  2.49777273e-01 -1.14055299e-01 -8.93844420e-01
  5.65273697e-01  1.13042420e+00 -1.14108394e+00  9.40425811e-01
  1.79630295e+00  2.26302206e-01  1.76950577e-01 -9.92515743e-01
 -7.85132039e-01  5.03373991e-01  1.86572534e-01  1.14830227e-01
  5.60209552e-01 -1.74865932e+00  2.24552250e+00  4.69813341e-01
  5.35639912e-01 -1.43197435e+00  2.95355967e-01 -4.29548028e-01
 -7.54168664e-01  8.99417443e-01  3.27337127e-01  7.78770738e-01
 -1.78662274e+00  7.96123313e-01  1.56350607e-01 -3.78861871e-01
 -7.13293636e-01  9.91613460e-02 -1.42035472e+00 -5.69270029e-01
 -5.32332575e-01 -1.21142796e+00 -1.64226550e-01 -1.06458787e+00
 -4.01040245e-01 -5.99770669e-02 -2.27976773e-01  1.14170966e+00
  1.00923108e-01 -8.95420318e-01 -8.25610390e-01 -1.08315167e+00
  1.84310396e+00 -1.00943067e-01 -1.31568811e+00  6.43705703e-01
  2.16382514e+00 -3.56718357e-01  1.39722239e+00  1.41176889e+00
  7.87905105e-01  3.52882946e-02  1.39224150e+00 -1.03482109e+00
  8.56570733e-01  4.91194159e-01 -1.49163674e-01 -1.08364117e+00
 -1.51170580e+00  1.07073478e+00 -6.49257632e-01 -3.50172366e-01
  9.90418595e-01 -5.46532603e-01 -2.62449882e-01  9.70285093e-01
 -3.66155114e-01 -1.29569051e+00  2.90791851e-01  1.45824728e+00
 -1.67286957e+00 -1.08707673e+00  9.63660839e-01 -2.78811390e-01
 -7.53276853e-01  6.14953606e-02 -6.64284920e-01 -1.63530861e+00
 -1.81134380e-01  1.22036919e-01 -2.12634290e+00  2.13595001e+00
  7.44943283e-01  9.16287427e-02 -9.14806187e-01  5.04357510e-01
  9.25777370e-01 -6.24129231e-01  1.90398431e+00  1.25471700e+00
 -4.65266513e-01  1.30863181e+00 -1.54790778e+00  7.85960907e-01
  6.52774838e-01  1.35380436e+00 -5.99383332e-03 -7.21769923e-01
 -3.91137111e-02 -1.52572016e+00  5.79183910e-01  1.81463582e+00
 -1.84423187e+00 -1.02841761e+00 -1.52154609e+00 -1.12301683e+00
 -9.80116365e-01  7.32277312e-01 -1.12381533e-01  3.15442524e-01
 -4.06986502e-01 -1.07929534e+00  3.02334461e-01  1.03276119e+00
  1.43885464e+00  1.32312101e+00  1.48104638e+00 -2.76775360e-01
  1.04248554e+00  4.08015330e-01 -4.89907629e-01  1.00147088e+00
 -8.67349204e-01 -8.82719355e-01  9.70913982e-01 -1.27866968e+00
  1.15756914e+00 -2.76533047e-02  2.92932585e-01 -2.46662847e-01
  2.52498316e+00 -1.81198177e+00  1.12665313e+00 -2.87307026e+00
 -2.05986892e+00 -1.91590327e+00  5.11960114e-01  1.84661403e+00
 -1.72607547e+00  2.93898126e-02  5.50478043e-02 -4.06355160e-01
 -1.96214069e-01  1.50566108e-01  1.34673745e+00 -2.16747174e-01
 -4.10149098e-01 -8.61862917e-01 -8.52700085e-01 -3.19613823e-01
 -1.04751262e+00 -2.13121129e-01  2.20908877e+00  2.56833548e-02
  3.82689345e-02  3.74861056e-01 -3.73681123e-01 -4.55795391e-01
 -1.37577578e-01  2.03802002e+00 -5.86443878e-01 -8.38292616e-01
 -5.55471473e-01  1.23903160e+00  5.92807462e-01 -3.71781029e+00
  3.50158530e-01 -1.62516849e+00 -1.03931147e+00 -1.04334909e+00
  3.42874334e-01 -7.20407474e-01  1.32111263e+00  3.75727413e-01
 -1.62774531e+00 -3.84445954e-01  4.26533627e-01  2.32859020e-01
  1.17791467e+00 -2.84224947e-01  1.44706854e+00 -2.15041944e+00
  2.01734478e+00 -2.47231398e-01 -1.61526699e+00  1.01112340e+00
  5.08197776e-01 -4.65793326e-01  9.88297183e-01  1.99787245e+00
  2.38113465e+00 -5.57816306e-01  1.50879608e+00  1.23753392e+00
 -7.61431556e-02 -4.69110037e-01 -2.40248971e-01  9.82709341e-01
  1.17380445e+00  6.89366814e-01  2.41527649e+00 -2.97985984e-01
 -1.11073396e+00  7.82984917e-01  3.28733346e-01  1.11939363e-01
  1.36969424e-01 -2.22024689e-02  1.00446817e+00 -1.91428704e+00
 -1.35983888e+00  2.01560643e-01 -1.99890472e-01  2.98628808e-01
 -1.33400896e+00 -1.38620266e+00  1.28505090e+00  1.02720789e+00
 -4.04064337e-01  1.15160778e+00  1.24201435e+00 -1.79719558e-01
  1.70893275e-01 -1.68654620e+00  9.73411261e-01 -1.32660464e+00
  1.82203811e+00 -6.44272663e-01  1.41557801e+00  1.17551537e-02
  5.06734869e-01 -1.66579810e+00  2.99124262e-01  9.61370948e-01
 -1.55902719e+00  8.89630960e-01 -1.17597688e+00 -1.52673606e+00
  2.64207349e-01  2.58595740e-01  5.48223869e-01 -1.25784076e+00
 -6.66110118e-01 -1.49863779e-01 -3.70239702e-01 -1.27078692e+00
 -3.07601857e-01 -1.75483552e+00  1.58561182e+00 -5.69301639e-01
 -8.86643053e-02 -1.47592508e+00  2.29363313e+00  5.27023677e-01
 -5.75820397e-01 -3.74084495e-01 -1.57040087e+00 -1.07486747e+00
  1.97771126e-01 -2.74277426e-01 -1.22633412e+00  7.75203898e-01
  1.00900770e+00 -5.24339304e-01  1.34911714e+00 -6.87703153e-01
  2.35801266e+00 -5.63735604e-01  6.98729892e-01 -5.94767615e-01
  1.02980768e+00 -9.38716382e-02 -1.17124033e-01 -5.05262291e-01
  9.33716192e-01  1.15470041e+00  6.60881482e-01  1.14904953e+00
  9.10740136e-01  1.24457168e-01  1.80917597e+00  2.80040242e-01
  2.97622254e+00 -2.80883369e-01  1.34481145e+00  1.39599225e+00
 -7.11183161e-01  2.27536719e+00 -2.21296707e-01 -1.91989931e+00
 -2.05028369e-01  1.12481367e+00  1.91160337e+00 -3.76021419e-01
  5.23301940e-01 -1.84822184e-02  1.32007896e+00 -1.58600091e+00
  4.49133235e-02 -1.09085332e-01  7.95430416e-01  1.21710468e+00
 -5.38542718e-01 -1.42400575e+00 -1.26444744e+00  7.68898472e-01
 -9.16590728e-02  5.49744857e-02  3.26205469e-01 -2.45829984e-01
 -1.37090628e+00  8.05369604e-01  1.42387036e+00 -1.91293664e+00
  1.05975774e+00  1.13089836e-01 -1.18082545e-01 -6.41601701e-01
 -6.46049123e-01 -9.93781311e-01  1.02185296e+00 -4.05511177e-01
  1.16414366e+00  9.00796166e-02  8.04216621e-01  1.92733933e+00
 -3.98372185e-01  3.13493707e-01 -2.62421259e+00  2.19181796e-01
  3.65152007e-01  2.76998569e-01  1.47936982e+00 -6.20130236e-01
  3.45367719e-01  1.37908455e-01 -5.16393624e-01  2.10623475e-01
  2.89483868e-01  1.06172674e+00 -1.53198026e+00  6.20339397e-01
 -1.56415671e+00 -1.48103080e+00 -7.68540958e-02 -3.40331093e-01
 -7.12903892e-01 -5.95549229e-01  1.91727266e+00  4.27376594e-01
  5.35449287e-01  6.65345489e-01  1.65356464e+00 -1.95388862e-01
  1.48509444e-01 -6.71645550e-01  7.50343960e-01 -1.13346932e+00
  1.37428994e-01  4.84212202e-01  3.90330562e-01 -1.16604100e+00
  1.39826088e+00 -1.16306629e+00  2.26348202e+00 -7.81855878e-02
  1.73963348e+00  1.95771500e-01 -1.80925447e-01 -6.97710682e-01
 -1.08438142e+00 -6.72319445e-01 -3.02450941e-01 -3.71116728e-01
  3.20681789e+00 -1.12028433e+00 -3.26664900e+00  1.19393429e+00
 -1.75717110e-01 -4.36641244e-01  7.81939962e-01 -1.07827463e+00
 -5.53556774e-01  5.42305436e-01  7.02765896e-01 -6.88705904e-01
 -3.32270961e-01  6.68967008e-01  1.77058220e+00 -2.31266136e-01
 -1.45976475e+00 -3.43624781e-01 -1.69273334e+00  3.58554493e-01
  2.41671299e+00 -2.81192511e+00  3.88025864e-02  1.31120560e-01
 -6.48472746e-01  1.15440939e+00  7.90310084e-01 -4.58388483e-02
 -1.57176275e+00 -9.28784260e-01  6.82807380e-01  5.08880084e-01
 -1.39357713e+00 -7.24177770e-01 -8.58919436e-02 -2.77021484e-01
 -5.83437524e-01  8.29763093e-01 -2.68711696e-01  4.14436432e-01
 -7.01934866e-01 -1.48641914e+00 -1.69172735e+00  8.71867599e-01
  1.04036241e+00  6.01123964e-02 -8.72514379e-01  1.34095625e+00
  1.06608260e+00 -2.23630966e+00 -3.00954311e-01  1.08180363e+00
 -1.56894681e-01 -1.15139170e+00  2.80197159e-01  4.98435834e-01
 -1.15010749e+00  5.74972902e-01  1.12537396e+00 -3.20219121e-01
 -4.24448191e-01 -7.42038273e-01 -1.06023712e+00 -8.66939756e-01
 -3.33795517e-01 -4.93736772e-02  1.94649105e-01 -1.39980098e-01
 -4.33839079e-03 -9.67276897e-01 -1.42632216e+00 -6.53037460e-02
 -2.38566049e+00 -1.26152765e+00 -9.16825971e-01 -8.98215032e-01
 -2.24969621e+00  8.63828990e-01 -2.41715106e+00 -4.24121071e-01
  3.73205845e-01 -3.01049448e-01 -1.06155239e+00 -7.82790508e-02
 -2.01437932e-01 -6.10989032e-01 -9.00957336e-02  4.00092030e-01
  3.18290369e-01 -1.06012388e-01 -8.74758269e-01 -2.06093319e+00
 -6.62812403e-01  9.52695649e-01 -1.32935131e+00  9.19184211e-01
 -8.18440224e-01  1.80826580e+00 -3.30625053e-01  2.65931358e-01
  5.92728236e-01 -9.73061346e-01 -1.07965991e+00  6.61172114e-01
  5.01862337e-01 -8.34091212e-01  4.58250089e-01 -1.05191750e+00
 -1.35885325e-02  1.62716239e+00 -1.11344575e-01  2.20305671e-01
 -1.55357335e+00 -3.80988032e-01  9.26185365e-01 -6.64868885e-01
 -1.06082944e+00  2.30917515e-01 -9.73765371e-01  8.68183028e-01
 -1.11135072e+00  5.62813197e-01  8.38852250e-01  9.75505024e-02
  7.84051433e-01  1.98122692e-01 -1.66875048e+00 -8.96169614e-02
 -1.73446021e+00  8.01998473e-01  7.55455582e-01  6.59424495e-01
  1.43220533e+00  5.03885320e-02  8.58879631e-01  1.25773370e+00
 -8.19757352e-01 -1.25685390e+00 -7.53799464e-01  9.06033312e-02
 -6.98645033e-01 -7.73899646e-01  8.51182259e-01 -6.92832338e-01
  5.99198682e-01  7.94322283e-01  8.17114081e-01  9.62142350e-02
  7.51550931e-01 -5.84084150e-01 -4.56258711e-01 -7.47325587e-02
  6.42968869e-01 -5.20899416e-01 -4.37506256e-01 -9.08338026e-01
 -5.92591410e-01  9.56880375e-01  2.99071105e-01 -2.48212355e-01
  1.11688091e+00 -2.94551998e-01  1.67075985e-01  2.31859522e-01
  2.20296477e-01  1.55513935e+00 -2.00526423e+00 -8.26515833e-01
  3.58381439e-01 -1.65949307e-01  2.78962525e-01  1.28265460e+00
 -1.12117846e+00  1.01655696e+00  9.66650389e-01 -2.02930842e-01
 -2.25199802e-01  1.08197390e+00  2.03922204e-01  1.92509836e-01
  3.67650220e-01  4.86813153e-02 -6.80635197e-01 -1.28882080e+00
  5.78941445e-01 -5.87402909e-01  1.73038637e-01 -8.37144073e-02
  6.51275492e-01  2.73472027e-01  8.32210572e-02  5.85830653e-01
  7.20517521e-01 -7.30704404e-01 -2.71288385e-01  4.76546801e-01
 -2.02368572e+00  1.77510149e+00  8.01792260e-03 -5.99820289e-01
 -9.84804768e-01 -3.21289191e-01 -3.89201514e-01 -1.49852798e-01
 -1.65604788e-01  9.84156889e-01 -9.32959091e-01 -5.82983372e-01
 -1.04792944e+00  1.45241167e+00 -8.59047031e-01 -1.99996802e-01
  8.89520408e-01 -6.06373278e-01 -5.02499860e-01  1.50942171e-01
  1.27551095e+00  2.15691723e+00  8.39095131e-01  5.87039193e-01
 -4.45052517e-01  5.93113580e-01  1.18212412e+00 -5.23459059e-01
  6.57480313e-02 -1.78268595e-01  9.11076377e-01 -1.77038151e+00
 -1.11027157e+00  4.77246403e-01  4.50049157e-01  1.44675687e+00
  6.82032154e-01 -1.12438423e+00 -6.23728693e-01 -4.46462508e-02
  1.26419893e+00 -1.28570916e-01 -5.18850868e-02  3.11639897e-01
  1.24863165e+00 -5.29922567e-01  8.72083749e-01  7.06774848e-02
  7.17773745e-01 -2.48531992e-01 -1.26642147e+00 -9.35125902e-01
  2.54675960e+00  7.00968306e-01  1.89586027e-01 -5.26250469e-01
 -8.51101516e-01  8.99917380e-02 -9.24061467e-01 -6.73955980e-01
  3.46042278e-02 -4.20082809e-01 -2.24218161e-01  2.12826252e-02