 1.42133012e+00 -8.07913529e-02 -1.53935853e-01 -7.84286535e-02
  8.09327312e-01  1.62267567e+00  1.16646926e+00  1.75334201e-01
 -2.59986493e-02 -6.91658881e-01  2.02534341e+00 -9.49022518e-01
  9.14945712e-01  1.04491370e+00  4.15087101e-01  3.28501012e-01
  1.09455372e+00  1.42074818e+00 -6.44473332e-01 -1.34326328e-01
 -4.12203076e-01  1.18877163e+00 -6.37677198e-01  1.96669556e+00
 -3.50935136e-01  8.92427493e-01  8.04933643e-01 -2.57884301e-01
  4.85461147e-01  9.36795454e-01  1.09114186e+00 -1.43871614e-01
 -1.55244325e+00  1.87331985e+00  7.66484374e-01 -5.44080945e-03
 -9.00358184e-01 -6.47163715e-01 -1.94534953e+00  2.92982375e-01
 -2.58218179e+00  5.38569705e-01 -5.88325289e-01 -4.31877926e-01
 -1.93540006e+00  8.70072637e-01 -9.01187381e-01 -4.59275130e-01
 -7.95928990e-01 -6.25780681e-01 -8.29666448e-01 -9.66384326e-01
 -1.77313804e-01 -2.86419743e-01  8.89800158e-01 -7.09036968e-01
  1.13983896e+00 -2.15269481e-01 -1.39929123e+00  1.28851360e+00
  2.37231511e-01 -7.46077979e-01  1.67692402e-01 -9.25502565e-01
 -7.00553548e-05  5.46473626e-01 -5.82606994e-02 -8.51222498e-01
 -1.03189181e+00 -2.41216798e-01  1.51996372e+00 -3.00510724e-01
  5.48000097e-01  3.96574357e-01 -5.39743252e-01  6.31416985e-01
  7.44192715e-01 -1.24534820e+00  3.97792720e-01 -5.19517925e-01
 -1.25660288e+00  2.81075183e-01 -3.27043311e-01 -8.83969230e-03
 -1.27647009e-03 -5.97022772e-01 -2.12628188e+00 -2.21611445e-02
  1.29437242e+00 -7.53838198e-01 -1.32468197e+00  1.03505352e+00
  1.39492270e+00  2.47457529e+00 -1.16343397e+00  7.09673718e-01
 -1.82528151e+00  9.12519561e-01 -3.48901979e-01 -5.10522469e-01
  1.60478919e-01 -4.62310617e-01 -1.11047426e+00 -4.53445015e-01
 -1.15020270e+00 -1.65890015e-01 -1.06900217e+00  2.15092392e-01
 -1.23276203e+00 -3.99294533e-01  1.48405459e-01 -5.83172075e-01
 -9.93997304e-01  1.20393780e+00 -8.68230905e-01  2.45411249e-01
 -4.58094483e-01 -4.57817976e-01  9.80367217e-01 -8.34982992e-01
  2.42800089e-01 -9.83429459e-01  2.31829146e-01  1.24143753e+00
  1.88024464e+00 -1.44788419e-02 -8.76328610e-01  4.43746815e-01
 -1.54033982e+00 -5.48180325e-01  3.86181919e-01 -4.32693388e-01
  3.67357475e-01 -5.03657078e-01  3.60861071e-01  9.33487970e-02
  2.88916383e+00 -5.10203561e-02  6.14787366e-01  6.05703984e-01
  1.00624563e+00  5.27022882e-01 -1.68624247e+00 -1.65817772e+00
 -4.87971350e-01 -1.87805111e+00 -1.57557374e+00 -5.46695098e-01
 -1.81779119e+00  2.04888323e+00 -1.93893901e+00 -3.39615885e-01
 -1.63969190e+00  5.49005641e-01 -6.83695380e-01 -1.48404592e-01
  9.95011463e-01  9.18463399e-01  1.02650808e+00  4.41254166e-01
 -2.31118806e-01 -4.99017167e-01  8.97636855e-02  1.51723846e-01
  1.42753765e+00  1.53759327e+00 -7.42380766e-01 -4.79647138e-01
 -4.84185417e-01  4.43972778e-01 -6.26837733e-01  2.67954353e+00
 -2.03966533e-01  8.73961660e-01  3.93013953e-02  1.31160282e-01
  2.16346355e+00 -8.56953567e-01  8.47110105e-01  1.30716727e+00
 -1.24301452e-01 -2.50902570e-02 -1.44492955e+00  7.01374388e-01
 -1.53328122e+00 -3.40788012e-01 -4.57300851e-01  7.88281823e-02
 -1.95051294e+00 -3.44147224e-01 -7.71364610e-01 -1.26605164e+00
  6.92303301e-01 -5.39585276e-01  8.27542527e-01 -2.58415657e-02
  3.84909100e-01  2.93528273e+00 -1.47557203e+00 -2.94067347e-01
 -7.97167343e-01  8.15954317e-01  3.11833255e-01  1.25836960e+00
  8.01225436e-02  8.47638513e-01 -5.49147351e-01  8.30643708e-01
  2.19411774e-01  6.30923788e-01  1.15887799e+00  7.68409592e-02
 -2.34498725e-01  3.55208543e-01  1.16808178e+00  1.08944581e+00
 -5.07857655e-01  1.89866291e+00  1.28110043e+00 -3.33526044e-01
 -1.06389918e+00 -9.17665632e-01  1.77081845e-01  3.17970279e-01
 -1.11154897e+00  7.81437257e-02  8.53243749e-01  2.18161900e-01
 -4.52633118e-01 -4.51175573e-02  2.39839762e-01  1.20943906e+00
  6.48137998e-01  3.53585844e-01 -9.27353033e-01  5.44025577e-02
 -1.26992378e+00 -5.65053626e-01  9.56765274e-01  1.32559683e+00
 -1.58884566e+00 -1.09630597e+00  1.30285423e+00 -3.64010314e-01
  1.26238866e-01 -4.61944042e-01  1.89972420e+00  1.59867847e+00
 -7.43763801e-01 -1.62586998e-01  5.04154222e-01 -4.25291708e-01
 -1.12673961e+00  1.95769394e+00  1.83554918e-01  1.29340808e-02
 -3.13365209e-01 -6.21448046e-01  9.44494301e-01  4.26129451e-01
 -2.87532562e-01  4.50914157e-01  3.15231958e-01 -2.85712209e-01
  4.73476770e-01  6.15127163e-01 -3.62943808e-01 -8.75312646e-01
 -4.99498095e-01  1.90882162e+00  5.02762582e-01  2.74788412e-01
  3.65971972e-01 -2.73215312e-02  9.24365569e-01  3.17605615e-01
 -1.84008441e+00 -2.39586365e-01  4.06845789e-01 -6.38883579e-01
 -1.69613246e+00 -7.45044534e-01  5.68736839e-01 -1.21773576e-01
  4.75056823e-01  2.65398390e-01  2.92081292e-01 -2.22528075e+00
  7.64771637e-01 -9.48041843e-01 -4.68122071e-01  4.90379179e-01
  5.74213399e-01 -1.44101670e+00  5.35999177e-01 -1.29557336e+00
  2.58365777e-01 -2.14597320e-01  1.41220625e+00  1.53210314e+00
  9.63405242e-01 -1.67449444e+00  3.85551759e-01 -3.24035645e-01
  1.36569007e+00  1.64728104e+00  5.28720925e-01  1.28633759e+00
  5.61196240e-02 -6.76968481e-01 -2.38259199e-01  3.91750076e-01
 -5.93857789e-02 -1.86540993e-01 -2.59076453e-01  1.99736900e+00
 -9.88625689e-01  5.43361202e-01  8.32909420e-01 -3.63458441e-01
  4.27178026e-01  1.29222953e+00  1.90116059e-02  8.74859589e-01
 -3.80654343e-01 -1.14871512e+00  1.67850419e+00 -9.82909719e-01
  1.73610767e+00 -1.46508335e+00 -6.69117051e-01  9.62100335e-01
  2.08703836e-01 -1.70553500e+00  6.71338815e-01  1.63232312e+00
  4.41007181e-01 -3.61020478e-01  6.94604562e-01  8.32467324e-01
 -5.48402096e-01  1.03777300e+00 -5.24845546e-01  7.29887757e-01
 -2.20933770e-02 -5.03129480e-02 -2.61229518e+00 -5.54677867e-01
  1.56975201e+00  5.21649740e-01 -1.13799957e+00 -5.52749858e-01
  9.36322125e-01 -8.78446256e-01  6.57688709e-01  1.08166345e+00
 -4.42919456e-01  1.23051725e-01  4.53945899e-01 -4.68984469e-01
 -1.52786658e-01 -1.77725870e+00 -4.21033671e-01  1.00562463e+00
 -4.22942470e-01  9.94914816e-01 -1.02627376e+00  6.57660161e-02
  2.18636107e+00  2.55764695e-01  6.47252637e-01 -5.99198893e-01
  7.45970257e-01  1.35272073e+00 -2.99997918e+00 -6.79887073e-02
  4.47233018e-01 -1.62018766e+00 -8.62355625e-01  1.81954660e+00
  4.32562547e-02  1.79095116e-02 -1.49518980e+00  9.92924120e-01
  4.13818348e-01 -7.35778674e-02 -2.59757099e+00  8.32872847e-01
 -1.57416756e-01  4.72935232e-02 -3.41250875e-01 -3.50353795e-01
 -6.47120939e-01  7.27318066e-01  2.44452917e-01  2.51577994e-01
  1.16072261e+00 -1.36611021e+00 -4.36181371e-02 -8.30225588e-02
 -5.43273731e-01  9.17413038e-03 -1.65975901e+00 -1.56492799e+00
  1.47620511e+00 -3.73526887e-01  5.79284785e-01 -1.56190250e+00
 -8.07986174e-01  1.02021075e-02  4.99096981e-01  1.65032172e-01
  9.63452984e-01 -1.67292482e-01  4.96578192e-01 -5.45000182e-01
 -4.10801487e-01 -9.48729908e-01 -1.36690008e-02  1.24015073e-01
  3.86986461e-01 -1.43298108e+00  2.07754954e-01 -1.67856051e-01
 -1.40130065e-01  2.23344263e+00 -1.28791475e+00  1.38110707e+00
 -1.42116980e-01  4.45242315e-01 -6.11815738e-01 -1.68587571e-02
  1.83218664e+00  3.03683542e-02  1.39563319e-01  1.89368199e+00
 -3.27091476e-01 -2.27226593e-01  6.67640127e-01  8.98542624e-01
  6.64711095e-01 -4.25654931e-01 -2.29568398e+00 -2.14766722e-02
 -8.64909862e-01 -2.33880662e+00 -1.44926321e+00 -4.69735471e-01
 -1.45179199e-01 -2.98616111e-01 -1.14168132e+00  3.23646215e-01
  5.38054937e-01 -3.30484220e-01  4.94370254e-02  1.56602556e-01
  7.91676965e-01 -5.14712584e-01  9.04565709e-01  1.06295640e+00
  8.02890324e-01 -2.83166811e-01 -1.72569432e-01 -7.72174699e-01
 -2.75000880e-01  3.36670365e-01  1.53788163e-01  1.73572224e+00
  5.85916263e-01 -9.92356836e-01  8.42765197e-01 -7.77028496e-01
  1.00272148e+00  1.39711596e+00 -2.27490240e+00 -1.27208169e+00
 -6.26021190e-01 -5.17328225e-01  1.77627415e-01  3.84058306e-01
 -1.43627884e+00  6.38550685e-01  5.39539246e-01 -4.99076252e-01
  2.31175709e+00 -5.31407309e-01  2.21067778e-01 -2.08952709e+00
  6.32706929e-01 -4.01156395e-01  1.28005645e+00 -1.66701865e+00
  1.76166484e+00 -1.55274585e+00 -1.34588455e+00 -1.00251821e+00
 -2.36861633e-01  3.22982017e-01 -6.69167230e-03 -1.01748699e+00
 -8.39976000e-01 -6.94864048e-01  4.33078558e-01 -4.81496182e-01
 -2.69847086e-01 -2.82044241e-01 -2.58802080e-01  1.66394075e+00
  3.46188676e+00 -6.67869850e-01 -1.41311918e+00 -1.17103823e+00
  1.29746789e+00 -7.82978817e-01 -1.13790817e-02 -1.73841687e+00
  1.65936848e+00  1.10820583e+00  4.63963394e-02 -7.81948816e-01
 -1.84522244e-01  3.26854448e-01  7.48958916e-01 -1.55050990e+00
 -6.28971858e-01 -5.92826349e-02 -1.37309875e+00  5.13945169e-01
  6.16347812e-01 -1.20286159e-01  3.54636142e-01 -1.40411770e-01
  9.20492507e-01 -2.24026339e-01 -1.43747154e+00  8.17260112e-01
 -7.89332571e-01  4.05577241e-01 -3.11824444e-01  2.38129123e-01
 -8.91672765e-01 -1.51995364e+00 -7.06238060e-01  8.75679546e-01
  6.75850557e-02  4.06918449e-01  3.50911635e-01  1.23680637e+00
 -7.51837363e-01 -2.08633029e-01  1.26119557e+00 -9.06111279e-01
 -4.36906397e-01 -1.49625988e+00  3.31588613e-01 -6.83152940e-01
  1.64802865e+00 -7.20427796e-01  1.16076453e+00  3.75112524e-01
 -5.00858117e-02  1.15025571e+00  4.75212099e-01 -4.44667169e-01
  7.20389142e-01 -3.86741176e-01  4.71348016e-01 -6.89570281e-01
  1.18290173e+00  3.26482343e-01 -3.64924463e-01  8.31334037e-01
 -4.36261603e-01 -1.94121267e-01 -5.17838141e-01 -1.59612817e-01
  9.96081481e-01 -3.18183755e-01 -2.97525400e-01  4.69029320e-01
  3.49425164e-01  7.74994495e-01 -1.76851924e+00  2.97574801e-01
 -3.95166148e-01  4.42612835e-01 -2.04047464e-01 -2.03819202e+00
  2.49135546e-01 -2.99838079e-01  1.88688408e+00 -6.84580476e-01
 -2.21247003e+00  8.35802101e-01  4.99748535e-01  1.03028651e+00
  2.32683611e+00  1.35390420e+00  5.79094263e-02  7.06695996e-01
 -7.13050045e-01 -6.00950205e-01 -1.40538396e+00  8.67749696e-01
 -2.47515168e-01  1.41887467e+00  8.19081183e-01 -1.43097999e-01
 -9.63308441e-01  4.21367849e-02 -1.08681205e+00  3.80019460e-01
 -1.80148283e+00 -7.06840300e-01  7.91800455e-01  2.92216811e-01
 -3.54088787e-01 -1.08411661e+00 -1.28834786e-01 -4.37432921e-01
  8.10932566e-01  1.26436728e+00  1.15024361e-01  4.32612360e-01
 -1.30369614e+00  9.17338740e-01  9.16321148e-01 -1.64505221e-01
 -1.48127093e-01 -3.96924090e-01 -2.36137770e-01  1.09726138e+00
  6.28276029e-01  9.15905650e-02  1.40457919e-01 -1.06874657e-01
 -9.78253385e-01  1.43113786e+00  8.17728628e-01  1.00031410e+00
 -1.35046985e+00 -5.79238036e-01 -1.26449208e-01  1.75689297e+00
 -5.76240618e-01 -1.19910338e+00 -3.17818809e-01 -4.95194526e-01
 -8.90069563e-01  1.69136644e+00 -7.87425315e-01  1.97467428e+00
 -1.16402965e+00  8.38800724e-01 -7.85849099e-01 -8.16513267e-01
 -8.12830231e-01  3.23857826e-01  7.71068194e-01 -3.75158602e-01
 -4.41605320e-01 -5.75075902e-01  5.57795894e-01 -2.33244913e-01
 -1.22138798e+00 -1.38561721e+00 -1.08222090e+00  4.10603715e-01
 -5.03380332e-01 -1.48188513e+00 -2.74273771e-01  3.73148867e-01
 -3.25506692e-01 -3.32059920e-01 -1.01927356e+00 -8.29751259e-01
 -1.21917443e+00  9.88814510e-01 -1.43245907e+00  2.36670013e-01
 -9.90678353e-01 -5.34145964e-02 -7.70806207e-01  2.60696850e-01
  1.02951020e+00 -4.79244607e-01  9.66719033e-02  6.94887600e-01
  2.20131441e+00 -1.17115283e-01  1.32842473e+00 -1.02809415e-01
 -1.03958130e+00  5.05140721e-02  9.61230179e-01 -7.81966618e-01
  1.62366846e-01  9.83087304e-01 -6.07772073e-01  1.06074581e+00
 -3.44344755e-01 -9.88211825e-01 -6.03345023e-01  4.61026529e-01
 -1.32180960e+00  9.00389016e-01  7.48123792e-01 -3.24281837e-01
 -9.20413174e-01 -1.59666518e+00  6.68023095e-01  5.61385276e-01
  1.12671132e+00 -8.34203929e-01 -5.86349711e-02 -8.46124429e-01
  2.49466715e+00 -1.55459970e+00 -5.92263193e-01 -6.61541904e-01
 -1.14380261e+00 -1.02154104e+00  7.99226854e-02  3.31807510e-01
  4.14618312e-01 -8.58096984e-01  2.36217942e-01  1.34334021e+00
  2.86013878e-01 -1.89918315e+00  8.46831478e-01 -4.18412239e-01
  2.58017402e+00  1.69491567e+00  3.04761949e-01  1.28186161e+00
 -5.21811082e-01  1.56110492e-01 -1.21207451e+00 -7.86974806e-01
  5.43788487e-01  8.31622631e-01  1.42260616e-01  3.66160501e-01
  1.04077284e+00 -4.04732592e-01  3.05697769e-01  9.80136212e-01
  7.99318230e-01 -1.17494406e+00 -3.73559319e-01 -9.42220140e-01
 -6.66825928e-01  2.93501085e-01 -5.30856498e-01 -2.55964260e-01
  8.68361312e-01 -1.07296983e-01  7.13389818e-01  1.72246815e-01
 -1.92132431e-01 -1.70062785e-01  1.75422822e+00 -2.52972322e+00
 -1.84722739e-02  1.92735112e-01  1.70119256e+00 -1.75146706e+00
 -3.46157392e-01  2.23162978e-01  1.53840039e+00  3.75583023e-01
  5.44055739e-01  1.79260242e+00 -1.81576474e+00  1.00300659e+00
 -1.27280075e-01 -1.13954185e+00  5.70492765e-01 -7.48220434e-01
  8.30553682e-01 -1.80894131e+00  6.12998708e-01  9.03405580e-02
 -2.53791344e-01 -2.15411652e-01 -1.52140459e+00 -1.09513763e+00
 -3.54738227e-01  7.81650121e-02  6.91768960e-01  1.19639572e+00
  3.21366823e-01 -2.59941586e-01  1.61409821e-01 -1.01989413e+00
  2.55175027e+00 -3.28011603e-01  6.22113871e-01 -7.84401104e-02
 -2.64068463e-01 -1.10426455e+00 -1.98651279e+00 -1.11765037e+00
  3.77995068e-01  5.17457395e-01 -1.55178272e+00 -4.63785391e-02
 -1.07741246e+00  1.45755560e+00  3.74816502e-01  6.72930768e-01
  1.01261197e+00  1.65773780e+00 -1.75676015e+00 -1.70064796e+00
 -8.63211288e-01 -4.94420629e-01  7.22045687e-01  1.50162417e+00
 -1.09384263e+00 -1.07592826e+00  4.46281227e-01 -3.96290751e-01
  1.51321875e+00 -8.79762469e-01  4.32172555e-01  2.34221626e-02
 -7.40158983e-01 -6.27249896e-01 -4.70355693e-01  2.11694310e+00
  1.76046342e-02  7.07465468e-01 -7.81763242e-01  1.28502197e+00
  1.13754950e+00  5.75276186e-02  7.57025025e-01 -9.87178202e-01
  4.09925682e-01 -1.79213501e+00 -4.08284899e-01 -7.93568949e-01
 -1.37970985e-01  2.74178518e-01 -1.06166718e+00  1.02323024e+00
  2.36699327e+00 -6.37551040e-01  1.34424089e-01 -7.25784508e-01
  1.51803619e-01  3.53051897e-01  1.17705262e-01  1.25179405e+00
  1.52578661e+00  1.19110616e+00 -1.01016968e+00  1.61476760e+00
 -7.32294492e-01  1.20045550e-01 -1.14360479e+00 -2.98147742e-01
  9.33953559e-01  1.37152450e+00  6.91747004e-01  2.47618539e+00
  2.37681784e-01  9.16286150e-01 -2.36369074e-01  2.51382664e+00
 -2.35933009e-01  1.51215397e+00  4.20788805e-01  1.32072378e+00
  7.38958357e-02  1.59727937e+00  6.44295030e-01  8.77194975e-02
 -2.00397565e-02  1.36892665e+00  7.17243580e-01 -5.68019263e-01
 -8.35565877e-01 -6.65244012e-01 -2.25361447e+00  1.94556437e+00
  9.95342305e-01  1.79875243e-01  6.97685033e-01 -5.76851033e-01
  8.00084277e-01  1.10605419e+00  7.63745816e-02  7.92125536e-01
 -7.10057972e-01  1.03126052e-01 -4.28764323e-01  5.00614766e-01
  7.56584288e-02  1.22465090e+00  1.10800440e+00 -1.57385999e+00
  1.10636408e+00  1.57949603e+00  1.08674740e+00 -4.57505851e-01
 -3.12246132e-01 -1.32123346e+00  1.22184330e+00  1.16873350e+00
 -6.45456328e-02  7.07391908e-01 -3.05582438e-01 -2.00509335e-01
 -4.83737347e-02  4.58420378e-01 -3.78468685e-01  3.86229598e-01
 -1.41348648e+00  8.31732139e-01  1.85924009e+00  3.42191548e-01
 -1.37825009e+00 -7.61942823e-01  9.15055801e-01  1.25335071e+00
  1.84084077e+00  1.57765707e-01  1.67800823e-02  8.70434332e-01
 -8.71964270e-02 -4.27760616e-01  1.27131600e+00 -3.43609206e-01
 -1.49608488e+00 -1.26627381e+00 -6.71211628e-01  1.49303902e+00
  3.46135854e-01  1.57648527e+00  2.12638630e+00 -1.72285832e+00
 -1.18644412e+00  1.87607581e+00 -2.24374979e+00  1.41086421e+00
  9.92145019e-01 -1.02821297e+00  4.86842532e-01  1.49982227e+00
  4.02273659e-01 -1.66341643e+00 -2.22406494e-01 -5.07529364e-01
 -2.00913817e+00 -2.35437616e-01 -2.23854087e+00 -4.21184884e-01
 -1.43714620e+00  8.83858814e-01 -7.37684036e-01  1.95991167e+00
 -1.28614525e+00  2.77688197e+00 -9.11569518e-01  4.52784726e-02
  5.68714091e-01 -1.80699096e-01 -7.27471127e-02  5.05413435e-01
 -2.58229889e-01 -1.42621674e-01  3.16157820e-01 -7.28372406e-01
 -1.06102827e+00 -4.58877342e-02  1.34498370e+00 -4.08653081e-01
 -2.83002988e-01  9.57256604e-01  1.45871075e+00 -4.70286719e-01
  1.63139150e-01 -1.92888273e-01  1.32559430e+00 -3.03954538e-01
  6.90160870e-01 -1.43690896e-01 -5.21523564e-01  5.65873847e-01
  2.37649314e-01 -1.22555390e+00 -2.05019907e+00  1.75480340e+00
  5.17346299e-01  7.17025512e-01  3.23255325e-01  5.84339870e-01