-9.06984903e-01  4.09688996e-01  5.74336920e-01  7.96052653e-02
  4.94072601e-01 -4.39096401e-01  6.44987870e-01  5.72404742e-02
 -1.55715651e+00  1.14789425e+00  3.72541930e-01  7.81010608e-01
 -9.20940225e-01  1.24814463e+00 -1.83863943e+00 -1.53004143e+00
  4.56137154e-01 -5.12940023e-01 -1.19028143e-01 -1.10320102e+00
  4.28969851e-01  1.03075017e+00  1.33891902e+00 -1.03342864e+00
  7.64720773e-03  6.25364155e-01  5.03235669e-01  1.22549272e+00
 -1.05848333e+00  3.50155797e-01 -1.12166085e-01 -1.19908220e+00
  6.37854317e-01 -8.71896181e-02 -1.81910069e+00  4.58440270e-01
 -1.20749858e+00 -1.71680772e+00 -4.74237211e-01 -1.20677279e+00
 -8.94514225e-01  3.98782721e-01  5.39431691e-01 -8.23363102e-01
 -6.43947481e-01 -7.80761729e-01  8.68554405e-01 -2.16339623e-01
 -2.88451399e-01  1.30012410e+00  5.49269420e-01  4.83312912e-01
  6.92907598e-01  2.03761615e+00  3.78624625e-01  1.16300269e-01
 -2.62803105e-01  2.80544192e-01 -1.19913989e+00 -3.72558442e-01
  6.12078789e-01 -2.03622327e+00  8.81126597e-01  5.80022566e-01
 -8.92137898e-02  5.19747646e-01  8.98418615e-01 -5.85205912e-01
  9.06074763e-02  1.09967734e-01 -2.40133292e+00 -2.06929517e-01
  3.69273492e-01 -1.92157357e+00 -4.91626820e-01  2.14918860e+00
  1.93114503e+00  3.25044561e-01  6.34391739e-01  1.90842830e+00
  3.40612589e-01 -1.14385266e+00 -3.31929317e-01 -1.60952916e+00
 -7.41897672e-01 -2.35631632e-01  1.20338836e+00 -3.44525301e-01
  1.62193121e+00 -3.05770683e-01  1.42348716e+00  4.39113951e-01
  2.27817196e-02  1.31659552e+00  1.77271000e+00 -7.09522050e-02
  5.26607676e-01 -1.16181840e+00  8.40708045e-01 -1.16267706e+00
  5.95842127e-01 -3.15039429e-02  1.19196407e+00 -4.65196467e-02
  5.66242803e-01 -5.48883260e-01  1.12349898e+00  4.54142044e-01
 -5.68125776e-01  1.47940190e+00 -3.17347443e-02  1.16586265e+00
 -1.80462443e+00  2.51532716e+00  4.55825659e-01 -5.77467695e-02
  1.55172290e+00  1.02509892e-01  5.22657856e-01  1.15279363e+00
 -1.13499413e+00 -6.15768705e-01 -5.75271779e-01  9.21954302e-01
 -5.28550238e-01  1.12044101e+00  3.05374131e-01 -6.20028097e-01
  1.02712329e+00  9.71433599e-01  1.13490703e+00  1.24332416e+00
  4.63908697e-01 -2.08236423e+00  8.67898146e-01 -1.94391514e+00
  8.62786089e-01  3.54456016e-01  6.89856181e-01 -7.08110880e-01
 -6.67992856e-01  4.02342755e-01  2.09218142e+00 -7.76151669e-01
 -1.43767906e+00  1.59026650e-01 -1.19772330e-01  4.10351491e-01
  5.81074308e-01 -1.72948729e+00  7.96277649e-01  2.02650297e+00
 -1.52288254e+00  1.23191124e+00  1.04942114e+00 -3.46030799e-02
 -4.99350240e-01 -6.16321212e-01 -7.85700205e-03  2.55762813e-01
  3.90535075e-01 -8.48345679e-01 -1.11959045e+00 -1.29042616e-01
  8.00584670e-02  1.28670229e-01 -1.57591093e+00  5.85382785e-02
 -9.69453878e-01 -9.05499984e-01 -8.98478283e-01  8.75800881e-01
 -1.04513550e+00  6.47536277e-01  3.52099844e-01 -2.72237459e-01
  1.42855124e-01 -1.50274266e+00  6.34085792e-03  2.57864131e-01
 -6.83559725e-01 -2.32489529e-01  1.22473538e+00 -7.32908084e-01
  1.11676032e+00  8.14977763e-01  2.90015826e-02 -8.13307677e-02
 -1.55060366e+00 -5.47809708e-01  1.11470882e+00 -1.05815990e+00
 -1.52841571e-02  6.11384536e-01  9.10884378e-01 -1.82739499e+00
  4.20664299e-01  4.85476796e-01  1.50177861e-02 -7.03312763e-02
 -1.23718976e+00  8.64909761e-01  1.02429876e+00  3.16162374e-01
 -9.19097806e-01 -3.51900358e-01 -1.14225548e+00  7.15084572e-01
 -1.15660830e+00 -1.11554164e+00  1.00397129e+00  2.28386337e-04
  1.40022881e+00 -4.15311406e-01  2.65788124e+00 -1.11378577e+00
 -3.42759596e-01 -1.76405699e+00  3.71598697e-01 -1.51941797e+00
 -8.72842832e-02  5.38346171e-02 -8.67390803e-01  2.71262415e-01
 -9.50617463e-01  2.07385402e+00  1.61428401e+00  3.80463218e-01
  8.66135185e-01  7.47579686e-01 -5.07984260e-01  2.61640952e-01
 -1.25804798e+00  1.35145302e-01  2.34814859e-01 -1.03375187e+00
 -3.67576443e-01  8.37529387e-02  1.09472467e+00  3.76576741e-02
 -7.65772436e-01 -1.34205591e+00  5.53558852e-01  1.35507236e+00
 -1.16135275e-01 -4.57321487e-01  8.10438241e-01 -4.39289352e-01
 -2.61545398e-01  9.81784815e-01  7.06356438e-01  1.24668104e+00
 -6.88909109e-01 -9.37042769e-01  1.17653726e+00 -6.15154753e-01
 -6.16271818e-01  4.47648707e-01  6.24009095e-01 -8.73394261e-01
  7.63766936e-01  1.04838826e+00  2.51978101e-01  8.79236955e-01
  5.09057381e-02 -1.40037061e+00  7.43629948e-01  2.59757749e+00
  1.47798032e+00  1.20824582e+00 -3.58689898e-01 -1.70887781e-01
  1.22892339e+00 -3.59418885e-01  1.00960661e+00 -7.52255727e-01
 -1.09865084e+00 -2.54863773e-01  1.60337542e+00 -1.19009171e-01
 -9.06173340e-01  2.48634636e+00  1.23003672e+00 -1.63159419e+00
 -8.03152960e-01  1.03948369e-01  9.35135142e-01 -1.32531397e+00
 -1.93810479e-01 -1.63633361e-01  9.22949325e-02 -1.27868998e+00
  1.94019164e+00  1.52781273e+00 -6.80753813e-01  1.17112635e+00
  1.06532935e-01  1.19715230e+00  1.05824466e+00  6.49332166e-01
 -1.86586325e+00 -1.76428171e+00  7.89324496e-01 -7.88498465e-01
 -9.54357309e-01  4.69464231e-01 -1.17077113e+00  7.22689825e-01
 -7.62493467e-01 -1.37216411e+00 -5.38040904e-01  5.80734499e-01
  3.16651306e-01  9.64055459e-01 -2.11143169e-01 -3.12092438e+00
  5.65860015e-02 -6.18952007e-01 -3.49632135e-01 -5.15638516e-01
  2.54405017e-02  1.62326917e+00  1.20702961e+00 -2.07486715e-01
  8.89139396e-01 -5.80022910e-01 -8.00794459e-01 -7.10286071e-01
  1.41314289e+00  1.18783161e+00  4.93395501e-01  1.56050787e+00
  8.70823565e-01 -3.32392945e-01  1.28800670e+00  2.79158345e-02
 -1.09024411e+00  1.92056316e-01  1.50179480e-01 -1.29141650e+00
 -2.27780424e+00  3.84209859e-01 -1.40795783e+00 -5.77660775e-01
 -6.96378420e-01 -1.87295166e+00 -5.95209468e-01 -2.40281382e-01
 -2.60823039e-01 -4.28451673e-01 -7.53567630e-01  4.40122342e-01
 -1.77107099e+00 -9.83818378e-01 -2.04861266e+00 -1.38543567e-01
  3.99196697e-01 -1.32639094e+00  2.06004955e-01  4.63514383e-01
 -3.08268637e-03 -5.07050786e-01 -6.11565810e-01  1.36659604e+00
 -1.02631106e+00 -5.48684546e-01 -2.39394148e-01  9.63357655e-01
 -9.41738154e-01 -1.38338765e+00  6.37704702e-01  8.97032688e-01
 -2.22631641e+00  7.86798621e-02  1.54924234e+00  1.12000071e+00
 -4.05100869e-01 -2.29592851e-01  2.03759416e+00  8.33188222e-01
 -9.93651060e-01 -2.10178222e-01 -4.42692682e-01 -3.12993920e-01
 -2.54216141e-01  3.30295215e-01  5.43662779e-01  1.95999184e-01
  2.29518008e-01  1.80503056e+00  1.47085209e+00  1.29328881e+00
 -1.25497912e+00 -7.54354023e-01 -1.41152794e+00  1.16514804e+00
  3.94485047e-01  1.03863291e+00  9.41181050e-01  1.31535395e+00
 -2.05519386e-01  7.23754935e-01  7.99121906e-01  1.79101958e+00
  8.66273790e-01  6.95186481e-01 -6.58639594e-01  1.65875739e+00
 -5.25937812e-01  1.27438295e+00 -4.50557135e-01 -9.99822927e-01
 -1.43075043e-02 -7.21074440e-01  9.76043862e-01  1.64320778e+00
  5.73233332e-01 -1.91140163e+00  8.25800673e-01 -2.16458964e-02
 -8.71423394e-01 -6.91339239e-01 -1.19600569e+00  1.31369428e-01
 -1.07870691e+00 -3.24151704e-01 -9.35581888e-01  9.97338244e-01
 -2.26422746e+00  8.44106763e-01  1.18788093e+00 -6.07233086e-02
 -1.04638776e+00  6.52901344e-01  7.00254767e-01  4.17969981e-01
 -8.69921507e-01 -1.53405832e-01  9.37870416e-01  1.68940892e-01
  1.41585064e+00  6.60784500e-01  8.16678117e-01 -1.03618024e+00
 -8.06254822e-01 -1.10999272e+00  3.06209223e-01 -8.08360497e-01
 -1.19562809e+00 -7.91544180e-01 -1.93350839e-01  4.96778141e-01
 -2.67930709e+00 -3.74283700e-01  3.07861537e-02  7.01601607e-01
  4.68423092e-01  2.15540678e-02 -2.82660195e+00 -1.89786874e+00
 -9.28023705e-01 -1.65291587e+00 -1.05544091e+00  1.44752919e-01
  1.11904510e+00 -8.63082421e-01 -9.62207449e-01 -1.11600802e+00
 -5.53891284e-01 -1.45596200e+00  9.01143667e-01  4.92934810e-01
 -5.40182718e-01  1.45801560e+00 -5.38951526e-01  5.45671562e-01
 -2.50623049e+00  2.44222216e-01 -5.32504973e-01  2.51101166e+00
  4.07820769e-01 -3.97596023e-01 -3.07193018e-01  6.41426201e-01
  3.32817678e-01 -3.82816916e-03  1.84119332e+00  4.14047298e-01
 -5.39440835e-01  9.70969436e-01 -1.40524403e+00  9.02504123e-01
  5.61128524e-03 -2.44440748e-01  9.90073138e-03  6.59229300e-01
  7.88181267e-01 -8.04646893e-01  6.57250544e-01 -6.88008635e-01
 -1.36537496e+00  6.72685965e-01  6.58303749e-01  2.93358346e-01
 -2.12265160e-01 -1.18227238e+00 -2.63603923e-01  4.54200558e-01
 -2.82374825e-01  5.88675754e-01  8.05019585e-01 -4.79702753e-01
 -4.91184226e-01  7.65714079e-01  3.79268823e-01 -1.89404963e+00
  3.98610230e-01  1.74068107e+00 -1.10339049e-01 -1.20892674e+00
  1.69789437e+00  5.66298981e-01 -1.90457115e+00 -3.38961334e-01
 -8.78836088e-01  6.97468587e-01 -1.90163070e+00  6.23098628e-01
 -1.25915068e+00  7.37651819e-01 -8.27635266e-01  2.55261978e+00
  6.54889278e-01  2.49041184e-01 -3.21375038e-01  2.25879889e-01
  7.12036204e-01  2.14930352e+00 -2.35157101e-01  4.29052802e-01
 -5.62513386e-01  2.10042132e+00 -4.47873298e-01 -1.60505886e+00
 -8.93112322e-01 -1.26109180e+00  7.10561700e-01 -1.39247830e+00
  2.53905201e-01  8.88727196e-01 -1.09776266e+00  7.55782883e-01
  2.01007641e+00 -1.78194413e+00  4.76046851e-01  1.64299923e+00
 -3.14012191e-01  7.06148779e-01  2.42007916e+00 -9.98740550e-01
  1.31271281e+00 -2.70414719e+00  1.12232067e-01  8.04862424e-01
 -9.27288909e-01 -1.18555582e+00  1.02267074e+00 -1.17333073e+00
  1.34713751e+00 -1.13468272e+00  7.74683136e-01 -1.68638093e-01
 -1.90181206e-01 -1.46663122e+00  6.88385777e-01  3.58986490e-01
  7.34591731e-01  1.27321768e+00 -4.57847896e-01 -5.97983171e-02
  1.30009726e-01 -4.99505859e-01  1.30712331e-01 -4.82126916e-02
 -9.64034306e-01 -3.78904262e-01 -1.23570157e-02 -4.83411910e-01
  1.00219066e+00 -1.40509398e+00  7.99895031e-01  1.05150671e+00
 -6.39769942e-01  1.36582892e-01  2.53874146e-01  2.84974520e-01
  5.79945348e-02 -5.67231018e-01  9.34315325e-01  1.08833774e+00
 -5.65141024e-01 -7.04792734e-01 -1.53950933e-01 -2.66942790e-01
 -1.51464842e+00  1.74497267e-01  5.30880320e-01  3.76303884e-01
  5.38200852e-01  7.98514820e-01 -6.72085656e-01  1.02377917e+00
  3.14453156e-01  2.61980638e-01  4.17043542e-01  8.39781279e-01
  2.20117672e+00  1.77947774e+00  2.27532378e+00 -3.60172952e-01
 -5.93227142e-02 -1.13434098e+00  1.01225099e+00 -1.41863223e+00
  1.19904155e+00 -1.49805847e+00 -1.84794713e+00  8.33843896e-01
 -6.18146337e-01  4.60773904e-01 -1.19914925e+00  3.56792401e-01
 -7.15244344e-01  8.77076650e-01  4.90562419e-01  1.57712879e+00
 -1.14135481e+00  3.33137357e-01 -1.25989274e+00 -1.00632080e+00
  7.05602897e-02  1.84605527e+00 -8.51469724e-01  5.78053889e-01
  4.11456706e-01  3.32285450e-02  3.53781688e-01 -8.59611040e-01
  1.93613415e-01 -4.68886090e-01  2.47136666e-01  2.10470251e-01
 -1.43515476e+00  9.41828891e-01 -2.81921324e-01  1.05219215e+00
  3.43273146e-01 -1.23559850e+00  2.82674585e-01 -7.02188051e-01
 -6.35584937e-01  1.22745436e+00 -1.27939232e-01  4.74433526e-02
 -9.72457066e-01  7.36924933e-01  9.20842696e-01 -1.04184572e+00
 -3.21911210e-01 -1.76631177e-02 -2.45783538e-01  7.91867053e-01
 -4.75650613e-02 -2.75797721e-01  6.22231079e-01  7.33129300e-01
  1.45707331e+00  1.50861918e+00 -3.61334537e-01 -9.08721028e-01
  9.57196635e-01 -1.18344693e+00 -7.22062064e-01 -8.14255892e-04
 -1.34128704e+00 -2.59513578e-01  1.26278835e+00 -1.38206873e+00
  4.02170306e-02  5.84598168e-01 -1.12808402e-01 -1.04215189e+00
  1.38813134e+00 -1.71937441e+00  1.86515432e-01  2.24510975e-01
 -1.21458833e+00 -3.13912727e-01 -1.56246752e+00 -1.37925453e+00
  1.66694972e-01 -2.18197083e-01  7.34486788e-01  7.27015410e-01
 -1.77628030e-01  2.21564976e-01 -1.14741750e+00  7.48747693e-01
  1.37614271e+00  3.87982976e-01 -2.28311440e+00  9.99774458e-01
  3.82317223e-01  2.64395567e-01 -1.06507143e+00  6.57130141e-01
  1.06290685e+00 -7.67760267e-01  1.12660808e+00 -6.26695963e-01
  3.81748548e-01  1.38585845e+00  1.40499700e+00 -8.23024902e-01
 -8.72739658e-01 -1.27034263e+00 -9.94912139e-01  1.64255246e+00
  3.77721959e-01  1.01397807e+00  4.13967225e-01 -6.42394764e-01
  4.97012865e-01  7.07396523e-02 -1.20219971e-01  2.07155285e-01
  5.11200192e-01  2.26061907e+00 -7.76048106e-01 -1.97602435e-01
 -4.23365589e-01  3.26542342e-01 -2.71021302e+00 -1.74119647e-02
  8.91199089e-01 -1.02756965e+00 -1.51529987e+00 -2.19333792e-02
 -8.72526039e-02 -5.11326146e-01 -3.10640274e-01  1.79210882e+00
 -1.41275245e+00 -4.78550506e-01  1.31418281e+00 -1.10231036e-01
  8.01180523e-01 -4.71816384e-01  4.15229170e-01  1.75647981e+00
 -1.39363868e+00 -3.49096871e-01 -2.75396547e-01  2.41041484e-01
  9.70553171e-01  1.32651507e+00  3.70641904e-01 -1.26051491e+00
  4.20511724e-01  2.02576912e+00 -1.45057513e-01  4.73639176e-01
  4.10110789e-01  1.82810684e-01 -8.24386943e-01 -1.41081915e+00
  1.36291010e+00 -2.74620931e-01  7.13189665e-01  1.31093689e+00
  2.10485955e+00  4.37703908e-01 -1.38397365e+00  2.37084692e-02
  4.50192790e-01  8.11806173e-01 -6.18976108e-01 -4.93021739e-01
  9.80288310e-01 -6.66727760e-02 -4.81025543e-02 -4.25396194e-01
 -1.10799083e+00  9.06825989e-01  6.30009521e-01 -7.14781310e-01
  5.99774399e-01 -4.27528393e-01 -2.54550267e-01 -5.37909299e-02
 -2.21847425e-02  8.46408295e-01  1.15409517e+00 -2.94923037e-01
  6.35972110e-01 -5.41451985e-01 -2.03691133e-01 -1.63560158e+00
  1.01668494e-01  5.93039945e-01  1.06308112e+00 -1.50521114e+00
  8.47056878e-01 -2.95920127e-01 -3.94641157e-01  4.89868332e-01
 -6.01318685e-01 -2.59199083e-01 -1.01482228e+00 -9.15591921e-01
  2.65675870e-01 -1.20207489e+00  1.86433140e+00 -1.23133030e+00
  2.09623485e-01 -2.13043354e-01 -2.67744403e-01  1.93077755e-01
  7.95857891e-01  5.84834273e-01 -2.46598185e-02  7.12696896e-01
  4.79815152e-01 -7.10122194e-01 -8.68339939e-01 -1.11317358e+00
  8.56678581e-01 -1.22129778e-02  6.54167426e-01  9.25030618e-01
  1.94541717e+00  1.06857095e+00 -1.35379853e+00 -8.31255640e-01
 -1.39936647e+00 -3.28209278e-01 -1.66925136e+00  7.60234775e-01
  7.58435042e-01 -3.71926386e-02 -1.19937471e+00 -1.86666021e-01
 -3.31425695e-02 -8.18555212e-03  9.48701285e-01  1.50902073e+00
 -8.50212552e-01 -1.19770751e-02  7.52422072e-03  9.25667321e-01
 -1.27479783e+00  1.91032444e-01  3.23366775e-01  1.59036151e+00
  4.40119641e-02  1.70291419e+00 -2.35487956e-02  1.45368019e+00
 -7.53860749e-01  9.57076134e-01 -1.88616583e-01  2.43723105e-01
  7.65809676e-03 -1.54008439e+00 -6.65944643e-01  4.23282672e-01
  6.50401982e-01  7.78919887e-01 -8.57154389e-01  3.75300744e+00
  2.50258838e-01  2.99597695e-01  5.83465162e-01 -1.37091802e-01
 -1.56740329e-01 -1.74048838e+00  2.00023165e+00 -3.25538368e-01
  2.56438653e-01  2.96635251e+00  9.86150662e-01  1.37165195e-01
  9.78880194e-01 -9.09042535e-01 -9.30644882e-01  4.52976122e-01
  5.78955848e-01  1.45846137e+00  1.03447328e-01  8.05382949e-01
  1.91621954e+00 -1.68448165e+00 -1.20264068e+00  2.23773247e-01
 -2.39043494e-01 -3.38190962e-01  1.70404925e+00 -3.38152749e-01
 -1.10502384e+00 -1.57120829e+00 -2.73180254e-01  2.00997395e+00
 -9.58355316e-01 -7.51044846e-01 -8.94265728e-01 -4.57085416e-01
  4.75298726e-01  1.05194309e-01 -1.78342115e+00 -3.03192345e-01
 -1.37368613e+00 -2.32356353e-01  4.79331954e-01 -3.99337551e-01
 -1.56929423e+00 -6.54117754e-01  2.00399303e-01 -2.53230704e-01
  7.99171212e-01  1.02726775e-01  1.23068477e-02  1.96539060e+00
  3.34564520e-01 -4.79306435e-01 -1.48253266e+00  1.43713098e-01
 -1.44051113e+00  7.58950468e-01  1.51514973e+00  1.41323942e+00
  6.97427431e-01  6.07848702e-01  6.43209534e-03 -4.54975808e-02
  8.71521367e-01  2.79144472e-01 -6.25180932e-01  7.28631307e-01
 -1.39244560e+00  9.43168281e-01 -6.80450689e-01 -7.36697641e-01
  1.22897059e+00 -1.19549529e+00  2.53543343e-01  3.07370857e-01
  6.44769017e-01  1.49678026e+00  7.64074233e-01 -1.23949014e+00
 -1.27448979e+00 -9.12511866e-01  3.72762824e-01  1.65146045e-01
 -1.08903048e-01  3.43096787e-01  2.83112877e-01 -1.07838180e+00
 -5.63991866e-01  7.57022046e-01  6.74991977e-01  7.17616641e-01
  1.84209674e+00 -1.69722960e-01  1.80184265e+00 -2.61343107e-01
  7.24541059e-01  8.65766819e-02  5.25623208e-01 -5.73573933e-01
 -1.62333344e+00 -2.26488741e+00 -5.55020661e-01  7.37297714e-01
  5.42906731e-01  1.59631780e-01 -1.04328994e+00  5.37720388e-01
  4.25524532e-01  1.32305900e+00 -9.69169544e-01 -1.94819564e+00
 -3.50057322e-01  4.72277047e-01 -2.01195215e+00  1.30884877e+00
  1.08030868e+00  1.73188543e+00 -1.25352753e+00  1.29641516e+00