 1.55898489 -0.92100622 -0.58841238 -1.10006935 -0.02895669  2.12868782
 -0.15154532 -1.85202978 -0.49677657  0.40270109 -0.53381807  0.09091136
 -0.18606941 -1.15755361  0.21629296  1.5538554   0.77105963  0.47340678
  1.02340283  0.3804365  -1.47082954  0.67692701  0.42592046  0.83974099
 -0.15099425  1.68266342 -0.6317667   0.80261655 -0.19617917  0.06995013
  1.06569143  1.6009853  -0.13036763  0.3551056  -1.04845372  0.00928821
 -1.18175568  2.12004994 -0.05928761 -0.44791394  0.91163953 -0.0227675
 -0.505008   -0.86351528 -1.21267778  1.39460695  0.13049802 -1.14115771
  0.19853677 -0.18080679  0.95749489  1.27075228 -1.45046283 -0.87225902
  0.08664097 -0.28899829 -0.20140316 -1.59978875 -1.86276005 -1.5891054
  0.66744409  0.83602326  1.62640448 -1.58589594 -0.98656143 -0.14223061
  0.26435343 -1.70615697 -1.7542325   1.10633541 -1.45918827 -1.21514958
  0.07741403 -0.72600116 -0.44375513  1.37908096 -2.03578934  0.12265372
 -1.13473874  1.17929785 -0.54581011 -0.82995863  1.15442059 -0.17632094
  0.69505809  0.20501836 -1.64691251 -1.07492379  2.21808134 -0.74089047
  0.75504105  1.41059432  0.49005053 -0.31209861 -0.94150084  1.56629354
 -1.12018005  1.45842613  0.57179711 -0.10641157 -0.01566195  1.15078147
  0.69290881  0.55851613 -1.50403346 -1.56779766 -0.12622583  1.2358664
  0.42671835  0.6704842   1.07844566  0.64028031 -1.21826276 -1.51646975
 -2.54432831 -3.05282295 -0.66759553 -0.89589666 -0.77004786 -0.89763952
  2.48474437 -0.13709131 -0.20170183  0.22935699 -0.44835532  1.05544247
 -0.70101841  0.1089298   0.67914546  0.81072659 -1.65937127  1.83905905
  1.05750206  0.09075286 -0.92377575  0.94165163  1.49700052  0.67721369
 -0.61229143  0.16959797  1.05472888 -0.1150639   0.74632815  1.08258411
 -0.68422918  0.97864768  0.80368032  1.15327527  0.27295783 -1.52763012
 -0.34684908  0.73982436  0.52229723 -0.03053981  1.47949917  0.39740527
  0.74160016 -0.11641793  0.77483599 -0.29388539  0.07001396  1.23207498
  1.16462741 -0.80350903  0.47865078  0.86293505 -0.94879749  0.91808629
 -0.07761499 -1.3894934  -1.01277434 -0.21044703  0.26425606 -0.45146985
 -0.18062894  1.01039307  0.02464945 -0.35237727  0.44446197 -0.10201903
 -0.80352234 -0.86736592 -0.41417819 -0.94177327  1.90790681 -0.45372449
  0.89794774 -0.3724827   0.51586503  1.08691857 -1.22427196 -0.62750285
 -1.85903208  1.02379765 -0.30820211  0.75565168 -0.17916592 -0.06087623
  0.60457621  0.31357899 -0.6987037   0.39540867  0.73719479 -2.5335595
 -0.41942791 -0.75011669 -0.49404815 -1.87005314  0.33451406 -0.11101748
 -1.22861495  0.01959396 -1.89342074  0.43657704  0.52496574 -1.23497487
 -0.37484261 -0.54235577 -0.56178256 -0.19916482  0.73750573 -1.9901073
 -0.38747296  0.70307547 -0.19573736  1.54019757  0.16027883 -0.68184982
  1.2066807   0.01158011 -1.00873881  0.50162136 -0.30174491  2.00131394
 -0.60421158 -0.02857071 -0.27068492  0.17098107  0.53401999  0.69794604
  2.2694378   1.18237568  0.20158315  1.69539493 -0.65250549 -1.2618918
 -0.15376361 -1.08939505 -0.52873206 -0.22787864  0.31048011 -1.70955113
  0.94049006 -0.44755807 -0.52038325 -0.26843796  1.59555683  0.8444263
  0.58031208 -1.0166582   1.60081972 -1.06414833 -0.79327126 -0.55371076
  0.05416711 -1.04753522 -0.49599438  0.36820005  0.64055338 -0.31928046
  0.87969194  1.02429788  0.60422625 -0.46673213 -0.200593    1.60506605
 -1.19727634 -1.11892619 -0.67857306 -1.2996458  -0.57216307 -1.31425947
 -0.05534547 -0.26065859 -0.28160834 -0.30176898 -0.23686622  0.77702013
  0.19449761  1.477424    0.26898292  1.22593966  0.72871282  1.32021343
  1.4297793   3.61321915  0.18512276 -0.31989366  0.55356189  0.12198717
  1.73372967 -0.61513578  0.75813386 -0.0934933   1.24597142  0.07367394
  0.60681744 -0.30117185  0.43807841  0.89183039  0.53311255 -0.65039046
 -0.11245954  0.65622083  1.9321072   1.10344221 -0.95219385  0.78647596
 -1.69933044  1.36799488 -0.26458995  0.19364182 -0.47703784  0.66460152
 -1.43536832 -0.45284434  0.98846123 -0.04277251  0.70913003  0.40735399
  0.4773932   2.81365967 -0.30512397 -0.38957484  0.78609924  1.24124104
  1.61191384  0.86087081 -1.22134579  0.58958236  0.15909928 -0.70479808
 -0.43524924  0.52979472 -1.10043249 -0.66242186 -0.67612176  0.63944788
  1.93720011 -0.42871205  0.33020724 -0.83451068  2.19735126 -1.0520269
  0.28590654 -1.65095613 -1.02155629  0.48093978 -1.53564042  0.4524076
 -0.18319035 -1.38098718  1.83544952  0.4120886  -0.6117698   0.05825873
  1.26323825  0.07557295  1.1653357  -1.82754729  1.16876643 -1.53722535
 -0.06767903 -0.90606862 -0.65876868  1.14184539 -1.28956249 -1.3547845
 -0.57136568 -0.72804746  0.19673261  2.07397927 -0.56510139 -0.9941964
  2.24422423  0.29674304 -0.04167686  1.23024976 -1.09633791 -0.48542946
  0.75698498  1.31387602  0.53793263 -1.16274844  0.65561911  0.46833804
  0.49782793 -0.31354107  0.55163948  1.52550984 -0.53323956 -1.84004193
 -0.06429308  0.36923536 -0.52249182  0.77740186 -0.87708126  0.90331403
  1.5244221   0.77882685  0.15041775 -0.99719741  0.79244417  0.03613203
 -0.10288649 -0.78521539 -1.17369773 -0.78790133  0.64409773 -0.09282141
  0.4712271  -0.04021918 -0.30147889  0.00891467 -1.81763842  1.12686766
  0.84839303  0.78851423  0.87190071  0.57801575 -0.03276958 -0.06343044
  0.45661461  2.18918473 -0.6230782  -0.48330826  0.81730959  1.38061669
 -1.7117987   0.29321694 -1.17673186  0.55068569 -1.27551616  0.31961008
  0.53789672 -0.74242746  1.76352065 -0.30075474 -1.0936497  -1.46259537
  0.7785281  -1.40033222  1.08965996 -0.27237807 -0.63716215 -1.02028258
  0.68106155  2.26992804 -0.763283    1.40459657 -0.57055615 -0.42928645
  1.13917006  0.88965621  0.2302811   0.18279119 -0.40753408 -0.10691171
  0.94475032 -0.3807512   0.51476687 -1.42528356 -0.91553914  0.76405206
 -0.57137128  1.25900302  1.15076989  0.3123138   1.1509928   0.82409909
 -1.16837541 -1.81584493 -0.63220214 -0.24354377 -0.58345187  0.45138162
  0.22143289  1.43480206 -0.24801635  1.16302474  0.3730997   0.72728358
 -1.27950852  0.16252964 -0.76006278  0.25845319  0.3402327   0.04728653
  0.94896162 -0.13253093 -2.08489533  0.30458292  0.67344765 -1.59319138
 -0.34172089 -1.58186444 -0.68313236 -0.22358775 -0.37372035 -1.73432536
 -0.98339003  0.82409344  0.38213562 -0.88872336  1.24885622 -0.22581839
 -0.35297631 -0.48137093  0.25994111 -1.08968482  0.36480257  0.87683329
 -1.17498296  0.18000621 -0.07525871 -0.29690911 -1.1416619   2.54457827
  0.89336879 -0.36633591 -0.67756372 -0.20204339 -0.3371249   0.26392965
 -0.65594901 -0.58956079  2.39080093  0.21031322  0.87423438  1.26052265
 -2.91666042 -1.29345047 -1.16733334  0.17273785  0.31759547  1.58520378
  0.39376651 -0.17882173  0.68667558 -0.33627599  1.59339744  0.62601408
  0.60452463  0.04198396  1.50974606  0.71640428 -1.52822306 -0.8046623
 -0.12751243 -0.35002904 -0.03297003 -0.38167465 -0.98012791 -0.99715922
 -0.33021769 -0.6365425   0.21500769  0.46387306  0.64833422 -1.22380124
 -0.64541246  0.74929408 -0.73127636  1.60569885  0.43486623 -0.58981982
  0.56680806  1.82085655 -0.21499112  0.28836568  0.58632886 -0.09778718
 -0.36528344 -0.062364   -0.02032417 -0.82006473 -2.70197011 -0.30122949
  0.04277054  0.1095421  -1.67392498  0.10778032 -0.9887551   0.62137885
 -0.16979525 -0.08658998  1.14874733  0.45861242  0.49045496 -1.02216206
 -0.99480219  0.17945606 -0.50404251 -0.36762959 -2.59032862  0.80715072
  0.24315026  0.71070205 -1.50795509  0.40411592 -1.81780968 -0.2782471
  0.32429528 -0.78309399  0.11547555 -0.06065282 -1.0961932   0.19544157
  2.18602943 -1.12535819  0.21676307 -0.13026186  0.70633283 -0.86946652
  1.29226374  0.31160662 -0.37947103  1.43270018 -1.81127237  1.00804896
  1.43502445 -0.25825487 -0.43388373  1.51115021 -0.1357749   0.23409344
 -0.05115646  0.28757635 -2.09362965 -0.34852868 -0.42451784 -1.28471722
  0.21963054 -0.24096213 -0.22337425 -0.62661299  1.92260214 -1.00121014
 -0.08123497 -1.38588829 -0.84496903 -0.14390103 -0.87793552 -0.21176255
  0.76678293  0.92465967  0.93376415  0.80754247 -1.87151266 -0.57081051
 -0.88167272 -0.14406414 -1.12495737 -2.25616939 -1.22904294  0.938592
 -0.93766101 -2.99523543  1.41746987  0.88989473 -1.40722631  0.3949051
  1.46786241  1.2912084  -1.09300682  0.28293431  1.06309629 -0.67415195
 -0.01677206 -1.00489749 -0.60280006  0.68806466  0.47397465 -0.84684513
  0.14664881 -0.76895196 -1.30250713  0.1771334   0.01532833  1.9212951
 -1.38919824 -1.51644074 -0.93381973 -0.67255353  0.3240034  -0.45544786
 -0.10190126 -0.06785027  1.33785193  0.63690891  3.60423708 -0.67561725
 -1.38882751 -0.98212407  0.68428961  0.46036775  0.35067206 -0.2273896
  1.4484836  -1.45074831 -0.24859111  0.23126721 -0.20038619 -0.0337987
 -0.33547974  1.01284909 -0.10106538  0.45640129  1.39957407 -1.22837279
 -0.06259823 -0.29853617  0.7385417  -0.17446187 -0.42064595  0.78356787
 -1.64097416 -0.38400286 -1.37741743 -0.06044195  0.19456037 -0.57548988
  0.50095943  0.11707756 -0.40253117  1.46970231  0.66459093 -0.24918086
 -0.08257329  0.05827445  1.21469318  0.09761532 -1.00654851  2.6420596
 -0.08248511  0.86062044  0.1593566  -0.36444864  0.37336428 -0.24158173
 -0.04188848 -0.64407857 -0.0642452   0.14299015 -0.1050221   0.92812642
 -0.75244065 -0.11866913  0.13368289  0.450429   -0.7444934   0.41510017
  2.93592092  0.73638784 -1.64105021  1.12891367 -2.63023413 -1.78054525
  1.04029756  1.54310763 -0.21114781  0.53924251 -1.06309484 -0.03952783
  0.40620902 -0.4317873   0.27616207  0.86043681  0.06882458  2.88934692
  0.41840633  1.4952985  -1.39748988  0.86957935 -0.10382727 -0.94367449
  1.14951177 -1.32869107 -0.31665947  0.81255668 -2.57345716  0.1264107
  0.28324809  0.35412399  0.0376606  -0.29368048 -0.73392483  0.85669684
 -0.4883712   0.54900877  0.49457783  0.71671725  1.22112775 -0.5401134
 -0.99668907  0.21444409  0.6927881  -0.47816101 -0.39960447  0.61264007
  0.66602257 -0.4740488   1.069681   -0.33272254 -0.13147282  0.61594372
  0.38633995  1.42964477 -1.82401534  1.32188061 -0.6910975  -2.05276674
 -1.02469168 -0.17501792  1.41167263 -0.63208139 -0.81838884 -0.71016163
 -0.35375439  1.0525629   1.04373694  0.79341521  0.54806043  0.13970626
 -1.32533445 -0.936494    0.05270486  0.80777141  0.05180551  0.35019295
 -0.58138419  0.20724533 -0.68017776  0.55494834  0.74626848 -0.33671188
 -1.7497497   0.83159866  0.8693956  -1.71515577 -1.06818528  0.94844642
  0.49699063 -0.51265882  0.42831734 -0.3725812   0.33383237 -0.15575611
  0.8968788   0.1636795  -0.38095841  1.30811047  1.34762965  0.14600571
  1.94146123 -1.56741321  1.060041    3.01944699  0.0103431  -0.50082953
  1.07578899 -0.36038911 -0.41956238  1.03269933  1.57869619  0.66430058
  0.65810617  2.30524619 -1.42899469  0.07011007 -0.56677366  0.76656014
  1.05621639 -1.3951116   0.44007659  2.15432607 -1.93536354 -2.02402841
 -0.84113059  1.16235139 -0.50111749 -0.83853537  0.48360264  0.98731557
 -0.71595883 -2.56467299 -1.51711075 -0.13927949  0.74044835  0.56523558
  0.81773699 -0.9000004  -0.97496686 -1.25778511  0.87120534  1.26731432
  0.65881565 -1.80959265  0.75706677 -1.18475965  0.89362732 -2.47607052
  1.04242567 -0.4446761   0.43221479 -0.23511399  2.31962668  0.54688627
 -1.39578668 -0.84262771 -0.26639173 -0.74983896 -0.60176758 -1.58640329
 -0.66345117  1.59983378 -1.34805822 -0.30089397 -0.06428208  0.15752557
  0.32807216 -0.12182195  1.38435803  0.29747464 -0.13800422 -0.9252322
 -1.04306204  1.01213421 -0.97546217  0.8335437  -0.54483458 -0.37943713
 -1.77389393  1.16643054 -1.28647887 -0.29111954  0.38356956  1.38523735
  0.22893951 -0.83003313  0.19108005 -1.12629484  0.45490849 -1.53969909
 -0.64856465 -0.00813087 -1.2235277   0.48714945  0.47704407  0.79756689
 -0.09598717  0.56028292  0.32928676  0.32388044  0.01211218  0.93317584
 -0.22462284 -0.63853316 -0.83091358 -1.20937796  0.40276275 -1.18288068
  0.25891936  0.29262045  0.3908134   0.72683201  0.63565602 -1.1008902
 -0.80072942 -0.44261401 -1.33634713  0.78200396  0.42427839 -0.50022447
  1.39675057 -0.59362878 -1.13075688  1.30807057  0.92922928  0.21550294
 -0.2538538  -2.37252281 -1.83123473  0.05330056  1.09554464  0.93182677
 -0.34271859  0.29788985  0.29868482  0.36877108