 1.47802983e+00  6.95127031e-01 -1.15787983e+00  1.88848874e+00
  6.44057209e-01  5.57394099e-01  1.28775598e+00 -8.16330666e-02
  2.68600435e-01 -1.25006392e+00 -1.01516951e+00 -6.59652054e-01
  2.73496018e+00 -1.16055716e-01 -5.59525320e-01 -1.54399203e+00
 -1.90684150e+00  9.79075674e-01 -4.00836664e-01 -6.59625654e-01
 -8.20079240e-01  2.15869752e-01  1.25256995e+00 -1.73531222e+00
  2.24869187e+00  7.93880107e-01 -2.41542090e+00 -2.59745658e-01
 -1.04418231e+00  1.58079435e-01  8.76160123e-01 -1.15863863e+00
 -6.60547959e-01  4.77536324e-01 -1.42833818e+00 -1.22980478e+00
  6.24944900e-01 -1.17015930e+00 -1.10088032e+00  7.76506044e-02
 -8.62280818e-02 -9.89493702e-01  1.22418750e+00 -2.29723499e-01
  8.51182169e-01 -8.62038156e-01  1.25555709e-01  7.75986715e-01
  7.01314055e-01  6.45627686e-01 -3.12664040e-01 -6.72967570e-01
  9.18925979e-01  6.23172254e-01  1.82665648e-01  6.44092946e-01
  5.76477211e-01 -4.39174037e-01 -3.85537566e-02  1.06534780e+00
 -7.95461383e-01 -1.22403295e+00  1.31146756e+00  9.96312535e-01
 -1.50596157e-01  4.18825851e-02  5.54560638e-01 -1.77890246e-01
 -9.02007794e-01  6.85553899e-01 -4.65271204e-01  6.79004379e-01
  1.13267956e-01  2.28544302e+00 -1.33528314e+00  3.19654076e-01
 -2.47591999e-01  1.32695892e+00  2.33592710e-01  5.32796782e-01
  1.30922084e+00  9.79416551e-01 -1.03817061e+00 -4.06708316e-01
  2.60153812e-01 -1.60759838e+00  2.34196313e-01  4.59952109e-01
  4.36547673e-03  8.80844938e-01 -6.79749354e-01  2.32717074e+00
 -2.78206049e+00 -1.40284998e+00 -2.13561013e+00  1.42638396e+00
 -1.44153613e+00  5.37380124e-01  1.00244339e+00  6.23162009e-01
  5.77240863e-01 -2.56266321e-01  4.48841532e-01 -5.12172323e-01
  1.94834626e+00  3.28623720e-01 -1.25644857e+00  3.14710724e-01
  1.32368799e+00 -1.56294925e+00 -3.45291222e-01  6.16596345e-01
 -1.12719930e+00  4.95486616e-01  1.97721780e+00 -8.39610397e-01
 -2.48009496e-01 -1.07331380e+00  1.34837697e-02 -3.52280490e-01
  6.37237241e-01  6.51800327e-01  1.18939734e+00  9.91658344e-02
  6.98542555e-01  1.47518078e+00  5.30007317e-01 -6.08796893e-01
 -6.93386450e-01  1.21736185e-01  3.44702802e-01 -2.81824836e-01
 -1.77390177e+00  8.13217595e-01 -1.18606465e+00 -8.34560376e-01
 -1.35015390e-01  3.52801470e-01 -6.97996169e-01 -6.78455005e-01
 -6.98853615e-01  3.91629995e-01  1.61307984e-01  1.06295416e+00
  1.61768393e+00 -4.90860727e-01  1.08568949e+00 -1.60178087e+00
 -5.97589958e-01 -1.04002444e+00 -4.14277497e-01  2.13203135e+00
  2.40311047e-01  1.23833833e-01 -2.48620709e-01 -1.00011893e+00
 -1.73533846e+00 -2.44324155e-01 -9.86079765e-01  9.64134076e-01
 -1.80760079e+00 -1.97661844e-02 -1.44524460e+00  8.18782830e-01
  1.14165285e+00  1.95719092e-01 -2.48165564e-02 -1.99974331e+00
  4.99865487e-01  7.65477414e-01 -1.05858127e+00 -9.64373178e-01
  2.15467283e-01  5.14588127e-01  6.97969565e-01 -3.71028827e-01
  3.17763102e-02  5.62477475e-01 -2.03335660e-01 -2.05651728e-01
 -5.93074815e-01 -2.43345487e-01 -1.70694996e+00 -1.35752970e+00
  8.04761169e-01  8.98785297e-01  7.25053666e-01  9.84905524e-01
 -1.50228417e+00  1.93643617e-01 -1.53145903e+00 -2.36043679e-01
 -1.97308909e-02  5.08025362e-03 -3.91765704e-01 -2.58803975e-01
 -7.83341250e-01 -2.39787024e-01 -3.23001253e-01  9.24234410e-02
  1.47852697e-02 -2.37234023e-01  1.38806289e+00  3.19711507e-02
 -5.86234451e-01 -1.80383400e-01 -1.55310116e+00 -1.11503748e+00
  3.92489277e-01  1.20979894e+00  6.22592192e-01  3.02334082e-01
  1.79122647e+00 -5.55414297e-01 -1.87416952e+00  7.48548971e-01
  3.79526521e-01  3.74324395e-01  7.01546673e-01  1.53237455e-01
 -1.16307387e+00  1.32831382e+00  2.06642745e-01  4.70813502e-01
  5.96145640e-02  3.08863775e-01 -6.12202532e-01  1.29596627e+00
 -2.11572348e+00 -1.80946450e+00  6.47465821e-01 -1.95148207e-01
 -2.47160087e-01  3.34207793e-01 -1.59208094e+00  7.57529789e-01
  9.33962429e-01  1.53931212e-01 -2.15187877e+00 -6.87743508e-01
 -1.33381560e+00  2.34866727e-01  2.05521249e+00  7.98664463e-01
  5.80062215e-01 -2.11714373e-01 -2.52256494e-01  8.14199975e-01
  5.40733126e-01  1.02844498e+00 -2.60344263e-01  1.14509997e+00
  5.20347058e-01 -1.82399790e-01 -6.23022714e-01  8.36684165e-01
  7.83181100e-01  1.11553658e+00  1.44431356e+00 -1.40158562e+00
  1.19113079e+00 -3.69045155e-01 -1.57146739e+00  1.73241731e+00
 -4.13791043e-01 -1.13865924e+00  7.42760551e-01 -6.13658679e-01
  1.52356940e+00 -1.50293995e-02  8.63700559e-01 -1.71074960e+00
 -2.54774080e-01  5.24192107e-01  4.37918272e-01 -4.22244609e-01
 -7.34318524e-01 -3.99033945e-01  1.50470704e+00 -5.43432271e-01
 -1.83020840e-01 -3.86096830e-01 -2.17043279e-01  2.23848676e+00
  3.80171100e-01 -1.86901476e+00  8.31042430e-01 -1.91596003e-02
 -1.49092665e+00  5.61943004e-01 -2.16643926e-01  1.05674939e+00
 -6.42492360e-01 -1.48448334e-01  3.56553484e-01  1.05886431e+00
  1.78461075e-01 -4.53784564e-01  1.88624963e+00  1.16526682e-01
 -4.96373124e-01 -7.13788423e-01  2.41298713e-01  1.42161660e+00
 -7.09950684e-01 -1.45274112e-02  1.19832339e+00 -2.20256393e-01
  2.77481759e-01 -8.36221210e-02 -8.97368584e-01 -2.25404662e-01
 -4.97898584e-01  1.36716768e+00 -1.19324835e+00 -1.86662250e-02
 -2.32842733e-01  1.63947034e+00 -8.05617901e-01  1.20975730e-01
  6.74272815e-01  1.00608680e+00  1.44326693e+00 -2.10106684e-01
 -4.05975596e-01  5.48295824e-01 -6.63671765e-01 -1.42712006e+00
 -5.18574472e-01 -4.70740087e-01  4.59002764e-01  1.31582665e+00
  5.36365203e-01  5.80943247e-01 -8.18830975e-01  1.16940039e+00
 -1.43850515e+00  1.00834605e+00  5.70002554e-01  9.92248094e-01
 -1.86305844e-01 -8.37153031e-02  3.98483380e-01 -6.57571020e-01
 -5.91121806e-01 -6.51836353e-01 -5.93479599e-02 -4.51769859e-01
 -5.37685456e-02 -1.13903709e-01  1.68223766e-01  1.51816856e+00
 -8.98222283e-01 -5.05359974e-03 -2.28872285e-01  8.26500370e-01
 -6.70212816e-02  3.02573192e-01 -1.20530256e+00  1.23277328e+00
  4.06087658e-01 -1.26013253e-01  3.93264225e-01 -1.46049734e-01
 -1.27486182e+00  1.89778723e-01  2.64569790e+00 -4.52649490e-01
 -1.84977042e+00  7.86270601e-03 -3.56036281e-01 -3.74629355e-01
 -1.40149148e+00  3.34638326e-01 -9.24081100e-01  3.22667731e-01
  3.81394106e-01  6.02270576e-01 -4.68526042e-01 -2.31213000e+00
 -1.11453691e-01 -2.55121449e-01 -6.76267632e-02 -1.41698367e+00
 -6.96894325e-01  1.32895411e+00  1.08247517e+00  1.49705452e-01
  1.52952327e+00 -7.14323208e-01 -7.30027781e-01  8.60444649e-01
 -5.93138038e-01 -1.32169111e+00 -1.04750129e+00  1.07318547e+00
  1.50519573e-01  6.31354177e-01  5.97287140e-02 -6.20100121e-01
 -3.56016884e+00 -4.46308597e-01 -3.65347708e-02 -1.05168939e+00
 -7.51835735e-01  2.34205811e-01  5.44795508e-01  7.09837508e-01
 -1.12117794e+00 -1.56396226e+00 -1.30289350e+00  1.18027086e+00
  1.40638868e-01 -5.87251492e-01  1.38973477e+00  7.74254829e-02
  7.35885562e-01  3.00540090e-01  6.21109552e-01  3.23808289e-01
 -6.88765801e-02  2.82738341e-01  7.79444414e-01 -2.45314331e-01
  6.59059380e-01  4.09230825e-01 -5.31479665e-01 -4.77160335e-01
  1.10268220e+00  8.60764042e-01 -1.63433920e-01  2.33731146e+00
 -3.11408497e-01  1.33258547e+00  9.59599160e-01 -7.49600032e-01
 -4.20852599e-01  5.06753007e-01 -1.32140939e+00  9.55779127e-01
 -1.56438658e-01 -2.71389926e-01 -9.10166100e-01 -2.27353780e-01
  2.52509675e-01 -3.78803577e-01 -1.67398437e+00 -6.45522202e-01
  3.78061229e-01  1.13401530e+00 -1.76850470e+00  1.52328295e+00
 -8.26025016e-01  1.71558471e+00  1.09610721e+00 -1.43738361e+00
 -5.37257723e-01 -1.05370840e-01 -3.77815321e-01  3.89414070e-01
 -9.33199503e-01 -4.85448300e-01  1.16460251e+00 -1.47305941e+00
 -1.19639504e+00  1.10816575e+00  1.05361031e+00  2.02355035e-01
  4.25460117e-01  1.04886315e+00 -5.72746283e-02  1.86177795e+00
 -8.63815126e-01 -2.98572982e-01  3.36276985e-01  4.24774124e-01
  5.67979921e-01 -1.46744006e+00 -5.94613770e-01  3.59701160e-01
  6.64246544e-01 -1.15998807e+00  2.14802975e-01  7.20443752e-01
  5.53961053e-01  9.50625353e-01 -6.10318031e-01  4.78202374e-01
 -4.92598397e-01  9.66471825e-01  4.95934145e-01  3.56612794e-02
  4.15802414e-01 -6.59573784e-01 -1.73183112e-01 -4.14777342e-01
  7.31603176e-01  8.78358581e-01 -7.85448012e-01  1.34747408e+00
  3.72249644e-01 -4.72849283e-01 -3.02621471e-01 -1.81022940e+00
 -6.47758338e-01 -1.03986382e-01  1.12815207e+00  5.06322560e-01
 -7.96411814e-01 -1.86041278e+00  9.46601968e-01  3.92092471e-02
 -1.32544128e-01 -2.89680518e-01  4.50159663e-01  8.82757099e-01
 -2.86312437e-01  6.17593869e-01  9.85057741e-02 -4.99297090e-01
 -3.82456040e-01  2.34132576e+00 -1.85106850e+00  2.08280827e+00
  1.42887452e+00  2.91721193e+00 -4.35114645e-01  7.96473231e-01
  6.34810758e-01  1.12699918e-01 -1.26832765e+00  1.30535327e-02
 -1.99292656e+00 -3.24440092e-01 -3.24759370e-01 -4.18162102e-01
  9.19930364e-01 -1.29013456e+00 -6.96967026e-01 -8.68806825e-01
  4.01919010e+00 -1.14847465e+00 -5.99559466e-01  1.50684683e+00
 -7.21608312e-01  3.53797446e-02  8.25246020e-01  7.88960760e-01
 -8.72037668e-01 -1.17762724e+00  3.22016839e-01 -1.82110036e+00
 -9.67288936e-01  1.62837984e+00  6.01431118e-01  4.33145987e-01
  1.04780513e+00 -2.11835482e-01 -1.43712496e+00 -8.97775008e-01
 -6.71739584e-01 -4.06170928e-02 -1.10439099e+00  2.31212690e+00
 -3.91784148e-01  8.73473178e-01  4.50410109e-01 -4.01042966e-01
  2.64358109e-01  4.16089246e-01  6.46826517e-01 -1.44953100e-01
 -4.49630397e-01  4.87987296e-01  8.18714522e-01 -1.44627662e+00
 -4.95684269e-01 -2.44583226e-02  3.96233859e-01 -2.92491726e-01
 -6.24468084e-01 -7.91133477e-01  1.21509353e+00  2.99485253e-01
 -2.53815084e-01 -4.47743564e-01  6.85500897e-01  1.15055258e+00
 -1.54028626e+00 -2.44915746e-01  9.79655245e-01 -4.65870056e-01
  1.05374941e+00 -4.66894083e-01  7.51326077e-01  8.65479162e-01
 -1.25390197e+00 -2.31808964e-01  7.88347021e-01 -8.31379100e-01
 -4.55854317e-01  1.85958179e+00 -1.00891216e+00 -7.29075716e-02
  3.13230929e-01  7.96359726e-01  4.77133919e-02  4.82563348e-01
  2.28250954e-01 -4.79836189e-01  1.43728218e+00  8.43763148e-01
  4.29862852e-01 -1.03773772e+00 -5.96754198e-01 -4.98693868e-01
 -1.34421260e-01  1.20497971e+00  1.63380343e+00  7.57390577e-02
  4.33415024e-01 -1.99496155e+00  9.56417799e-01  3.81748010e-01
 -6.57711272e-01  4.55196107e-01 -2.24301933e+00  1.03220664e-01
 -7.57141061e-01 -4.43708774e-01 -1.12735312e+00 -6.48994519e-01
 -1.18323282e-01 -4.13852383e-01 -1.76492913e+00  5.39089454e-01
 -1.23089232e+00  1.93176724e+00  1.17971461e-01  7.35470585e-01
  5.20510315e-01 -9.26391293e-01 -1.57609149e+00 -5.32508692e-01
  5.89664560e-01  2.86753483e-01  8.81728885e-01  4.98962225e-01
 -6.86023965e-01 -3.09549439e-01 -1.34435456e+00  1.72411441e+00
  1.89961328e-02 -1.92623238e-01  3.05132709e-01  9.83545103e-01
  7.76740058e-01  2.77036443e+00  2.56393811e-01 -1.68883532e+00
  1.40490548e+00 -7.70617425e-01 -1.13264738e-01  9.78386808e-01
  1.57361835e+00  7.45476822e-01  1.31874286e+00 -1.71001693e+00
  1.28209029e-01 -2.61458670e-01  1.58366653e-02 -6.54618951e-01
 -3.83788955e-01  5.24000214e-01  1.66876970e+00  1.21399991e-01
 -1.00013638e+00 -2.52187665e-01  4.52662698e-01 -1.40565360e+00
  1.10912579e+00 -1.46692930e+00 -4.45841937e-01 -5.38374361e-02
  1.77996009e-01 -1.13619568e+00  9.62574847e-01  5.44080538e-01
  6.32551799e-01 -3.43558260e-01  6.06545659e-01 -6.51887992e-01
  1.64994109e-01  2.79969605e-01  1.12367489e+00  1.04949493e+00
 -3.90716354e-01  1.39050992e+00  1.98830645e-02 -1.29486565e+00
  5.24383349e-01 -8.92639275e-01 -4.65262705e-02 -1.54655328e-01
  9.75764096e-01 -2.52807084e+00  2.20218144e+00  2.47835611e-01
  1.03036784e+00  2.70299027e-01  7.16689903e-01 -2.97811997e-03
  1.18258972e+00  7.41396566e-01 -7.45984081e-01  7.62480162e-01
  1.16890203e+00 -1.18376889e+00  3.04610494e-01 -1.15415903e-01
 -1.40699211e+00  7.98961607e-01 -1.51211403e+00 -1.90615689e+00
 -5.87865452e-01  8.08280364e-01  6.10273398e-01 -4.63624398e-01
 -1.31757994e-01 -3.57199582e-01 -5.44617388e-01  7.61767134e-01
  1.18532532e+00 -1.40887611e+00 -2.02733824e-01 -2.56382017e-01
  7.83804079e-01  2.51457978e-01  6.00188698e-01  1.96017061e+00
  9.85933348e-01 -1.77324768e-01 -1.71404095e-01 -2.22621496e-01
  8.13380070e-01  1.41730627e+00  2.51757870e+00 -1.68050275e-02
 -2.37443560e+00  3.31346734e-01  1.34415069e+00  5.06379810e-01
 -3.26194546e-01 -1.17052824e-01 -3.41194222e-02 -6.22438249e-01
 -8.54926532e-01  8.71550526e-01 -3.37452563e-01  1.09152345e+00
 -1.04482753e+00  1.05064872e+00  1.54680759e+00 -3.29904725e-01
 -1.27447353e+00 -1.06942079e+00 -4.59670390e-01  4.88130144e-01
 -2.90525291e-01  1.04428443e+00  1.56035357e-01 -7.58025417e-01
 -2.13117867e-01  1.12313141e+00 -1.05558098e+00  1.15886337e+00
 -8.21430240e-01  6.89709161e-01 -5.43373924e-01  7.39887323e-01
  1.46668200e+00  2.02521709e-01 -1.71212618e+00  9.75231391e-01
  2.04607533e+00 -6.14262031e-02  9.77587969e-01 -8.10918295e-01
  2.39567086e+00  2.67550455e-01  1.40309233e+00 -9.16723791e-02
 -1.85880935e+00 -6.25451514e-01  2.39754494e+00  1.01553079e-01
 -1.06715149e+00 -3.36833782e-01  7.06386008e-01  2.37837246e+00
  1.65511748e+00 -1.17189428e+00 -1.14300568e+00  9.45439518e-01
  2.32398902e-01  1.50935067e+00 -6.22438210e-01  4.24850782e-01
  1.91879177e+00  7.46877142e-02 -5.82981714e-01  1.73154067e+00
  1.07658775e-01 -1.18324322e+00 -4.75860282e-01 -1.06680915e+00
 -4.02879522e-01 -3.59783487e-01 -7.99323316e-01  7.86962768e-01
 -2.54163047e+00 -1.87992689e+00  9.12845647e-01  8.06810233e-01
  6.84702616e-01 -6.84862416e-01 -1.41379081e+00 -5.89946781e-01
  1.65855840e-01 -2.48273696e-01  5.80362131e-01 -4.55862020e-01
  4.24752819e-01 -1.14401885e+00 -3.22958137e-01  4.30095668e-01
 -7.29710473e-01 -5.40071926e-01 -1.12219795e+00 -2.97533915e-01
 -1.35431234e+00  1.00923337e+00  1.62910312e+00  1.10538808e+00
  1.71186283e+00 -4.82800080e-01  5.61933454e-01  5.09247616e-01
  2.73747633e-01 -1.95126388e+00 -9.32326037e-01  1.76770025e+00
  6.29115849e-01  7.77107188e-01 -5.52597383e-01  1.22044995e+00
  7.53014896e-01  7.01056793e-01 -1.02608604e+00 -2.75454197e-01
 -3.36749580e-02 -8.85532122e-02 -7.60665111e-01 -7.28574360e-01
 -2.08456511e+00  6.13723323e-03  1.33825859e-01 -1.91538275e+00
  3.48820436e-01  6.81023647e-01  3.46487519e-01 -2.06989896e+00
  4.23559211e-01  1.59587572e+00  2.50748506e+00 -1.32730403e-01
  6.32104750e-01  5.44394940e-01  6.59595202e-01  6.36252303e-01
 -3.13303194e-02  3.73898159e-01 -4.62168265e-01  1.42339312e+00
 -9.80115988e-01 -1.80847037e+00 -2.82780663e+00 -7.44372230e-01
  1.76634996e+00  1.01913012e-01  6.30058323e-01 -1.21065130e+00
  2.39997204e-01 -1.07435237e-01 -1.14151040e+00 -2.13440146e+00
 -1.76971603e+00  5.19093903e-01 -4.00892291e-01 -9.78709085e-01
  3.74596397e-01  9.09546224e-01  1.09977094e-01 -3.62959680e-01
  8.09886385e-03  3.27632852e+00 -4.86533154e-02  1.81735289e+00
  1.20760870e+00  4.02400222e-01  1.47866147e+00  3.88805006e-01
  1.60207040e+00  2.09025689e+00  9.64270117e-01  4.29074986e-01
  1.74552242e-01 -3.88309806e-01 -1.73204751e-01  1.21335708e+00
  7.60411790e-01 -1.10952446e+00 -4.56974548e-01 -1.23616329e-01
  7.52329124e-01  1.28387887e-01 -1.60051232e+00 -1.63261029e-01
  1.10289711e+00  1.47269648e+00  2.46153199e+00 -1.44702757e-01
  1.43996969e+00 -7.88471244e-01  4.11832817e-01 -1.15644481e+00
  4.39622113e-01  9.80293430e-01 -1.04988405e+00  1.18927289e+00
 -1.07746113e+00 -4.59544175e-01 -5.19760077e-01  4.98570425e-01
 -8.42701151e-01  5.56161017e-01 -3.93362083e-01  2.05460182e-01
 -2.63767993e-01  3.91072601e-01 -1.81381308e+00  1.04502407e+00
 -1.17166376e+00  4.61755632e-01 -1.98885300e+00  5.12866295e-01
  1.93793972e+00 -1.04119702e-01 -4.93933053e-01  6.15611116e-01
  1.54152433e+00 -7.30910374e-01  6.27344101e-01 -1.25116111e+00
  1.34966756e+00  1.52015925e+00  8.71414404e-01 -2.27631557e+00
  1.13581413e-01 -3.17925288e-01  1.28205376e+00 -1.38992642e-01
  1.14724353e-01 -2.79667771e-01  4.55569997e-01 -5.89671106e-01
 -8.47635754e-01 -1.33968426e-01  8.95953379e-02 -1.66811714e+00
 -9.30533037e-01 -2.19173289e-01  1.26606391e-01  8.06787133e-01
  1.46414439e+00 -7.68864748e-01 -9.79051835e-01 -1.20834247e-01
 -1.55278737e+00  2.07274581e+00 -2.41999878e-02  6.41496012e-01
 -1.55403540e-01  6.76670971e-01  1.28929828e+00  1.80341499e-01
 -5.29628215e-01  1.39154268e+00 -2.24914514e+00  4.50450243e-01