-6.53184152e-01 -2.57856809e-01 -1.14003451e+00 -7.55130761e-01
  5.26649539e-01  3.33093016e-01  1.16377899e+00  8.85480716e-01
  9.44037610e-01 -3.64839772e-01  1.91044940e-01  6.81873661e-01
 -2.30567994e-01 -5.21343117e-01 -1.05970142e+00 -5.48893864e-01
 -3.84538389e-01 -4.32595646e-01 -3.97291784e-01 -3.57262918e-01
 -4.13819300e-01 -7.98458093e-01 -3.87713018e-01 -5.19158257e-01
  1.54057023e+00 -5.47448865e-01 -1.21678592e+00  1.27860112e+00
 -2.15321457e+00 -1.99431528e+00  6.94381408e-01 -2.88134829e-01
 -1.01987491e+00  2.11241475e+00  3.08956390e-01  1.30885195e+00
 -1.21586924e+00 -1.53555644e+00  7.45103799e-01 -6.61792909e-01
  1.99383316e+00  1.24845008e+00 -6.45540667e-01 -3.52664398e-01
  2.32316412e-01  4.89503277e-01 -7.78850261e-01  5.92901503e-01
 -6.31126721e-01  6.80523455e-01 -1.52025798e+00 -2.03451776e-01
 -3.13873745e+00 -1.50842205e+00 -2.00186350e+00  1.04043836e+00
  2.71412077e-01 -1.43947367e+00  1.07348617e+00  3.66065657e-01
 -2.16575106e-01 -2.78474450e-01 -7.17284485e-01  4.78905279e-02
  1.60627657e+00 -4.22703641e-01 -5.80917869e-01  5.95955830e-01
  2.75476650e-01  2.80107619e+00  1.07507989e+00  5.81156436e-01
  1.74441069e-01  1.26985086e+00  1.39937228e+00 -5.11600203e-01
 -5.84996565e-01 -1.48924449e+00 -4.88055836e-01 -7.62599661e-01
 -1.93519394e+00 -1.08137686e+00  1.33482549e+00  9.99462221e-01
  3.49841129e-01  1.80183454e+00  7.32514332e-01 -8.86937622e-01
 -3.42030016e-01 -4.94430981e-02  5.15899964e-01  2.43780639e+00
 -1.68856100e+00 -4.90398310e-01 -4.02001770e-01 -4.04271375e-01
 -1.36170586e+00  1.43119103e-01  3.64621960e-01  1.19904393e+00
 -6.71329375e-01  6.53508050e-01 -8.30823154e-01  2.44713102e-01
  6.67863230e-01 -9.20567021e-02  1.57587592e-01 -5.15700341e-01
  3.43008639e-01 -1.56784411e+00  8.69615745e-02 -5.69027300e-01
  4.33355558e-01  7.58747998e-01  3.85761175e-01  5.90248534e-01
 -4.28762682e-01 -4.01003577e-01  1.00853420e-01  1.51651945e+00
 -5.43576135e-01  3.58126518e-01  6.14003340e-01 -1.10294112e+00
  8.83022523e-01  8.07115751e-01 -7.78735443e-01 -1.32238089e+00
  8.32783069e-01  1.04626282e-01  2.93003727e-01  4.68322727e-02
 -7.86533358e-01  1.92927572e+00  3.72657829e-01  2.13948049e+00
 -2.69132439e-01 -2.03470863e-01  1.86737909e+00  6.22359663e-01
 -9.16531215e-02  4.75369166e-01 -7.67792245e-01  6.77174898e-01
 -6.10104004e-01  1.19942143e+00  2.28935905e+00 -1.41597523e+00
  6.38573080e-01 -6.02273597e-01  1.33064162e+00  6.96174268e-01
 -1.11165158e+00  4.44039638e-01 -7.24359248e-01  1.62232846e-01
  3.63985084e-03  6.89450472e-01  1.05517785e+00 -1.16044497e+00
  2.14556504e+00 -1.09127661e+00 -1.97762201e+00 -2.49672251e-01
 -5.32754505e-02 -6.28154710e-01  6.65776622e-01  1.04452907e+00
  6.61531631e-01  3.12957731e-01 -5.44227954e-01 -1.31422679e+00
 -2.56672791e-01  1.71351663e+00  7.96188017e-02 -1.44789717e+00
  1.13770089e+00  7.91769730e-02  5.39989506e-01 -3.45098197e-01
  6.28177907e-01 -1.51684279e+00  3.17265502e-01  3.55715261e-01
 -1.35577014e+00 -1.37358925e+00  4.74708315e-01  1.60397233e+00
 -7.02514193e-01 -1.62154920e+00  1.51472099e+00 -8.35183450e-02
  5.40373649e-01  5.50648862e-01 -7.79711332e-02 -1.60546080e-01
  7.22053803e-01  9.10683755e-01 -1.12431160e+00  2.27734068e+00
 -6.70785679e-01  2.26592397e-01 -7.61198570e-02  8.21862171e-01
 -1.30524383e-01  9.10698523e-02 -1.20136764e+00  2.25349114e-01
  1.66454335e+00 -9.59644316e-01 -3.34350836e-01  2.19995913e+00
  4.74622845e-01 -7.30574878e-01 -1.10265304e+00 -1.22132093e+00
  5.01125808e-01 -7.18574126e-01  1.58203295e+00 -2.12470597e-01
 -3.26400187e-01 -7.88435841e-01 -4.92742327e-01  3.62617621e-01
  7.97121540e-01 -4.95630805e-01  2.67016289e-01  5.91659629e-01
  3.37355156e-01 -3.49574611e-01 -3.56835528e-01  1.03130839e+00
  1.74079234e+00 -2.49935094e+00 -4.96465497e-01 -6.66525557e-01
  1.21731807e+00 -5.10280764e-01 -6.16790852e-02 -3.96224620e-01
 -1.11859510e+00 -4.75175066e-01 -1.44425520e+00  1.13437415e-01
  1.48778897e+00 -5.35128483e-01 -1.15777781e-01 -9.34806530e-01
 -8.10273277e-01  7.47432617e-01  4.95765502e-01  1.27833175e+00
 -6.98304677e-01 -1.04438775e-01  2.79289176e-01  3.01204705e+00
  5.87500692e-01  1.68127371e+00  4.64745935e-01 -7.61344909e-01
 -1.22544429e-01  1.01125448e+00 -1.27883144e+00  6.70459051e-01
  6.28476968e-01  1.84669011e+00 -2.04461697e-01 -1.25560001e-01
  9.41101406e-01 -3.43317893e-01 -1.15034536e+00  1.74317214e+00
 -1.10736324e+00  8.03215399e-01  7.73994339e-01 -2.35991758e-01
 -3.81390997e-01 -1.08650719e+00  1.78213594e-01 -1.01896193e+00
  3.57847106e-02 -8.35907844e-02 -1.81657254e-01  1.28354810e-03
  1.80846358e+00  1.46962729e+00 -7.49901668e-01  3.53844838e-01
 -1.73584981e+00  7.13398435e-01  1.00319284e-01  5.34152005e-01
  1.41551023e+00 -3.70165442e-01 -1.33321326e-01 -5.69073382e-01
 -1.64737930e-02 -3.56017028e-01  3.82573284e-01  1.59826935e-01
 -6.33446802e-01 -4.06548773e-01  3.51767389e-01 -1.22358496e+00
  1.23866519e-01  1.12020989e+00  1.03581782e+00 -1.02808831e+00
 -1.63932613e+00 -8.07911582e-01  1.03916823e-01 -1.21692431e+00
  3.22223570e-01  1.06790966e-01  4.50076811e-01 -9.81366850e-02
 -1.72818490e+00  1.52296102e-01  5.82460889e-01  6.18232639e-01
 -7.93440888e-01  1.36826518e+00  2.45562454e-01  1.34661023e+00
  9.84740907e-01 -2.03405979e+00  8.66911388e-01  1.47557769e+00
  1.71815912e+00 -7.65932746e-03 -2.34964605e-01 -2.14293752e+00
 -1.18326217e+00  8.19392608e-02  1.74311895e+00  1.21947687e+00
 -1.66424759e+00  4.30005018e-01 -3.12675181e-01 -8.27679858e-01
 -8.57642042e-01 -1.81174649e+00 -5.29131113e-01 -6.73526023e-02
  6.61292599e-01 -6.23678119e-01  1.26654715e-01  1.05350907e+00
 -1.21647289e+00 -4.60920476e-01  1.00151217e+00 -9.96679578e-01
 -1.54043949e+00 -1.00933332e+00  6.58207744e-01  4.94912094e-01
  5.90018622e-01  7.19218076e-01 -5.81438595e-01 -2.84320722e-01
 -1.72843007e+00 -7.59140933e-01 -7.40171469e-01  6.31759096e-01
 -9.61555473e-02  5.38378297e-02  1.25756323e+00 -2.84133754e-01
 -1.06127116e-01 -2.39427176e-01  1.32925912e+00  4.66003648e-01
 -2.98861441e-01  5.30517538e-01 -8.96682243e-01 -9.86091904e-02
  8.58622406e-01 -1.37989274e+00 -1.24406210e+00 -5.28360803e-01
  1.45751166e+00 -6.39378600e-02  1.04140705e-02 -1.04161508e+00
 -5.60028270e-01  2.51462559e+00 -5.08015379e-01 -2.20378191e+00
  1.38124896e-01 -5.95043333e-04  2.26614099e-01 -1.31843424e-01
 -9.17690354e-01  3.09654897e-01  1.17158923e+00 -2.19964668e+00
 -7.97151443e-01 -4.75821733e-01  4.09188157e-01 -4.68097119e-01
  4.19799588e-01 -5.21310595e-01 -1.91929140e-01  5.26678899e-01
 -1.28028337e+00  3.42527563e-01  1.78966692e+00  1.21491900e+00
 -1.47441462e+00 -6.77569465e-01 -3.09646543e+00  2.65027496e+00
  5.86353484e-01  9.87003357e-01  1.11262423e+00 -3.41681760e-02
 -2.34496357e+00  1.01588834e+00  5.98035478e-01  9.62730132e-02
 -3.80398864e-01 -1.69088667e-01  1.11083429e+00  1.97113550e-01
  2.51930726e+00 -6.60902403e-01  9.02758561e-02  1.05626652e+00
  9.45006214e-01 -2.59519160e-01  2.05240018e+00 -8.81086029e-01
  1.17732059e+00 -4.10340358e-01  2.07000100e-01  4.03727383e-01
  5.69445941e-01  4.55440641e-01 -1.34477531e+00  2.78799720e-03
  1.74977740e+00  3.69651314e-01 -3.59357682e-01 -7.33992727e-01
  1.70188584e+00  1.60880590e+00  7.48504389e-01 -9.09258479e-03
  9.69564795e-01  9.82108652e-02  1.24631109e+00  6.64981698e-01
 -1.00268970e+00  1.40468332e+00  1.03500732e+00 -2.45645304e+00
  1.40611236e+00  1.39972372e+00 -1.27116676e+00  1.98529999e-01
 -3.45881958e-01  1.88119815e+00 -1.20779786e+00 -1.48474271e+00
 -7.86632436e-01 -1.15603144e-01  2.94021379e-01  3.21064264e-01
  7.93500606e-01 -1.22807784e+00 -1.93971195e-01  7.93993035e-01
  6.03395723e-02 -1.96395143e+00  1.48339050e+00  2.02458060e+00
  4.48502862e-02 -5.24251349e-01 -1.90184150e-01 -1.00177701e+00
 -1.67750553e-01  7.73528299e-01 -2.01713287e-01  1.43250365e+00
  2.89559679e-01 -7.30700570e-02  1.83531207e+00  1.63219920e+00
  1.98734216e-01 -1.50319453e-01  3.45943772e-01  1.18270458e+00
  1.75849485e-01  7.72106716e-01  1.08920349e+00 -6.52844593e-02
 -1.97322344e-01 -1.00922081e+00  1.23080956e+00 -4.86119880e-01
 -1.31320081e+00  1.40270880e+00 -1.80067269e+00 -7.98188532e-01
  4.43836183e-02  4.92893205e-01 -8.26862029e-01  2.32754459e-01
  1.02780942e-02 -7.17292813e-01 -3.57145691e-01 -5.39306177e-01
  2.65240125e-01 -1.40486808e-01  9.16680057e-01  1.44992344e+00
 -1.11118095e+00 -5.80059568e-01 -7.45299118e-01 -1.31677632e+00
 -2.54537812e-01  4.77707220e-01  2.16008411e-02 -1.48654637e+00
  1.18535663e+00 -4.39242416e-01  2.84604260e+00  4.66752497e-01
 -1.68411788e+00  6.52845451e-01 -4.79366333e-01  1.55514034e-01
 -7.16601081e-01  5.22531396e-01  1.00790193e+00 -1.34940554e-01
 -1.42664060e+00  1.40971180e+00  4.98917729e-01  1.60916617e+00
 -8.56904335e-01  1.38942475e+00  8.81859105e-02  2.11637551e-01
 -5.54784753e-01 -4.02760145e-01 -8.82193594e-01  3.37595520e-01
  1.30595079e+00  6.90298020e-01 -4.34573764e-01  5.42003248e-01
  1.43575882e+00  2.97303675e-01 -9.95431126e-01  9.55745154e-01
  4.13798553e-01  1.28488790e+00  8.32676307e-02  6.86123216e-01
  1.10189834e+00  1.81139526e-02  5.09482659e-01 -1.22141421e+00
 -1.47979370e+00  8.45319474e-01 -1.18556013e+00  4.14113976e-01
 -1.88770667e+00  7.67087524e-01 -6.43411480e-02  3.66646624e-01
  7.72308034e-01  5.42823761e-01  3.46304063e-01  3.03566043e-01
  1.57145860e+00  1.26468085e+00 -1.99941438e+00 -1.06076998e+00
  1.22112296e+00 -9.75945167e-01 -2.98120194e-01 -1.17273296e+00
  1.01469849e+00 -9.90917915e-01  7.63219267e-01  1.63224965e+00
 -1.26458632e+00  1.77641067e+00 -1.39261968e-01 -3.71680885e-01
 -2.90467575e-01  2.14669050e+00 -8.99549977e-01  1.10721214e+00
 -1.81768843e-01  1.84378164e+00  3.87450518e-02 -4.38497025e-01
 -2.56317384e-02  1.99130147e-01  9.89685260e-01 -4.86357235e-01
 -8.03293157e-01 -2.80593169e-01  9.12614660e-02 -1.03967623e+00
  3.36715478e-02  7.43504988e-01  6.15228622e-01  3.00863621e-01
  6.36318881e-02  8.93390659e-01 -4.24579517e-01  1.52579918e+00
  1.89140756e+00 -1.01692833e+00  1.01353623e-01 -1.66623254e+00
  6.94105445e-02  8.58111894e-01  7.80442460e-01 -2.73264953e-02
  3.85960898e-01  2.84320702e-01  7.06089668e-01 -7.69360504e-01
 -1.62238026e-02  1.17577332e+00  1.73174038e+00 -7.66579067e-01
 -1.41037261e+00  3.56179565e-01 -4.70949526e-01  1.78577454e+00
  9.15922367e-01  2.70035783e-01  7.19360923e-01 -6.33683870e-01
  3.74569326e-02 -2.03062715e+00 -1.84171055e+00 -1.44845596e+00
 -7.98266073e-01  2.84524079e-02  7.60071957e-01  1.27990000e+00
 -1.67957154e-01  6.29790469e-01 -1.69728965e-01 -1.60186344e-01
  6.54385961e-01  1.53953523e+00  9.10567587e-01  7.52972231e-01
  1.33626433e-01  1.68429346e-01 -1.33035771e+00  2.12825012e-01
  8.59674791e-01  6.32397096e-02 -3.30780471e-01 -1.07876549e+00
  1.04195353e+00 -1.12974091e+00  2.56673332e-01 -7.73263581e-01
 -1.56361309e+00  2.12070194e+00 -1.03637122e+00  1.25901305e+00
  4.12400984e-01  2.96853310e-01  2.11219794e-01 -4.04746129e-01
 -4.13444485e-01  1.24259698e+00 -4.96001353e-01 -4.05080014e-01
 -1.69410695e+00 -2.53310614e-01 -5.52999309e-01 -2.10713169e+00
 -7.96054431e-01  1.55265277e+00 -3.84289576e-01  1.75218876e+00
  4.06425130e-01 -1.45206982e+00  8.36360394e-02  1.22668106e+00
  1.29823638e-01  1.43000271e+00 -1.35391425e+00 -4.57125367e-01
 -8.04704662e-01 -5.12921295e-01 -4.35814870e-01 -2.41538872e+00
  2.51214768e+00  4.83382898e-01 -8.29994624e-02  8.72146122e-01
  1.15413326e+00  1.52299988e+00 -1.97836235e+00  6.82529749e-02
  1.49409879e-01  3.66987322e-01  3.37378388e-01  2.91434583e-01
  8.84988441e-02  4.98625124e-01  2.47678665e+00  6.76733636e-02
 -3.50151602e-01 -1.23107783e+00  1.77763242e-01  8.60346161e-01
  7.01962493e-01  7.33009739e-01  1.06183471e+00  1.08693772e+00
  2.63897444e-01 -1.03941333e-01 -1.04790563e+00 -7.02607980e-01
 -2.46646669e+00 -1.71568421e-01  8.57942508e-02 -1.58566864e+00
 -9.20899177e-03 -7.07923451e-01 -5.57644192e-01  7.87372415e-01
 -1.87037214e+00  8.15569076e-01 -8.55947694e-01  1.34284269e-01
 -2.24773561e+00  8.88103369e-01 -1.06502084e+00  3.01576400e-01
 -1.12113907e-03 -8.04759028e-01 -9.54421456e-01  8.47507580e-01
 -1.86876480e+00  6.80737757e-01 -2.71497971e+00 -1.53541446e+00
  4.86481510e-01  4.98780087e-01 -1.32764375e+00  9.46342342e-01
  1.52257918e-01  1.15500286e-01 -5.37888675e-01 -5.08593270e-01
  4.29791723e-01  1.21501894e-01 -1.60203294e+00  6.14306341e-02
  8.13148333e-01  1.26773025e+00 -2.36671211e-01  8.30753397e-01
 -3.12336589e-01 -6.62040337e-01 -1.01245688e+00 -4.05743640e-01
 -8.00584816e-01  7.39621011e-01 -5.05980870e-01 -3.94788129e-01
 -6.02197756e-01 -7.63304076e-01 -4.34110572e-01  5.91243680e-01
  2.59883287e+00 -2.61760623e-01  1.72688684e-01 -9.70042831e-01
 -2.27348314e+00 -5.90495535e-01 -3.58924605e-01  7.15580750e-01
  3.30454276e-01 -4.03394739e-01 -3.88363485e-01  7.78154808e-01
  2.98081583e-01 -6.85402937e-02 -1.76678590e+00 -2.41224334e-01
  1.42280465e+00 -4.13722353e-01 -8.50481021e-01 -9.07282518e-01
 -2.28035597e-01  1.30630487e+00  3.82012283e-01 -1.34905434e+00
  2.99887901e+00 -8.63994455e-01  4.61979217e-01  8.68932010e-01
  1.74389497e+00  8.60436931e-01  1.57493700e+00 -2.33026794e+00
  1.38720520e+00  1.48817303e+00 -5.50558764e-01 -5.35009122e-01
  6.24946864e-01 -5.03725979e-01 -1.06335931e-01 -1.40238293e+00
  1.28660885e+00 -1.06871781e+00  1.38321231e+00 -2.11286083e+00
 -4.54475992e-01  1.37204854e+00 -4.51516742e-01 -6.42543644e-01
 -4.67131271e-01 -2.21452540e+00  2.78807012e+00  5.47704697e-01
  5.47984536e-01 -4.09581409e-01 -1.13302425e+00 -4.32251354e-01
 -6.85868039e-01  9.10122763e-01 -1.15658340e+00 -2.48088383e-01
 -1.44287376e+00  3.68321349e-01 -1.17243533e+00 -8.72290392e-02
  1.87736519e+00 -1.29881790e+00 -3.47934731e-01  1.34713151e+00
 -1.89561452e-01  1.09790063e+00  8.98267580e-01 -1.02071715e+00
  1.32260289e+00 -3.47850994e-01 -5.56244723e-01  2.16094344e+00
 -8.27161204e-02  2.08112942e-02  4.03313076e-01  1.80670354e+00
 -1.58447054e+00 -2.09804213e-02 -4.60254643e-01 -1.18706156e-01
 -4.06482524e-01 -4.69058069e-01 -2.25672454e-02 -9.24824816e-01
 -4.50256650e-01 -5.60063095e-01  3.29066755e-01 -1.07268372e+00
 -1.45270782e+00  1.62732892e+00  8.90391782e-01  8.52453762e-01
  7.66050419e-01  1.33404645e-01  8.01635295e-01  1.33818697e+00
 -2.32144396e-01  1.23939078e-01 -6.98515882e-01 -1.22062894e+00
 -1.76633135e+00 -1.04641618e+00 -2.03907382e+00  1.06664825e+00
  1.42939796e+00  5.14330167e-01  4.26105305e-01 -1.26427276e+00
  1.21924546e+00  5.77820912e-01  2.89545176e-01  5.60346602e-02
  3.01449090e-01 -1.36734439e+00  8.31234462e-01 -4.89153655e-01
 -1.83211384e+00 -7.22612306e-01 -9.05767834e-02  8.06336457e-01
 -7.75396391e-02  1.70158594e+00  8.85968694e-01  1.33269443e+00
 -1.82440451e+00  9.81325997e-02  3.98847471e-01 -4.28301711e-01
 -5.39182540e-01  1.97845601e+00 -6.49751747e-01 -3.54487081e-02
  1.34554064e+00  5.78296516e-02  1.06853717e+00 -2.14622424e-01
  8.42440500e-01  2.71928872e-01  6.56502670e-01  1.33423792e-02
  1.16025611e+00  1.00135249e+00  2.66524421e-01 -8.71157450e-02
 -5.05832314e-01  4.24095355e-01  7.90168923e-01  1.80595569e+00
  2.23019510e+00 -1.54674125e-01 -6.64429387e-01 -6.62272364e-01
  3.86647224e-01 -2.32256104e+00 -9.15287880e-01  8.31333822e-01
  4.52874117e-01 -5.61565271e-02 -3.55031858e-01  1.86301213e+00
  1.09004027e-01  3.57423449e-01  1.49448488e+00  2.65614776e-01
  8.50615071e-01 -2.46597342e+00 -1.67429363e+00  5.17907891e-01
  8.79567714e-01 -8.08354993e-02 -2.37377626e+00  9.37630852e-01
 -1.20425519e-01 -5.59028844e-01 -1.59372873e+00 -7.01920629e-01
 -3.62958070e-01 -1.04620812e+00  1.12136202e+00 -3.02959013e-01
  1.58655321e+00 -1.62854643e+00 -3.53776999e-01  1.06201379e+00
 -8.79865863e-01  1.10533222e+00 -1.82696899e+00  7.50569872e-01
  9.23558155e-01 -1.01542151e-01 -8.92888620e-01  4.59009610e-01
  1.17136467e+00  5.57708351e-02  6.88681514e-01  3.29556340e-01
  2.00239309e-01 -6.68263644e-01 -6.22198489e-01 -1.07595372e+00
  6.15679512e-01  6.64602645e-01 -7.31446681e-01  9.66791605e-01
  1.48917891e-01 -1.14878853e-01  9.94494725e-01  4.49346274e-01
 -8.33568760e-01 -7.28561997e-01  3.36639517e-01 -1.95425526e+00
  1.28635916e-01  6.24612029e-01 -6.15204805e-01 -1.14383563e+00