-3.97376682e-01  1.50327417e-01 -4.22850200e-01 -5.07122129e-01
 -5.32352579e-01 -9.52412249e-01 -1.71284099e+00 -1.09458457e+00
  5.18860242e-01 -6.82801739e-01  9.37514759e-01  8.15428768e-01
  6.65707440e-01 -4.25592194e-01 -1.32240770e+00  2.92148189e-01
 -2.45618288e-02 -1.69196539e+00 -5.28826530e-01  4.63156285e-03
 -1.50153308e+00  3.28544125e-01  8.82557443e-01  3.22777641e-01
  2.39363877e+00 -4.69108547e-01  6.80812543e-01  1.11427242e+00
 -9.97899714e-02 -1.98773371e+00 -1.02572906e+00  1.67896565e+00
 -3.43178921e-01 -1.13406511e+00  2.40488279e-01  2.11125179e+00
 -2.55705602e+00  2.37024070e-01  8.34839946e-02 -1.69782027e-01
  8.15343599e-01  1.10096086e+00 -1.71893661e-01  1.55749740e+00
 -1.25614295e+00  9.32007111e-01 -9.18333081e-01 -1.17960806e-01
  8.10138219e-01 -6.72812944e-02  1.16275136e+00 -4.65419111e-01
 -5.62052336e-01 -5.05114576e-01  1.36960989e-01 -7.25235928e-01
  4.10637310e-01 -6.20040040e-01 -5.99553625e-01  4.61563459e-01
 -1.48422447e-01 -1.29143935e+00 -1.60064699e-03  3.63619851e-01
 -5.72017491e-01 -2.26059983e-01  4.86467283e-01 -1.27204251e+00
  3.70794849e-01  6.37676429e-01  4.92976711e-01 -7.28536140e-01
 -1.56618015e+00 -2.03192089e+00 -4.78656969e-01 -1.80056925e+00
 -1.08254592e+00 -3.36564687e-01 -3.74080195e-01  1.10189061e+00
 -7.95250610e-02 -5.49397931e-01 -4.76984782e-01 -4.30518324e-01
  1.29873846e+00 -4.60262439e-01  7.77962449e-01 -1.71128515e+00
  5.80397209e-01 -7.18622362e-01  1.97346373e+00  1.16996678e+00
 -1.89027913e+00  7.81683794e-01  1.17475243e+00  1.98049138e+00
  2.20726194e-02 -1.33258520e+00 -1.76370500e-01 -2.30090807e+00
  1.22787387e-01  4.74579900e-01 -1.51885858e+00 -4.11122714e-01
  9.40143179e-01  5.82755867e-01 -1.16726042e-02  9.05567559e-01
 -7.68819529e-01  1.91159010e+00  2.21949705e-01 -1.19108924e+00
  3.57565622e-01  1.01164149e-02 -3.66552158e-01 -4.35917950e-01
 -8.77871835e-02  4.71067598e-03 -1.98735939e+00 -1.08807870e+00
 -5.73878802e-01 -8.50486620e-01  6.33585513e-01 -8.02186112e-01
  2.35206583e-01 -8.51315579e-01  4.37297708e-01  6.86765790e-01
 -1.64789398e-01 -2.26751343e-01 -5.39026037e-01 -1.14672312e+00
  1.04725999e-01 -9.30035202e-01  6.78442587e-01  1.23920345e+00
  3.54006847e-02  1.58710867e+00 -1.34011442e+00 -1.80233575e+00
  1.05441400e+00 -3.32510190e-01 -2.22983616e-01  1.01287628e-01
  6.44335750e-01 -6.99111173e-01  3.27994848e-01  3.49058059e-01
 -3.29238650e-02 -5.94036192e-01  2.39542432e+00  4.29980575e-01
  5.76768842e-01  1.00864167e+00 -1.24798516e-01 -3.17320684e-01
  2.34143068e-01  7.02434806e-01  1.10948153e+00 -5.93438259e-01
 -5.49514128e-01 -4.32311965e-01 -7.83190474e-01 -1.06255317e+00
  5.96005256e-01 -7.57123965e-01 -5.38626089e-01  1.87740178e-01
 -3.83186120e-01 -5.27389300e-02 -2.05175447e+00 -9.32468127e-01
  9.87889472e-01  1.34251143e+00 -5.54414901e-01  1.13374265e+00
 -1.03615500e+00 -4.87340481e-01 -5.65987283e-01  1.78788115e+00
  8.51736978e-01  1.08066476e+00  1.27758881e+00  3.23324667e-01
  1.90763099e-01 -7.79638390e-01  1.29939003e+00  1.40519730e+00
 -3.92478910e-01 -1.61029700e+00  2.06118580e-01 -2.74378832e-01
  2.18271903e-01  6.11035806e-01  2.85220916e+00  1.01166655e+00
  4.37770247e-01  4.38998901e-01  1.33310711e+00  5.60302841e-01
 -8.07084280e-01  7.98472391e-01  1.31811954e-01  6.60453876e-01
  3.63125048e-01  1.32767783e+00 -3.45880663e-01 -1.58394522e+00
 -7.69865368e-01 -7.77381258e-01  3.48602457e-02 -7.59674698e-03
  8.17612439e-01  7.99502078e-01 -5.62697611e-01 -2.42966058e-01
 -9.18191047e-01 -1.71932572e+00  2.37934634e+00 -1.87480045e+00
  1.51431765e+00  6.68625362e-01 -1.92249915e-01  9.56190180e-01
 -1.54583390e+00 -1.64680857e+00  1.39717675e-01  1.18941780e-01
  6.01959183e-01 -4.75799107e-01 -1.34904686e+00 -3.73231494e-02
 -6.13924317e-01 -6.26052874e-01  1.56482983e-01  2.55939579e-01
  4.26759248e-01 -1.03065412e+00 -5.18254877e-01  4.06427168e-01
 -2.64417553e-01  3.48397379e-01 -4.13649766e-01 -6.21141995e-01
  5.21800987e-01  8.03385097e-01 -1.35809254e+00  1.15779596e+00
 -5.53432273e-01  8.94570308e-01  5.29563214e-01 -5.32582207e-01
 -9.02238355e-01 -1.51208823e+00  1.76243911e-01  5.72426093e-01
 -1.14606491e+00 -5.28326401e-01 -1.10688097e+00 -3.24912870e-02
 -1.06453462e-02 -1.70164484e-01 -9.83203447e-01  1.14917778e+00
 -1.60284417e-01  1.49273066e-02 -7.63054612e-01  1.44266213e-01
  2.89701026e-01 -1.51249057e+00  2.53983640e+00 -8.64686661e-01
 -4.60274259e-01  4.93408359e-01  2.63480874e+00  1.10245901e+00
 -6.06414891e-01 -1.28621621e+00  1.38800483e-01  4.75506811e-01
  1.30076874e+00  1.41034163e+00  1.42582768e+00  4.30579187e-01
  1.13037072e+00 -3.14620733e-01 -1.80916885e-01 -3.49005373e-01
  2.70583255e+00 -6.13123365e-01  4.78468086e-01 -2.46093939e-01
  6.60044566e-01  6.25819486e-01 -2.25661226e+00 -3.16303892e-01
  7.25811280e-01  1.38102515e+00  1.26259710e+00  1.16772394e+00
  2.15643960e+00  2.27581244e-01 -2.43017964e+00 -1.06273893e+00
 -1.23082993e+00  1.21606197e+00 -1.09904938e+00  7.12339584e-01
 -2.18923375e-01  1.09832060e+00 -6.77704050e-01 -1.55048996e+00
  3.07097461e-01  3.89722806e-01  2.35167397e+00  3.20956726e-01
  1.06159958e+00  4.45391331e-01  1.03364764e+00 -8.74387663e-02
 -1.91043660e-01 -5.93955631e-01  3.65594731e-01 -8.12660966e-02
  1.33430975e+00 -5.02020704e-01 -1.42253817e-01  1.51626594e+00
 -1.43032515e+00  9.02058414e-01  3.67774439e-01 -2.09201115e-02
 -4.64543552e-01  1.24298084e+00 -2.38813440e-01 -2.67047310e-01
 -3.95192356e-01 -4.01061521e-01  1.24273658e+00 -5.63610162e-01
 -1.06875082e+00 -1.37373238e-01  1.73887854e-01  4.78728597e-01
  7.59619835e-01  1.67377566e+00  1.35152311e+00  5.88526324e-01
  4.12515824e-01  1.86494261e-01 -8.73289577e-01  7.45289044e-02
  2.18447780e-01 -9.45308460e-02 -5.34661965e-01 -7.33176553e-01
  2.05875164e+00 -6.65919390e-01  9.02190540e-01 -2.39719862e+00
  5.32482000e-01 -1.29153537e-01  1.45562217e+00 -1.51742033e+00
  1.44877952e-01 -4.97015420e-01  9.40064127e-01 -1.19220191e-01
 -1.00348577e+00 -1.88302641e+00  3.71798078e-01 -1.02998108e+00
  1.68765256e+00  8.53859151e-02  9.46474579e-01 -7.60874099e-01
 -1.98059205e+00 -3.66444679e-01 -7.41302291e-01 -1.00696066e+00
  2.28703546e-02  8.96860057e-01 -1.16298502e+00  1.94191936e+00
 -5.10669545e-01  5.18830526e-01  1.28641612e+00 -1.29003458e+00
 -6.12557030e-01  1.14986429e-01 -6.94964533e-02 -2.88301826e-01
  2.43346177e-01  1.48376409e-01  1.26704445e+00  1.38230340e-01
  9.05323915e-01 -1.14141869e+00 -1.08330893e-01 -6.98854882e-01
 -4.76867239e-02  5.28735153e-01  1.06787408e+00  4.92290163e-01
  1.33136626e+00  1.52836198e-01 -5.24654594e-01 -4.34922378e-02
 -2.29826837e-01 -7.42857724e-02  8.52603297e-02  6.69033063e-01
 -7.16375979e-01  3.05930115e-01  1.92639810e-01 -7.24628008e-01
  8.24897482e-01 -1.47014033e+00 -4.10609689e-01  6.28136424e-01
 -1.23730640e+00 -1.43866143e+00 -1.37274552e+00  1.03234258e+00
  1.80543130e+00  5.08691526e-01 -1.51114740e+00  1.62427853e+00
 -1.48787691e+00  7.66909690e-01 -1.24519544e+00  2.96617532e-01
 -6.21458998e-01  4.99296384e-01 -8.79130781e-01 -1.85751597e+00
 -1.84535471e+00 -1.74266818e+00  2.23170495e-01  3.77274552e-01
 -8.64066557e-01  4.07283319e-02  6.00847470e-01 -1.24589992e+00
 -4.66388215e-01 -1.29332156e+00 -1.18850180e+00 -4.39402959e-01
  1.50266852e+00  2.69723102e-01 -2.11142037e-01 -1.43782076e+00
  9.59088325e-02  6.20837077e-01  1.33067900e+00  9.22517439e-01
 -5.45940175e-01  1.83284826e+00 -1.50249969e-01  7.19136218e-01
  1.33177412e-01  8.80961812e-01 -1.14565449e+00  1.72536939e-01
 -1.76096706e+00 -1.59418409e+00 -1.16572634e-03  1.10352096e+00
  1.69305642e+00 -6.72997339e-01  4.72073910e-01  1.34941931e+00
 -1.32660957e+00 -1.05888792e+00  1.32357067e+00 -1.21045591e+00
  6.62448353e-01 -4.70558620e-01  6.79204480e-01 -6.61112758e-01
  3.37660776e-02  4.35676634e-01 -1.10283354e+00  2.27846507e+00
 -1.17605707e+00 -2.90646633e-01 -1.08233449e-01  9.11574935e-02
 -8.19959379e-01  1.12752537e+00 -1.96562305e-01  2.59581259e+00
 -1.46528979e+00  5.08298761e-01 -1.48129658e+00  3.70012061e-01
 -4.27073536e-02 -1.74253115e+00  2.24241467e+00  1.03711373e+00
  2.32896818e-01  1.96531330e-02  1.56762889e+00 -5.92573614e-01
  7.35622287e-01 -4.16868955e-01 -5.55297670e-01 -7.14909402e-03
  6.92807354e-01  8.44481202e-01 -3.73813687e-01 -7.64723991e-01
 -6.88746152e-03  9.03786948e-01 -1.50048949e+00  1.87208083e-01
 -4.38250262e-01  3.08903918e-01  1.33536066e+00  2.90268191e-01
  1.62793984e+00  1.56187512e+00  5.87513951e-02 -2.71460386e+00
 -1.68902738e+00 -3.60064790e-01  5.54536359e-01  5.30510407e-01
 -6.26041998e-01  3.70003699e-02 -1.11816990e+00 -1.34715587e+00
 -7.72773921e-01 -7.97703529e-01  1.50520044e-01  1.28532742e+00
 -1.39624914e+00 -1.07247656e+00 -8.27908341e-01  6.53355419e-01
 -6.78933825e-01 -1.82672448e-01 -7.48717727e-01  1.23377572e-02
  1.92599174e+00 -1.62696690e+00  8.01837470e-01 -1.01864198e+00
 -1.36996293e+00 -2.15497277e+00  6.31010084e-01 -4.11806003e-01
  6.15161213e-01 -3.75137339e-01  1.19629425e+00  1.33851549e-01
 -8.86041115e-01 -1.65579079e-01  1.34900302e+00  1.10358497e+00
  4.88536799e-01 -1.48567495e+00  9.39638957e-01  3.84740722e-01
  1.38915687e+00 -9.50915955e-01  4.91859462e-01  6.23189196e-01
  2.45764216e+00 -2.27810077e+00 -6.91230508e-01 -1.42117452e+00
  1.14500809e+00  2.88075057e+00 -3.68566968e-01 -7.36368782e-01
 -1.49394438e-01 -2.56539879e-01  5.49096623e-01 -5.82430543e-01
  2.50160390e-01 -5.40855006e-01 -1.70472239e-01 -9.71225967e-01
  1.55792813e-01  4.07982461e-01 -1.09093608e+00  4.49006160e-01
 -6.71873495e-01  9.95993864e-01  9.26055927e-01  3.41799912e-01
 -1.09807484e+00 -5.17970658e-01  1.82068381e+00 -1.85548518e+00
  8.81661866e-01 -1.53318089e+00 -1.02741624e+00 -6.99735885e-01
 -8.39729193e-01  4.89253278e-01  4.98809704e-01  1.07704395e-01
  1.05677272e+00  9.52769654e-01 -1.72949296e-01 -3.81918099e-01
  1.74390727e+00  3.40758119e-01  3.75295840e-01  2.93656254e-01
 -3.98015974e-01 -9.33380908e-01  2.61120013e-01  1.55647168e+00
  2.18220856e+00  2.96966314e-02  8.03174537e-01 -3.19311486e-01
 -9.05621494e-01 -9.62126266e-01  5.72848583e-01 -8.37542784e-01
  1.04494862e-01 -1.72838542e+00 -9.80788245e-01 -3.17749536e-01
  2.75144776e+00  9.38967775e-01 -1.65874920e+00  4.15085324e-01
  6.58271482e-01  1.23830047e+00 -2.13601219e-01 -3.39800668e-01
 -2.85747890e+00  1.26333379e+00 -1.16585509e+00 -1.16390556e+00
 -1.64274772e-01  1.10316315e+00  8.53660723e-01 -2.83731453e-01
  1.09340494e+00 -1.87383603e+00 -3.08420044e-01  1.39574216e-01
 -6.09182520e-01  1.34978492e+00  1.74520912e+00 -3.91454105e-01
  7.83397466e-02  2.19580893e-01 -1.94313070e-02  7.18352110e-01
 -1.16058936e+00  7.09169810e-01 -7.68879188e-02 -7.59442615e-01
  1.42031273e-01 -1.62216757e-01  8.14682003e-01  8.47910108e-02
 -6.60893652e-01  7.40705571e-01  6.46119948e-01  1.48893895e+00
 -3.94276494e-02  1.05577358e-01 -2.63862716e-02 -1.12621335e+00
  2.45016122e-01 -2.54971486e-01 -3.13390335e-02 -1.41821394e+00
  1.01210509e+00 -4.03726368e-01  2.17607049e-01 -3.28240951e-01
 -1.18142308e-01 -2.27490756e-01 -6.85448700e-01 -1.21594675e+00
 -1.08975792e+00 -7.28254952e-01  1.22130288e+00  3.68078787e-01
  1.33110743e+00 -2.73941924e-02 -1.02521263e+00 -3.21331401e-01
  4.96696482e-01  7.52639303e-01 -1.21015832e+00  2.25231424e-01
  4.84682525e-01 -2.90103077e-01 -5.46612805e-01  2.17902437e-01
 -7.47446069e-01 -1.77085447e+00 -1.63465435e-01  2.13532661e-01
 -6.84192828e-01 -4.00710370e-01 -3.94450482e-02  1.10508773e+00
  1.01428851e+00  4.77754155e-01 -1.90564221e+00  1.00368395e+00
  1.40920670e+00 -1.35412828e+00  6.86573167e-01  2.54070101e-01
 -1.94223747e-01 -1.48737398e+00 -7.89590593e-01 -6.10508782e-01
 -1.54585649e+00  5.62017344e-01  1.05429293e+00  4.18804092e-01
  9.49499745e-01 -2.81078932e-01  1.91220423e+00 -6.61106052e-01
 -1.01746627e+00 -2.04356571e+00 -1.96242118e+00 -1.79860900e-01
  1.83263436e+00 -2.02266042e+00 -9.07010569e-02 -2.19069497e+00
 -5.72909099e-01  2.36701013e-01  1.88184545e-01  3.10558756e-01
 -7.07657712e-01 -2.39652914e-01 -2.34233335e-01 -2.96691079e-01
  9.26101158e-02  1.43535820e+00  6.67577443e-01  1.09973118e+00
  8.69214574e-01 -1.28042131e-01  1.37427043e+00 -1.59543529e+00
 -6.99784120e-01 -2.28654484e-01  9.51763856e-01 -7.45982577e-01
 -1.42206485e+00 -5.43954347e-01  1.96614200e-01 -6.60729739e-01
 -1.13644291e+00  1.64097565e+00 -3.57971134e-01  4.70942157e-01
 -5.45685533e-01 -2.44598088e+00  5.57904114e-01  1.20993912e-01
  2.00512942e-01  1.40006921e+00  9.65579512e-01  2.75388514e-01
  3.72870336e-01 -4.81298340e-01  2.13410309e-02  1.43409825e-01
  5.67581269e-01  1.86463450e+00  7.52445186e-02 -8.03736327e-01
 -8.40121230e-01 -7.39897847e-01  4.41492299e-01 -5.90372968e-01
 -6.64392189e-01 -4.72440634e-01 -1.87334843e+00 -7.35585319e-01
 -1.49616393e-02 -1.40279399e+00 -1.59864491e+00  1.30863309e+00
 -1.20912157e+00 -2.33720045e-01 -6.75780594e-01 -6.05088511e-01
  1.82145446e+00 -5.79926379e-01  2.51145966e-01 -2.86137810e-01
  2.27494108e+00 -2.16828485e+00 -4.90046102e-01  1.96574420e+00
  1.00857961e-02  5.79289115e-01 -2.36995165e+00  7.52555472e-01
 -6.79944612e-01  8.98937025e-01  5.80923895e-01  2.35227006e-01
 -7.88719775e-01 -8.15638508e-01 -3.92919451e-01  1.61026391e+00
 -1.41152593e+00 -5.89681269e-01 -7.64395112e-01 -2.13964646e-02
 -6.90835022e-02 -1.29891148e+00 -1.18008562e+00 -7.29998987e-02
  1.78902220e+00 -5.78792144e-01 -1.53387119e+00 -7.45451010e-01
  8.77626616e-01  4.02695782e-01 -1.26663585e+00 -1.74403094e+00
 -8.65441817e-01 -8.27180490e-01 -9.49917247e-01 -4.99961413e-01
  2.38263933e+00 -2.86602084e-01 -2.19323755e+00 -8.95388854e-01
  3.40920168e-01  2.51660232e+00 -1.48061493e-01  3.64477479e-01
  4.03241502e-01  4.88609182e-01  5.84916589e-01 -1.83722371e+00
  8.16875996e-02  5.23372010e-01 -1.85043868e+00 -2.18673711e+00
  3.29402904e-01 -1.83843393e+00 -1.47575895e+00 -2.63257264e-01
 -9.39888123e-01  1.15968921e+00 -5.41536231e-01  1.60989593e+00
  4.87079699e-01 -2.35875017e-01  8.87788510e-01  1.16464749e+00
  5.48903090e-01  9.56058379e-01  6.81797719e-01  1.10368336e+00
  4.64484516e-01  8.53654678e-03 -1.59780013e+00  5.03712088e-01
 -4.21728143e-01 -6.10461500e-01  9.06608059e-01 -2.25977079e-01
  1.14920014e+00 -1.15829089e+00  1.15794037e+00 -6.78297391e-01
 -1.06334987e+00  1.36479559e-01 -2.84802316e-01  3.77417606e-01
  1.19871481e+00 -1.01386537e+00 -3.08859042e-01  1.15846876e+00
  4.83442374e-01 -9.54594224e-01  9.49627254e-01  2.79679915e-01
 -2.12331328e-01  1.68706100e+00  1.04108796e+00  5.71718177e-01
  2.68154618e+00  8.59869246e-01 -1.41338569e+00 -3.36097767e-01
  9.64023008e-01 -2.29008187e-01  1.02246929e+00  9.22664568e-01
 -6.63358482e-01 -9.25235893e-01  3.19112751e-01  1.07109839e+00
  5.90077565e-01  1.10799973e+00  1.02579013e+00 -1.37023623e+00
 -1.01811245e+00 -2.11086076e-01 -2.13851709e-01  9.64693209e-01
 -2.41666259e-01  5.38952629e-01  2.79090956e+00 -4.96759166e-01
 -1.22484845e+00 -4.87263927e-01 -2.08211346e-01  7.05932753e-01
 -1.24741228e-01  1.42015928e+00 -8.19408988e-01  4.89332665e-01
 -8.50418092e-02 -1.49751914e+00  3.46395231e-01 -1.27767517e+00
 -7.38993762e-01 -4.86689216e-01 -4.92758276e-01 -2.57050136e-01
  1.52348906e-01 -1.08002825e-01 -1.42971389e+00  8.13568093e-01
 -6.01870714e-01 -2.56919050e-01 -6.05296408e-01  7.42526404e-01
 -1.66563944e-01  1.37594336e+00  6.75170495e-01  5.78375896e-02
 -8.29681432e-02 -7.17505666e-01 -1.89836489e+00  1.64383323e+00
  4.70179173e-02  8.04161300e-01  2.05050576e+00  1.02043094e+00
 -1.82641147e-01  1.60162210e-01 -4.43957098e-01  3.57278563e-01
 -1.40081785e+00  1.23206160e+00  2.08552177e-01 -2.90245330e+00
 -2.17134823e-01 -9.17856261e-01 -1.20360921e+00 -6.26666602e-01
 -9.70044492e-02 -5.68555635e-02  8.40489733e-02 -1.91557228e+00
  8.76390636e-03  9.89312564e-01 -4.96459300e-01  5.19602456e-02
  1.17990542e+00 -1.05893262e-01 -1.74508710e-03  1.72038366e+00
 -7.46616939e-02 -5.50933004e-01  6.22297834e-01  5.30017551e-01
 -1.46547281e+00  4.90415047e-01 -5.00911906e-01 -1.59905965e-01
 -1.04885058e+00 -5.27906065e-01  3.26155776e-01  2.28991185e-01
 -1.75781501e+00 -1.18406955e+00 -1.15571130e+00 -3.77270768e-01
 -2.68331678e-01  1.86774071e-01  5.61138717e-01 -6.66048290e-01