-2.10254590e-03 -1.44018747e+00  1.45712950e-01  6.67045835e-02
  7.42750803e-01 -2.65520209e-01 -5.54915483e-01  9.97255662e-01
 -1.26588552e+00  8.54943361e-01  2.50820315e-01  4.13777960e-01
  5.54407363e-01  1.69195309e+00  1.22156661e+00  1.41235173e-01
  1.66107647e+00  9.52906870e-01 -2.95647858e-01  1.54670994e+00
  3.46221830e-01 -3.98614875e-01 -7.34474977e-01 -3.86087848e-01
 -6.47020759e-01  5.09092536e-01 -4.01701878e-01 -1.07600377e+00
  1.37351908e-02  1.09165038e+00 -4.62510826e-01 -1.39292278e-01
 -5.06919353e-01 -1.95315029e+00  3.94810896e-01  1.11423152e-01
  1.85078689e+00  1.07343074e+00  1.48840519e+00  7.28049450e-01
 -2.41306649e-01 -4.94601604e-01 -2.15760315e-01  3.58707400e-01
  8.78980823e-01 -4.57387285e-01  1.45253201e+00 -1.41328233e+00
  1.88154095e+00  8.22403176e-01 -4.40551687e-01  7.00074095e-01
 -9.13566036e-01 -3.92192309e-01 -2.82100473e+00 -7.30922872e-01
 -3.12570473e-01 -1.07782838e+00  1.03065334e+00 -5.73082583e-01
  8.06124386e-01 -1.26494634e+00 -8.44609817e-01  1.12891832e+00
  8.75665301e-01 -4.85937822e-01 -8.15071154e-01 -1.36985047e+00
 -8.30428273e-01 -8.95880747e-01 -4.02196401e-01  9.03491178e-01
  1.91096923e+00  5.20107076e-01 -3.02857907e-01  3.31069932e-01
  5.86711531e-01  1.20773114e-02 -1.13350440e+00 -1.18742102e-01
 -6.60590654e-01  3.32024777e-01 -1.09893963e-03  5.90255345e-01
  1.44051759e+00  1.61702746e+00 -3.43864095e-01  9.70309707e-02
  1.58360118e-01 -3.21007218e-01 -3.39607884e-01 -1.53587350e+00
 -1.19329967e+00  3.96867592e-02 -4.95629479e-01  2.07247528e+00
 -1.19988177e+00 -1.10758446e+00  1.13116246e+00 -3.65816998e-01
  7.58721472e-01 -2.73575751e-01 -3.07332153e-01  8.93878764e-01
  3.30063293e-01  5.47669836e-01  1.32733823e-02  9.02212312e-01
 -9.85006281e-01  9.28429917e-01  2.14852003e+00  5.71003172e-01
 -1.84111087e+00 -3.84610904e-01  1.42048613e+00  1.39639031e+00
  1.87783038e+00  1.03203573e+00 -5.01420024e-01  5.91256802e-01
 -8.37876050e-01  4.66929825e-01  8.51041094e-01 -9.90836301e-01
 -1.06649490e-01 -4.84475395e-01 -1.11675398e+00 -1.18089509e+00
 -3.19190673e-01  6.82173838e-01  4.04127337e-01  1.69300583e+00
 -2.64753759e-01  1.50552173e-03 -1.71856429e-01 -2.94428495e+00
 -8.04976856e-01  9.91938297e-02  3.07986055e-01  2.56209825e+00
  6.87473959e-01  1.29788968e+00 -5.42739199e-01 -2.04070314e-01
  2.14570693e+00  7.00449853e-01  1.02364257e+00  8.75919489e-01
  1.99442185e-03  1.16916873e-01  5.31269821e-01 -2.24373568e+00
 -1.41663054e+00 -3.37278131e-01 -2.73781733e-01 -1.31221834e+00
 -2.72766806e-01 -4.23238643e-01 -1.75959118e-01  1.11351495e+00
  8.95563475e-01  1.18894647e+00 -6.21950740e-01 -5.54658647e-01
 -1.63241972e-01  2.77477283e-01 -3.67801594e-01 -7.78604548e-01
  5.54603582e-01  4.13073433e-01 -8.29502890e-01  5.46299827e-01
 -1.05938211e-01  6.90406425e-01  3.18983931e-01  1.32320654e+00
  9.68281325e-01 -1.18982691e-01  7.74967951e-01 -1.82596065e+00
  1.27502625e-01  1.16775670e+00  5.25889580e-01  1.35520677e+00
  1.13607807e+00 -5.83310190e-01 -1.10631629e+00  1.87579133e-01
  8.42771881e-01  1.50962205e+00 -1.50540080e-01 -1.42010750e-01
  8.18854481e-01 -2.35580722e+00  4.47035412e-01 -1.44217932e+00
  2.69696608e-02 -9.39129079e-01  1.02024503e+00 -1.77396662e-01
 -1.99517134e-01  9.14972476e-01 -5.73130254e-01  1.42167609e+00
  6.08813322e-02  3.27635265e-01  1.70670620e+00  9.64448791e-01
  1.11190412e-01  2.95847979e-02  1.46003342e-01 -8.63137697e-01
  5.15990910e-02 -2.84932218e-01  2.58577012e-01 -3.65655388e-01
 -2.49714320e-01  7.42695024e-02 -8.89900320e-01  4.96141658e-01
  1.06938054e+00  4.00981211e-01  1.64253669e+00  1.99641182e-01
  1.57472369e+00  2.26538806e-02 -4.18706411e-02  1.18111280e+00
  3.16004585e-01 -5.98360016e-01  8.28615194e-01  1.86182424e+00
 -3.29987308e-01  1.17651157e+00  1.05947430e+00 -1.28021708e+00
  2.81563993e-01  2.59013310e+00  1.63945783e+00 -9.72879516e-01
  8.61784646e-01  2.74235582e-01 -8.33433291e-02  1.67978954e+00
 -5.27993440e-01  5.72768506e-01 -9.83519305e-01 -1.83171077e+00
  1.52242099e+00 -2.47151019e-02  4.65892423e-01  9.38129947e-01
  1.45927675e+00  4.17280392e-01  5.43052184e-01  2.27603261e-01
  2.62713960e-01 -1.22935613e+00  2.73230761e-01  9.26895598e-01
  6.89517003e-01 -1.28899372e+00 -1.51964448e+00  2.79605900e-01
  5.71633093e-02  1.20893491e+00  6.87461943e-01 -3.42065828e-01
 -2.11309712e-01  2.58043728e-02  6.86199385e-01  7.40146294e-01
 -5.02230233e-02  1.09553264e+00  2.00357295e+00 -3.01004861e-01
 -5.94100896e-01 -6.06198597e-01 -1.40262801e+00 -6.64340996e-01
  3.30359992e-02  2.12186744e-01  6.61535412e-01  9.29424519e-01
 -3.44381292e-01  1.66920309e+00  7.78615238e-02 -7.85752011e-01
  4.27100530e-01 -6.49491199e-01 -1.53462240e-01 -1.02158451e+00
  4.98188489e-02  7.12394755e-01  2.12446252e-01  1.48068205e+00
  3.56343255e-01 -7.55280553e-01 -5.34011679e-01 -1.29800081e+00
  1.28446116e+00 -9.37703608e-01  3.15818296e-01 -1.16039802e+00
 -6.11294514e-01  3.77050118e-01 -1.61817198e+00 -1.93103599e-01
  9.39439764e-01  2.12741723e+00 -6.96615581e-01  6.13616917e-01
  3.95358580e-01  1.02342658e+00  1.13884453e+00  2.99525228e-01
 -1.31912951e-01  8.95467351e-01 -8.09364937e-02 -4.43935369e-01
  4.83765791e-01 -9.69283919e-01 -1.66862797e-01 -2.48436167e+00
 -2.70210831e-01 -4.68927089e-02  1.40424974e+00 -1.73114111e+00
  5.00204114e-01  5.09951695e-01  1.08773740e+00 -1.20527966e+00
  8.90927060e-01  5.61977741e-01 -6.40286980e-01  2.24618244e-01
 -2.29874610e+00 -7.80319181e-01 -8.07359530e-01 -1.37067615e+00
  3.41090716e-02 -1.21173486e+00  4.13060674e-01 -2.56111943e-01
  1.32092672e+00  1.43285993e+00 -9.90560299e-01 -1.79551214e+00
  1.10677773e-01 -1.03528778e+00 -5.56365337e-01  2.46655027e+00
 -2.04635491e-01 -5.38167959e-01 -1.53288767e+00 -2.66052227e-01
 -6.54440785e-02  1.07142456e+00  1.98583248e+00 -8.57176171e-02
  4.49961396e-01  1.92994580e-01  1.48374567e+00  3.64022709e-01
 -5.77945268e-01 -8.65327108e-02  3.97035188e-01  8.20848789e-01
 -5.95737007e-01 -2.67792036e-01 -1.57185753e+00  3.36250759e-01
  8.74316399e-01  1.85472721e+00 -2.23109888e-01  1.42444141e-01
  1.51996887e-01  6.90848231e-01  9.10991968e-01  4.82584699e-01
 -1.78520561e+00 -1.86664575e-01  1.05666965e+00 -1.21798843e-01
  6.33244281e-01  1.03993231e+00  1.42970584e-01 -8.65500262e-01
 -1.91414515e+00 -1.06452811e+00 -9.92911932e-01  1.52123564e+00
 -3.82155740e-01  1.70465854e+00 -1.87269882e-01 -5.05436709e-01
 -2.47077182e+00  1.77297180e+00 -1.26289775e+00 -4.11412097e-02
 -1.05713898e+00  6.11727785e-01  2.82698400e+00 -6.12696560e-01
  4.76918170e-02  1.17852134e+00  3.32745108e-01  7.50990809e-02
  2.41897238e+00 -1.15257985e+00  2.73752409e-01 -8.87311577e-01
  2.68267205e-01 -2.55271149e-01 -1.41443991e-01 -1.54703536e+00
 -2.73017865e-01  6.37440751e-01  2.40469809e+00 -7.10801005e-02
 -1.18951574e-01  2.80493642e-01 -2.22094774e+00 -5.77942962e-01
 -1.41133755e+00 -1.01145659e+00  3.63195270e-01  8.52043575e-01
  6.40581565e-03 -1.12578076e+00  8.32411518e-01  3.12120804e-01
  1.20407305e+00 -1.04444394e+00 -7.20665911e-02 -6.06280123e-01
  1.76305888e+00  3.50715608e-02 -9.42128564e-01  4.20939952e-01
  7.04837641e-01 -8.38390009e-01  2.75953293e-01  7.22278114e-01
  1.86880551e-01  2.46097797e-01 -1.10207094e+00  1.30494837e+00
  7.57251631e-01 -9.39618175e-01  1.69089153e+00 -7.79588893e-02
  9.50398840e-02 -5.68908997e-01 -1.31760873e-01 -7.88502403e-01
  1.32883388e+00  7.81999492e-01  1.03566088e+00 -6.02290210e-01
  1.32287837e+00  2.27899148e+00 -6.73186466e-01  1.29875666e+00
 -6.92280933e-01  4.71274504e-01  2.62894157e-01 -9.48621507e-02
 -1.75360301e+00 -1.25123865e-01 -1.38738134e+00  3.38102912e-01
  1.39405347e+00  1.14469530e-01 -1.73610161e+00  8.48482542e-01
 -4.49925718e-01 -9.51278149e-01 -2.08585262e+00 -1.77987474e+00
 -9.83727025e-02  1.89177180e+00  2.85242909e-01  2.58985599e-01
  8.43105440e-01 -6.58178862e-01 -6.01093464e-01  2.03679557e-01
  7.12992088e-01 -9.33385184e-03 -4.65266301e-01 -7.73389340e-01
 -1.74870941e+00  7.04798399e-02  7.81105894e-01 -1.15634913e+00
  2.67099153e-01 -1.00885230e+00  1.49506587e-01  4.69717602e-01
 -7.03099368e-01  1.02029778e+00  3.49592308e-01 -1.44404737e-01
 -5.88997257e-01  1.07847509e+00 -9.10883373e-01 -2.04229289e+00
 -1.32278401e+00 -2.01766607e+00 -8.86500691e-01 -5.89870829e-01
 -1.84536658e+00 -1.41767234e+00  4.09307930e-01  2.78181887e+00
  6.24767293e-02 -6.78263879e-02 -1.65289462e-01 -4.18740005e-01
 -6.32399877e-01 -1.36835732e+00  4.29920899e-01  1.51321380e-01
 -1.50676084e+00  1.23354450e-01  1.42028446e-01 -5.99153267e-01
  2.95429664e-01  4.40926494e-01  1.51533458e+00  6.66572002e-01
  1.26752820e+00 -8.38708569e-01  9.51222021e-01 -1.11274861e+00
 -3.08761400e-01  5.30986883e-01 -1.75623863e+00 -8.67991746e-01
 -4.69929850e-01 -3.85366363e-01 -1.55559362e+00 -2.14419958e-01
 -4.24982561e-01  6.08619768e-01 -1.27950570e+00 -5.79563843e-02
 -5.15921126e-01 -4.50901811e-02 -9.57271299e-01 -1.42097337e+00
 -1.64649344e+00 -7.10415862e-01  8.62480009e-03 -1.37488471e+00
  1.80117102e+00 -6.04611800e-02  2.59016541e-01  1.82460129e-01
 -1.14256693e+00  1.47134327e-01  1.16303970e+00  3.06231019e-01
  7.62591748e-01 -2.86816773e-01 -1.44639420e+00  3.83504746e-01
  8.25195694e-01  1.46926112e+00 -2.92572700e-01 -1.47092361e+00
 -1.47746577e+00  9.23220081e-01 -1.50138221e+00  2.83688104e-01
 -4.01983239e-01 -7.99876135e-01  1.18674205e+00  8.26647127e-01
 -3.09261715e-01  1.72703501e-01 -1.20929718e+00  6.10637411e-01
  2.25729696e-01  9.68604979e-01 -4.90033194e-01 -1.54646894e-01
  1.06583243e+00  3.88135524e-01 -2.78746485e-01  1.34729957e-01
 -3.01294691e+00  4.02798558e-01  1.86504131e-01 -1.02028171e+00
  5.28145962e-01 -3.93759035e-01  5.32426918e-01  1.93907209e-01
 -9.85796603e-01 -6.36806653e-01  2.97463403e-01  3.96988688e-01
 -9.28961715e-01 -1.48299718e+00  7.84292822e-01 -1.21882389e-01
 -6.70462711e-01  3.39704445e-01  5.03661733e-01  1.51340247e+00
  1.42841270e+00  9.01550560e-01  1.12707231e+00 -2.66248327e-01
  3.17839647e+00  1.84308736e-01  5.74073866e-02 -2.25613804e+00
  8.91155898e-01 -8.91719743e-01 -2.03917750e+00 -7.62634821e-02
 -1.03405220e+00  5.32063615e-01 -1.21009851e-01  1.18678839e+00
  1.49325114e+00  7.18755364e-01  7.81875310e-01 -2.79195093e-01
 -3.57721830e-01  2.14344473e+00  5.00166586e-01  4.48018374e-01
  1.06904819e+00 -6.33338034e-01  6.06877044e-01  8.63504676e-01
  8.29333947e-01  2.55815049e+00  7.10490213e-01  2.92816258e+00
 -1.44157091e+00  7.85622096e-01  2.81084577e+00  1.00120979e+00
  6.76356309e-01 -1.94023763e-01  5.75132489e-02  8.83206698e-01
  5.23261813e-01  3.40410499e-01 -1.12804236e+00  3.10363002e-01
  1.33256594e+00 -1.03597471e+00  5.20487966e-01 -4.19469929e-01
  5.87304219e-01  9.28240873e-01 -4.45880570e-02 -9.26539997e-01
  1.19680104e-01  1.24506442e+00 -1.41318416e+00  8.66940999e-01
 -1.46573860e+00  2.58994740e-01  1.89723897e-01  2.59701660e-01
 -7.99595370e-01 -4.71884362e-01 -8.07035117e-01 -4.46684449e-01
 -1.37181239e+00 -1.37957057e+00 -3.21076599e-02 -1.44760133e+00
 -9.07748421e-01 -2.44514573e-01  8.06028860e-01 -8.09118659e-01
  1.06251575e+00 -2.24700704e-01 -2.32717065e-01  6.61849645e-01
 -1.95051913e+00 -9.89777958e-01 -1.15377504e+00 -8.81197163e-01
 -6.43006608e-02  1.56012592e+00 -1.12777436e+00  3.94738791e-01
 -7.66324153e-02  8.40688200e-01  8.14382899e-01  9.39258785e-01
 -7.17859288e-01  4.44123747e-01  9.10699455e-01  1.30682608e+00
 -8.15373286e-01 -1.38626039e+00  2.71523561e+00  6.10792634e-01
 -3.13453081e-01  1.12557208e+00 -1.55474360e-01 -7.80589024e-01
 -6.13184101e-01 -1.40330048e+00  8.27010928e-01 -1.22095964e+00
  7.81386046e-02  9.68406063e-02  3.75831113e-01 -1.87050674e+00
  4.61792100e-01 -2.94865014e-01  3.51402208e-03  2.12578261e+00
 -1.47614797e+00 -3.26788689e-01  4.85984609e-01 -9.69748371e-01
  1.20890568e+00 -1.17891903e+00 -1.39060135e+00 -4.16525499e-01
 -1.43023118e+00  6.13973736e-01 -1.21471806e+00 -3.40518578e-01
 -6.76700782e-01  3.53240862e-01  1.38587706e+00  2.11000948e-01
  1.10885689e-01  2.96292656e-01  1.73634841e+00  3.42055925e-01
 -9.15657017e-01  7.80795064e-01  3.67606861e-01 -2.01348501e+00
  3.57518582e-01  8.81145357e-01 -1.33127565e-01 -7.94941399e-01
 -9.47353046e-01  1.97115327e+00 -1.24123129e+00  3.38252311e-01
  4.07786612e-01 -1.31580045e+00  3.82465742e-01  3.25682328e-01
 -1.75019806e+00 -2.78530709e-01 -5.91755041e-01  5.64777519e-01
  5.80602362e-01 -7.69624811e-01 -8.69080806e-01  2.60807914e+00
  2.06320299e+00  4.98650746e-01  1.25321138e-01 -2.41750178e+00
  1.19097416e-02  6.52079992e-01  7.93875105e-02 -3.89925644e-01
 -1.70168322e-01 -9.34395848e-01  8.15942589e-01 -8.68185736e-01
  1.92007297e+00 -1.54129569e-01  2.12672206e+00 -7.34079345e-01
 -1.01376744e+00 -1.03576528e+00 -3.00642810e-01  1.31729122e+00
 -1.43842298e+00 -8.92575533e-01 -3.16146417e-01  1.67285100e+00
  1.37392593e+00  1.14276289e+00  7.98442599e-01 -1.78557247e-01
 -4.78264958e-01  4.52540509e-01 -5.51807306e-02  7.21260174e-02
 -4.90536445e-01  7.64171316e-01  3.06630809e+00 -4.62808811e-01
 -7.67159856e-01  9.53225599e-01 -1.50546895e-01  7.56069487e-01
  8.25169106e-01  3.21775499e-02 -3.59041051e-01 -7.81018966e-01
 -1.54965460e+00  2.08824205e+00 -1.09102665e+00 -2.36278205e+00
  7.48531964e-01  2.24641689e-01  1.15397517e-02 -8.59795712e-02
  6.31374583e-01 -7.94356384e-01 -2.54714282e-01  1.06485267e-01
  5.77277834e-01  4.02201114e-01  8.76255568e-01  1.73486932e-01
 -3.21623365e-01  6.26550007e-01 -1.44280882e-01  7.36565106e-01
  9.69692702e-01  5.28144916e-01  1.24056228e+00  5.48526421e-01
  7.79100787e-01  1.50457719e-02  1.43551461e+00  1.33162297e-01
 -1.58403480e+00 -4.06669798e-01  9.36709071e-01  1.03456868e+00
  3.01518159e-01 -2.25507914e-01 -1.01195800e+00 -2.28221427e+00
  2.44653404e-02 -1.29995793e+00 -9.56672839e-01  3.16777111e-01
 -4.71438951e-01  4.18034321e-01  1.35384287e+00 -3.95188206e-02
 -1.17270563e+00  2.33244618e-01  2.89714931e+00  1.75525154e-01
  7.50596429e-01  2.95414958e+00  1.05004520e+00 -4.72988215e-02
 -9.97070548e-01 -6.70336584e-01 -3.22207438e-01 -1.29063530e-02
 -1.05690530e+00  3.70687517e-01  6.99065000e-01  1.15040794e+00
  1.89164288e-01 -4.99896184e-01 -9.64461266e-01 -1.32499693e-01
  4.85252997e-01  1.03121438e+00  4.86369943e-01  1.89882034e-01
 -4.14529165e-03  9.97422644e-01 -6.19207551e-01 -1.17809513e-01
 -7.46914164e-01 -1.30326253e-01 -1.46994184e+00 -4.70362112e-01
  6.12683166e-01 -1.64122418e+00 -2.08719264e-01  5.54301394e-02
  1.38194971e+00 -1.17069289e+00  1.75152004e+00  7.81868467e-01
 -5.71757625e-01  4.25909799e-01 -1.62714503e+00 -8.89354700e-01
 -1.75812435e+00 -1.82225875e+00 -8.71628133e-02  1.32292759e-01
 -5.17330567e-01  8.18536255e-01 -6.87868402e-01  1.27242937e+00
  2.98389291e+00  4.58952337e-01 -5.95938334e-01 -9.08689864e-01
  3.33940654e-01 -3.94961926e-01 -6.72350542e-01  1.17553671e+00
  1.34848755e+00  9.48635686e-01 -8.17353661e-01  4.31152670e-02
  3.65166088e-01 -1.41826121e+00 -1.91283477e+00 -5.00755977e-01
 -6.22268759e-01 -5.20805457e-01 -1.88787166e+00  4.80281922e-02
 -2.02754994e+00 -8.31684193e-01 -1.54272338e-01  8.05815488e-01
 -2.01846117e+00 -5.30335031e-01 -8.85707955e-01 -1.62558308e-01
 -8.74688612e-02  4.82188570e-01  2.50352167e+00 -7.68211333e-02
  3.89809745e-01 -1.32749133e+00  2.04377499e+00 -5.69511358e-01
 -3.40785355e-01  6.54953566e-01 -1.24213436e+00  1.45579661e+00
  1.20411897e-01 -2.03373617e+00 -1.38012628e+00 -4.47531778e-01
 -4.30258482e-01 -3.52687175e-01 -5.07410761e-01  4.54152979e-01
  2.38018071e+00 -4.20049346e-02  5.86181558e-01 -3.31908682e-01
  1.08019173e+00 -1.28159164e+00  1.72956068e+00 -3.51438257e-01
 -9.45056900e-02 -6.35228377e-01 -1.01652362e+00 -1.23333766e+00
 -8.20082723e-01 -7.51648691e-01 -9.75903794e-01  1.17849652e+00
 -6.71844151e-01 -6.38257918e-01 -1.41871344e+00  7.96370870e-01
  1.60151514e+00 -8.00559682e-03 -5.22787143e-01  5.34906610e-01
  1.75359986e+00 -6.40454739e-01  7.54496782e-01 -2.59688547e+00
  1.54608723e+00  1.36904966e-01  7.12019589e-01  3.29011902e-01
  3.40758757e-01 -6.08999925e-01  7.34860628e-01  9.48772055e-01
 -6.29730819e-01 -3.69846732e-01 -1.82686031e+00  2.79843233e-01
  9.64280357e-01 -4.75027128e-01 -4.67987784e-01  1.09400376e+00