-2.99829238e-02 -1.42711827e+00  7.37507815e-01 -1.11682280e+00
  1.40790453e-01 -8.14397769e-01 -1.55720706e+00  6.24508869e-01
  1.06009315e+00 -1.39624595e+00  4.67236124e-01  1.22047088e+00
  1.65576833e-01 -1.08440569e+00  1.17256076e+00 -3.89637464e-02
  1.95045970e-01  2.29541630e-01 -2.97754714e-01  1.40843982e+00
  3.46187065e-01  5.93955212e-01 -7.08752904e-01  8.77188659e-01
  1.32104812e-01 -7.37488198e-01 -7.27761522e-01  1.32494351e+00
  1.15492644e+00 -1.93366173e-01 -1.08765245e+00  1.35056780e-01
 -1.07892621e+00  3.65937433e-01  5.52468013e-01 -5.45281981e-01
  1.58885393e+00 -1.11393020e+00 -8.83437564e-01 -6.78987010e-01
 -1.29953992e-01 -8.16042964e-01  6.78200829e-02  4.30452272e-01
  2.19657002e-01  1.56498131e+00 -2.91269777e-01  6.22317303e-01
  2.48088915e+00 -3.75545735e-01  2.92305216e-01  4.07480486e-01
 -1.21813941e+00 -8.25830994e-01  1.71781235e+00  5.89367690e-01
  2.73735567e+00  4.23728902e-01 -8.70454626e-01 -5.14763678e-01
  1.30058984e+00 -1.26501350e+00 -4.68394698e-01  2.35809333e-01
 -7.02684318e-01 -5.22273406e-01 -6.46115312e-01 -1.10449899e+00
 -6.11438516e-01 -1.26961898e+00  2.15619578e+00  7.67462211e-01
 -1.16236546e-01  5.45981602e-01  2.27281528e+00  1.58796062e+00
  3.55061001e-01  1.09586151e+00  5.60760274e-01  4.13291842e-01
  1.10906553e+00 -1.20461334e-01  1.21103212e+00 -7.36529016e-01
  1.47495298e+00 -1.24043251e+00 -1.00782137e+00  9.42877433e-01
 -1.25432935e+00 -1.92966010e+00  5.35928682e-01  8.90567840e-01
  8.11060061e-01  7.28812747e-01 -4.51977554e-01  9.29493924e-01
  4.19627110e-01 -3.04312456e-01  1.93196732e+00  5.04208130e-02
 -1.09521539e+00  1.61587227e+00 -1.19283363e+00 -8.87463894e-01
  1.21868381e+00  6.08775083e-01 -1.60276738e+00 -5.95487098e-01
 -1.11243228e+00 -2.46239558e+00  2.29347218e+00 -2.57778007e-01
 -1.20238041e+00 -2.47641434e-01  1.12593214e+00  1.25476038e+00
 -4.00031149e-01 -1.56506727e+00 -1.13273591e-01 -3.12017150e-01
  4.42423566e-01 -5.10629171e-01 -1.69333901e-01 -1.68810775e+00
  1.97046051e-01 -1.25814734e-01  1.46717784e-01  1.48429063e+00
  8.51250857e-02 -9.37025798e-01  9.56724037e-01 -1.78752821e+00
 -4.75873337e-01 -1.37811949e+00  6.08023431e-01 -6.24449403e-01
 -8.85291437e-01 -2.41574658e-01  2.29849517e+00  1.57753750e+00
  9.76414687e-01 -2.17073065e+00  8.43608378e-01 -8.06635543e-01
 -1.31792716e+00  8.26767992e-01 -8.50021249e-01  6.69662117e-01
  1.81341189e+00  1.17230780e+00 -1.25479462e+00 -7.22282003e-01
 -8.27481170e-01  1.81963898e-01 -5.73467427e-01 -1.71335323e+00
  6.63974664e-01  2.56517815e-02  2.37212898e-01 -1.92632905e+00
 -1.53669743e+00  5.09900433e-01 -7.65759989e-01  4.19693147e-01
 -4.17703330e-01  2.47616512e+00  4.25709214e-01  4.80602849e-01
  1.08793121e+00  1.25537606e-01 -2.02013445e+00  1.48617856e+00
 -4.83774367e-01  3.74165329e-01  4.39145457e-01 -1.52608408e+00
  1.05829012e+00  1.05750702e+00 -3.78222936e-01 -7.50483876e-01
  9.16096043e-01 -7.77329904e-01  1.33425271e-01  1.74725482e+00
 -1.02094550e+00 -1.02411726e+00 -1.42308935e+00 -1.50292598e-01
  2.25720107e-01  3.39859706e-01  7.11971305e-01  1.83018145e+00
  7.20570851e-01  2.48450302e+00  3.21474064e-01  4.94879766e-01
 -6.29412489e-01  1.83087597e-01  4.81553819e-01 -1.14450957e+00
  2.08682172e-01  7.23377327e-01 -3.91507953e-01  8.23458657e-01
 -1.68777920e-01  9.26762522e-01  1.50795658e+00 -2.01826982e+00
  6.01729664e-01 -1.99551599e-01 -1.25484630e+00  7.58625989e-01
 -4.11709916e-01 -2.03478407e-01 -2.30533998e+00  9.51234420e-01
  1.51505471e-01 -3.92111951e-01 -5.06057127e-01  8.19385472e-01
 -4.09010714e-01 -4.73209478e-01  7.19650235e-02  1.52171182e+00
 -2.59553995e+00  7.82380652e-01  6.19843273e-01  2.04031916e-01
 -1.89614459e+00  6.31071044e-01  1.74897414e-02 -1.55176643e-01
  1.65072687e-01  1.04910215e+00 -1.72839810e-02 -1.01225363e+00
 -6.83503252e-01 -8.59873768e-01 -5.76461235e-01 -1.11627153e+00
  1.80098942e+00 -2.95123160e-01 -2.08709864e+00  6.96401828e-01
 -9.07743484e-01  1.37358381e+00  7.72144612e-01  4.20847229e-01
  2.74255677e-01  1.11696119e+00  5.00195562e-01  1.13564918e+00
 -8.04928805e-01 -1.39115199e+00 -9.48412563e-01  2.24328889e-01
 -1.38425272e+00 -1.17581655e+00 -9.53346481e-01 -2.14254909e-01
 -1.11422844e+00 -6.06326329e-01  1.08430945e+00 -1.54670166e+00
 -2.26215594e-01  7.07334947e-01 -6.35995633e-01  8.23389135e-01
  6.80492872e-01 -9.58161279e-01  1.25682823e+00  1.71576986e+00
  5.31060299e-01 -2.81674437e-01  8.75722629e-01 -6.85578707e-01
 -2.86624510e-01 -1.16056206e+00  4.84836173e-02 -4.22663467e-01
  3.64942369e-01 -4.06720138e-01  4.54000308e-01  3.09913435e+00
  2.08477889e+00 -1.33645617e+00 -1.66112064e-01 -1.08914174e+00
  4.83356581e-01  1.85084829e+00 -1.50144355e+00  1.25993507e+00
  1.28556101e+00 -1.17899874e+00  2.31896903e+00  1.19976198e+00
 -1.75944621e+00  9.51195027e-01  1.03989149e+00 -9.88397389e-01
  1.85911136e+00  5.36130648e-01 -9.27260148e-01 -2.19473365e+00
 -7.98307780e-01  1.05165653e+00  3.03530742e-03  9.04324735e-02
 -8.63142074e-01 -7.40342514e-01 -1.83672340e-01  1.47495163e-01
 -5.51635224e-01  9.22776635e-01  8.64883237e-01  4.29382340e-01
 -1.75813348e+00  6.87470212e-01  9.71403381e-01 -4.74656109e-01
  7.43223577e-02 -3.03015917e-02 -7.63095344e-01  2.77905422e-03
  1.26716248e+00  3.87321995e-01 -5.10843566e-01  6.22907146e-01
 -4.24403874e-01  7.41832627e-01 -1.50422273e+00  3.49849231e-01
 -3.82782866e-01  3.58360353e-01  1.67035357e-01  1.53367968e+00
 -1.69044640e-01 -1.98558337e+00  5.21508263e-01 -1.64135605e-01
 -7.74097401e-01 -7.95564640e-01  1.03280795e-01  1.91068131e-01
  1.52045796e+00 -7.04127411e-02 -8.37706169e-02  5.05097106e-01
  1.91735763e+00 -1.77247883e-01 -6.18223329e-01  8.37234964e-01
 -1.11142788e-01 -1.60703044e+00  1.14522718e-01  1.69705982e-01
  4.34309671e-01  7.59533455e-01  1.02515799e+00 -9.66503101e-01
 -1.02410088e-01 -1.13575675e+00 -1.99549922e+00  2.73981955e-02
  1.92820092e+00  2.00783921e+00  9.56082683e-01 -8.66728751e-01
  8.81349503e-01  1.16151484e+00 -6.45079172e-01  4.77784377e-03
  8.09945888e-01 -5.28837325e-01  7.90766712e-01  4.02733147e-01
  1.02658881e+00  1.03941752e+00  2.44527182e-01 -1.28391202e+00
  1.06709737e+00 -1.70215799e+00  7.69897599e-01  6.32368977e-01
 -7.07913999e-01  2.16711434e-01  4.99032283e-01  1.60986177e-01
 -8.95889410e-01  4.19097261e-01  8.22345339e-01  3.48750969e-01
 -1.79251747e+00 -6.26961162e-01  4.67118494e-01  7.05410120e-01
 -6.12095629e-01 -5.72252043e-02  5.66070822e-01 -6.74465287e-01
 -5.82490286e-01 -1.46229005e+00  2.99669577e-01  2.05976040e-01
  2.29700568e+00  8.04115094e-01  1.12494934e+00 -3.96568417e-01
  8.85295433e-01 -1.06278364e+00 -9.24233994e-01  2.21815439e+00
  4.15133884e-02 -1.71067349e+00 -4.29221328e-01 -1.13061205e+00
  1.11946435e+00 -1.23483474e+00  1.18035536e+00 -1.85108131e+00
  4.35425868e-01 -3.70877858e-01  1.88407528e+00 -6.96393672e-01
 -3.06660554e-01 -2.74496050e-01 -1.25604383e-01  1.99152707e-01
  4.18886004e-01 -1.40966621e+00 -5.70525169e-02  4.86395778e-01
  1.27173896e-01  6.13954092e-01 -7.46543962e-01  2.19475668e+00
  1.50896446e+00 -5.23203842e-01  6.47359404e-01  2.81740168e-01
 -4.78037971e-01  5.25280915e-01  6.02672787e-01 -3.17700697e-01
  1.91000133e+00  8.89823769e-03 -1.96733935e+00 -5.68973450e-01
 -7.86680966e-02  7.58319162e-01  1.16588251e+00  5.86950427e-01
 -8.99267246e-01  1.03830575e+00  5.22360662e-01 -1.10237379e+00
 -5.18484630e-01 -1.77530757e+00 -7.79500968e-01 -2.17500349e-01
  9.91957809e-01  3.86104737e-01  7.17387499e-01  6.41003606e-01
 -4.21488564e-01  5.68880025e-01  6.35447003e-01  1.77039078e-01
 -1.09713166e+00  8.22459788e-01  4.42839866e-01 -7.15453571e-01
  2.38598447e+00  8.33212389e-01 -1.49066443e+00 -1.16544796e+00
  4.56781652e-01 -9.76585634e-01 -4.39215159e-01  6.77475280e-01
  8.59701319e-01 -2.73272853e-01 -1.60241801e+00  1.59517270e+00
  8.81600871e-01  4.87334014e-01  1.89551111e+00  1.02826451e+00
 -1.50298114e-01 -8.63002575e-01  1.29468356e+00  1.72319353e+00
  4.56265109e-01  3.44413338e-01  4.91517493e-01  3.28340661e-01
 -3.14573000e-02  4.59315040e-01 -6.44965514e-01 -8.49286323e-01
 -1.68250688e+00  2.42294927e-01  1.54809369e-01 -1.90623974e+00
 -5.74281774e-01 -7.10536848e-01  1.69379915e-01 -1.38092727e+00
  1.55403209e-01 -1.54590686e+00 -7.96672881e-01 -2.09269527e-01
 -9.43642766e-01  2.83499433e-01  4.00202540e-01 -1.40187153e+00
  7.46234862e-01 -2.32818744e+00 -1.78315812e+00  3.39284659e-02
  7.78439767e-01 -2.59156694e+00  4.97290819e-01  6.55302347e-01
  9.29073138e-02 -3.46600317e+00 -1.02162231e+00 -1.57688415e-01
 -9.55341390e-02  1.72949976e+00  4.24610192e-02 -6.05015423e-02
 -2.56809331e-01  7.33653842e-01  1.75685434e-01  3.18710383e-01
  1.46271832e-01 -1.70022982e+00 -4.33639234e-01  8.14939575e-01
  1.34136709e+00 -1.27003974e+00 -2.29661390e+00  1.26956425e+00
 -4.27066671e-01  1.48061790e-01  5.81361983e-01 -9.88901111e-02
 -3.96794098e-01  2.72274214e-01  1.27547278e+00 -4.05914132e-01
 -5.25835543e-01 -1.48356185e+00 -6.24092052e-01  6.69650688e-02
  1.88240960e+00 -9.03237723e-01 -4.26831114e-01 -1.35680840e+00
 -7.07057268e-02  1.77532993e+00 -7.02004190e-01  1.00129069e-01
 -1.66309654e-01 -1.07761278e-02 -2.68975232e-01  2.02893069e+00
 -8.40178373e-01  4.13856339e-01  1.35346765e+00  9.95426011e-01
 -4.34514973e-02  1.10505513e+00  9.69521254e-01  4.84236928e-02
  6.74686604e-01 -1.16357441e+00 -1.59929287e+00  8.32304237e-01
  5.21877852e-01  5.45123909e-01 -4.27780899e-01 -6.88750810e-01
 -1.75845033e-01 -1.80460653e+00 -3.48231173e-01  1.46826413e+00
 -4.71079307e-01  7.62776799e-01  7.67964758e-01 -9.12255344e-01
 -3.48907043e-01  9.56101313e-01 -1.51410950e+00  2.91528879e-01
 -4.69924998e-01  2.29262518e-01  2.99647694e-01 -9.21685087e-01
 -5.64339527e-01 -4.79614358e-01  1.38703657e-01  1.80068097e-01
 -1.59422910e+00  8.21872526e-02  9.46928095e-01  1.23824780e+00
  1.80638980e+00  8.24896400e-01  1.68839445e-01  1.55564277e+00
 -1.77669579e+00 -4.25357697e-01 -3.67016153e-01  1.67437209e+00
  2.64450723e-02  1.05664883e+00  7.41863527e-01  1.23178224e+00
  3.80245956e-01  1.12972809e+00 -5.96389337e-01 -7.76694915e-01
 -5.53405561e-02 -8.11283610e-01  2.00021401e+00  1.10587383e+00
  3.62787610e-03 -1.00754320e+00  1.49615898e-01 -1.62084821e+00
 -2.17997184e-01 -7.90116224e-01  2.45882617e-01 -1.86373115e+00
  3.77140189e-01  8.47523434e-02  1.31686487e+00 -2.27753965e-01
 -8.44387928e-02 -1.22124800e+00 -1.45518042e-01 -1.42162343e+00
 -4.85253908e-01  9.37242078e-01 -1.72199823e-01  4.71247329e-01
  1.13616001e+00 -8.95473602e-01 -5.37642691e-01  1.12791477e-01
  1.40657488e+00 -2.89314962e-01 -7.36066791e-01  8.24765352e-02
 -3.65787975e-01 -2.65691073e-01  4.70120290e-01  2.14812995e-01
 -1.77595718e+00 -1.30361992e-01  3.64825814e-01  2.16843387e+00
  2.11526166e-01 -2.50177776e-01 -1.25896638e-01 -9.32712792e-01
 -2.11832130e-01 -1.35558840e+00 -1.04204030e+00  8.51290877e-01
  8.37719853e-03  6.28222633e-02  1.21170425e+00  5.12203545e-01
  1.67583258e+00 -1.62080791e+00 -7.10651294e-01 -1.96262839e+00
  6.80513954e-01 -7.34294175e-01 -6.09503123e-02  4.49522614e-01
 -1.76398139e-01 -1.18835814e-01  2.43065513e-01 -4.03234149e-01
  2.28001861e-01 -2.85642723e-01 -3.80564712e-01 -1.32314849e+00
  1.48526517e-01  2.15394437e-01 -7.57743693e-01 -4.53820146e-02
 -2.41175647e-01 -8.09588700e-01 -1.68363567e-01  6.91965380e-01
 -5.02297376e-01  9.66924564e-02  1.06216621e+00 -1.54050797e+00
 -1.36229932e+00  5.81590800e-01  1.11408195e+00  9.56578686e-01
 -2.18988931e+00  2.28731718e-01  2.64317862e-01  4.41041510e-01
  7.06197426e-01  9.72170729e-02 -1.19501611e+00 -3.11995669e-01
  2.06964662e-01  1.24168008e+00 -6.11448853e-01  1.70264012e+00
 -5.25517093e-01  1.51776260e+00 -8.79059103e-01  7.52952581e-01
 -9.21862796e-01  7.24276782e-01 -4.33767054e-01  1.88286579e-02
  9.27772084e-01 -5.38381109e-01  1.67291608e-02 -1.37374635e+00
 -7.65427438e-01 -1.17331268e+00  1.44776564e+00 -1.25649521e+00
  1.19713849e+00  8.59376323e-01 -5.03251364e-01 -4.90446499e-01
 -8.92209328e-01 -1.03043936e+00  6.89332866e-01  1.25215899e+00
 -8.84036043e-01  3.54608773e-01  1.40198164e-01 -3.56011726e-01
 -2.03559886e+00  1.10708422e+00  4.39987695e-01 -2.36671616e-01
 -6.13143118e-01 -1.25785425e+00  1.34952284e+00  9.50415972e-01
  1.24402921e+00 -1.82580812e-01  3.72569388e-01  8.32148142e-01
  2.70072771e-01 -1.53303966e+00 -1.15652131e+00 -1.06022192e+00
  1.16418627e+00 -5.87045885e-01  1.36745069e+00 -7.48119364e-02
  1.67124944e+00  1.23260921e+00 -6.94555985e-01 -1.90437112e-02
  4.67568068e-01  4.32098337e-01  2.71770116e-01 -9.47431874e-01
 -1.91938959e+00  5.01447845e-01 -9.21140273e-01  1.96331040e-01
  3.98601228e-03  1.55960564e+00 -1.05243639e-01  3.04509972e-02
 -7.42664244e-01  5.24458502e-01  8.47719526e-01 -2.92429449e+00
  1.17543729e+00 -2.73196008e-02 -1.00845540e+00 -5.97387955e-02
 -6.97438995e-01 -1.27452683e+00 -9.04198564e-01 -8.69766387e-01
 -3.13619648e-02 -2.01410437e+00  3.53708093e-01 -1.80253600e-01
 -1.44608095e-01 -3.28309865e-01 -2.52411266e-01  1.01094149e-01
 -1.06789853e-01 -2.13200695e+00  1.61531634e+00 -3.03338411e-01
  6.57884304e-03  2.27612645e-01 -2.69775898e-01  5.44810804e-01
 -1.90918649e+00 -7.99732010e-01  2.27841011e-02 -2.23525006e-01
  4.52994843e-02 -5.63034829e-01 -1.37263967e+00  1.19504335e+00
 -1.53002031e+00  7.63974937e-01 -1.07629041e+00  1.36827461e+00
 -9.02806967e-01 -7.79256493e-01 -5.79947245e-02 -3.84775199e-01
  6.69600618e-01 -2.64336072e-01  1.16024498e+00  1.96279683e-01
  7.94045777e-01 -5.80278104e-01 -6.57463926e-01  5.48926053e-01
  2.05167421e+00  1.78206840e+00 -4.50676290e-01 -1.58983033e+00
  2.88463515e-01  2.28779835e-01  8.62341453e-02  6.84525182e-01
  1.61526749e-01  2.89581725e-01  5.27467207e-02 -9.99409094e-02
  9.66393465e-01 -1.46547395e+00  1.12547484e+00  7.23070882e-02
 -1.99302735e+00  8.46322280e-01 -2.80967733e-01  1.28502815e+00
  1.05666022e-02  5.38563805e-02 -6.51834871e-02  1.23039676e-02
 -1.32944500e+00 -8.74847602e-01 -1.87206267e-02 -4.73541248e-01
  8.64498669e-01 -1.79256191e-01  5.67952565e-02  6.68877654e-01
  1.78889547e-01  1.31048258e+00  1.87747417e+00 -7.39422434e-01
  1.56330809e+00 -1.19438633e+00  3.99002481e-01  9.31487448e-01
 -8.73338266e-01 -8.59632925e-01  4.00519813e-02  3.01459026e-01
  9.99658060e-01 -9.50842163e-01 -7.77039439e-01 -2.68083186e+00
 -2.07445666e+00 -7.82896817e-01  3.04556328e-02 -8.73476642e-01
 -5.91679814e-01 -5.04637782e-01 -8.36691763e-02 -1.86032159e+00
  1.18048182e+00 -4.07917314e-01 -2.04163318e-01  6.12294097e-01
 -4.30223496e-01  1.34550334e+00 -9.59519435e-01 -4.74299777e-01
  1.07039717e+00  1.39274695e-01 -2.89041802e-01 -8.86784821e-02
  3.75227396e-01  7.47288865e-01 -7.44609383e-01  4.92942445e-02
 -9.46587656e-01  1.50690413e-01 -1.56128801e-02 -5.01413745e-01
  1.84259631e+00  1.02822824e+00  1.09439885e+00 -1.85572170e+00
 -5.63279314e-01  3.64946784e-01  5.26289896e-02  2.43459954e-03
 -7.55524857e-01 -1.38250823e+00  1.08845064e+00 -5.19861358e-02
 -6.74740455e-02 -1.02713777e+00 -1.28339292e+00  1.59157652e+00
 -5.55629391e-02 -9.95028560e-01 -7.63236628e-02  9.00998518e-01
 -1.63500540e+00 -1.90494336e+00  1.06082220e-02 -1.33356351e-01
 -1.03342173e+00  1.23173845e+00 -7.80055933e-02  1.01003296e+00
  1.04030180e+00  7.45678543e-01 -6.93251189e-01  6.68406081e-01
 -1.82800012e+00 -1.32384549e+00  1.75739559e+00 -4.88972871e-01
 -4.83667400e-01  1.71914088e+00 -1.16387846e+00 -8.52391459e-01
  4.48872834e-01 -2.10314990e+00  2.55505863e+00 -1.90725025e+00
  5.87449579e-01 -5.58385054e-02 -4.22585655e-01 -1.03549788e+00
  1.76944437e+00  4.88774330e-01 -1.94090415e-01 -2.60745432e-01
  4.75566542e-01  1.64685454e+00  1.92462283e+00 -9.48726284e-01
 -5.12575394e-01 -4.68780345e-01 -4.67186757e-01  1.23808785e+00
  8.49243517e-01 -7.88158144e-01 -1.31399117e+00 -1.75078693e+00
 -4.66060098e-01  3.04449371e+00 -6.73940121e-01 -6.55779395e-01
  3.51856220e-01  1.32541594e+00  2.68104341e+00  2.58794058e-01
 -2.23843170e-02  7.36733585e-01  2.39121266e-01  9.69107023e-02
  1.34685240e+00  9.57461368e-01 -1.20905586e+00 -2.93328276e-01
 -6.76358353e-01 -1.46574283e+00  6.50780463e-01  1.75791918e+00
 -8.82977091e-01 -8.47773367e-01 -1.40360340e+00 -4.59356397e-01