 5.86726579e-01  7.00228188e-01 -2.41978974e-01  1.18787027e+00
 -4.79824661e-01  1.94267088e-01  3.86288486e-01 -9.31294789e-01
 -3.97417520e-01  1.71478643e-01  3.58387045e-01 -1.64307196e+00
  1.66903627e+00  3.42997773e-01 -2.73178982e-01 -2.11884858e-01
 -6.82510813e-01  9.51745157e-01  6.71096741e-01  1.73773033e-01
 -2.30526797e+00  6.80202580e-01  4.91463201e-01  6.30811330e-01
  4.87546982e-01 -5.43555347e-01  6.48302826e-01 -1.00609960e+00
 -1.08759427e+00  7.08316784e-02  8.87536184e-01  9.95223811e-01
  1.19833071e+00 -2.14320343e-01 -1.00505582e+00 -1.68731599e-01
  1.35848430e+00  1.11044659e+00  1.33597690e+00  1.18537936e+00
 -1.20012517e-01 -9.04919858e-01 -3.48025339e-02 -6.50734103e-01
 -6.39183110e-01  1.18864069e-01  6.33605949e-02 -1.85556588e+00
 -3.66086771e-01 -1.89403176e+00 -1.87094137e+00 -9.93892377e-01
  1.96651968e-01  7.12327830e-01 -7.12472389e-01 -2.30459417e+00
 -1.39248640e+00 -1.68672654e-02  2.08783908e+00  8.54748829e-01
  6.20917936e-02  1.84065339e-01  9.20987670e-01 -7.35495559e-02
  4.86217993e-01 -1.11859970e-02  8.43530525e-01  2.18612150e-01
  1.19580211e+00  1.39874170e+00  1.03020546e+00  1.08761743e+00
 -5.41614061e-02 -2.70589415e-01 -4.31900493e-01  1.68616031e+00
  3.70675633e-01 -5.56586645e-01  1.20088235e+00  1.37338075e+00
 -8.54205241e-01 -1.82813103e-01 -1.78155707e+00  5.23782952e-02
  1.94523258e-01 -1.49412469e+00 -1.12645355e+00 -6.56547212e-01
  1.59889534e-01  4.25566194e-01 -1.21829193e+00 -8.87844235e-01
  1.07403037e+00 -2.56870449e-01  2.57249508e-01  7.78839137e-01
  9.79118128e-02  1.39672750e-01 -2.37483316e+00 -3.28939715e-01
  1.69401221e+00  1.32360155e+00  7.05236981e-01  1.77193789e+00
 -8.71643324e-01 -8.85646314e-01  1.61181947e+00  4.06172524e-01
  2.54248055e+00  2.26320238e+00 -2.44597412e-01  7.71676934e-01
 -2.50449833e+00 -1.21322464e+00 -5.56518143e-01  6.07063735e-01
  8.46399092e-01 -7.04823836e-01  1.97901268e+00 -6.35413608e-01
  3.12756927e-01  1.55307136e+00 -9.71626798e-01  8.42929819e-01
  1.03500893e+00  5.24639824e-01  1.16013425e+00  7.12352641e-01
  1.00591926e-01 -4.62010472e-01 -1.00827649e+00  1.62285212e+00
  1.13396067e+00  9.27874440e-01 -7.35236564e-01 -6.83203262e-02
 -2.61038387e-01  5.37233583e-02  5.27206158e-01 -1.03139811e+00
 -1.01947013e+00 -5.72174494e-01 -1.21261571e+00  2.52526213e-01
  6.69695588e-01  1.41154731e+00 -4.64121091e-01 -2.27613744e-01
 -2.40276962e-01 -8.26600187e-01  3.04549706e-01 -1.17841277e+00
  1.59658935e+00  2.09419359e-01 -6.52132490e-02 -1.09569243e+00
  5.82384732e-01  4.66121272e-01 -1.15104262e+00 -1.37767030e+00
  4.57222961e-01 -7.03069400e-02  6.04631455e-01 -1.49713286e+00
 -8.85946697e-01 -6.97539589e-01 -1.59577221e+00  4.30813642e-01
  2.55075636e+00 -3.95240289e-01 -4.85137578e-01 -1.20342747e+00
  8.24373761e-03 -3.14430481e-01  3.66416125e-01 -9.74463720e-01
 -3.24882346e-01 -1.12975287e+00 -2.83066458e-01  8.56147412e-01
  1.07567874e-01  4.83965868e-01 -8.14547700e-01 -8.78151975e-01
  1.35316524e+00 -5.45473856e-01  1.71024261e+00  2.51506860e-01
  1.87013014e+00 -7.65238047e-01  2.59656897e+00 -1.42924042e+00
 -2.23780888e-01 -4.31832394e-01 -6.94934889e-01 -6.32274685e-01
 -4.94455524e-01 -2.06306330e+00  9.61538653e-01  5.70446256e-02
 -1.41226907e+00 -1.72401984e+00  1.16064441e+00  3.07952793e-01
 -8.01475384e-01 -2.64634881e-01  9.73458897e-01  4.27170135e-01
  9.93280683e-01 -1.11483221e+00  1.73200818e+00 -1.07881134e+00
  4.50268471e-02 -8.57642979e-01  2.67735834e-01 -4.47518340e-01
 -1.09113217e+00  2.46307906e-01  4.23104608e-01  9.82062959e-01
 -1.10399935e-02 -1.08108819e+00  1.29058920e+00  6.71150028e-01
  4.98599398e-02  9.18534581e-01 -7.50760193e-01  1.00488580e+00
  5.92202572e-02 -1.81352258e+00 -7.70205379e-01 -4.52045001e-01
 -9.09995794e-01  4.72942789e-01 -5.57217920e-01  6.01903233e-01
  8.60728740e-01 -1.18243493e+00 -7.59014187e-01  3.31181052e-01
 -5.70830748e-01 -1.25636639e+00  1.19463569e+00 -4.74196018e-02
 -1.08521013e+00 -5.82678793e-01 -3.59036462e-01 -1.04159708e+00
 -5.54249771e-01  8.13991659e-01  1.46783451e+00 -1.72480473e-01
  2.60810809e-01 -9.88085410e-01  7.02898404e-02 -7.21574298e-01
  2.99168339e-01 -5.76724091e-01  1.61630890e+00 -3.92999780e-01
 -2.53790493e-02 -1.19662469e-01  9.53960104e-01  1.15224770e+00
 -1.78399896e-03 -6.67585716e-01 -1.48430410e+00  1.03400668e+00
  1.12056053e-01  4.71870219e-01  1.98952959e-01 -9.82986292e-01
  1.45188788e+00 -9.92655005e-01  7.97865252e-01  1.31006887e-01
 -1.09362921e-01 -1.96276050e+00  1.63763607e-03 -1.38690375e+00
  2.36568439e-01 -6.10655122e-01 -5.48103528e-01 -3.58552182e-01
 -3.86547035e-01 -5.67310771e-01 -1.75706702e+00  4.98530924e-01
 -1.35148798e+00  5.57408335e-01  1.89564843e+00  6.40971381e-02
  1.04163968e-01 -1.31963184e+00  7.31474004e-01  8.31195904e-01
 -1.74184294e-01 -7.01201988e-01  2.00715956e-01  5.33294832e-01
  6.15002723e-01  5.98696612e-01  2.35893374e-02  1.05645911e+00
  7.72057945e-01  1.34598138e+00 -1.47463373e+00  4.75252206e-02
  8.08833621e-01 -3.08507035e-01 -2.55490673e-04 -1.21439226e+00
 -9.29768147e-01  3.50024199e-01  4.24946161e-01  6.85920241e-01
 -1.27177689e+00  3.72873614e-01 -5.97282383e-02  3.86151825e-01
 -7.03762714e-02  1.24392721e+00  1.06607336e+00  8.12405880e-01
 -1.78515629e-01 -2.49637989e-01  2.48766865e-01 -4.27537035e-01
 -1.17702624e+00 -4.38499965e-01 -7.31319388e-02 -4.69491375e-01
  7.77296900e-01  8.17155798e-03 -2.38118270e-01  1.48919984e+00
  4.60661006e-01  1.21839750e+00 -1.58810041e+00 -3.98645300e-01
  6.93059468e-02  1.23761564e+00  1.19627302e+00 -1.26978160e+00
 -9.08099442e-01 -9.45108637e-01  2.13515055e+00  3.80525872e-01
 -2.15641802e+00  5.66643963e-01 -2.01506117e+00 -5.36080662e-01
  1.31218393e+00  7.12170500e-01 -2.38037863e-01 -1.42397344e+00
 -1.46946927e+00 -4.51669109e-01 -1.18428243e+00 -5.79579155e-01
  9.94865408e-01  8.22665186e-01  1.17748142e+00 -3.78921640e-01
 -3.98856408e-01  1.42475704e+00 -1.95033931e-01 -9.31221641e-01
 -3.11618350e-01 -4.97203119e-01 -6.04517438e-01 -2.21512415e-01
  4.50023833e-01  8.03587650e-01 -1.38276078e-02 -1.40845827e+00
 -2.41045017e+00  1.33680118e+00 -4.02936947e-01  1.50778838e+00
 -5.46386468e-01 -1.99134720e-01 -1.05312417e-01 -1.56995723e+00
  1.22332619e+00 -3.52281010e-01  9.34805077e-01 -4.59830052e-03
 -3.68805827e-01 -1.01488064e+00 -8.84446266e-02  7.98626465e-01
  4.11109438e-01  9.55178382e-02 -1.14366538e+00  6.73389130e-02
  7.34280739e-01  6.51748932e-01 -2.53253224e-01  9.83500864e-01
  1.46147178e-01 -8.11938802e-01 -1.05983301e+00 -2.23222773e-01
  3.23104708e-01 -1.21891665e+00  3.50867915e-01 -7.40186085e-01
 -2.38800866e-01  9.14024228e-01 -2.33865531e+00  5.67551086e-01
  8.75992512e-01  1.27179597e+00  3.54270976e-01 -1.44714761e+00
  7.60149685e-01  3.54694770e-01 -5.22403523e-01 -1.12285818e-01
 -9.56000976e-01  1.90354903e-01  3.06471023e-01 -3.84829777e-02
  1.49740466e-01 -1.72623719e+00 -5.72234889e-01  2.37894077e-01
  1.19414128e+00 -2.95315165e-01  4.95387453e-01  1.10315067e+00
  1.75974432e-01 -1.92799443e+00 -1.07134383e+00 -6.27141462e-01
  4.05436069e-01  1.43297190e+00 -2.22824872e+00  4.77067872e-01
 -5.84895372e-01 -3.61277462e-01  7.08414967e-01 -9.42277751e-01
 -2.04854363e-01  7.61661341e-01  1.36013611e-01  6.79384737e-01
 -1.69246903e+00  1.63951844e+00  2.05047685e+00 -5.22321496e-01
  1.97125071e+00 -5.75809726e-01 -8.59872976e-01  1.27014964e-02
 -9.39913252e-01 -8.60486910e-01 -2.77985117e-03  6.91705748e-02
  1.01742196e+00 -1.38509645e-01 -2.73460201e-01 -1.12013902e+00
  1.82761721e+00  6.36450901e-01 -1.90560243e+00  8.49243175e-01
 -6.09795707e-01  3.53370579e-01  1.45628719e+00  9.94724106e-01
  1.16076807e-01  3.76733572e-01 -4.63684702e-01 -1.61655736e-01
  5.50915443e-02 -9.59548786e-02  1.26009182e-01  8.45531269e-01
  1.22269692e+00 -1.73076289e-01  3.04968619e-01 -1.04622011e-01
 -7.03237299e-01 -1.33722329e+00 -2.46663294e-01 -8.74462822e-01
  8.14489883e-02  1.82773242e+00  1.21270526e+00  9.47484695e-01
 -4.42875342e-03 -1.88381577e+00  6.12490287e-01  2.66772433e-01
  3.99839858e-01 -1.35096287e+00  4.05290055e-01 -7.73471972e-01
 -4.12719260e-01 -3.71706085e-01  3.65964904e-01 -1.56284121e+00
 -7.67712974e-01  2.04399523e+00  1.79496507e+00 -1.61473904e+00
  1.14051537e+00 -1.61613826e+00  2.13745441e-01 -4.63474050e-01
  1.50223673e+00 -1.73015789e-01 -4.49046744e-01  1.61995824e+00
  7.86300696e-01 -7.44187668e-01 -1.44259247e+00  1.45495178e+00
  8.28536172e-01 -2.72300217e-01  4.09559173e-01 -5.08786244e-02
 -8.29943281e-01  1.52076585e+00 -1.40985684e+00 -7.24414779e-01
 -6.56288749e-01 -1.06560473e+00  2.85758703e-01  2.70956846e-02
 -1.20368832e+00  1.62886964e+00 -6.15779197e-01  9.36032065e-01
 -1.00159189e+00 -1.28855714e+00  3.52061652e-02 -8.35422465e-01
 -4.06925541e-01 -2.23048864e-01 -1.02944459e+00  1.90402068e+00
 -3.64774338e-01  1.23785934e-01  1.08442787e+00  8.80070822e-02
  8.91563125e-01  3.45975278e-01  3.24942004e-01  3.17790948e-01
  1.05972786e+00  7.66948684e-01 -8.39184517e-01  8.77306235e-01
 -7.24664242e-01  1.16752874e+00  3.42102734e-01  3.70646816e-01
 -1.59207297e+00 -1.57539408e+00  3.06480700e-01 -1.34307248e+00
  2.31486407e-01 -1.41271486e+00 -4.16289773e-01  1.40563428e-01
 -8.52553189e-01 -4.74539592e-01 -5.65902977e-01 -3.36571239e-01
  1.78076331e-01  8.01123833e-01 -2.00230423e+00 -5.87006470e-01
 -7.77899338e-01  5.12827717e-01 -1.40246991e+00  2.03430001e+00
  1.86012941e+00  7.58633355e-01 -9.03144740e-01 -6.85642918e-01
 -4.93701390e-02 -4.52201915e-01  1.12712788e+00  3.13899706e-01
 -7.12561437e-01 -1.89382788e+00 -4.45142350e-01 -1.07936826e+00
  7.69952831e-01 -4.80507883e-01 -3.35676157e-02  6.22264210e-01
 -1.75966608e-02 -2.92126232e-02 -7.71381779e-01 -5.40006310e-03
 -9.14199360e-01 -1.81303949e-01  2.01690073e-01  2.33262872e-01
 -7.07960371e-01  3.81377006e-01  2.03539527e+00 -2.05483164e+00
 -1.32002855e-01  2.24566949e+00  7.60948724e-01  6.58351847e-04
 -1.50049764e-01 -2.68044556e+00 -1.01516231e+00  3.72034956e-01
  2.66679537e-01  5.28476099e-01 -2.95748124e-01 -6.61118812e-01
  1.86041294e-01  5.99231089e-01 -4.23526702e-01  2.76050297e-01
  7.72836201e-01  4.74725342e-01 -2.68618494e-01  1.43425130e+00
  4.45700628e-01  9.79375654e-02 -2.92316404e-01 -3.87609009e-03
 -8.71337491e-01 -1.86574539e+00  4.91408991e-01  7.23910103e-01
  7.61315071e-01  8.83364863e-01 -1.25934199e+00 -1.09292738e+00
 -1.36728160e-02 -2.18994549e-01 -7.69412137e-01 -7.42630443e-01
 -7.46261257e-01  1.25050131e+00 -1.32353415e+00  5.43919926e-01
  3.07296028e-01  2.27641114e-01 -1.67546642e+00 -2.95053030e-01
 -4.37258353e-02 -2.29610319e+00  1.29897749e+00 -5.68437920e-01
 -6.34382527e-02  2.08172939e+00  7.44943458e-01  1.10493926e+00
  1.31145323e+00 -2.98723665e-01  1.21513662e-01  1.15983018e+00
 -3.68658333e-02  5.89237573e-01  2.51296206e-01 -1.20837166e+00
 -8.23695027e-01  5.99022348e-02  7.64571571e-01 -8.55709174e-01
 -7.95266707e-01 -1.38896951e+00  3.15228737e-01  2.32761182e-01
  2.19714193e+00 -1.86236597e-01  1.16742701e+00  1.42218480e+00
  1.78445841e-01  1.54763028e+00 -7.41464499e-01 -2.65562722e-01
 -9.97750093e-01 -3.74863156e-01 -2.72529562e-01  4.83429198e-01
 -1.61808035e+00  3.53510070e-01  1.81996639e+00  5.92403438e-01
 -6.98614063e-01  3.24989823e-01 -2.03308663e-01 -1.33907098e+00
  9.63156574e-01  1.12378226e+00  4.09419974e-01 -6.38913595e-04
 -5.36257321e-01  2.04489157e+00 -9.08192542e-01  1.84677388e+00
 -2.09463369e-01 -1.78788118e-02 -6.45576039e-01  6.02968860e-01
 -6.31504198e-01 -5.52435985e-01 -6.17736129e-01 -1.14505714e+00
 -7.96238140e-01  3.79473473e-01  8.13927130e-01 -7.96758527e-01
  1.02346469e+00  7.44679277e-01 -1.81274441e-01 -2.39674751e+00
  3.66321328e-01 -1.23381300e+00 -1.25745124e+00  1.01924659e+00
 -5.90688216e-01 -4.64399198e-01 -4.42178725e-01 -9.60204194e-02
  1.45067807e+00 -7.45136648e-03 -9.33073434e-02  4.08556620e-01
 -4.23360725e-01 -5.57220120e-01 -2.51923806e+00  8.07315119e-01
  4.83719830e-01 -2.22132907e+00 -5.33121718e-01  1.56099680e-02
  3.19592399e-02 -3.16914333e-01  7.35672505e-01  2.53633288e+00
 -4.75077425e-01 -2.03184358e+00 -6.27563083e-01 -1.23450164e+00
  3.58747026e-01  6.41097258e-01  7.33466673e-01 -9.04970322e-01
  4.60671645e-01 -1.42775990e+00  1.45033010e+00 -1.48431220e+00
 -1.05644824e+00  9.05984409e-01 -2.59467605e-01 -4.44673801e-02
  7.04062741e-02 -1.38726335e-01  1.60619086e-01  1.04424673e+00
  4.28416827e-02  2.07871324e-01 -7.17740186e-01 -5.85363061e-01
 -5.27933699e-01  5.95921089e-03  8.43125095e-04  2.14750278e-01
 -7.47141802e-01 -3.69644523e-01  1.40570164e+00 -2.35937146e-01
 -1.53436238e+00 -4.05181609e-01  8.89289829e-01  1.33794683e-01
  1.05867473e+00 -2.78499506e-01  2.66478193e+00  2.15722926e+00
 -9.47904010e-01  2.51930757e-01 -1.94692510e+00 -7.62423479e-02
 -5.36536704e-01 -3.57861399e-01 -1.87728001e-01  3.40866831e-01
 -1.51733799e-01 -9.96873877e-01  2.83441859e-01 -2.99218843e+00
  1.78759016e+00 -6.61952844e-01  8.16952806e-01 -1.58213572e-01
  1.07655030e-01  4.17057497e-01 -7.76165114e-01 -1.55155344e+00
 -1.92835478e-01  4.03995589e-01 -1.34605435e+00  2.85850639e-01
 -6.18377983e-01  9.61478844e-01  9.35909135e-01 -2.27350147e+00
 -1.65572913e-01  2.16672618e+00  1.09195521e+00  7.69353648e-01
 -8.32787733e-03  1.98827710e-01 -3.82880055e-01 -2.06599246e+00
 -5.37453792e-01 -2.65814355e-01 -1.43238805e+00 -1.61978438e+00
  8.55600505e-01 -9.76070719e-01 -6.34132889e-01 -8.22295731e-01
  3.94260366e-01 -1.98846537e+00  3.36849134e-01 -1.95550513e-01
 -1.93006441e+00  1.01746385e+00  5.27967214e-01 -1.69169486e+00
 -1.19664098e-01  4.36591685e-01 -3.75392061e-01  2.09698339e+00
 -2.11731648e-01  8.22068131e-01  7.65561261e-01  1.53246535e+00
 -1.37135260e+00 -1.60392728e-01 -4.87513234e-01  3.56804825e-01
  2.52447408e-02  3.14984177e-01  1.36267281e+00  9.52348916e-01
 -5.78002956e-01  6.78829279e-01 -2.58388739e+00  1.74050402e-01
  1.09290559e+00  1.07602405e+00 -7.22511828e-01 -9.95538825e-01
 -6.25211115e-01  8.57871606e-01  2.33122899e+00  3.56025881e-01
  1.14789587e-01 -8.10922553e-01  6.63766710e-01 -1.53558665e+00
  8.00268043e-01  1.61344874e+00 -3.14449503e-01 -8.80936256e-01
 -3.85028916e-01 -3.98910911e-01  3.56154429e-02 -4.25563602e-01
 -1.26577396e+00  1.96662444e-02  5.52327586e-01 -2.38077519e+00
  1.87439806e+00  1.45358883e+00 -2.63440519e+00  4.22682075e-01
  1.26557561e+00  2.47669590e-01 -1.38372391e+00 -1.59027321e+00
  7.30416307e-01  3.69452699e-01 -1.17396824e+00  6.07676184e-01
 -4.52887273e-01  3.53894398e-01 -7.88872057e-02  6.12115846e-01
  4.36293575e-01  1.42231664e+00 -1.65478568e+00 -1.24799544e+00
 -1.27546489e+00  6.45914652e-01 -1.27758326e+00  2.07581611e+00
 -1.95762326e+00  3.90302527e-01 -7.32127238e-01 -1.47824665e+00
 -9.15942317e-01  1.53791302e+00 -1.90110315e+00 -8.23447413e-01
  7.27542225e-01  7.69373064e-01 -7.84850137e-01  3.73483120e-01
 -8.76233395e-01 -8.64215061e-01 -6.08754575e-01  8.59463097e-01
  2.03324870e-01  4.84528205e-01 -7.88641691e-01 -1.02764351e+00
  8.67996174e-01  2.37356894e+00 -7.00026946e-01 -7.39203371e-01
 -8.06205919e-01 -3.91162577e-01  2.36682183e+00 -1.80901322e+00
 -1.01872920e+00  2.54964012e-01  2.23254635e-01 -1.41423689e+00
 -5.45482448e-01 -6.98695329e-01  6.40346408e-01  1.85448325e-01
 -1.31140198e+00 -3.52716542e-01 -7.84168271e-01  4.93944425e-02
 -3.70710507e-01  1.67185485e+00 -7.52973810e-01 -2.10141350e-01
  7.35596980e-01 -3.92925267e-01 -2.60207566e+00 -8.18524604e-01
  5.11859492e-01 -8.23826776e-02 -6.96873314e-01  4.18254866e-01
  7.78841851e-01  4.15616698e-01  7.16290105e-02  6.00269071e-01
  6.25226695e-02 -1.21042050e+00  1.10921573e+00 -2.87116022e-01
 -4.40486011e-03 -4.88595382e-01  2.09897769e+00 -7.75681156e-01
 -9.37274497e-01 -8.74210093e-01  1.25054579e+00 -1.38161485e+00
 -1.17138236e+00  6.68631322e-02 -3.47333518e-01 -1.10512018e+00
 -9.16049963e-01 -1.07847717e+00  5.75597160e-02 -1.65334867e+00
 -2.22417771e-01  4.43404659e-01  4.10291955e-01  1.25842279e-01
 -1.13115302e+00 -1.63739572e+00 -1.25351588e+00 -1.34603799e+00
  1.44959569e-01 -2.83599088e-01  8.61948410e-01 -1.43712986e+00
 -1.92001561e+00 -5.98133482e-01 -1.20113013e+00  3.03954348e-01
 -2.70323919e-01  1.43584242e-01  7.48612612e-01 -7.33374945e-01