-2.63027164e-01  7.58514262e-01 -1.18454611e-01  8.08811748e-01
 -7.97097740e-01 -7.56966092e-01 -2.52141779e-01  9.18421948e-01
  8.60327454e-01  4.47819568e-01 -7.27925686e-01 -1.07453030e+00
  2.31693361e+00  1.64970262e-01  1.70212399e-01  1.32187175e+00
  1.56922400e+00 -1.81226406e+00 -1.87214089e-01  7.79170437e-01
 -8.89346131e-01 -3.84566298e-01 -4.65386546e-01  1.53091941e+00
 -3.65006842e-01 -1.20187697e+00 -2.19430937e+00 -1.08381285e+00
 -9.30940094e-01  1.43272899e+00 -1.90061465e-02 -8.36853458e-01
  5.30546884e-01 -2.63109712e-01  5.15189067e-01  2.06534673e-01
  1.03209660e-02 -2.59762489e-01 -5.31800640e-01  1.26860840e+00
  1.18073087e+00  1.54114445e-01  5.68585226e-01 -6.66971118e-01
  1.88536226e+00  4.78666824e-02  2.09791509e+00  1.23282920e+00
 -2.68919770e-01 -1.75599342e+00  1.85620193e-01  1.70764464e+00
  7.24301136e-01  2.53384709e-01 -2.83015480e-01 -1.73697056e-01
 -5.51012675e-01 -7.86448693e-01  1.59343611e+00 -6.41212188e-01
 -6.40293054e-01 -3.07096865e-01 -6.01267113e-02 -1.35317615e+00
  9.31805457e-01 -1.15915850e-01 -3.07213029e-01  3.42822528e-01
 -2.46990475e-01 -1.05521191e+00  7.30860766e-01 -6.32536408e-01
  1.65013926e-01 -1.41184020e+00  1.99720027e+00  1.40547716e+00
 -7.76895555e-01 -3.04703207e+00  1.26806148e+00  6.89599380e-01
  9.41701055e-01 -6.87728358e-01  5.99602978e-01 -7.48190004e-02
 -1.34105627e-01  1.66097051e+00 -2.55575298e-01  1.29452928e+00
 -1.24448682e+00 -7.65018956e-01 -1.85908940e+00 -6.70211484e-01
 -6.62169699e-01 -1.01034102e+00  2.11567080e+00  3.89290875e-01
  8.40123835e-01 -8.00418816e-02 -1.43907935e+00  2.46539905e-01
 -1.76823628e+00  1.23140175e+00  5.72027924e-01 -8.56392486e-01
 -2.96699382e-01  5.10629140e-01 -1.45993793e-01  1.15220776e+00
 -9.43045711e-01 -8.98380020e-01 -3.22772154e-01  5.58378254e-01
 -3.76722967e-01 -5.35731603e-01 -1.85176255e-01 -2.47700527e+00
  1.82356202e+00 -2.30148414e-01  2.69575854e+00  2.05583107e+00
  5.08802057e-02 -1.38682753e+00  2.41504763e-01 -2.51638063e-01
 -2.86976245e-01  8.09668172e-01  6.47295538e-01 -1.04196877e-03
  8.41636037e-01 -1.16240735e+00  5.16316640e-01 -5.16323655e-01
  6.12476402e-01  4.92652550e-01 -6.90577099e-01 -1.53831659e+00
 -1.41424993e-01  4.85004623e-01 -2.30615480e+00 -6.07146320e-01
  1.62277511e+00  4.31516799e-01  3.22189858e-01  6.42377986e-01
 -1.94789175e+00  5.42877066e-01  2.12572376e-01 -6.26401794e-01
  3.16189830e-01 -2.20963607e-01  8.15017254e-01  1.97530917e+00
  8.52636226e-01 -4.40379619e-01  1.17861122e+00 -5.42572775e-01
  1.77051270e-01 -1.16604846e+00  1.02663638e+00 -8.00722419e-01
  6.98177359e-01  9.25608297e-01  5.31528820e-01  1.14520838e-01
 -2.70928504e-01  8.93982913e-01 -1.28684818e+00 -3.93797432e-01
 -2.01633655e-01 -1.93571703e+00  4.72071791e-01  5.49818870e-01
 -1.34373164e-01 -7.99641086e-01 -6.93461387e-02 -1.47399894e+00
 -9.05648081e-01 -3.48884683e-01  2.34891652e-02  8.79414522e-01
 -2.92264042e-01  6.08923763e-01 -2.57714343e-01 -2.48883052e-01
 -1.09975219e+00 -4.01722360e-01  1.09972764e+00 -8.51817856e-01
  6.34955273e-01  1.75105964e+00 -4.98225939e-01 -3.74629202e-01
  2.74833252e+00  1.36514028e+00  7.66325893e-01  5.66048693e-01
 -5.66668109e-01 -1.48440834e+00  1.35816102e+00 -3.53215162e-01
  1.49907806e+00 -3.54973188e-01  2.83940540e-01  3.23988376e-01
 -1.11710296e+00 -9.33409391e-02  1.39643582e-01 -1.31720042e+00
  6.42627532e-01  1.30598868e+00 -1.41139820e-02 -1.54635867e+00
 -5.96970148e-02 -2.44186833e+00  3.66320295e-01  2.55661258e-01
  9.53969836e-02  1.18220361e-01 -6.80850566e-01 -1.00662961e+00
  5.67734846e-01 -9.74305644e-01  9.48049340e-01  1.09311187e+00
  1.92727609e+00 -1.29323766e+00 -8.07119808e-01 -1.12660209e+00
  2.84998934e-01  1.06082468e+00  1.42724447e+00 -1.36198673e+00
 -7.79551969e-01  7.96353940e-01 -9.60390315e-01 -6.94302969e-02
 -1.10120077e+00 -1.66525685e+00  5.36160236e-01 -9.97662068e-01
 -7.01908232e-01 -6.45954512e-01 -1.11694603e+00  1.09061335e+00
  6.83793641e-01 -9.46434303e-01 -6.91756476e-01 -4.03791034e-01
 -1.21466272e+00 -1.40825308e+00  2.28562253e-03 -4.07906766e-01
 -6.12770497e-01 -2.71477128e-01  7.40987500e-01  2.01970046e-01
  1.81170102e+00 -1.33601486e+00  8.60546581e-01 -1.26520557e+00
  3.55569522e-01  1.09080762e+00 -1.71247169e-01  6.02675426e-01
 -4.46178013e-01  5.10953337e-01 -4.62644522e-01 -8.13182405e-01
  1.30898963e+00 -3.20771440e-01  7.57638616e-01 -1.04650841e+00
 -1.80933572e+00 -6.00476977e-02 -1.61604341e+00  7.84920534e-01
  4.04124768e-01  2.48846385e-01 -1.53208218e+00  3.33045978e-01
  1.91724320e+00 -1.58447077e-02 -5.18986283e-01  7.20954629e-01
  9.40294302e-01 -1.18278791e+00 -3.60785094e-01 -5.78311703e-01
  1.40057129e-02 -2.26947782e-01 -6.62614336e-01 -1.97899813e+00
 -2.89518989e-02 -1.56136449e+00 -6.48801348e-01 -3.34345149e-01
  1.02207769e+00  8.90853179e-01  7.38905511e-01 -2.39904042e+00
  1.46364281e+00 -7.84707154e-01  8.44461403e-01  4.48697348e-01
 -2.59597557e-01  2.06693923e-02 -1.43578462e+00 -2.29336582e+00
  1.90733725e+00 -1.84457408e-01  9.41419201e-01 -1.14039501e+00
 -8.50579699e-01  9.82687606e-03  1.09259259e+00 -1.11201699e+00
 -1.45922463e+00 -9.60338574e-01  1.14349675e+00  1.93938992e+00
  1.67603873e+00 -4.63016960e-01 -9.18493011e-01 -1.07611240e+00
 -2.02846442e+00  1.19248092e+00 -3.60750382e-01  1.61252214e-01
  3.84050045e-01 -7.00870341e-01 -1.25763375e+00  6.08399013e-02
  1.26558808e+00  3.41573638e-01 -2.78601030e-02  9.84885964e-01
  1.23285805e+00 -1.56296569e-01  3.77316801e-01  7.31844989e-01
  3.82240674e-01 -3.45006527e-01  1.86134820e-01  7.11215325e-01
  7.52584607e-01  2.97140340e-02  2.59930052e-01 -3.14957063e-01
 -1.89922657e-01 -3.04013222e-01 -8.36296154e-01 -1.87632191e+00
 -6.99270426e-01  5.17127820e-01  7.39204419e-01 -3.67281152e-01
 -1.57410674e-01 -4.04107305e-01  1.74782416e+00  8.02193975e-01
  1.40482272e+00  2.51019678e-01 -1.60293465e+00 -5.28001429e-01
 -5.46217959e-01 -9.98367783e-01  9.90464375e-01 -1.82935517e+00
  8.87706135e-01 -1.07788248e+00  3.62839274e-01 -5.86107773e-01
 -8.65842873e-01  2.91575648e-01 -3.60852376e-01  4.40222618e-01
  1.11848432e+00 -1.23449851e+00  1.39632096e-01  6.51664704e-01
 -3.22225263e-01  1.70752074e+00 -8.84583033e-01  4.73498671e-01
 -4.62524424e-01  3.96163204e-01  7.90220330e-01  1.13367694e+00
  1.04362674e+00 -3.39576508e-01  1.24979530e+00  2.26066631e-01
  2.45081714e+00  1.82112163e-01  1.07585028e+00 -1.34341169e+00
  1.27526420e+00  7.47730113e-01 -1.32319861e+00 -1.04138445e+00
 -2.63248422e-02 -8.74037964e-01  3.27869656e-01 -1.82744262e-01
  1.64481334e-01 -1.82672274e+00 -4.11072635e-01 -7.17971347e-01
  8.72909558e-01 -9.74768287e-01  2.47336877e-01 -1.73307829e+00
  5.83050922e-01 -4.00804653e-01  3.54293435e-02 -5.00684311e-01
  7.09173164e-01 -7.03574306e-01  6.31832517e-02 -7.62979815e-01
 -1.07793368e+00 -6.40062204e-01 -4.21695229e-01 -2.36977836e-01
  2.00153988e+00  1.13385188e+00 -3.67134750e-02  1.07346518e+00
 -8.74677709e-01 -1.14416609e+00 -1.80418840e+00 -7.13009360e-01
  3.46358652e-02  9.45285139e-01 -1.02083560e+00  1.60582129e-01
 -4.14483968e-01  3.63664062e-01  9.10781641e-01 -1.41175182e+00
 -2.17606047e-01 -6.51056870e-02 -1.39036736e+00 -1.78983055e-01
 -2.59470561e-01  2.51713687e-01  5.53277892e-01  2.09731028e+00
  1.28210486e+00 -2.03578851e+00 -1.97583828e+00  1.00111627e+00
  9.63436463e-01  1.16098699e+00  4.52890703e-01  9.31785921e-01
 -1.73732132e-01 -4.78418104e-01  1.16642402e+00 -1.49356387e+00
  7.29941742e-01  5.75732989e-01 -2.66427210e-01 -1.03567927e+00
  3.86458390e-01 -4.00847532e-02 -5.25403153e-01  1.79822940e-01
 -3.92020667e-01  1.76604896e+00  3.60043530e-01  9.99530868e-01
  1.00240716e+00 -4.33746828e-01  5.25537957e-01  1.18460581e+00
  1.32511177e+00  1.16985724e+00 -1.38923942e-01 -1.38202577e-01
 -1.83247332e+00  5.58876383e-01 -8.78913571e-01 -1.37112779e+00
 -8.70759535e-01 -4.04418408e-01 -3.14669912e-01 -1.85294524e+00
  5.11196760e-02  1.90030871e-01 -6.56996559e-02 -4.16382164e-01
 -4.29507156e-01  2.45073146e+00  9.27730905e-02 -3.62934974e-01
 -4.24318309e-01  4.51737460e-01 -1.76170299e+00 -5.85464206e-01
  3.74993797e-02 -6.67985061e-01 -4.39288169e-01  3.82428474e-01
 -3.42695874e-01 -7.62621262e-01 -5.26116082e-01 -2.23370510e-01
  5.48199914e-01 -1.40692788e+00 -1.29449041e+00  1.60756646e+00
 -1.10528250e+00 -5.23796372e-01  1.94289618e+00  3.26501666e-01
 -7.85714463e-01 -4.49559210e-01  3.16683781e-01 -6.12287012e-01
  4.82649050e-01  1.57853497e-01 -2.57356201e-01 -8.72128566e-01
  2.91285776e-01 -1.29346551e+00 -1.48164006e-01  2.88178910e-01
 -1.01358810e+00  2.24208562e-01  3.13214667e-01 -1.86930575e-01
 -1.63955021e-01 -1.50171073e+00 -8.79598837e-02  7.35914651e-01
  3.69257813e-01  4.95148050e-01  8.07978412e-01 -1.46733866e+00
 -7.85595975e-01 -5.48569877e-01 -5.23523949e-01 -3.20894092e-01
  1.52287469e+00  1.37030970e+00  1.02706804e+00 -1.43576199e+00
  7.69347662e-01  7.37965464e-01 -1.40822701e+00 -5.05833436e-01
 -1.61722004e+00  1.25425881e+00  1.87796091e+00 -2.00215615e-01
 -9.23771602e-01  4.43976373e-01 -1.40241444e+00 -8.86799441e-01
 -1.18634770e+00  6.54036064e-01  5.87616022e-02  2.48474045e-01
  6.54534435e-01  1.61300791e+00 -1.30894863e+00 -3.34309031e-01
 -1.30383427e+00  1.02869641e+00  1.12248069e+00 -9.62007377e-01
  2.28239004e-01  3.22887473e-01 -1.42129180e+00  4.37280458e-01
 -3.26585157e-01  6.78903437e-01  1.35148978e+00  4.00949888e-01
 -1.15411774e+00  2.05463538e-01 -3.87521905e-01  1.19428683e+00
 -9.81957489e-01  1.78658503e-01 -9.21798084e-02  3.53518741e+00
  1.46855940e-01 -1.26320879e+00 -2.78609109e-01  6.07911342e-01
  5.49669494e-01 -9.22396023e-02 -8.86423760e-01 -7.93299828e-01
  5.42248851e-01  1.49060349e-01 -6.89809726e-01  5.68091746e-01
 -7.58059588e-01  1.38984586e+00 -1.68938620e+00 -1.08440464e-01
 -1.00759946e+00  1.29724580e+00 -3.50524765e-01 -1.11197812e+00
 -2.70850915e+00 -2.05992933e-01 -6.44223224e-02  6.50624958e-01
 -1.87858690e+00 -2.17326029e+00  1.97504390e+00 -8.49161381e-01
 -1.91187082e-02 -2.46099112e+00  5.57324680e-02  1.53115986e+00
 -7.97486614e-01  1.71980312e+00  1.05040516e+00 -1.00367842e+00
  1.73190982e-01  1.03654440e+00  2.01943936e-01 -1.28224765e+00
  1.99073713e+00 -2.48943320e+00  2.42946407e-01  6.78824930e-01
 -4.33405397e-01  3.94836265e-01 -2.00341141e+00  1.91503566e-01
 -2.00863582e+00  9.09735484e-01  1.71856623e+00 -2.04969855e+00
 -1.67554670e+00  3.87524682e-01  6.00726958e-01 -1.06067782e+00
  1.73644178e-01 -8.22174405e-02 -5.87796830e-03 -1.87197558e-01
  7.57410609e-01  1.05839096e+00  5.79356578e-01 -1.30051946e+00
  1.69386079e+00  1.54812900e-01  2.63973375e-01  1.31331158e+00
 -7.79407355e-01 -2.13972252e-01  2.30703399e-01  6.79271440e-01
 -1.22552759e+00 -2.32482042e-01  2.12198763e-01  3.96185386e-01
 -5.15011462e-02  1.41925638e+00  1.12235867e-01  1.27630523e+00
  1.12569908e+00  4.51115890e-01  3.60422010e-01  4.07394375e-01
  8.43844262e-01  6.35133509e-02 -4.72657660e-02 -5.67218131e-01
 -1.04235461e+00 -7.36812660e-01  1.37604584e+00  4.91099134e-01
  6.60489795e-01  1.61734549e+00 -3.72739205e-01  9.34237824e-03
  1.57401812e+00 -4.15426309e-01  2.39098766e-01  2.52740390e+00
 -1.01036427e-01  5.67717963e-01 -8.87753535e-02 -6.13885751e-01
  1.09092955e+00  5.75125926e-01  6.70713206e-01 -5.21859569e-01
  1.29207677e+00  6.76920085e-01 -7.35373770e-01  2.70708206e-02
  1.62240092e+00  1.25068045e+00  1.09923382e+00  4.07377707e-01
  2.53921971e-02 -8.39739161e-01  1.26281401e+00  9.32956851e-01
 -1.92772372e-01 -1.76394694e+00 -5.19408787e-01 -8.88545579e-01
 -9.93766185e-02 -9.11002811e-01  1.96516344e-01 -1.33846260e+00
 -3.73029543e-01  2.69710941e-01 -1.58043249e+00 -6.86291140e-01
 -1.78875795e-01  5.73526685e-01 -9.75278351e-01  1.20016826e+00
 -3.44367494e-01  9.78163066e-01 -8.58029942e-03  1.35136881e+00
 -2.05413082e-01 -5.76150498e-01  1.51654657e-01 -3.23509477e-01
 -8.67431610e-01 -1.40406571e-01  1.02878030e-01 -2.32213359e-01
 -2.16258192e-01  3.65592832e-01 -5.93774071e-01 -9.45887029e-01
  3.91257029e-01 -5.13085419e-01 -5.51222291e-02  1.94186829e-01
 -8.47369030e-01 -1.38520683e+00  1.98244471e+00  1.55912091e+00
  1.32799295e+00 -1.24217106e+00  3.94763098e-01  1.94470941e+00
 -8.80963818e-01  7.30058458e-01  2.01281129e-01 -1.30463451e+00
 -8.01783616e-01  1.13271206e+00 -2.72256751e-01 -6.43974686e-01
  8.75247075e-01  3.94607264e-01  6.68076550e-01 -1.08517766e+00
  5.28949546e-02 -8.04698368e-01 -2.68448520e-01 -8.91680292e-02
 -7.44427495e-01  2.97193027e-01  8.30304797e-01  3.57777965e-01
  1.81525584e-01 -7.34809121e-01  4.30685153e-01 -5.34523380e-01
  2.85089907e-01  4.55096530e-01  1.25432734e+00  4.38261999e-02
  1.77153391e+00 -4.99409089e-01 -8.45294233e-01  1.90544280e+00
  8.84982898e-01 -1.83838734e-01  1.34658600e+00  1.01446737e-01
 -2.26922297e+00  4.33119215e-01  1.43163815e-01 -6.84342309e-02
 -2.51648503e-01 -6.63202661e-02  1.55848231e+00 -6.89560708e-01
  8.05661875e-01 -1.03730843e+00 -2.67900062e-01  1.40715139e+00
  5.09267678e-01  3.15519396e-01 -4.80283030e-01 -6.37770737e-01
  3.25480716e-01 -1.18257272e+00 -5.19902217e-02  9.47183293e-02
 -2.06205214e-01 -3.15371325e-01 -4.41088200e-01  6.14910083e-01
 -1.22522539e+00  1.60785314e-01 -3.57946296e-02  3.43458680e-02
 -1.31971582e+00  1.98888995e+00 -1.37198311e+00 -5.31206866e-01
 -8.66083208e-02 -1.08149662e+00 -6.42528285e-01  6.13746205e-01
 -1.09740924e+00  8.84682890e-01  4.55042505e-01  4.18070748e-01
 -1.82783206e-01  1.47315743e+00 -4.77335359e-01 -1.58714358e-01
  2.52793393e-01  7.64649916e-01 -2.26061723e+00  2.95881802e-01
  7.12896126e-01  7.51982996e-01  3.74194853e-01  6.52515592e-02
 -1.48113289e+00 -3.81413637e-01  1.06726885e-01 -8.15596706e-01
 -1.09591074e+00  9.73631741e-01  1.65161829e-01 -4.42146638e-01
 -4.56628050e-02 -3.55169249e-03 -1.09271340e+00 -9.57546542e-01
  2.45391451e-01 -9.65122242e-01  2.69035941e-01  9.97896314e-01
  1.74239118e+00  2.98932029e-01  9.35313314e-01  1.27354667e+00
 -7.59707142e-01  3.43569653e-01  1.41215025e-01  8.11548706e-01
  5.74859706e-01 -5.96190228e-01 -5.63459086e-02  2.58843786e-02
  1.47659653e+00 -8.97524020e-01 -1.57223699e+00  1.25363890e-01
 -6.33096406e-01  5.37875486e-01 -1.25089633e+00  2.64271914e-01
 -7.05302111e-01  1.20743083e+00 -1.37383030e+00 -7.27048426e-01
 -2.01553388e-01  1.52918833e+00 -1.20932731e+00  8.61316529e-01
 -1.26624290e+00 -1.53290583e+00  1.02996068e+00 -2.15494044e+00
  1.15748190e+00  8.71770221e-01  1.66212971e-01 -3.68409448e-01
  7.33625486e-01 -8.69125301e-01  1.01111080e+00  7.55616179e-02
  2.98428186e-01  1.14358188e+00  1.09818696e+00 -1.67235396e+00
 -2.42540226e-01 -1.22103306e+00 -7.09795528e-01 -2.28412563e-01
 -9.10624674e-01  1.58000723e-01 -1.60732288e+00  8.67322557e-01
  9.50285379e-01 -1.03319962e+00  1.90120714e-01  8.30876235e-01
 -4.52830030e-02 -1.72588235e+00 -3.78288255e-01 -7.18860330e-01
  1.50896414e+00 -2.99853709e-01 -5.19325817e-01  1.84371925e-01
 -1.94923914e-01  1.61694204e+00  7.44858397e-01  4.43611113e-01
  5.07811970e-01  2.51409809e-01 -1.46990474e+00  7.70665894e-01
 -1.22808162e-01 -1.59865742e+00  5.62327842e-01 -1.46710750e+00
 -9.39248804e-01  3.45810036e-01 -1.28719847e+00  2.54131444e+00
  6.81468098e-01 -3.56174017e-01  7.82190828e-03 -3.07215176e-01
  1.31486576e+00  8.23101241e-01 -1.02310525e+00  3.32094502e-01
 -2.16031095e-01  8.23858214e-01  1.46004991e-01 -7.96426953e-01
 -1.61027864e+00 -1.30106044e+00  4.55308570e-02 -3.73953029e-01
 -7.92104153e-01  9.25485722e-01  1.50043515e-01  8.81687999e-01
  3.44087029e-01  1.72320693e+00  1.78271789e-01  3.10291389e-01
  7.05961931e-01 -8.84303075e-01  3.38163234e-01  4.95033866e-01
  3.58366100e-01  6.58732993e-01 -2.75922800e-01 -2.06791310e+00
  5.83686817e-01  1.76811955e-01 -6.15142923e-01 -7.65804033e-01
 -5.46076973e-01 -7.56715515e-01 -6.06769323e-02  1.29138395e-01
  9.94694624e-01 -1.05427753e+00 -5.49817944e-01  3.74368213e-01
  1.46273166e+00 -1.07059556e+00  3.79323231e-02  6.92022764e-02
 -4.73419579e-01  1.30907966e+00  4.58412294e-01  1.12031521e-01
  2.39844334e+00  9.46998956e-01 -9.10159495e-01  9.34847218e-01
 -4.29888038e-01  4.31267267e-01  2.18933874e+00 -2.50576712e+00
  5.16156915e-01 -3.61675335e-01  7.17291895e-01  2.14987971e+00