-5.07860361e-01  1.42249123e+00  6.40009703e-01  1.49786413e+00
 -1.16537561e+00 -9.25908210e-01  5.80280425e-01 -1.11887348e-01
 -5.93952465e-01  1.56634410e+00  3.75516006e-01  1.10151740e+00
  3.21569906e-03 -2.34864418e+00 -6.23866379e-01 -5.91664621e-01
 -6.68856610e-01 -4.34738265e-01  1.91430595e-01 -1.10926737e+00
 -3.65315561e-01  2.78767404e-01  8.42025301e-01  1.38609435e+00
  4.19121632e-01  1.98749093e-02 -9.11719869e-01 -6.99718486e-02
 -9.73752792e-01 -1.03821650e+00 -5.47170028e-01 -8.40625490e-01
 -3.67554395e-01 -3.94267012e-02  9.32216662e-02  9.29810202e-01
 -8.61514487e-02  1.41934819e+00 -5.63171703e-01 -1.35828692e+00
 -1.43017224e-01  5.07517571e-01  2.71001718e-01  4.10095361e-01
 -5.81549998e-01  8.79389308e-01  5.66485643e-01  1.75249660e-01
  8.36263106e-01 -4.13053762e-01 -1.09122296e+00  1.46180192e-02
 -9.20135777e-01  5.23372395e-01  2.20928240e-01  9.19140057e-01
  1.08656145e+00  9.31548405e-01 -7.88680225e-01 -3.43099833e-01
  2.04432572e+00  2.16132608e-01  6.91294218e-01 -1.49758182e+00
  2.40288691e-01  3.36271376e-01 -6.74410052e-01 -1.25276607e+00
  5.62931595e-01  3.30885182e-01 -9.28026204e-01  5.54240015e-01
  5.45414950e-01 -3.22026036e-01 -7.60828837e-01  1.13442267e-01
  2.97772423e-01  6.54385566e-02 -4.71101337e-01  2.81270039e+00
 -5.89985307e-01 -4.36317734e-01  6.36506529e-01  8.91386485e-01
  7.48734492e-01 -1.62742172e+00  2.09820376e-01  3.23968247e-01
  1.62016917e+00  2.23084317e+00  1.14887952e+00 -2.01277220e+00
  7.21977082e-01  4.68717548e-01  1.34550839e+00  4.49272590e-01
  2.22321125e+00  7.48029998e-02  2.74624548e-01  1.36142816e+00
 -6.05084773e-01 -1.06437664e+00  3.89804352e-01  5.56111595e-01
  7.34444706e-01 -8.28248389e-02  1.33890614e-01 -1.23505678e+00
 -2.03910179e+00 -1.23401666e+00  1.80320375e+00  6.14330576e-01
  6.06175537e-01 -2.92481087e-02 -1.94111054e-01  4.69586875e-01
 -1.51236257e-01 -7.72772143e-01 -1.04490555e-01  4.52917009e-01
 -2.33745418e+00 -1.34652776e-01  3.20316897e-01 -1.46161429e+00
 -3.06121356e-01 -1.07943517e+00 -9.76720505e-01 -1.02637462e+00
  3.38189023e-01 -9.57423470e-02 -5.81205714e-02 -1.52732149e+00
  2.38788763e+00  1.10048379e+00  2.22544876e-01  2.06634839e+00
  3.45603995e-01 -1.41840979e+00 -2.48384590e-02  9.57884246e-02
  1.02731432e+00 -3.35783213e-01  9.80912793e-01  5.54568842e-01
  4.47628186e-01 -1.23837102e+00  6.09143431e-01 -2.15421480e-01
 -1.10239456e+00  2.74067732e-02  7.90630250e-02  2.45441629e-01
 -1.47525441e+00 -1.28935186e+00 -1.21844526e+00  9.86908290e-01
  1.41024634e+00 -8.16804188e-01 -1.06451036e+00  1.43859240e-01
 -1.95121768e-01 -1.25625947e+00 -8.25222420e-01  1.70560887e-01
 -4.89712314e-02 -3.00804673e-01  9.60372369e-01  9.89159986e-01
 -4.70848578e-02 -3.26025786e-01 -6.37094458e-02  9.28830727e-02
 -1.46058372e+00 -1.37017511e+00  3.63670246e-01 -6.80535057e-01
 -1.00717813e-01  3.93267058e-01  1.05425041e+00  1.17225004e+00
  9.16083115e-01 -9.21895758e-01  5.13915130e-01  1.68055543e-01
 -1.64189074e+00  2.11584935e+00  6.55262123e-01 -1.64441353e-01
  1.83916033e-01  9.16319563e-01 -3.94867369e-01 -4.97485655e-01
 -8.33554413e-02 -1.97354999e+00  1.01970903e+00  3.69348745e-01
  1.63029751e+00  1.47755684e+00 -4.14308646e-01  3.32975375e-01
  5.57356949e-01  1.25663425e+00 -9.73971772e-01  7.78403582e-01
  1.27596959e+00 -8.09705274e-01 -6.79310514e-01  2.25157695e-01
  4.45033575e-01  2.35628075e+00  3.25713493e-01 -2.39643316e+00
 -7.14911601e-01  1.23925979e+00 -3.89645816e-01 -8.44438398e-01
  5.34901886e-01  1.13075822e+00 -1.42080629e+00  1.16238449e+00
  3.89526587e-01 -4.78187643e-01  2.02509121e+00  7.83024206e-01
  2.16933488e-01 -1.51872204e+00  8.24444000e-01  1.26264014e+00
 -2.12722990e-01 -1.07734154e+00 -2.87460073e-01 -4.84163170e-02
  1.32325781e+00  5.20698698e-01 -7.64972593e-01  4.80873468e-01
 -4.97361718e-02 -7.87241421e-01 -3.62921375e-01  1.18852757e+00
 -1.25589332e+00  7.52687173e-01  4.07300925e-01 -7.98860642e-01
  1.10647751e-01 -2.43406481e-01 -8.44908557e-01  1.46284951e+00
 -1.74362150e+00  1.61298250e-01 -1.52824599e+00 -2.81821345e-01
 -1.15200162e+00  1.21796394e+00 -2.50604453e-01 -1.09297601e+00
 -3.05874674e-01 -1.47956892e+00 -1.27257853e+00 -1.39248390e+00
  1.16015788e+00 -1.10468883e+00 -1.66512406e+00  1.45870224e-01
  1.30046322e+00  3.73581209e-01 -7.04474620e-01  1.93916319e+00
 -1.37074543e+00  6.37366206e-01  1.08964201e+00 -1.10771845e-01
  1.55428655e-01  6.79015739e-01  1.76033978e-01 -1.18286594e+00
 -1.33101194e+00  6.88439022e-01  4.53113149e-02 -4.58766112e-01
 -3.63522331e-01 -1.74797755e+00  7.06163505e-01 -8.88934866e-02
  5.51834767e-01  1.14339763e+00 -2.10654859e+00  4.42715246e-02
 -8.49984657e-01 -8.49859327e-02 -2.23869357e-01  1.42901033e+00
  3.90092247e-01 -7.91473868e-01  1.24756116e+00 -9.11227308e-01
  3.69796319e-01  1.54495680e+00 -1.09173651e+00  5.43449379e-01
  8.81163052e-01 -1.59271726e+00  2.64482084e-01  1.28919832e+00
 -6.41416756e-01 -3.85208252e-01  5.38689515e-01  1.56283294e-01
  4.52042333e-01 -1.00507339e+00 -8.59723547e-03  2.45515177e+00
  6.19677036e-01 -5.39158700e-01 -1.76677903e+00  1.84555889e-01
 -8.13554465e-01  3.89589680e-01  1.52595065e+00 -1.06997158e+00
  1.26608748e+00 -4.88264595e-01  8.92311002e-01 -7.42108885e-01
 -3.87449399e-01  9.83504063e-01 -7.06179952e-01  5.16741600e-01
  4.04112882e-01 -6.66429108e-01  1.73392222e-01  6.49739187e-01
  8.50758872e-01  3.53319072e-01  1.50551511e+00  2.18909159e-01
 -2.17169482e+00  7.52252832e-01  1.32127003e+00 -7.89997905e-01
  3.91204308e-01 -1.00172002e+00  1.21701244e+00  1.02822036e+00
  2.45313508e-01 -3.34332919e-01 -1.46275300e+00 -8.93750660e-01
 -1.26151127e+00 -9.49684745e-02  1.97675357e-01 -1.76253146e-01
  9.02604038e-01 -2.58709115e-01  1.52466729e+00  1.36703386e+00
  5.43376054e-01 -8.22394756e-01  5.68947868e-01 -2.43564755e+00
  2.84724275e-01 -3.24535498e-01 -9.35705737e-01  4.20543664e-01
  5.47375647e-01  7.18019548e-01  6.63444882e-03 -5.20465363e-01
 -2.73809856e-01 -2.05838304e-01 -2.07636970e+00 -1.33968495e+00
 -6.40818713e-01 -8.63934751e-02  6.80000654e-01  9.72606167e-01
  3.65349321e-01  6.20988579e-01 -8.45158842e-02 -1.72948782e+00
  1.11122662e+00  2.57102630e-01  3.14276231e-01  3.92080724e-01
  8.81009620e-01 -1.98798630e-01  4.38597482e-01  3.87162155e-01
 -1.10089596e+00 -1.13150290e+00  8.21304047e-01 -3.59053700e-01
 -1.29541423e+00 -1.87543852e+00 -2.16120602e+00  3.50320327e-01
 -1.06889180e+00 -1.61064835e+00 -1.31130429e-01  7.98608563e-01
 -7.62148692e-01 -8.70972599e-01  5.56237581e-01  5.76614905e-01
 -1.66606674e+00 -3.69603425e-01  7.77401597e-01 -1.43670148e+00
 -8.34380704e-01 -9.54948004e-01  4.20558977e-01  4.31592772e-01
 -4.67906273e-01  1.41518391e-01 -1.63401492e+00 -1.67021325e+00
 -2.61285715e-01  2.42985023e-01 -4.07546849e-01  1.53858084e-01
 -1.40333256e-01 -6.82552829e-02 -7.05192663e-01 -6.96273578e-01
 -3.02132581e-01  3.30205952e-01  1.20395781e+00  1.04451557e+00
  1.28175007e+00  5.87507505e-01  7.73164069e-01  5.07823458e-02
  6.65888121e-01  3.57013865e-01 -5.02016507e-02 -9.02158778e-01
  6.55081941e-01 -6.59305823e-01 -2.69595380e-01  1.07751959e+00
 -7.28084244e-01 -1.22322321e+00 -4.42891504e-01  1.45796353e+00
  4.03074036e-02  5.91094906e-01 -7.77241055e-01  5.21367616e-01
 -4.32395929e-01  2.41835958e-01  6.42807612e-01 -3.27316494e-01
  3.66399040e-01  2.18356243e+00  2.15465129e+00  2.58690560e+00
  8.45794805e-01 -1.38184854e-01  2.47340022e-01  1.05304741e+00
  1.12350906e-01  1.28849692e+00 -1.55629889e+00  4.42238069e-01
  1.41475197e-01 -1.32998427e+00 -2.31583492e-01 -3.42546385e-01
  1.79573595e+00 -2.40090990e+00 -5.34203148e-02 -6.67365862e-01
  1.41135025e+00  3.43672690e-01  2.04521844e+00 -1.39276562e+00
  4.14345424e-01 -6.96847954e-01 -8.86733121e-01  9.85882891e-01
  1.36817546e+00 -6.57887925e-01 -7.29396525e-01  1.94601791e+00
 -2.63126017e+00  1.55708771e+00 -1.16658135e+00  7.74056978e-01
 -1.00212652e+00 -8.14675637e-03  1.65667476e-01 -6.91555384e-03
 -5.07107549e-02  4.55323848e-01 -1.22282399e+00  6.58675382e-01
 -7.18245408e-01 -9.38895359e-01  2.05353985e+00 -3.58468795e-01
  2.02890764e+00  1.47565801e+00 -1.88952754e+00  9.58790444e-01
 -1.35237883e+00 -1.26936297e+00 -1.23385988e+00 -1.42151809e+00
 -1.35816378e+00  3.09378657e-01 -1.20630024e+00 -2.39306445e+00
  3.25638896e-01  6.02482215e-01 -3.47416152e-01  6.04994223e-01
  8.27293743e-01  5.31990977e-01  7.78023673e-01  1.88451165e-01
  1.45580183e+00  1.31195176e+00 -9.39012307e-01  1.91553034e+00
 -7.97745093e-02  3.88412469e-01  1.70677642e+00 -1.87166508e+00
  3.04902640e-01 -4.54484609e-01  2.01248888e-01 -2.32669509e-01
  5.52719022e-01  5.45084248e-01 -1.12759985e+00  5.65248134e-01
  1.79490145e+00  2.07251224e-01  5.93208172e-01 -6.39926808e-01
  8.14952373e-01 -4.11069554e-01 -8.77390938e-01 -7.94644342e-01
 -1.28959382e+00  9.20969130e-01  4.02696924e-01 -1.39644276e+00
 -1.78686232e+00  7.50381459e-01 -9.81959155e-01  5.58162630e-01
  2.85906189e-01  1.10265482e+00 -2.34576303e-01  4.34596152e-02
 -5.14638806e-02 -7.93420951e-01  1.31470851e+00 -8.62236268e-02
 -6.67895727e-01 -1.70269930e+00 -1.67378827e-01  2.37810010e-01
  2.12278780e+00  9.43528796e-01  2.24804073e-01  4.05927271e-01
 -1.71071018e+00  1.95395358e+00  4.34512217e-01 -4.59239457e-01
 -3.00620409e-02 -7.70213458e-02 -7.36213789e-01  1.33851900e-01
 -2.22034752e-01  6.63960425e-01 -9.82024357e-01 -1.21065274e+00
 -4.34744713e-01 -5.85783354e-01  1.30845254e+00  6.54540360e-01
  8.65686610e-01  3.41520354e-01 -1.40876518e+00 -6.36208730e-01
 -1.87686805e-02 -6.90276870e-01 -9.65039917e-01  2.38381977e-01
 -2.36675957e-01  3.70437029e-01 -9.68801768e-01 -1.10279336e+00
  2.96026521e-01 -1.42329171e+00 -1.60204957e+00 -4.50782908e-01
  1.57066308e-01  2.89549696e-01 -1.08325427e+00  1.81847870e+00
 -8.50865516e-02  5.95201169e-01 -8.58424040e-01 -5.13568118e-01
 -3.60467808e-01 -2.43387811e+00 -4.52255026e-01 -1.23523156e-01
 -1.39124639e+00 -1.22765565e+00 -1.34363244e+00  9.52725803e-01
  8.52957287e-01  1.73101353e-01 -7.37382466e-01 -1.76747388e+00
  1.64226239e-01 -1.29309036e+00  8.66685962e-01 -6.18613046e-01
 -5.25097808e-02  5.55361490e-01 -7.13210413e-01 -1.83040676e+00
 -5.88445386e-01 -1.59314809e+00 -6.09531590e-01  3.36549541e-01
  1.01077075e+00  1.80095154e-01 -6.94736030e-01 -3.29769760e-02
  1.20181803e+00 -1.03680315e+00  1.70303983e+00  9.29275752e-01
 -8.62379397e-02  1.70918068e+00  1.55538251e+00  1.63157553e+00
 -8.88191665e-01  1.09603689e+00 -6.08541266e-01 -1.04100935e-01
 -4.34264474e-01  9.97449424e-01  2.23066151e-01  4.02464543e-01
 -8.43693260e-01  7.75955173e-03 -4.66047201e-01  1.35998224e+00
  3.77984032e-02  1.48491372e-01 -3.06970584e-01 -5.03644162e-01
 -7.76740847e-01  1.84095464e+00  2.11749159e-01  5.19225621e-01
 -1.06479922e-01 -1.23727148e+00  1.05673507e+00  1.33099278e+00
 -2.96120514e-01  3.43648629e-01  1.31067543e-01 -1.20925246e+00
 -2.27734215e-01 -1.53618783e+00  5.29233490e-01 -9.82044107e-01
  2.80592139e+00  1.12336278e+00 -8.77754840e-01 -4.21589453e-01
  4.41468636e-01 -8.56506583e-01 -4.37013824e-02  9.11292086e-01
  4.66994416e-01 -1.44789355e-02  1.36400472e+00  4.52938810e-01
 -5.33345772e-01 -1.55918947e+00  4.67659416e-01 -6.98408642e-01
  7.55453059e-02 -5.38622412e-01 -4.64086015e-01  2.08207985e-01
  7.08608694e-01 -5.34691450e-02 -1.07827727e+00 -5.22860626e-01
  3.73242858e-01  1.74048817e+00 -2.66513307e-01 -1.13262402e-01
 -3.80521283e-01  1.16581885e+00  5.65202607e-01 -1.52784488e+00
  4.99694411e-02 -2.27521792e+00 -4.25446714e-01 -2.04603472e+00
 -5.41210901e-01 -9.11553466e-01 -7.17096748e-01 -7.55496899e-01
 -6.08585300e-01 -1.46702638e+00 -1.89494272e+00 -1.04012320e+00
 -1.04719712e+00 -3.71303295e-01 -2.83199186e-01 -6.10115433e-01
 -1.09292467e+00  1.73132808e+00  5.64318092e-02 -2.03443825e+00
 -2.17282862e-01 -6.63061915e-01  2.17539223e-01  7.01960942e-02
 -7.21841235e-01  8.40656405e-01 -5.67422488e-01  9.65581071e-01
 -1.57628258e-01  1.13595855e+00  4.77781980e-01 -1.63995716e-01
  2.44901901e-01  1.07045606e+00  1.16669342e+00  3.06382913e-01
  6.47082964e-01 -5.23768883e-01  3.95931459e-01 -5.93691969e-01
 -1.03186978e+00  1.59182836e+00  1.57634809e-02  5.11738416e-01
  9.43475494e-01 -1.34105137e+00 -1.16155753e+00 -2.78848006e-01
 -3.73317493e-01 -1.75165886e+00 -1.59529614e-02  8.21023058e-01
 -7.24194003e-01  6.95195054e-01 -5.13083284e-01 -9.20448283e-02
  5.38923851e-01 -8.46136648e-01 -6.06961945e-01  1.49864734e+00
  2.37163990e+00  3.13217966e-01 -9.35492676e-01 -1.84921291e+00
  8.81819951e-01 -8.80508524e-02  6.74910413e-01  4.20851658e-01
  6.56651893e-02  1.83243508e+00 -1.55986619e+00  3.60965368e-01
  1.48130314e+00 -1.37822123e+00 -1.70044408e-01 -3.29093104e-01
 -2.10223401e+00  2.68901288e-01 -1.32359728e+00 -3.83175789e-01
 -2.00107847e-01  2.68865988e+00 -5.70092090e-01 -3.55344329e-01
 -1.75496744e+00  8.37853606e-01  2.39537884e+00 -3.35192087e-01
  1.31858819e+00  1.15266132e+00 -1.65064531e+00 -9.69607040e-01
  6.55876875e-01  2.76841342e+00 -1.79358528e+00 -6.81973136e-01
  1.49536530e+00  1.51133334e+00  5.59794383e-01  1.27974855e+00
  1.23029751e+00 -1.11856502e+00 -3.06523262e+00  1.42880568e+00
 -4.85262049e-01  4.55896017e-01  2.00268227e-01  5.46154720e-01
 -1.50886229e+00  1.02738792e+00  8.21324456e-01  1.07295960e+00
 -4.07044831e-02 -1.99541048e+00  4.68188479e-01 -3.34501482e-01
 -6.66504982e-01  4.46723993e-01  5.74527716e-01  1.00874764e+00
  3.16815361e-01  1.01858617e+00 -5.08932828e-01 -2.68430527e-01
  6.76952956e-01  5.66697468e-01 -1.87059188e+00 -9.13774852e-01
 -2.53333006e-01 -6.44847903e-01  1.56172310e-01 -3.24672660e-01
  5.73289675e-04  9.32576740e-01  3.56013876e-01 -6.98654864e-01
 -3.35928994e-01 -9.27434753e-02 -1.07225887e+00 -2.32784392e-01
 -3.17284843e-01 -3.08353584e-01 -1.08489546e-01 -2.50149461e-01
 -1.10972839e+00  2.56523785e-01 -1.31662665e+00 -9.43998065e-01
  4.29059056e-02  3.06707677e-01  2.22298447e-01 -5.12242250e-01
 -6.07230284e-01 -1.49349514e+00 -1.02237530e+00 -6.09350177e-01
 -1.07084643e+00 -4.00285820e-01  3.71142119e-02 -5.59972183e-01
  5.78392607e-02  1.64775825e+00 -2.02371275e-01 -4.69173150e-02
 -1.22085046e+00 -4.71320714e-01  2.91000855e+00 -2.23746512e-01
 -1.92751713e+00 -5.97504657e-01 -1.77479873e+00  1.47233424e+00
 -1.28509882e+00  1.31056764e-01 -1.18918180e+00 -1.79774600e+00
  2.01370789e+00  6.67851459e-02  7.88285635e-01 -1.38178262e+00
 -3.45947226e-01 -1.57598794e+00 -6.30887577e-01 -1.03123973e+00
  7.14224275e-01  6.31741105e-01  2.64676482e+00 -5.49457153e-01
 -5.53019472e-01  2.75781528e-01 -1.25649121e-01 -1.61316603e-01
 -1.59601216e+00  4.16470841e-01 -5.30521814e-01 -1.03365322e+00
  1.75999397e+00 -8.06373936e-01  2.77765642e-01  6.88461756e-01
  2.22654506e-01 -4.14084652e-01 -9.75618990e-01 -3.38762462e-01
 -3.89744669e-01  1.78154470e-01  1.96161998e+00  1.73674500e-01
  9.86767793e-01 -1.72028074e+00  1.73182148e+00 -9.86191906e-01
 -1.10296283e+00  1.24080832e-01  4.06380268e-01 -2.67642317e-01
  3.43692663e-01 -6.17235148e-01  1.86740004e-01  4.04815174e-03
 -1.09889199e-01 -1.65427391e+00 -8.57005204e-01 -3.92930995e-01
  4.85952832e-01 -3.98598704e-01  2.22910669e+00 -9.28378453e-01
 -1.22745852e+00 -1.50352638e+00 -8.68409644e-02  7.45520758e-01
  5.84487585e-01  5.29307419e-01  9.21951524e-01 -7.39886946e-03
 -1.92457469e-01 -1.15807314e+00  4.58878672e-01  1.72169086e-01
 -1.07551217e+00 -1.61735716e+00 -1.95938896e-01 -6.05736824e-01
  1.09525246e-01 -1.11971210e+00  5.52228412e-01 -8.62943418e-01
 -9.76702117e-02  1.02970809e-01 -1.14375424e+00  2.30184182e-01
  6.76392176e-01 -6.42327390e-01  3.45715578e-01  1.02255768e+00
 -9.22873398e-01 -2.05225233e+00  3.43485309e-01 -1.34990403e+00
  8.88557566e-01 -1.25230457e+00 -6.32255138e-01 -3.28859352e-01
  1.37634919e+00  3.98683063e-01  1.49532865e+00  1.06889635e-01
 -1.43793026e+00  2.43057287e+00 -3.29981833e-01  9.92509828e-01
  7.20827750e-01  1.63822181e-01  1.17977118e+00  9.83965877e-01
 -4.70117047e-01 -1.86848989e-01 -2.41096026e-01 -1.23070275e+00
  6.50609361e-01  8.83888435e-01 -7.08370970e-01  8.95427009e-01
  6.31926398e-01 -1.77733783e-01  2.05447975e+00 -8.70220478e-01
  1.81055851e-01 -1.55736828e+00 -1.05518385e+00 -7.64286697e-01