 8.35286862e-01  4.67629060e-01 -8.26019474e-01 -2.18483118e+00
  7.35002351e-01 -1.42244789e+00 -1.02341650e+00 -1.28541619e-01
  9.33697791e-01  3.16839748e-02 -7.56461784e-02  6.72213917e-01
 -5.24820722e-01  5.73828198e-01  2.34044331e+00  2.73595042e-01
  4.21542565e-01  2.48283382e-01  1.61940340e-01 -1.11946556e-01
 -1.41244875e-01 -6.08094462e-01 -6.97951100e-01 -1.02093610e-01
 -1.94139379e+00  1.40569729e+00 -4.48463499e-01 -1.63031400e-01
  9.02088157e-01 -3.80745003e-01 -1.52401025e+00  4.36957467e-01
  8.54775364e-01  9.13712235e-01 -1.24927876e+00  2.32141404e-01
  4.58169192e-01  1.40147766e+00  3.77543978e-01 -1.10281504e+00
 -8.05699154e-01 -2.28275728e+00 -1.72508591e-01  1.34334649e-01
 -2.13928164e+00 -1.39728668e+00 -2.61895397e-01  1.16362755e+00
 -1.04109109e+00  1.86078192e+00 -1.01282743e+00  3.90148390e-01
  8.77918560e-01  8.27073941e-01 -1.14284690e-01  3.38599188e-01
  2.00870716e+00 -2.07056736e+00  1.67375428e-02  5.55941279e-01
 -1.12237130e+00 -1.20424091e+00 -5.21919923e-01  1.57732478e+00
  3.64797447e-01 -2.36091401e-01  6.74094859e-01  2.74141001e-02
 -3.95861593e-01 -8.70050278e-01 -3.57678658e-01  1.17922419e+00
 -1.10005595e+00  3.80774693e-01  6.99929374e-01  1.40327236e+00
  9.98641853e-01 -1.39098910e+00  5.52087381e-02 -2.03746888e-01
  2.42883163e-01 -5.52327557e-01  9.77328668e-01  8.11517889e-01
 -3.98996797e-01 -1.54696342e+00 -2.87060866e-01  4.64900437e-01
 -2.40918335e+00  3.99995209e-02  1.33525772e+00  3.73026838e-01
 -5.68831015e-01  9.90056706e-01 -4.88953105e-02  8.06059890e-01
 -3.97602991e-01  1.92295889e-02  3.46352959e-01  1.59597633e+00
 -1.44422366e+00 -5.27282531e-01 -1.11205938e+00 -1.49013040e+00
 -3.54757220e-01  2.90764026e-01  1.77108528e-01 -2.63453432e+00
  5.08978860e-01 -5.51422254e-01  6.09105457e-01 -1.45221037e+00
 -7.81874802e-01  8.91006779e-01 -9.40228330e-01 -8.16164430e-01
 -3.64514826e-01 -1.65877577e+00  1.67048069e+00 -9.08190424e-01
  1.03482094e+00  7.95654652e-01 -5.95593523e-01  8.99509546e-02
  1.92709710e+00  1.64859003e+00  3.55486558e-02  8.91169843e-01
  1.08793676e+00  1.51865989e+00 -1.76381894e+00 -3.45102538e-01
 -1.85678723e+00 -2.04014771e+00  6.31912809e-02  1.64369367e+00
 -6.94750148e-01 -3.79213596e-01 -1.32873842e+00 -8.38992218e-01
 -1.02342126e-01  3.11260651e-01  2.40379512e-01  7.07979646e-01
 -1.36206834e+00 -1.35408454e+00 -7.91650474e-01 -1.18119609e-02
  1.75136547e-01  8.23438629e-01 -3.47889685e-01 -5.76124266e-01
  2.30065129e-01 -9.41464631e-01  2.96572281e-01 -5.56366804e-01
  2.13461190e+00  8.83931914e-01  1.53925973e+00 -2.37988138e-02
 -1.66498247e+00  1.09557535e+00 -1.10517770e+00 -1.67677339e+00
  1.98564592e-01  5.35544639e-01  8.90321010e-01  1.65096269e-01
  5.64089174e-02  3.35761543e-01  1.22156085e+00  6.00673452e-01
  5.84258276e-02 -2.00487225e+00 -4.86417244e-01  7.10395422e-01
  6.11397525e-01 -6.62558501e-01  6.25501016e-01 -1.70312607e+00
  1.06318023e+00 -6.99278819e-01 -7.85141631e-01  4.16978051e-01
  1.74819070e-01 -3.00070266e-02  2.23759662e-01  1.95406148e-01
  1.75437226e-01 -9.42804515e-02 -1.52514438e+00 -6.71345651e-01
 -7.28425381e-01  4.50181660e-01 -3.04629817e-01  1.05513733e+00
  1.65316993e-01  4.68554644e-02 -8.80668966e-01 -2.97183412e-01
  1.44184459e+00  8.47337706e-01 -8.97045397e-01 -7.90536391e-01
 -2.09015966e-01  4.03427923e-01 -6.94406646e-01 -3.69384432e-01
 -1.90659688e+00 -9.41585736e-01  9.53301067e-01 -1.72033893e+00
  1.60502224e+00  3.27949230e-01 -1.76959974e+00 -2.24797699e-01
 -1.68960036e-01 -1.90270884e+00 -1.02140587e+00  1.63321098e-02
 -6.43236183e-01 -1.22819566e+00 -1.51607165e+00 -1.15796673e+00
 -5.45764116e-01 -2.09891939e+00  1.81676751e-01  5.16770648e-01
  4.31836806e-02 -7.83743187e-01  7.49126852e-01 -1.32571757e-01
 -2.37943306e-01  1.98973616e-02 -4.05887372e-02 -1.38331670e+00
 -1.30140605e+00  1.26357698e+00 -1.06977847e+00  1.09749419e-01
  9.21036933e-01  7.34677834e-01 -2.70885050e-01 -2.49687044e-01
 -1.53275020e+00  8.69434413e-01  1.34631827e+00 -1.25284870e+00
 -3.25512125e-01  1.63634569e-01  1.02770126e+00 -1.20308396e+00
  1.98530606e+00  1.78160104e+00  1.79065640e-01  5.70537019e-01
  3.08127795e-02 -1.43581071e+00 -1.35745363e-01  1.11844376e+00
 -4.13330974e-01 -7.79939720e-01 -1.75990785e+00  5.78055677e-01
 -2.56182346e-01 -1.66695683e-01 -7.42584805e-02  7.34527669e-01
  1.33832619e-01 -6.96950222e-01  9.33761028e-01  1.43205235e+00
  4.26760515e-01 -4.49310108e-01 -1.38075971e+00 -4.14619242e-01
  7.99635567e-01  1.58476959e-01  1.59865117e+00  1.15419379e+00
 -2.23489979e+00  3.14905975e-01  8.89959552e-02 -1.10461262e+00
  1.62285213e-01  4.55261630e-01 -4.15877182e-01 -1.10092161e+00
 -1.80088992e-01 -4.63702182e-01 -2.87016828e-01  1.23597744e+00
  1.11746608e+00  3.90683032e-01 -1.02756916e+00  4.31768412e-01
 -7.81853158e-01 -1.42940011e+00  8.04687697e-01  1.44064749e-01
 -6.07647851e-01  2.26121179e-01  1.61279439e-01 -2.21723389e-01
  1.33486397e+00 -1.24211919e-01 -8.29848999e-02 -4.23850826e-01
 -7.52229314e-01 -1.26514437e+00  4.79112272e-01  5.98707573e-01
  7.17661955e-01  1.01149355e+00  1.42944343e+00 -1.12710069e+00
  8.66298747e-01 -1.64931719e+00  5.76873704e-01  1.21190795e+00
 -7.64218720e-01 -5.09387744e-01 -1.47595554e+00 -8.48568074e-01
 -2.96074475e-01 -1.89486582e+00  1.00742285e+00  1.16598542e+00
  4.17320554e-01  9.33379873e-01 -4.01204392e-01  5.71613807e-02
 -5.09379612e-01 -2.45727386e+00 -3.48462162e-01  9.38340877e-02
 -1.35919138e+00  3.02434101e+00 -2.76356894e-01 -1.72312236e+00
 -5.06332661e-03 -3.94607681e-01  9.54720124e-01  7.73691389e-01
 -2.02151888e+00 -2.15675388e-01  1.06036607e+00 -5.07795597e-02
  2.11370743e-01  5.14918498e-01  4.13138148e-01 -5.75796159e-02
  1.84492520e+00 -1.35160259e+00 -2.98617748e-01 -1.78421751e-01
 -7.39318012e-01  4.12600365e-01 -1.06005164e+00 -5.18368077e-01
  1.59253964e+00  2.32076829e-01 -7.68964850e-01  8.19658964e-02
 -4.94533879e-01  1.11899202e+00  2.69442067e-01  1.18909296e+00
  1.46896897e+00  1.27477353e+00 -1.83516461e+00  3.23022254e-01
  5.19654811e-01 -1.47970775e+00  4.39802463e-01 -1.02698201e+00
  6.81563011e-01  7.96094364e-01 -1.50702888e-01 -7.20902275e-02
 -7.19459107e-01 -2.34643199e+00  1.80868447e-01  8.96827082e-01
 -6.25737865e-01  4.24513008e-01 -3.86795293e-01 -2.03775973e-04
  1.24967690e+00  9.06323168e-01 -4.07540877e-02  1.48160571e-01
  1.16178871e+00  3.07995595e-01 -1.54099749e+00  1.78719584e+00
  3.85268592e-01 -4.01288357e-01  2.24711734e-01 -9.37960297e-02
 -8.64649004e-01 -1.59112246e+00 -4.80141519e-01  2.95510959e-01
 -9.38769025e-01  5.22947903e-01  1.98222142e+00 -6.67639215e-01
  5.33165944e-01  1.96556974e-01 -5.09234969e-01  6.76215004e-01
 -1.63083442e+00  5.92921008e-01 -2.48823525e-01  3.58270074e-01
 -5.95577096e-01 -4.34079178e-01  3.81898387e-01  6.06970850e-01
  9.39946166e-01  1.36853938e+00  2.40037596e-01  2.34584578e+00
 -1.64963756e+00 -9.08971976e-01  2.52352561e-01 -1.01951130e+00
 -1.22929908e+00  3.40678417e-01 -9.84880628e-01 -9.56470523e-01
 -1.28869770e+00 -6.59812156e-01  1.21589507e+00  1.32943485e+00
  1.97294990e-01 -1.05333425e+00  6.87122757e-01  1.81343725e+00
  6.07927248e-01 -3.52690291e-01  1.01188105e-01  2.24825331e-01
 -3.86797033e-01  7.54439270e-01  1.63337919e+00  9.92418545e-02
  1.01458597e+00  2.09517274e+00  5.84457744e-01  1.55667934e+00
  1.79636286e-01 -1.95095682e+00 -8.31864312e-02  1.01832937e+00
 -6.45818055e-01 -3.29911519e-01  1.56282565e+00 -3.25708493e-01
  3.80534331e-01  7.89297473e-03  4.19308277e-01  1.80286700e-01
  1.74253438e+00 -1.22402004e+00  1.24688516e+00 -4.21346016e-01
 -1.42495091e+00 -6.34899097e-01  1.00840966e+00  3.18625480e-01
 -8.14304700e-01  6.26789540e-01 -2.53990542e-01 -9.48812944e-02
  9.13751758e-02  1.17476090e+00  2.19428130e-01 -6.95488492e-01
 -5.54706059e-01  1.78299173e+00 -6.00558035e-01 -6.73082401e-01
  7.45375422e-01  2.92695107e-01  1.72620609e+00 -8.87295003e-01
 -1.09698338e+00 -3.05611245e+00 -6.49726208e-01  3.41219363e-01
 -1.48888289e-01  4.67351873e-01  2.85115265e-01  1.20351024e+00
 -1.25599255e+00  1.49067578e+00  1.72297388e+00  4.82087442e-01
 -5.09732308e-01 -4.45676927e-02  3.62901419e-01  9.38482353e-01
  9.52148988e-02  7.32424220e-03 -7.89817973e-01 -2.85622562e-01
 -9.34662547e-01  3.04205199e-01 -1.46040360e+00  1.24034371e-01
  1.08946735e+00 -1.15676375e+00  1.28749807e+00  6.47801655e-01
  1.54684095e+00  7.05710768e-01  8.05359201e-01  1.34357385e+00
  4.15493606e-01  2.28035188e-01 -5.52581046e-04  1.04331305e+00
 -8.55642723e-02 -1.31511941e-01  8.40739786e-02 -7.51801216e-02
 -7.38325481e-02 -7.30648486e-01  2.53734068e+00 -1.27969948e+00
 -4.86611477e-01  3.80566962e-01  3.94299227e-02  2.58343667e-01
 -6.97299311e-01 -1.35492678e-01  3.17923509e-01  1.90470813e-01
  7.76384466e-02 -3.13579044e-01 -1.49113223e+00 -3.77478953e-02
 -1.29599003e+00 -2.09690810e+00 -1.05870822e+00 -6.80521111e-02
 -1.17782795e+00  5.93819744e-01 -7.76175437e-01 -1.31738437e+00
  1.91547442e+00  3.59111008e-01  7.97214597e-01 -1.24160733e+00
 -5.44796113e-01 -5.01733113e-01  3.18333635e-01  2.85925340e-01
  3.82740211e-02 -4.56040814e-01 -9.26980432e-02 -1.36247727e+00
 -9.41738775e-01  1.02787434e+00 -5.57832944e-01  6.86585033e-01
  4.40741461e-01 -1.02405362e+00 -9.88600947e-01 -1.90065995e+00
 -6.85584149e-01  1.16924050e+00  1.36748951e-01  7.90140229e-01
  7.12357444e-01  1.59965111e+00  3.43359055e-01  8.41603799e-01
  2.56391789e-01 -4.89028967e-01  1.78024784e+00  5.36888751e-01
  1.19381071e+00 -6.29333540e-01 -3.47663009e-01  5.96589755e-01
  7.04006841e-01  3.66947165e-01  1.53042271e-02  1.80100072e+00
  3.20536026e+00 -7.76323954e-01  1.08130055e+00 -1.32482056e+00
 -8.25897369e-03 -2.97606432e-01  2.39802947e-01  1.64771748e-01
 -3.50382461e-01  4.23664395e-01 -1.12059463e-01  4.20442336e-01
 -8.16978299e-01  1.11924058e+00 -1.15384885e+00 -6.00432960e-01
 -3.15836141e-01  7.98221735e-01 -1.29677472e-01 -1.03620740e+00
 -1.09920817e+00  1.42647842e+00  1.99091068e-01 -3.67877850e-01
  5.70408382e-01  8.02314508e-01 -8.25893376e-01  1.43667598e+00
  5.87895016e-01 -5.08893431e-01  4.07552928e-01 -4.65129617e-01
 -7.07308676e-01  1.33385834e-02 -3.37519468e-01  4.47483197e-01
 -1.46100436e+00 -8.08805820e-01 -2.38221538e-01 -9.97345035e-02
  1.16861852e+00  1.63227980e+00 -4.20909461e-01 -2.31901287e-01
  3.79199006e-01 -1.13275207e-01 -1.05643484e+00  1.50122322e+00
 -4.85879309e-01  9.50128411e-01 -1.73536418e+00 -7.50048692e-02
  8.06044785e-01  1.13371810e-01  6.79217672e-02 -2.25171371e+00
  2.87689580e-01  1.18345749e-01  7.56476323e-01  2.54979391e-01
 -2.97300226e-01  3.72771586e-01  1.08442565e-01  1.58776028e+00
 -1.22691292e+00  1.79909969e+00 -1.20280062e+00  1.21550607e+00
  3.86245370e-02 -1.24301803e+00  1.34684464e+00 -1.97544627e-01
 -9.16365627e-01 -9.56153554e-01 -9.69391858e-01 -1.45812192e+00
  2.37905906e-01 -1.06365100e+00  1.76862675e+00 -2.08036678e+00
  6.42872667e-01 -1.35273524e+00 -6.88466949e-01 -4.70268727e-01
  2.30262481e+00  7.84363898e-01 -5.03204141e-01 -9.64105853e-03
  8.46885376e-02 -3.47851121e-01 -1.33918656e-01  1.08994309e-01
 -7.93382207e-01 -9.74870047e-01  5.05024966e-01 -3.67787711e-01
  3.72727796e-01 -1.03113881e+00 -5.66098356e-01 -2.13144218e-01
 -9.13530761e-01 -5.93494793e-01 -1.15356157e+00  4.37516525e-01
  1.61671331e+00 -4.78075475e-01  1.55644376e+00 -9.38711132e-01
  7.35255218e-01 -9.53623328e-02  1.67202306e-01 -1.32775343e+00
 -8.64595017e-01 -9.32077478e-01  7.06008122e-01  1.88241485e+00
 -2.19526107e-01 -3.49417809e-01  7.14702704e-01 -1.47619936e+00
 -5.98630504e-01 -1.18967762e+00  1.03471795e-02  1.34006726e+00
 -1.52063274e-01  2.89234952e+00 -5.97202732e-01  1.89278702e+00
 -4.09506920e-01  4.44629279e-02 -8.74475528e-01 -5.04233466e-01
  2.87324385e-01  7.06530370e-01  1.35431857e+00  1.58702305e-01
  4.34792704e-01  1.66813104e+00  7.77425886e-01 -1.11874920e+00
 -1.12868044e+00 -1.02529449e+00  1.26435509e+00 -3.57300591e-01
  1.13176563e+00 -4.90875536e-01  1.42898070e+00  7.51608117e-01
 -1.24642393e+00 -4.09674351e-01  1.39018971e-01  4.81670998e-01
 -2.55332807e+00 -1.80108914e+00  1.04162722e+00  6.19908787e-01
 -7.82710992e-01  4.99162116e-01  1.44281788e-01  1.61537382e-01
  8.40074892e-01  8.02418041e-01 -6.90978113e-01  3.14905513e-01
  6.23967415e-01  1.33295398e+00  6.12378216e-01 -2.32494885e-01
  9.05061770e-02  2.48138104e-01  3.81738074e-01 -1.33509942e+00
  1.31698246e+00 -3.66461933e-01 -1.58222362e+00 -1.03742941e+00
 -1.24741847e+00  1.49470118e+00 -6.21548551e-01 -7.97183812e-01
  4.50849585e-01  4.35640509e-02 -1.45537306e+00  7.63898557e-01
 -6.73053992e-01 -8.70826165e-01  7.38604901e-01  6.22975445e-01
  4.78862408e-01 -2.94496949e-01 -1.36375712e+00  2.68896883e-01
 -4.96019278e-01 -8.16934911e-01 -7.15294761e-01  3.99499533e-01
 -1.27874403e+00  9.48108672e-02  1.65299257e+00  2.22794397e+00
  1.36909557e+00  7.02098489e-01 -1.98925966e+00  8.56794306e-01
  9.29238690e-02  2.45850034e+00  1.81859849e+00 -5.78181273e-01
 -1.82739658e+00 -1.89248723e-01 -8.43253386e-01  1.04358410e+00
  6.68834366e-01  2.47131312e-01 -8.03877470e-01 -2.54320953e+00
  2.45083075e-01 -9.94912349e-01 -3.58584899e+00 -6.21644223e-01
 -4.85024007e-01 -3.21863380e-01  9.63676088e-01  6.25493902e-01
  1.85084189e+00  8.57433189e-02 -4.09897378e-02  4.12230606e-01
  4.27973903e-02 -2.66148420e-01 -1.22751185e+00 -1.19319866e+00
  3.43225159e-01 -9.15340467e-01  1.46709914e-01  2.09906010e+00
  6.56224015e-01 -1.44015378e+00  4.89555682e-01  2.00488344e-01
 -1.25749948e+00  6.86208391e-01  2.11533887e-01 -7.06536232e-01
  1.53617850e+00  9.84603617e-01  1.61494673e-01  1.33989384e-01
 -1.02281430e+00 -5.27886527e-02  6.64887739e-01 -1.22958903e+00
 -6.16982563e-01  2.36014403e-01  1.31397001e+00  2.13058924e+00
 -1.98084384e-01 -8.26792429e-01  5.96089381e-01 -1.60726934e-01
  7.34065759e-01  7.23476480e-01 -6.01364311e-01  8.46928279e-01
  5.62942109e-02  1.37038820e+00 -1.37198396e+00  6.18619670e-01
  7.19582516e-01  8.10091376e-01 -1.70599658e+00  6.06676511e-01
 -9.86417117e-01  4.88327063e-01  1.70255745e-01  8.64644497e-01
 -3.48650608e-01  2.08043176e+00  3.30477342e-01  1.24823062e-01
 -1.91043354e+00 -5.83925333e-01 -1.30772506e+00 -1.13233743e+00
  1.44181293e+00  5.61505858e-01 -8.82084478e-01 -4.09640498e-01
 -2.26716667e-01  1.58581069e+00  8.22756024e-01 -4.03963168e-01
 -1.84172268e-01 -2.42586564e+00 -7.26245339e-01  1.56496273e+00
  6.84628027e-01 -8.95655140e-01  3.35870106e-01  1.85401714e-01
 -1.07822905e+00  1.67698803e+00  7.22344119e-01 -2.27684896e+00
  1.21380195e-01 -4.48708285e-01  5.96148267e-01  6.80340938e-01
 -1.26152451e-01  2.26787851e-01 -1.00532114e+00 -4.29326101e-01
 -9.68112920e-01  9.94455591e-01  4.99081913e-01 -3.90046007e-01
  2.77060834e-01  9.39050680e-01  2.82242016e-01 -4.29765319e-01
 -1.14990081e+00  2.54671193e+00 -2.93078931e-02 -2.16271094e-02
 -1.46137235e-01  8.12029955e-01 -1.87008208e+00 -5.56082554e-02
  2.24906562e-01 -1.63123094e+00 -1.14416951e+00 -6.37927759e-01
  1.45674146e+00  9.68619299e-01 -5.10197511e-01 -1.06988820e+00
 -1.69639133e+00 -1.55479615e+00  1.20607405e+00  1.36132108e-01
 -8.79316296e-01  8.71191788e-01  9.82669309e-01 -7.38766921e-01
 -2.52521216e-02 -3.22455517e-01 -3.18901684e-01  5.96103346e-01
  2.07449748e-01  9.15793236e-01 -3.05879597e-01  5.31541064e-01
  6.04316364e-01 -3.20892424e-02  5.42870846e-01 -1.40126729e-01
  1.52367051e+00  5.96761308e-01 -3.93545886e+00  8.38551249e-01
 -1.03161142e+00 -9.54507421e-01 -7.49349915e-01 -8.03930598e-01
  3.74035590e-01  4.88230615e-01 -1.58343083e+00  2.03474454e+00
 -2.57165280e-01  4.94672699e-01 -1.26173717e+00  3.22130118e-01
  6.71762073e-01 -2.85244158e+00  1.26135497e+00  8.58149768e-01
  1.69654018e+00  1.11778239e+00  1.75411026e-01 -1.17200423e+00
  1.32713437e-01  6.81800344e-01  3.67853422e-01 -8.90103516e-01
 -1.42854739e+00 -8.63922438e-02  3.09544001e-01 -2.55885786e-02
 -2.40607843e-01 -1.07954396e+00  1.95488404e-01 -1.19005685e+00
 -3.42928278e-01 -1.88669692e-03 -1.24974135e+00  4.11905021e-01
  1.36782411e+00  7.61860545e-01 -5.76841885e-01 -2.36262514e-01
 -8.57420253e-01 -2.29605253e+00  8.78427834e-01 -6.31498329e-01
 -1.47711545e+00 -6.02887812e-01  4.86832267e-01  2.15453949e-01