-3.48339427e-01  1.67033245e+00  8.48227878e-01 -2.87830952e-01
  9.48548229e-01  1.32169578e+00 -1.84904456e+00 -5.64273678e-01
 -3.14534836e-01  1.51517568e+00 -1.71860548e+00 -6.07681926e-01
  1.15161062e+00  4.91499720e-01  1.12065283e+00  6.85375905e-01
  3.81301958e-01 -1.08545858e-01  5.13692190e-02 -7.65551241e-01
  2.78310737e+00 -9.11244398e-01 -1.07057763e+00 -7.45183433e-04
  9.34797776e-01  2.23214872e-01 -2.43680524e-01  8.62822012e-01
 -5.60791747e-01 -5.26031518e-01 -9.15397915e-02 -1.23647507e-01
  7.17537484e-01 -3.67494525e-04  1.12308590e+00 -1.74657635e+00
  3.64785052e-01 -9.73757165e-01  2.94125721e-01 -8.17372891e-01
 -9.39572997e-01  8.91086943e-01 -3.46021623e-01 -7.49430301e-01
 -5.70328754e-01 -1.93085524e+00  4.65180579e-01  3.15993758e-01
 -6.15973092e-01  1.67709720e-01 -2.61026408e-01  1.46139899e+00
 -9.01729640e-01 -1.50499729e+00  1.50580065e-01  1.40135719e+00
  1.57864546e+00 -7.48574288e-01  5.91500471e-01  9.60351431e-01
 -3.68232574e-01  1.39887054e+00 -3.72352277e-01  2.19630919e-01
  4.96184537e-02  1.53040676e+00  6.12512737e-01 -5.32986174e-01
  2.23438144e-01 -7.44318926e-01 -7.66307852e-01 -1.22829466e+00
 -3.96110926e-02  2.07309189e+00  8.24098059e-01  1.38291645e+00
 -1.11883538e+00 -1.12696365e+00 -5.24836007e-01 -9.77711524e-02
 -1.65390963e-01  3.93351878e-02 -1.52104492e+00 -8.25871497e-02
 -1.67172622e+00 -1.53551529e-01  3.00082016e-01 -8.03038091e-02
 -6.82854160e-01 -6.38064713e-01  9.06581032e-02  3.46030067e-01
  6.07510133e-01  2.97170734e-01  1.41968259e-01  4.89990939e-01
 -6.64431422e-01 -5.06014485e-01 -6.42199980e-01  7.09206622e-01
 -2.70696173e-01  5.16851381e-01 -1.33590700e+00  8.91095017e-01
  1.75845965e+00  2.14438495e+00 -6.87256953e-01 -1.59060548e+00
 -6.85316912e-01 -4.34980692e-01 -1.85654098e-01 -1.87417506e-02
  7.94084848e-01  7.37729111e-02 -1.90547578e-01 -7.41310109e-02
  5.61297614e-01  1.62300047e-01 -4.56177430e-01 -4.03285674e-01
 -1.18736210e-01  1.35512431e+00  3.88862062e-01 -1.00516278e+00
  4.64187391e-01 -3.60748841e-01  7.12753292e-01  1.28146765e+00
 -1.27042686e+00  1.09702085e-01 -7.12813511e-01  1.10092832e+00
  2.40442898e+00 -4.47382058e-01  9.35392407e-01 -4.16759855e-01
  1.85740478e+00 -1.71788557e+00 -9.31584011e-01 -9.59700782e-01
  5.86795807e-01  7.21422954e-01 -1.03949028e+00 -6.78078203e-01
 -2.15630319e-01 -1.34125403e-01 -1.27814434e+00  1.98513303e+00
 -9.81200886e-01 -3.19892291e-01 -7.90138751e-01  1.76371862e+00
  7.30630261e-01  9.18424928e-01 -7.64172708e-01  8.95022388e-01
 -1.53646713e-01 -1.46874751e+00 -1.23983296e+00  1.12495817e+00
  7.64487496e-01  2.94719834e-01 -9.19168726e-01  1.23308021e+00
 -9.61695744e-01 -7.05796283e-01 -2.95060099e+00  2.88030120e-01
  1.00112043e+00  1.81488597e-01 -8.19875989e-01  6.91885342e-02
 -1.69678901e+00 -2.88372978e+00  1.52245622e+00  3.07930925e-01
  5.58288924e-01  5.42300709e-01 -6.27143996e-01  2.91982398e+00
 -4.86076323e-01  3.47319613e-01  3.54551728e-01  6.47573977e-01
 -8.05976128e-02  2.11272204e-01  6.37166031e-01 -1.18077812e+00
 -1.13077625e-01  5.23337132e-01  2.29067129e-01  3.43348536e-01
  1.43156750e-01 -1.33184363e+00 -5.43458365e-01  1.47516651e+00
 -1.95816568e+00  1.32457440e+00 -1.99686261e+00  2.02419310e+00
 -2.34729766e-01 -7.73170057e-01 -1.32406311e+00  6.78223532e-02
  5.59855014e-01 -1.61817653e+00 -8.26820559e-01  4.70448786e-01
 -7.33746634e-01 -1.32402160e-01  1.15273269e+00 -6.06287191e-01
  6.29093329e-01 -1.29022765e+00  5.49149226e-01  3.22659967e-01
  1.06471716e+00 -6.91165842e-01 -3.37147333e-01 -5.77745996e-01
  7.30961137e-01 -5.42136308e-01 -1.02263526e+00  8.04575215e-01
  1.16774083e+00  6.53889071e-01  3.34888327e-01 -4.14163694e-01
 -9.28515667e-01  3.07767439e-01  4.17720422e-01  3.01520747e-01
  5.95150427e-01 -1.05878726e+00 -3.06238374e-01 -4.54264785e-02
  4.34035647e-01  5.08220583e-03  2.75859382e-01  2.64960870e-01
 -9.08290814e-01  2.53110328e+00  7.48055061e-01  4.30296723e-01
 -5.76207168e-01  1.29113063e-01  1.95442698e-03  8.04839085e-01
  3.30057080e-01  1.06023943e-01 -1.07921932e+00 -1.20693625e+00
 -3.99505015e-01 -1.79083684e-01 -1.49567380e+00  7.05876814e-01
 -1.92295194e+00 -1.65528471e-01  3.03980983e-01  1.69046943e+00
 -1.06640360e+00 -1.28989649e+00 -1.01674026e+00  5.46749948e-01
 -1.40598199e+00 -1.26966791e+00  1.51460731e+00 -6.33979065e-01
 -1.06287277e+00 -1.23677732e+00 -2.63630547e+00 -1.67034752e+00
 -1.79635378e+00  1.83596286e+00 -6.00129154e-01 -5.72137176e-01
 -1.33198749e+00  1.14331928e+00 -1.29131632e+00  3.89564370e-01
  4.41748220e-01 -2.81220948e-01 -1.24832082e+00  9.15414743e-01
 -1.38736111e+00  6.24082542e-01  7.44905904e-01  3.82085242e-01
 -6.42066465e-01  5.48860946e-01 -5.14996023e-01 -2.58870532e-02
 -9.86580582e-01  8.83415211e-01  4.09880413e-01 -5.65112449e-01
  1.84952258e+00  2.46091723e-01 -3.89013540e-01  6.85507891e-01
 -1.00237658e+00 -1.61309189e+00  8.30571658e-02 -5.32761168e-01
 -8.13273924e-01 -2.68315113e+00 -2.23060953e+00 -3.56709553e-01
  1.74625974e-01  1.91475715e-01 -1.45741020e+00 -1.29343163e-01
 -5.03297997e-02 -1.79903571e-01 -1.20410139e+00 -2.97949188e-01
 -5.70815539e-01 -2.83868364e-01  4.26505188e-01 -6.07414192e-01
  1.78013501e-01  1.71179711e+00 -1.33843035e+00  6.10399259e-01
 -1.45001414e+00  4.67321119e-01  9.95811048e-02  1.89568468e+00
 -2.04648691e-03 -5.96068656e-01  6.60364992e-02 -1.82554948e+00
  9.45308389e-01  2.00587414e-01 -3.79084642e-02 -1.61595648e+00
  1.80074653e+00 -1.14528452e+00 -1.26055901e+00  2.20620280e-01
  1.89282260e-01 -5.85794980e-01 -3.16884330e-04 -5.10556425e-01
  6.26378519e-01 -1.85071082e+00 -2.22606942e-01  2.23179716e+00
  1.15044594e+00 -1.35194627e+00  1.91047852e-02  8.97005552e-01
 -8.40166082e-01 -1.31210244e+00 -4.33674531e-01  2.28503248e-01
 -2.67465217e-02 -1.00608945e-01  6.98340789e-01  1.04890457e+00
  2.72115330e-01  6.47819480e-01  4.67634047e-01  9.76896301e-01
  5.00085861e-01  8.18717446e-02  7.42401187e-02 -2.18126220e+00
 -3.59909052e-01 -1.24949127e+00 -6.74305709e-02  2.30313844e-01
  2.05089524e+00  9.03125843e-01 -1.57448509e-01  3.54635604e-01
  9.72223066e-01 -8.42149685e-01  4.10127097e-01 -1.34956484e+00
  7.27438727e-01  3.96890395e-02  2.81786526e-01  1.00882981e-01
  1.15382131e+00  5.41287465e-01 -1.40413336e+00 -1.53877140e+00
 -2.00976967e-01 -8.29402233e-01 -3.09081708e-01 -5.81259868e-01
 -1.10698411e+00 -4.46814831e-01  1.60335526e+00  1.55179737e+00
 -1.36311392e+00  3.82805358e-01  7.64060034e-03  3.49641551e-01
 -3.44778696e-01  3.24666969e-01  1.30006015e+00 -6.77630595e-01
 -1.76928346e-01 -1.16771818e+00  9.81044993e-01 -8.17034215e-02
 -1.34957448e-01  4.48203788e-01 -3.64306461e-01  3.29945646e-01
 -6.48169961e-01 -5.36778385e-01 -3.06193782e-01 -2.92559513e+00
 -1.31771128e+00 -7.57774158e-01 -2.84759465e-01  2.25809437e+00
  7.62510591e-01 -6.49862910e-01 -9.37708794e-02  6.67507984e-01
 -4.50800190e-01  1.43171853e+00 -5.97396363e-01  8.00252336e-01
  1.42984097e+00  7.48653760e-01  4.96163463e-01  1.48569006e+00
 -2.89594331e-01 -1.45361315e-01  1.20917600e+00 -4.03346260e-02
  1.65276970e+00  2.44189039e+00  7.58479904e-01 -8.25980861e-01
  2.84348061e-01 -2.23313305e-01  7.35480947e-01 -1.83534722e-01
  3.94537823e-01 -5.20960798e-01 -1.79235949e-01  3.72187555e-02
  3.55894635e-01  3.29218275e-01 -2.50044783e-01  1.77824675e+00
  8.40269279e-01 -1.63056076e-01  8.02713954e-01  1.62864679e+00
  3.30851981e-01 -1.72008675e-01 -7.19409258e-03  1.00717585e+00
 -1.33533576e-01 -7.77725428e-01  1.97923073e+00  2.28485192e+00
 -1.07532156e+00  9.70356788e-01  6.01444006e-02 -1.74572026e-01
  1.20115287e+00 -1.89092064e+00  2.72879936e-02  7.22867495e-02
 -5.75720307e-01  1.70573622e+00 -9.49419818e-01 -1.38194470e-01
 -1.62755538e+00  1.55390189e+00 -2.81078941e-01 -3.63156275e-01
 -6.45496489e-01  8.40651276e-01  1.04988479e+00  1.57070950e-01
  2.02594335e+00 -1.58466507e+00  1.18947471e+00 -6.45150493e-01
  3.89715594e-01 -2.91446798e-01 -9.06962164e-01 -5.92242780e-01
  8.23184696e-02  8.42786147e-02  7.53336345e-01  8.02774856e-01
  6.52687950e-02  6.81866832e-01 -1.10753639e-02  1.44186657e+00
 -1.09957532e+00 -2.31526460e+00  7.23654644e-01  1.37932375e+00
 -1.38090449e+00  2.24876242e+00  6.52872326e-01 -9.10104782e-01
 -6.05597189e-01  1.34492793e+00 -1.85072643e+00  1.24376109e+00
 -7.49820844e-01  5.65957255e-01  5.12213854e-01  2.81297112e+00
 -1.03416430e+00  6.32547890e-01  6.05029764e-01  4.23519816e-01
  1.03102402e+00 -1.04508187e+00  6.39289417e-01  1.60935172e+00
  5.78607186e-01 -9.77328792e-01 -4.06524105e-01 -1.43654448e+00
  6.39815771e-01 -4.94441278e-01 -2.32262077e-01 -2.77402245e-01
 -1.21000941e+00  1.57845387e+00  7.47185812e-01 -3.51880264e-01
  1.10299937e+00  4.88780707e-01 -7.10972221e-01 -5.88261930e-01
 -1.08498171e+00  2.83988812e-01  4.85284928e-01 -3.24038908e-02
  3.14877062e-01 -9.16506677e-01  1.03962057e+00  1.38018909e+00
 -2.55541069e-01  2.78700831e-01 -3.46264808e-01 -1.82500519e+00
 -1.01831735e+00 -3.42278534e-01  1.77215684e+00 -1.24017150e-01
 -9.21295992e-01 -5.02513260e-01 -2.14286490e+00 -2.64461011e-01
  4.51704417e-01 -5.65050423e-02 -1.25229088e+00 -2.17842623e+00
  2.53730221e+00  1.28435235e-01 -2.89058729e-01 -7.20769878e-01
 -1.73710769e+00  2.34304451e-01  2.93343034e-01  5.75968170e-01
 -1.03874305e+00 -1.83638646e+00  2.53177372e-04 -1.41541866e+00
  1.21514649e+00  5.38763497e-01  2.44096341e+00 -1.73811738e+00
  1.86804305e+00 -4.92219210e-01 -1.08411456e+00  4.23303684e-01
  2.62242569e-01  1.33175536e+00 -1.19458417e-01 -1.21914913e+00
 -2.41891918e-01 -1.09104958e+00 -9.62442129e-01 -1.10487861e+00
  2.02835599e+00 -7.36157267e-02 -5.67631395e-01 -8.47882027e-02
 -4.62313397e-01 -8.98232119e-02 -5.77607937e-01  1.27649752e+00
 -6.48226972e-01  1.17643043e+00  4.15135478e-01 -1.80779935e+00
 -4.87427737e-01 -5.67305601e-01  6.75828416e-01 -9.23410750e-01
  6.78478953e-01  2.79448654e-01  2.70706542e+00  4.53324141e-01
 -5.53705549e-01 -1.49271097e-01 -2.34797988e-01 -7.56894585e-01
 -8.81079876e-01  6.66772068e-01 -1.88074285e+00  4.29902188e-02
 -9.30685171e-01 -1.37207552e+00  1.33759347e+00  5.81259212e-01
  3.65341851e-01 -1.30676424e+00  4.17477393e-01  1.72891849e+00
 -1.41013816e-01  1.68049698e+00  1.80097127e+00  2.43513694e+00
  3.91068517e-01  4.16276856e-01  1.34687551e+00 -4.99440846e-01
 -1.63706937e+00  2.34864230e-01 -4.67654930e-02  6.81101927e-01
 -7.51262427e-01  6.19518727e-01 -6.68893091e-01 -1.13853112e+00
  8.47748374e-01  5.89472516e-02 -4.14991089e-01 -9.01520043e-01
  2.66193430e-02 -9.19686638e-01 -1.23197514e-01  3.35048460e-01
  1.33199757e-01 -1.48393292e+00 -1.25376027e+00 -6.96924253e-01
  4.79085138e-01 -9.71441081e-01  4.39737563e-01 -1.85857535e-01
  3.42037121e-01  2.60885377e-01 -2.93854344e-01  2.06264483e-01
 -6.47730220e-01  3.67522755e-01  9.92601329e-01  5.55349334e-01
 -7.30083797e-01  2.84005835e-01  7.55703103e-01  1.08025610e+00
  1.67545368e-01 -1.74996688e+00 -7.91529128e-01  3.02712510e+00
 -7.18544479e-01  5.32851403e-01 -4.07472013e-01  1.16138998e+00
 -1.06459476e+00  5.87274330e-01 -7.80073291e-01  7.25475887e-01
  6.47769149e-01 -2.99486552e+00  3.54031676e-02  9.80526708e-01
 -2.48168214e-01 -1.58684702e+00 -6.25857468e-01  1.73971417e-02
  6.37072517e-01  4.22430481e-01 -2.50662247e-01 -3.63258893e-01
 -2.86726788e-01  8.32290096e-01  5.77901972e-01  8.13477326e-01
  1.99999538e+00 -8.95125132e-01 -9.51620545e-01  7.97320912e-01
 -1.65694704e+00  7.94354032e-01  4.21097024e-01 -3.30448224e-01
 -6.15004665e-01  1.64465210e-01  5.21248259e-01  1.80591723e+00
  3.60626957e-01  1.24327230e+00 -4.14896705e-01 -3.12698678e+00
 -3.35535548e-01 -1.68793851e+00 -5.55895772e-01 -3.46849505e-01
 -1.32749584e+00 -5.21741626e-01  4.12005250e-01  1.52449642e+00
  1.04298153e+00  1.40195282e+00 -7.45792679e-01 -4.10670004e-01
 -7.39520034e-01 -1.92423032e+00  1.30358783e+00  4.37486765e-01
 -1.37322383e+00  2.13344464e-01  1.00512579e+00 -8.25596442e-01
 -1.94144574e+00  8.08125040e-01  3.05703218e-01 -3.69069944e-01
  6.30574654e-01  7.79389948e-01  1.08642837e+00 -9.65955692e-01
 -6.74539554e-01  1.40245469e-01 -1.34730936e-02  5.70205202e-01
 -1.21412935e+00 -6.55369671e-01 -4.41443856e-02 -9.32496694e-01
  5.70088924e-01 -1.22085316e+00  3.78046177e-01  1.34560740e+00
 -2.42279735e-01  7.91509536e-01  7.76721258e-02  1.31093636e+00
  1.13773917e+00 -1.80536716e+00  5.89887087e-01 -3.37560444e-01
 -7.85558671e-01 -6.39377213e-01  9.63931637e-02 -1.70408412e+00
 -1.69648891e+00 -6.37361345e-01  5.80492717e-01  3.99709409e-01
 -1.53887378e+00  9.44262245e-01  1.11218230e+00  8.76086388e-01
 -2.45799453e+00 -1.18112662e-01  7.80751173e-01  4.13655514e-01
  6.82700872e-02  2.99601576e-01  4.81568495e-01 -2.65460867e-01
 -2.12521858e+00  1.31611714e+00 -9.95883195e-01  9.55366559e-01
  1.45971312e+00  2.90122646e-01 -5.97509035e-01 -3.12486245e-01
  1.67792759e+00  1.20133680e-02  4.50447457e-01 -5.87188484e-01
  1.39533084e+00  1.15425586e+00  1.19928038e-01  4.84884495e-01
  2.32189243e+00  2.15821951e-01  1.88427464e+00 -6.69299535e-01
 -6.68246977e-01 -1.48303697e+00  2.75252742e-01  2.25543504e-01
 -1.05837080e+00  5.54706293e-01 -4.40564524e-01  2.97052841e-01
 -3.01105630e-02 -5.44180440e-01 -2.15990989e+00 -1.72988159e-01
 -4.13390666e-01 -1.96799553e+00 -1.13666967e+00  4.21596542e-01
 -7.50162661e-01 -4.18187600e-01  2.68638878e-03 -6.02831405e-01
 -8.21043473e-01  1.49004672e+00 -9.41937054e-01 -1.66642183e+00
 -1.72105303e+00 -1.76835799e-01  2.28414711e-01 -5.92998216e-01
  4.48024371e-02  1.35390814e-01 -1.24361733e+00 -9.27089533e-01
 -1.26241543e+00 -8.28073125e-01 -5.94001066e-01  5.45852974e-02
  5.04749312e-01 -1.55975348e+00 -5.90890032e-01  1.28027685e+00
  3.36218986e-01  2.46993401e+00 -3.91853960e-01 -2.62307670e-01
  3.42764930e-01  1.49025538e+00  2.86660017e-01 -1.47354467e+00
 -4.94641334e-01  5.53369836e-01 -7.70100272e-01 -5.01087194e-01
 -6.55432855e-01 -1.86296169e+00 -9.54573667e-01 -3.89841892e-01
  1.04083135e+00 -8.01818605e-01  3.21658483e-01  5.23152234e-01
 -5.87550512e-01 -5.46467897e-02  4.21802597e-01 -8.19775913e-02
 -9.12037661e-01 -6.25375497e-02 -4.99320831e-01 -5.71223888e-01
  1.52145294e+00  3.89460070e-02  1.76613301e+00  2.79939916e-01
  3.41397970e-01  1.30345187e+00 -1.32563673e+00 -1.02649583e+00
 -2.81180014e-01 -3.72894136e-01 -1.22443035e+00 -6.48586274e-01
  6.64258116e-01 -3.30010448e-01 -1.49863177e-01  6.72393722e-01
 -1.15473323e+00  6.24481705e-02  1.44725684e+00  6.68953409e-01
  6.21735911e-01  1.79515514e-01 -1.12461962e+00  2.37243736e-01
 -4.34762044e-01  1.41183928e+00  9.40619959e-01  1.09411033e+00
 -8.77638199e-01  1.36701656e-01 -1.15868732e+00  1.38498718e+00
 -1.16990521e+00 -7.51067733e-01 -1.23605174e+00 -1.26094072e+00
 -7.74369254e-01 -4.42218764e-01  9.00276577e-01 -6.76388600e-02
  6.72323699e-02 -2.36959104e-01  1.87967539e+00 -9.84463182e-01
  1.17980384e+00  2.91287361e-01  7.32491977e-01 -5.67530834e-02
 -1.56381365e-02 -1.96586306e-01 -2.21095818e-01 -2.89834663e-01
  2.21763277e-01 -1.58889616e+00  2.44419287e-01 -1.48991953e+00
 -2.61039449e-01  1.13031709e-01 -1.04031454e+00  1.77127794e-01
  7.33749542e-01  1.02417221e+00 -2.60710410e+00  7.10750230e-01
 -1.34561654e+00 -8.04027113e-02 -2.07665170e+00  1.54886350e+00
  6.70744490e-01  1.31442029e+00  1.51643845e+00 -1.10813578e+00
  6.33131309e-01  9.62770861e-01 -1.51506307e-01  2.10071553e+00
  1.35853920e+00 -8.35606117e-01 -6.63355296e-01  1.71626349e-01
  4.43859913e-01  7.60028255e-01 -2.09305292e+00  1.38615629e+00
 -2.72448314e-01  1.81796865e-01  1.67657630e+00  1.85661824e-01
  2.14519855e+00 -2.45211429e+00  1.16069270e+00  5.38159314e-01
  8.93422314e-01  2.15095411e-01 -3.34939494e-01  6.47122012e-01
 -1.35002833e+00 -4.56166104e-01  5.18493076e-01 -2.98988027e-01
  1.40748898e+00  7.21240607e-01  9.02782732e-01  1.21609924e+00
  1.37353136e+00  1.68350204e+00 -1.48835783e+00 -1.38391110e+00
 -3.37404863e-01 -1.01920356e+00 -4.03425295e-01 -1.13609134e+00
  4.84537415e-01 -1.22280565e-01 -1.87670277e+00 -7.31139148e-02
 -1.21129594e+00 -1.75831189e+00 -9.33160628e-01  1.09824388e+00
 -2.16135635e-01  1.14792131e+00 -1.82912459e+00 -7.63137605e-01
  1.16046480e-02  2.27137648e+00  3.45896509e-01 -2.02024133e+00