 1.44357327e-01 -1.41426876e-01  9.98166522e-01 -6.14904696e-01
 -2.19496331e-01 -1.12077018e-01 -5.11575028e-01  1.93074240e+00
 -5.90752052e-01 -7.55577830e-01  2.65093385e-01 -6.69256055e-01
  9.47140219e-01  8.77751670e-01  4.68140562e-01 -5.08736511e-01
  1.35850671e-01 -1.27110202e+00  9.84882148e-01  9.25194257e-01
 -1.16086258e-01 -1.57736018e+00 -3.96517971e-01 -1.29434715e+00
 -3.14160218e-01  2.84919971e+00 -3.84606039e-01 -1.68438559e+00
 -6.94345305e-01 -6.56564812e-01 -2.54195558e-01 -5.11056484e-02
  2.94447831e-02  3.78567142e-01 -8.35277449e-01 -1.08879182e+00
 -5.99811245e-01 -2.06389960e+00  3.69107850e-01  9.10750493e-01
 -6.92281908e-01 -9.42455762e-01  4.64667639e-01  2.26590571e+00
 -7.64629346e-01  1.63658743e+00 -8.77396746e-01  1.63820560e+00
 -1.92179090e-01 -1.33385132e+00 -1.14549730e+00 -1.26413743e-01
 -1.84002071e-01 -5.05855640e-01 -9.98991115e-01 -5.26031340e-01
  1.45860500e+00 -5.65998473e-01 -1.31673626e+00  1.13843036e+00
 -1.35871124e+00 -2.92446005e-01 -1.56527822e-02  1.46489225e+00
 -9.84549243e-02  1.64563121e+00  1.56527905e+00 -2.08472280e-01
  1.18038323e+00  2.20895317e-01  1.57762865e+00  1.50806934e+00
 -3.05406922e+00  1.07638215e-03  5.39540765e-01  9.44854068e-01
 -1.23801117e+00 -5.59676960e-02 -9.11236133e-02 -2.99299540e-02
  1.05276792e+00  8.40209043e-01  6.95110418e-01 -3.04463240e-02
 -4.60114517e-01 -1.36394176e+00  5.12951794e-01 -4.76000201e-01
  1.80260578e+00 -1.14399152e-01 -4.80109544e-01  6.86709664e-01
  9.01387442e-01 -8.03313451e-01 -1.99319373e-01 -4.27193310e-01
 -8.71703475e-01  4.72206613e-01  1.80117998e-01  2.34455318e-01
  5.86046140e-01  2.86697569e-01 -1.10706470e+00  2.92586253e-01
  1.10956220e-01 -2.67102203e+00 -7.87131576e-01 -2.11170325e-01
  5.93434644e-01 -1.54041559e-01  6.29179490e-01 -3.83015841e-02
  4.71851117e-01  6.98584478e-01 -4.81336321e-01  3.89441859e-01
  1.70473755e-01  1.86863489e-01 -3.54683078e-01  5.37032206e-01
 -1.14230047e+00 -1.73156928e-01 -6.80311610e-01  3.00494520e-01
 -6.00787291e-01 -1.34674274e+00 -3.66976857e-01  2.36627957e-01
 -1.50807835e-01  9.76518458e-01 -4.21562642e-01  8.14938814e-03
  8.03426554e-01  1.34541125e+00  1.81704187e+00  1.98796863e+00
  4.90411210e-01  4.12469633e-01  4.63562478e-01  2.09465364e+00
 -6.99254432e-01  3.68921985e-01  2.25371965e+00  8.47365303e-01
 -7.00255974e-01  1.97854261e+00 -1.48792023e+00 -2.07980033e+00
  3.28194242e-01 -3.47641572e-01 -8.44987999e-01  5.26733736e-01
  9.04197137e-01  3.44145643e-01 -1.72955530e-01  1.43083905e+00
  2.17124432e+00 -1.19462815e+00 -1.82043612e+00 -5.16710760e-01
 -1.49652581e+00 -4.09776908e-01  7.59534279e-01 -4.87860464e-01
  1.61877661e+00  1.11467926e-01  8.70465274e-01 -1.00873185e+00
  1.57948716e+00 -1.50502807e+00  8.45788149e-01 -1.89769417e+00
 -8.02885885e-01  2.54926276e+00 -3.68325703e-01  9.97344684e-01
  1.19877673e+00 -1.22472537e+00  8.52134693e-01  1.13297325e+00
 -1.04503954e+00  1.72159683e+00  1.04040906e+00  2.87079089e-02
 -2.22426087e-01 -3.23743445e-01  1.91526834e+00  3.87479982e-01
  1.22652130e+00 -5.38312153e-01  3.14497853e-01 -4.12487201e-01
 -5.72401251e-01  1.85719340e+00 -1.50472697e+00 -9.22020076e-01
  2.03859140e+00  3.96302989e-01  3.17700014e-01 -7.79269211e-02
 -1.33565758e-01 -1.77518174e+00 -4.21329535e-01 -6.97891887e-01
  4.62756016e-01 -9.50394122e-01 -1.08579849e+00  6.70842985e-01
  7.86014260e-02  5.00372726e-01  6.96641507e-01  3.81314047e-03
  2.33668861e+00 -6.14385072e-01 -7.17268742e-01 -1.25243514e+00
 -1.71994615e-01 -6.14406669e-01 -1.67480769e+00  2.17710677e+00
  1.00414565e+00 -4.29019244e-02 -6.88118666e-01 -1.95800682e-01
  2.21103165e-01 -1.89259027e-01 -6.26660171e-02 -1.06206749e+00
 -1.21228148e+00  1.30105694e+00  8.16914958e-01 -1.33465261e+00
 -7.70434666e-01  9.02061272e-01  9.05331377e-02 -8.45762443e-01
  3.59370782e-02 -8.92518482e-01 -1.68998147e-03 -1.34239331e-01
 -4.35181786e-01  1.95094314e+00  1.14342703e+00 -1.11986027e+00
 -9.77851019e-01  1.20561155e+00  2.01127094e+00 -3.00824609e-01
  7.57299327e-01 -1.58134400e+00 -1.53832803e-01 -1.68665998e+00
  2.60528846e+00 -7.27632938e-01 -6.80399099e-01 -1.02622555e+00
 -9.36535009e-01 -4.86124213e-01  1.63536567e+00 -3.26269506e-01
  4.65586871e-02  6.40609845e-01 -3.00441620e-01 -3.12097226e-01
 -1.47025455e+00  1.54133742e+00 -1.28479840e-01  1.28557469e-01
  8.19623567e-01  1.24750985e+00  8.40679898e-01  6.46836975e-01
 -2.33707287e+00  6.66830555e-01  1.11344527e+00  9.87320836e-02
 -1.66461917e+00 -3.05374939e-01 -2.84407910e-01 -2.23194148e-01
  2.32943443e+00 -1.97298028e+00  8.04899408e-01 -3.57272718e-01
 -6.56568545e-01 -8.11150237e-01  9.52279521e-02 -2.39656310e-01
  7.03157311e-01 -1.78922913e+00 -3.30781345e-01 -7.42791460e-01
 -3.96135846e-01 -1.22101936e+00 -1.35043880e+00  1.75806808e+00
 -6.31262926e-01 -2.41258528e-01  3.57324200e-01  2.44799555e-02
  3.68883749e-01 -7.98957018e-01  7.20605766e-01 -6.24021531e-01
 -9.00888906e-01 -4.30698301e-01  1.96271735e-01  3.48443684e-01
 -2.38699223e-01  1.69776042e-01 -9.48999714e-01  6.12773935e-01
  1.37127263e+00 -6.08062092e-01  7.42600173e-02 -5.92724676e-01
  5.40972978e-01  3.19198459e-01 -9.53869709e-01 -6.88022637e-01
 -8.99538883e-01  2.75362414e-01  1.75227135e+00  2.93501523e-01
  4.52326843e-01  9.15181186e-01 -4.14705005e-01  2.09949617e-03
  1.00990146e+00  1.61724037e+00 -1.23598776e+00  5.81742159e-03
 -5.58419671e-01  7.79491556e-01 -1.18573767e+00  3.97305917e-01
  2.95581616e-01 -8.74310316e-01 -8.17120722e-01  6.88395042e-02
 -2.97918936e-01  2.06140431e-01  8.20129991e-01 -1.22130935e-01
 -7.46935515e-02  1.45068454e-01  1.52248211e+00 -7.49740635e-01
 -6.40737574e-01 -1.67614355e+00 -1.48285722e+00  9.30333805e-01
 -1.40732228e+00 -2.03911752e-01 -8.73016505e-01 -4.86036764e-01
 -2.82520264e-01 -1.28801439e-01  8.97488228e-02  5.22025391e-01
 -6.21095956e-01  7.25797764e-01  3.74627416e-01  3.41798112e-01
 -1.37152806e+00  2.89725759e-01 -1.43886913e+00  9.60921013e-01
 -4.25995508e-01 -1.24393330e+00  1.21806621e-02  1.22253653e-01
  1.15257223e+00  7.15805697e-01 -6.84587938e-01 -6.77701210e-01
 -9.11451301e-01 -8.81943438e-01 -9.23340307e-01 -7.31342782e-01
  1.55705167e+00  6.87989990e-01 -5.03391990e-02 -1.69409276e+00
  1.63436593e+00 -3.21259252e-01 -5.91622828e-01 -1.17293653e-01
  5.75035841e-01  1.73645287e-01  6.48518825e-01 -9.38602623e-01
 -5.60677612e-01 -1.87039773e+00  6.89874766e-01  1.09225282e+00
 -8.78240942e-01  8.99246611e-01  1.30902073e+00 -1.07809465e-01
 -8.57413657e-02 -1.22392598e+00  6.66911932e-02  4.37017409e-01
 -1.36405213e+00 -8.21399230e-01  1.24355347e+00 -9.43769159e-01
 -6.17140008e-01 -5.38300439e-01 -6.75817088e-01 -3.57846358e-01
 -1.96389798e-01  1.99548346e+00  1.45620685e+00 -3.96864202e-02
  1.06367846e+00  2.45955580e-01  1.24708715e-01 -2.79835714e-01
 -1.07120241e+00 -9.46151995e-01 -1.49450532e+00  3.52610329e-01
 -4.04141629e-01  8.16209986e-02  8.46633419e-01  7.14168365e-01
 -8.93767486e-03  5.81848326e-01 -6.65372260e-01  1.29041985e+00
 -1.05834114e+00  5.40817915e-01 -1.25666848e+00 -7.02280138e-01
 -5.59248633e-01  4.10139516e-01  5.03817868e-01  4.61712448e-02
 -1.11852417e+00  3.67820222e-01  1.13837362e+00 -1.09201327e+00
 -3.87685531e-01 -3.56314505e-01  1.70943667e+00 -1.11801651e+00
  1.69639732e+00 -1.51885369e+00  4.72489108e-01 -1.65548678e-01
  1.25378846e+00  6.26890694e-01 -1.58364959e+00  1.55353857e+00
 -1.08656575e+00 -5.20566437e-01 -1.95442606e+00  1.34126564e+00
 -4.34202695e-01  1.69894874e-01 -1.18676544e+00 -2.48787949e-02
  6.92597164e-01  6.41685313e-01 -2.71962273e+00  1.15903372e+00
 -2.08644688e-01  2.07389009e+00  3.41283690e-01 -2.65750553e+00
  1.68390503e+00 -1.63308929e-02 -4.74500224e-01 -4.72344083e-01
 -3.02202133e-01  9.82783430e-01 -1.58641537e+00  4.19838859e-02
 -1.05388665e-01 -1.87766056e-01 -1.85819031e+00  1.09596569e+00
  1.20942073e+00  1.25048135e+00  2.83844221e-01  6.30223286e-01
  9.45644783e-01 -4.88222614e-01  9.24436209e-02  1.39461666e+00
 -2.47255034e-01  8.27491805e-01  1.35688843e-01  9.64039586e-01
  5.84554446e-01  1.85880673e+00  1.42872641e+00 -1.33417192e+00
  7.29748268e-01  9.48554543e-01  7.94285596e-01 -1.44657610e-01
  7.54437839e-01 -6.75789615e-01 -5.23395771e-01  1.04247533e+00
  4.96361332e-01  6.73294630e-01 -2.31775459e-01 -3.99138472e-01
  5.56664985e-01 -6.57987911e-01 -6.92473324e-01  5.06920873e-01
  6.49642302e-01 -1.97208569e+00 -2.70219574e+00 -4.97533236e-01
  2.17728156e-01 -5.61909729e-01  7.56040325e-02  6.29193643e-01
 -5.63400691e-01  4.64548616e-01 -2.58990981e-01 -2.24314737e-01
  4.49841683e-01  2.46189421e-01 -4.74148096e-01 -3.15907092e-01
  1.06825934e-01 -7.80778394e-04 -1.58172463e+00  3.97141777e-01
 -1.72405159e-01 -2.34856452e-01  6.46665367e-01  5.44596494e-01
 -2.00910619e+00 -3.12370944e-01  1.45838590e-01  1.22419389e+00
 -2.14480437e-01 -1.61878572e+00 -7.90673480e-02 -1.09636423e+00
 -6.32931426e-01 -1.06450835e+00 -3.54885294e-01 -1.13061012e+00
 -8.33189896e-01 -4.02423901e-01  2.63037611e+00  9.20813671e-01
  2.82202890e-01 -3.10713801e+00  6.84886918e-01  2.64879839e-01
  3.76102643e-02  1.09625014e+00  1.23632481e+00 -7.45871034e-01
  1.67864051e-01 -1.58934754e-01  2.01000652e+00 -2.89197741e-01
 -4.48405314e-01  1.05436202e+00  1.13797289e+00  1.58871450e+00
 -1.24068149e+00  3.38887264e-01  8.74697226e-01 -1.12054979e+00
 -1.70584077e+00 -1.03917168e-01  7.78546212e-01 -1.58407610e+00
 -2.24505880e+00 -1.44007389e+00 -8.11130218e-01  2.11761073e-01
 -1.30522234e+00  5.94525908e-01  1.10190522e+00 -6.04999985e-01
 -1.13541368e+00  1.59436038e-01 -5.67868947e-01  8.40229398e-01
 -4.44351989e-01  1.46208716e+00 -5.80449786e-01 -1.76916915e+00
 -1.00581054e+00  5.36605855e-01  3.42479520e-01  4.81219874e-01
 -1.53504955e+00  8.51730433e-02 -1.24244237e+00 -6.37509410e-01
  1.07305126e+00 -8.60661648e-01 -2.38062732e-01  4.20362212e-02
 -1.72259816e+00 -8.74840281e-01  9.21886607e-02 -2.13983847e+00
  1.69281300e-01  7.42927397e-02 -4.77424929e-01 -1.55185933e+00
  1.84378792e+00  7.53746903e-01  9.69048234e-01 -7.62015894e-01
 -1.96939893e-01  1.05599951e+00 -1.15846015e+00  3.51355531e-01
  1.43233550e-01  6.31166875e-01 -8.06610816e-01 -2.05271606e-01
  1.04732865e-01  6.94320184e-01 -7.19027399e-01  1.70200395e+00
 -1.28579813e-02  5.21134303e-01 -1.02888684e-01  2.10939951e-01
  2.19623739e-01 -1.87770024e-01  9.93181574e-01  1.30349069e+00
 -6.95389825e-01  2.63852504e-01  1.38198617e-01  9.53220154e-01
 -1.07524841e+00 -1.10751212e+00 -2.80739204e-01 -7.84746258e-01
 -3.07318620e-01 -3.07084373e-02 -1.32589235e-01  6.73141564e-01
  4.70792690e-01  2.10125844e-01  6.22931258e-01  3.27863376e-02
  1.48690435e+00 -1.85515653e-02  1.06429467e+00  8.08425774e-01
  6.84578646e-01  1.87673856e+00 -1.17722083e+00  2.35497887e-01
 -4.09015366e-01  7.29910721e-01  8.95816844e-01  1.54850429e+00
  6.89867693e-01 -7.29187565e-01 -1.10264272e+00  1.30693242e+00
  3.43833936e-01 -4.98271982e-01  7.95392653e-02  1.04548508e+00
  9.93131148e-01 -9.77955152e-01  7.27031327e-01  2.36427119e-01
 -8.00603848e-01  8.69108461e-02 -6.06133075e-01  9.21389604e-01
  9.96651716e-01  1.09090267e+00 -1.27390077e+00  2.11033076e+00
  1.07677473e+00 -3.26195429e-01  5.87671348e-01  1.68203012e+00
  1.15759700e-01 -1.31313370e+00  1.05499211e+00  8.23508798e-01
  1.23083971e-01  6.34541160e-01 -1.21297888e+00 -7.90307567e-01
  8.85997888e-01 -6.56132984e-01 -7.54696163e-01 -4.21940309e-01
  6.96388039e-01 -1.55656289e+00  5.88231152e-01 -6.17064963e-01
 -2.51899344e+00  1.59181439e-01  1.02457601e+00  1.15623611e+00
 -8.23204149e-01 -1.51001543e+00  5.06398455e-01 -6.47341957e-01
  5.53943417e-01 -2.71374364e-01  1.55539328e+00  7.43326601e-01
  3.06285321e-01 -1.04818781e+00  4.43562058e-01  5.94413990e-01
 -9.45267029e-01  1.90322997e+00 -1.26608304e+00 -4.74097661e-01
  9.72890196e-02 -5.26392573e-01 -2.21960483e+00  2.47760605e+00
 -7.46893213e-01  5.05443307e-01 -3.79391832e-01 -8.70540209e-01
 -7.30252487e-01  1.03539543e+00 -5.14550769e-01 -1.84835670e+00
 -1.33949514e+00  9.42553721e-02 -2.44328375e-02  1.34774129e+00
 -5.38212937e-01  1.94861511e-02  1.44588167e-01 -1.07912764e+00
 -7.74706022e-02  1.23221275e-01 -6.77580853e-01  7.84283340e-01
  9.29284348e-01  1.66760136e+00  8.94494186e-01 -1.14000816e+00
 -7.22575068e-01  1.82000062e+00  7.13127806e-01 -1.37359649e+00
  3.88830389e-01 -7.25434099e-02  6.93866903e-01  5.52627160e-01
 -1.94952806e-02 -6.25853468e-01  4.50893280e-01  8.31371697e-01
 -1.42867853e+00  5.98103816e-01  4.22891652e-01  7.89973033e-01
 -8.40238133e-01 -8.61175317e-01  1.26035849e-02  7.99375293e-02
 -1.09108434e-01 -2.82770612e-01 -6.76555904e-01  3.85077255e-01
  5.60519691e-01  3.56970380e-01 -1.58224415e+00 -6.66972472e-01
 -2.80745171e-01  1.46999744e+00  1.94553732e-01  1.13460778e+00
 -4.52270207e-01  1.56015595e+00 -5.33333375e-01  1.08509613e+00
  1.41790414e+00 -6.66505481e-01 -2.49527347e-01 -3.34517374e-01
 -5.54192987e-01  2.28559652e-01  3.33970847e-01  3.15666976e-02
  3.60810704e-01 -3.90611307e-01  1.12061638e+00 -6.70982163e-01
  1.27263753e-01 -2.89092818e+00 -8.50223346e-01 -2.77327155e+00
 -3.46138877e-01 -5.42916418e-01 -3.97574714e-02  8.90456639e-01
 -4.50680865e-01 -2.26224335e-01 -9.38556817e-01  3.77931342e-01
  1.39742064e+00  8.99561751e-02 -1.10993309e+00  2.98644905e-01
 -7.73234330e-01 -9.65041700e-01  1.95750406e+00  4.57509433e-01
 -4.41654766e-02 -2.64229220e-01 -2.65318140e+00  1.30223049e+00
 -5.49766609e-01  7.08946894e-01  2.08290593e+00  5.92327800e-01
 -3.69401073e-02 -4.27465873e-01 -9.38924914e-01  8.19922712e-02
 -1.33428655e-01  1.37198050e+00  1.36647516e+00  2.21812872e+00
 -3.56897361e-01  1.25274662e+00  1.28678409e+00 -1.94930840e+00
 -7.00705753e-01  2.82816514e-01  2.97979079e-01 -4.62204208e-01
  1.67396069e+00 -1.07896812e+00 -1.00181786e+00  5.84422272e-01
  9.34105904e-01  4.94676370e-01  6.54758764e-01 -1.16048941e-01
 -7.30316637e-01 -9.11239810e-01 -7.43127752e-01 -7.36600049e-01
 -9.57687876e-01  4.47221451e-02  1.03078951e+00  4.70135848e-01
 -9.23739233e-01  8.55558529e-01 -1.67730682e+00  5.53250302e-01
  5.68594937e-01  1.28885316e+00 -2.63964097e+00 -6.24344735e-01
 -7.93176258e-01  8.83191605e-01  8.88111602e-02 -2.44078379e+00
  1.02782539e+00 -8.23740721e-01 -2.31988123e+00 -6.00350745e-01
  1.26204681e-01  8.93781843e-01  1.13986113e+00 -3.33689818e-01
 -3.67341462e-01 -3.22803702e-01 -1.19036912e+00 -1.06426114e+00
 -1.45959401e+00 -3.97626419e-01 -8.61371992e-01 -7.24158694e-01
 -1.74277181e+00  1.62031174e+00 -1.20220451e+00  1.40458160e+00
 -2.90899337e-01  1.53607216e+00  5.75063804e-01  4.10335445e-01
  8.86680482e-01  4.50642501e-01  7.89817416e-01  9.64557030e-01
  8.87988997e-02 -7.51201985e-01  4.58205421e-02  1.11791721e+00
  1.15120743e-01  3.64867009e-01  5.41641209e-01 -1.05770101e+00
  5.25793099e-01  7.86577296e-01 -7.19720351e-01 -3.84654879e-01
  2.24495686e+00  6.04295614e-01 -1.23814393e-01  1.35439123e+00
  4.55540258e-01 -8.69750775e-02  1.50103779e+00 -3.73869383e-01
  4.45661332e-01  2.98711553e-01  1.44830668e+00  8.85345062e-01
  9.56769750e-02  7.56862683e-02 -6.38831755e-01 -1.48431023e+00
 -7.67392011e-01  9.80034136e-01 -1.05990962e+00 -4.18193187e-01
 -1.14622731e+00 -1.33476154e+00 -2.09313519e-01  8.00844708e-02
 -1.25811656e+00 -8.67254009e-01  3.42833692e-01 -1.83640907e-01
  5.05988447e-01  4.63113911e-01  1.81624357e+00  2.66645111e+00
 -1.14021155e+00 -4.34084775e-01 -1.36848564e+00  6.04474568e-01
 -9.71256006e-01 -3.67424373e-02  1.61819106e-01  2.87515995e-01
 -2.82886386e-01 -1.23073927e+00  1.07217609e+00  9.52392142e-01
 -1.86534126e+00 -1.68240078e+00  8.61651613e-01  6.62784411e-01
 -7.09306200e-01 -4.47463944e-01 -1.38068462e+00 -7.29295439e-01
 -1.53402314e+00 -8.79125709e-01  1.34204034e+00 -4.45760938e-01
  2.10885125e+00 -8.77316950e-01 -1.17639623e+00  1.06934618e+00
 -5.96126066e-02  1.00655271e+00  4.33523626e-02  4.47210660e-01
 -7.39517657e-01 -1.17322355e+00  1.70868206e-01  1.45995337e+00
  8.02060904e-01  4.47115159e-01 -1.85430408e-01  9.42405162e-01
  7.63239709e-01  8.41700581e-01  1.65059042e+00  2.82202469e-01
  3.98929514e-01  4.94452565e-01  1.54229158e+00 -1.37093718e+00
 -6.97729302e-01 -3.09271258e-01 -7.92480843e-01 -3.14633807e-01