 1.26487356e-01  1.48483910e+00  2.54217548e-01 -2.59315126e+00
 -7.94795184e-01  2.26553862e-01  1.29260891e+00 -8.14381478e-01
  6.06557117e-01 -1.48361243e+00  1.03257964e+00  7.23588811e-01
  4.86690038e-01  2.88715968e-01 -2.12482251e+00  8.31783663e-01
  9.53720235e-02  1.30367063e-01 -1.55121187e+00  9.48201051e-01
  7.72417007e-01 -1.02281743e+00  5.45617592e-01  9.86259562e-01
 -1.31364029e+00  6.38158694e-01 -1.21563391e-01  2.15055578e+00
  4.27050497e-01 -1.47957017e+00  1.49576474e+00 -2.10288740e-01
 -2.29200368e+00  1.82754348e+00  2.09874547e+00  2.46765812e+00
  1.20316948e+00 -8.75962330e-01  4.59414252e-01 -1.48605959e+00
  5.36887476e-01  2.17969050e+00 -6.38119925e-01  3.89708960e-01
  5.56197724e-02  1.52082537e+00 -3.38321682e-01 -1.55483348e+00
 -8.21768691e-01  3.13713964e-01  1.54026194e+00  3.92494925e-01
 -3.69457503e-01  1.91312367e-01  4.53761722e-01 -6.60609491e-01
 -3.23070517e-01  7.15342491e-01 -7.01600250e-01 -1.51739808e-01
  6.15117830e-01 -1.10533807e+00  2.21942310e+00 -2.10692479e+00
 -2.42044066e+00 -1.55132839e+00  2.05593052e-01 -1.31017407e+00
  1.43294199e-01 -8.99634364e-01 -5.27908013e-01  1.10045111e+00
  1.32599933e+00 -4.58738933e-01  9.18538910e-01 -2.19719109e-01
  2.72177389e-02  1.04151618e+00  1.07410211e-01  1.62404383e-01
 -1.41681037e+00  1.30917751e-01 -7.74867867e-01  4.77284528e-01
 -2.68119274e-01  7.47620978e-01  2.43140184e+00  9.05151733e-01
 -9.57581044e-01 -1.13401421e+00 -5.35781254e-01  3.71210251e-01
 -1.54309288e-01  2.24734165e-01 -5.48282901e-01 -8.85134828e-01
  4.40952512e-02 -1.60617934e-01 -1.62588225e+00  5.16825314e-01
 -2.93829011e-01 -1.71939301e+00 -1.19458852e+00  1.03573528e+00
 -8.74674062e-01  6.37063773e-01  7.99360446e-02 -1.65680325e+00
 -1.55418488e-01  1.74567380e+00 -1.54797465e+00 -3.12923610e-01
 -1.16572960e-01 -9.68070021e-01  1.63260092e+00 -1.37896579e+00
  4.90381301e-01  1.99170516e+00 -5.34910158e-02 -1.44261852e+00
  1.46894801e-01  1.67474702e-01 -1.89267067e+00 -9.85625939e-01
  1.81310757e-01 -8.15036760e-02 -4.99021873e-01 -4.37619095e-01
 -2.69206523e-01 -4.41283995e-01 -7.56143141e-01 -1.38091904e+00
  1.47026208e+00  1.29578920e+00  3.30452181e-02 -2.66721501e+00
 -7.74965974e-01  1.89120052e+00  7.63596976e-01 -1.10330795e+00
 -1.67791148e+00 -1.29494509e+00  7.39394971e-01 -2.17232520e-03
 -4.93956239e-01  9.48212291e-01 -1.10156778e-01  8.08846001e-01
  6.65589832e-01  8.03496439e-01 -1.34361978e+00 -6.04445426e-01
  4.71793042e-01  3.35363054e-01  2.83425594e-01  7.34980568e-01
 -3.16234777e-01  5.72159602e-01  3.19167601e-01  1.16911503e+00
 -4.14982119e-01 -8.59842325e-01 -2.15206753e-01 -7.84993676e-01
 -1.01145521e+00  8.22235019e-01 -1.47701198e+00  7.75086741e-01
 -7.43544210e-01 -1.72791963e+00 -1.15088163e+00  3.86890408e-01
  4.14226677e-01 -7.05943802e-01 -1.46075352e+00 -5.28770581e-01
  5.54937691e-01 -6.51953801e-01 -2.11591586e-01  3.72019526e-01
 -1.35385648e+00 -7.43265036e-01 -5.78670159e-01 -7.80261107e-01
  1.09112349e+00 -3.93159242e-01  9.68711457e-01 -1.29209483e+00
 -1.53749012e+00 -8.73896467e-01 -2.37570415e-01  1.61099305e+00
 -4.92624974e-01 -4.59013111e-01  7.80274878e-01 -1.04574407e+00
 -4.52830750e-01  5.73600035e-01  2.70088057e-01 -9.95614069e-02
  7.48364776e-02 -4.32945080e-01 -5.26201414e-01  6.23935344e-01
  1.37441235e+00  4.27336495e-01 -5.62772107e-02 -1.70860623e+00
  2.08739450e-01  6.67559721e-01  3.34149661e-01 -3.98161393e-01
  1.02133604e+00 -1.76141647e+00 -1.37937873e+00  1.07495309e+00
 -1.85170112e-01  7.37236347e-01 -1.21077110e-01 -3.86611923e-01
 -7.29006912e-01 -1.08352159e+00 -1.04724981e+00  7.85918617e-01
  1.33569675e+00  1.28806168e-01 -7.01399971e-01 -7.54794038e-01
 -1.50549177e+00 -1.51487080e+00  1.25151559e+00 -8.87385293e-01
  3.07511929e+00 -1.23572004e+00 -1.05492699e+00  1.51404569e+00
 -1.27751510e+00  1.79533555e-01  1.03469632e+00 -8.21327678e-01
 -2.39849222e+00 -7.15087969e-01  6.02607210e-01  4.13828454e-01
 -1.09838991e-01 -2.67054439e-01  7.02403186e-01 -1.03354089e+00
 -2.63289560e+00  6.10933407e-01 -1.39316034e+00  8.13757114e-02
  1.58606838e+00 -2.76777516e-01  1.16088363e+00 -1.63856697e+00
  6.98014694e-01  1.20037353e+00  8.85637793e-01 -2.44690896e-01
 -9.43030672e-01 -4.85543704e-01  2.50189487e-01  2.02576681e+00
  3.21471188e-01 -4.37653393e-01  1.15857581e+00 -1.16823305e+00
  1.41174106e-01 -1.89372652e+00 -5.33186166e-01  7.14884485e-01
  8.12250677e-01  8.40471426e-01 -3.79439804e-01 -2.75295022e-01
 -1.73333100e+00  8.62638532e-02 -7.47237670e-01 -1.68835512e-01
  1.49449488e+00  1.40689189e+00  8.14105638e-01 -8.46891333e-01
 -4.41248833e-01  4.14883868e-01  4.41636553e-01  1.28212229e+00
  1.48972581e+00 -1.31861378e+00  8.24163421e-01  1.31811741e+00
  2.03835520e+00  1.18453086e-01 -6.50166251e-01 -1.43521295e+00
 -1.38885817e+00 -6.38821669e-01 -2.28256279e+00 -9.82651979e-01
  2.36917437e+00 -4.76763988e-01  2.01462446e+00 -2.06127505e+00
 -1.04033494e+00 -8.05364906e-01  9.67678450e-01 -1.77133224e+00
  1.80201701e-01 -9.09920576e-02 -1.73747853e+00 -1.32824671e+00
 -6.09846845e-01  9.37923124e-01 -2.20814217e+00 -1.86477338e-01
 -3.04329709e-01  4.73797618e-01  7.59435613e-01 -2.83173330e+00
  2.84679014e-01  2.15249222e+00 -5.77431947e-02  2.08153843e+00
  1.21562993e+00  6.38540906e-01 -3.06693898e+00 -1.38653544e+00
 -6.97170551e-02  9.00908603e-01  7.20648394e-01  6.75113703e-01
 -2.78996101e-01  1.17357154e+00 -2.57082244e-01  6.62223011e-01
 -4.44800902e-01 -8.29705164e-01 -1.00774914e+00 -5.24712205e-01
  1.07861414e+00  1.62472579e+00 -1.28571500e+00  8.20173937e-02
 -1.07019794e-01 -1.36515508e-01 -1.00346110e+00 -1.05172417e+00
 -1.19362454e+00 -1.06889530e+00  6.36539641e-01 -1.29841243e-01
  1.46898742e+00  2.64633276e-03 -3.43678357e-01  3.00949175e+00
 -1.33794605e+00  1.99901563e+00 -3.68576289e-01  2.19907963e-01
 -5.75437840e-01 -1.08092893e-01  1.33077441e-01 -2.45945878e+00
 -7.53373266e-01 -1.44454818e-02  1.17191462e+00  7.80110518e-01
 -9.98233382e-01 -4.41190279e-01 -7.86848014e-02  1.54439726e+00
  2.62604299e-01  5.53709790e-01  1.52478648e+00 -1.97844964e+00
  1.00910211e+00  2.23054896e+00 -4.22380182e-01  9.53549702e-01
  1.04854173e+00  1.16750686e+00 -7.72012943e-01 -1.33545782e+00
  2.34230924e-01 -9.97943280e-01 -2.05630298e-01 -6.30882260e-01
 -1.72774543e+00 -1.40654724e-01  1.09645194e+00  1.63866629e+00
 -1.14498936e+00  1.02693947e+00  5.38325642e-02  3.87781051e-01
 -1.94274244e+00  5.34357920e-01  4.56121033e-01  7.08701208e-01
 -3.04059691e+00  2.73665254e-02 -9.86049572e-01  8.32671732e-01
 -7.04226258e-01  1.18743396e-01  7.90436156e-01 -1.23244165e+00
  6.17575048e-01  1.19402127e+00  1.56917460e+00  1.92330394e-01
 -8.16419098e-01 -1.44336815e+00 -2.03901953e+00 -6.79630255e-01
 -1.32964951e+00  3.56288367e-01 -3.14349809e-01  2.28705205e-01
  1.73143242e+00 -9.01542270e-01 -7.51933422e-01 -6.73843567e-01
  1.51877463e-01  6.15933247e-01  6.43546031e-01 -3.49951876e-01
 -7.57748040e-01  2.07357268e-01 -1.14812330e+00  7.56271888e-01
  8.53461564e-01 -1.21028395e+00 -3.20440650e-01 -8.75373549e-01
  3.65471743e-01  7.80828160e-01 -8.17952926e-01 -2.53149197e-01
 -1.13930216e+00 -7.92032273e-01  1.37525831e+00  1.93910815e+00
  5.64643171e-02  2.17883004e+00  1.67207141e+00  5.28720454e-01
 -2.08648814e-01  6.32798353e-01 -4.69199319e-02  2.12196916e-01
  2.71096733e-01  1.20740620e+00 -2.26876196e+00  7.51670680e-01
  5.80647927e-01  6.14845072e-01 -2.81080365e-01 -1.11752751e+00
 -2.75151930e-01 -1.12405524e+00 -1.60563268e+00  6.34900749e-01
  1.62298698e+00 -1.70217665e+00 -5.08795786e-01  5.63512815e-01
 -1.61971082e+00  2.70931728e-01 -6.54947034e-01  1.41214953e-01
 -7.52764562e-01 -1.51775149e+00  4.07772107e-01 -1.63911837e-01
 -4.96321637e-01  6.93552505e-01 -7.49676878e-01  1.17028173e+00
  8.05821385e-01  3.98741665e-01 -7.68370159e-01 -1.25677674e+00
  8.13933871e-01 -7.71952615e-01 -1.12336320e+00 -5.36261601e-01
  1.69912455e-01  7.77204787e-01  6.64473434e-02  1.51095548e+00
  1.61988488e+00 -1.11502412e+00 -1.33681496e+00 -4.67577798e-01
 -1.75419183e+00 -1.44313742e+00  5.80610932e-01  2.28674348e-01
 -3.43465713e-01  2.36606678e-02 -1.07682837e+00 -8.30989720e-02
  2.68268720e+00  8.46084429e-01 -3.04188796e-01  2.44811076e-01
 -1.80994287e+00  4.17707493e-01 -1.03759817e+00  4.57870045e-02
 -2.80081254e-01  1.65269527e+00  1.05171889e-01 -2.03706112e+00
  1.12965460e+00 -2.87255753e-01  1.59644213e+00  8.12878373e-01
 -1.04837572e+00  4.14936571e-01  1.19421617e+00  9.83096722e-02
 -2.87125614e-01 -1.08728134e+00  7.55745212e-01  6.18499256e-01
  3.13423219e-01  1.33685659e+00 -1.34773621e+00  1.51954861e-01
 -9.07251677e-01 -1.52432437e-01 -4.56052277e-01 -2.25940258e-01
 -6.98531293e-01  1.49417938e-01 -8.23235484e-02  7.43303951e-01
  9.40816757e-03 -6.48899941e-01 -3.95767362e-01  8.60519336e-02
 -7.64627149e-01  2.26664196e-01 -4.69200752e-01  2.13231399e-01
  1.77514339e+00  6.27303619e-02 -1.56548237e-01 -3.54816677e-01
  3.03815967e-01 -1.45720980e-01  1.01867261e+00  6.57849864e-01
 -1.31375790e+00  7.52812779e-01  9.02142999e-01 -8.01560092e-01
 -3.15241759e-01 -1.93655200e-02  1.95475327e+00  4.21697120e-01
 -1.77045893e+00  1.99286309e-02 -7.50687705e-02  1.06018015e+00
  4.50217215e-01  5.34551285e-02 -1.27943573e+00  3.71444466e-02
  3.72770115e-01 -9.60780957e-01  8.16284774e-01 -1.39934962e+00
  1.22421384e+00 -2.11206890e+00 -1.42931408e+00 -5.12950839e-01
 -8.13199047e-01 -2.85437679e-01 -7.37954368e-01 -1.09269456e+00
 -3.97223754e-01 -1.21060289e-01 -1.14831035e+00 -1.11746252e+00
 -1.50431155e+00 -3.76770603e-01  4.62824888e-01 -9.23737048e-01
 -1.98236812e+00 -6.03408587e-01  6.80901298e-01  1.01054543e+00
 -1.27001270e-01 -1.00464777e+00 -3.17558310e-01  9.61211031e-01
  4.09744853e-01 -8.92935103e-02  1.21318536e+00 -6.32591463e-02
 -9.27984642e-01 -1.18146604e-01  7.17137998e-01  3.67134950e-01
 -1.17753773e-02 -4.24470083e-02 -7.90863573e-01 -3.88839649e-01
  5.58949982e-01 -1.12539717e+00 -1.15827264e+00 -1.20588320e+00
 -1.29273273e-02 -2.71042995e-01  1.88374997e+00 -1.70367640e+00
 -1.34592369e-02  9.20494672e-01  3.36311786e-02  3.69913704e-02
 -4.68290946e-01 -1.78496877e+00  5.40250450e-01  7.98323959e-01
 -1.69362878e+00  3.83621200e-01  8.79702232e-01 -1.75786694e+00
 -6.14247739e-01  8.42651086e-01  1.20001510e+00 -6.85164081e-01
 -5.73099040e-01  1.06637736e-03  1.39352960e+00  1.24772567e+00
 -1.76955237e-01 -9.36788480e-01 -5.24758985e-01  4.02447844e-01
 -9.36745582e-01  9.79568222e-01  3.40737413e-01 -1.25366925e+00
  2.00504220e+00 -1.74266544e+00 -9.22560248e-01 -1.75300171e+00
  1.69772856e-01  1.32679113e-01 -1.42292215e+00  5.69366181e-01
 -1.49340399e+00 -4.21100597e-01  1.18093679e+00  4.91555602e-03
 -6.54262301e-01 -6.01175389e-01  4.82716797e-01 -1.39533631e+00
 -1.67191028e+00  8.52991877e-01  1.91045661e-01  1.29905718e+00
 -1.03096421e+00 -7.54572431e-01  2.11554708e+00 -1.00014960e+00
 -4.50478358e-01 -8.76364298e-01 -1.95512074e+00  7.09223078e-01
  5.06948636e-01 -7.81312610e-01 -5.34326271e-01  1.32578972e+00
  2.06680131e+00  3.17991607e+00  1.04223641e+00  2.60771465e-01
  8.36557623e-01  5.99438221e-01 -4.95344003e-01 -1.08949396e+00
  3.56953054e-01  6.66431861e-01 -9.93642504e-01  7.52358565e-01
 -4.92565952e-02 -9.94896535e-01  1.21207432e+00  8.77932666e-01
  6.69168140e-01  6.66213136e-01 -5.24588714e-01  7.50077874e-02
 -9.16998304e-01  1.45051814e+00  1.94649495e+00 -5.35697264e-01
 -9.27102740e-01 -8.13333118e-01  1.48757488e-01 -2.27078053e-01
  2.09369323e+00 -5.17618547e-02  1.04277369e+00  2.60230538e-01
 -2.52005725e+00 -1.71232938e-01  3.60043105e-02  7.47063990e-01
  5.93117265e-01  4.06403681e-01  1.38986032e-01 -2.53645207e+00
  3.40264751e-01 -7.23453148e-01  1.39625053e-01  1.93759046e-01
 -3.21306690e-01 -8.90260573e-01 -7.67020656e-01 -2.55899381e-02
 -4.66359936e-01  1.11091521e+00 -2.41865528e+00 -1.24973134e+00
  7.36545831e-01 -1.13376871e+00  5.20060021e-01  5.90555310e-01
  1.18360484e+00  1.34257393e+00  1.22974373e-01 -2.09373600e-01
 -3.65608592e-01  5.56232728e-01  3.66224704e-01  2.92171878e-01
 -6.15251639e-01  8.85497754e-02  1.08018310e+00  1.21249383e+00
 -4.25395183e-01  1.31749412e+00  1.34496673e+00  6.01163185e-01
  1.01192811e+00  1.03131716e+00  5.25203775e-01 -4.56019931e-01
 -4.49177840e-03 -6.82297678e-02  2.80759545e+00 -2.47104538e-01
 -5.68631463e-01  4.90884668e-01  3.69229504e-02 -7.45771453e-02
 -1.87124155e+00 -5.44384320e-01 -1.71518914e+00  2.42324270e-01
 -2.91486987e-01 -1.03598002e+00  2.81916413e-01  5.80163997e-01
  1.05511403e+00 -4.54777334e-01 -1.49628587e+00 -7.86106299e-02
 -5.86907077e-01 -2.80233993e-02 -3.44211354e-01  9.73743799e-01
  1.38062770e+00  9.08683898e-01  6.87897038e-01 -1.85236233e+00
 -8.18132774e-01 -2.66991047e-01 -2.22547542e+00 -1.98163197e+00
 -3.97600172e-01 -2.46723753e-02  4.04245558e-01 -1.76574739e+00
 -3.03864999e-01  1.07222043e+00  7.89922035e-02 -7.97359642e-01
 -6.55602744e-01  1.18249422e-02  3.69149550e-01  7.24144746e-02
  1.36379649e+00 -1.73076939e-02  3.58862240e-01 -1.77298650e+00
 -7.49793989e-01  1.25768135e-01 -9.00559692e-01  1.71532003e-01
 -1.02253780e-01 -3.10326576e-01  2.29881853e-02  1.59560554e+00
  5.60127417e-01  2.08806556e+00  1.00188198e+00  3.91067507e-02
 -2.21673565e+00 -2.43240915e-01 -8.95251214e-01  8.44786945e-01
 -2.06728926e+00  9.87320279e-01 -2.76365373e+00 -1.14504676e+00
 -2.20010459e+00  6.24991733e-01 -1.89993680e-01  6.24955435e-01
  3.88850239e-01  8.56295196e-01 -8.19082523e-02  2.38616777e-01
  2.27715209e+00  5.04334968e-01  1.07691482e+00  6.00624162e-01
  4.37176939e-01 -2.12856446e+00  8.96161494e-01  1.22580537e+00
  8.63942985e-02  5.07487680e-02 -6.10088764e-01 -8.53374078e-01
  1.14471368e+00  5.13094115e-01  1.11125310e+00 -1.52770631e+00
 -2.23155887e-01 -1.42730373e-01  1.12063343e+00 -7.40456777e-01
  1.91870147e+00 -1.48983063e+00 -2.35687767e-01 -1.45425543e-01
 -1.46691499e+00 -7.70568049e-02  8.34049814e-01  1.91328921e+00
 -2.00126588e+00 -1.34067735e+00 -3.07549988e-01  4.24574936e-01
 -1.00618285e+00  5.29964494e-01  4.65569167e-01  6.02883759e-01
  1.16426142e-02 -7.31807164e-02  3.65097268e-01 -5.34188930e-01
  1.56189877e+00 -5.69931575e-02  2.52051690e+00  3.17420980e-01
  4.74802828e-01 -7.41646240e-01 -2.84422922e-01 -5.22609771e-02
  7.84676238e-01 -2.20652007e-01  3.14048440e-03  8.09204362e-02
  9.45085263e-01  1.07478048e+00 -1.30391984e-01  5.11470203e-01
  4.21802146e-01 -6.51991903e-02 -5.41687467e-01  3.49132663e-01
  4.24966987e-01  4.35662470e-01  8.54115427e-01 -1.23175918e+00
  1.64782355e+00  5.87720391e-01 -4.62795143e-01  7.88391055e-01
  4.63949648e-01 -1.96174357e+00 -1.40912037e+00  1.14812092e+00
 -2.22057247e-02  9.59963841e-01 -1.86848749e+00 -1.25098748e+00
  1.97325232e-01  4.53970039e-01 -4.50925280e-01 -1.30835045e+00
 -1.09933462e+00 -8.33135972e-01 -5.38557399e-01 -5.31371038e-01
 -9.57414278e-01 -1.67856903e-01 -1.89422536e-01 -1.45063366e+00
  9.69210483e-01  7.29279731e-01  1.58880175e+00  1.93810320e+00
  1.10220786e+00 -1.50411433e+00 -3.36133804e-01  5.66381227e-01
 -8.17384276e-02  2.01955660e+00 -1.73028092e-01  1.56295630e+00
  1.76503868e-01  2.44459383e-02 -1.39011101e-01 -2.28548105e-02
  7.11457953e-01 -2.01471024e+00  4.14055676e-01  2.99277010e-01
 -5.49917963e-02 -1.64191025e-01  4.54495689e-01 -5.41709757e-01
 -9.05819926e-01  1.89491829e-01  1.41423735e+00 -3.52867912e-01
 -3.65425922e-01  9.08288275e-01  4.17842038e-01 -8.42125858e-01
 -5.80366584e-02  3.59129046e-01 -5.29653308e-01  3.12549863e-01
 -2.26571917e-01 -9.57575109e-01 -1.83364103e+00  6.09922167e-01
 -4.36616551e-01  9.72360711e-02  2.11490475e+00  1.22376777e+00
  9.51143046e-01  1.05243666e-01 -2.63107928e-01 -1.60012398e+00
  3.48763190e-01 -3.97919936e-01 -6.84449252e-02 -1.91382501e+00
  7.03097688e-01 -2.03872127e-01  6.80432749e-01  1.09228672e+00
 -5.04895012e-01 -3.83936699e-01 -1.02798385e+00  1.18824107e-02
 -1.13599774e-01 -1.88117665e-01 -9.55402743e-01  6.18491124e-01
 -7.16722229e-01  4.71654375e-01  1.96506319e+00  4.60096818e-01
 -9.14884217e-02 -3.11452410e-01  1.59622605e+00  2.79870038e-01
 -6.60609215e-01  1.49994375e+00 -8.60370544e-03 -1.33313646e+00
 -2.69861734e-01  1.89157074e-01  7.30051503e-01  3.71874774e-01