 4.38494028e-01  1.26411801e+00  6.96160307e-01  1.62295309e+00
  1.80696113e+00  5.39738976e-01  2.54758828e+00 -1.24506212e-01
 -1.55610593e+00  6.71556239e-01 -6.08130284e-01  6.14036763e-01
 -1.86183757e-01 -2.33344097e+00 -2.01562888e+00  7.69411954e-01
  1.27456298e+00 -1.92475794e-01 -1.63122946e+00 -1.54275456e+00
  1.64208382e+00  6.04163226e-01 -4.97882481e-01 -3.46040968e-01
  1.06385771e+00 -1.44066216e+00  4.33444374e-01  4.84260588e-01
 -2.86614537e-01 -1.00738958e+00  7.49294675e-01 -1.07076036e+00
 -3.92492949e-01 -1.84603274e-01 -1.35152628e-01 -1.48751369e+00
 -5.69357123e-01 -2.82324364e-01  8.34201218e-01 -5.31137627e-01
  1.50544425e+00 -1.31928721e+00 -6.13280313e-01  1.64857493e-01
 -4.02996943e-01 -6.30972798e-01  2.07121671e+00 -7.33718429e-02
 -5.95574360e-01  1.04750716e+00 -2.95138590e-02 -3.97194694e-01
 -5.06063132e-01  3.59799597e-01  1.86932272e+00 -7.45538235e-01
 -5.81935127e-01 -5.39367162e-01 -5.40205227e-01  2.98371522e-01
  8.55587225e-01 -3.73563884e-01  1.33813227e+00  1.97146210e+00
  1.66792442e+00  1.79598205e+00  4.42647466e-01 -1.57377451e+00
 -1.53762475e+00 -2.04104825e-01 -4.00911929e-01  1.69344833e+00
  1.32777679e-01 -1.78539327e-01  9.90116700e-01 -1.10620185e+00
 -2.61069836e+00 -1.25672107e+00  7.59959317e-01  1.71094902e+00
 -1.69546238e+00 -1.84247493e+00  1.51920655e+00 -9.77901971e-01
 -5.68507178e-01  4.47801587e-01 -4.83506755e-01  3.64031203e-01
 -8.19931572e-01 -7.08692624e-01  3.30755220e-01 -4.52830124e-01
  8.03625689e-01 -7.72946211e-01 -9.78046343e-03  1.35588774e-01
  1.45733518e+00  1.74952478e+00  1.49332653e+00 -6.56669731e-01
  1.51943005e-01 -1.26943825e+00  1.96434831e+00 -2.16165750e+00
  1.34951005e+00  3.97849835e-01  5.92351119e-01  1.38294615e+00
 -1.76061589e-01  6.72818984e-01  9.44959159e-01  2.48968539e-02
 -6.65156151e-03  7.05504605e-02 -6.87821371e-01 -4.57110257e-01
 -1.03769345e+00  1.45582114e+00  2.41764601e-01 -1.23413519e+00
  4.60253890e-01  1.53172918e-01  2.49300324e-01  9.52539445e-01
  4.99740012e-01  6.00824120e-01 -1.26625176e+00  1.09531011e+00
  1.01150176e+00 -2.21992994e+00  1.42026784e+00  4.98769671e-01
  6.57547976e-01 -5.19123563e-01 -2.54560177e+00  6.37019660e-01
  5.50303876e-01 -3.64925638e-01  1.29679746e+00  1.24100083e+00
  1.29007092e+00  9.06208635e-01  8.62325757e-01 -2.02931672e-01
 -1.35397491e+00  1.96727132e-01 -9.63781687e-02  1.27969015e+00
  3.96773967e-01  1.90294819e+00 -4.13096648e-01 -2.57233968e-01
 -3.41055393e-01 -1.45810717e+00 -2.40217907e-01 -5.91009105e-02
 -2.71867023e-01 -5.70942181e-01  4.45298875e-01 -3.70868778e-01
  1.36613698e+00  3.13550955e-01 -1.56325945e-01 -6.47942423e-01
 -5.85877968e-01  1.08578416e+00  6.67266128e-01  1.50722819e+00
  1.30920396e+00 -2.30753829e-01 -1.59855803e-01 -1.13383748e+00
  1.65235698e+00 -1.91692704e+00 -6.31714574e-01 -7.84983167e-02
 -2.14944916e-01  7.57679903e-01 -3.98811240e-01 -1.33243395e+00
  2.71709473e-01  1.13142773e+00 -2.85752638e-01  8.74966420e-01
  4.09504805e-01  3.86293445e-01  6.98449261e-01 -3.74142473e-01
  1.69214598e+00  9.27777667e-01  1.37212169e+00  8.05748555e-02
  1.36552250e-01  4.32039511e-01 -1.15972183e-01  2.22581063e+00
  2.06977102e+00  1.85840056e+00 -1.28443071e+00  2.79652701e-01
  1.35843769e+00  6.18877624e-02 -2.06855831e+00 -1.06650772e+00
  5.51996939e-01  8.65470469e-01  7.31771280e-02 -1.54980667e-01
  1.28719057e+00 -1.06852343e+00 -1.70682296e+00 -1.96068559e+00
 -1.29646160e+00  1.06569743e+00  6.95302546e-01  3.82129285e-01
  2.98504672e-01 -9.74364649e-01  1.22291283e+00  7.62447773e-01
 -8.57126995e-01  8.92497204e-01  2.86156171e-01 -7.10569008e-01
 -2.64182094e-01 -3.74175205e-01  6.51354071e-01  2.06561797e+00
 -1.48628645e+00  9.63567566e-01  3.52871385e-01 -7.02646826e-01
 -1.31708616e+00 -1.69447540e+00 -6.77587802e-01 -1.79234603e+00
  4.61988873e-01 -1.78420089e-01 -1.00742149e-01  3.59090087e-01
  3.38134985e-01  1.46592551e-01 -1.88419180e-01 -6.32411769e-02
  1.39212358e-01  3.22360776e-01 -4.60649017e-01 -1.56854985e+00
  2.04363577e+00  9.72136148e-01  1.86511393e+00 -5.09416097e-01
  7.38830887e-01  1.12911825e+00 -1.06188275e+00 -1.25491593e+00
  6.77817743e-01 -4.07053180e-02 -1.69911092e-01 -1.72649985e-01
 -5.93439720e-01 -2.05552550e+00  9.47797190e-01  7.82845682e-01
  7.50111222e-01  1.10224495e+00 -8.14079755e-01 -1.30859170e-01
  8.30770311e-01 -7.15779687e-01 -2.05393234e-01  8.06818408e-01
  2.65154734e-01 -1.41558549e-01 -8.87066971e-01 -6.53681118e-01
 -1.11692792e-01  3.23820088e-01 -3.79032763e-01  1.75587811e+00
  6.97717097e-01  5.59770003e-01 -1.08091712e+00 -5.98482134e-01
 -3.06104955e-01 -4.83405806e-01  9.02948891e-01  1.02501449e+00
 -5.23045413e-01 -1.33984704e+00 -1.80516600e+00 -1.48615902e+00
 -9.28247381e-01 -6.02095808e-01  1.18275593e+00  1.33123056e+00
  2.08095536e-01 -9.10281522e-02  9.29651082e-02  1.18375900e+00
 -9.53211580e-01 -8.26364339e-01  7.04201395e-01  2.09402078e+00
  2.40611266e+00  2.48922967e-01  5.49456391e-01  1.76519062e-01
  1.62110245e+00  9.51459290e-02  8.02688110e-01 -5.51074758e-01
 -9.53616727e-01  1.43690379e-01 -3.90006511e-01  4.07648964e-01
 -2.22343722e+00  1.14870839e+00  2.03100920e+00  7.21141800e-02
  1.22488654e+00  1.89874790e-02 -1.79696593e-01  3.09334473e-01
 -4.17456202e-01  2.12760688e+00  2.61222095e-01 -1.28107764e+00
  3.26632571e-01 -5.27916009e-01  1.90682741e-01  1.25952267e-01
  9.03828241e-02 -2.93935309e+00 -1.34192222e+00  4.99995635e-01
  2.63994674e-01  2.09906123e-01 -1.97016378e+00 -3.53465658e-02
 -6.93812340e-01  6.54754959e-01  1.21368278e+00 -1.39295238e+00
  7.85881143e-01 -1.43756070e+00 -6.57561491e-01 -3.26046337e-01
  2.48701485e-02 -1.37865327e+00  4.22886231e-01  7.33145548e-01
 -9.20773863e-01 -7.70613723e-01 -5.09539627e-01  6.71602326e-01
  9.13966767e-01 -5.61561381e-01  7.17798973e-01  1.03156017e+00
  2.10946864e-01 -8.32437761e-01 -9.26944601e-01 -1.78338240e+00
 -1.29383154e+00 -1.49609483e-01  1.01288121e+00 -1.13535094e-01
  1.39733225e+00  9.78424929e-02  5.10358908e-01 -3.10983693e-01
  6.17337646e-01 -1.41385297e+00 -2.94407096e-01 -8.53536406e-01
 -2.10563007e-01 -2.20835994e-01 -7.78620016e-01 -8.98427283e-01
  8.25334297e-01  3.36252576e-02  4.24707461e-01  1.10440952e+00
  5.16207361e-01  9.31917135e-01 -4.83392856e-01 -1.22040774e-01
  1.52431349e+00  2.23622791e-01  7.69606615e-01  1.26283837e+00
 -2.22113761e+00 -1.95475206e-02 -3.08564840e-01  1.04392365e+00
 -7.82001771e-01  1.54310964e+00 -1.68303543e+00  1.32433681e+00
  8.59926675e-01  1.34207619e+00 -3.05918861e-01  1.04603803e+00
 -1.25792756e+00 -8.93314722e-01  1.48896332e+00 -3.54570807e-01
 -1.34971139e+00  6.65204246e-01 -6.95890337e-01  2.36537138e-01
  1.51169567e+00  7.50895595e-01 -7.02518337e-01 -7.27116695e-01
 -1.14252846e-01  3.00137768e-01  1.99583843e+00  1.08651220e+00
  6.69086379e-01  1.19919817e+00 -6.16218245e-01  1.36630237e+00
 -2.32329550e-01  1.02899483e+00  1.69319214e+00 -2.43836193e+00
  7.93020556e-01 -6.16025691e-01 -1.29097363e+00 -1.09174933e+00
 -1.54951540e+00 -2.95393290e-01  3.66151688e-01  5.25803951e-02
  4.65751553e-01  1.19522518e+00  3.67371974e-01  6.95008880e-02
  9.41625348e-01 -1.50661047e-01 -7.16061776e-01  6.54477031e-01
 -2.81840665e-01 -4.82846958e-01 -2.16823406e+00 -1.19443576e+00
  1.06616418e+00  8.59046708e-01 -5.60636956e-01  7.64094929e-01
  1.64219861e+00  1.13083890e+00 -4.45205719e-01  1.72051837e+00
 -1.31667509e+00  9.08092400e-01 -1.70478568e-01  8.77735954e-01
 -6.25631608e-02  1.53564808e-01  4.62231970e-01 -1.65645353e+00
 -5.23024751e-02 -1.10065640e+00  3.25988398e+00  7.19666220e-01
  6.21223127e-01  4.56984123e-01 -1.09142656e+00  5.64242722e-01
  5.07907433e-03  7.06592921e-01 -1.70755998e+00  4.11382698e-02
  1.03152573e+00 -1.31118505e+00  7.41472213e-01 -6.67607268e-01
  1.56854008e+00  1.19374468e+00 -5.17417825e-01 -1.34029370e+00
 -2.10606065e-01 -1.74144114e-01  2.59565221e-02 -5.25806327e-01
  2.32773865e-02 -2.38349585e+00 -1.23816216e-01  3.57979253e-01
  9.88877594e-01 -1.26553070e+00 -3.07993330e-01  5.27460423e-01
  1.14463426e+00 -4.97025837e-01 -6.50558665e-01 -1.06066236e+00
  4.36975449e-01 -1.02469679e+00  3.66032598e-01  1.04013902e+00
  7.92996912e-01  1.25395020e+00 -1.04296500e+00 -1.21207879e+00
  1.20042855e+00  1.48012077e+00 -2.28638716e+00 -9.08733169e-01
 -8.63392415e-02  1.01183301e+00 -9.07556594e-01 -2.75263760e-02
  4.82992300e-01 -1.48874449e+00 -1.55471006e+00 -3.57249907e-01
  8.42265651e-01  8.59190530e-01 -6.79662567e-01 -9.64739051e-01
  1.73403903e+00 -1.21307065e-01 -1.41041250e+00 -7.61399080e-01
 -6.29431042e-01  4.00916197e-01 -6.42949323e-01  3.30647938e-01
  6.93185968e-02  9.40700606e-01  6.00569915e-01  1.25763793e+00
 -6.23642691e-01  1.88151319e+00 -6.60084162e-01  2.80944604e-02
  1.20801071e+00  1.91291137e+00 -1.86840157e+00  1.34105099e-01
  1.76810705e-01  1.26203158e+00  3.63854430e-01 -1.29990284e+00
  6.88864605e-02  1.09107433e+00 -1.39179600e+00 -6.79653239e-01
  8.95120947e-03 -3.98506796e-01 -1.43858088e-01  3.01483833e-02
  1.07573410e-03  1.04593987e+00 -3.39887812e-02 -9.95056915e-02
  1.05656386e+00 -5.40540201e-01  9.39798612e-01 -2.53406143e+00
  4.59068774e-01  1.53618127e+00  1.20865751e+00  7.41978613e-02
 -1.78663135e+00  1.54272561e+00 -8.53515068e-01 -5.80435330e-02
  4.34951425e-01  6.73057935e-01  3.14194181e+00  8.88399774e-01
  3.83051700e-01  1.53792886e+00  7.97200091e-01  7.95986700e-01
  4.09219677e-02  1.89076875e+00  1.78339896e+00 -5.05058384e-01
 -1.13239057e+00 -2.44875400e+00 -1.46188104e+00  2.70905977e-01
  1.63856981e+00  1.80058468e+00 -1.57867829e-01 -1.96053838e+00
 -2.17538414e-01 -1.02938632e+00 -2.06509349e-01  9.99829657e-01
 -1.32925234e-01  4.07825274e-02  7.79118663e-01  6.63800713e-01
 -6.54117137e-01  8.13841248e-01  1.77616709e+00  7.32236136e-01
 -1.15880613e+00  1.89306043e+00 -1.20260451e+00  5.40353164e-01
 -2.40648762e-01 -1.50469647e+00 -2.62897585e-01  1.90120006e+00
  1.54973975e-01 -1.33473702e+00 -6.77229950e-01 -5.21779519e-01
  5.26079653e-01  5.66672438e-01  3.31129575e-01  3.11440899e-02
 -7.37611284e-01  4.29824795e-01 -4.16174202e-01  5.61423632e-01
 -6.10864351e-01  1.01470137e-01  2.51690894e-01  1.76048307e-01
  3.92587502e-01  1.90892052e-01  1.83576934e+00  8.68483176e-01
  2.20313764e-01  7.87335201e-01  9.41658131e-02 -2.49275891e+00
  3.05458230e-01 -3.30170212e+00  3.15390070e-01 -4.77262852e-01
  1.99730848e+00 -1.02721599e-01 -7.21442581e-01  1.77320260e+00
 -5.33435409e-01  1.26450234e+00 -3.77816881e-01 -9.32982818e-01
 -6.89775629e-01  3.59315787e-01 -3.57753726e-01 -5.25433257e-01
  1.22678777e-01 -1.58163989e-01  1.99668016e-01  3.82966926e-01
  1.56547260e-01  1.06447785e+00 -7.30335949e-01  2.01904420e+00
  1.06669436e+00 -2.39452617e-01  1.25636991e+00 -1.37880375e+00
  3.00406977e-01  3.94890558e-01  1.26068286e+00  9.43174823e-01
  2.13597993e+00 -2.93460486e-01 -2.63495863e-01 -4.74378508e-01
 -1.23453835e+00 -1.38367120e+00 -3.49918383e-01 -2.14874431e+00
 -5.06671576e-01  5.31750878e-02  7.98102891e-02  6.84897571e-01
 -2.37068680e+00 -6.06794619e-01  3.52487345e-01 -7.71752329e-01
 -8.47167057e-01  2.34568882e-01 -1.15237031e+00  1.10909686e+00
 -7.41040893e-01 -9.71472911e-01  4.69232620e-01 -2.44193777e-01
 -2.09975031e+00  4.54937328e-01 -2.35611626e-01 -4.54948436e-01
  2.60034801e+00  9.64718813e-01 -7.25299053e-01  3.04941481e-01
 -1.98704946e-01  1.48759591e-01 -9.18216648e-03  1.09498100e-01
 -1.45243008e-01  1.49675202e+00  2.30111419e-02 -1.59860420e+00
  9.30560199e-01 -3.32953818e-01 -1.17700429e-01  2.27683850e-01
  3.25454542e-01 -9.31118688e-01 -8.16352715e-01  1.35449242e+00
  1.46906918e+00  7.89056912e-03  1.73879177e+00  9.34019106e-01
  1.81549862e+00  6.04543918e-02 -6.59053773e-01  1.07983407e+00
 -1.60490508e+00 -6.31692558e-01 -3.05492643e-01  9.56561167e-01
  2.09697512e+00  2.93553411e-01 -2.91662698e-01 -1.03869761e+00
 -3.95276041e-01 -5.37398622e-01 -6.91846511e-01 -4.18471657e-01
  4.38028173e-01 -5.46568049e-01 -2.31530541e+00 -1.31044484e+00
  5.62769190e-01 -9.52300043e-01 -8.64118887e-01  9.26371681e-01
 -6.02046050e-01  6.16078216e-01  1.86033570e-01  1.51385112e-01
  1.07346548e-01 -4.99259734e-01  1.91093799e-01 -1.70180441e+00
  6.14715615e-01 -1.47661205e+00 -5.16935219e-01  2.39838265e+00
  6.99199529e-01 -1.27155102e+00  3.77087329e-01 -4.38054597e-01
 -1.25382907e+00  1.84522103e-01  1.75617918e+00 -1.20531459e+00
  3.09515769e-01 -5.02244973e-01  1.65964373e-02 -6.75543853e-01
  1.36108233e+00  7.09074721e-02  3.49503574e-01 -1.65922891e+00
 -1.05445672e+00 -1.19851899e+00  6.27201098e-01  6.67276866e-01
  9.47472340e-01 -5.91928851e-01 -2.22483875e-01  2.14299654e+00
 -8.01879643e-01 -4.05750395e-01 -5.49757652e-01  1.19257464e+00
 -2.20816853e-01  2.98657665e-01  8.32436041e-01  3.77603981e-05
 -1.68029729e-01  2.71396067e-01 -7.62175088e-01 -1.28482427e-01
  1.09314528e+00  4.19031469e-01  5.85355780e-01 -9.99431385e-01
  1.27352661e+00 -4.50968491e-02 -1.06143453e+00 -6.47064152e-01
  5.73073173e-01  7.81359219e-01  5.51892578e-01  1.06405769e+00
  8.42672048e-01 -2.11489464e-01 -1.84546416e+00  1.41959221e-01
  1.94206199e-01 -5.72316925e-01  7.24088075e-01 -1.37627652e+00
  2.75975004e+00  5.66709149e-01  2.18656503e-01 -3.52809439e+00
 -9.52357264e-01 -1.10775531e+00 -1.78352341e+00 -8.81482187e-01
  3.46972460e+00  2.26871939e-01 -5.65641901e-01  5.59679471e-01
 -6.14227807e-01  4.54775117e-01  5.54448802e-01  1.19281164e+00
  4.48893579e-01 -4.06993271e-01 -7.59245583e-01  2.93738823e-02
  1.19243721e+00  7.94382940e-01 -1.06846456e+00  3.77993334e-01
  4.66190867e-01 -6.19152985e-01  1.03129723e+00  7.61601118e-02
 -8.09870446e-01  1.20756311e+00 -9.51788103e-01 -9.41242528e-01
 -7.81697083e-01 -8.50155917e-01  1.07418147e+00  7.29203466e-01
 -3.86666471e-01 -2.63387295e-01 -3.87216863e-01  1.04304569e-01
  9.09738362e-01 -1.61169436e-02 -3.28112991e-01 -1.03897033e+00
 -3.00033315e-01 -6.35476104e-01 -1.49835452e+00 -9.25360564e-01
  7.06015402e-01  1.98258379e+00  1.47582739e-01  9.65036943e-01
  1.19173321e-03  2.68925060e+00 -3.22070951e-01 -4.56537412e-01
  2.74335908e-01  8.32515342e-01 -2.10462004e-01  1.49619500e+00
 -7.68738584e-01  1.21642011e-01  1.93900044e+00 -9.91825430e-01
 -9.71147073e-02  2.09678799e+00 -5.73099275e-01 -5.16547733e-01
  1.39046172e+00  1.15276088e+00 -1.64648999e-02  4.32835647e-01
  1.93652816e+00 -1.79945461e+00  9.17727568e-01  1.37824907e+00
 -1.67821981e+00 -5.18616326e-01  2.91174713e-01 -9.42729168e-01
 -8.80809757e-01  1.21699133e+00  1.10697566e+00 -1.31469761e+00
 -6.81358541e-01  6.79476231e-01 -7.11424023e-01  1.41128740e+00
  2.35918948e-01  1.63670336e+00  1.70410245e-01  1.31201069e+00
 -1.99881938e+00  1.14099259e+00 -1.42639429e+00  1.74294770e+00
  1.23124109e-01  1.28998501e+00 -1.70300793e+00 -8.46536250e-02
  4.77613568e-01 -8.06406629e-01 -9.05430400e-01 -1.85295479e-01
 -6.60219681e-01  6.32236437e-01 -1.47539418e+00  3.65060517e-01
  3.88501924e-01  1.10585646e+00 -1.20130726e+00 -8.86883999e-01
  7.11983460e-01  3.50607543e-01 -3.14517081e-01  8.28208129e-01
 -6.99945166e-01 -8.78553293e-01  1.67171187e+00  4.31372535e-01
 -1.60802750e+00  1.02702882e+00  5.98083753e-01  2.27772729e+00
  1.19405858e-01 -4.33060656e-02 -9.48237124e-02 -2.77513959e-01
  1.81814583e+00  6.66692478e-01  3.88122645e-01  9.71538483e-01
  4.68202648e-01  5.65921483e-01 -1.36486781e+00  5.95320096e-01
  1.60773356e+00  4.91265640e-01  2.32366725e+00  1.82127100e+00
  2.02567630e+00  1.06924457e+00 -5.61378894e-01 -7.18808332e-01
 -5.80336109e-01  3.38097986e-01  1.00900298e+00 -1.22249508e+00
  2.35281322e+00 -3.66311173e-01  1.63382521e+00 -1.19122143e+00
  2.07454825e+00 -9.82320295e-01 -9.48980461e-01  7.97803573e-02
  5.83268654e-01 -4.75090995e-01 -1.62434811e+00 -2.85485193e-02
 -2.65540627e-01  5.30552570e-01 -1.57317078e+00 -2.85374445e-01
 -5.49209306e-02  1.51922180e-01  1.01553613e-01  6.95421550e-02
 -8.16169030e-01 -1.23368124e+00 -4.75887296e-01 -7.37386973e-01
 -1.13892600e+00 -1.70908251e-01 -1.12703982e-01 -3.96114201e-01
  3.24474960e-01 -1.99549732e-01  1.15919992e+00  3.48838755e-01
  1.01078153e+00  1.09147585e+00  2.24056717e+00  1.29402792e+00
 -6.51546108e-01 -1.32001586e-02 -4.09291987e-01  2.51423678e+00