 1.20696503e+00  2.32472018e-01 -7.82804463e-01 -9.19579390e-01
  2.54475282e-02 -3.53154920e-01 -1.22610412e+00 -9.65074501e-01
  7.43922234e-01  1.96795497e+00 -8.74395477e-01 -3.12113315e-01
  3.72405296e-01  5.51050329e-01  8.18591220e-01 -2.53003804e-01
 -9.02433333e-01  9.00292614e-02 -1.94525324e+00  6.08846417e-01
 -5.32701690e-01 -2.64443238e-01  3.28552173e+00  1.71891012e+00
 -1.41223039e+00 -7.92709541e-01  1.02779956e+00 -8.24831148e-02
  1.54493960e+00 -6.51334241e-01  2.67541621e+00  1.27929172e+00
  1.42128609e+00  5.86848978e-01  1.32490311e+00 -1.95362726e-01
  1.62992766e-01 -3.71698688e-01  9.96644998e-01 -1.27751441e-01
 -5.28399300e-01 -2.30628757e+00  8.33899108e-01  1.08186129e+00
  1.01420368e+00  1.33289586e+00  1.08780419e+00 -5.14848479e-02
  1.11353221e+00  1.60167210e+00 -1.11755594e-01  7.17253691e-01
  1.21494761e+00  6.40704404e-01 -5.26323884e-01  1.04951359e+00
 -3.18657285e-01 -3.99593007e-02 -1.49495231e-01 -5.05839169e-01
 -1.35131085e+00  1.67338059e+00  8.52079682e-01 -6.89395066e-01
  6.99930133e-01  2.44403327e+00  1.77132771e+00 -5.19430760e-01
 -1.13491696e+00  9.64246853e-02  1.58694571e-01  1.64552029e+00
 -1.08787599e+00  1.58158102e-01 -7.87035240e-01 -9.71631794e-02
 -7.02582767e-01 -2.20579232e-01 -1.25685456e+00 -7.23998510e-01
 -6.71011564e-01  8.64853974e-01  6.86265553e-01 -3.94606109e-01
 -4.27915845e-02 -1.03994100e+00  2.62756852e-01 -3.28146947e-02
 -1.05178666e+00  8.57145536e-01 -1.67932388e+00  8.30570060e-01
  2.13053533e-01 -1.63581478e+00 -1.07591247e+00 -1.86439597e+00
 -1.40795301e-01 -4.77567471e-01  3.08472978e-01 -1.41313488e+00
  1.36664938e+00 -7.52397912e-01  1.84384031e-01 -4.87198428e-01
  6.99480430e-02  5.14073999e-01  9.83201354e-01 -5.48002708e-01
  9.89433572e-01  4.31235472e-01 -1.25311240e+00  1.64612444e+00
  1.30280244e+00 -3.44948440e-01  5.82361262e-01 -1.21564369e+00
 -9.91577718e-01  3.91107917e-01  8.77744912e-01  1.16681070e+00
 -5.28667325e-01 -9.67874871e-01  3.04936324e-01 -5.48564022e-01
  6.62579232e-01 -8.02067054e-01  8.57891706e-01 -1.96301556e+00
 -9.44719353e-01  1.10294029e+00  2.10255878e-01 -5.57103784e-01
  3.55538957e-01  7.29567980e-01 -4.74590834e-01  3.24036598e-01
 -1.21650594e+00  8.26928610e-01  1.58485596e+00 -1.65993708e+00
 -7.71173164e-01  9.96874757e-01 -1.64450801e+00 -3.78324408e-01
 -4.29757980e-01 -5.39624713e-01  1.28134632e+00 -1.66085915e-01
  5.21411320e-01 -1.62452100e-01  1.04357861e+00  8.18353270e-01
 -4.75145772e-01 -8.61949586e-01 -1.03172022e+00 -1.73991142e-01
 -4.15252461e-02 -1.19300694e-01  1.93612226e-02  6.09353820e-01
 -1.93684910e+00  9.12197240e-01  9.55026069e-01  1.20431552e+00
 -5.84033604e-01 -1.70421928e+00 -4.84238079e-01  1.29549966e-01
 -1.25940704e+00 -6.60414292e-01  1.18084781e+00  1.73061842e-01
 -5.99182459e-01 -6.92951907e-01 -6.57699464e-01 -1.37340348e+00
  4.53115442e-01 -1.14700612e-01  5.41481366e-01 -9.52374736e-01
  1.70065381e+00 -2.17706824e+00  4.76817044e-01 -5.22858740e-01
  1.74318292e+00  9.62781956e-02  2.18372807e+00 -7.05698865e-01
 -2.85613965e-02  6.18614847e-01 -5.58383708e-01  7.00717756e-01
 -3.04090113e-02 -6.36113136e-01  6.35759401e-02  9.04475497e-02
  1.15694164e+00 -2.05336832e+00 -7.41760015e-02  1.80052344e+00
 -6.26428650e-01  3.94084325e-01  1.87597279e+00  2.69773256e+00
 -9.10603125e-01  1.91235158e-02 -8.29492938e-01  6.79777901e-02
  2.88758724e-01  9.18542582e-01 -1.83827401e+00 -7.27087901e-01
 -1.23538672e-01 -7.26490694e-01 -4.26734583e-01  3.72272125e-01
 -1.05108293e+00  1.92640220e+00 -6.06745986e-01 -9.59239140e-01
 -8.04866380e-01 -2.70308236e-02  1.37451424e+00 -6.80578780e-01
  8.56949931e-01  1.55885421e+00 -1.47835722e+00  1.31000986e+00
 -1.56889264e+00  1.13469815e+00 -1.10915220e+00  1.03706672e+00
 -1.18279969e-01  3.33166650e-01  7.80690000e-01 -6.32253946e-01
  1.01710126e+00  1.39667906e+00 -2.54150505e-01  2.06788863e+00
 -3.92437604e-01 -1.47690550e+00  4.36145805e-01 -7.92723735e-01
  3.61380671e-01 -7.70234224e-01  3.61315924e-01  1.30728255e+00
 -6.17873784e-01  1.59331192e-01  8.87754121e-01  1.47609641e-01
  1.62623303e+00 -1.58819592e+00  1.27917508e+00  1.38174525e-01
 -7.62848087e-01 -4.17166998e-01  8.37491965e-01 -4.81690347e-01
  2.86240851e-01  5.84707952e-01 -6.65589646e-01 -4.97253478e-01
  5.10994984e-01  2.92410414e-01  3.39577379e-03  3.64890051e-01
 -1.47517047e+00 -9.64212362e-01 -1.21382043e+00 -4.74121080e-01
 -5.01756775e-01 -1.49019435e+00 -1.45785008e+00 -1.09358818e+00
 -4.16286378e-01  5.01877137e-01  1.36192577e+00  1.61683313e-01
  6.39899117e-01 -8.09591661e-01 -3.63381570e-01  1.48784566e+00
  4.56556328e-01 -7.92269918e-01 -1.42726070e+00 -8.83481166e-01
 -1.29188070e+00 -5.89854369e-01  9.85946431e-01 -2.54182753e-01
 -4.03529084e-01  6.80551121e-01  8.25596940e-01  2.72385705e-01
  3.27812041e-01  5.17554367e-01 -4.59189787e-01  1.46670372e+00
 -6.23774584e-01 -3.86376292e-01  2.53949937e-02 -1.08992068e+00
  1.08938713e+00  5.78287936e-01  6.88321190e-01  5.04168476e-01
 -6.50105577e-01 -9.98097635e-01 -2.59700174e+00  2.29381627e-01
  3.88502191e-01  1.64338315e+00 -2.46612662e-02 -3.45423827e-01
  4.84358652e-01  1.09837157e+00 -2.80985136e-01 -1.13124195e+00
  5.79632459e-01 -7.40928166e-01  4.33802159e-01 -2.11759712e+00
  6.48828056e-01  5.10863548e-01 -1.07985591e+00  4.90625190e-01
 -1.41545245e+00  1.58267650e+00  1.33662799e+00 -2.37435957e+00
 -1.19488201e+00  1.70489176e+00 -1.96588941e-01  1.02212535e-01
 -2.13746761e-01  1.65515194e-01 -1.82584448e+00 -2.97952280e-01
 -7.15716243e-01  1.20563028e-01 -3.96640833e-01 -2.57247698e+00
  1.77498688e+00  1.49026957e+00  6.65029671e-01 -4.98204119e-01
 -1.90753931e+00  8.64703544e-01 -1.12621743e+00  3.64183060e-01
  1.80594279e+00  2.09619769e-01 -6.88325706e-01 -1.90576682e-01
 -7.29531304e-01  1.05157556e+00  4.17108609e-01 -1.75140697e-01
 -8.66492508e-01  5.05145402e-01 -5.78864940e-01  7.74416696e-01
  1.61766580e+00  5.00288355e-01 -4.22395428e-02 -1.27795029e+00
  1.00146776e+00 -9.33874727e-01  9.82304113e-01  1.83316336e+00
 -1.89142734e+00 -9.24357941e-01 -1.00413286e+00  1.07170392e+00
 -7.57860416e-02 -1.75310289e-01 -4.50311919e-01  8.17697383e-01
  1.59801519e-02 -1.56770971e+00 -2.35306895e+00  2.64504079e-01
  6.87837399e-01  9.26712694e-01 -3.07025796e-01  4.20518258e-01
 -2.57741319e+00  4.10055438e-01  1.94933902e+00 -3.40751718e-01
  1.30886148e+00  7.23622099e-02 -1.17378998e+00 -1.03055906e-01
  1.45342576e+00 -5.67676958e-01  7.68207671e-02 -1.83927573e+00
 -6.51330453e-01  1.64858179e+00 -6.04045971e-01  1.25935816e-01
 -8.74895605e-01  2.83556105e-01 -1.41290833e+00 -5.82708914e-01
  5.53631027e-01  1.45132952e-01 -6.88588611e-01 -4.25331750e-01
 -1.30067998e+00  1.40828621e+00  1.10690257e+00 -1.00470505e+00
 -9.48928576e-01  8.28085350e-01  3.64063192e-01  3.56767125e-01
  1.00177344e-01  1.03820990e-01  9.42423818e-02 -4.93768728e-01
 -2.57135566e-01  2.79484681e-01 -9.91309992e-01 -2.66042499e-01
  8.30579999e-01  1.18780776e+00  6.63366140e-01  1.53736456e-02
 -1.85075934e+00  1.94835838e-01 -2.22995541e+00 -2.53821704e-01
  1.14390950e+00  1.09828518e+00  8.81764325e-01 -7.54510955e-01
 -3.85688089e-01  1.76796887e+00 -1.72586790e+00  1.63710631e+00
  7.51541785e-01 -1.50849203e+00  4.21911120e-01  4.18229020e-01
 -3.13435896e-02 -1.31756199e+00  3.16004339e-01  5.45695387e-02
 -2.17359316e-01  2.37602899e-01  1.52635652e+00  2.25528717e+00
  1.43961305e+00  7.35688179e-01  2.11849047e-01 -1.18004877e-02
 -8.61634754e-01  2.63741943e-02 -8.44095777e-01  1.44716113e-01
 -2.11255994e-01  1.57988632e-01  1.59656569e+00 -2.11477581e+00
 -7.64176717e-02 -3.85096815e-01 -2.04516789e+00  1.73665650e+00
  7.58844912e-02 -1.27813416e+00  1.20921546e+00 -5.59689186e-01
 -9.27498143e-01  1.27298910e-02 -8.17950422e-02  1.17181685e+00
 -4.09177348e-01 -1.77170231e+00  2.14307626e-01 -8.61438642e-01
 -2.31944974e-01  7.31228307e-01  5.48821156e-01  8.19803570e-01
 -2.66506872e-01 -4.81696386e-01  9.74945076e-01 -1.62179319e+00
 -9.51421917e-01 -2.36883074e+00  8.17040586e-01  4.07007059e-01
  4.58766804e-01  4.69963484e-01  1.76368566e+00 -8.53139825e-01
  2.90502035e-01  1.26948592e+00  3.35301925e-02 -1.43317638e+00
 -2.25892806e-01  2.05057770e+00 -3.23620649e-01  3.37923691e-01
 -2.05108107e-01  7.02158235e-03 -1.40506900e+00  5.41029147e-01
  2.09300309e-01  5.55813894e-01 -3.55399482e-01  8.16601425e-01
 -4.05904319e-01 -1.30690988e+00  1.17948174e+00 -1.50360450e+00
 -3.93893846e-01 -3.41324756e-01  7.10400032e-01  1.38544325e+00
 -1.57472511e-01  1.91686194e-02 -2.11542364e+00  9.55675381e-01
 -9.77138553e-01  1.90034627e-01  3.86780506e-01  5.74876671e-01
 -2.77794010e-03  3.34964823e-02 -1.63455970e-01 -2.68534068e+00
  7.89572761e-01 -3.60183310e-01 -1.87961404e+00 -4.56423842e-01
  5.88063963e-02  3.04586864e-01  2.83300867e-01  1.75372111e+00
  1.91337391e+00  9.92801431e-02  2.50134838e-01  1.28059653e+00
 -7.74438016e-01 -1.07854536e+00  5.87555244e-01 -1.15313516e+00
 -9.16044147e-01  1.38392082e+00 -5.33721730e-01  4.83811070e-01
 -8.73292896e-01  1.55209216e+00  3.12661748e-01  3.93902317e-01
 -3.87786307e-01  9.43541824e-01 -2.10265910e-01  1.65951799e-01
 -8.69753391e-01  5.53808870e-01  8.90506715e-01 -6.66522261e-01
  2.08530529e-01  1.25488073e+00 -1.33119966e-01 -6.07442872e-01
  1.13362944e+00 -6.05599418e-01  9.43097349e-02 -1.14696004e-01
  2.01075144e+00  5.07110744e-01  1.38116074e+00  1.03536411e+00
 -3.12218080e-01  1.10720378e+00  6.24920283e-01  1.34176181e+00
  1.02921233e+00  8.66801898e-01 -6.27186644e-01  1.23949245e+00
  2.69793878e+00  6.67553537e-01  1.39981006e+00 -1.32992860e+00
 -8.30881414e-01  6.57710760e-01 -5.50125496e-01  2.97053272e-01
 -3.95045504e-02 -4.63872196e-01  8.30663900e-01 -2.51812337e-01
 -5.21564480e-01 -4.59417875e-01  2.47638232e-01  4.82676488e-01
  7.35574285e-01 -3.48716386e-01  4.19269856e-01 -6.30841083e-01
 -8.13359792e-01 -5.85932462e-01 -1.22202794e+00  3.09724255e-01
  1.28387234e+00  4.69624012e-01 -4.88794961e-01 -1.70923073e-01
 -1.93954046e-01 -2.29978712e-01  9.83257529e-01  1.46002273e+00
 -1.62201991e+00  2.21779571e-01 -9.45260698e-01 -8.16971625e-01
  1.61348607e+00 -4.03668048e-01  5.76141134e-01 -1.51570831e+00
  4.37393917e-01  4.89344058e-01  8.87503791e-01 -1.98074814e-01
 -4.45269143e-01 -1.30422572e+00 -1.06635209e+00 -1.81179032e-01
  1.19555587e+00  8.96206909e-01  5.57120793e-01  7.77880811e-01
 -9.63028278e-01 -1.31637313e+00 -5.82997720e-01 -1.04337764e+00
  9.40907300e-01  3.61235975e-01 -1.18126910e-01 -6.19074383e-01
 -2.43838009e+00 -7.23119363e-01  3.58612552e-01 -7.66059536e-01
 -1.33053642e+00 -5.09435509e-01 -1.05266853e+00  2.07655268e+00
 -8.40092993e-01  2.73689926e-01 -2.44128613e-01 -1.69461200e+00
 -5.73480004e-01 -6.59626952e-01  6.33505693e-01 -1.45088025e+00
 -1.30738984e-01 -3.55249693e-01  8.02411431e-01  1.55736129e+00
  1.70320902e+00  4.00839740e-01 -1.59315974e+00  1.57038472e+00
 -2.32432717e-01  9.40216457e-01 -8.31683043e-01  8.08428500e-01
 -9.65487954e-01  1.38297245e-01 -3.34599630e-01  8.29600213e-01
  1.17585117e+00  2.26115343e-01 -5.39483742e-01 -2.78997966e-01
  8.23844878e-01  5.86360981e-01  2.01334276e-01 -1.28968684e+00
 -1.40182581e+00 -2.61375395e-01  4.98669278e-01  1.17878924e+00
 -1.17014460e-01  7.79029244e-01  5.68873179e-01 -5.77210835e-01
  2.59681012e-01 -6.28008479e-01  5.76490901e-01 -1.15068646e+00
 -1.45052391e+00 -1.88046023e-01  2.27196731e-01  5.47319817e-01
  2.39942479e+00  1.37676482e-01 -8.21712850e-01  5.03930371e-01
 -1.44307367e-01  1.62309538e+00 -4.93191859e-01  1.71460786e-01
  1.04490391e-01 -1.89891024e+00 -1.58645794e+00  7.19114171e-01
 -1.44053092e+00  8.80932675e-01 -2.98327978e-01  2.68453867e-01
 -1.13731418e+00  1.79158889e+00 -1.86826366e+00  6.42849507e-01
 -5.21831120e-01 -5.72266492e-01  2.33782360e-01  8.47953159e-01
 -1.53356441e+00  5.79227947e-01  7.36026101e-01 -9.32546383e-01
  4.92191687e-01 -3.03190625e-02 -2.17556976e-01 -6.96567437e-01
  1.11064782e+00 -7.46241496e-01  1.14095340e+00 -4.14337157e-01
  2.04825252e+00  2.37351013e-01  3.60973611e-02  8.70730270e-01
  2.72462980e+00 -9.74389548e-01  5.64451560e-01  8.67432088e-01
 -1.74295401e+00 -3.95876998e-01 -8.64557142e-01  6.79198376e-02
  7.30057418e-01 -1.20897237e+00  3.67223668e-01  4.54060952e-01
  2.84162311e-03  1.88388037e-01  5.86987603e-02  5.13235431e-01
 -3.91535415e-01 -7.06007637e-01 -6.61971091e-02 -5.80609838e-03
  9.98887070e-01  1.23988545e-01 -1.17308042e+00 -1.14693989e+00
  6.09819288e-01  7.40305604e-01 -4.39266914e-02 -1.60044949e+00
  6.74882685e-01 -4.41553525e-01 -2.31047193e+00  1.47041037e+00
  1.12867314e+00 -4.55073362e-02 -5.70806579e-01  9.34558820e-01
  6.42266566e-02  2.07671148e-01 -3.08026807e-02 -3.40249136e-01
  2.76043002e-01 -7.67552249e-01 -2.15085392e-01  6.24030125e-01
  1.37352632e-01  5.15329040e-02  7.20798280e-01  2.46090365e+00
  5.97481780e-01  1.71208816e+00  9.58777205e-01 -1.01254694e+00
  2.42588813e+00 -4.56028255e-01 -6.36189853e-01 -2.68362785e+00
 -3.62390783e-01  2.20335115e-02  1.55916802e+00 -1.41792109e+00
  1.16854667e-01 -4.93696084e-01  6.16603561e-02 -2.96473138e-01
 -1.90613233e-01  1.40457851e+00  4.17155933e-01  3.45859440e-01
  1.46578932e+00 -1.54411828e+00  5.57824444e-01 -8.83991155e-01
 -2.37568220e+00  9.65863614e-01 -7.18185391e-01 -9.72592792e-02
 -1.90189602e+00 -1.04149127e+00  2.23537662e+00  1.24843968e-01
 -6.37150411e-01  1.07365070e+00 -1.35880481e+00 -4.23230370e-01
 -7.60502261e-01 -1.70206476e-01  2.57081181e-01 -1.39922534e+00
 -1.31030792e+00 -1.07357143e+00 -2.83912648e+00 -1.47828928e+00
 -4.07677266e-02 -1.21757519e+00  2.62369759e-03  9.89807111e-02
 -1.28592981e+00 -1.74495401e+00 -2.22938479e+00  1.77147353e+00
 -3.75585181e-01 -1.48873149e+00 -1.44308930e+00  2.07295590e-01
 -2.06570850e-01 -4.03288358e-01  3.57970342e-01 -9.03092992e-01
 -1.31599424e-01 -9.70881236e-01 -2.26785863e-01  1.19524240e+00
 -8.42151266e-01  3.32502100e-01  5.48861601e-01 -1.91324553e+00
  5.91332713e-01 -9.08872519e-01 -1.07368984e+00  1.08382990e+00
 -5.36610564e-01 -1.87127878e-01  1.47672429e-03 -2.33024954e+00
 -6.30491071e-01 -1.90521669e+00 -1.51642232e-01 -8.76349584e-01
 -8.46024893e-01 -1.38753851e+00 -5.71041201e-01  8.70718955e-01
  5.12493870e-01 -1.30174395e+00 -1.37817388e+00  9.79111859e-01
 -5.90149590e-01  3.08722175e-02  3.94592704e-01  9.22513597e-01
 -1.83708342e-01  6.73635243e-01 -8.52806214e-02  1.08342941e-01
 -7.60694720e-01 -1.88725784e-02  5.95566043e-01  7.48939401e-01
  2.32390037e-01  3.08361940e-01  1.73771460e-02  9.86658494e-01
  2.04321362e+00  8.02876088e-02 -3.84196442e-01 -1.48027025e+00
  1.19216416e+00  1.16286557e+00 -4.29410756e-01 -1.47643946e+00
 -1.24479840e+00 -7.64186671e-01  1.24152133e+00 -6.54108412e-01
  8.24102462e-01  1.02830405e-02  1.34442951e+00  2.24044969e+00
 -2.19572803e+00  8.17590478e-01  6.97890860e-01 -6.41480762e-01
  9.53055697e-01 -1.53955984e+00 -9.23438005e-01 -1.11520822e+00
 -7.80560328e-04 -1.49259252e+00  6.35679421e-01 -4.29729061e-01
 -5.40478603e-01  2.42802170e-01 -1.11665908e+00 -1.61311829e+00
  3.40274040e-01  1.13081871e+00  5.45739013e-01 -2.30618075e-01
  1.23957581e+00  7.19880629e-01 -1.08393958e+00 -1.85449381e+00
  1.20056225e-02 -9.08889218e-01 -3.65355516e-01  4.80918783e-02
 -4.68003198e-02 -4.84760280e-02  2.14620195e-01  5.03541285e-02
  1.84007158e+00 -4.31488957e-01  1.90806810e+00 -3.60367472e-01
  8.65749664e-01  5.49055901e-01 -7.69289938e-01  5.75351132e-01
 -8.82855409e-01  3.42553430e-01  2.88657374e-01 -4.01007043e-01
  5.94625472e-01  4.70398652e-01  9.00672664e-01  5.84731784e-01
 -5.97538417e-01 -5.88348111e-01  7.18463333e-01  4.81313779e-02
 -1.66321853e+00 -4.27723448e-01 -4.78981946e-02 -1.46588098e+00
  4.69792956e-01 -8.95302187e-02  6.87175587e-01 -1.46875660e+00
  6.02819978e-01  9.44601492e-02  3.51121540e-02 -2.07571621e+00
 -8.40087115e-01  1.15531632e+00 -9.23795417e-01  8.08950398e-01
 -1.32036215e+00 -8.20874540e-01 -2.91645621e-01  1.36409661e+00
 -1.79453492e+00 -9.37907888e-01 -2.31210216e-01 -5.41449119e-01
 -6.94778921e-01  1.81831536e+00  1.02035769e+00 -5.95051062e-01
  2.49933641e+00 -1.49085714e+00 -2.05042847e-02 -1.04422028e+00
  1.02580450e+00  6.30795040e-01  7.49379806e-02 -1.12454690e+00