 7.07598145e-02  2.14106677e+00 -2.45430953e-01 -4.79037613e-01
 -1.28825864e+00 -2.10887225e+00 -1.58894666e-02 -1.11726484e+00
 -1.45417630e+00  7.35590601e-01  1.47917327e+00  4.58082251e-01
  1.70747742e+00 -1.64347157e+00  2.19365699e+00  1.96170543e+00
 -4.56914349e-01  9.25652861e-02  5.40500841e-01  3.89247983e-02
 -6.11608429e-02  4.12311075e-01 -9.65946890e-01 -4.07558412e-01
 -4.51017037e-01 -7.52660602e-01  1.58022434e+00  3.03540150e+00
 -1.41977652e+00 -2.62356187e-01 -8.96744074e-02 -5.23086157e-01
  2.06164929e-01  3.10011766e-02 -1.97923720e-01  1.13168332e-01
  7.54723118e-01  5.88173789e-01  1.43052143e+00 -3.72020300e-01
 -2.73329232e-01 -1.62324447e-01 -7.29050500e-01 -3.70931886e-01
 -1.94330762e+00 -1.77766194e-01 -3.08559025e-01  8.30970767e-01
  2.68039077e-01 -4.90092154e-01  6.42346902e-01 -5.28589404e-01
 -5.30737045e-01  1.11713214e+00  2.73931997e-01 -2.24952465e+00
  1.67598428e-01  3.23824374e-02  8.12147581e-02 -2.02068932e+00
  3.05415512e-01 -4.19310945e-01 -1.31870496e-01 -2.39182625e+00
  2.94561458e-01 -1.63136459e+00  1.05303171e+00 -1.16695890e+00
 -3.19021339e-01 -1.49627522e+00  1.36343355e+00  9.93085348e-01
  1.93592332e-01 -9.26741645e-02  7.31172644e-01 -7.64439168e-01
  9.79797305e-01 -2.93779360e-01  2.11505555e+00  4.77070270e-01
 -1.45965092e+00  2.60140302e-01  2.68991933e-01 -9.44072045e-01
 -3.26761020e-01  1.39493890e+00 -8.76016106e-01 -1.74545474e+00
  3.75357128e-01  3.77218070e-01  3.15037332e-01 -6.49279424e-01
 -6.03099738e-01  1.97135756e+00  1.28085729e+00 -1.57301505e-01
 -1.35130006e+00  2.23523348e-01 -7.58957388e-01  1.65467443e-01
 -3.50269262e-01  1.19539115e-01 -6.13180968e-01 -1.08948714e+00
  1.01192782e-01 -6.75125892e-01  1.80920803e+00  2.02226073e+00
 -1.29335506e+00  9.40903347e-01 -1.11419911e-02  9.98220128e-01
  6.67208668e-01  1.02770435e+00  1.24561292e+00 -8.52187237e-01
  4.51660593e-01 -1.07479913e-01  6.04846557e-01  1.73576200e-01
 -1.19260005e+00 -3.58778600e-02  4.06709361e-01  1.76006124e+00
  8.40700828e-01 -1.12406844e-01  8.20613434e-01 -2.66702651e-01
 -2.20946377e-01  1.45153418e+00 -1.07056074e-01  9.67152287e-01
 -5.85537437e-01  8.44290066e-02 -1.08762431e+00  1.81919248e-01
 -1.08697207e+00  3.13225899e-01 -4.22869280e-02  8.65514361e-01
  2.81307201e+00  2.47685498e+00  3.23529385e-01 -6.30291198e-01
 -2.93358213e-01  1.48473466e+00 -5.00134072e-01  3.32459655e-01
 -1.56368350e+00  1.49412334e+00  9.31275331e-02 -9.84504934e-01
 -4.58605841e-01 -4.49357025e-01  1.22060149e-01  7.22226986e-02
  2.34309201e+00 -1.08718765e+00 -7.98047269e-02 -1.46520361e+00
  8.71753825e-01  5.57624307e-01  5.97295484e-01  3.02628250e-01
  1.11601306e+00  9.13897363e-01 -1.71048293e+00 -4.01414150e-01
  7.56773826e-01 -7.37612587e-01 -5.73575948e-01  1.32992142e-01
  2.96569360e+00  6.75261111e-01  2.08910883e+00  1.83926594e+00
 -8.31093305e-01  6.68535264e-01  6.91208042e-01  1.19626515e+00
 -1.41823709e+00  4.15173299e-01  1.95630695e-01  3.51385283e-01
  8.54364556e-04  1.95899040e-01 -6.06527531e-01  2.95321885e-01
 -1.14224116e+00  2.25447993e-01  1.37372274e+00  1.91798579e-01
  5.02910187e-01 -9.71868210e-02 -7.14432546e-01  5.82942042e-01
 -1.14474000e+00 -1.86523603e+00  4.04313074e-01  1.11629479e+00
 -8.28578601e-01  4.36412517e-01  8.18060705e-01  1.13528654e+00
 -1.91440590e+00  8.18317692e-01  1.14559304e+00  1.49424522e+00
 -1.09690661e+00  5.30686242e-01  1.30895972e-01 -6.87629784e-01
 -5.83185147e-01  1.95428694e+00  1.23372591e+00 -3.51229570e-01
 -3.62125481e-01  8.51775549e-01 -1.68210692e+00  8.04105288e-01
 -1.04449320e+00  1.31751001e+00 -6.34220538e-01 -2.21929974e+00
 -1.19414573e+00  9.12592664e-01 -1.04777109e+00  4.81084272e-01
 -6.21068226e-01  5.49385808e-01 -7.70847786e-01  8.15618206e-01
  5.95495113e-01 -1.76743216e-01  2.16564324e-01 -8.03312602e-01
 -2.94050805e-01  1.41902657e+00 -2.83874653e-01 -1.48180969e+00
 -5.93999088e-01 -5.60863537e-01 -1.17683245e+00  9.72810658e-02
 -6.99403754e-01  1.67172240e-01  2.16639455e-01 -5.85691486e-01
 -1.09911492e+00 -9.85113401e-01  3.14116882e-01 -1.10952926e+00
 -8.85945562e-01  3.71554203e-02 -2.46501343e+00  3.12061988e-01
 -4.09219054e-01 -8.64148643e-01 -2.51911950e-01  1.78815397e+00
  2.28944524e-01 -8.77938688e-01 -1.77709911e+00  1.79702619e+00
  1.52539427e+00 -6.05537085e-01 -3.76010644e-01  8.37599026e-01
 -1.40720512e-01 -2.16214043e-02  1.32139863e+00 -5.24477730e-01
 -5.21082567e-01  5.55796120e-01  4.79252123e-01  1.57401774e+00
 -1.39008641e-01 -6.40631813e-01  2.71286590e-01  1.14108198e+00
 -8.17467839e-01 -2.15490729e+00 -2.76414246e+00 -7.67881607e-01
  5.60757494e-01  1.10331527e+00  3.72516313e-02  1.07993515e+00
 -1.75624062e+00 -6.91134507e-01 -6.21018932e-02 -2.03458465e+00
  1.05860337e+00 -4.34271195e-01 -4.54834521e-01 -2.85108443e-01
  1.65886157e-01  5.10100970e-01 -2.28874870e+00 -9.85962579e-01
 -6.23988558e-01  1.01547111e+00  1.82213767e+00 -3.29960659e-01
 -8.67354938e-01 -9.44612796e-02 -1.84429267e-01 -5.89685077e-01
 -5.10061732e-01 -6.58689187e-01  1.05895931e+00  1.92815821e-01
  2.40254421e-01  1.27620281e+00 -1.08779781e+00  8.65060110e-01
 -5.36006458e-01  2.42071229e-01  1.15154342e+00 -1.62813091e+00
  1.02205396e+00 -7.10855915e-01 -1.69472256e+00  3.30916835e-01
  1.14939578e+00  2.19235113e-02 -4.51130479e-01 -1.01921250e-01
 -1.82843584e+00 -2.02006151e-01 -6.29531840e-01 -8.02750251e-02
 -5.69856080e-01 -2.56240399e-02 -6.37529117e-01  8.60915962e-01
  1.56504579e+00  1.29590603e+00 -8.15604382e-01 -2.37553108e-01
  1.90507445e-01  2.24712554e-01  4.72677306e-01 -1.24479058e+00
 -5.86555321e-01 -8.82017227e-01 -6.82665913e-01 -1.52888835e+00
 -1.07861143e-01 -2.60591919e-01  1.04816538e+00  2.09816395e-01
 -8.03057193e-01 -1.04435749e+00 -5.31885356e-01  3.48272700e-01
 -2.00977242e-01 -3.89319278e-01 -8.53829899e-02  5.87118928e-01
  2.10517338e+00  1.60433293e+00 -1.06251491e+00  6.62857003e-02
  9.14164579e-01 -3.23636938e-01 -9.57091464e-01 -2.63229899e-01
 -1.50681417e+00  7.48121939e-01 -1.90991789e+00  4.85533334e-01
  1.26713830e+00 -1.06628136e+00  3.75666158e-01  1.98706057e-02
 -3.68036723e-01 -1.66285458e-01 -1.79988310e+00 -6.34403269e-01
  2.59141778e-01  5.53157452e-02  8.44671541e-01 -1.63576018e+00
 -7.02227910e-01 -1.43940537e+00  7.25836209e-01  3.31840341e-01
  2.20924718e+00  1.34082544e+00  1.25813878e+00 -1.32821026e+00
  3.66589661e-01  1.02610635e+00 -7.59344967e-01  4.37285872e-01
  1.29716405e+00  5.06747603e-01 -1.22291029e+00 -8.74759603e-01
 -1.17056307e+00 -2.06750801e-01  5.31202161e-01  1.13891673e+00
  1.05718761e-01 -3.52137111e-01 -5.01142659e-01 -3.31673760e+00
 -7.73367767e-01  1.95775526e-01 -1.51844816e+00 -1.01608138e-01
  1.82377349e+00  1.80738429e+00  9.84081502e-01  1.57644833e+00
  1.11317080e+00 -6.52618434e-01  1.25068142e+00  1.32880205e+00
 -3.41909442e-01 -1.89522037e+00 -6.67008506e-01 -2.21959859e-01
  5.58552888e-02  2.80395091e-01 -1.89917862e+00  2.01690387e+00
 -2.91149172e-01 -1.02180720e-01  1.22694498e+00  1.90177762e+00
  1.12055147e+00 -2.30682808e+00  9.86412570e-01 -1.19698304e-01
 -7.13892943e-01 -4.21389578e-02  1.02694242e+00 -9.25979142e-02
 -5.58375775e-01  9.86476641e-01  1.43542245e+00 -5.73249598e-01
 -2.93808497e-01 -8.91336210e-01  1.25165511e+00 -8.13390811e-01
  3.77903689e-01  1.61458733e-01 -1.07449827e+00 -1.30533101e+00
  6.86660750e-01 -9.48868601e-01 -6.80922480e-01 -9.86311982e-02
  6.59538514e-03 -4.54563071e-01  9.04237046e-01 -1.58776835e+00
 -7.82605653e-01 -1.97771244e+00  2.20271162e+00  7.67744833e-01
 -1.39255563e+00 -3.19953749e-01 -1.07969477e+00 -1.25733699e+00
 -1.68319211e-02 -2.12647350e-01 -1.60809565e+00  1.24929082e+00
  2.04200880e-01 -1.55802252e+00 -1.60915388e-02  1.21524912e+00
  1.52441163e+00  5.24732822e-02  9.03190520e-01  9.36167540e-01
  1.67523904e+00  6.78877617e-01 -7.33304149e-01 -1.53027158e+00
  7.97845534e-01  3.25041097e+00 -1.85192161e+00  4.36011972e-01
 -5.47700268e-01  2.18288825e+00  4.14983846e-01  2.28100526e-01
 -5.02999332e-01  4.08091220e-01 -2.83431711e-01  1.40849105e-01
 -1.35087454e+00 -1.65884927e+00  1.60362008e+00  1.19378981e-01
 -1.76262617e+00 -6.73868344e-01  4.90137640e-01 -1.81588652e+00
 -1.16541357e-01  2.78112949e-02  1.86208845e+00 -5.79367736e-01
 -7.22949398e-01  9.00446060e-01  1.43087126e-01  3.95963636e-01
  2.07642001e-01  1.03045402e+00  5.81769189e-01 -4.06045275e-01
  2.36472137e-01  1.56205815e-02 -5.69532043e-01  7.39869446e-01
 -1.33514862e+00  2.66551483e-01 -5.21375168e-01 -8.22154287e-01
  6.48532192e-01 -8.17347857e-01  7.21822879e-01 -1.15063704e+00
  1.02048164e-01 -1.30020215e+00  9.62582356e-01 -1.21852616e+00
 -5.67946714e-03  4.15125735e-01 -5.78569017e-01  1.80531121e-01
 -4.27232879e-01 -4.51219536e-02 -4.38463438e-01 -4.64802338e-01
  7.93956426e-01  4.69785064e-01  1.47182438e+00 -1.14299304e+00
  1.11592792e+00 -7.31318676e-01 -1.07994223e+00 -1.63595876e-02
  2.11408175e+00 -1.77516582e-01 -1.12060090e+00  1.08234474e+00
  7.00304364e-01  3.94517742e-01  1.07743202e+00  2.05658038e+00
 -3.36304339e-01  4.30721658e-01  8.84474186e-01 -3.13856011e-01
  1.01860554e+00 -1.28911505e-01  2.05017500e-02  1.71561831e-01
 -1.30730332e+00  7.49128542e-01 -1.66214924e+00  2.13742427e+00
  1.53879333e+00 -6.69188369e-01 -9.90134602e-01 -6.77634458e-01
 -8.34025009e-02  1.91841857e-01 -8.31243184e-01 -4.89471551e-01
 -6.45620282e-01 -3.99839262e-01  1.59749445e+00 -3.69275490e-01
  1.72345128e+00  2.00854892e+00 -7.31565929e-01  8.25780095e-01
  1.41605936e+00 -6.92195975e-01  1.80946528e-01  1.00045466e+00
  3.72576488e-01 -1.59142032e+00 -3.42482494e-01 -6.89450419e-02
  6.76576683e-01 -3.82635812e-01  7.08876937e-01 -1.08349007e-01
  2.64908718e+00  1.02189055e+00 -9.89658186e-01 -7.07490035e-01
 -4.94460944e-01  1.87379574e+00 -5.21399417e-02 -1.52362716e+00
 -7.35818333e-01 -1.44586023e+00 -2.34695950e-01 -1.22966379e+00
 -2.22617543e+00  2.19223504e-01 -4.34103260e-01  2.51188568e+00
  1.12327447e+00  1.04172313e+00 -1.16866059e-01 -2.03007589e+00
 -2.66535391e+00  1.45327804e-01 -6.18321661e-01  9.13639775e-02
  2.93198101e-02 -5.15159065e-01  2.30793800e-01  2.48909443e-01
  2.47867704e-01 -1.08496561e+00 -1.31241825e+00  3.74315395e-01
  1.59577493e+00 -6.46052651e-01 -8.48743821e-01  8.41278976e-03
 -1.04409092e-01 -1.47838506e-01 -2.97531787e-01 -5.89254149e-01
  1.14708472e+00 -6.09194155e-01  6.87326059e-01  4.77437871e-01
 -5.38028901e-02 -1.63168253e+00 -6.80784333e-01  7.00455691e-02
 -9.12309572e-01 -1.87419836e+00 -1.15675548e+00  5.73752495e-01
  1.74609569e-01  1.12179963e+00  1.62495763e-01  5.17526035e-01
  2.37238774e-02 -1.86250221e-01  1.27039823e-01  7.46474207e-01
 -1.14717174e+00  1.35821325e+00 -1.38004855e+00 -3.45801517e-01
 -1.08662657e+00 -1.27306634e+00  5.00826540e-01  1.92454237e+00
 -4.36147206e-01 -5.75118252e-02 -1.64830893e-01  7.22749698e-01
  1.50335626e+00 -2.10602123e-01 -9.10102263e-01  2.15878889e-02
  5.97377942e-01  3.48290232e-01 -1.35009245e+00 -1.17361842e+00
  1.03501961e+00  1.45460419e-01 -3.17428095e-01 -1.49734792e+00
 -3.43597918e-01  1.24116011e-01 -1.16167053e+00  1.09404242e-01
 -2.11831913e+00  4.56777353e-01 -1.07909648e+00 -4.15385929e-01
 -1.01838004e+00 -4.31067810e-01 -1.50091337e+00  1.35292864e-01
  1.00760762e+00 -3.72336905e-01  1.16194665e+00  9.78243888e-01
 -1.26713300e+00 -8.34255526e-01  1.28754558e-02  2.38981809e-02
 -3.00383526e-01  7.42516357e-02  9.44178213e-01 -1.08535610e+00
  5.61701402e-01 -1.56078396e+00  1.39759782e+00 -1.42123909e-02
 -3.34503335e-01  6.54665599e-01 -3.14807059e-01 -5.77834089e-01
 -1.08845689e-01  1.36178724e+00 -1.44067038e+00  1.42216036e+00
 -4.83388197e-01  4.11543989e-01  1.28669874e-01 -1.82399435e+00
  2.43156977e+00  2.93129779e-01  3.54303391e-02  1.14783137e+00
  3.10924633e-01 -1.50787119e+00 -8.40424330e-01  2.89596631e-01
 -6.37379484e-01 -6.03853545e-02  1.36221153e+00  2.55892026e-01
  1.04120044e+00 -1.69344953e-01 -1.73616824e-01  1.04206144e+00
  8.65043234e-01  3.95971128e-01  2.49386292e+00 -1.70329123e+00
  1.24532204e+00  9.77386984e-01 -1.28166537e+00  1.40316548e+00
 -9.20851499e-01  7.00129934e-01 -2.08232461e-01 -1.35730938e-01
 -1.33515282e+00 -1.12050888e+00  1.26472346e+00  1.50227529e-01
  1.13177340e+00  2.34364224e+00  5.13827111e-01 -6.28562049e-01
  3.75766833e-01 -1.04549093e+00  1.38183539e-01  5.38094712e-01
 -1.55115084e+00 -1.24218152e-01 -9.24339655e-01 -1.61693883e-01
 -6.44231746e-01 -8.18571459e-01  1.00939043e+00  4.33082719e-01
  7.49890766e-01 -6.53136004e-01  7.32049455e-01  4.99285769e-01
  2.13441639e+00 -8.64273062e-01  1.66276604e+00 -8.52710169e-01
 -2.17253639e+00 -1.60264852e-03  1.03603277e+00 -5.45139640e-02
  8.87870199e-01 -3.05546285e-01  2.08733057e-01 -1.05281542e+00
 -6.09035742e-01 -1.22756612e+00  5.02362900e-01  1.42817168e+00
  2.50276442e-01  1.27211650e+00 -4.00579113e-01 -1.37446579e+00
 -4.71150360e-01 -2.21491164e-01  1.30307820e-01  4.75698300e-01
 -6.80242969e-01 -5.32873423e-01  1.87970345e+00 -6.19840232e-01
  2.78839441e-01 -1.13551159e+00  2.88126407e-01  5.47033634e-01
  4.11018846e-02 -4.66246469e-01  7.04824175e-01 -2.35192618e-01
 -8.72100038e-01  1.26293367e+00 -1.13821272e-01 -2.64349684e-02
  8.33426444e-01 -9.64596880e-01 -2.33934916e+00 -1.65921588e+00
 -7.38646236e-01  3.18525719e-01 -1.09615798e+00  6.89409525e-03
 -1.20789400e+00 -5.63621457e-02 -1.20954405e+00  3.45960010e-02
  5.07943203e-01  1.65697155e+00  1.90266874e+00 -1.37679746e+00
  8.54511731e-01  5.92996202e-01 -3.10319754e-01  1.61432313e+00
 -4.28313738e-02 -1.48912307e+00 -1.22875442e+00 -1.17417018e+00
 -5.51443770e-01  1.15229053e+00  7.84685479e-01  2.49540547e+00
 -8.23944688e-01 -9.86196391e-01  1.28499743e+00 -1.18909558e+00
 -3.88811235e-01  8.59593375e-01 -9.76358496e-01 -5.96072802e-01
 -2.50425923e-02  1.41025324e+00  1.89023702e-01 -1.87786226e-01
 -5.86292143e-01 -1.09391026e+00 -1.22761541e+00  1.83049011e+00
  4.17141272e-01 -1.12942234e-01 -1.03816918e-01  3.25327375e-01
 -1.21690286e-01 -2.59568294e-01  1.25811993e+00  6.64871682e-02
 -2.42799086e-01  7.00323316e-01  7.23749539e-01  7.21707840e-02
 -9.06314908e-02  1.46353286e+00  1.07774806e+00  1.77383848e+00
  1.85037692e-01 -3.02386417e-01  3.78730271e-01  1.16573171e+00
  5.56460437e-01  2.72772466e-01 -1.62154681e-01  1.99295664e+00
  5.03230049e-02  5.36196388e-01  1.27465429e+00 -6.40686974e-01
 -1.20990897e-02  2.23713305e-01 -6.65849812e-01  1.82899994e+00
 -1.20912685e+00  2.94499007e-01 -1.77234374e+00 -9.97668186e-01
  8.33253366e-01  1.54717127e-01 -1.11759650e+00 -3.03803626e-01
 -3.37100058e-01  2.16508593e-01  1.56895608e+00  9.67497520e-01
 -7.41880508e-01 -9.07079142e-01 -1.77374243e-01 -3.49583293e-01
 -5.70214568e-02 -1.17062211e+00  5.90952004e-01  7.81537976e-02
 -1.59845096e+00  2.32044014e+00 -2.18180383e+00 -2.09936937e-03
  1.73122609e-02 -1.73913492e+00 -5.61639240e-01  1.53228481e+00
 -1.40637721e+00  2.13151450e-01 -5.02164666e-01 -6.47863256e-01
  7.20836843e-01 -2.81624184e+00 -1.36717298e+00  8.53624159e-01
  5.76102718e-01 -6.81550715e-01  5.91303087e-01 -8.69923233e-01
  5.28298054e-02  2.48058318e+00  9.66811780e-01 -8.59414056e-01
  1.32018929e-01  2.96121351e-01  2.62525127e+00  3.41357275e-01
  6.35888209e-01 -2.85965525e-01  3.07295458e-01  1.09205970e+00
 -8.46956799e-01  6.68756776e-01 -5.02102590e-01 -9.30912057e-01
 -6.89692898e-01 -1.27406109e+00  8.78226230e-01  1.56837242e+00
 -8.94578132e-01  2.67824113e+00  6.99942769e-01  5.47908546e-01
  1.67372152e+00  2.50608828e-02  7.65193438e-01 -1.79058241e-01
 -9.41148767e-02  8.32237369e-01  2.19989216e+00  7.74000873e-01
 -7.22403531e-01 -3.15194296e-01  7.27059438e-01  8.72403694e-01
  6.00445803e-01  1.14487816e+00  1.86559850e+00 -1.09736388e+00
 -1.27777156e+00  8.09808772e-01 -4.08234941e-01  2.57922314e-01
 -2.74339994e-01 -8.13712398e-01  5.43981663e-01  6.43747199e-02
 -5.42308377e-01  2.11596760e+00  2.20576615e-01  1.21637374e-01
  2.05193696e-01  5.61030272e-01 -2.39193431e-01  2.45357280e-01
 -3.95987959e-01  8.51193841e-01  8.26335454e-01 -9.48079314e-02
 -9.33592534e-01 -3.48701467e-02 -1.36386593e-01 -2.17845657e-01
 -3.20910414e-02  1.03587297e+00  7.84998610e-01  1.21467139e-01
 -7.67512997e-01  5.95887025e-01  1.62835808e+00  2.00665741e-01