-1.47859658e+00 -1.75527392e-01  1.45001082e-01  1.36788888e+00
 -7.76176211e-01 -2.00262680e+00  7.44156437e-01  8.79979383e-01
  1.44100003e-01 -5.94912957e-01 -1.39132558e+00  1.21165582e+00
  8.84907523e-01 -7.89311646e-01  7.17694424e-01 -3.99671978e-01
  2.14717925e+00 -1.02566699e+00  1.27729235e+00 -1.01965057e-01
 -1.01592255e+00 -2.04955432e+00 -4.16809688e-01  4.88231090e-01
 -5.83215317e-01  2.81506290e-01  8.85303642e-01  2.45048071e-01
 -1.56706606e+00  1.35725500e-01 -7.23422518e-01  9.18685515e-01
  5.89015035e-01  1.54547728e+00 -1.85785484e+00 -1.05384793e+00
  3.98377367e-01 -8.92597911e-02 -7.38402633e-01  7.26511250e-01
  5.23146878e-01 -1.12755169e+00 -1.61775571e+00  1.21505632e+00
  4.69948225e-01  1.57910198e+00  9.60359770e-01  8.26241035e-01
 -5.32652441e-01  2.29945704e-01  2.32788392e-01 -1.03264730e+00
 -8.73004959e-01  5.10396398e-01  5.94883002e-02 -3.21753682e-02
  2.86175580e-01 -9.97469056e-01 -2.04534326e+00 -7.63090100e-01
 -2.40540763e-01  1.38050593e-01  1.03784243e+00  1.61332286e-01
  1.74980557e-01  2.10206481e+00 -6.09788767e-01  1.37219084e+00
  1.45622278e+00 -2.36561554e+00 -5.21092237e-01 -1.89897733e+00
 -7.23694038e-02  2.29980023e-02  4.77315759e-01  2.00611479e-01
 -9.15081612e-02  2.02802513e+00  1.31250988e+00  2.48744134e+00
  7.17404385e-01 -1.08679661e+00 -5.42456717e-02 -1.98400354e+00
  2.15525288e+00  1.15458606e+00 -6.63293790e-01  3.75519710e-01
 -1.86748205e-01 -9.62972250e-01 -1.21705218e+00 -1.79301361e-01
 -1.09908731e-01  1.47483307e+00  5.51749094e-01  1.57199987e+00
 -2.44440448e-01 -6.04270467e-01 -1.34408392e+00 -8.33458071e-01
  1.02691130e+00  1.55396376e+00 -1.65154827e+00 -7.74300513e-01
 -1.59909461e-01 -8.64354502e-01 -1.24119772e+00 -1.09204145e+00
 -1.51305057e+00 -5.19539660e-01  2.48741418e-02 -1.02483383e-01
 -3.92662638e-01 -2.67282519e-03  3.82863457e-01  6.04308622e-01
  2.61836132e-01  1.52140778e+00 -3.87575019e-01  6.92921945e-01
  8.42089404e-01  1.42729742e+00  3.91178397e-01  1.38299699e+00
  1.13894358e+00 -1.29747976e+00  2.03482171e+00  2.48302297e-02
  1.52766003e+00 -4.86382911e-01 -7.12072089e-01 -6.32560011e-02
 -1.29649823e-01 -4.39947685e-01  8.09023606e-01  1.31580747e+00
  9.18808374e-01  1.59126928e+00 -2.30562839e+00 -3.39856461e-01
  1.73649693e-01  1.40019132e+00 -1.83378904e-01 -1.46421405e+00
 -8.85089637e-02 -3.19049026e-01 -7.90470711e-01  2.37883943e-01
 -1.30175060e+00 -1.23230535e+00  9.51395647e-01  1.16679150e-01
  1.28123966e+00  1.27916907e-01  4.48528034e-02 -9.54274729e-01
  1.21824220e-01 -1.30431839e-01  9.82731309e-01 -3.09105277e-01
  4.61869983e-01 -2.09455048e+00  4.81133691e-01 -1.30689564e+00
 -7.96782728e-01  8.55678350e-01 -9.94975357e-01 -1.75154770e+00
  2.06608227e-01  7.28614701e-02  2.79072239e-02  1.25292098e-01
  1.48023517e-01 -8.27835904e-01  7.39575355e-01  5.30186730e-01
 -1.33925758e+00 -2.80257076e-01  1.84760018e-01 -1.23755196e+00
  4.39555938e-01 -2.60748066e-01 -4.21604435e-01  1.76336010e-01
 -1.51024582e-01  3.07021635e-01  7.96940490e-01  1.08681933e+00
 -1.58826941e+00  7.45319716e-01 -3.90181963e-01 -7.13339119e-01
 -1.72616794e-01 -2.62114454e-01 -1.76209969e+00  1.75090305e-01
 -9.95785675e-01 -5.67099572e-01 -3.89970316e-01  1.38895416e+00
 -1.04136886e+00 -1.09080404e-01  4.29519349e-01 -2.09040066e+00
  1.88115518e-01  1.24885913e+00  2.39548386e-01  1.31396891e+00
 -1.67132118e+00  7.88609718e-01  9.57060435e-01 -8.39926894e-01
 -8.33239835e-01 -2.24960134e-01  1.53361571e-01 -2.17325073e-01
  2.89918605e-01 -3.22094404e-01  1.01311355e+00  2.84693663e-01
  1.11747587e+00  8.91157879e-01  1.03399892e+00 -1.03348048e+00
 -2.04412849e+00 -2.16566945e+00  9.44993976e-02  6.79733021e-01
  1.59194309e+00 -6.94337521e-01 -1.91971267e-01 -2.21670202e-01
 -2.42204048e+00  1.20530825e-01 -1.20560778e+00 -1.21446859e+00
 -9.34442512e-01  5.07920200e-01  7.73878239e-01  9.52534775e-01
  1.45995711e+00 -6.17396986e-01 -1.06912040e-01 -1.61427889e+00
 -5.81840796e-01  4.64853063e-02 -1.84245094e+00  8.45451712e-01
  2.06504639e+00 -3.21219178e-01 -5.84832223e-01  5.71660028e-01
 -1.93337735e+00 -2.55231725e+00  6.70346271e-01  1.76338768e+00
  5.00461100e-01  5.70943326e-01  7.66451912e-01 -5.28068870e-02
 -2.56762666e-01  1.24900527e+00 -2.05409760e+00 -1.47617304e-01
 -1.69038156e-01  6.48435664e-01  1.30416659e+00  2.37521060e-01
  2.67929979e+00 -4.56792510e-01 -1.13856156e-01 -3.18392436e-01
  1.66535390e+00  8.50918442e-01  7.05217072e-01  1.65181366e+00
  2.09104894e+00  9.06418898e-01 -1.23041902e-01  3.60844787e-01
 -7.98123044e-01  5.97181043e-01  1.38640952e+00  1.02429285e-01
 -7.19432499e-01 -4.12676952e-01 -2.17853351e-01  1.40715974e-01
  1.44121933e-01 -8.64162093e-01  5.40377437e-01 -1.34988592e+00
 -7.95478805e-01  1.45403093e+00  2.10436527e-01  1.80977765e+00
 -4.83248594e-01  8.87409656e-01  1.66130603e+00 -1.57515334e+00
 -1.01296816e-01 -1.40166828e+00 -1.72081474e+00  1.48030722e+00
  8.26087933e-01  1.41929588e+00 -2.10160071e-01  6.29816668e-01
  1.14727347e+00  1.40963749e+00  6.29903598e-01 -1.30398642e+00
 -1.83433455e-01 -7.55991281e-01  5.22988869e-01 -1.03317830e+00
 -3.68777199e-01 -6.93604459e-01 -5.70720096e-01  1.86047675e+00
 -1.15345294e+00  7.13392217e-01 -9.83182658e-02 -1.70300652e-01
  1.79927615e+00  1.31853175e+00  9.59782151e-01 -6.87114357e-01
 -2.84387420e+00 -7.99786217e-02 -4.23509565e-01  1.11824796e+00
  2.21638868e+00 -1.64657313e+00  8.02032408e-01 -1.16791909e-01
 -1.74311259e+00 -5.19732386e-01  7.02561383e-01 -9.59846379e-01
  4.47637943e-01 -1.87547106e+00  8.35284210e-02 -2.85467083e+00
  5.29416246e-01  5.45039613e-01  1.65369306e+00 -9.98533509e-01
  3.24590207e-01  1.15492665e+00 -2.92614748e-02  8.51151881e-01
  3.93480593e-01  2.28584595e-01  4.48703658e-01  2.57244792e-01
 -1.99916779e+00 -2.08232124e+00  3.59703327e-01 -1.03923288e-01
  1.03691764e+00 -1.64555901e-01  4.50101840e-01 -2.12547801e-01
  1.31786637e+00 -4.79137233e-01  7.57559308e-01  1.32498724e+00
 -4.77814777e-01  5.31813267e-01 -3.28958909e-01 -7.96226995e-01
 -1.61950715e+00 -3.02219272e-02  9.34755465e-01  5.84759685e-01
  4.22363037e-01 -3.45091328e-01  3.39683809e-01 -2.70696298e-01
  3.12738474e-01  1.10648808e+00  1.94884790e+00 -2.03525184e+00
 -1.11381450e-01 -2.72380945e-01  5.41262034e-01 -1.09703746e+00
 -1.52421042e+00  6.34168696e-01 -1.39747869e+00 -1.89408048e+00
  1.30655989e+00 -9.42517865e-02  1.83137961e+00 -6.64530641e-02
 -4.81504231e-01 -9.89682668e-01 -1.36913002e+00 -5.14035113e-02
  1.13930327e+00  8.56171583e-01 -6.41855572e-01 -3.97045636e-01
  4.54665008e-01 -1.12600396e+00 -1.31958579e+00 -1.09888368e+00
  1.81107328e+00 -5.91544151e-01 -9.13924483e-02 -1.27401447e+00
 -1.03601625e+00 -2.05225348e-02 -1.36853409e+00  3.55637268e-01
  9.20722928e-02  6.83220528e-01 -8.78570374e-01  1.28859717e+00
  1.31083853e+00  1.18159427e-01  2.44977571e-01 -7.83006743e-02
  5.44473519e-01 -3.25441767e-01  1.82337576e+00  4.59347407e-01
  4.73031037e-03  1.45260730e+00  1.19213864e+00  8.45323257e-01
  1.03549602e+00 -1.27641844e-01 -1.79896198e+00 -4.12528925e-01
 -3.31014340e-01 -5.36412421e-01 -6.75768842e-01 -5.76850873e-01
  3.26755510e-01 -1.25037323e+00 -4.68506276e-01  1.84436438e+00
 -6.52442638e-01 -8.83154775e-01 -4.77508192e-01  9.30128931e-01
 -1.70135289e+00 -5.63585688e-01 -1.04502569e+00  1.01018905e+00
  5.18198785e-02 -1.30366579e-01  1.38794959e+00  4.61386195e-01
 -2.64373698e-01  2.15866007e-02  1.79012965e+00  5.48651362e-01
 -7.25813150e-01  1.08551554e-01 -1.76566085e+00  1.24545934e+00
 -1.25055868e-01  7.67021071e-01 -9.98560782e-01 -4.66782457e-01
 -1.42466144e+00 -3.76115569e-01  1.97990207e-01  1.31514006e+00
  8.18703323e-01  3.03275653e-02 -2.25390648e+00  9.75624701e-01
 -8.59426906e-02 -1.08792371e+00  1.61338740e+00  3.64609485e+00
 -2.21005217e-01 -1.07068193e+00 -3.47455572e-01 -8.20319524e-01
  1.80957325e+00  1.57762659e+00  1.29634013e-01  6.41492368e-01
 -7.99084020e-01  1.70325331e+00  1.62609587e-01  3.18054451e-01
 -2.02600245e-01  6.15033346e-01  1.21750005e+00  8.50173564e-01
  9.54611815e-01  7.74775296e-01  2.14185470e+00 -8.02194419e-01
 -9.53756614e-01 -1.59529739e+00 -1.22392421e+00  1.12434787e+00
 -1.05993733e+00 -1.22718357e+00 -4.27205769e-02  9.12656805e-01
 -6.16470516e-02  1.57714383e+00 -1.16004844e+00 -7.10695197e-02
 -2.72677545e-01 -1.46946051e+00  2.12883843e+00  2.46155434e+00
 -1.37013534e+00  1.57170478e+00 -1.97724641e+00  8.45701923e-02
 -4.03175038e-01 -1.82995084e+00 -6.77446358e-01  5.87339440e-01
 -1.51797522e-01 -5.48583484e-01  9.21408689e-01  4.91252345e-01
  5.15563463e-01 -2.94422636e-01 -5.78932410e-01  1.54270176e+00
  8.65994005e-01  2.16566395e-01 -8.24966188e-01 -3.86985191e-01
  2.13492105e+00  1.57369858e+00  2.29450492e-02 -5.98259389e-02
 -1.40266012e+00 -3.66415502e-01  1.61499131e+00 -3.13755110e-01
 -4.97584441e-01  1.08328599e+00 -9.86817985e-01 -1.83110676e+00
  2.56826544e+00  5.76863070e-01 -6.23510456e-01 -6.19957765e-01
 -6.93222192e-01  1.46497624e+00 -1.36472119e+00 -3.37794300e-01
 -8.70507682e-01  1.22625078e+00  5.26373135e-01  1.74422702e+00
 -5.84055370e-01  3.52916907e-01  1.71508672e-02 -1.39189884e+00
  6.05900754e-01  2.90248052e-01 -1.91806900e-01  1.78023931e+00
 -8.19542809e-01 -7.43040028e-01 -9.74042105e-01 -1.28625149e+00
 -2.04170839e+00 -9.57263408e-01 -1.87246422e+00  1.54911439e-01
 -1.57334383e-01  2.33843943e-01  1.58338912e+00 -2.79320761e-01
  4.39011069e-01 -8.62833377e-02  1.06168699e-01 -6.73247022e-01
  1.67811035e+00  1.11454651e+00  1.49839426e-01 -5.68144744e-01
  1.06311565e+00 -4.31666966e-01 -7.36723082e-01  1.17806469e+00
 -2.53293597e-01  1.28640531e+00 -4.39525294e-01  1.77218211e-01
  2.14874366e-02  2.67364471e-02  3.31974459e-01  1.24635859e+00
  2.38197360e+00 -5.26786243e-01  6.34886850e-01 -3.26824875e-01
  6.98406321e-01  1.10048866e+00  8.53963263e-01  3.89445327e-02
  1.07676619e+00  7.65406434e-02 -1.03845546e+00 -2.53676427e+00
  5.81105826e-01  6.19329070e-01  8.29526710e-01  1.72109007e-01
 -6.16779407e-01  1.11027973e+00 -1.15580932e+00  1.14751612e+00
 -1.49609541e-01  7.36714107e-01  1.27894006e+00 -1.42353896e-01
  1.98368892e+00  1.64834611e-01 -3.53449038e-01 -6.65715020e-01
 -3.34584225e-01  2.09062691e-01  1.05546547e-02 -4.70844861e-01
  9.17013279e-01  2.21490025e+00 -4.93276524e-01  1.38939938e+00
 -4.83245609e-01 -5.96173429e-01 -1.24799475e+00 -1.16319715e-01
  1.22634137e+00 -1.02077946e+00 -3.05633155e-02 -1.11508321e+00
  7.11825301e-01 -8.69656337e-01 -4.14295001e-02  5.99294304e-01
  1.68305886e+00  5.24373016e-02 -6.68500973e-01 -4.75342235e-01
  2.53261653e+00 -1.70073155e+00  1.10840680e+00  6.59546243e-01
  6.70720668e-03  2.08446703e-01 -1.80252964e+00 -9.26896523e-01
  1.80123938e-01 -8.07311706e-01 -7.18074433e-02  6.62760695e-01
 -2.52917938e-02  3.27149399e-01 -1.55268855e+00 -5.62573365e-02
  8.41610955e-01  2.54764422e+00 -7.18134744e-01 -1.05416378e-01
  1.94290088e+00  1.03634935e+00  7.94524171e-01  8.71179922e-01
  1.37152870e+00 -1.12879632e+00 -5.16150319e-02  1.96694464e+00
 -4.26734235e-01  2.24354027e-01  4.81177737e-01 -1.25710659e+00
  7.54990507e-01  5.27031814e-01 -1.51285762e+00 -7.25482499e-01
  7.79401230e-01  1.28133398e-01  9.30595880e-01  4.14897720e-01
 -1.35357544e+00  3.00371452e-01 -1.29715041e+00  3.64005711e-01
 -7.31352148e-01 -7.30457157e-01  6.57354694e-01  6.51801640e-01
 -1.69314471e+00 -3.30591839e-01 -1.89158155e+00  1.32793242e+00
  8.30133813e-01  9.07861636e-01 -1.77751605e-01 -1.41095030e+00
 -1.04369631e+00  4.49316148e-02 -1.16001455e+00  7.15397125e-01
  1.58646325e+00  7.45759372e-01 -8.84016196e-01  4.95469927e-01
  9.60915628e-02 -1.64007749e-03  3.78275046e-01  2.08066882e-02
 -1.98950891e+00 -8.93344956e-01  1.05874927e+00  3.47855835e+00
 -2.60505403e-01  4.02102170e-01  5.12990507e-01  9.23063760e-01
 -1.30403076e+00 -5.22685120e-01  8.72098829e-01 -1.82104871e+00
  5.12667739e-02 -9.23392513e-01 -6.86017997e-01  3.88438361e-01
  8.63583636e-02 -1.53119564e-02  3.73395107e-01 -1.84068684e-01
  6.96286914e-01 -1.53741201e+00  2.13551949e-02  1.01039868e+00
 -4.64378438e-01 -1.29757071e-02 -1.51385660e-01 -2.11786959e-01
 -1.40130660e+00 -8.88559070e-01  4.53560355e-01 -2.46998753e-01
 -4.85131856e-01 -7.38475775e-01  1.17415943e-01 -1.34786625e+00
 -5.39912919e-01  8.25283701e-01  3.37674302e-01  4.32155120e-01
  4.02114096e-01 -2.64748117e-01  8.84862294e-01 -1.17726549e+00
  7.14741063e-02  1.11236652e+00  7.46204428e-02 -9.49520605e-01
 -3.97292692e-01 -1.21928597e+00  1.21458165e+00 -1.04435622e+00
  9.92204438e-01 -1.23291708e+00  2.85127277e-01 -4.52279467e-01
  1.57223046e-03 -9.52587667e-01 -3.10213656e-02 -1.22825270e+00
  3.00140539e-01 -3.52856384e-01  8.58795292e-02 -1.10945157e+00
  2.43831122e+00 -1.24598851e-01  1.28819911e+00 -7.70661445e-01
 -3.33606631e-01 -1.02049881e+00  9.35815396e-01 -3.51845502e-02
 -1.54486244e+00  4.53885717e-01  4.74905047e-01 -7.02545701e-01
  6.49010455e-01 -2.02049547e+00 -9.67154071e-01  7.96479021e-01
  5.00600087e-01 -1.15484319e-01  5.01677579e-01  2.16431943e+00
  4.34252041e-01  3.85169259e-02  3.74292931e-01  1.19263287e+00
  7.04687968e-01  8.91961598e-01 -6.53551643e-01  5.78385058e-01
 -8.18985826e-01 -1.20482241e-01  4.20482970e-02 -8.88013568e-01
 -3.78975512e-01 -8.18614520e-01 -2.18959582e+00  1.21538441e+00
 -1.21119705e+00  7.39739476e-01  4.50320433e-02 -2.14555829e+00
 -4.01724091e-02  7.00377540e-01  1.62778415e+00 -1.38844579e+00
 -8.12927674e-01 -9.31796432e-01  3.82324972e-01 -1.27518483e+00
 -6.31728081e-01  1.38276266e-01  1.60873795e+00 -1.22687920e+00
  1.21457809e+00  5.86725553e-01 -6.59123673e-01 -4.20720287e-01
 -3.42432136e-01 -6.23545700e-01  2.24409077e-01 -7.38565837e-01
 -4.67206449e-01  1.63249815e+00 -3.50606791e-01 -3.73185273e-01
 -8.02930653e-01 -3.94909044e-01  1.08022439e+00  1.26826633e+00
  5.00671226e-02  3.28083954e-01  1.88420066e+00  4.05624321e-01
 -5.87215806e-01  7.04570426e-01  9.62134561e-01  1.48708974e+00
  7.38622689e-01 -2.99833622e-01  7.99291604e-01  1.03305466e-01
  7.49257421e-01  2.40757881e+00 -8.71678846e-01  1.27009038e+00
  7.15203162e-01 -5.40207377e-02 -1.07995020e+00  5.72946715e-01
 -2.05280072e-01  2.11897610e+00  3.83576156e-01 -1.83049431e+00
  1.21789554e+00 -1.45820881e+00 -2.27716288e+00 -3.47017660e-01
 -8.76044277e-02 -1.09973855e-01 -4.82774376e-01 -7.48007409e-01
  2.03482270e-01  9.64907478e-01  3.31782054e-01 -2.01781293e+00
  9.36297814e-02 -1.27053786e-01  6.07708178e-01  3.21231654e-01
  1.08925608e+00  1.15888007e+00  1.36933986e+00 -1.98689710e-01
 -8.61152881e-01 -3.93658480e-01 -8.74750023e-01 -2.47064038e-01
 -1.50319629e+00  1.56425327e-01 -3.37919607e-02  2.74265190e-01
 -2.66230388e-01 -5.87837202e-01 -1.21758257e+00  1.22928169e+00
  6.01278132e-01  1.11020501e+00 -6.82370906e-01 -1.62769029e+00
 -9.54048651e-01  6.55171728e-01  5.18490018e-01  4.99933459e-01
  2.48971433e-01 -1.34699474e+00 -3.17937779e-01  1.43577844e-02
 -7.67177165e-01  2.84856254e+00  1.11515322e-02 -9.44467037e-01
 -8.16948222e-01  2.07612877e+00 -6.98634446e-01  1.12321368e-01
 -1.59110948e-02 -5.93121277e-01 -1.54510139e+00  7.05461054e-01
  9.42726809e-01  1.26411690e+00 -7.72616736e-01  2.05340722e+00
  8.23661328e-01  3.63347153e-01 -2.77543855e-01  7.66604464e-01
  8.32838344e-02  1.22581654e+00  8.52557683e-01 -4.30709470e-03
 -1.01569741e+00  1.27001314e+00 -3.60542890e-01  8.45927850e-01
 -6.71932348e-01 -5.11533781e-01 -1.23992724e+00 -8.49007021e-01
  5.41430408e-01 -5.67912718e-01 -9.10367389e-01  1.67145620e+00
 -1.80736501e+00 -3.35998747e-01 -8.41455531e-01 -1.44093455e+00
  1.52242565e+00  6.37049334e-01 -7.43374396e-01  1.46976453e+00
 -4.64505342e-01 -1.20643338e+00 -6.76124056e-01  2.67602822e-01
  1.04807583e+00  1.85685226e-01  3.74392733e-01  6.02755862e-01
  8.59583469e-01  1.53542723e-01  4.25788536e-01  1.60366294e+00
  8.63283097e-02  5.04375091e-01 -7.89153015e-01 -4.05327760e-01
 -2.74947136e-01  1.66717162e-01 -1.69708199e+00 -1.00777384e-01
 -7.86042778e-01 -9.31335870e-01  9.23783783e-01 -8.76270006e-01
 -9.65139863e-01 -3.13210286e-01 -8.19936800e-01  7.23742236e-01
 -2.10127822e+00  1.20849756e-01 -8.59009272e-01  7.68235524e-02
 -7.44296454e-01 -5.19193265e-02  4.02944101e-01 -5.68992122e-01