-6.75599524e-01 -4.17628592e-01 -1.11058595e+00 -2.07104952e+00
 -1.43035406e+00 -1.05093602e+00  2.86125987e-01 -1.80285782e+00
 -1.12368854e+00 -8.80021416e-01 -1.57047951e+00  2.40017877e-01
 -1.32650028e+00 -3.23916425e-01  1.93465883e-01  7.22731474e-01
  5.14708028e-01 -9.37364472e-01  3.04804065e+00 -9.41810086e-01
  2.17293140e+00  1.34000373e-02  1.47833706e+00 -1.61938936e+00
  1.55814206e+00 -1.25011581e+00 -1.05384900e+00 -7.38359332e-01
  2.01389619e+00 -1.27436936e-01  2.74032869e-02  1.33314351e+00
  4.48871319e-01  8.98964298e-01  1.66198157e+00 -2.52298707e-01
  5.95076904e-01  8.04761646e-01  1.01673667e+00  5.02607568e-01
  5.79392045e-01  6.84833846e-02 -8.16232518e-01  3.67387066e-01
  2.34550521e-01  1.74743819e+00 -1.66453337e-01 -3.02121184e-01
 -1.28140654e+00  1.33962098e+00 -4.19047017e-01 -6.58248054e-01
 -8.66512019e-01 -6.07016954e-01 -5.40707664e-01  1.15383313e+00
 -7.69902451e-01 -5.96960166e-01  4.70399782e-01  1.32191315e+00
 -1.36650484e+00 -1.73942209e-01  1.25212292e+00  1.28232626e+00
  2.81330278e-01 -1.02601903e-01 -8.98068851e-01 -6.92760066e-01
 -9.86177357e-01 -9.45601289e-01  3.42319438e-01  7.76761944e-01
  1.34573724e+00  1.82259715e-01  6.90536170e-01 -9.76805691e-01
 -1.26532916e+00  1.41651952e+00 -6.83523529e-03  7.10704005e-01
 -1.36619233e+00  4.32918926e-01 -2.78407318e-01  1.25156047e+00
 -7.80862782e-01 -2.31437809e-01 -1.11737576e+00  1.09568402e+00
 -2.11796797e+00  4.16857112e-01  4.34225866e-01  8.76396952e-01
  7.47706069e-01 -2.38282277e+00  4.01119311e-01 -1.58076626e+00
  1.68320691e+00 -2.10253963e+00 -3.91452823e-01 -1.26767999e+00
  6.81257274e-01 -9.93624215e-01 -8.11785749e-01 -4.14782968e-02
 -5.15262083e-01  4.78699327e-01  9.35367893e-01 -2.15842103e-01
 -6.48050808e-01  1.78002294e-01 -5.71267519e-01  7.66548158e-01
  5.64240958e-02  2.32223413e+00 -6.06766032e-01 -1.22069518e+00
 -3.39690455e-01 -1.05485634e+00  6.55025092e-01  1.05628281e+00
 -4.47610665e-01  2.51671788e-01 -1.50981150e+00 -3.91435628e-01
 -2.18383619e+00  2.91902813e-01 -3.64445327e-01  1.16705756e+00
  8.97261794e-01  2.84618147e+00  2.96875218e-01 -1.59885357e+00
  2.40141624e+00 -1.33830325e+00 -9.36147816e-01  1.84080458e-02
 -4.00108077e-01 -5.33416781e-01  6.08820534e-02 -7.15137213e-01
 -1.16096226e+00 -8.96154274e-01 -1.40749281e+00 -6.78250639e-01
  1.68052292e+00 -4.31938867e-01 -1.09416749e+00 -1.42891700e-01
  6.70683845e-01  9.04949946e-02  2.04680308e-01  3.70479353e-01
 -1.33946007e+00  4.35898724e-02 -9.72826635e-01 -2.96223359e-01
  8.09084063e-02  1.73298955e+00 -8.07034216e-01  1.38045929e+00
 -1.14802858e+00  2.58538015e-01 -1.41241270e-02  3.05324922e-01
  6.69811703e-01 -1.50348672e-01  6.38235011e-01  2.04691155e+00
 -1.00897686e+00  7.64128016e-02 -1.41862618e+00  4.88174813e-01
  2.88607997e-01  1.88123058e+00 -5.51741101e-01 -3.67059694e-01
  2.14897229e+00  5.00851275e-01 -1.01234514e-01  8.75160612e-01
 -1.87077095e-01  5.30383787e-01 -6.98207480e-01 -1.10428027e+00
  2.07789421e-02 -2.36480367e-01  2.69775018e-01 -7.40707942e-01
 -4.09215175e-01  2.30180449e-02  3.65003934e-01  1.35178923e+00
 -7.50215004e-01 -1.81963133e-01 -1.75501090e-02 -7.94011157e-01
  2.41999116e+00  1.14716188e-01 -1.14594082e+00  1.62818224e-01
 -2.12008436e-01 -4.48713895e-01  1.49538088e+00 -3.55549878e-01
 -2.86478376e-01 -9.16810749e-01 -9.24459283e-01 -6.28949363e-01
 -1.08043985e+00  2.31220841e-02 -9.41655036e-02 -6.49936028e-01
  4.49392481e-02 -1.63915918e+00 -7.69646637e-01 -2.63578338e-01
  1.50214658e+00  1.46688857e+00  7.19465506e-02  5.38244331e-01
 -3.41125456e-01  1.04948024e+00 -3.11933474e+00 -6.04764382e-02
  6.29437586e-02  2.76910189e+00 -4.94112434e-01 -1.67757156e+00
 -2.72722016e-01 -1.00368551e-01 -1.33359167e-01  6.88122303e-01
  3.58002127e-01  2.97437591e-01  1.63392020e+00 -7.93651260e-01
 -1.67939714e+00 -1.09528952e+00 -1.42107730e+00  1.35408919e+00
 -1.50341199e+00 -3.78060600e-01 -7.66123298e-01  1.67051940e-01
 -8.53177528e-01 -2.51147370e+00  5.86591310e-01  1.92181053e+00
 -1.07644115e+00  8.04165920e-01  2.02594886e-01  6.50946401e-01
 -6.36734844e-01 -9.35055470e-02 -4.33220593e-01 -6.35409522e-01
  2.36806400e-01  2.68105256e-01 -8.43583789e-01 -5.83909893e-01
  4.25671412e-01  1.02606113e+00  1.42838646e+00  8.42439164e-01
  4.94044712e-01 -2.76284049e-01  5.44675353e-01 -5.81859249e-01
  4.59319402e-01 -2.97938285e-01 -2.01699054e-01 -1.12936862e+00
 -2.87356310e-01 -1.05553137e-01 -2.16414026e-01  3.39391769e-01
 -3.63251229e-02  2.20211278e-01 -1.12650099e-02  5.80304159e-01
  8.62691630e-02  1.70896293e+00  1.51010988e+00 -6.53813702e-02
 -2.88138455e+00 -5.12709059e-03 -3.63624166e-01  4.55869548e-01
 -7.69418570e-01 -2.12004248e-01 -1.09362231e-01  3.83251386e-01
 -6.37613896e-02  3.01898360e-01  3.56070908e-01 -3.28796608e-01
 -2.59830870e-01 -3.85277266e-02 -1.32910471e+00  2.31222567e-01
  1.15137981e-01 -5.23253984e-01 -1.01746817e+00  6.26374785e-01
 -1.50298887e+00 -1.27142005e+00 -1.29321903e+00  6.66786184e-01
  4.28995203e-01 -1.89313330e-01 -2.22173275e-02  2.29513765e-01
  4.45901743e-01  4.27328604e-01  1.33966049e+00 -5.16715135e-01
 -3.57238629e-01 -1.39837450e+00 -2.25381153e+00  2.61542576e-01
  1.24247201e-01 -5.21369640e-01  1.55594778e-01 -1.92206871e-01
 -2.28967796e-01  9.69994321e-02 -1.03580529e+00 -3.75569573e-01
 -4.06197218e-02 -3.04290961e-01 -2.87099479e-01 -1.98879673e+00
  7.99852646e-01  1.14303028e+00 -7.15003680e-01  1.06049951e+00
  6.26284312e-01  1.43182311e-01  1.21635543e+00 -2.23628827e+00
  7.37962088e-01  6.40692889e-01  1.15581141e+00 -9.16674837e-02
  4.64982675e-01  2.57157052e-01 -1.03682559e+00  1.39302779e+00
  1.05366471e-01  9.10380173e-01 -1.70453336e+00 -1.57910504e+00
 -8.38271976e-01  1.17875222e+00  9.37810291e-02 -3.29800818e-01
 -5.52235000e-01 -1.36131282e+00 -8.25008586e-01 -2.45653107e-01
 -1.90452517e+00 -9.69387183e-01  5.34239109e-01  1.70662952e+00
  2.67981193e+00 -9.70186224e-01 -2.20518309e+00  1.14956107e+00
  5.72208099e-01  1.37003789e+00 -4.72521648e-01  1.08586168e+00
  1.05970974e+00 -6.02204609e-01  1.92311287e-01  9.00760946e-01
 -1.63644195e+00 -1.46467919e+00  3.86345458e-01  9.63722626e-02
 -2.51567311e+00  5.99844735e-01 -1.60735578e+00  4.35299471e-01
 -1.14149100e+00 -9.27478916e-01  1.11452677e+00 -1.76693775e+00
  2.06742295e-01 -7.65891861e-01  4.95413140e-02  3.80421639e-01
  1.30963300e+00  3.10467722e-01  4.90713321e-01 -7.68380199e-01
 -2.80268845e-01 -1.69395714e-02  3.39671531e-01  3.86200471e-01
 -2.40022447e-02 -2.88481168e+00 -7.00702905e-01  1.43118423e+00
 -3.41315930e-01  1.41844318e+00 -2.69645146e-01 -2.76870360e-01
  1.38871801e+00 -8.42142562e-01 -1.46356811e+00  1.11017705e+00
  1.59271543e+00  1.42457452e-01 -9.75275001e-01  2.89882224e-01
  3.45616720e-01 -4.22111634e-01 -1.01521648e-01 -9.63243448e-01
 -4.72203777e-01  3.32998336e-01 -7.55704359e-02  4.54971553e-01
  1.76363447e-01  4.41274975e-01  4.79802310e-01  2.67666192e+00
 -5.39855358e-01 -9.02091998e-01 -1.10708329e+00 -3.18213193e-01
 -5.14790103e-01  8.64430623e-01 -9.92940553e-01  9.72823253e-01
  1.36878988e+00 -1.25213853e+00  6.55684601e-01 -1.20922228e+00
  9.29350422e-01  4.46835099e-02 -4.03117768e-01 -2.82626159e+00
  7.43631535e-01  2.74772334e-01 -2.85856764e-01  2.21691498e+00
 -7.35646405e-01 -2.13511728e-02 -9.17777219e-02  1.13296825e+00
 -4.45591050e-01  1.41312999e+00  6.67396829e-02  2.73989631e-01
  8.66112992e-01 -8.76258339e-01 -6.35780343e-01 -1.52566604e+00
 -1.06806711e+00 -5.22582570e-01  4.84315207e-01 -1.43399205e+00
 -2.53064942e+00 -9.36461721e-01 -3.42517193e-01 -4.78153936e-01
  1.99281024e-01  6.04246080e-01  8.58991093e-01 -4.22169179e-01
 -3.77813365e-01  1.44096905e+00 -1.34660349e-01  5.01827669e-01
 -6.30896312e-01  1.09543824e-01 -7.55587250e-01  1.07342389e+00
  8.84297686e-01  3.20730574e-01  1.06172908e+00 -8.48896869e-01
 -6.76781523e-01 -3.59695968e-01  3.68291913e-01  1.62108118e-01
  2.68190973e-01 -5.46436603e-02  1.42590578e-01  3.27966922e-01
 -9.40708160e-01 -1.44536797e-02  1.42652901e+00  1.18168680e+00
  6.58210684e-01  9.11133021e-02 -8.20501226e-01 -7.35612772e-01
  9.66903864e-01  3.99749477e-02  8.88244017e-02  2.14366642e-02
  8.32932998e-02 -1.43602156e+00 -1.38201364e+00  1.25940542e+00
  1.21630660e+00  6.91436245e-01 -3.97347242e-01 -3.42717888e-01
  2.09707127e+00 -7.72741870e-01 -1.21425292e-01 -3.82481407e-01
  2.32852880e+00 -1.60228719e+00  8.34732380e-01 -7.46334660e-01
  2.91143701e-01  3.76623321e-01  2.71880263e-03 -8.43432836e-01
  5.34415681e-01 -8.68394143e-01  1.00143785e+00  4.28782949e-01
  2.26315098e-01  8.74848131e-01 -1.59262578e-01  5.93839017e-02
 -2.93193355e-01  4.22493809e-02 -5.64705170e-01  8.78195373e-01
  1.03076885e+00 -1.29420281e+00  5.24985962e-01  3.92314399e-01
  9.19289318e-01  5.18802553e-01 -9.32642143e-01 -1.05200234e-01
  9.25538231e-01 -4.35279174e-01 -8.52738744e-02 -8.57940953e-01
 -7.83428062e-01  1.42557385e-01  1.06696191e+00 -6.00123068e-02
  2.31744135e-01 -8.60283201e-01  3.47970130e-01 -8.02037235e-01
 -4.14039287e-01 -1.81951931e-01 -2.29354352e-01  6.53010786e-01
  2.53513193e-01  1.99664331e-01  8.43767837e-01  3.61098930e-02
  1.16075568e-01 -6.97209868e-01 -1.16455537e+00 -6.69878262e-01
 -1.13049150e+00 -4.57763398e-01  3.96999894e-01 -6.06118220e-01
  9.61357053e-01  1.03650655e+00  1.07524277e-01  1.18962048e+00
 -1.56938149e-01  5.15898765e-01  1.78325722e+00  7.39943535e-01
 -1.55591852e-01  7.59617232e-02  6.19522141e-01  1.39478385e+00
  3.45262805e-01  1.14421680e-01 -1.10610862e-01  3.68975940e-01
  3.63246666e-01  3.24169452e-01  1.26476977e+00 -8.05282529e-02
 -6.99781399e-01  3.47537485e-02  2.41816275e-01  7.13546118e-01
 -1.77175717e+00  5.78831778e-01 -4.32768371e-01 -6.16619630e-01
  8.04408123e-01  1.43103017e+00 -1.87702139e+00  7.33833266e-01
 -1.23396952e+00  6.56892503e-01 -8.47773855e-01 -2.65900941e-01
 -2.91548887e-01  7.94668917e-01 -6.59699718e-01 -9.09216815e-01
  2.10425968e+00  7.99178154e-02  5.83817370e-01  2.78029878e-01
  1.41602264e+00 -3.93942236e-01 -1.22580900e+00 -5.55381008e-01
  1.35570356e+00  3.01930356e-01  2.92072627e-01 -1.66414178e-01
  1.84616258e-01  2.32593051e-02 -1.45341345e+00  1.23619482e+00
  4.32490694e-03  4.45305197e-02 -3.14389538e-01 -1.01149906e+00
 -1.04428125e+00 -3.64908426e-02  4.13385672e-02  5.06571593e-01
  5.02262931e-01 -2.38410967e+00  4.27027817e-01  3.79816391e-01
  4.02931693e-02  2.36860201e-01  8.44611144e-01 -1.02155850e-01
 -5.06291526e-01  4.56504786e-01 -1.05049151e+00 -7.68665464e-01
  1.04574997e+00 -6.74887336e-01 -2.55718290e+00  8.13745170e-01
 -1.14190543e+00  3.70694270e-01 -1.43815534e+00  3.04228958e-01
 -4.63037677e-01 -5.10577604e-02 -8.07642805e-01 -4.20088542e-01
  1.03407605e+00 -1.50660222e+00 -2.70789136e+00 -2.89776061e-01
  2.47954566e-01 -1.49540089e-01  5.41394223e-01  8.39931815e-01
 -1.03631800e+00 -1.13010221e+00  1.26893040e+00 -2.89257085e-01
  5.50640958e-01  1.25705834e-01 -9.00173013e-01 -7.08775642e-01
 -5.37247512e-01  1.34958684e-01  1.61256855e-01  9.95469463e-01
 -2.30120355e-01 -8.63507893e-01 -7.45924221e-01 -1.13761950e-01
 -6.30567481e-01  1.14073699e+00  2.10142632e+00 -6.68019831e-01
  1.37444959e+00  6.61983984e-01  3.01176277e-01  5.64347359e-02
  2.72602520e+00  2.74678215e-01  2.03158459e-01  3.20014325e-01
 -7.39655623e-01 -8.68425907e-01 -1.18223040e-01 -4.32788979e-01
  1.39748554e-01  5.49271676e-01  8.35736065e-01 -1.58411856e+00
 -2.50567949e-01 -3.65526913e-01 -6.43112507e-01 -1.19034391e-01
 -2.40060401e-02 -2.79293015e-01 -1.24009030e+00 -1.17078731e+00
  1.00145750e+00  4.22280182e-01  6.24677695e-01 -3.85353943e-01
  1.66971051e-01 -1.54768886e+00 -8.57009651e-01  4.39399941e-01
  1.14941703e+00  1.42210504e+00  1.08575750e+00  1.15388362e+00
  1.08275711e+00 -9.13126255e-01 -2.05691846e-01 -1.40845019e+00
 -1.74495116e+00  1.21724387e+00 -1.77031127e-01 -6.98337467e-01
  5.16882899e-02  2.58358048e-01  3.24702717e-01  2.40059114e-01
  1.09175733e+00 -2.72599500e+00  5.23255163e-02 -3.49001920e-01
 -1.57916235e+00  7.43629286e-01  1.70717466e+00 -2.83909531e-01
  3.17206903e-02  1.92306953e+00 -1.29771424e+00 -6.54845231e-01
 -8.86187073e-02  1.06546330e+00  1.59715222e+00  1.71249723e+00
  1.43536147e+00  6.55480202e-01 -2.43297443e-01  1.07396890e+00
 -4.85860343e-01 -4.12854458e-01  2.72131403e-02 -3.74764036e-01
  1.03694040e+00  1.64746440e+00 -6.02746620e-01 -4.21723049e-01
 -1.53550676e-01  1.69173306e-01  5.30329381e-01  3.19077843e-01
 -1.63853775e+00 -3.07759542e-02 -6.17028454e-02 -1.37998504e+00
  1.16995195e+00 -7.25914123e-01 -2.03310651e-01 -5.73846556e-01
  3.03210111e-01 -3.41038656e-01  1.57830546e+00 -1.33842619e+00
  2.43464235e-02 -5.05549369e-01  1.17781669e-01  1.46777593e+00
  9.29814486e-01  1.45067937e+00  1.03001601e+00 -1.66421014e+00
  4.66995799e-01 -3.36988921e-01 -8.25673042e-01  3.64552217e-01
  3.79487622e-01  3.18437562e+00 -2.44225410e-01  2.80778729e-01
  2.78143144e-01 -4.61239221e-01 -1.38070604e-01 -7.01321465e-01
 -9.47663969e-01 -1.50443270e+00 -2.97628312e-01 -7.36166148e-01
 -1.32253669e+00 -2.40774229e-01 -1.38869237e-01  2.44336269e+00
 -4.12732466e-01 -1.05805592e+00 -1.24705524e+00 -3.76774470e-01
  7.27532282e-01 -7.11803651e-02 -9.67702606e-01  1.16515396e+00
  3.79336853e-01 -6.00708364e-02 -1.69340520e-01  1.64920434e-01
 -1.22267263e+00 -1.22365373e+00  1.61661267e+00 -2.34116044e+00
 -8.34832401e-01 -1.67760400e+00  3.05389471e-01 -4.33869194e-01
 -2.45542849e+00  3.80941227e-01 -7.54148951e-01  4.37439824e-01
  1.54749042e+00 -5.62882457e-01 -8.84684881e-01 -2.34650447e+00
 -2.36885094e-01 -4.36690390e-01 -2.86471986e-03 -1.98501553e-01
  1.33048120e+00  1.40180873e+00 -2.12933890e+00 -1.51830135e+00
  8.13545643e-01  2.98450418e-01 -7.78000358e-01 -5.18222161e-01
 -8.76666320e-02  3.14870914e-01 -9.92659754e-01 -1.12141924e+00
 -4.77107275e-01  4.46406544e-01 -2.44821441e-01 -6.42888752e-01
 -6.35592282e-02  1.12830600e+00  2.08734588e+00  3.14323498e-01
  6.61864444e-01  4.11515825e-01  7.61280113e-01  1.06980908e+00
  1.73437366e-01  3.47392907e-01 -2.27434369e-01 -1.59544792e+00
 -2.87844005e-01 -2.89177459e-01 -5.38053328e-01 -3.37712480e-01
  6.44296974e-01  1.94220612e+00  9.55874028e-01  1.92217339e-01
  7.80711188e-01 -1.28459344e-01 -9.99901627e-01  6.84893569e-01
  9.67284216e-01 -1.55958544e+00  1.16030175e+00  1.15681407e+00
 -3.00821883e-01  6.57012209e-02  1.04164027e+00  1.56229426e+00
 -3.02729897e-01 -5.84633440e-01 -1.09503538e+00  2.14860534e+00
  1.76041781e-01  1.29792953e+00  3.06074203e-01  8.94792698e-01
  8.64379451e-01  4.68718234e-01  9.15650138e-01  1.03750929e+00
 -4.02114835e-01  1.02849681e+00  1.23439813e+00 -1.99596232e+00
 -6.98673344e-01 -6.96700718e-01  6.60420446e-01 -1.59563306e-02
  7.74749475e-01 -3.39243682e-01 -3.37617315e-01  1.35259486e+00
  1.98598072e-01 -6.56224938e-01 -1.12357342e-02  8.59453076e-01
  8.21496104e-01 -9.59764407e-01 -5.30766777e-01 -2.56994208e-01
 -9.12801663e-01 -1.63925086e+00  8.28714251e-01 -8.52426287e-01
  9.47090608e-01 -2.76347739e-01 -1.59537023e+00  1.82441440e+00
 -9.98539034e-01 -3.79628646e-01 -2.00545834e-01 -1.64511555e+00
  1.37139033e+00  4.24289375e-01  7.41090311e-01  8.67243473e-01
 -4.68698291e-01 -1.49202457e+00 -1.66106531e-02 -1.63372965e+00
  5.06969200e-01 -7.97729112e-01  1.24410610e+00 -1.49631746e-01
 -3.77978034e-01 -5.72790733e-01  2.03283063e-01 -5.49329517e-01
 -8.99000219e-01  1.36716139e+00 -1.75295499e-01  3.37589243e-01
  3.39033748e-01 -7.03037040e-02 -1.30414433e+00  6.47314153e-01
 -1.42440369e+00 -7.68344149e-01 -4.45653694e-01 -3.31518627e-01
  4.16281075e-01 -3.82490745e-01 -1.16406983e+00  9.90095013e-01
 -8.78351996e-01 -2.20722255e+00  1.18122363e+00  2.22771883e+00
  9.28001408e-01 -1.74416288e+00  2.50272732e+00  4.46248387e-01
  7.06310714e-01  1.03203599e+00  6.12259583e-01  2.09120288e-01
  9.24932779e-01  4.26514784e-01 -2.92962149e-01 -6.20375088e-01
 -4.22635800e-01 -8.18531725e-02  7.06862473e-01 -1.48532113e+00
 -7.21047615e-01 -5.62196499e-01 -8.71003103e-01  1.08169673e+00
  1.89561039e-01  6.67157299e-01 -1.52978317e+00 -8.98679689e-02
  1.72131138e-01  5.92072104e-01 -5.80416540e-01 -5.85579678e-01
  8.80253204e-01 -3.28045184e-01 -4.27067674e-02 -7.99859884e-01