-1.32880314e+00  1.30081115e-01  1.14219438e+00  1.26846279e+00
  1.76722365e+00 -5.17513674e-01 -5.01604311e-02 -6.11014463e-01
  3.61600055e-01 -2.68139932e-01  7.83977640e-01  8.10461074e-01
 -1.74564172e+00 -2.33430977e-01 -7.03989780e-01 -8.70986922e-01
 -1.24069912e-01 -1.10322891e+00  2.36068613e-01  8.97617341e-01
 -1.11954579e+00  5.14958321e-01 -2.94629476e-01 -1.02490075e+00
  2.43538956e-01  7.00997750e-01 -3.20969811e-01 -6.79464106e-01
  7.19826922e-01 -5.77105872e-01  1.02796375e+00  1.20141896e+00
 -5.26770040e-01  5.75896661e-01 -1.22136187e+00 -1.49905649e+00
 -1.23977714e-01 -1.44579248e-01  2.26782067e-01 -2.61864761e-02
 -8.92755325e-01  1.50252641e+00  1.01326146e+00  1.21921332e+00
 -1.04145504e+00  2.18249666e+00 -4.33390384e-01 -2.10437748e+00
  1.28969298e+00 -1.80058218e+00 -2.69149089e-01 -7.92887576e-01
  1.10512043e+00  8.54588344e-01 -4.30639820e-01  6.61125923e-01
  4.44882969e-02 -5.46125823e-01  1.18901722e+00 -3.38273418e-01
  1.02550968e+00 -7.12852964e-01  1.74284905e-01 -1.19023059e+00
 -1.47560445e+00  2.47368943e-01  3.14993980e-01 -9.40869087e-01
  1.00389477e+00 -1.05790296e+00 -1.18618077e+00  4.02315394e-01
 -1.13165603e+00 -8.75735352e-01 -1.80054204e+00  4.33840671e-01
  1.11454091e+00  2.39905207e-01  1.17733692e+00  6.13940139e-01
  1.10260525e-01 -4.04943596e-01 -1.09193923e+00  3.31760946e+00
 -1.25913600e-01 -8.40159418e-01  1.16928862e+00 -3.49834518e-01
 -8.39032432e-01  5.47995773e-01  1.00186787e+00 -6.73630657e-01
  4.67487518e-01  4.38588087e-01  8.77295440e-01  2.09137725e+00
 -2.58690014e+00 -1.26002399e+00 -1.14242270e-01  2.09482247e-01
 -1.20658449e+00  1.00839207e+00 -1.05575040e+00 -7.01102441e-02
  8.10713722e-01 -1.20237124e-01  4.31269831e-01 -3.91469479e-01
  3.65701815e-02 -4.70398055e-01 -1.17750462e+00  1.79448833e+00
 -9.15718718e-01  9.34455387e-01 -9.39261128e-01  1.17547117e+00
 -4.36031054e-01  1.63915131e+00 -8.41066000e-01  3.72500617e-02
  9.12224488e-01 -1.62362643e+00 -6.24386441e-01 -3.46044980e-01
  1.96939591e+00 -6.26838053e-01 -2.55026199e-01 -1.31227594e+00
 -8.93113721e-02 -1.41979188e+00 -1.24001580e+00 -4.97643585e-01
 -4.09150530e-01 -7.13372826e-01 -6.12810750e-01  1.21788876e+00
 -1.11232069e+00 -4.31680048e-01  5.05969580e-02  1.21046685e+00
  2.09586472e+00 -2.27669875e+00 -4.55927890e-01  4.14172689e-01
 -3.76120294e-01  8.32182285e-01 -4.61136883e-01  7.89566055e-01
  1.42394441e+00 -1.05601856e+00  1.58173120e+00 -6.86509421e-01
 -2.28374197e-01 -7.76111567e-01 -4.42841094e-01 -1.29678304e+00
 -5.62628959e-01 -5.32820801e-01 -9.54876932e-01 -2.00175688e+00
  2.46894665e-01  9.35368602e-01 -1.92424937e+00 -1.25278537e+00
 -4.56256868e-01 -8.53176382e-01  1.01023841e+00 -3.85180679e-01
 -4.09944716e-01 -1.01425327e-01 -3.32296385e-03 -6.66235958e-02
 -1.61989987e+00 -6.18154042e-01  1.48161722e+00 -1.32256891e+00
  4.46764339e-01 -1.53385995e+00 -2.55440260e-01  1.23670061e-01
  4.62650994e-01  1.32265776e+00  1.66071458e-01 -1.04362829e+00
  2.85603292e-01 -4.84573261e-02  1.41397156e+00  4.44628609e-01
  2.36152287e-01 -1.67187138e-01 -4.64942665e-01  3.27061465e-01
 -2.81963839e-01 -8.20795393e-01 -1.33705286e+00 -5.57058344e-01
  1.06465160e+00 -8.43259145e-01 -1.02776828e+00  8.85030096e-01
  1.90471810e-01  6.25180204e-01  6.64028052e-01 -6.12395836e-01
 -3.76458040e-01  1.11327962e+00  2.90169459e-01  1.41289648e+00
 -4.87745361e-01  1.82281968e+00  3.28643461e-01 -2.12796927e+00
 -1.32457714e+00  3.23571709e-01 -6.91125021e-01  9.88917933e-01
 -3.25050259e-01 -2.96767493e-01 -4.06286078e-02 -5.89571895e-01
 -1.74861064e+00 -5.97208692e-01 -8.32515064e-01 -3.06071479e-01
  8.60474636e-01 -4.53665499e-01  9.29472800e-01 -4.94415057e-02
 -3.19645956e-01 -1.99698687e+00  2.25069187e+00  5.12057182e-01
  1.31328158e+00  7.92566897e-01 -1.50107149e+00 -1.08333530e+00
 -9.09791916e-01 -1.19543512e-01 -1.41446763e-01  2.36951615e-01
 -9.63458520e-01  4.39975746e-01  1.03872788e+00 -9.54731787e-01
 -6.56530922e-01 -1.69867610e+00 -2.33586772e-01 -1.36865135e+00
  9.85762208e-01  8.43091828e-02 -7.15867776e-01  4.26405332e-01
 -8.99501189e-01  9.20082113e-01  8.84515059e-01 -1.69622135e+00
  5.26806769e-01 -9.86868240e-01  1.82423538e+00  3.77161542e-01
 -1.31877878e+00 -1.51008203e+00  2.04985343e+00 -1.15061277e+00
  7.21166065e-01  1.66361918e+00 -1.03811059e+00  1.51742557e+00
 -1.64462821e+00 -1.05070125e-01 -5.65104889e-01 -5.78072535e-01
  2.68312211e+00 -1.87260513e-01  7.02496475e-01  6.68921557e-01
  1.21566031e+00  2.44975212e-01 -1.78073018e+00 -9.69238658e-01
 -4.63823652e-01  9.16017257e-01 -2.10464614e+00 -3.55351007e-01
  1.12971772e-01  1.72537972e-01  1.65407537e+00 -4.39081320e-01
  3.08809182e-02  6.65325527e-01  2.17822861e-01 -7.12070989e-01
 -5.87474336e-01 -4.80693596e-01 -2.93131082e-01  1.85559729e-01
 -5.05399770e-01 -8.75349491e-02  1.01523985e+00  3.82028572e-02
 -8.03719407e-01 -9.48463763e-01  6.93591595e-01  5.17052224e-01
 -4.40308179e-01  1.21195710e-01 -9.04894077e-02  1.01785324e+00
 -2.54168442e-01 -1.47551945e+00 -8.11810455e-01  2.68348401e-01
 -1.59284785e-01 -8.01771141e-01  7.90831157e-01 -1.98575003e+00
 -6.58630789e-01 -1.28702275e-01 -4.37403975e-01  1.05551357e+00
  1.16202324e-01 -2.11097795e-01  1.33166436e+00 -9.04671659e-02
 -1.02832636e+00  2.19031218e-01 -8.04475406e-01  8.74315631e-01
  7.76060843e-02  1.58746420e+00 -2.28497681e-01  6.98929426e-01
 -4.98464094e-01 -8.98231125e-01 -1.18078357e+00  6.56365202e-02
  6.16229900e-01 -1.05050145e+00  6.71826998e-02 -2.85302281e+00
 -1.13788797e-01  5.25222719e-01 -1.44120566e-01 -8.25690923e-01
  1.07600473e+00 -3.47107944e-01  7.13829615e-01  1.12669298e+00
  2.00121970e-01  2.05779634e+00  3.35725337e-01 -2.28912955e-01
 -2.21518640e+00 -4.37216895e-01 -1.66368768e-01  5.61947346e-01
  1.32371574e+00 -2.16814495e-01  7.56409048e-01 -1.99983828e-01
 -2.49141816e+00 -8.41940867e-02  5.99580073e-01 -6.11505864e-01
  4.56091258e-01 -3.74997312e-01 -1.46557346e+00  1.07015265e+00
 -1.19210237e+00 -1.23830789e+00 -7.08969959e-01 -5.81053678e-01
  3.10749701e-01  9.11149407e-01 -9.91972803e-02 -8.88785737e-03
  6.94802236e-01  5.47517999e-01  9.18534978e-01 -5.87790208e-01
  1.36658015e-01  1.06629776e+00  3.02343290e-01  1.03139153e+00
 -1.25913934e+00 -4.16743128e-01 -5.23265781e-01  8.92569633e-01
  1.32626098e+00  4.35615040e-01  1.01160689e+00 -1.65704990e+00
  1.45882078e+00 -1.93110713e+00 -1.48193836e+00  1.22933362e+00
  8.24397215e-01 -1.28526399e+00  1.68943903e+00 -1.56899103e+00
  1.09458533e+00 -4.34699969e-01 -7.20298888e-01 -6.05365140e-01
  1.95449499e-01 -6.48370914e-03  9.77956217e-01  1.93946110e+00
  8.31452327e-01  2.57190658e+00 -1.39825792e-01  3.70500497e-01
 -7.53983766e-01  1.58066613e+00  5.88771855e-01 -3.19318483e+00
  8.43136368e-01  3.45290036e-01  5.01262409e-01 -5.62439974e-01
 -5.64582068e-01 -8.50335160e-01  1.47109059e-01 -1.65971986e+00
 -4.33183876e-01 -1.84057500e+00  2.80929927e-01 -9.99923341e-01
  2.11964385e-01 -3.37274171e-01 -4.46679223e-01  4.92684453e-01
  7.44387203e-01  7.59048727e-01 -4.53257768e-01  8.35567593e-01
  5.96101331e-01  1.55565434e+00 -1.21708271e+00  4.46379396e-02
  1.53952150e-01 -3.50217831e-02 -1.86784785e-01 -1.43446120e+00
  2.76947493e-01  3.17749931e-01 -6.17936356e-01 -1.36592242e+00
 -9.10806624e-01 -1.39926564e-01 -1.30454637e+00 -1.30978688e+00
  1.00733884e+00  9.48420457e-01  1.40509629e-02 -1.68457375e+00
 -6.21771457e-01  6.52125396e-01 -2.46405219e-01 -3.98663482e-01
 -1.09641437e+00 -5.93452003e-01 -2.27985796e+00 -5.47296644e-01
 -2.81438927e-02 -3.74411964e-01 -6.05118074e-01 -5.79086427e-01
 -4.63252848e-01  4.93389742e-01 -1.13751312e-01  2.98807207e-01
 -2.62682102e+00 -1.84203935e+00 -4.00364471e-01 -1.78942147e+00
 -2.98354539e+00  2.67372157e-02  1.22102819e+00  1.66613198e-01
 -3.49738810e-01  9.73782361e-01  5.93646626e-01 -8.26038902e-01
  1.28364555e+00 -6.06194573e-01  6.79835175e-01 -1.21120857e-01
  1.61837615e+00  1.63600145e+00 -1.86577389e+00 -2.55410837e+00
  2.94861239e-01 -1.81261753e+00  5.15294137e-01  2.38212305e-01
 -2.23590629e+00 -6.56027502e-01  8.62111731e-02  9.21454890e-01
  1.68009821e+00 -2.58844261e-01  2.06105571e-01  1.49090938e-01
 -7.81512620e-01  5.50590145e-01  8.30652452e-01  1.12027606e+00
  1.93250562e+00 -2.82143885e+00  7.55191980e-01 -3.68380566e-01
 -7.33025557e-01 -7.85707946e-01 -1.24835885e+00 -1.56665084e-01
  1.65487755e-01  3.43925080e-01 -4.09269514e-01  1.31547858e+00
 -1.31043385e+00  4.85783356e-01  2.29274573e+00  1.18897283e+00
  1.49512570e+00  7.56472525e-01 -1.98495968e-01  1.30863650e+00
 -5.81170220e-01  1.12865432e+00 -7.74779535e-01  2.26160198e+00
 -7.64183203e-01 -8.93268227e-01 -6.19933969e-01 -4.60723778e-01
 -5.24378760e-01 -1.49523637e+00  4.52169712e-02  5.70110648e-01
  1.99160574e+00  1.55239405e+00  3.97842777e-01 -1.93320892e-01
 -9.92121006e-03  2.30432346e-01 -4.78190280e-01  8.19510798e-01
  1.51250351e+00  1.52172021e+00  6.45644115e-02  1.12221380e+00
 -9.96265916e-01 -8.78447871e-01  2.29367180e-01 -2.05942872e+00
 -3.31542285e-03  1.21615300e-01 -1.12901699e+00  6.60070583e-01
 -2.01243998e+00 -3.45220081e-01  9.85364229e-01 -5.78032844e-01
 -5.63061367e-02 -6.30850994e-01  2.14958061e-01  2.48845729e-01
  8.33183873e-01 -1.68479115e+00  8.71115703e-01 -5.87745586e-01
  5.02842996e-01  1.53604261e-01  1.96198921e+00  2.13291904e+00
  6.31903028e-01  2.20926278e+00 -3.72772515e-01  3.61817735e-01
  1.28758235e+00 -2.39463496e-01  6.69393840e-01 -1.33268514e+00
 -1.04324868e+00 -9.10306933e-01 -1.03452362e+00 -3.30204400e-01
  1.37010372e+00  3.63127821e-01 -1.24315595e+00  3.15446981e-01
  1.54334613e-02 -3.53347352e-03  3.34815115e-01 -6.78845914e-01
 -7.52772814e-01  1.14190464e+00  1.94763004e-01  9.81943306e-01
  1.97947598e+00  9.85952876e-01  2.85635879e-01 -4.43858358e-01
 -3.68249644e-01  3.12820934e-01  2.03324349e+00  1.49117855e+00
  3.59601761e-01  2.14717302e+00  1.92087807e+00 -1.37533122e-02
 -4.76534995e-01  1.48466765e+00 -2.85992038e-01  3.26135348e-02
  3.30489976e+00 -2.05750546e-01 -1.21589012e-01  3.02724832e-01
  7.43068789e-01  7.71888905e-01 -9.34804061e-01 -1.46129486e+00
  6.93166386e-02 -2.12476917e-01 -1.95776496e-01  1.19158681e-01
  6.00341598e-01 -1.70733345e+00 -6.04793561e-01 -1.82706905e+00
  8.73615164e-01 -1.66178531e+00 -1.12580905e+00 -1.48730837e+00
 -6.55623863e-01 -1.14060265e-02 -6.33975348e-02  2.16511124e+00
 -1.33000551e+00 -2.04430175e-01  5.59127117e-01  1.52457590e+00
 -1.93290302e-02  1.26395328e+00 -1.16536156e+00 -2.06451251e+00
  7.08929737e-01  1.86309195e-01 -1.02061697e+00  3.48614159e-01
  2.71663911e-01 -4.76123922e-01 -1.01529813e+00 -4.07209594e-01
  2.88206001e-01 -1.21699464e-01  1.70724802e+00 -5.08106728e-01
  1.40482638e+00 -1.54621906e+00 -5.90731377e-01  1.03358183e+00
  2.20698555e+00 -1.81172479e-01  1.24669073e+00 -6.27387796e-01
  1.49048290e+00 -1.04842923e+00  1.74391807e-01  1.64540376e+00
 -8.20798357e-01  1.92696670e+00 -1.15360512e+00 -2.07593871e+00
  4.13417149e-01  7.07581661e-01 -3.33015256e-01 -7.32455401e-01
  8.71520068e-01 -2.47863945e-01  5.63971271e-01  7.19811191e-01
  1.44374630e-01 -1.27444117e+00 -1.63908531e+00 -3.58073968e-01
 -1.01447527e+00 -3.89181968e-01 -1.44776294e-01  1.44317348e-02
  7.41119643e-01  6.79553425e-01  4.53315967e-01 -4.51459702e-01
  9.45410888e-01 -3.77018697e-01  9.98943313e-01 -7.86266621e-01
 -1.22897994e+00 -1.41639400e+00  1.70380441e+00 -1.37031116e+00
  1.15343977e+00 -1.28746140e-01  1.08226872e+00  2.03403198e+00
  3.02781768e-01 -2.06994991e-01 -6.87315959e-02 -1.07686184e+00
  1.47071217e+00  9.23728816e-01 -1.79010535e+00  5.08169866e-01
  1.33822701e+00  1.47420446e-01 -1.04100375e-01  2.81709569e-01
  1.20923430e+00 -1.96382845e+00  4.15247678e-01  1.22176087e+00
 -1.95529015e+00 -2.29711835e-01 -6.24802761e-01  1.67601820e+00
 -4.29665152e-01  2.13544079e-01 -2.04963901e+00  1.37319494e+00
 -1.34331549e+00 -6.37255797e-01 -1.13185201e+00  1.64871371e+00
 -7.62846884e-01  7.72753704e-01 -1.41268748e+00 -8.75661359e-01
  1.74644046e+00  2.51367133e-01 -6.05464642e-01  1.92162247e-01
 -7.11650636e-01  9.42673361e-01  3.77492251e-01 -3.97142995e-01
  1.14371590e+00 -3.69272890e-01 -1.63751265e+00 -6.21252535e-01
  8.45783818e-01 -4.13497868e-01  1.17918724e+00  1.74177414e+00
  1.00997745e-01 -5.87580152e-01 -1.42960476e-01 -1.76010225e+00
 -1.14667733e+00 -1.51952032e+00 -6.00499523e-01 -1.03442393e+00
  3.08987822e-01  8.57065887e-01 -2.33465599e+00 -1.27546101e-01
  4.80499357e-01 -5.71111308e-01  3.02105216e-01  4.03995589e-01
 -1.30148131e+00  4.35846785e-01  4.84174058e-01  7.05174488e-01
  9.66766890e-01  2.04739663e-01 -5.06280577e-01 -3.71426565e-01
  6.54507922e-01  1.84720094e+00 -1.06452616e+00  7.27509689e-01
  3.85889859e-01  4.00147977e-02  5.81341862e-01  1.06957290e+00
 -5.78439516e-01 -6.35502058e-01  1.76517583e+00  1.94309043e+00
  1.69529163e+00  1.78151495e-01  1.22440033e+00  1.14294478e+00
  4.34563874e-01  3.05329839e-01 -1.72747445e+00 -8.63190065e-01
  3.70090567e-01 -2.52956236e-02  1.01586674e+00  1.72999414e+00
 -2.03979554e+00 -1.63848484e-01 -1.60259199e+00 -8.36114519e-01
 -1.04026562e+00 -3.22700575e-02 -6.29102582e-01  3.25119161e-01
  3.82345911e-01 -8.22777983e-04 -1.44611675e+00  4.98875708e-01
  1.21654483e+00  7.68939129e-01 -1.41164973e+00 -1.80069053e+00
 -2.00646723e-01 -5.91880050e-02  2.03999258e-01  1.44652385e+00
 -1.47271731e-01 -1.58683999e+00 -1.05819111e+00 -3.11050801e-01
 -4.64137026e-01 -2.93325259e-01 -8.16798392e-01  2.77677158e-01
  2.98033016e-02  1.38272279e+00 -3.94402993e-01  1.48581328e-01
  5.03973748e-01 -3.16032229e-01 -2.33815991e-01  4.03478974e-01
 -2.15111333e+00  1.17295907e+00 -1.33339615e-01 -2.36606703e-01
  1.26030497e+00 -1.02007545e+00 -9.33408723e-01  2.19376243e-01
 -4.21112156e-01 -1.08372647e+00 -7.98860694e-01  6.49791466e-01
 -8.76948498e-01  8.45306939e-02  2.52913685e+00 -1.94299661e+00
  4.74336473e-01  1.91712009e+00 -4.59796174e-01  2.00267799e+00
 -2.42524687e-01 -6.34398502e-01  1.14797978e+00 -8.05423202e-01
 -4.16080355e-01 -1.45409642e+00  8.47319458e-01 -1.60626214e+00
 -1.95143863e-02 -7.92737159e-01 -3.76163742e-01  5.16310587e-01
 -9.48590437e-01 -6.15738815e-01 -5.59452860e-01  3.15312660e-01
  1.18937018e+00 -4.08819310e-01  6.28540260e-01 -6.30560426e-01
 -1.12567145e-01 -8.13293130e-01  9.25563007e-01  1.37262041e-01
  4.21255877e-01 -1.80469716e+00  9.58997861e-01  1.67696489e-01
  7.99362904e-01 -5.85528398e-01 -2.95935098e-01 -5.23796002e-01
 -2.03991484e+00  6.35548975e-02 -5.63766002e-01  9.50469412e-01
  2.65399233e-01 -2.05138194e+00 -1.72569790e+00 -2.03904399e-01
  1.19265760e+00  1.53046320e-01  1.18755146e+00  1.76645674e-01
  1.02199957e+00  1.06159128e+00 -1.10803621e+00 -8.76929326e-01
 -2.06192841e+00  1.46619328e+00 -9.51808973e-01  4.89761549e-01
 -3.46916569e-01 -9.67519209e-02  8.72113068e-01 -4.06737196e-02
 -1.60845958e+00  6.46038817e-01 -3.17012689e-01 -3.57822289e-01
 -9.42654872e-01 -3.85031340e-01  2.16195963e-01 -5.97366984e-01
  1.04791967e+00 -1.46841662e+00  6.81552156e-02 -1.00482945e+00
 -1.15285601e-02 -3.12318257e-01 -1.46967781e+00  1.57723299e+00
 -2.07573722e+00 -1.09393878e+00 -1.30827108e+00 -1.48544951e-01
  1.20629405e+00 -2.61224581e-01 -7.06151419e-01 -1.96751831e+00
 -1.70516583e-01  7.56808362e-01  1.96512832e-01 -8.67596810e-01
 -6.13235489e-03  5.12700691e-01  4.16532577e-01  8.63876392e-01
 -1.58661658e-01 -1.18964286e+00 -1.11495825e+00  4.26387743e-01
 -1.82904644e+00 -2.29057502e-01 -1.39996195e+00 -3.23130198e-01
 -6.47085337e-01  9.07764974e-01 -7.81954921e-01  1.86889945e-01
 -1.35900629e+00 -2.00876589e+00  1.22455367e+00 -1.80114544e+00
  8.54563178e-01  1.29545977e+00 -7.26012050e-01  1.50217878e-01
  3.23195147e-01 -7.11576460e-01 -7.19515132e-01  2.41800548e-01
  5.23736462e-02 -7.72555443e-01  9.46451471e-01 -9.68373260e-01
  1.16692883e-01 -1.73255159e-02  3.87231236e-01  1.67599118e+00
  1.98666923e-01  1.03172564e+00  7.12412406e-01  2.49084994e-01
  1.87222378e-01  1.98348124e+00 -1.08502595e+00  5.60923042e-01
 -1.07443311e+00  3.77572697e-01 -2.24378292e+00  1.47250465e+00
  1.06929645e+00  7.13425698e-01  1.83424010e+00 -1.07717317e+00
  9.62849193e-01 -1.05917251e-01 -2.64530292e-01 -4.76993608e-01