-1.32893880e+00 -9.07170629e-01  1.31808152e+00  9.93753122e-02
 -4.19791679e-01  1.07310142e+00  5.78560271e-01  1.16357221e+00
 -2.07208259e-01 -9.31233440e-01 -5.08587799e-01  9.57349449e-01
 -7.92767836e-01 -3.15216610e-01  1.76768582e+00 -2.09080817e-01
  9.29436298e-01  7.42820056e-01 -1.13638011e+00  5.87146540e-01
 -1.44717990e+00 -6.11435322e-02 -1.94457788e-01 -4.50486383e-01
  9.50925025e-01  1.47279714e+00  3.94468604e-01 -1.52786672e-03
 -5.81839895e-01 -2.75178733e-01 -5.35159039e-01  1.66092597e+00
  1.07576452e+00  4.18781457e-01  4.31407247e-01  7.23509524e-01
  3.98395884e-01 -1.34581408e+00 -4.94422551e-01 -8.62227488e-01
 -7.36773370e-01  1.44891463e+00  4.95863653e-01 -6.61784223e-01
 -9.09870818e-01  8.61922817e-01 -2.34035826e+00 -4.28974646e-01
 -1.11262740e+00  7.63782495e-03 -1.31854190e+00 -3.22491903e-01
  1.68963380e-01  9.53941378e-01  1.00440834e+00 -2.91191764e+00
  1.01738546e+00 -5.08974268e-01 -1.24229164e+00 -8.94524033e-01
  3.31124475e-01 -1.33182168e+00 -4.10539859e-01 -4.28854273e-01
 -3.59914901e-01  1.99366659e-01 -1.80321880e+00 -1.87043179e-02
  6.89160791e-02 -8.14954269e-01 -1.05323843e+00  4.82193756e-01
 -2.56687163e-01  2.30346692e+00  4.42791661e-01  4.88017034e-01
  2.50401122e-01 -5.42322547e-01  7.72659356e-02  8.69874555e-01
 -1.54476974e-01 -1.23828488e+00  5.64418786e-01 -3.13950640e-01
 -8.21541051e-01  1.84095275e+00  8.89841570e-01  6.35061807e-01
  5.24731553e-01 -2.31459762e-01 -3.03768248e-01 -1.49588143e-01
  1.64276945e-01 -5.31537701e-01 -1.15635397e+00 -7.45002328e-01
 -2.05732702e+00 -4.81728276e-01  4.66768319e-01  1.32680012e+00
  9.02776977e-01 -5.48184249e-01  1.51286146e+00  1.38857329e-01
 -3.72156810e-01  1.33804811e+00  1.88577863e-01 -8.11421861e-01
  1.89047266e-01 -1.31812353e+00  7.98861171e-01  2.22123511e+00
  8.89351393e-01 -6.23604118e-01 -1.00951029e+00  3.41929447e-02
  3.43225650e-01  5.72319945e-01  1.39728242e+00  8.56606230e-02
  1.78879574e+00 -1.90789785e+00 -1.51319237e-01 -9.32377968e-01
 -4.82752629e-01 -1.53424813e+00  2.70472805e-01  6.61798627e-02
  1.31581277e+00 -6.16989910e-02  1.10805775e+00 -5.90348346e-01
 -1.53974356e+00  1.60044781e+00  1.45395507e+00 -8.30946003e-01
  8.90936953e-01  1.78954673e-01  9.79834404e-01 -3.13358072e-01
 -2.88871618e+00 -4.67290331e-01 -6.55599241e-01 -5.93342832e-01
 -1.37112500e-01  5.48391491e-01 -4.32298846e-01  7.78563971e-01
 -7.10187744e-01  7.42493081e-01  1.64052344e-01  1.07094644e+00
 -1.75369093e-01  3.07180823e-01  6.26418319e-01 -8.42924941e-01
  1.35696204e+00 -5.80520934e-01  6.07709027e-01 -4.65283654e-02
  1.11585202e+00 -7.61980286e-01  7.91309615e-01  3.76613130e-01
  3.39271839e-02 -9.11078305e-01  2.54392852e+00 -1.08347926e+00
 -1.19705476e+00 -2.87806952e-01 -1.18411312e+00 -3.47422845e-01
 -9.21729532e-01 -1.69810297e-01 -7.18469822e-01  5.78533841e-01
 -1.25599299e-01 -9.88289141e-01 -1.44947398e-01  2.67913922e+00
  8.11607398e-01  5.97246196e-02 -8.19292526e-01  5.09258116e-01
 -5.71910464e-01  2.24274887e+00  7.10934684e-01 -1.08890336e+00
 -1.59708090e+00  2.71988881e-01  1.17555432e+00  3.45422557e-01
 -7.70003883e-02 -1.20926606e+00  1.56638758e+00  9.24611024e-02
  6.38949766e-01  1.51465148e+00 -3.37545734e-01 -1.28637729e-02
 -3.84121135e-01  9.19269670e-01  1.06746778e+00 -6.83396086e-02
 -7.79188115e-01  1.95324401e+00  1.33087085e+00 -5.69240410e-01
  9.51446891e-01 -4.39712788e-01  9.53679514e-01  1.39724497e+00
 -1.44126484e-01  4.20530871e-01  4.87308128e-01 -1.48953522e+00
  2.53744214e-01  2.06860294e+00  6.79047951e-01  1.27198900e+00
  4.10703967e-01  5.88414612e-01 -8.54145647e-02  3.92594411e-01
  3.92752715e-01  1.69879201e-01 -3.71286362e-01  1.53702668e-01
  1.95509181e+00  3.33763737e+00  6.11781254e-01 -3.85374605e-01
 -8.06010431e-01 -3.61801073e-01 -3.77985285e-01  7.27504201e-01
 -4.35058762e-01  4.86061141e-01  2.84902213e-03 -1.41342742e+00
 -1.47885204e+00 -1.51868525e-02 -6.07637272e-01 -1.03377764e+00
 -1.04277191e+00 -2.47196771e-01 -8.94025837e-01  1.72320263e-01
  1.26444374e+00 -1.30067737e+00 -1.33403501e+00  9.27039064e-01
 -5.45312763e-01  8.47071229e-01 -1.56035805e+00 -1.12184797e+00
  1.08577930e+00  8.11878032e-01  1.57587614e-01  8.93536938e-01
 -5.36603667e-01  1.05650895e+00 -1.51820294e-01 -2.59026689e-01
 -5.77292354e-01  6.93736958e-01 -2.03627624e-01  9.61987837e-01
 -4.74500348e-01 -6.03302041e-01  2.76712519e-01  8.87834351e-01
 -7.35026530e-01 -7.80629434e-01  8.01397198e-01  1.07274523e+00
  7.05092758e-02  2.23111713e-01  1.96938538e+00  2.08052628e+00
 -1.69831488e-02  1.56720236e+00 -1.58388187e-01 -1.26898202e+00
 -1.13708474e+00  1.64318413e+00  1.03370324e+00  9.25439407e-01
  3.43572855e-01  7.16876495e-01  3.84286999e-02  1.55853573e-01
  2.30424117e-01 -8.87059327e-02  5.73288784e-01 -3.89933823e-01
  9.43468280e-01 -1.25458237e-01  2.69936741e-01  2.60131376e+00
  9.90493560e-01 -1.16375259e+00  6.42097225e-01  2.46394406e-01
 -1.03044244e+00  6.47378241e-01  6.35000900e-02 -5.78841725e-02
 -5.40483609e-01  8.00707365e-01  6.88165999e-01 -9.21798952e-01
  2.20519035e+00 -1.40518249e+00 -7.07525444e-01  1.83651420e-01
  4.00116765e-01 -2.84493475e-01 -2.73983314e-02 -3.60380896e-01
 -9.16824388e-01  7.98953485e-01  2.03589677e+00 -1.32070147e-01
  5.29806455e-01  1.50627452e+00 -6.97877716e-01  1.87450367e+00
  2.11537121e-01  7.45977501e-01 -8.12723097e-01  1.50888229e+00
 -6.26520650e-01 -9.52141316e-01  8.13132709e-01  1.02019054e+00
  7.76575406e-01 -1.89761267e+00  9.10960664e-01  1.83655771e+00
  6.22872644e-01  8.01669745e-01 -6.32823859e-01  8.56466921e-01
 -1.11561750e+00  9.06178405e-01  1.90625679e-01  2.50747115e+00
 -1.83439209e-01  9.89863781e-01 -3.68847705e-01 -7.58275816e-01
  5.19238031e-01 -2.42182057e-01  2.58061898e-01 -6.12284055e-01
  3.32819311e-01 -4.52001773e-01 -1.79030089e+00  8.29294930e-01
  5.20373572e-01 -5.99853382e-01  1.51506379e+00  3.34855652e-01
  6.75795124e-01 -3.89375549e-01  9.93407737e-01  7.30375606e-01
 -2.87453195e-01 -8.35529007e-01 -5.66835456e-01 -1.46247550e-02
 -5.78954224e-01 -1.24755324e+00  1.03696355e+00  1.73276536e+00
 -6.52679695e-01 -1.03796759e+00 -3.66053312e-01 -2.45508710e-01
 -6.83361234e-01 -6.80909420e-01  9.26493512e-01  1.32558177e+00
  2.12810334e+00  8.25761177e-01 -1.02096653e+00  1.60158236e+00
  2.33056132e+00 -7.82321945e-01  1.81996594e-01 -1.32732867e+00
  9.40957803e-01  1.11571680e+00 -4.44211745e-01  1.71879573e-01
 -5.02577192e-01 -1.07460883e+00  1.48110775e+00 -8.80301440e-01
 -7.66802133e-01 -5.20302333e-02  2.57844632e-01 -1.79610023e+00
  5.18866136e-01 -4.65694661e-01 -3.82270463e-01  2.53012751e-01
 -2.90099548e-01 -4.23332174e-01  5.67340242e-01  7.91304810e-01
 -1.94880374e+00  4.19863401e-01 -1.78040297e+00  3.13792517e-01
  1.39053532e+00 -4.74026857e-01 -6.42176119e-01  3.33980380e-01
 -3.57957550e-01 -1.70617932e+00  8.38072507e-01 -2.41758470e+00
  2.10310007e-02 -3.96524912e-01  1.21224388e+00 -2.11500924e-01
  7.44827244e-01  7.83897826e-01  1.04549385e+00  1.07461248e+00
  1.96885768e-01 -1.89599712e+00 -1.38132509e+00  4.51402686e-01
 -5.22036457e-01  2.82944245e-02  6.96777832e-02  9.05764637e-01
 -1.39796716e+00 -7.05514095e-01 -1.27637590e+00  1.47000027e-01
 -1.13125709e-01  9.71034066e-01  3.73373281e-01  1.16731073e+00
  1.22387267e+00 -1.24606901e+00 -8.37035050e-01 -1.31407990e-01
 -7.26585975e-01 -1.14773501e-01 -8.58755969e-01 -1.80240889e+00
  1.32045863e+00  2.79945202e-01  1.81222435e-02  6.23768172e-01
 -1.91118328e+00 -1.55303085e+00 -1.06625120e+00 -1.33443909e+00
 -5.54616725e-01 -9.37222870e-01 -6.64547636e-01  1.93707338e+00
 -1.83247945e-01 -1.19284696e+00 -7.65206176e-01 -1.35513376e+00
  7.40716969e-01 -1.74515797e+00  9.87204717e-01 -2.30658651e-01
 -1.78213335e+00 -8.00315150e-01  1.52378903e-01 -1.65663351e+00
 -7.20651274e-01  8.05603575e-01 -1.39658132e+00  5.85483073e-01
 -5.13541810e-01 -3.42938077e-02 -3.82301665e-01  9.50354025e-02
  2.82660199e-01 -7.96859468e-01  5.38069337e-02 -5.33725001e-01
  1.19154719e+00 -1.37292314e-01  8.55118025e-01  1.21086411e+00
 -7.69298101e-02  1.92717895e-01 -7.99685217e-01  2.04161099e+00
 -8.47155712e-01 -6.15697534e-01  1.77944494e+00 -7.86545157e-01
  7.52443239e-01 -1.46307640e-01 -3.75011316e-01  5.46814374e-01
 -1.30880252e+00  3.94850570e-01  2.92721846e-01  7.03223203e-01
  7.62972518e-01 -1.11781698e+00 -3.62622665e-01  1.71430156e+00
 -4.82339741e-01 -4.49891703e-01 -2.01682544e-01  2.56774737e+00
  5.42223427e-01  4.66798646e-01  1.96880804e+00 -2.08468414e+00
  7.45645165e-01 -1.28890589e+00 -4.04669924e-01  1.42726704e-01
 -5.82740278e-01 -3.63263438e-01 -1.43026735e-01  1.14147168e+00
 -1.48626820e+00  3.05945658e-01 -1.09190549e+00 -4.60358920e-01
  1.98804710e+00  4.11470565e-01 -6.28810310e-01 -7.17737687e-01
 -1.12968171e-02  1.49229440e+00 -1.12712233e+00  1.07162966e+00
  2.27058880e-01  7.89737994e-01 -2.37952528e-01  1.70221088e+00
  8.77608301e-01 -2.59689127e-01  5.58205934e-01 -5.29807929e-01
  3.76645518e-01  3.41596667e-01  9.17923212e-01  1.40773991e+00
  1.55272046e+00  2.62325522e-02 -6.14831404e-02  6.67143102e-01
  4.02946532e-01  6.75887664e-01  6.76391580e-01  3.79951384e-01
 -2.17403353e+00 -9.69931474e-01 -1.11464892e+00 -3.06417258e+00
 -1.14828012e+00  1.39420514e+00  7.84791202e-01  1.13192942e-01
 -8.90413946e-01 -1.39541667e+00 -1.48010948e+00 -6.63564333e-01
 -2.67262191e+00  3.04388601e-01  6.57016506e-01 -1.03749594e+00
 -7.30382816e-01  3.09447094e+00  4.00910631e-01  2.48602534e+00
 -1.57694071e-01  6.15228687e-02 -1.18774437e+00 -8.19816427e-01
  4.18297345e-02  1.81514852e+00  1.76220075e+00 -1.42063079e+00
 -3.97634588e-01 -5.67466130e-01 -1.29190775e+00 -7.18048985e-01
  5.84229442e-01 -1.06191524e-02  7.20022992e-01 -1.15891259e-01
  2.23741166e+00  1.23394055e+00  1.09868228e+00  1.44037595e-01
 -1.99147915e-01  1.66209980e-01 -2.83430297e-01 -1.14387291e+00
 -1.77233269e+00 -4.00509199e-01 -3.61258811e-01 -1.15724710e+00
  2.91841417e-01 -1.16622509e+00 -6.03968522e-01 -2.21460519e-01
 -1.33096907e+00  1.64352439e+00 -7.50953813e-01 -3.68312014e-02
 -5.95502827e-02  1.40983495e+00 -9.89491445e-01  1.08484693e+00
  1.46306839e+00  5.31235054e-01 -3.91336694e-01  8.06994182e-01
 -4.20497827e-01 -5.07931844e-01  3.41993837e-01 -7.97779962e-01
 -5.17103586e-01 -1.05605286e+00 -6.34075397e-01 -3.58224782e-01
 -1.21613389e+00 -6.01444624e-01  9.98178595e-01  6.68114578e-01
 -1.15062490e+00 -1.29396227e+00  2.74874745e-01 -3.81171695e-01
  3.16232858e-01  1.09745613e+00 -5.76897107e-01  8.00934549e-01
 -4.07510372e-01  4.42899277e-02 -3.83478890e-01  2.17847538e-02
  2.94866776e-01  1.86525255e-02 -6.64878978e-01  3.32673102e-01
 -2.36759917e-01  3.57245291e-01  1.60642673e-01 -3.51971874e-01
  1.75121875e+00  1.64344770e+00  9.97120290e-01  1.24503365e+00
  8.43201440e-01 -1.52653585e+00  7.55517837e-01  1.12710728e+00
 -3.03856763e-02 -9.07280595e-01 -2.60266798e-01 -3.56465137e-01
  1.82247467e+00 -2.88385213e-01  4.51806052e-01  6.16474498e-01
  6.47806823e-01 -2.89291016e-01 -1.52746157e+00  5.50328637e-01
 -6.91766681e-01  9.25149491e-02  2.32488199e-01 -1.17123206e+00
  2.23049155e+00 -1.02814432e+00  1.00289824e+00  1.52181804e+00
 -1.31898129e+00 -5.56427126e-01  2.62035480e-01  1.82583568e-01
  5.17420953e-01 -1.25033233e-01 -1.55271875e+00 -2.62886696e-02
 -2.94943380e-01 -1.98771627e-01 -2.56334481e-01 -4.97093870e-01
  9.04390537e-01  1.86511253e-01 -8.71703562e-01  6.97005573e-01
  5.28613777e-01  6.20862204e-01 -8.62615109e-01  1.49856987e-01
  3.50209273e-01  4.93454008e-01 -1.27768657e+00  3.19700234e-02
 -6.48524257e-01  5.91857298e-01  5.23936331e-01 -2.03808740e-01
 -3.85355387e-02  4.59969723e-01  1.47541894e-01 -9.93707752e-01
 -2.62974265e-02 -2.18345148e+00  1.65423434e-01 -2.61675170e+00
  1.23628501e+00 -2.73150928e-01  4.15678841e-02 -1.25216331e+00
  1.32524220e-01 -1.19356532e+00  1.45371296e+00  1.46639024e-01
 -1.33859473e+00 -8.03008917e-01 -6.83455268e-01 -2.91173248e-01
 -1.26075300e+00  1.58169049e+00 -1.20577029e+00  3.24598963e-01
  7.55389542e-01  1.48357500e+00  7.58634254e-01 -2.10869437e+00
  1.36303193e+00 -2.78110145e-01  4.68928847e-01 -1.03703905e+00
 -1.14438506e+00 -2.14903704e+00  8.75225895e-01  5.69466821e-02
 -5.39494366e-01 -6.33264699e-01  1.58794311e+00 -7.73186188e-01
  2.18342684e-01 -1.40395415e-02  4.71521314e-01  3.44919984e-01
  5.22432919e-01  2.43083873e+00  9.81759371e-01  1.39104096e+00
  8.98831161e-01 -6.07080793e-01 -1.48000874e-01 -1.62293532e+00
  6.59294610e-01  3.93471364e-02  8.38928752e-01  1.38647502e+00
 -1.40047673e-01  1.73664631e+00 -1.59182699e+00 -2.28835731e-01
  3.32758118e-01  1.84914901e-01 -1.00648340e+00  5.41154080e-01
  1.37169196e-01  2.10956759e+00  3.06699571e-01  1.37698802e+00
  8.46303765e-01 -1.26430555e+00  1.96201543e+00 -2.41005486e-01
  2.30136101e+00  1.40451222e+00  6.77688587e-02  2.76153131e-02
  1.92877841e+00 -3.97912625e-01 -7.26605879e-01 -5.60959826e-01
 -5.46906826e-01 -1.83980248e-01 -2.42832939e-01 -1.35887486e-01
 -1.70090144e+00  4.92839370e-01  1.16610044e+00 -1.24263430e+00
 -6.15358572e-02  1.30991290e+00  7.94554381e-01 -3.03510535e-01
 -6.35955615e-01 -9.55612977e-01  3.83596334e-02  9.33353733e-02
 -4.56656886e-01 -2.52446274e-03 -1.96979162e-01 -2.39814922e-01
 -1.49647171e+00  4.43252218e-01 -1.45848693e+00  6.93492421e-02
 -1.78567373e-01 -1.13365918e-01 -6.72319501e-01  6.56772802e-01
  4.71850292e-01  8.49442978e-02 -8.56203994e-01 -6.74991521e-01
 -1.32672611e+00  2.81900819e-01 -1.62828588e+00 -4.55240122e-01
 -2.50514852e+00  2.23264154e-01  1.78761727e+00  1.50052515e+00
 -8.11318057e-01 -3.01128634e-01 -4.17142186e-01  3.16535606e-01
 -3.93117834e-01 -1.16056152e+00  5.20186652e-01 -1.14938618e-01
 -1.16177988e+00 -1.44345316e+00 -7.72376291e-01 -8.93907068e-01
  3.92584939e-01 -4.31925034e-01  1.25276980e+00 -1.05207433e+00
 -1.41454205e+00 -1.89592979e+00 -6.53260037e-01 -5.22268538e-01
 -1.41815585e+00  1.55268883e+00  2.29781052e+00 -7.87179862e-02
  2.18399654e-01 -1.06030326e+00 -3.37884038e-02  4.99956004e-01
 -1.04209794e-01  9.85330444e-01  7.52095917e-01  1.04521903e+00
  4.92149494e-02  8.13628905e-01  1.30798978e+00 -3.58716981e-01
  5.68628391e-01  8.56400975e-01 -2.00612562e+00 -8.11224968e-01
 -2.47043383e-01 -3.66476099e-01 -1.89758129e+00 -9.47449118e-02
 -1.13328811e-01  4.21410841e-01  9.17162540e-01 -1.04814548e+00
  8.86755525e-01  1.40861076e+00 -2.84277205e-01 -1.04041445e+00
  5.10682629e-01  6.32991258e-01  4.72498548e-01  9.51728616e-01
  2.32446551e-01  1.34756955e-01  9.56919631e-01  7.59633394e-01
 -6.72292884e-01 -9.19698919e-01  1.83643297e-01 -9.86172330e-02
  5.13195948e-01 -8.03909217e-01 -6.31933076e-01  2.29073254e+00
 -1.38056043e-01 -1.17986479e-01 -6.74624046e-01 -8.57640160e-02
  9.88275364e-01 -2.06606318e-02  7.88702120e-01 -1.03910983e+00
 -1.30037051e+00 -7.89186992e-01 -7.64494821e-01  1.20073881e+00
 -1.85835440e+00 -9.38839613e-01 -4.23422897e-01 -1.77894006e+00
 -1.20711238e+00  1.35474728e+00 -4.54969735e-01 -2.08596783e+00
 -1.85713561e+00 -5.62079505e-01  1.94489555e-01 -1.19912186e+00
 -1.53492388e+00 -2.12042679e+00  1.79698159e+00  2.89412950e-01
  7.83325102e-01 -1.17761961e-01  1.17024009e-01 -8.83665263e-01
 -1.00219479e+00  6.43063285e-01  2.39436818e+00  4.79644137e-02
  3.79486598e-02  1.78507299e+00 -3.68605977e-01  3.46338360e-01
  9.18986404e-01 -1.34629780e+00 -1.30130975e-01 -2.11440341e-01
 -1.16623748e+00  2.88490825e-01  1.50294224e+00  3.66149746e-01
 -2.62097769e-02 -3.22757776e-01 -3.97182353e-01  6.78061007e-01
  9.58113518e-01 -9.31701492e-01  7.96696459e-01  6.75261178e-01
  1.67724261e-01  1.08070268e+00  3.95202268e-01 -2.60253894e+00
  1.58884412e+00 -5.96776088e-01 -3.60658374e-01 -4.85949088e-01
 -2.19917087e-02  9.93174804e-01 -1.14281549e+00  1.26376252e+00
  3.49002032e-01 -1.79524590e+00  1.18049684e+00  1.42932679e+00
  4.41177113e-01 -2.95263726e-01 -5.51543152e-01  3.05491816e-01
  6.39305662e-01  4.80554014e-01  3.56072274e-01 -4.77717897e-01
  9.15781058e-01 -1.22825477e+00  1.18589137e+00  8.51268993e-01
  4.78092876e-01  2.05685421e-01 -4.42056083e-01  2.40142168e-02
 -1.80719552e+00 -6.11435982e-01  1.02893589e+00  2.90785837e-01
 -1.50610552e+00  4.19095103e-01 -1.60133906e-01 -6.55589631e-01