-4.97314729e-03  1.13865622e-01 -2.53232017e-01  4.59115832e-02
  2.11933080e-01 -2.07437037e+00  4.49900639e-01  8.05819594e-01
  5.89654607e-01 -2.71441846e+00 -4.06397848e-01  4.12059586e-01
 -1.14504898e+00  1.34836769e+00 -1.40678469e+00 -2.99254154e-02
 -1.00551893e+00 -7.59189461e-01 -4.83121246e-01  3.03699047e-01
 -2.03902797e+00 -9.02745373e-01 -1.21176789e+00 -4.94023225e-01
 -2.31586395e-01 -9.78684799e-01 -7.67272623e-01 -1.03742581e+00
  8.35927231e-01 -6.80457728e-01 -6.23125457e-01 -5.40203157e-01
 -2.51504250e-01 -5.41536761e-01  7.08472658e-01 -6.83061481e-01
  1.40740545e+00  2.89738350e-01  3.06942392e-02  6.17082573e-01
  5.69102709e-01  6.20522394e-01 -3.65474753e-01  1.63106123e-01
 -4.91727354e-01  6.30828634e-01  1.16860456e+00 -1.09693743e+00
 -6.75993756e-01 -5.72089847e-02 -6.04270008e-02 -2.01476963e-01
  4.42559401e-01 -2.84035487e-01  1.80720669e+00  3.34222725e-01
  2.00029208e-01 -1.28701741e+00 -8.54799361e-02  1.99266114e+00
  7.44040001e-01  1.09708046e+00 -6.31968607e-01  1.11197977e+00
  4.50347113e-02  2.55068706e+00  9.34516076e-01  5.03991724e-01
  6.31140809e-01 -3.79605818e-03  8.03359260e-01  5.81315621e-01
  1.25857338e-02  3.46402030e-01 -1.04775066e+00  1.26442609e-01
 -2.63454451e-01  1.43112255e+00  9.64527139e-01 -8.36638930e-01
  3.51403298e-01  7.37263074e-01  7.19674572e-01 -9.36409206e-01
  1.80886967e+00 -9.72603978e-01  6.79263948e-01 -6.50672734e-01
 -9.47943524e-01  5.01906179e-01  9.35983628e-01  2.70728031e+00
  1.35953936e+00  1.26149924e-02 -1.03312956e+00  2.65941288e-01
 -4.21342473e-01 -1.27125928e-01 -5.64457646e-01  1.62560982e+00
  2.77895676e-01  1.61161466e+00 -3.19880832e-01  1.64778081e-01
 -6.66116844e-01 -1.72191424e+00  1.00812352e+00 -5.95770591e-01
 -7.56380773e-01  3.64603483e-01  1.19343127e+00  2.05854078e-01
 -1.15769506e+00 -7.91440970e-01  3.26239126e-01  8.70133236e-02
 -2.11439599e+00 -3.33251793e-02  8.52205991e-01 -1.15815961e+00
 -5.00619467e-01 -7.57505406e-01  1.32522462e+00  3.88238343e-01
  7.25020462e-01 -6.42822690e-01 -6.48203597e-02  8.60019772e-01
  2.18371397e+00  8.83147278e-01 -3.66826761e-01 -4.95514507e-01
  2.75784840e+00 -8.87008405e-01  3.79047574e-01 -8.60906349e-01
 -8.76481232e-02  1.32757274e+00  5.18728592e-01 -1.50262586e+00
  8.74762641e-01 -2.40982136e+00 -9.76658368e-01 -6.39108016e-02
  6.57826518e-01  4.83200624e-02  4.88645973e-01  3.26102186e-01
  1.45621486e+00 -2.94751905e-01  7.86395979e-01  9.31519999e-02
 -1.70017992e+00 -7.36908736e-01  1.66534643e-01 -1.15060775e+00
  4.24794140e-01  1.92905130e-01  3.54077506e-01  1.23850536e-01
  1.10613534e+00 -3.30863444e-01  1.53196274e+00  7.41122311e-01
  9.57866122e-02  1.08804446e+00  1.55784437e-02  2.12712187e-01
 -2.46465424e-01 -1.24758757e+00  5.52453677e-01  2.38548066e+00
 -1.60096786e+00  7.22046467e-01  9.08022801e-01 -8.57458334e-03
 -7.81551013e-01 -1.21090017e+00 -2.06867145e-01 -1.81910503e+00
  1.88308905e-01 -3.18763573e-01  1.19910503e-01 -1.07316467e+00
 -1.41812879e+00  3.06125068e-01 -8.63412058e-01  1.38613910e+00
  1.22651927e+00  1.70273531e+00 -5.60289609e-01  7.87723719e-01
  1.34224761e+00 -2.51056175e-01  5.29457182e-01  5.26062602e-01
  2.39284345e-01 -1.12655749e+00  3.08689236e-01  3.66973486e-01
  1.78179470e+00  1.61735458e-01 -8.11961650e-01 -8.00653417e-01
 -2.07238615e+00 -1.03173975e+00 -1.09656905e+00  1.02923689e+00
 -1.86132027e+00  1.80573894e-01  1.33565201e+00  7.02354877e-01
 -2.40406022e-01  4.69308699e-01 -1.20848716e+00 -4.96592033e-01
 -3.65094751e-01  1.09824491e+00  2.59050990e+00  3.61567482e-01
 -1.87929239e-01 -9.43644250e-01  5.65903050e-01 -1.46002166e-01
  1.02913033e+00 -8.32492523e-01 -1.32372505e+00  4.91809893e-01
 -1.21861397e+00 -7.37323734e-02  1.05798713e+00  5.80534410e-01
  1.04610898e-01 -1.84707809e+00 -2.11067109e-01 -3.36999422e-01
  2.77260023e-01 -4.75014853e-01  2.46178544e-01 -2.81826749e-01
  8.66034684e-01  1.45995875e+00 -7.51172119e-01 -1.29731223e+00
  1.48927336e+00  1.02429063e+00 -6.52570191e-01 -7.97689228e-01
 -4.16684933e-01 -1.80790169e+00  1.33731597e+00  3.13158651e-01
 -4.56851648e-01 -2.13954676e-01  1.35278880e+00 -4.38193323e-01
 -1.50229710e+00  9.87578554e-01 -1.68541537e+00 -1.46747715e-01
 -2.53862144e-01  2.67297329e-01  2.47017683e-01  3.29399841e-01
 -8.93471031e-01  1.11409952e-01 -5.19615297e-01  2.15824115e+00
 -7.89158971e-01 -2.23173429e+00 -8.33339027e-01 -1.67725331e+00
  4.89654063e-01  4.64657351e-01 -1.09155575e+00  1.83200435e+00
  7.42711319e-01  1.20222926e+00 -2.74391015e+00 -2.42778221e+00
 -5.48757106e-01 -2.18337912e+00  4.72307444e-01  1.75248356e-01
 -4.22705877e-01 -5.81818577e-01  2.01511468e-01 -7.18201904e-02
 -6.95478810e-01  1.92227173e+00  1.09093102e+00  2.40265766e+00
  5.82803310e-01 -7.18972381e-01 -8.96541219e-01  1.14772332e+00
 -1.20977682e+00  1.65691250e+00 -1.10612906e-01 -4.01325110e-03
 -9.33115991e-01 -1.14180561e+00  1.60560049e-01 -5.74541457e-01
 -2.87789513e-01  8.51910619e-01 -5.77466926e-01 -1.38962195e-01
  1.56333871e+00 -1.02866492e+00 -3.31346926e-01 -6.65954432e-02
 -2.65875063e-01  9.58078715e-01 -1.08486480e+00  1.91153091e+00
  5.38739801e-02  7.86471878e-01 -8.69029804e-01  3.35563585e+00
 -7.96099384e-01  1.05424869e+00  1.81392127e-02  3.78110073e-01
 -1.11470776e+00 -4.87584566e-01  1.04126873e+00 -1.74183742e-01
  1.58309840e-01 -4.30632292e-01 -6.55411529e-01 -1.04932003e+00
  4.22372255e-01 -1.25004871e+00 -2.42061026e+00 -3.99479603e-01
  4.95870086e-01  4.29834558e-01 -3.17152941e-01 -8.13001014e-01
 -9.63863629e-01  7.79275490e-01  4.18606189e-01  2.61809765e-01
 -7.63970339e-01 -4.97589499e-01 -9.08354050e-01  5.10890441e-01
 -1.34149259e+00  8.03008926e-01  3.29550280e-01  3.46448852e-01
  9.97942276e-01  1.67117649e+00 -1.96499845e-01  5.11533356e-02
  1.08084612e+00  2.37321526e-01 -6.01639175e-02 -6.45688424e-01
 -1.31226928e+00  6.05224332e-01  1.24070212e+00  8.53243953e-01
  4.66002678e-01 -1.40284674e+00  7.76798818e-01 -1.46640281e-01
 -8.75069405e-01  5.57845495e-01  1.81198994e+00 -8.19339686e-01
  7.23189000e-01 -2.85354531e-01 -2.34889101e+00  1.38365561e+00
 -5.18857415e-01  1.15515760e+00 -1.21347878e-01  9.94400893e-01
 -2.24825527e+00  7.18802977e-01  1.37886413e+00  9.83182486e-01
 -3.40872331e-01  1.15225861e+00  1.25913098e+00  2.04543663e-01
 -5.54814643e-01  1.33897329e-01  9.46225102e-01  3.36365562e-01
 -1.21605915e+00  1.16328760e+00  2.84816072e-01 -1.34856533e+00
  6.01010146e-01  2.09129993e-01  1.00859932e+00  3.11750102e-01
 -4.57231027e-02  9.47717075e-01 -1.24746384e+00 -1.45132580e+00
 -6.31833995e-01 -4.46952150e-01 -1.46366034e+00  9.55077263e-01
  1.02367158e+00 -2.87656205e-01 -1.44722312e+00  1.39232289e-01
 -5.90752053e-01 -6.49225683e-02  2.43791172e-01  1.46439291e+00
 -6.21104536e-01 -9.44665705e-01 -2.67514020e-01 -3.61447071e-01
  8.31186838e-01 -1.53824205e+00 -1.45022740e+00 -1.17024759e+00
 -7.31825151e-01 -6.50379808e-03 -2.18874940e-01 -1.18188304e+00
  9.20110517e-01 -3.65734107e-01 -4.67055180e-01 -1.15708656e+00
  2.69377609e+00 -1.40770884e-02  1.55071371e+00 -1.05748637e+00
  2.28611684e+00  7.07680781e-02 -3.58910843e+00  2.76468990e-01
 -2.84889799e-01 -1.04395348e+00 -1.67576103e-01  3.49485793e-01
  1.16340037e-01 -2.90995494e+00 -3.72175373e-01 -2.17638136e-01
  1.38003158e-01  2.75149748e-01  2.57229644e-01 -5.15065085e-02
  2.65579106e-01 -3.35845560e-01 -5.50815368e-01 -6.59482756e-01
 -3.45440862e-01  3.76788136e-01 -8.20268225e-01  5.79937163e-01
 -1.05926279e-01 -6.50173410e-01  3.76172090e-01 -1.59532525e-01
  1.21269113e+00 -2.67592998e+00 -6.02190719e-01  5.73655791e-01
 -4.94183292e-01 -2.06578843e+00  6.41767419e-01 -1.46331870e-01
  7.54943354e-01  9.38306701e-01  1.19745809e+00 -4.30001431e-01
 -1.50946933e+00  2.20174750e-01  6.67594642e-01  1.03728246e+00
  8.19577181e-01 -1.97426349e-01  3.45911311e-01 -1.62826888e-01
  3.84712746e-01  3.47323682e-01  1.10359302e+00 -1.06956881e+00
  2.97465884e-01  1.22180626e+00 -1.03772368e-01 -1.38374366e+00
  1.31144437e+00 -4.17485229e-01 -6.91675541e-01  8.02596094e-01
  3.18020036e-01  2.70052649e-01 -9.57330066e-01 -2.74973081e-01
 -1.75269788e+00  7.22668617e-01  1.25561806e+00  6.36367456e-01
  4.15911279e-01 -2.79136040e-01  1.57929677e+00  1.78531241e-01
  1.12469403e+00 -5.05932549e-01  6.76433488e-01  2.74841657e-01
  1.49868553e+00  1.52168371e-01 -1.03222586e+00  7.20680171e-01
 -6.54874462e-01 -2.35407007e-02  2.35565992e+00 -4.64505905e-01
  1.21100559e+00  1.06564854e-01  1.01648920e+00 -4.37470870e-01
 -9.19293955e-01  8.98964996e-01  1.59662522e+00  1.69398248e+00
 -1.55611957e+00 -2.35189319e-01  2.07864152e-01  4.95660594e-01
 -4.75384003e-01  1.20292238e+00 -1.08809131e+00 -4.80492703e-01
  1.17063597e+00 -9.22171044e-01  3.19652034e-01  2.10887585e-01
 -2.54232059e-02 -7.09382457e-01 -1.48651714e-02 -5.43584100e-01
 -1.39214158e-01 -9.79764706e-01 -6.07121528e-02 -1.55881141e-01
  1.40138408e+00  2.62483912e-01 -8.42480364e-01  1.37960781e+00
 -6.33489090e-01  4.36072695e-02  5.99344694e-01  3.98407104e-01
 -1.32349728e+00  1.27895415e+00  8.30741374e-01  6.70754355e-01
 -6.60601309e-02 -2.35012738e-02  7.14300309e-01 -4.31671778e-02
 -1.34576712e+00  6.58563823e-01 -1.92494453e+00 -9.12382096e-01
  3.16141166e-01  1.04312855e+00 -3.00293220e+00 -8.45473485e-01
 -1.57968995e+00 -6.37744677e-01  1.03313465e+00 -2.71598414e-01
 -7.95868999e-02 -9.11305035e-01 -6.71944198e-02  1.36965478e-01
  3.75565891e-01 -3.50779915e-01  3.42752658e-01 -7.23397777e-01
  3.47255860e-02  3.74165688e-01 -3.82302952e-01  5.96103462e-01
 -1.22448009e+00  5.75748769e-01 -1.31516550e+00  2.02473997e+00
  1.54981085e-02 -3.94412168e-01 -8.74963540e-01 -1.43349114e+00
 -1.00414483e+00  2.86501635e-01 -1.24647002e-01 -6.40512285e-01
 -5.39155373e-02  5.89084464e-01 -1.06083721e+00  1.17789377e+00
  1.60025959e+00 -1.57967877e+00 -2.90423710e-01 -1.20517924e+00
  5.91547509e-02 -1.07233252e+00  9.11726916e-01 -3.65144813e-01
 -1.79496745e+00 -2.25092148e+00 -4.22093549e-01 -9.11400913e-01
  2.22224834e+00  1.25222776e+00 -2.18481350e-02 -2.34474143e+00
  1.42143868e+00  4.83600076e-01 -4.90933796e-01  2.20220341e+00
  2.02568078e-01 -9.62715959e-01 -1.37552685e+00 -4.21261638e-01
 -1.26820257e+00  7.98535935e-02  8.57450687e-01 -7.23574576e-01
 -1.18475390e+00 -4.98115750e-01 -8.09760202e-01  2.10421363e+00
 -1.75560095e+00 -2.09787616e-01  5.68962076e-01 -1.82114586e-01
 -1.88688106e+00  1.37508883e+00 -2.54084607e-01 -3.38137313e-01
 -7.06093678e-01  3.18326126e-01  1.42601779e+00 -8.26842938e-01
 -2.19458978e+00  1.25950763e+00  1.28413668e-01 -1.89770824e+00
  1.17776332e-01 -9.88565567e-01 -1.14090210e+00 -1.07207776e+00
  5.53159597e-01  4.53803362e-01  1.41941717e+00  4.43512603e-01
  3.77904663e-01  2.37889053e+00  1.61870596e-03 -5.94466187e-01
  3.30537081e-01  2.95276731e+00 -1.44275629e+00  8.30352577e-01
 -5.02072687e-01  2.07891985e+00 -5.53152815e-01  6.66509064e-02
 -8.18140375e-01  4.34870878e-01  2.37320162e-01  1.62446943e+00
 -8.77595494e-02 -8.53469988e-01 -6.47088966e-01 -4.89608369e-01
 -1.04466883e+00  1.25838934e+00  2.14629805e-01  9.77544073e-01
 -9.61019261e-01 -1.07584838e-02  1.67850558e-01  9.42678385e-01
  4.32194664e-01  3.86292789e-01 -7.78123824e-02  7.56431755e-01
 -6.13136995e-01 -6.16474721e-01 -8.54775781e-01  5.74009151e-01
  6.02494419e-02 -5.53967166e-01  5.95316771e-01 -2.34631769e-01
 -1.00988686e+00 -1.66355379e+00  1.64948159e+00  1.55503484e+00
  6.90845093e-01 -2.78133782e-01 -1.00260943e+00  9.19135105e-01
 -7.87120806e-01 -6.06131405e-01 -4.24739379e-01  1.23887491e+00
  3.16354306e-01  1.03812228e+00 -4.19250870e-01  2.69083035e-01
 -1.23036581e+00 -3.77740986e-01  2.23013919e+00 -1.27962244e+00
 -1.04988823e+00  1.34506483e-01  1.82217934e+00 -1.75201142e+00
  2.07216717e-01 -8.35018177e-01 -4.77568988e-01 -6.41089202e-01
  4.41875328e-01 -1.11072667e+00 -1.52302979e+00 -1.26694567e+00
 -1.97792961e-02  3.21579511e-01  1.37067030e+00  1.32625513e+00
 -1.41047938e+00 -1.30713002e+00 -1.28204967e+00 -7.22727065e-01
  1.06539724e+00 -6.90750079e-01 -5.91153096e-01 -1.67169889e+00
  9.22455506e-01 -1.28970705e+00  4.24579594e-01  3.09708000e-01
  2.03544098e+00  3.64617156e-01 -8.96446011e-02  1.01219846e+00
  6.24620170e-02 -5.89140155e-01 -3.27506516e-01 -9.76093622e-03
 -1.62894941e+00 -1.01065312e+00 -3.29082328e+00 -2.98333910e-01
 -1.16513466e+00  6.82360257e-01  1.23322893e-01 -6.06254232e-01
 -1.42504130e+00 -2.03774692e-01  4.56522292e-01  6.06312217e-01
  7.64837866e-02 -4.22989485e-01 -8.99889981e-01 -1.31645637e+00
  1.27211650e+00  1.05465882e-01 -3.55711361e-01  5.30329613e-01
  7.70917909e-01  4.03834269e-01  1.25093605e+00 -1.54112265e+00
  1.99969524e+00 -1.84426645e-01 -1.50167698e-01  6.21840930e-01
 -4.69281475e-01  2.38613566e+00  4.00373943e-01  1.16057800e+00
  9.17325656e-01 -4.01336443e-02  6.93764426e-01  1.33569172e+00
  2.33059656e-01  8.94239331e-02 -1.11198104e+00  9.41273183e-01
 -7.57187552e-01 -1.39256962e+00 -5.20152071e-01  1.04187465e+00
  1.94529905e-01  1.52861390e+00 -4.55048429e-01  1.33141344e+00
  8.81033614e-01 -2.20293300e+00 -4.20517626e-01  4.45050426e-01
 -1.41848880e+00  7.49508158e-01  1.24000116e-01 -5.41864987e-01
 -1.32729386e+00  1.00280287e+00 -3.19563383e-01  2.86066112e-01
  5.60663733e-01  1.15730475e+00 -1.54182674e+00 -1.49778770e+00
 -1.32752084e+00 -1.68883639e+00 -9.99762065e-01 -1.90076488e+00
  1.89237383e+00 -1.35266686e+00  4.41220470e-01  4.81691494e-01
 -2.58218330e-01 -1.39496048e+00 -4.98799750e-01 -8.85031326e-01
 -5.77245475e-01  6.55472186e-01 -2.21910906e+00 -6.62415448e-01
 -6.03635067e-01 -2.44799783e+00 -3.06496341e-01  7.04680321e-01
  6.26545720e-02  1.01307488e+00 -2.53484272e-01 -2.69027686e+00
  2.94537572e-01 -9.28715682e-01 -4.74623634e-02  1.74621837e-02
  9.51770087e-01 -1.16838886e+00  1.40333338e-01  3.35626984e-01
  5.72589211e-02 -4.11447077e-01  1.21392789e+00  1.24221010e+00
 -1.01963211e+00  2.98290956e-01  2.75511884e-01  1.64046460e+00
  1.42860561e+00  1.72070954e+00  2.19780130e-01 -1.51257610e-01
 -7.24898630e-01 -7.62216739e-01 -1.40353934e+00  1.78046963e+00
 -2.46124033e-01 -4.71585561e-01  1.16727782e+00 -1.72936199e-01
 -2.73323150e-01 -3.52666834e-01  8.09309583e-01  1.46786690e+00
 -1.39312879e-01 -8.99852474e-01  4.93732432e-01  5.80410473e-01
  1.25415037e+00 -2.78792465e-01 -3.47737907e-01 -1.81739916e+00
  3.55396672e-01 -4.79610141e-01  1.09807095e+00 -1.70127694e+00
 -1.00421664e-01 -1.46737813e+00 -2.34547381e-01 -1.57629618e+00
  9.20618962e-01  1.62842079e+00 -5.51165686e-01  1.02967134e-01
  1.12699133e-01 -7.25404593e-01  4.72423068e-03 -5.48090493e-01
 -2.07009249e-01  5.38708254e-01  1.63806639e+00 -1.61120142e+00
  4.62676210e-01  8.51098747e-01  1.33372310e+00 -1.21085897e+00
  1.32651355e+00  1.06996553e-02 -3.19653708e-01 -2.94929845e-03
  6.90405855e-01 -5.57011500e-01 -1.53895903e+00 -7.99897903e-01
 -1.31363537e-01  1.04906035e-01 -6.91686259e-01  8.79172045e-02
  8.95300850e-01 -4.04869077e-01  1.23922987e+00 -3.72253408e-01
 -5.94045463e-01  1.35181220e+00  4.83739453e-01  1.39775530e+00
 -1.51082591e+00  1.20700008e+00  4.91814824e-01 -4.24276187e-01
 -1.10544079e+00  6.63526346e-01  1.26899960e-01  1.38919208e-01
 -2.23415462e+00 -9.08465088e-02 -4.56515877e-01 -8.26372825e-01
 -1.03913775e+00 -6.90060940e-01  8.75063230e-01 -3.91330217e-01
 -7.80572386e-01  1.41346618e-01 -1.06776378e+00 -5.43582085e-01
 -1.55416952e-01 -5.79293520e-02  3.27252086e-01 -3.77392144e-01
  2.65308225e-02 -6.00753831e-01 -5.11015221e-01 -5.25829428e-01
 -2.24521783e+00  6.51252689e-01  1.01345794e-01 -1.68703606e+00
  1.22451013e-01 -1.54081975e+00  8.64129639e-01  4.34076738e-01
  3.71342908e-01  8.72678048e-01 -1.10636589e+00  2.28706376e-01
  2.34482012e-01  1.42265543e+00 -2.77154125e-01  3.43468426e-01
 -6.96505861e-01 -3.09787897e-01  6.73564049e-01  3.79655019e-01
 -8.82719122e-01  7.47198091e-04  1.29319104e+00  2.15933716e+00
 -2.28353874e-01  3.19083398e-01  8.18739497e-01  4.66233179e-01
  3.84108410e-01  1.32009223e-01 -1.31439263e+00 -8.08264591e-01
 -1.28394159e-01  5.20779824e-01  2.50427639e-01  8.53737840e-01
 -1.91921756e+00 -5.14063691e-01  8.26861305e-01 -6.23190587e-01
 -7.25748239e-01  2.12020915e+00 -9.08824773e-01  1.03874003e+00