 6.95886436e-01  3.61472287e-01 -7.55484326e-01  3.05507470e-02
 -3.45370449e-01 -9.03813703e-01  7.96930595e-01  8.80791325e-01
  6.87645040e-01 -5.31545567e-01  2.22639667e-01  2.65323170e-01
 -6.46915182e-01  6.22898646e-01  1.97222234e+00  4.78092927e-01
 -2.18867826e-02  1.70562556e+00  1.43941059e+00  2.02902647e-01
  1.16431433e+00 -3.09131640e-01  6.64086162e-01  9.96902244e-01
  1.98189085e+00  8.28443797e-02  4.56982795e-01  1.82652769e+00
 -1.36332024e+00  3.78743654e-01 -1.76646103e-01 -1.61244961e+00
  1.66272588e-01  1.25378874e+00 -2.34127413e-01  3.95243319e-01
 -2.21743074e+00 -4.19849232e-01 -1.30740947e+00 -4.19666218e-01
 -9.60385660e-01  8.24959166e-02  5.48205622e-01 -4.58797264e-01
 -1.43912352e+00 -3.05318004e-01  7.18444758e-01  6.83129989e-01
 -7.71189960e-01  1.65386991e+00 -5.99926266e-01 -1.20207792e-01
  1.50937483e+00 -4.41758781e-01 -4.34256877e-01  2.82057376e+00
  9.86321198e-02  1.23501809e-01  7.93257560e-01  6.84731765e-02
 -3.36026997e-02 -7.77599079e-01 -1.65531993e-01 -1.69735909e-01
  9.98110025e-01  9.02040625e-01  1.26405277e+00  4.19579201e-01
  2.34544943e+00 -3.89989589e-01  7.00418552e-02 -7.28122543e-01
 -4.22684510e-01  6.32055367e-01  4.22383291e-01  3.55711148e-01
 -1.02011435e+00  2.05749342e+00  2.93850139e-01 -1.52656174e+00
  5.82326827e-01 -1.59766744e+00  3.67344171e-02  5.40496941e-01
  7.92382308e-02  3.69056261e-01  5.52206411e-01 -4.07568913e-01
 -1.03407958e+00  8.09774978e-01  1.76901990e-01 -6.62695762e-01
  1.46118316e-01 -4.14771057e-01  3.11012511e-01 -2.61285268e+00
  3.04413946e-01 -1.33903795e+00  1.11241188e+00 -3.34810178e-01
  7.41724494e-01 -5.55123442e-01  2.60038529e-01 -4.77575055e-01
  5.51550293e-01 -5.30550758e-01  6.26302989e-01  4.71482582e-01
  5.02915333e-01 -1.90029214e+00  1.88335885e-01 -1.55099053e+00
 -7.98961378e-03 -1.83724146e+00 -6.29385807e-01  1.28741977e-01
 -1.48384700e+00  1.38604770e+00  6.11437674e-01 -5.29348102e-01
 -2.87524293e-01  1.32319825e-01  3.83135736e-01  1.39664589e+00
  1.18209695e-01 -1.13803778e-01  5.64138483e-01  6.92191525e-01
  7.80179263e-01  4.11957723e-01  3.67350848e-03  5.01592252e-01
  2.01969607e+00 -1.02804851e+00 -9.15024572e-01  2.45905597e+00
 -6.76164112e-01 -8.90103362e-01  9.46172564e-01  8.32186592e-01
  1.56640095e+00  1.97826887e-01 -8.66304324e-01  1.41424038e-01
 -8.66466315e-01  1.97982087e-01  1.26480174e+00  9.90794500e-01
  7.03267309e-01 -7.46384889e-01 -1.37905324e-01  2.63849057e-01
 -1.22977924e+00 -1.01134467e+00  7.37073540e-02 -6.72588490e-01
 -9.02237299e-04  9.14964317e-01  1.13638240e+00  1.71778717e+00
 -1.44966555e-01 -6.41785259e-01 -1.60193572e+00 -1.42123599e+00
 -2.28227183e-01  7.43321300e-01 -1.19642674e-01 -3.26972230e-01
 -2.94501892e-01  4.99241250e-01 -2.06381090e+00  1.57219574e+00
 -1.15719097e-01  1.64321214e+00 -2.83084613e-01 -3.19833741e-01
  7.61039090e-01 -7.95367807e-01  1.55195192e+00  1.06113399e+00
  2.22686104e+00  2.25238160e+00  2.09819945e-01 -7.91645508e-02
  1.40085385e+00  3.83787105e-01  4.21902752e-01 -8.21387178e-01
  6.34930980e-01 -8.10421056e-02 -2.15066181e-01  5.37132113e-01
 -1.25280836e+00  1.49991871e+00 -1.08803429e+00 -1.26341938e-01
  2.02032365e+00 -7.79690909e-01  2.70736940e-03 -1.68659743e+00
  2.86387856e-01 -8.40454987e-01  5.70333539e-01 -1.39395960e+00
  2.92667151e-01  1.85289311e-01  9.40420483e-01 -9.98689274e-01
 -1.37838433e+00 -1.62663070e+00 -2.16577820e-01  6.04573877e-01
 -4.92437154e-01 -3.97885556e-01  3.00446592e-01  2.59051103e+00
 -2.88150460e-01 -8.79094830e-01 -8.39860317e-01  3.27368022e-01
  1.61200979e+00  1.36803280e+00  2.80520740e-02  2.34817567e-02
 -3.93190872e-02  3.57352115e-01  3.63271886e-01 -8.45199146e-03
  1.17490579e+00  4.52164633e-01 -8.18817860e-01  1.65943456e+00
 -1.32372011e+00 -5.93760677e-01  2.20526121e-01  1.32302672e-01
  9.28361710e-01  6.44598244e-01  1.14454243e+00 -5.41120114e-01
 -1.17895781e+00 -1.19940778e+00  1.28900237e+00 -7.53709035e-01
  1.55005627e-01 -5.97903201e-01  7.66902257e-01  2.50584717e-01
 -1.21538342e+00  3.14614959e-01  7.92049462e-01  2.01884971e-01
 -9.49836997e-02  1.04601632e+00  1.69053051e-01  1.06603856e+00
 -1.47457968e+00  6.78131563e-01 -7.93494906e-01  8.81703555e-01
  6.55122596e-01  8.77666041e-01  2.40501899e+00 -4.77562200e-01
 -1.25936010e+00  1.63598086e+00  1.15128355e+00 -2.45635238e-02
 -1.06110617e+00  4.56844120e-01 -8.34833504e-01  1.45259928e+00
 -3.03564956e-01  1.65082588e-01 -4.61275046e-01  6.72193831e-01
 -7.09357395e-01  1.13250477e+00 -7.37098896e-01 -4.77719535e-01
  2.52052473e-01 -1.68022510e-01  7.35880353e-01 -6.80708909e-01
  3.93909154e-01 -3.85444522e-01 -1.45003604e+00  2.30526733e-03
  1.53934762e-01 -2.26925603e-01  3.75654161e-01 -8.05039299e-02
 -1.35465365e-01 -7.63653428e-02 -3.99462640e-01 -1.23687791e+00
  9.83842849e-01 -9.76516157e-01 -7.58024253e-01  8.76864349e-01
  8.15134948e-01 -5.56513635e-01 -8.09366168e-01 -8.14596966e-01
 -6.33123679e-01  1.17679826e+00  2.74559234e-01  1.06308010e+00
 -9.53113848e-01  3.79831368e-01  1.39443738e+00  1.11344864e+00
  8.39433181e-01 -8.45991678e-02  2.85619030e-01  6.00719006e-01
  1.37407106e+00 -2.97544896e-01 -1.30413052e+00  6.27478785e-01
  1.32830917e+00 -1.46959857e-01 -6.77660918e-01  2.99255722e-01
  4.08615633e-01  4.46047891e-01  1.59683121e+00  1.33626046e+00
 -1.96665157e+00  8.20549851e-01 -1.05485397e-01 -1.39321356e+00
  2.49211295e-01 -5.85814939e-01  8.18673769e-01 -6.43723220e-01
 -8.01896307e-02  1.03196670e+00  1.50133517e+00  1.15409924e+00
 -1.41236257e+00  1.86502414e+00 -7.12147114e-01 -4.26939104e-01
 -6.67520782e-01  1.38584661e+00  6.42544797e-01 -1.12580668e-01
 -1.25942315e+00  2.04123684e+00 -2.65094677e+00  1.14992401e-01
 -7.16247482e-02 -1.60706072e+00  1.45743217e+00 -1.63652970e+00
 -1.28089342e-01 -1.48212654e-01 -1.00440203e+00 -1.11591066e+00
 -8.72280853e-01 -6.55651573e-01  3.41114081e+00  1.13130192e+00
  6.63193333e-01 -1.09543018e+00 -1.79097189e+00 -7.20352311e-01
  1.81129816e+00  3.74409571e-01 -1.01977010e+00 -3.15591785e-01
  3.66888358e-01  2.23965785e+00  5.98305721e-01  5.49097588e-01
  7.41016325e-01 -2.23591546e-01 -1.65897472e+00 -6.97858278e-03
 -1.59149770e-01  2.30659319e-01 -1.00972208e+00 -6.41193973e-02
 -5.11056656e-02 -7.96016462e-01 -8.47413406e-01 -3.18082226e-01
 -1.32287809e+00 -1.02786268e-01 -1.35895234e-01 -8.40528988e-03
  5.42383634e-02  1.65272040e+00 -6.22337275e-01  8.70869449e-01
 -4.75015882e-01 -2.35306668e-01 -1.35546897e+00  9.50297219e-01
  1.93997989e-01 -5.65138607e-01  1.53788300e+00 -1.39903628e+00
  2.41608939e-01  9.82897161e-01 -7.46122892e-01  8.37910412e-01
  4.60957212e-01 -8.24354960e-03 -3.82253440e-01  1.62414227e+00
  5.25704439e-01  6.68295559e-01 -1.37116093e+00  1.61734486e-01
  1.61549343e+00 -2.18913910e-01  9.27655101e-01  1.00635499e+00
 -1.01220172e+00  1.46613206e+00 -1.61962707e+00  1.20383814e+00
  8.04681720e-01 -7.98893792e-01 -2.10517482e+00 -2.55958925e-01
  1.00103969e+00  1.11208191e+00 -3.66457542e-01 -8.95269138e-01
 -9.87751900e-01  2.43851293e-01 -5.21247367e-01  1.06463957e+00
 -6.49755851e-01 -2.92950689e-01 -1.57606483e+00 -1.12782928e+00
 -1.66390722e+00  2.53966559e+00 -1.08900915e+00 -7.21568465e-01
 -7.32741052e-01  4.61725227e-01 -2.03589200e-01  1.05349726e+00
  1.00668735e+00 -1.36862658e+00 -7.29846526e-01  6.62603538e-01
 -5.01578531e-01  1.51558392e+00  9.99571750e-01 -2.05846482e-01
 -7.19475388e-01  8.87156140e-01 -8.12671095e-01  5.67273404e-01
 -1.20366668e+00 -7.87440905e-01  7.59815810e-01  2.52626947e-01
  3.82837008e-01 -6.12049792e-01 -6.25124218e-01 -1.58726085e+00
 -2.46551280e+00 -4.61460109e-01 -1.91352091e-04  1.77459878e+00
  4.55883801e-01 -1.65770915e-01  2.32481258e-02 -7.99906512e-01
 -1.03508684e+00  3.98397959e-01  1.80438035e-01  9.72716263e-01
 -1.36469533e-01  1.21360220e+00 -1.02827383e-01  1.12328184e+00
  2.22569911e+00 -1.88078864e+00  8.12796930e-01 -6.24786563e-01
 -1.98171179e+00 -7.52896418e-01 -5.59659535e-01 -1.35222276e+00
  8.21016880e-01  9.35230488e-01  1.71003082e+00 -1.15790925e+00
  8.99068405e-01 -1.89282637e+00  2.19397488e-01  4.15885246e-01
 -5.91237896e-01 -1.19497875e+00  6.24019595e-01 -4.94227351e-01
  2.14065385e+00 -7.84120688e-01 -2.31198442e+00 -9.37216801e-01
 -6.10304615e-01  1.21675790e+00  1.56375526e+00  1.08832411e+00
  2.49760130e-01  8.18690740e-01  8.45231443e-01 -1.94218151e-01
 -5.45018133e-02 -5.00149557e-01  1.83882632e+00  3.23512013e-01
  1.13285718e+00  1.06743018e-01 -5.50134834e-01  1.87888837e-01
 -1.21661965e+00  6.31073046e-01 -8.82072352e-01 -1.02696157e+00
 -7.70562612e-01 -1.10530809e+00 -6.68660559e-01  5.83624890e-02
 -1.26154343e+00  1.00290416e+00 -5.41571135e-01  7.76580931e-03
  9.44135598e-01  1.47893439e-01  4.04871669e-01  1.65928832e+00
 -9.35268471e-01 -1.94513163e-01  1.08699133e+00  6.16897639e-02
  7.75149842e-01  6.64488121e-01  1.39238120e-01  1.99699977e+00
  7.32386135e-01 -2.06524065e-01  2.50753741e+00  6.68236311e-01
  1.44982888e-01  8.76727141e-01  1.06924857e-01 -1.55521470e+00
 -1.31021836e+00 -5.77243970e-01  1.69118623e+00  1.09779123e+00
  4.89095954e-01 -1.84259982e-01 -6.99716648e-01  6.02291727e-01
 -1.29387028e+00 -1.06963745e-02  2.01067207e+00 -4.25327315e-01
 -7.33558318e-02  4.41544156e-01 -1.39725065e+00  6.95551678e-01
  1.68318351e+00 -1.18800886e+00  6.14132887e-01  1.11417639e+00
  1.18746542e+00  3.57578469e-01  1.37325438e+00  9.25274991e-01
  3.23560174e-01 -4.60129578e-01  1.76176646e-01  1.81482250e-01
  3.26031565e-01 -1.23806573e-01 -4.96238198e-01 -9.69243118e-01
 -1.64113324e+00  2.82837310e-01  5.79697414e-01  2.86808443e-03
  1.49553803e+00 -8.28584634e-01 -1.08998420e+00  7.99463695e-01
  8.67159268e-01 -1.06012163e+00  1.81651566e+00 -2.64724839e-01
  9.15980785e-01 -8.72846114e-01  9.76885007e-01 -8.08247617e-02
 -3.74153925e-02 -4.27594834e-01 -1.04356431e+00  8.82058964e-01
  1.77134272e+00  3.11472472e-01 -1.35583074e+00  5.80824541e-02
  1.50523477e+00 -2.54224551e-01  4.04434064e-01  2.28039665e+00
 -9.50567682e-01  4.80406701e-02  7.01054155e-02 -1.01129881e+00
 -3.93979129e-01  1.45021124e+00 -3.86833299e-01 -6.89655832e-01
  1.94232843e+00 -4.87629787e-01 -3.98818036e-01 -6.13486223e-01
  3.18363795e+00  4.14291201e-04  1.09811686e+00  3.00451775e-02
 -6.69332084e-01  1.33883634e+00  1.04072956e+00 -1.47725433e+00
 -4.82015795e-01  5.04187005e-01  2.23459883e-01 -1.51170303e-01
 -1.23962976e+00  1.29344866e+00 -7.75544837e-01  8.86107404e-02
 -3.69223119e-01  2.41463798e+00  7.47881138e-01 -1.46807197e+00
 -3.20854615e-01  1.02763452e+00  3.56376134e-01 -7.36947121e-02
 -3.32195900e-01 -1.79077828e+00 -1.07856890e-01  8.69529882e-01
  9.52325716e-01  1.98571154e+00 -1.87964416e-01  9.79010809e-02
  6.36279575e-01  6.70453851e-01 -3.86968108e-01  1.24978478e+00
  2.69603972e-01  2.50303951e-01  6.14776957e-01  5.10648479e-01
  1.65597031e-01  3.81166366e-01  1.90758613e+00  3.60136241e-01
  3.85085989e-01  4.01854442e-01 -4.59348587e-01 -7.99270452e-01
 -1.47093949e+00 -1.18572658e+00 -4.57684960e-01 -5.84672762e-03
 -1.63548246e+00  9.80675653e-02  1.40139176e+00 -3.51730575e-01
 -1.01243122e+00  2.01124419e-01  1.26942051e+00 -1.95394359e+00
 -4.57705790e-01  1.58657590e+00  1.61026575e-01 -1.43238940e-01
  2.71746665e-01 -1.19078066e+00 -2.11718626e+00  5.08001537e-01
 -1.39556230e+00 -1.25441720e-01  8.44956219e-01  8.08640756e-01
  1.10947616e+00 -3.31644637e-01 -9.03840644e-01 -5.36950623e-01
 -9.86679215e-01  1.38915904e+00  8.32848778e-01  2.19318359e+00
  1.62737759e+00  3.74275947e-01 -3.43991073e-01  1.62793150e+00
 -1.92128954e+00 -4.72127886e-01  8.64953202e-01  8.20253812e-01
  6.54206649e-01 -1.31972431e+00 -3.58145675e-01 -1.75622841e+00
  2.95332725e-01 -2.87812917e-01  2.22369009e+00 -8.65809507e-01
  6.43280410e-01  1.98721200e-01 -4.41523017e-01 -3.24582487e+00
  2.14122330e+00  2.87825844e-01 -3.34962759e-01 -9.97806037e-01
  2.13994542e-01 -3.95416726e-01 -1.82705381e-01  4.58109976e-01
 -1.04943083e+00 -1.03717706e+00  2.00143645e-02 -5.16011932e-01
  7.24431424e-01 -8.60195147e-01  4.20472351e-01  9.68991310e-01
 -6.83912450e-01  5.91425449e-01 -1.19297977e+00  1.11432005e+00
 -1.92866697e-02 -8.21140323e-01  9.54042343e-02 -6.64439568e-01
 -5.59585570e-01  2.36972375e-01 -8.27935435e-02  3.88370713e-01
  2.79752811e-01 -1.68164203e-01 -1.04195786e+00 -2.17003480e-01
 -1.22676160e+00 -2.46796615e+00  1.18007000e+00  9.43728748e-01
  3.18720207e-01 -2.89767720e-01  9.34643865e-01 -3.62418122e-01
  1.59368728e+00  1.21846479e+00 -1.71567518e+00  9.36422768e-01
  4.29994104e-01 -1.13232617e-01  3.03331286e-01  1.58860331e+00
 -1.24868655e+00 -2.35465205e-01 -7.35430973e-01 -1.10774001e-01
  1.87306840e-01  5.93433184e-01  3.03059458e-01  2.05504979e+00
 -2.11642082e+00 -2.41859502e-01  5.86267492e-01 -9.14957183e-01
  9.25560240e-01  4.07421823e-01  3.25741083e-01 -2.21019384e-01
 -2.25132697e-01 -2.17300678e+00  8.79136210e-02  1.53167157e-02
 -8.53351098e-01  2.15098951e+00  1.26298587e+00 -1.90301270e-02
 -1.24611259e-01 -7.52656745e-01  2.88719413e-01  2.79399133e-02
  1.09332827e-01 -1.87208454e+00  2.89873427e+00 -1.91381642e+00
 -8.17002891e-02  1.12242801e-01 -7.11148344e-01  7.86480347e-01
  2.61664936e-01  7.43912975e-01  8.33002298e-01  6.15485667e-03
 -4.44054140e-01  5.33234564e-01  4.86583717e-01 -1.39199233e+00
  8.91894400e-01 -3.44877860e-01 -7.75176115e-01 -5.66663156e-01
 -4.81979251e-01 -7.80175607e-01  6.59586372e-01 -1.89282959e+00
 -2.01801520e-01  3.26210368e-01 -4.09055696e-01 -9.40143512e-01
 -7.62969394e-01  9.06846547e-01 -5.91119654e-02 -1.79084578e-01
 -2.23694834e-01 -4.53888299e-01 -9.25702039e-01  1.00566701e+00
  3.34402112e-01 -4.43282290e-01 -2.15038388e+00  2.03981691e-01
 -3.45200785e-01  1.90028070e+00  2.68453032e-01 -1.59555191e+00
  2.70240923e-01  1.03752978e+00  2.71872485e-01 -7.55341570e-02
 -1.66833897e+00 -3.64352290e-01  6.66620078e-02  3.73800890e-01
 -5.54694060e-01  8.57539016e-01 -2.49218878e+00 -1.41123557e-01
 -7.14079029e-01 -1.33196851e+00 -1.82088207e-01 -2.28814680e-01
 -5.66018413e-01 -7.22608801e-01  8.31976560e-01 -4.62515884e-01
 -1.39064526e+00  1.90685447e+00 -6.37312266e-01 -1.80695697e-01
 -2.24668417e-02  6.41319518e-01  2.43368450e-01 -9.06653028e-01
  5.71033842e-01  1.05822262e+00 -2.07178319e-01  4.23821602e-02
  6.75284125e-01  7.64768341e-01 -1.05830523e+00  1.27213602e+00
 -1.74687539e+00  9.22092410e-01  2.01083114e+00 -5.42407997e-02
  1.89809470e-01  7.47039107e-01 -1.58706373e-01  8.55111384e-01
 -4.39882383e-01 -8.15474671e-01 -1.28676836e+00 -2.08361676e+00
 -3.01261893e-01 -1.34536425e+00 -1.85189713e+00 -4.21597958e-01
 -7.77993178e-01  7.83830695e-01  4.24128036e-01  8.90924681e-03
 -9.04917150e-01  1.41764392e-02 -7.88577915e-01 -2.19556158e-01
  1.10627267e+00  4.18094420e-01  7.75404894e-01  7.46897852e-01
 -1.06666986e+00  1.12363780e+00 -2.19963138e-01 -9.22921959e-02
 -1.14292301e+00  2.24763517e-01 -1.59441761e+00 -1.53052504e+00
 -2.72929148e-01 -9.25601571e-01 -2.52937792e+00 -1.23530766e+00
 -1.24461976e+00  2.07398303e+00 -8.67601449e-01  2.34557428e+00
 -1.56944883e-01  1.50098159e+00 -3.77062249e-01 -9.94244425e-01
  2.17521465e-01  5.67730933e-01 -3.63468405e-01 -3.04539501e-01
 -1.32938319e+00  7.63419427e-01  9.73474518e-01  1.85509438e+00
  1.87381312e+00  4.00036906e-02 -1.02367187e+00 -1.14715906e+00
  1.82773504e-01  1.07846982e-01  7.94532926e-01 -8.41894821e-01
 -9.65943670e-01  9.35695037e-01 -1.28070979e+00  1.51681238e+00
 -8.58657163e-01 -7.07235553e-02  5.71036022e-01  8.97040187e-01
  1.55971693e+00 -1.07729601e+00 -9.09950084e-02  1.23260709e+00
 -1.69605753e+00  9.92455078e-01 -1.75624078e+00  1.22925405e+00
  7.72583824e-02 -1.45114041e+00 -4.36770313e-01 -6.31051453e-01
 -1.02287719e+00  2.79716271e-02 -6.89119480e-01  4.53974998e-03
  1.60563506e+00  1.82315920e+00 -7.82169208e-01 -7.91072903e-01
 -2.79717069e-01 -5.70132097e-03  5.26572120e-01 -1.03621809e+00
  3.16936062e-02 -2.09185075e-01  6.42897744e-01  7.82542412e-01
  1.03364914e+00  1.12179195e+00  3.42224672e-01 -1.71483680e-01
 -5.94494208e-01 -4.54427541e-01 -2.58225856e-01 -1.12483787e+00
 -5.28172840e-01 -4.37692977e-01  1.01504411e+00 -4.35165287e-01
  6.36940695e-01 -7.34778754e-01  7.95776710e-01  7.12033283e-01