 1.95975189e+00  2.12874604e-01 -1.11342438e+00  1.70818675e+00
 -1.40545120e+00  5.38854342e-01  2.46751781e-01  6.35657266e-01
  2.19908611e+00  6.80541323e-01  1.24473388e+00  2.67742345e-01
 -2.78939040e-01  2.00509685e-01  2.05712187e+00 -5.45228718e-01
  8.14410817e-01 -9.18260947e-01  5.56946044e-01 -5.70494356e-02
  1.83167670e-01 -2.52586255e-01  5.90117424e-01 -2.29100874e+00
 -5.58553245e-01 -1.18501396e+00 -2.30787872e-01  1.88662722e-01
  5.40578562e-01 -1.34232388e+00 -8.33031668e-01  1.29022166e+00
 -3.64902218e-01 -1.47310465e+00  1.62357878e-01  1.56657234e+00
 -2.73540159e-01  1.18554405e+00 -6.92293456e-01  5.61035538e-01
 -1.18869833e-01  1.65676100e+00  5.85689176e-01 -2.22139523e+00
  1.01139970e+00 -1.13616527e+00  8.76578307e-02 -5.45203867e-01
  9.26365295e-01 -1.12335214e+00  5.09411670e-01 -7.99208122e-01
 -2.69397288e-01  1.19384551e-01 -1.44716779e+00 -9.32669113e-01
 -6.14571821e-01  2.10154714e+00  4.40614409e-01 -2.23757492e+00
  3.52623243e-01 -4.19346468e-01  2.71155360e-01  6.00174568e-01
 -3.23345222e-01 -7.03530023e-01  1.15149829e+00  2.67362635e-01
 -1.99028875e+00  5.70623486e-01  6.96077457e-01 -7.97016622e-01
  2.91520731e-01 -1.66689390e+00 -9.03465618e-01 -4.83015972e-01
 -2.09318814e+00 -2.61427238e+00  1.21319077e+00  1.12052035e+00
 -1.11840058e+00 -7.02911734e-01 -8.71714164e-01 -1.76844427e-01
 -7.57247482e-01  3.41822400e-01  1.17815589e-01 -5.37859919e-01
  1.07061908e+00 -5.60624599e-01 -1.30770255e+00 -1.16792105e+00
  1.00030654e+00 -5.91853488e-01 -1.14665177e+00  3.28900904e-01
 -1.10209449e+00  1.49858891e+00  1.97741365e-01 -1.96613548e-01
  1.16245710e-01 -6.32177692e-02 -3.49015504e-01  2.33706781e+00
  4.21010373e-01  7.11254913e-01 -7.31074656e-01  9.95622434e-01
 -4.49684918e-01  2.65644775e-01 -1.07675168e+00 -3.68345153e-01
  1.98303399e+00 -1.48280562e+00  1.45466906e+00 -2.03658469e+00
 -3.83348907e-01 -8.40566995e-01 -1.38199066e+00 -1.32229251e-01
 -5.06768278e-01 -1.09083489e+00 -2.52531774e-01  2.99605152e+00
 -1.16847323e+00  2.08037668e-02 -7.40915832e-02  7.15314076e-01
 -9.36328906e-01 -1.89624413e+00  2.05575793e-01  9.86388857e-02
  7.63063349e-01 -2.28746033e-01 -1.87878120e+00  1.56305919e+00
  3.83394674e-01 -9.93937079e-02  1.70861621e+00 -7.73553304e-01
 -6.25564967e-01 -6.04009813e-01  7.25570239e-01 -2.16310511e-01
  1.61813317e+00  2.35921372e+00 -6.31982854e-02 -1.20432937e+00
  2.77470521e-01 -1.97813698e-01  6.59309410e-01 -1.20283419e+00
 -3.72278997e-01  1.19964934e+00  1.48225095e+00 -1.30542291e+00
 -2.13364030e+00 -4.57216553e-01 -3.68981566e-01  9.70624000e-01
  1.02450185e-01  2.52937755e-01 -8.38700212e-01  1.59521647e+00
 -5.47964925e-02 -5.69644849e-01  2.88558866e-01  9.46116623e-01
 -4.64114305e-01 -1.17866526e+00 -1.62296586e+00 -3.07327826e-01
 -1.06680246e+00 -7.99646133e-01 -3.74272518e-02  2.00213146e-02
  2.65152143e-01 -1.75702209e-01 -6.39202636e-01 -9.81305183e-01
 -7.21604804e-01 -6.67337653e-01 -1.58852035e+00  7.67395059e-01
  3.21021630e-01 -4.37896877e-01 -1.60243355e+00  1.09016874e+00
 -4.20925402e-01  1.35997726e+00  7.33974250e-01 -7.91863865e-01
 -1.09696575e+00 -2.17855078e-01 -1.74304000e+00 -1.38225069e+00
 -3.44134946e-01 -1.15632086e+00 -1.09275173e+00  1.29577304e-01
 -7.39451543e-01 -6.34931811e-01 -6.39363307e-01 -3.73590754e-01
  6.05919112e-01  3.31876254e-01  1.23871180e-01 -6.16246875e-01
 -8.30228105e-01  1.10062138e+00  4.60593896e-01  4.38104426e-01
 -2.40236618e-01 -1.30802919e+00 -1.30215264e+00  1.03652092e-01
 -1.18609879e+00  3.24224176e-01 -1.53711714e+00 -7.19097435e-01
 -7.88924460e-01  2.72460212e+00  4.80778002e-01 -1.39368054e+00
  7.83027027e-01 -1.23889451e+00 -9.05441526e-01 -4.06637709e-01
 -5.56582896e-01  7.98865864e-02 -1.21518979e-01 -6.87645193e-01
  6.26268012e-01 -9.81688883e-01  8.66416907e-01  2.36149971e-01
  2.47762653e+00  2.01835943e+00 -8.93766950e-01  8.11883301e-01
 -4.52579024e-01 -4.87879006e-01 -1.25403095e+00  1.98909088e+00
 -4.26847913e-01 -2.36674700e+00  1.23948055e+00 -2.13580860e-01
 -5.71514321e-01  2.19443462e-01 -6.46828271e-01  2.73228339e-02
  3.42317546e-01  1.72236332e-01  1.16623686e-02 -2.57510233e+00
  2.22700438e-01 -3.46120028e-01  3.55307960e-01 -1.95557246e+00
 -1.87519995e+00 -1.34924191e+00  3.86662084e-01 -5.81793339e-01
 -5.08955758e-01  1.38771486e+00 -5.24969928e-01  1.63416806e+00
 -4.90690256e-01  7.31386358e-01  2.99289306e-02  4.83822700e-01
 -2.82077048e-01 -1.14631290e+00 -4.79860353e-01  1.51326879e+00
 -1.04088592e+00  1.84478734e+00 -7.96776755e-02 -1.28360494e-02
 -3.71336165e-01 -1.90716873e+00  6.21714219e-02 -3.16480357e-01
 -6.38474770e-01  7.43511978e-01 -5.24407564e-01 -1.94150299e+00
  1.13657729e-01 -8.71747047e-01  1.13029562e+00  2.08204086e+00
  3.13782962e-01 -1.13150768e+00  1.73253961e+00 -4.98537407e-01
 -5.37160991e-01 -3.72916163e-01 -2.10734250e+00 -1.00460911e+00
 -5.04437754e-01 -7.96853265e-01  1.63544482e+00 -1.01331038e-01
 -4.33034299e-01  1.30868122e-01  1.96860991e-01 -1.25521943e+00
  6.47508262e-01 -5.55067649e-01 -1.93815896e-01  7.17732374e-01
 -8.97793286e-01 -7.12561195e-01 -2.36342722e-01  1.17173136e+00
 -1.40152659e+00 -3.23729527e-02  1.13613871e+00  2.07118836e+00
 -3.62750901e-01 -1.16870413e+00 -3.60677231e-01 -1.85538650e+00
 -3.10620090e-02 -1.72995061e-01 -1.64679169e+00  1.64057214e-01
  9.18186209e-01 -6.08563753e-01  5.66545234e-01 -1.30881300e-01
 -6.77604539e-02  5.93925143e-01 -3.45422442e-01  5.99468083e-01
  2.77072178e-01 -2.62145564e-01  1.57360670e+00 -3.05113364e-01
  2.63919837e+00  5.06655209e-01  7.89856510e-01  3.57797648e-01
 -9.86348864e-01  4.06509849e-01 -1.18007893e+00 -5.69730407e-01
  6.44829458e-01 -8.43541877e-02 -5.24966945e-01 -1.30125094e+00
  9.47025346e-01  3.92894386e-01 -1.24195285e+00 -5.97314957e-01
  2.91748689e-02  7.20118001e-01 -3.42959508e-01  1.38944511e+00
  1.53978049e+00  1.48468935e+00 -8.75987466e-01 -1.28971976e+00
 -7.29541742e-01  1.07768514e+00 -1.92713326e-01  1.31812527e+00
  3.04872054e-01 -1.92404109e+00  2.74748123e-01  7.90170950e-01
 -2.95358540e+00 -4.79825453e-01  3.62581007e-02  8.70568321e-01
  5.33522064e-01 -1.98535467e+00 -1.50416595e-01 -1.27835813e+00
  3.67811069e-02 -5.50161916e-02 -1.02818141e+00  1.28129368e+00
  8.72448270e-01  1.96503492e-01 -5.06075007e-01 -2.01069069e-01
 -6.24714264e-01 -2.29146417e-01  8.19295562e-01  8.15695278e-01
 -1.15128416e+00  2.34637993e+00  1.81925286e+00  9.31518791e-03
 -6.97763639e-01 -1.89240349e+00  1.72841352e+00 -1.38910613e+00
 -8.62485016e-01  1.42921482e+00  1.02944724e+00 -6.83764413e-02
 -5.43539909e-01  1.41350231e+00 -9.03737642e-01 -8.93042805e-01
  6.26470329e-02 -5.16410623e-01  9.36521731e-01 -1.04658179e-01
  1.49701393e+00 -5.17372393e-01 -1.05631901e+00  1.84597767e-01
  1.77520171e-01 -4.19445064e-01  1.32978458e+00  1.88263876e+00
  6.56374627e-01 -1.93920987e+00  1.23149984e+00  7.59254018e-01
  5.88436755e-01  3.09097226e-01 -1.59657906e+00 -2.93779331e-01
  1.87481781e+00  9.07297119e-01 -6.64813812e-01  9.41946927e-01
  1.49358126e+00 -3.09538882e-01  1.41675243e+00  9.38261776e-01
 -5.74344828e-01 -5.95862290e-01 -5.25642699e-01  4.34297959e-02
  1.83285324e-01  1.58416753e+00 -9.67708213e-01 -1.21864052e+00
 -3.47143449e-01 -7.47194670e-01  7.13071285e-01 -5.79216607e-01
  1.19070284e+00 -1.23000726e+00 -8.72962238e-01 -1.02978389e+00
 -6.85122172e-01  5.09613324e-01 -7.35797968e-01 -1.22043196e+00
 -1.88863353e+00  3.86797347e-01  9.80963015e-01 -2.50340015e+00
  7.56936538e-01  3.46214371e-03 -7.71124569e-01 -1.88050490e+00
 -7.20399260e-01 -8.82397355e-01 -5.28939067e-02 -1.35917882e-01
 -8.23601357e-01 -1.29241369e+00 -1.39355571e+00 -8.94571076e-01
 -1.86583239e-01 -2.79828827e-01 -5.21387837e-01  4.28954290e-01
  3.81904857e-01 -1.12094359e+00  5.73311398e-01 -5.18075903e-01
  5.37474000e-01  3.88912896e-01 -1.38658585e+00 -2.05558087e-01
  3.67823570e-01  3.81450621e+00 -1.26817998e+00 -4.84746034e-02
  1.05539762e+00  1.46872043e+00  5.47708537e-01  4.14668144e-01
  3.70398426e-02  7.20137265e-02 -1.07808022e+00 -1.25633292e+00
 -6.19233097e-01  2.73353195e-01 -4.13961595e-01 -5.30093694e-01
  1.03822526e+00 -7.81063003e-01 -2.15044606e+00  6.11013329e-01
 -6.16052062e-01  2.55173789e+00 -5.62636215e-01  4.40817486e-01
 -1.47759437e+00  1.22710540e+00  5.07836717e-01 -1.24814330e+00
 -3.99131614e-01 -1.49096457e+00 -5.53458635e-01  8.59341540e-01
  2.13998381e+00 -6.57783437e-01  9.11491758e-01 -2.43340485e+00
  1.58510577e+00 -2.10602003e-01 -2.11860725e+00 -4.12224326e-01
 -5.80735708e-01  8.24874878e-01 -5.72281012e-01 -1.06194382e+00
 -8.65933586e-01 -1.33318714e+00 -2.05223233e-02  7.79264734e-01
 -7.15551165e-01  1.10507957e+00 -8.57065369e-01 -6.42975040e-01
  2.07778257e+00  4.20606298e-01  4.04575814e-01  7.98539080e-01
 -7.98345047e-01 -2.85326790e-01  8.43908126e-01 -2.92066672e-01
 -5.61603082e-01  4.99378435e-02 -1.45667285e+00  7.61222324e-01
  2.29353460e+00 -1.83932281e+00 -6.73252576e-01 -4.92992933e-01
 -5.93861874e-01  6.27186111e-02 -1.59070700e+00  1.43383532e+00
 -2.19206492e-01  7.95605657e-01 -4.16645954e-01 -3.62124862e-01
  7.70680633e-01  1.11112004e+00  9.00602940e-01 -7.75890099e-02
 -9.67656104e-01 -7.76981335e-01  1.04253079e+00 -5.62556522e-01
  2.26174857e+00  1.07009090e+00  1.89862695e+00  1.68384161e+00
 -1.60922989e+00  7.56828253e-02  2.05877441e-01  4.17595320e-01
 -1.70914583e+00  7.26239465e-01  4.84762328e-01  5.74784744e-01
  2.12293214e-01 -8.45573520e-01 -5.46383927e-01  4.34067425e-01
  2.01253004e+00 -2.41473197e-01  7.87921899e-01  6.32155916e-01
  8.89723152e-01  1.18547684e+00 -2.88223982e-01  6.55967446e-01
 -5.04403897e-01  8.88913138e-01  1.92706409e+00 -7.76495501e-01
  1.58095595e+00 -4.93049026e-01 -1.57232101e-01  3.40441305e-01
 -3.03430533e-01  4.85372521e-01 -3.58586064e-01  3.18401641e-01
  1.93352098e-01 -3.10140285e-02  7.04619434e-02  1.38229972e-02
 -1.21537579e-01  4.37272729e-01 -3.61279148e-01  1.05561697e+00
  4.63365387e-01  5.07577225e-02  6.15452559e-01  1.40337082e+00
 -5.43234588e-01 -1.37428830e+00 -7.42111379e-02  8.40949317e-01
 -6.96607977e-02  9.89218268e-01  2.69793856e-01 -5.97524349e-01
 -4.60540492e-01 -7.13666843e-02  7.40894895e-01  1.62414705e+00
  1.03875560e+00  1.32559633e-02 -4.69489177e-01  9.68170312e-01
 -9.40431104e-01  2.56316361e-01 -5.41221778e-02  1.39331515e-01
  4.87970492e-01 -4.33518897e-01  7.55421048e-01 -8.14237188e-01
  1.38743793e-02 -1.72606568e+00  3.94237893e-01  1.13420216e+00
 -1.49127750e+00  1.49296545e+00  1.19357557e-02  4.89417950e-01
  1.23927650e+00  6.23819844e-01 -1.06764708e+00  5.06690725e-02
  1.71121554e+00 -1.17133264e-01 -2.27835779e-01  1.99515583e+00
 -3.24311100e-01 -8.08554074e-01 -3.16806809e-01  3.30867101e-01
 -2.18823495e-02  8.88820723e-01  1.77183093e+00 -6.47876510e-02
  8.25423504e-01 -7.36506378e-01 -9.12065790e-01 -1.67410432e+00
 -3.69610105e-01 -4.53683093e-01 -5.35682893e-01 -1.36745010e+00
  1.46937688e+00 -2.87633718e-01 -4.97292366e-01 -8.19645578e-01
  5.86842053e-01 -1.85263794e+00 -1.66277181e+00 -8.30792333e-02
  7.59386629e-01 -1.65702165e+00 -1.32965371e+00 -9.57762767e-01
  4.37093396e-01 -1.76508893e+00  2.40156871e-02 -4.96003879e-01
  8.88305730e-01  2.13271145e+00  1.41249162e+00  2.11103024e-02
 -3.15971160e-01  1.21357205e+00 -2.48316946e-01  1.56158929e+00
 -5.57811776e-01 -4.10328553e-02  6.23672910e-01  1.45916155e+00
  9.00353978e-01 -9.89653484e-01 -2.24360850e-01  2.15051590e-01
 -1.24652127e+00  7.29980780e-02 -1.86608655e+00 -7.11810095e-01
  3.95582801e-01  1.00255208e-01  3.64943868e-01  9.89337239e-01
  1.21514153e+00 -1.42382122e+00  7.89104331e-01 -4.51879720e-01
 -1.68034854e-01 -8.09208087e-02  1.34101989e+00 -1.05370149e+00
 -8.83626830e-01 -1.19434340e+00 -1.92435639e+00  8.37945954e-02
  7.73478056e-01  2.52689611e+00 -8.17138622e-01  1.97779344e+00
 -1.74791826e+00 -1.28729053e+00 -3.61429065e-01  8.23083087e-02
 -4.38075460e-01  1.18740501e+00 -1.30349218e+00 -1.50261397e+00
  4.14802804e-01  4.19990362e-01 -1.63465118e+00 -2.31382773e-02
 -8.05558045e-01  8.02564915e-01 -1.47458552e+00  3.95722499e-01
 -1.59471039e+00 -5.57435527e-01  9.31539069e-01  1.51549146e+00
  1.72801790e+00 -2.89720295e-01  1.05133154e+00  5.71336626e-01
 -1.65295933e+00 -7.94781920e-01 -4.81684341e-01  1.98718358e+00
  7.95308431e-01 -1.02663777e-01 -6.06561803e-01  1.50829256e+00
 -6.30608789e-01 -1.23757481e+00 -1.50690868e+00 -8.90539118e-01
 -2.62402267e-01  6.57941039e-01  1.56685599e+00 -1.50852567e+00
 -8.35142696e-01 -2.56760002e+00  7.33714195e-01 -2.71098347e-01
 -1.73725796e-01 -9.61845374e-01  6.03001223e-01  2.48337258e-01
  8.57094079e-01  1.00872511e+00 -7.19504970e-01 -9.46794603e-01
  1.21289171e+00  1.96293545e+00 -3.57602024e-02 -5.98079905e-01
 -3.96653677e-01 -1.80765101e+00 -1.20804668e+00 -1.18421405e+00
  1.37625758e+00  2.04951342e+00 -1.32459665e-01 -2.31928178e+00
 -6.63406535e-01  2.85614745e-01  1.82568148e-01  2.65981067e-01
  7.79685437e-01  2.99111202e-01  3.11012305e-01 -4.31539324e-01
  2.72158929e+00 -1.61973000e+00 -9.29979277e-01  9.07076730e-01
 -4.12305793e-01 -7.70558583e-01 -4.78119566e-01 -1.97945850e+00
  2.35153749e+00 -2.84086192e-01  1.52947556e+00  4.98099684e-01
  1.55268111e-01 -6.05152521e-01  1.31326490e+00  6.39574121e-04
 -6.64358522e-01 -5.59065636e-02  1.67099866e+00  7.15093693e-01
 -2.00593375e+00  1.07920227e+00  1.92530646e-02  2.81475962e-01
 -4.98613297e-01 -4.45028564e-01 -1.44060946e-01  5.29117483e-01
 -8.79992268e-01  1.50226770e+00 -6.94031647e-01 -1.85705466e-01
 -7.58396844e-01  2.32257430e+00  1.05309724e+00 -8.32888781e-01
 -1.74409850e+00  9.77710662e-01  1.14488040e+00  2.53252305e-01
 -3.83808982e-01  9.13344637e-01  1.18061598e+00 -3.97876589e-02
  1.19304125e-01  1.24527533e+00 -1.28932761e+00  1.27384043e+00
  6.12020152e-01  8.99225463e-01 -1.55245974e+00  1.03878999e-01
  1.23046903e+00  1.35432478e-01  5.44624754e-01  1.34104491e+00
  6.78595742e-01  5.70187511e-01  1.38725997e+00  8.72128651e-01
  1.43313251e+00 -2.55366302e-01  1.28154358e+00  1.43994344e+00
  1.62469876e-02 -1.25266756e+00  2.87306837e-01 -7.75194239e-01
 -8.68214264e-01  5.37667196e-01  8.68813723e-01 -3.44998076e-02
 -1.72758289e+00  3.28435458e-01 -1.45807043e+00  9.23670604e-01
  1.04071058e-01 -2.35814969e-01  5.97519621e-01  1.34641620e+00
  8.97083515e-01  9.74237946e-01  1.43610305e+00 -1.24713773e-01
  7.73224006e-01 -4.73548375e-01  1.24111992e+00 -8.10759640e-01
  1.60680793e-01 -3.52892624e-02  2.42482843e+00  1.17870963e+00
 -1.41820448e+00  1.20334202e+00 -1.13950591e+00 -6.57676881e-01
  1.33608816e+00 -9.60543048e-01 -9.81891613e-01 -1.65578694e-01
  6.70877767e-01 -7.70895757e-01 -7.20440755e-01 -8.22492706e-01
  2.90540001e-01 -2.06229053e+00  6.66588820e-01 -1.11857804e+00
  8.21121396e-01  9.44631840e-01 -1.10113633e-01  1.98746261e+00
  5.25561524e-01  1.81794015e+00  1.61947688e+00 -3.11605266e-01
 -1.71674099e+00  1.01359498e+00 -1.67101598e+00  1.30772222e+00
 -1.73130812e+00  6.56677789e-01 -1.16725885e+00 -9.91745484e-01
  8.14765882e-01 -2.02343768e+00 -1.49661217e-01 -6.45906068e-01
  2.84764453e-02  2.27262186e+00  1.41412005e-01 -2.04938158e-01
  9.02402350e-01  6.42374212e-01 -1.54420389e+00  6.83485099e-01
  2.06033272e+00  9.13144466e-01 -1.09317553e-01 -1.44001762e+00
  6.78974067e-01  1.52621450e-01 -8.55384486e-01  8.17898157e-01
 -4.46572003e-01 -1.49342707e+00  6.94461144e-01 -6.75771329e-01
 -2.71902728e-01 -1.28434042e+00 -1.17025198e+00 -4.57716918e-01
  9.71484063e-01  3.48735254e-01  8.41390498e-01 -1.56855278e-01
  3.21069520e-01 -2.05309854e+00 -2.13112244e-01  2.01378134e-01
  2.68731830e-01 -3.52500027e-02  3.52217789e-01 -2.45754459e+00
 -4.12495307e-02  1.45574446e+00  2.25198324e+00  8.68941165e-01
 -1.61054663e+00 -1.71311500e+00 -2.70389115e-01  6.53589888e-01
  2.53583620e-01 -2.44881687e-01  7.96629814e-01 -8.82377262e-01
  1.36391898e-01 -1.74792669e+00 -3.48483984e-02  1.53018928e-01
 -2.35111239e+00 -2.39183921e+00 -1.67114706e-01 -9.97649102e-01
 -1.95870143e-01  1.39716180e+00 -3.37857777e-01 -1.07522381e+00
 -6.14129359e-01  4.79817666e-02  1.41101240e+00  6.08543038e-01
  7.27734537e-01 -1.63515769e-01  2.63809559e+00  9.37257131e-01
 -1.00604461e+00  1.11645713e+00  5.97804939e-01  1.87161010e+00