 1.98890091e-01 -2.96913633e-01 -1.33867643e+00  5.98968364e-02
  2.82110322e-01  5.02394108e-02 -2.64695303e-01 -1.66705712e+00
  3.07996998e-01 -5.82290252e-01 -1.09387111e+00  4.01215297e-01
 -4.09501397e-01  5.62904474e-01 -3.47363616e-01  5.48090593e-01
  2.44509695e+00 -4.69178919e-01 -4.82637749e-02  1.38060523e+00
 -1.78438163e+00 -1.15533220e+00  7.29941519e-01 -1.30648469e+00
  8.86563254e-01 -2.18921009e+00  3.83734322e-01 -2.63504759e-01
  2.59463477e-01  1.86781175e-01 -7.99111544e-01 -3.36591276e-01
 -3.72258090e-01  3.38972677e-01  1.26222351e-01 -1.82626726e-01
  6.20187416e-01 -1.14218390e+00  5.02133854e-01 -9.95523383e-01
 -5.42626638e-02 -1.54510072e+00 -1.26796545e+00  1.00645982e+00
 -5.23031394e-01  3.79405568e-01 -7.55927209e-01  5.84916598e-01
  1.59568454e+00 -5.85593015e-01 -2.14353539e+00  1.15691173e+00
 -1.23179386e+00 -9.16137356e-01 -2.50192891e-01  5.48240681e-02
  7.67625945e-01 -1.13769384e+00  9.45169320e-01 -1.94206238e-01
 -3.92444755e-02  7.98398214e-01  5.55754884e-01  2.55023316e-01
 -1.39442409e+00  4.74171383e-02 -6.93458740e-01 -2.11368032e-01
 -7.77225341e-01 -2.74796621e-01  1.49688605e+00  1.15142964e-01
 -1.16605720e+00 -1.27572157e-01 -8.90178628e-01 -1.13856028e+00
  4.14128836e-01 -3.03247669e-01 -1.77585413e+00  3.48515393e-01
 -7.37863668e-01  7.95647494e-01  1.21957791e+00 -5.50016368e-01
  4.65046184e-01 -9.31088697e-01  1.20069374e+00  1.06321144e+00
  1.56074998e+00 -2.35873311e-01 -3.71552534e-03  3.69497134e-02
 -1.02068485e+00 -7.89787708e-01 -8.83257466e-01  1.37539017e+00
 -4.10424091e-01 -1.89356309e+00  2.92740098e-01  3.24295880e-01
 -3.87901732e-01  6.28598337e-01  1.49583405e+00 -9.96127564e-01
  3.02658045e-01 -1.71292287e+00  1.57687499e-01  1.81783997e+00
  6.74390160e-01  7.51004231e-01  1.03287080e+00 -1.23114361e+00
  1.39667216e-01  5.56188787e-01 -1.31530692e+00  1.12664677e-01
 -6.90583881e-01 -1.70348421e+00 -2.94515294e-02  2.93279544e-01
 -1.21151739e+00 -7.54487015e-01  8.46343299e-02 -1.21827199e+00
  4.58213308e-01 -3.66010695e-01  3.96892001e-01 -3.63973667e-01
 -2.04339799e-01 -1.59418115e+00  3.77822764e-01 -1.04173868e+00
  1.70727856e+00  8.50399434e-01  2.62512947e-01 -1.86684018e-01
  1.01321678e+00  1.64830715e-01 -1.38829269e+00  1.13704330e+00
 -2.01288454e-01  1.31264192e+00 -2.77421406e-01 -1.13579410e+00
 -1.20337329e+00 -1.12012436e+00  3.44462530e-01 -8.67655950e-01
 -9.82794114e-01  2.34497728e-01  3.94885381e-01 -1.98361809e+00
 -3.42812174e-01  1.91898174e+00 -1.65712571e+00  6.76976114e-02
 -1.58447664e+00  1.60901559e+00 -6.09714721e-01 -1.59818248e+00
 -1.99090236e+00 -2.23444881e+00 -1.78862684e+00 -8.74968199e-03
  6.87150649e-01 -8.93075663e-02 -1.34634804e+00  4.25870220e-01
 -2.35730271e-01 -4.72706331e-02  6.08331052e-01  3.18763897e-01
 -1.40107854e-01 -4.87221216e-01  2.82719735e-01  2.06923766e+00
  5.92630909e-01 -3.03054892e-01 -4.39160751e-02 -8.57381597e-01
  2.54800472e-01  2.02795239e-01  1.11539955e+00  4.67260369e-01
 -4.78985853e-01  4.23229452e-01  9.99513110e-01  1.09980195e+00
  1.28989337e+00  6.33498054e-01 -1.92644977e+00  3.04689821e+00
 -3.21889946e-01  4.32569875e-01  1.09901891e+00  1.00115823e+00
  2.72744141e-01 -6.70936806e-02 -6.14924114e-01  5.99855706e-02
 -6.40117826e-01  3.65504550e-01  8.82257438e-01  1.66022706e-02
  1.86002549e+00 -2.58065313e-01  3.38417316e-01  6.50119540e-01
  1.65653014e+00  1.78165054e+00 -6.48003371e-01  5.58984598e-01
  4.37647948e-01  1.32159458e+00  4.14682185e-01  1.45136065e+00
 -5.14072078e-01 -1.66546787e+00 -1.08671847e+00 -8.34641486e-02
  1.94982028e-01  1.16133004e+00 -5.86423393e-01 -7.07135025e-02
 -3.66461267e-01 -6.52455561e-01 -7.15520449e-02 -8.56848773e-01
 -7.71456856e-01 -1.43293340e-01  5.82011064e-01  3.35669577e-02
 -3.73465021e-01  3.11487315e-01 -7.16402994e-01 -8.33278762e-01
 -9.36006861e-01 -2.35448225e-01 -4.38511739e-01 -1.39322981e-01
  9.78059199e-01 -9.55383699e-01 -1.46872222e+00 -9.80436195e-01
  1.08512707e+00  2.87018200e-01 -4.92805022e-01 -5.79703429e-01
  3.75670856e-02 -1.03194528e+00  5.47574138e-01 -4.46920121e-01
  7.24256764e-01 -1.24496297e-01  7.74402921e-01 -2.65238840e-01
 -4.11362314e-01  4.28619336e-01  1.02174451e+00  6.87323585e-01
 -9.21715323e-01  1.04326994e+00 -8.50507899e-01 -7.40515960e-01
 -3.74815709e-01 -1.41405104e-03 -4.86626865e-01 -1.67033445e+00
  1.52515343e+00  1.33427649e+00  3.18985650e-01 -1.85237630e-01
 -8.71902660e-01 -7.18713951e-01  6.80727470e-01  2.68497120e-02
 -5.65656345e-01 -1.91743796e-01  9.10164268e-01  5.46891431e-01
  4.24163006e-01  2.52320322e+00 -2.56080439e-01 -1.62765469e+00
 -8.14756671e-01 -1.12438210e+00  2.08570109e-01  6.78967334e-01
  1.54731019e-01  9.71476771e-01  2.13285115e-01  5.03241797e-01
  8.48209850e-01 -9.31055945e-01 -5.95285013e-01  1.84154527e+00
  4.42999384e-02 -6.07331181e-01  5.20761358e-01  1.34498342e+00
  2.16393466e-01 -1.37535971e+00 -1.42739494e+00 -2.28712634e-01
 -1.46391779e+00 -1.35354760e+00 -9.79384517e-01 -1.31739098e+00
  2.64599433e-01 -1.34596684e-01  5.68285707e-01 -4.04803844e-02
  1.96985034e+00 -1.56237291e+00 -1.25930362e+00 -4.84789605e-01
 -1.40975458e+00  1.23105498e-02 -1.19672530e+00  5.59947321e-01
  2.06997093e-01  1.24588576e+00  1.68356400e+00 -1.06319903e-01
 -1.10081221e+00 -4.10900447e-01 -5.90367244e-01  1.38005713e+00
  1.61342370e+00 -5.55655725e-03  5.68603564e-01 -1.00568599e+00
 -4.36782585e-01 -1.76100050e-01 -6.73927815e-01 -1.04253148e-01
 -7.94147462e-01 -1.67256357e+00 -1.12596630e+00  6.12767073e-01
 -1.14764809e+00  4.34419475e-01  1.42980759e-02 -2.01612069e-01
  1.60637346e+00  9.88630178e-01  3.83766986e-01 -6.09143943e-01
  6.99921098e-01  6.60564474e-01  8.37375377e-01 -8.32562243e-01
  1.25453211e+00 -4.41445360e-01 -1.08695789e+00  1.85530133e+00
 -7.31551784e-01  4.03934454e-01  1.16899430e-01  1.28492899e-01
  8.18002910e-01  1.32369712e+00 -4.07052684e-01 -2.77457703e+00
 -7.63677573e-01 -4.69010563e-01  1.25351080e+00 -2.10749253e-01
  1.25683789e-01  1.90616096e-02  1.36658864e-01 -5.97388465e-01
 -3.36063089e-02 -5.03423726e-01 -3.28744129e-01 -5.05783565e-01
 -9.35985112e-01  1.82213368e+00  1.49253207e+00 -1.30327232e+00
  2.87147685e+00 -4.82979691e-01  1.00643820e+00  5.81920701e-01
  4.20445001e-01  2.21733501e-02  1.63261616e+00  6.42057329e-01
  2.69453314e-01  1.27924342e+00 -1.54491122e+00  1.71868310e+00
 -8.92942722e-01  5.28962835e-01 -1.12700442e+00  3.81810299e-01
  1.42206336e+00 -1.73158431e+00 -2.91973719e-01  2.86739922e+00
 -1.57041860e+00 -1.40622290e+00  3.82974915e-01  3.48007860e-01
 -1.51193553e+00 -1.08570662e+00 -1.25240637e+00  1.18962821e+00
 -1.49306031e+00 -3.49931431e-01  1.06598764e+00 -1.64919268e-01
 -1.02482863e+00 -2.11142635e+00 -6.50044949e-02  1.25362493e-01
  6.00637618e-01  4.57475688e-01  1.02873229e+00 -7.95871731e-01
 -7.19996678e-01 -3.32085284e-01 -7.24467645e-01  7.07768094e-02
  6.01469038e-02  1.18048083e+00 -3.73599013e-01 -1.18576240e+00
 -7.61381897e-02  3.46637959e-01 -5.43681619e-01  6.22217953e-01
 -9.80844812e-01 -1.16464836e+00 -1.00197834e+00 -9.43368721e-01
  1.69878959e+00  2.02279691e+00 -1.21106839e-01 -2.93785123e-01
  1.47882226e+00 -9.78530524e-01  4.98325160e-01  9.14354117e-01
 -8.62329991e-01  7.80131446e-01  3.97046246e-01 -2.31936180e+00
 -3.21811398e-01  9.30185328e-01  1.06291244e+00 -1.18741538e+00
  4.81264281e-02 -1.02336601e+00  7.09786224e-01 -3.25858721e-01
 -1.08950648e+00 -2.71334646e-01  6.52129985e-01 -1.31630584e-01
 -1.17549720e+00  1.51845646e+00 -8.96977790e-03  1.13221149e+00
 -8.88125038e-01  4.20056955e-02  6.07965535e-01 -1.50141977e+00
  8.48822196e-01 -1.12162336e+00 -5.21955274e-01  4.43800874e-01
 -9.04100532e-01  1.15515794e+00  9.18650940e-01  2.25459944e-01
 -3.84883412e+00 -1.42024059e-01 -2.08902159e-01  4.73809661e-01
 -1.85506443e+00 -4.57040734e-01  1.02261616e+00 -2.38200107e+00
 -4.86404779e-01  7.10372250e-01  1.23857110e+00  8.60490102e-01
 -7.79322665e-01  1.32000614e+00 -1.42943378e+00 -1.27729118e-01
  4.10567370e-01  5.32066602e-01 -1.03912297e+00  3.38910009e-01
  1.12574794e-01  1.01582736e+00  4.72295667e-01  8.67912484e-01
  1.51414525e-01 -1.40391978e+00  8.27406116e-01 -3.49057744e-01
  9.89584845e-01  1.38957855e-01 -3.00726641e-01  1.97307124e+00
 -2.40479776e-01  2.11681174e-01  1.28638189e+00 -9.60385269e-01
  7.44524760e-01  1.00849163e+00 -4.31681601e-01  7.72409566e-01
 -2.62465355e+00 -7.88276151e-01  2.88255819e-01  1.07074113e+00
 -1.00949615e+00 -2.43907681e-01  6.26535609e-01  7.62497666e-01
 -2.70492413e-01 -5.35169847e-01 -2.87129467e-01 -1.58805324e+00
 -1.41260793e+00  4.45289231e-01  1.18860656e+00  8.57521336e-01
  1.61788581e+00  1.46683460e+00  3.82012282e-01 -5.20688809e-01
 -4.09001483e-01  2.94201131e-01 -4.49713737e-01  9.67258797e-01
  1.17665734e+00 -1.19484457e+00  4.15761252e-02  8.39722656e-01
 -1.04382243e+00 -6.34191953e-01 -1.52528441e+00 -5.65736788e-01
  2.01213537e-02 -4.07889680e-01  4.78367866e-01 -5.50605809e-01
  5.46352714e-01  6.78426347e-01 -1.27024939e+00 -5.24332263e-02
 -9.61484058e-01  1.32348916e+00  2.30174144e+00 -1.17845904e-02
 -4.13647293e-01  2.47868692e+00  5.25701700e-01 -6.69306110e-01
 -3.02980172e-01 -1.78323995e-01 -2.01509312e+00 -1.19783263e+00
 -1.27549233e+00  1.85409073e-01  7.15884131e-01 -8.20384767e-01
 -1.69273370e+00 -6.98616023e-01  3.12240641e-01 -2.33108315e-01
  1.58615966e-01 -5.83839147e-02  8.84397368e-01 -7.99554128e-02
 -1.02993652e+00 -1.50812815e+00  6.51468331e-01  9.70632320e-02
 -1.20466207e+00  6.51697346e-01  1.03812779e+00 -1.73625112e+00
  6.06014166e-01 -5.66852509e-01  7.36024328e-01 -3.44112234e-01
 -2.05825520e-01 -5.09910616e-01  1.66609386e-01  1.89790939e+00
 -5.67428513e-01 -4.35361473e-01 -1.30631483e+00  8.72277564e-02
 -5.79948624e-01 -3.39203189e-01  6.53152274e-01  3.11644815e-01
  7.89367551e-01 -1.33273336e+00 -2.28806588e+00 -1.34476218e+00
 -7.76316728e-01  9.06143815e-01  1.21882610e+00 -1.44593348e+00
  8.18061137e-02  1.04478772e+00 -6.60851227e-01  9.37051258e-02
  6.43458903e-01 -2.45215214e-01 -3.96169083e-01 -1.37638571e+00
  7.16341185e-01  2.39099650e-01  3.27531828e-01  8.11150963e-02
  7.24070360e-01  8.22936599e-01  1.26174748e+00  1.52669707e+00
 -6.51353138e-01  1.46475168e+00 -1.80089531e+00  3.99741631e-01
 -5.94591194e-01  8.18248446e-01  5.27809565e-01  7.02311968e-01
  8.06989873e-04  1.32459919e+00  1.11041013e+00  1.83154509e-01
 -1.15223311e+00  1.24671561e+00 -9.60367178e-01  2.19559896e-01
 -4.22167250e-01 -5.81572205e-01  1.97091325e+00  6.79552854e-01
  9.12551633e-01  5.05686037e-01  6.95513110e-01 -1.59168100e+00
  2.27996251e-01  4.38215475e-01  2.40789086e-01 -1.07039532e-01
  3.55211256e-01  1.09652377e+00 -1.53392385e-01 -1.28562914e-01
  2.01577614e+00 -1.40448060e-01  2.24175845e+00  3.44882548e-01
 -5.67694870e-02  1.46105211e+00 -5.12074869e-01  6.23480514e-01
 -1.30286142e+00  1.04492129e-01 -3.81819119e-01 -1.64972313e+00
  2.04869578e-01  1.82655871e+00 -2.22489535e+00  8.73430651e-01
 -2.52169838e+00 -1.40827283e+00  1.53793718e+00  9.51446253e-01
 -9.62233997e-02 -1.05068598e+00 -5.71335246e-01  1.61185255e-01
 -8.56526115e-01 -1.65964138e+00 -1.18965835e+00 -2.15985957e+00
 -2.47915319e+00  7.32112829e-01 -8.99332588e-01  7.99460108e-01
  3.07485612e-01 -1.26191258e+00 -2.11886825e+00  3.06252670e-01
  2.45664379e+00  2.19264075e-01 -1.51632648e+00  9.77704972e-01
  1.71788220e+00  8.25934772e-01 -1.05859108e+00  4.58627607e-01
  8.98325184e-02  4.07048326e-01 -4.62556888e-01 -9.14516671e-01
  3.99288267e-01  5.54123529e-01 -1.65006807e+00 -7.02820139e-02
  1.67518992e-01  1.50344522e+00  5.86766998e-01  1.30633569e+00
 -1.88909851e-01  1.48479840e+00  1.36522385e+00  2.66870890e-01
  4.96316546e-01 -7.62075325e-01  1.65527500e-01  9.60916053e-01
  1.12460659e+00  1.10211618e+00 -4.52202065e-01 -6.92279223e-01
  8.76861779e-01 -1.65092349e+00  1.11906297e-01 -1.48744264e+00
 -1.57557933e+00  2.46844377e-01  3.32378818e-01  1.01682696e+00
  6.54583647e-01 -1.91859974e-01  9.74369745e-01  6.53930420e-01
  8.19228459e-01  1.23651024e+00  3.07995134e-01 -3.77156337e-01
 -8.42980736e-02  1.25120510e+00 -1.60120624e+00  3.54672042e-01
 -5.98596519e-01 -3.42627984e-01  1.93273432e-01  8.45995263e-01
 -3.17259205e-01 -1.30196976e+00 -8.43909793e-01 -8.38036993e-01
 -4.22306998e-01 -1.21918957e-01 -5.77053900e-01 -9.44041151e-01
 -7.33407737e-01  7.39268346e-01  1.01923792e-01 -3.72353418e-02
  4.58423211e-01 -7.62628115e-02 -1.65863268e-03 -1.23327463e-01
  2.01805936e+00 -4.99483398e-01 -9.67578190e-01  8.41810078e-01
 -6.30267054e-01  7.49157240e-01  1.90924130e+00 -2.01065705e-01
 -7.85006365e-02 -7.43435074e-01 -1.72826242e+00  5.96577515e-02
  7.71043614e-01  1.06894469e+00 -3.08736694e-01 -8.96364880e-01
  9.79265094e-01 -2.04125975e-01 -1.17576909e+00 -1.72974370e+00
  5.32237733e-01 -3.58633509e-01  2.28207355e-01  2.59004006e+00
 -1.47518021e-01 -1.35953204e+00  5.57284804e-01 -2.99233883e-01
 -4.08608821e-01  1.51078468e+00 -9.15412005e-02 -6.06833414e-01
  1.15901134e+00  2.75397090e-01  8.29848347e-02 -8.83012656e-01
 -2.20773678e-01 -8.57264700e-01 -3.34383109e+00  6.54559749e-02
  7.46456041e-01  2.07946935e+00 -4.06401189e-01  3.24748364e+00
 -1.88639361e+00 -1.78591767e-01 -2.45598014e+00 -1.13062316e+00
  1.38980192e+00 -1.30662465e+00  1.62584096e+00 -3.14097030e-02
 -1.24745316e+00 -1.49215167e-01 -8.50071254e-02 -7.96367161e-01
 -2.21189236e+00  3.16990665e-01 -6.55480564e-01 -6.01340727e-01
 -1.56034327e+00 -1.66390650e+00  9.90998638e-01 -1.00019707e+00
  4.40682912e-01 -9.67748513e-01 -3.06901278e-01  1.72585938e+00
  3.76942232e-01 -1.38579918e+00  7.93105853e-01  2.45261574e-02
 -8.05976279e-01  1.34129541e+00  7.91832250e-02 -4.20240146e-02
  2.79023453e-01  6.33036677e-02  6.50595889e-01  8.94364759e-03
  4.21770019e-01  2.75645288e-01 -3.65084171e-01  5.95067234e-02
  7.05484989e-01 -4.19996325e-01 -9.18883016e-01  2.38067002e-01
 -1.25983769e+00 -1.61389203e+00  1.08010208e-01 -2.90470354e-01
 -1.64245957e+00  1.54643463e+00  1.16519095e+00 -1.90571743e+00
  1.80816134e+00  5.18693736e-01 -6.53279411e-01  7.06747668e-01
  1.01524174e+00 -5.13163924e-01  2.12540688e-01 -5.79598833e-01
  9.45810243e-01  4.83019515e-01  2.00637684e+00  2.50256220e-01
  1.63371343e+00  1.48794281e-01  9.45035716e-01 -9.29092022e-01
  6.35649270e-01 -1.16175489e-01  1.01915438e+00 -1.27383927e-01
  7.55181284e-01  1.57280051e-04  5.29108773e-01 -1.72806513e+00
  8.80876840e-01  1.72713775e-01  1.55480460e+00  2.80648590e-01
 -1.15895757e+00 -8.59070003e-01  8.00271362e-01  1.61146341e+00
 -8.24823817e-01 -2.08093497e+00 -8.41721732e-01 -2.72532679e-02
 -7.17579647e-01  1.20913096e+00  2.62644253e-03 -7.27627139e-01
  1.26556400e+00 -6.00073736e-01 -1.70290919e+00  2.44737234e-01
 -7.68929174e-01 -1.30204219e+00 -3.84833789e-01  5.59639118e-01
 -8.98063392e-01  2.20582963e+00  8.64432039e-01  1.27423551e+00
 -9.72862768e-01  2.58918191e-01 -6.39919856e-01 -2.08727775e-01
  2.74707392e-01  6.08081883e-01 -4.25543183e-01  1.96518596e-02
  8.43840144e-01  1.48593671e+00  1.25873929e+00  1.21446820e+00
 -6.73420824e-01 -1.26293237e+00  9.25483867e-01  7.43341049e-01
  5.86846297e-01 -1.73634528e+00  1.03465987e+00 -1.10721096e-02
  2.11467366e-02 -5.63358474e-01 -1.16404944e+00 -1.71477335e+00
 -6.28942494e-01  3.30521777e-01 -2.68028780e+00  9.26544275e-01
  2.03517361e-01 -1.36664670e+00 -1.05560079e+00  1.13501002e+00
 -5.17838102e-01 -1.85096696e+00 -3.03369246e-01  3.67127711e-01
 -4.68328709e-01 -8.19702180e-01 -3.00394557e-01 -2.83654582e-01
  4.61817062e-01 -1.68703664e+00 -2.17006845e-02  1.89547481e+00
  1.49356980e+00  1.51263166e+00  6.52118090e-01  8.27348490e-01
 -1.07712904e+00 -1.02820538e+00 -1.48936872e+00 -4.14581178e-02
  1.01130340e+00  8.40065790e-01  8.94149589e-02 -1.42558447e+00
 -7.98170423e-01  7.55273529e-01 -2.13224980e+00  1.00964945e+00
 -2.73986701e-01 -5.78073377e-01 -8.81765959e-01  9.07370714e-01
 -4.42838482e-01 -2.34414485e+00  2.26827093e-01 -6.31620811e-01
 -1.40055486e+00 -1.31235720e+00  1.81556468e-02 -1.39942465e+00
 -1.19628569e+00  4.35344516e-01  8.38331781e-01  2.35806051e-01
  1.36049898e+00 -6.40742328e-02  1.73473684e-01 -3.92324191e-01
  4.43197354e-01 -1.26712818e-01  5.75235136e-01 -5.20462546e-01