 3.44410304e-01 -1.48567613e+00  8.02451701e-01 -1.02175094e+00
 -2.03794834e-01  1.11058236e+00  5.26365094e-01 -4.09170424e-01
  5.81907091e-01  7.07741363e-02  5.73990577e-01  1.67918203e-01
  4.52887106e-02  9.88785729e-01 -4.55534524e-02  1.04631438e+00
  1.84096876e-01 -2.64355256e+00 -5.65524158e-01  5.09670630e-01
 -2.02295769e+00  8.33857473e-01 -9.86529852e-01  2.07334132e-01
 -6.73685052e-01  4.32014409e-01  8.09753437e-01 -1.50714468e-02
  3.82429075e-01  1.04029833e-01  1.15237383e+00  2.35298928e-01
  7.12081150e-01  3.97266429e-01 -1.33759195e+00  1.51306152e+00
 -6.60191874e-01 -9.66593793e-01 -6.87156997e-01  8.11840694e-01
 -8.63932478e-01  9.41975940e-01  1.77098840e+00  8.28743222e-01
 -5.06203505e-01 -1.03576933e+00  5.36983105e-01 -9.88877982e-01
  6.49337593e-01 -5.70379891e-01  3.28174877e-01 -1.74336605e-01
 -8.43377705e-01  2.67275371e-01 -1.74526633e+00 -2.28758923e+00
 -1.24736277e+00 -2.67815344e+00 -5.63299762e-01 -3.85092617e-01
 -2.19001402e-01  2.29972765e-02  6.36556516e-01 -7.08976562e-02
 -9.45833536e-01 -1.16522802e+00  1.92316387e+00  1.75726974e+00
 -3.81470704e-01 -1.10305947e+00 -6.99835218e-01 -4.84610906e-02
  1.35849429e+00  1.89384993e+00  4.49459759e-01 -1.36644996e+00
 -4.10413661e-01  1.19721798e+00 -6.08933947e-01  1.34353116e+00
  8.27865816e-01  5.98191678e-01  1.68655430e-01  3.00317091e-01
  5.99840984e-01 -2.02427923e+00 -9.07189353e-02  2.21809283e-01
  1.55986436e+00 -2.03758327e+00 -1.67072574e+00 -2.35972146e-01
  3.16898906e-01  7.06886930e-01 -1.28376290e+00 -2.53796997e-01
 -8.83196535e-01  1.10555631e-01  7.66071448e-01 -9.41608747e-01
  6.12807747e-01 -8.98773563e-01  3.43160728e-01 -8.97395883e-01
 -4.71235165e-01 -4.40644857e-01  9.10113703e-02 -1.57954276e-01
  9.25249004e-02  1.08242951e-01  1.20441901e+00  1.89348555e+00
  6.88270381e-01  5.22638172e-01  1.69128548e+00 -9.66941379e-02
 -1.08230246e+00  1.37678702e-01  1.13825286e+00  1.09148251e+00
 -8.36169290e-01  5.86841202e-01 -1.19478300e+00  4.61602079e-01
  4.53015632e-01 -5.37823247e-01 -8.99243246e-02 -2.18701801e-01
  4.62019246e-01  8.41152034e-01 -3.27842090e-01  2.01412731e-01
  3.08582277e-02  2.14535433e-02 -2.21890490e-01  9.40166127e-01
 -5.66644964e-01  1.91863682e-01 -6.83756604e-01  1.69476333e-02
 -4.53020379e-01  1.52710862e+00  1.82384615e-01 -1.76343253e+00
  3.79648806e-01 -9.03807529e-02 -1.53159802e+00 -2.28610224e-01
  6.14103185e-01  3.50498017e-01  1.87788113e+00 -4.80760370e-01
  6.07509845e-01  8.53269177e-01 -2.43782560e-01 -2.69771377e-01
 -2.68669922e-01 -5.20125155e-01 -9.47366042e-01 -1.31802199e+00
  9.31774902e-01  4.48213086e-01  5.94976280e-01 -6.09701726e-01
  5.57573907e-01 -9.65373602e-01 -8.02016647e-01 -1.74705473e+00
 -3.12002525e-01 -9.72665638e-01  8.06340203e-01 -1.11325983e+00
  1.11473006e+00 -1.26243629e+00  1.23560302e+00  1.08830754e-01
  2.81170916e-01  1.11834288e+00 -9.56753243e-02 -5.10827074e-01
  4.84629282e-01  3.75502887e-01 -5.12942056e-01  1.04974389e+00
 -7.56366224e-01 -1.72818613e-01  3.92482308e-01  1.26032499e+00
 -8.91680055e-01 -1.57677265e-01 -8.55524808e-01  2.15297621e+00
 -8.03284963e-01 -1.29813586e+00  9.76555274e-01  2.76962353e-01
  1.45185749e-01  2.64609050e-02 -1.14462863e+00 -2.70845611e-01
  8.89595642e-01 -1.66611805e-01 -1.60178292e+00 -4.48838510e-01
 -1.51685858e-01  2.62034080e-01 -2.08735973e+00  9.03498564e-01
 -1.55315693e-01  1.24139623e+00 -7.21082311e-01  9.08671321e-01
 -2.76004141e+00  3.36206233e-01 -1.84725796e-01 -1.13400896e+00
 -1.47967329e-01 -1.39577467e+00  5.90213417e-01 -9.60673313e-01
  8.08000822e-01 -8.11142822e-01 -5.21357966e-01  4.80048321e-01
  4.46845071e-01 -5.69029556e-01 -1.57559398e-01 -1.85434907e+00
  2.36991789e-01 -1.35320221e-01 -1.42844690e+00 -3.20942650e+00
 -2.63003120e-01 -7.10026593e-01 -4.43880298e-02  3.56404889e-01
 -9.84975342e-01 -1.39967109e+00  8.50957650e-01 -3.94172461e-02
 -1.58117549e+00  4.46049206e-02  5.46447293e-01  8.78443545e-01
  9.86711816e-01 -1.31937020e+00 -1.22944496e+00 -2.00683394e+00
 -4.16936592e-02  1.84232439e+00  3.06209831e-01 -3.78392887e-01
 -2.23994082e-01  4.56121573e-01  3.24216327e-02  9.51623891e-01
  7.39059973e-01  1.43716648e+00 -2.16893227e-01  1.19280573e+00
  8.90436756e-01  1.36980512e+00 -1.24361384e-01  6.74705402e-01
 -4.79680640e-04 -1.29450722e+00  2.94755009e+00  6.26285244e-01
 -9.55721060e-01 -5.57487138e-01 -1.86898500e+00  1.57785740e+00
  5.43969243e-02  1.66512349e+00 -1.02335985e-01  5.57104894e-01
  7.86662650e-01  4.02343152e-01  5.52982759e-01  4.41877043e-02
 -4.22890517e-01 -2.10486900e+00  4.21893598e-01 -1.93890395e+00
 -1.51846270e-01 -6.19334103e-01 -3.16286670e-01  3.54767068e-01
 -1.03040331e+00  7.16077331e-01  4.00254596e-01 -9.60259771e-01
  4.53584657e-01  1.33429272e-01 -9.34384636e-02 -1.36236980e+00
 -3.51628162e-01  8.19075638e-02  2.47925670e-01  6.81533088e-01
  9.05349722e-01  4.28767940e-01  1.04793548e+00  1.06341807e-01
 -4.63119949e-01 -3.17444641e-01 -8.72998011e-01  1.92814224e+00
  3.93433472e-02 -1.17214237e+00 -1.77998521e+00  9.62218544e-01
  4.76900100e-01  2.16021146e-01 -1.15438666e+00  6.39372778e-01
 -5.82141384e-01  1.39820189e+00  7.17396274e-01  2.07275172e+00
  6.73701425e-01 -1.08551803e+00 -4.91557199e-01  1.12232581e+00
 -2.35187027e-01  9.86816211e-01  1.07396081e+00 -5.37149778e-01
 -1.18194627e+00 -1.19044388e+00 -3.09647727e-01  1.86071571e+00
  4.82078588e-02  2.72557175e+00 -1.08181273e+00 -8.65798539e-01
  2.87866252e-01 -4.80957722e-01 -2.99794763e-01  9.73122809e-01
 -9.68611123e-02  1.12383459e+00  1.24609993e+00  1.17751917e+00
 -2.46919361e-01 -1.21011562e+00  7.96306598e-01  1.52806564e+00
  1.29970800e+00  7.77182197e-01 -9.53594320e-01 -1.03155561e+00
  2.28330895e-01  1.16738951e+00  1.23991210e+00 -6.65247663e-01
  2.74522472e+00  2.28010535e+00  5.50643010e-02  9.45271559e-01
  3.55950034e-01 -1.50975126e+00 -1.41657594e+00  9.57493826e-01
 -3.47216836e-01 -3.82650012e-01  4.15490040e-01  2.32210179e-01
  1.31028938e+00 -1.37213417e+00  1.08750462e-01 -2.39791708e+00
  8.73038373e-01  6.42429511e-01 -5.56964001e-01 -7.00195829e-01
  8.53745566e-01 -1.12814588e+00 -3.05161489e-01  8.96244913e-01
 -6.03416471e-01  8.96140772e-01  2.05369961e+00 -7.83856372e-01
 -4.15782005e-01  7.57697962e-01  1.79261850e+00 -1.10975716e+00
 -6.60812420e-01  2.28879496e-01 -1.07723538e+00 -7.51227640e-01
  9.91829632e-01  1.80469803e+00  8.98529212e-01 -1.84927173e-02
  3.53254581e-01  1.94139894e-01  1.58218745e-01 -1.98988688e-01
 -3.76069060e-01  1.08190659e+00  7.63391822e-01  3.17408011e-01
 -8.60825659e-01  3.12201816e-01 -7.01367322e-01 -1.48211537e-01
  7.55923509e-01  1.14376250e+00  7.23815209e-01 -3.77201229e-01
 -1.43370013e+00  1.14979576e+00  6.27739278e-01 -9.18603682e-01
  1.55069182e+00  3.64527034e-01  1.01313079e+00  3.77599737e-01
 -6.18269048e-01 -1.24267570e+00 -4.76554543e-01 -1.39374131e+00
 -2.40918476e-01 -1.29659910e+00 -8.33153220e-02  1.01778407e+00
 -4.51559574e-01 -1.55630926e+00  2.25294377e-01  1.93569820e+00
  2.25659894e+00  2.57423070e-01  7.16303731e-02  1.07724035e+00
  1.93852992e-02  3.73394226e-02  4.96377946e-01 -1.00567930e+00
  2.19816553e-01  1.01558107e-01  9.17278200e-01 -3.63335552e-01
 -1.87843077e-01  1.06360458e+00 -9.53590233e-01 -1.97419983e-01
 -4.03016394e-01  1.51329989e+00 -2.70847703e-02 -7.48160442e-01
 -2.67350306e+00  8.16720679e-02  6.72377512e-01  2.86599354e-01
  6.31195340e-02 -1.69051329e+00  2.61478635e-02 -1.92559047e+00
 -8.03460720e-01 -2.03178083e-02 -8.78095607e-01 -3.00118332e-01
 -9.06396145e-02 -3.14709539e-01 -8.90696165e-01  6.46945550e-02
 -7.85042820e-01  3.02323479e+00  5.74268569e-01  1.20049403e+00
  9.60929463e-01  4.04875298e-01  6.47060509e-01  8.34322328e-01
 -4.07112683e-01 -2.17621839e+00  3.53844683e-01  2.65472084e-02
  2.40913590e+00  1.36304738e+00  1.05046687e+00  8.44127221e-01
 -4.84524896e-01 -1.87564455e+00 -1.32233260e+00  8.81180096e-01
 -6.82661831e-01 -2.62703934e-01 -8.54179568e-01 -7.65812591e-01
 -6.54638268e-01  1.54796343e-01  5.91722763e-01  8.56814526e-01
 -1.78948384e-01  3.12665886e+00  3.54426621e-01 -5.08248192e-01
 -1.08265901e+00  2.32458813e+00 -9.09935215e-01 -1.77723415e+00
 -2.03678760e+00 -2.51854521e+00 -1.47333989e+00  8.55588475e-01
 -4.43651624e-01 -2.50359021e-01 -1.08594365e-01 -2.20237488e+00
  9.56314197e-01  2.13774572e-01 -6.62572457e-01  3.61832920e-01
 -2.01478188e+00  7.96479537e-02 -2.98730074e-02 -1.00419623e+00
 -1.17470240e+00 -1.97691567e-01  3.11106988e-01  2.75381748e-01
 -1.15999862e+00 -3.07907308e-01  1.29414719e+00  2.16152542e-01
  1.13545368e+00  4.83434947e-01  2.51000436e-01 -2.37525433e-01
  9.76323172e-02  7.43582194e-02  3.52797300e-01  4.67475611e-01
 -8.82938004e-01 -2.51706307e-01 -4.18493531e-02  2.53097946e-01
  1.04878046e-01  6.44985293e-02  2.22002760e-01  4.16885470e-01
 -2.17256526e+00  8.63143864e-01  1.15218255e+00  1.54092565e+00
  9.14387646e-01  1.93649177e-01  3.76432174e-01 -1.05353544e+00
 -1.05198538e+00  1.56720680e+00 -2.51465906e+00  7.66966136e-01
 -1.04771355e+00  1.07869328e+00  1.12870391e+00  1.07977067e+00
  1.19250478e+00  2.93381685e-01 -1.68411890e+00  3.67081970e-01
 -1.20109651e-01  2.30777253e-01 -1.50703328e+00 -5.74621423e-01
 -1.35325048e-01 -7.23867541e-01 -1.26991131e+00  3.17357674e-01
 -3.27177193e+00  4.22864935e-01  1.89631776e-01  1.31834939e-01
 -6.12988759e-01 -8.74613534e-01  4.55469026e-01  5.14654642e-01
  9.32864812e-01 -4.61190258e-01 -4.78361257e-02 -1.85015478e+00
  2.10573098e-01 -1.75456724e+00 -6.45380856e-01 -7.22665077e-01
 -2.86370726e+00 -6.98297846e-01 -3.25007779e-01 -8.28103403e-01
 -4.63356932e-01  1.40335332e+00  1.04147452e+00  3.24834022e-02
 -1.33585435e-01  9.80053324e-02 -3.49737419e-01  6.38537993e-01
  1.40723721e-01  1.49452260e-02 -9.31344683e-01 -3.83895848e-01
  5.88151384e-01  4.26872372e-01 -4.50951472e-01  5.75854260e-01
  8.82541602e-01  3.84248632e-01 -1.90937287e-01 -2.55292552e+00
 -2.28766125e+00 -1.53620280e+00  9.16838924e-01  7.08332304e-01
  1.17005675e+00 -1.36743124e+00 -8.81239196e-01  7.19845230e-01
  1.18696506e+00  1.34224554e+00 -3.96963668e-01  1.44628978e-01
 -5.79859475e-01  1.89567759e+00  1.44691987e-01  3.13797906e-01
 -5.24255478e-01  6.31699707e-01  2.10781044e+00 -5.84176360e-01
  5.54758679e-01 -7.31436238e-01  1.78209741e+00  2.22048661e+00
 -2.45676122e-01 -3.71624950e-01  1.85196185e+00  4.02196565e-01
  3.74895394e-01 -9.18635801e-01  1.45908760e+00  5.91233175e-01
  1.87906625e-01 -5.70496879e-01 -9.63931018e-02  3.05629530e-01
 -4.02781349e-01  1.54708144e-01  1.63300222e-01 -7.58298966e-01
 -1.12444642e+00  2.14852834e+00 -1.19456524e-01 -7.27704030e-01
  1.81009728e+00 -1.26369136e+00  7.79513676e-01 -1.33689353e+00
  6.06147049e-01 -4.50699112e-02 -3.29281144e-01  5.21765076e-01
  1.00950829e+00  5.88106803e-01 -1.08183814e+00 -1.88207276e-01
 -2.52412856e-01  8.04829768e-01 -1.86778402e+00  1.10901827e+00
  2.18777263e-01 -1.98300573e+00 -1.13387359e+00 -5.91815783e-01
  8.05782143e-02 -1.03658725e+00 -4.82073416e-01  3.59842992e-01
  1.29778465e-01 -6.22738953e-01  5.22129744e-01  4.05837591e-01
  3.40503127e-01  3.14198572e-01 -5.55733130e-01 -1.36275442e+00
 -5.93815635e-01 -8.93407847e-01 -1.53164715e+00  1.75879420e-01
 -8.11665536e-01  1.36274432e+00  1.21927522e+00  4.10549756e-01
 -6.90583895e-01  4.26885217e-01 -9.92007792e-01  1.01332204e+00
  2.15051357e-01 -6.09711115e-01  2.40447422e-01  1.03417228e+00
  1.98249808e+00 -9.20119944e-01 -7.41031879e-01  6.89501810e-01
 -6.20540251e-01  7.65481369e-01 -3.13662672e-01  2.33864186e-01
 -8.75871046e-01  7.62593147e-01 -1.35489876e+00  4.43718040e-01
  4.10837069e-01 -3.07301247e-01 -3.03811516e-04 -1.00909429e+00
  8.66380494e-01 -1.53150864e+00  1.25902780e+00 -2.05541412e-01
 -1.04064295e-01  6.72855185e-01 -6.13163934e-01 -6.50872480e-01
 -3.41079222e-01  1.17724878e+00  1.88381122e+00  3.52034749e-01
  3.78242758e-02 -1.49912595e+00  1.37777709e+00 -3.28898712e-01
  9.15487097e-01  7.93150410e-01 -7.79993066e-01 -2.08981928e-01
  1.94142505e-02 -7.29184673e-01 -8.97847415e-01  1.33379490e+00
 -3.36322553e-03 -9.42708687e-01  2.99432973e-01 -5.38962338e-01
  5.09246369e-01  6.01006473e-01  2.85349300e-01  2.61142919e-01
  3.40271006e-01 -5.91400020e-01 -9.02873815e-01 -1.18820428e+00
 -1.82384870e+00  4.61863352e-01  1.65772818e+00 -4.76249878e-01
 -6.17948441e-01 -5.00820101e-02 -3.55788629e-01  6.80561168e-01
  8.01429119e-01  1.01639975e-01 -1.45937884e+00  2.19860964e-01
 -5.29809195e-02 -8.46556914e-01  5.53015655e-01 -3.76213168e-01
 -9.08349030e-01  1.60495210e+00  3.61910221e-01 -1.86444674e-01
 -9.86561493e-01 -8.57816174e-01 -1.34983307e+00 -8.23169569e-01
 -2.49771311e+00  1.04591094e+00 -1.24983863e-01  7.76195340e-01
  7.84969041e-01  2.06886736e-01  1.02878597e+00  7.18111863e-02
 -1.01415980e+00 -1.83890066e-01  3.33447377e-01  8.89229576e-01
  2.23004729e+00  1.45147941e-01 -1.61301463e-01  4.98893826e-01
  3.94230548e-02  4.67776877e-01  1.79297493e+00  1.81806817e-01
  4.75274355e-01  4.78062995e-01 -6.33572348e-01 -4.62628029e-01
 -2.44767249e-01 -2.84168243e-01 -8.93868869e-03  7.13109425e-01
 -5.01215414e-01  9.59973255e-01  6.51401477e-01 -1.57541412e+00
  2.09190796e+00 -1.29284881e-01 -5.65924283e-01  4.89107953e-01
 -1.07944704e+00 -7.46984726e-01 -3.77545040e-01 -4.65779923e-01
 -9.35598661e-01  4.81746950e-01  2.03191132e-01 -4.69710539e-01
  2.64635912e-01  1.20672195e+00 -7.04933748e-01  1.01007162e+00
 -1.29688837e+00 -2.27310321e+00  2.36559269e-01  4.89221169e-02
  9.54958732e-01  5.16790251e-01 -4.78479973e-01  5.92231331e-02
  8.99898216e-01  1.97461750e-01 -1.66488356e+00 -1.06270531e-01
  1.06141845e+00 -4.42473514e-01 -1.02235220e+00 -3.08593096e-01
  8.22998476e-01 -1.18137241e-01 -1.44647821e+00  9.35154274e-01
 -1.89894272e-02 -7.58000583e-02 -2.12835999e-01  2.02196333e-01
 -7.89544611e-01  8.53667916e-01  8.07087593e-01  6.96153280e-01
  1.88290911e+00  2.79563354e+00 -1.00684242e+00 -8.43082973e-01
  2.05225791e+00  1.66848824e+00  8.75250638e-01  3.22590555e+00
  2.43728392e-02  1.14425051e+00  1.28340175e-01  8.15038889e-01
  1.47954464e+00  2.96474857e-01  1.79472464e+00  5.55737043e-01
  3.23694226e-01 -3.79921046e-01 -1.57462912e+00 -2.15329002e-01
  1.03385126e-03  8.61152109e-01  4.84797199e-01 -9.00334721e-01
 -1.00428689e-01  4.04088925e-01  5.52167809e-02  7.28972734e-01
  1.42666858e+00 -1.65440252e-02 -1.03014172e-01  1.20898237e-01
 -7.02552584e-02  4.89378052e-01  1.32942314e-01  6.77622831e-01
 -5.34603698e-02  2.87914914e-02 -3.51170823e-01 -7.12532379e-02
 -5.95815934e-01  5.12155891e-01  7.78575844e-01 -5.62902441e-01
  2.10924628e-02 -1.74870764e+00 -2.17408708e+00  9.06879795e-01
  8.61314716e-01 -2.16337709e+00 -2.68613548e-01  2.66697299e+00
 -1.27741881e+00 -8.11518437e-01 -1.03040616e+00  1.14156324e+00
 -4.94148086e-01 -4.55034561e-03 -1.09099622e+00  6.20778396e-01
 -7.56218110e-01 -4.08351238e-01  5.59688536e-01  4.05332336e-01
 -3.16695102e-01 -6.15717288e-02 -2.01620691e+00 -8.38735746e-01
 -1.88290677e+00 -1.11367445e+00 -3.15330365e-01 -1.06277107e+00
  1.91400184e+00  1.54000378e-01  7.27964054e-01 -3.15463782e-01
  1.47112285e+00 -1.27386633e+00  8.54905487e-01 -9.07369682e-01
 -7.40402437e-01 -1.00078348e+00  7.44690465e-01  6.53753312e-01
 -1.19259657e+00  1.25277841e+00 -5.24142560e-01 -9.03892821e-01
 -2.07065538e-01 -4.83129572e-01  4.61060288e-02  1.61305912e+00
  2.35290477e-01  6.50523554e-01 -2.01098023e+00 -2.20412399e-01
 -1.75339961e-03 -1.27471309e-01 -9.46297665e-02 -5.94662694e-01
  1.00450665e+00  1.72537925e+00 -8.45518906e-01 -2.85829542e+00
 -4.62324768e-01 -1.31814984e+00 -6.00880239e-01  7.71087164e-01
 -4.76018124e-01 -3.15067634e-01 -6.21130021e-02  2.05488066e-01
  1.55368253e+00 -1.33623982e-01  1.76437615e+00  1.55937721e+00
 -1.26236059e+00 -3.50162634e-01 -9.38014431e-01  3.88250706e-01
 -9.47648385e-01  9.26453018e-02 -4.74822804e-01  7.30246971e-01
 -4.48525844e-01 -1.41864613e+00 -1.23576815e+00  1.11234287e+00
  1.51834682e-01  3.58151989e-01 -4.59263975e-01  8.75339718e-01
 -1.49486098e-01 -4.37671027e-01  2.85709478e-01  1.79461668e+00
  1.83234784e+00  1.70194041e+00 -5.39904576e-01  1.48546216e+00
 -6.57341968e-01 -5.63266853e-01  1.83575713e+00  1.68229170e-01