-2.53873620e-02 -1.31468399e+00 -4.02325896e-01  9.93441344e-01
 -1.63085561e+00  3.82175921e-01  6.47867834e-01  2.01256583e-01
  1.24174693e+00 -1.53424966e+00 -2.07074754e-01  2.72520410e+00
  2.21815319e+00 -1.05085220e+00 -1.33800695e+00  1.01479088e+00
  4.59579617e-01  1.30790045e+00 -9.11891349e-01 -1.18757210e+00
  5.14830171e-01  5.51868632e-01  1.11253215e+00  3.94705462e-01
  9.75749488e-02 -6.70272800e-02 -1.00219089e+00  2.24886948e-01
 -5.87246135e-01 -2.93063935e-01  4.76796283e-01 -2.36988869e-01
 -1.12630765e+00  7.92968027e-01 -2.49143348e+00  1.07863720e+00
 -1.22482118e+00  8.55483568e-01  1.28549969e+00 -1.93684764e+00
  3.78179663e-01 -3.91022474e-01  2.09373263e-01  2.00125229e+00
  2.59822682e+00  9.02495504e-01  1.01121192e+00  1.42263816e-01
 -3.91780117e-01 -3.31679190e-01  6.33376192e-01 -1.07881590e+00
  1.44320761e+00 -1.56169499e-01  3.42738817e-01  2.86403937e-01
 -1.22647187e+00  1.36072916e-01  1.79616974e-01 -8.91385300e-01
 -1.29846230e+00 -9.07398802e-01  1.53478820e-01 -1.04263776e-01
 -1.99487705e-01 -1.27720254e-01  7.67835282e-01 -9.86645441e-02
 -1.04980264e-01 -2.05829735e+00 -1.35746021e+00 -1.47174655e+00
 -9.10210732e-01  6.46401210e-02  5.40411285e-01  5.33856175e-01
 -2.90682277e-01 -8.00003765e-01 -9.80633087e-01 -8.19996323e-01
  2.52758264e-01 -1.29418158e+00  5.59472374e-01  9.18922983e-01
 -3.07551626e-01 -3.91921460e-01 -4.81073703e-01 -7.80325380e-01
 -7.87876953e-01  8.19047482e-01 -1.23415936e+00 -1.28959149e+00
 -7.48796209e-03  4.90458694e-01  1.27437539e+00  1.90939187e-02
 -3.18099933e-01 -7.24138188e-01 -1.67624740e+00  3.62518444e-01
  5.38430264e-01 -3.61391152e-01 -1.40730221e+00  8.38880302e-01
 -5.89156719e-01  7.43864720e-01 -6.91551097e-01  1.22255427e+00
  2.05716793e-01  6.72989097e-01 -2.15661049e+00  1.20639487e+00
  7.78787151e-01  2.10889800e+00 -1.38948566e+00 -1.11647072e+00
 -1.84249163e-01  1.97913600e+00  1.05521777e+00  7.02465591e-01
  5.95773752e-01 -1.39323430e-01  6.63753702e-01  3.85967889e-01
 -6.90389988e-01 -1.31916570e+00 -4.58581166e-01  8.20826780e-01
  1.23265238e+00 -4.31072272e-01  8.41951730e-01  5.53505700e-02
  4.01920413e-01 -1.26216523e-01 -6.56925909e-01  1.24815196e+00
 -2.12619059e+00  2.80587657e-01 -2.78288506e+00  6.87301222e-01
  5.15179688e-01 -6.37408307e-01  1.65154726e-01  6.70500022e-01
 -1.55308395e+00 -7.05494298e-01  1.90135259e-01  9.95071167e-01
  1.51631932e+00 -3.49561498e-01 -9.77538222e-01  8.41289088e-01
 -1.23892798e+00 -2.20737282e-01 -3.85657085e-01 -1.09208543e+00
  4.29919887e-01  7.76304954e-01  2.89392874e-01  6.18662508e-02
 -1.02312866e+00  1.49299593e+00 -9.86227933e-01  4.91108380e-01
 -1.09517306e+00 -1.45263448e+00 -6.10062421e-01 -9.75456296e-01
 -4.72475811e-02 -2.15425201e+00  1.28913191e+00  1.90820551e+00
  4.67468732e-01  3.45876688e-01  1.51493594e+00 -9.45976629e-01
 -1.12631894e+00 -9.69154228e-01  2.13963442e+00  4.95846749e-01
  9.66679931e-01 -5.13660337e-01  2.32822610e+00 -2.47660483e-01
 -1.81696793e+00 -6.67329704e-02  3.12099116e-01 -2.73836129e-01
 -4.06157852e-01 -9.91123624e-01 -2.27198347e+00  1.24210285e+00
  2.17627462e-01 -4.50740414e-01 -3.06793250e-01  4.54031323e-02
 -5.83856939e-02 -4.03842714e-02  2.07748860e+00  1.03670492e+00
 -5.17459690e-01 -4.59961718e-02 -9.09755243e-01 -1.33139007e+00
  8.59171906e-01 -3.32061256e-01 -7.67850337e-01  1.10893049e+00
  1.80848715e-01  4.56323074e-02  1.37989981e+00 -3.72278918e-02
 -2.63209424e-01  6.29526087e-01  6.30149343e-01 -7.80010634e-01
  6.26162047e-02 -3.07842923e-01  1.08936593e+00 -3.67714732e-01
  2.63280337e-01  9.16472829e-01  5.48282255e-01  8.85080659e-02
  2.37267067e-01  1.60142660e+00  3.00720130e+00  1.13270342e+00
 -2.12273536e+00 -1.00946619e+00 -1.02419439e-01 -1.35499654e+00
  1.61802710e+00  7.90626355e-01 -1.28588050e+00 -3.67241065e-01
  9.27351715e-01 -8.89935179e-01 -4.70121482e-01  1.03883310e+00
  1.30080285e+00 -1.77136158e+00 -6.75556765e-01  1.58055802e+00
  9.47752049e-01  1.01568843e+00  1.01529297e+00 -1.70602850e+00
 -1.95549298e+00  1.09894064e+00 -1.29863424e+00  3.41619741e-01
  1.33423544e+00 -7.84820078e-01 -7.27280830e-01 -4.79048220e-01
 -2.15605144e+00 -2.14165611e+00 -9.45741202e-01  5.51332955e-01
  3.41766040e-01  9.70930414e-02 -8.10788615e-01  3.77923725e-01
 -3.55142042e-01  1.51001714e+00 -8.19844127e-01 -1.27509709e-01
  9.41341680e-01 -1.78733576e+00  4.90967559e-01 -5.36173165e-01
  6.60348079e-01 -1.73625508e-01 -7.82633765e-02  5.89292725e-02
 -5.24906546e-02 -4.57972838e-02 -1.32292610e+00  4.99056702e-01
  1.12810061e+00 -9.85129667e-01 -4.95252772e-01 -7.41051564e-01
  4.60618544e-01 -2.99433861e-01 -6.90056284e-01  5.72714983e-01
 -1.80584733e+00  7.27770560e-01  8.03854494e-01  1.36861960e+00
 -1.08459918e+00 -2.30426038e-01  9.56814417e-01  8.07790629e-01
  5.22404619e-01  4.84094341e-01 -5.15944905e-01  1.07572442e+00
  1.16945301e+00  3.80345292e-02 -4.44803984e-01 -7.15340911e-01
  1.70367597e-01 -5.35392926e-01 -9.12964707e-01  3.62629170e-01
  1.21769322e+00 -8.14069900e-02 -8.60559104e-01  1.31043125e+00
  1.78870319e+00  6.32736158e-01  6.54897849e-02  1.60575805e+00
 -1.74003249e+00 -4.30361781e-01  1.66930687e+00  5.81347102e-01
  6.42054570e-01 -7.32313282e-01  3.04495423e-02 -4.76179873e-01
  1.00588700e+00  9.24371006e-01  4.11259017e-01 -6.72047695e-01
  6.53693766e-01 -5.57138171e-01  7.40057106e-02 -9.33754959e-01
  1.28909296e-01 -4.67833678e-01  1.76286939e+00  3.73244844e-01
  1.61081213e+00  1.63152196e-01  3.59418074e-01  1.96456954e+00
  2.53670215e+00 -7.53090570e-01 -2.31812317e-01  1.47082029e-01
  3.23683851e-01  9.57076150e-01  1.61598878e+00 -4.69454613e-01
 -1.27625350e+00 -1.75010857e+00  9.07458783e-01 -9.95837068e-01
  1.16410814e+00 -5.53583406e-02 -5.03865366e-01  2.53536781e-01
 -1.32306522e+00 -9.85904938e-01 -1.44252618e-01  3.17565457e-02
  6.50989352e-01 -1.62433129e-01  2.55315623e-01  1.63963659e+00
 -1.93122886e+00 -7.18452738e-01  2.46684256e+00 -2.39313936e+00
 -1.71462206e+00 -3.04401323e-01 -8.75600600e-01  4.04181022e-01
 -1.23300317e+00 -2.67921920e-01  2.29442415e+00 -3.65270499e-01
  3.74959026e-01 -2.32161597e-01 -8.28954600e-01  7.75063805e-01
 -1.39838340e-01 -2.89789545e+00 -1.27446357e+00  2.04661718e-01
  8.16396619e-01 -2.06853269e+00  2.94890763e-01 -9.26067278e-01
  4.98010084e-02  8.20259803e-02  3.19194745e-01 -7.69725766e-01
 -1.65390165e+00 -2.16057522e+00  5.02833903e-01 -1.08408792e+00
 -1.16221250e+00 -3.23963334e-01  1.60532692e-01  1.00950145e+00
  8.74507414e-01 -1.09524508e+00 -4.08841165e-01 -1.61839356e+00
 -4.53258942e-01 -1.26437285e+00  7.66965597e-01  5.59113503e-01
  8.23568801e-01  9.09191420e-01  4.00961689e-02  1.67089051e+00
  4.96564923e-01 -2.85732347e-01 -8.24385213e-01  6.51923130e-01
  1.82457492e-02  1.48516347e+00 -2.00591240e-01  9.49405211e-01
  6.27397098e-02 -6.98578024e-02  1.14512589e+00 -1.83474056e+00
  2.88857234e-05 -9.83456903e-01  1.05081963e+00 -4.26149326e-01
  8.11413709e-02  6.22843582e-01 -1.19191286e+00  1.66134118e+00
  8.99936576e-01 -6.28445559e-01  1.15127061e+00 -4.47971679e-01
 -1.51675207e+00  1.08763564e+00  4.89045493e-01 -7.10788695e-01
 -6.76927703e-01 -1.16293083e+00  3.37475204e-01 -6.13236122e-01
  2.34108343e-01 -4.38997463e-01  1.33610526e+00  1.07641208e-01
 -1.52222845e-01 -4.01785651e-01  1.95018697e+00  2.47017851e+00
 -9.39035461e-01 -6.56242505e-01  8.27756511e-01 -8.01497442e-01
 -1.28466485e-01  4.44993594e-01  3.79541544e-01 -5.22952407e-01
 -5.86036085e-01  3.83979679e-01 -4.11197475e-01  8.64471030e-01
  1.48578128e+00 -2.67123734e-01 -1.13692969e-01 -7.88368246e-01
 -5.50045906e-01  2.34787328e-01 -3.47589775e-01  4.98520244e-01
 -1.05488762e-02 -1.60945643e+00  4.14226978e-01 -8.53651475e-01
 -1.24540705e+00 -9.17024858e-01  2.02780711e-01  9.57523167e-01
  1.96069256e+00  3.08165111e-01 -1.04712449e+00  5.63547324e-01
 -2.76950344e-01  8.91157309e-01  3.62296500e-01 -1.21530271e+00
 -3.74945630e-01 -9.67023072e-01 -1.12355125e+00  1.25756162e+00
  8.32489114e-01  7.01343386e-02 -6.05077085e-01  6.64402479e-01
  2.92852251e-01 -1.04418545e+00 -1.83754967e+00 -1.46236744e+00
 -6.07716644e-01 -1.10036956e+00 -2.71016542e-02 -5.05733625e-01
 -1.14349353e+00 -1.10241877e+00  2.35736510e-01  1.05016114e-02
  6.24570504e-01 -2.91040665e-01 -1.45277428e+00 -5.75510893e-01
  5.29905366e-01  1.67060100e-01  2.30515961e-03  1.83568643e-01
  1.39964207e-01 -1.14671745e-01 -1.78141776e-01  7.63840178e-01
 -4.67408374e-01 -5.77665263e-01  1.70811979e-01 -3.36347576e-01
 -9.85324541e-02 -1.93732960e+00  3.48665170e-01  1.07093017e+00
 -8.59127842e-01 -1.18655693e+00 -4.56275646e-01 -2.03650856e+00
 -1.84294103e+00  1.61689996e+00 -7.45373238e-01  7.11637378e-01
 -7.93996711e-01 -5.03110692e-01  5.55023537e-02 -6.88067233e-01
  2.96201602e-01  2.29154204e-01 -9.38230298e-01 -9.15174558e-01
  9.32111570e-01 -2.12121739e-01 -6.18072208e-01  1.18723010e+00
  1.50896662e+00  9.26737694e-01 -4.74167907e-01 -9.05776850e-01
 -7.95632637e-02  1.24343612e+00  2.91730359e-01 -7.99566872e-01
 -1.54338628e-01 -3.82290146e-01  2.37856405e-01  9.07094585e-01
 -5.96941558e-01  4.00470782e-01 -1.28071613e-01 -4.04974347e-01
 -3.64056088e-01 -3.15656507e-01 -3.91074973e-01 -1.39116127e+00
  3.90255297e-01  2.25912809e+00 -6.67950111e-01  5.40769691e-01
 -1.87488148e+00 -1.97479548e+00  3.76356171e-01 -8.83815446e-02
 -1.08062859e+00 -1.18180429e+00  4.77661057e-01  2.17142309e-01
  2.72580875e-01 -1.00760632e+00  7.45175455e-01 -1.20738665e+00
 -4.73441196e-02  8.77194677e-01 -1.14209854e+00  1.27173329e+00
  6.64561557e-01 -1.53530557e+00  6.92342754e-01 -1.48810593e-01
  6.81909810e-02 -1.70137292e+00  1.07107095e+00 -1.04632185e+00
  2.14992395e-01  1.14590442e+00 -8.54184139e-01  5.43476386e-01
  8.14108829e-01 -1.47131611e+00 -1.01568556e-01 -5.40736780e-02
 -1.52014077e+00  9.06899300e-01  6.41154409e-01  1.31920031e+00
 -1.08349656e+00 -1.46491812e-01  1.80019504e-01  1.32504997e+00
  1.06322280e+00 -5.70015802e-01  1.50177435e+00 -7.92081189e-01
 -9.59860516e-02  4.52673780e-01  2.26289780e+00  2.58090159e-01
 -4.22625699e-01  1.36589255e+00  2.63557573e-01  6.48552079e-02
 -1.23181257e+00  8.81320029e-01 -1.60990959e-01 -1.70609934e-01
  1.05638164e+00  3.97183796e-01 -4.57883841e-01  4.40658060e-01
 -2.15188001e-01 -2.34212452e-01 -1.01223593e-01 -2.96878288e-01
 -8.86937333e-01  7.01126871e-01 -4.87036444e-01 -3.40887415e-01
 -9.54367526e-02 -1.26300358e+00 -6.25681480e-01 -7.00908655e-01
 -1.00296731e+00  1.08516788e+00 -1.96216727e+00 -1.34409023e+00
  8.99967781e-01  1.56358531e+00 -4.95677131e-01 -1.05303775e-01
  6.87834720e-01  6.86332736e-01  3.30588847e-01  7.66272995e-01
 -1.52121205e+00 -4.62849670e-01  3.14535635e-01 -5.55715656e-01
 -6.99202561e-01  4.09171552e-01  1.37374233e+00  1.78043370e+00
 -5.57469767e-01  7.10206537e-01  3.68136486e-01  7.39826420e-01
  1.81193192e+00 -7.03020788e-01  8.76701816e-01  1.22002938e-01
 -1.12053400e+00  1.36698297e+00  1.38296356e+00 -1.59733618e+00
 -1.98367455e-01  1.18832391e+00 -5.89379467e-01  4.38881997e-01
 -1.02858443e+00  1.05617700e+00 -4.98982270e-01 -3.12936689e-01
 -6.91973317e-02 -5.15731469e-01  1.61921457e+00 -1.13853688e+00
 -4.70820879e-01 -1.29342350e+00 -6.47445254e-01  1.11336624e+00
 -1.16841433e+00 -7.33232428e-01 -1.05124493e+00 -3.41327810e-01
  5.30891876e-01 -1.19306212e-01  7.93930848e-01  4.38613520e-01
 -1.39656841e+00 -2.64657197e-01  1.14153675e+00  8.48568973e-01
  1.47427140e+00  2.72731992e+00 -3.84038578e-01  5.77601397e-01
  8.83275537e-01 -3.43193065e-01  6.72769755e-01 -2.49402216e-01
 -1.34361871e+00 -6.11216784e-01  6.50938094e-01 -8.93474684e-01
  3.18129191e-01  5.84777731e-01 -1.17738010e+00 -2.70505603e-01
 -2.34191641e-02  1.35641763e+00 -6.36954543e-01 -1.80389957e-01
 -1.27671817e+00  3.65899448e-01 -1.14407594e+00  4.38678761e-01
 -1.62484981e+00 -6.56420058e-01 -1.99671380e+00  1.29535207e+00
 -4.94474129e-01  6.16979737e-01 -4.29103828e-01  9.63300817e-02
  1.46287932e+00 -9.46438117e-01 -9.72134597e-01  1.95695688e-01
  2.33766641e+00  3.04628592e-02 -5.27846717e-01 -1.82903480e+00
  2.46357544e+00  2.01840054e+00 -4.03977826e-01 -1.30571930e+00
 -2.11542480e-01 -7.72980759e-03  9.24509264e-01  1.80656039e+00
  3.85902122e-01  1.07402463e+00 -2.39588752e-01  8.44120888e-01
  5.40949782e-01  1.14088319e+00 -2.55006009e+00 -1.69168091e+00
  1.78246170e-01  7.75682512e-01 -1.05789778e-01 -1.32931216e-01
 -7.85259658e-02  1.54132358e-01 -1.75308266e+00 -1.40124907e-01
  9.60627421e-01 -1.30168041e+00 -6.40986750e-01  2.49167081e-02
 -1.80165871e-01  2.56706992e-01 -1.37955004e+00 -1.08191709e+00
  3.07925105e-01  6.85612219e-01 -1.18389373e-01  7.60207033e-01
  6.87890882e-01 -1.74566601e+00  1.53488624e+00  4.67234790e-01
 -2.97093682e-01  1.59372519e+00  5.95223243e-01  1.91610208e+00
 -1.40799511e-01 -1.12585182e+00  4.25272959e-01 -1.88908100e+00
  4.43631632e-01  2.77233034e-01 -3.47403039e-01  8.12906475e-01
 -6.60363742e-01  1.28915326e+00  1.45005231e+00  7.05294367e-01
 -1.93382456e-01  7.05033967e-01  1.23261400e+00  1.22247466e-01
 -9.66577132e-01  1.28961527e+00  5.71596449e-01  2.56336934e-01
  2.43175622e-01 -6.78984787e-02 -9.05998544e-01 -5.04155706e-02
 -1.90861037e+00 -1.37510083e+00 -1.71356703e+00  1.52006977e+00
  8.97527841e-01 -1.09655261e-01  6.36381255e-02  1.62401236e+00
  5.50908976e-01 -6.51002094e-01  1.66362348e+00 -1.21434503e+00
 -6.82857666e-01 -1.44570600e-01 -1.00373847e+00  2.11179629e+00
 -6.86713927e-02  7.42705407e-01  1.36061930e+00  2.49793112e-01
  6.61752043e-01  1.86016156e+00 -2.93479286e-01 -9.72602010e-01
 -8.54523697e-01 -5.89602299e-01 -1.43951653e-01 -6.92972229e-01
  1.22769735e+00  9.90516931e-01  3.17108925e-01  1.34768786e+00
 -1.68437360e+00  9.73305086e-01  4.98972274e-01  8.71037485e-03
 -3.24450621e-01  5.69279636e-01 -3.62670947e-01 -1.01068378e+00
 -1.61838348e+00 -9.58724516e-01 -9.25151441e-01 -1.00162532e-01
  2.99583792e-01 -2.87255182e+00 -1.00871409e+00 -9.43696545e-01
 -7.92199507e-01 -1.61796900e+00 -5.95429086e-01  5.95924300e-01
 -3.04499797e-01 -5.72334310e-01 -3.19930341e-01 -1.41503317e+00
 -5.55944177e-01 -1.44593841e+00  3.02921630e-01  3.25448136e-01
  2.17977171e-01  2.44886421e-01  3.25411172e-01 -1.04561752e+00
 -1.29374526e+00  3.31464043e-03  2.02000208e+00 -1.16920806e+00
 -2.61759153e-01  6.55133363e-01  1.01169215e+00  1.81879026e+00
 -1.10337942e+00  2.74810893e-01 -1.21162608e+00  1.15938678e+00
 -7.37387125e-02  4.44924984e-01 -1.90643099e+00 -1.58107773e-01
  1.22276929e+00  4.17715149e-01  1.21222601e+00  7.88927931e-01
 -3.40033777e-01  1.01448280e-01 -1.30283673e+00  4.25394364e-01
  5.56720964e-01  1.34656781e+00  2.76265025e-01  6.67897414e-01
  3.36465688e-01  1.26741439e-01 -8.38921955e-01  8.24400371e-01
  1.62452042e+00 -1.03924624e+00  2.70732680e-01  1.10460564e+00
  5.47310680e-02  9.62084324e-01 -9.44488297e-01 -1.47524226e+00
  8.21440885e-01 -1.33035648e+00 -7.55025417e-02 -1.98392516e+00
  4.86913917e-01 -1.48553973e-01 -3.89593986e-01 -9.02621094e-01
  8.95713904e-02  7.35965692e-01  1.96935818e+00  7.96192667e-01
 -6.81512001e-01 -3.34783369e-01 -4.24745867e-01  2.30396526e+00
  2.68064870e-01 -5.35727016e-01  4.66128863e-01 -4.74045505e-01
  6.48114870e-01  3.47813223e-01 -7.96658802e-01  8.79377470e-01
  1.86828590e+00 -5.00361474e-01 -9.68481935e-02  1.28463637e+00
 -2.24078076e+00 -1.71710807e-01 -9.30483433e-01 -2.80710143e-01
 -1.14642434e+00 -4.33631678e-01  1.68259075e+00 -1.65962438e+00
 -8.47793904e-01 -2.66877095e-01 -3.55270483e-02 -2.69703774e-01
  7.83428614e-02  2.81171410e-01 -2.12758345e+00 -8.17582460e-01
 -5.58069804e-01  4.41361024e-01 -9.27369872e-01 -1.68801389e+00
  5.48159665e-01 -5.78757662e-01  5.93163108e-01 -1.88492603e+00
  7.05994001e-01  9.20463829e-01 -1.30974561e+00  1.74410057e+00
 -7.57726909e-01 -1.15045760e+00 -2.60048856e+00  1.45251356e-02
  1.32069738e+00  1.00338685e+00 -8.77171074e-01  1.28161590e+00
 -4.97179780e-02  9.42819764e-01  1.86714939e-01  2.34256161e-01
 -1.18359866e+00 -3.34062626e-01 -9.66121162e-01  7.34139317e-01
 -4.08779840e-01 -1.90189907e-01 -6.26610462e-01  6.53487307e-02
 -1.31094699e+00 -3.82331664e-01 -2.24851990e-01  1.69524648e+00
  1.80740346e+00  1.71218968e-01 -6.18370491e-01  6.93792243e-01