 3.48400861e-01  9.29455859e-01 -9.64991759e-01  1.81966613e-01
  2.08284159e+00 -4.93225252e-01  1.39376499e+00 -1.44874538e-01
  5.55767852e-01 -2.11759312e+00 -1.65453823e+00 -2.39011829e-01
  9.60190175e-01 -1.02444804e+00  1.80315326e+00 -7.69092534e-01
 -8.71076048e-02 -7.09412781e-02 -7.83561721e-01 -7.10105032e-01
  1.88176871e+00 -5.19112630e-01  6.95550700e-01  7.73628492e-01
 -2.00023770e+00  4.23248688e-01 -4.83366689e-01 -8.51013461e-01
 -1.51861875e+00  9.99697199e-02  4.95052113e-01 -1.11751304e+00
  1.37822876e+00  1.17045923e+00 -6.32543292e-01  1.99384977e+00
 -2.32629419e+00  4.55661633e-01  2.02088529e-01  1.89915429e-01
  4.87432102e-01  9.68131772e-01  1.29175338e+00 -1.12507963e+00
  3.94748785e-01 -5.07522646e-01  1.32480704e+00 -5.86118481e-01
  1.79241292e-01 -2.15552999e+00 -7.86774971e-01 -1.39456425e+00
 -8.74318377e-01  5.76861892e-01 -6.47850130e-01  1.31403005e+00
  4.48931019e-02  2.19521331e-01 -4.68849370e-01 -3.88856932e-01
  8.24319340e-01  3.11492266e-02 -5.74143222e-01 -1.76572551e-01
  7.37556389e-01  1.18731085e-01  1.38774798e+00  1.10329688e+00
 -1.33707529e+00  1.29905832e+00 -1.32968001e-01  5.20170364e-02
  3.52692917e-02 -3.34530979e+00 -8.14875144e-01 -9.24170975e-01
 -1.48923177e-01  8.92278206e-01  7.58267360e-02 -8.02073438e-01
 -2.16450400e+00  5.17077210e-01  4.45052515e-01  6.85705468e-01
  1.14108871e+00 -8.04578698e-01 -1.62824869e+00  1.49069437e+00
 -8.03929847e-01  4.07036853e-01 -2.87695160e-01  2.00875698e+00
  1.59138833e+00  9.27300311e-01  1.59303430e+00  7.76480518e-01
  1.02765953e+00 -9.61898292e-01 -5.60697390e-01  8.15828127e-01
 -7.56981573e-01 -1.66887895e+00 -5.78505652e-01  1.01061195e+00
  2.71871707e-02 -1.70066750e+00  2.42792612e+00  5.46400376e-01
  1.73295862e+00 -6.06493123e-02 -1.10905097e+00 -8.49681818e-01
 -1.24727635e-01 -1.23172286e+00 -1.10445929e+00  3.48769784e-01
 -2.00760614e+00  3.18518761e-01  2.73539308e-01 -3.00423234e-01
  2.97783145e-02  6.16511043e-01  9.14729191e-02  2.77098412e-01
 -8.39427462e-01 -8.75579240e-01 -6.08848791e-01  1.26263598e+00
  8.86067843e-01  8.88137632e-02  2.23958042e-01 -9.00067816e-01
  7.11275081e-02  1.06972183e+00 -9.12277158e-01  1.36141255e+00
  1.66258830e+00 -3.89408810e-01  7.39909884e-01  6.49190682e-01
  9.03306425e-01  2.90992102e-01 -2.93853282e-02  6.08235308e-01
  1.97878656e+00  8.96358863e-01  7.07388946e-01  2.78867148e-01
  2.30703575e-01  2.25378701e-01  9.53415280e-01 -3.08359660e+00
  1.16185755e+00  2.08103513e-01 -2.30072946e-01  8.46432362e-01
  9.72120633e-01  8.22175743e-01  1.64998224e+00 -8.72343973e-01
 -3.40065189e-01  5.26632168e-01  2.27498820e+00  6.71414106e-01
  5.89019220e-01 -3.56401864e-01  7.28476650e-01 -4.03179737e-01
 -1.11423964e+00 -3.85614301e-01  1.60883309e+00 -1.17573392e+00
  2.10129888e+00  2.14320868e+00  7.22272324e-01 -7.67584876e-01
 -2.17594631e-01  3.56288700e-01 -6.52512865e-01  1.49545364e-01
 -2.90067186e-01  1.77202248e+00 -1.04563355e+00 -2.12912553e-01
  1.12537934e+00  1.12740272e+00 -1.15274157e+00  5.63749661e-02
 -1.20996421e+00  1.02647744e+00  3.20842489e-01  1.48409680e+00
  3.25811544e-01 -1.14905009e+00  1.20282041e+00 -3.80217601e-01
  6.58311747e-01 -1.58235468e-01  1.21829215e+00 -6.99500520e-01
  3.12273575e-02  2.13417781e-02  6.55282990e-01 -2.80104666e-01
  5.47316469e-01  1.54429066e+00  3.02873831e-01 -1.38370606e+00
  1.36473106e+00 -4.68567783e-01  1.06112644e-01  1.44773232e-01
  4.36428798e-01 -2.58376272e+00 -5.40257608e-01  4.18153843e-01
 -8.24464582e-01 -5.65831331e-01 -1.30760158e+00 -3.39122675e-01
 -9.08126914e-01 -3.96117419e-01  1.02521149e+00 -7.63235922e-01
 -1.34034774e+00 -2.89236457e-01  4.15078766e-01  1.20029045e+00
  1.03757026e+00 -1.25982655e+00  1.34920775e+00 -5.75322117e-01
  1.75264956e+00  1.47689741e+00  1.43493336e-01 -8.21710788e-01
 -7.06510517e-01 -7.20673091e-01 -3.68109733e-01  3.34834633e-01
  7.44267471e-01 -1.71606648e+00  9.17002542e-01  1.97023248e+00
 -8.86751647e-01 -2.16114372e+00  7.61893746e-01 -2.76774568e-01
 -1.82144707e-01  6.92611690e-01 -3.57823174e-01 -3.39572441e-01
 -6.43424229e-01  3.74129271e-01  3.05679484e-01 -1.11843337e+00
 -7.02039208e-01 -1.83265593e+00  5.68562501e-01 -1.81043477e+00
  7.97343013e-01 -5.47127409e-01 -2.04258851e+00 -1.52842538e+00
 -7.59704362e-01  9.92850683e-01  6.51069421e-01  2.97804656e-02
  4.99918527e-01 -3.96117023e-01  1.01150773e-01 -2.89506584e-01
  1.06892060e+00 -1.00131636e+00 -3.31403185e+00 -2.89765040e-01
  3.82542821e-01  4.28532291e-01  1.86001407e+00  1.73526695e+00
  3.85608730e-01  2.32375053e+00 -3.36284428e-01 -4.64422174e-01
  1.07375081e+00  5.76516133e-01 -2.27144659e+00 -7.41876601e-01
 -6.36447144e-01 -5.95447624e-01 -1.09834479e+00 -3.50791058e-01
  1.68202770e-01 -2.00266733e-01 -2.17312065e-01  2.13295608e-01
 -5.45127500e-01 -6.67500708e-01  9.33650693e-01  6.62426206e-03
 -1.13603651e+00  5.16370746e-01  4.41256563e-01 -2.70329840e-01
 -2.05218062e+00 -3.85775388e-01 -6.98266933e-02  1.29582496e+00
 -8.66159264e-01  1.79537626e+00  1.30000873e+00 -9.30088775e-01
  8.56625012e-01  6.06367171e-01 -3.53505007e-01  5.10082003e-01
 -3.65594842e-01 -7.33402104e-01 -9.93234373e-02 -1.09658324e+00
  5.52215290e-01 -4.48259773e-01  1.21085813e-01 -7.55164587e-01
 -9.18991780e-01  2.76487964e-02 -1.62853153e-01  9.92492114e-01
  4.14869535e-01  2.85492051e-01  8.56983839e-01 -1.60649383e-01
 -1.90000370e+00 -1.52525248e-01  2.28546797e-01  1.69171478e-01
  1.27058955e+00  1.56810081e+00  2.64383023e-01  2.62006067e-01
  2.09915218e+00  3.60050591e-01  7.78004700e-01 -1.35923699e-01
 -4.78011225e-01  5.05833247e-01  1.46680932e+00  1.53134983e+00
  6.73243323e-01  8.88681017e-01  7.34474039e-01 -7.67311017e-01
  2.26761420e+00  3.07841617e-01  1.95860338e+00  1.96274519e+00
 -3.88002909e-01 -2.54111527e-01 -7.62874094e-01  2.35672320e-01
  5.49820071e-01  2.32719375e+00 -5.31886253e-01  1.09366540e+00
 -9.78395007e-02 -2.91742445e-01  2.66696712e+00 -3.41764496e-01
 -8.70156710e-01 -2.19666395e+00 -2.05964883e+00 -3.54899076e-01
  5.47333579e-01  2.94220717e-01  2.94732526e-01 -1.30776308e-01
 -4.73091384e-02  8.94259930e-01  1.34138040e+00 -4.20913506e-01
 -1.37985946e-01  4.90206808e-01 -9.47500001e-01 -3.79599590e-01
  6.45096105e-01 -6.44704126e-01 -2.40382363e-01 -6.87507911e-01
  1.03509546e+00 -1.40827289e+00 -3.48782227e-02  2.17600301e-02
 -1.92961981e+00  3.98425305e-01 -1.14322325e-01 -1.21809203e+00
  4.22543561e-01 -4.61553671e-01 -6.72322597e-01 -7.63924323e-01
 -4.28116068e-01  1.37419701e+00 -1.36692578e-01  1.14910174e+00
  4.51929007e-04  3.23104931e-01  6.16205558e-01  7.07920211e-01
 -3.45566773e-01  1.09832128e-01  8.95735391e-02  4.44497513e-01
  6.05843850e-01  1.14809833e-01 -5.93685456e-01 -1.99319004e+00
 -1.06274281e+00 -2.34070900e+00  8.08384488e-01 -1.37001440e+00
  3.28943653e-01  1.29117436e-01  1.72682618e-01  8.20294332e-02
 -4.77009368e-01 -1.40219306e-01 -7.15290680e-01 -2.09497341e+00
 -8.57372419e-01  2.70319883e-02 -7.22761962e-01  4.84761683e-01
  1.72607025e-01  4.48209720e-01  9.41713547e-01 -1.00667976e+00
  1.06377924e+00 -1.06417898e+00 -2.41219675e+00  1.03035156e+00
 -2.11702201e-01  1.29064224e+00 -4.79962123e-01  5.55295086e-01
  9.90760086e-01  1.49319623e+00 -5.61336448e-01  1.35953861e-01
  8.37395201e-02 -9.53412105e-01  2.95550912e-01 -7.28294656e-01
 -4.18655791e-01  1.80716465e-01 -5.64389918e-03  1.19585072e+00
  2.67084049e+00 -3.91243851e-01  6.39385368e-01  6.63100517e-02
  8.67107491e-01  2.05823346e+00  2.72888224e-01  9.87558323e-01
  1.11181428e+00 -1.84963570e+00 -8.68184423e-01  8.66293384e-01
 -3.98491534e-01  1.49312519e-01 -5.41530959e-01  1.43933322e+00
  9.28536888e-01 -3.71388819e-01  7.21868612e-02 -1.60629352e+00
  1.00563456e-01 -1.41894387e+00 -3.25903774e-01  4.11729072e-01
  1.92165579e+00  7.03081744e-03  4.11063771e-01 -1.13592715e+00
 -8.56171451e-02 -5.22687513e-01 -1.45139958e+00  1.09432557e+00
  2.36257257e-02 -8.56807759e-01  2.11500337e+00 -8.02604513e-01
  5.82797124e-01  1.11786724e+00  4.57331090e-01 -6.74597503e-01
  1.13705545e+00 -6.71374441e-01 -1.32563587e+00  4.43186184e-01
  1.90662392e+00  7.90454572e-01 -4.40888986e-01 -1.49559218e+00
  9.85465804e-01  1.47705212e+00  6.79252936e-01 -3.06950102e-01
 -1.91815887e+00  1.87105539e-02 -1.53490183e+00 -9.58104242e-01
  4.82084635e-01  9.29329015e-02  4.88019295e-02 -6.30423669e-01
 -7.56255815e-01 -1.69062996e+00  9.17404751e-01  8.10110449e-01
  8.43211916e-02 -4.82399271e-01 -5.64757330e-01 -2.58406410e-02
 -1.16378800e+00  4.53329790e-01  1.86912309e-01  1.27737405e+00
  1.08042432e+00  2.37705651e-01 -1.06821610e+00  1.37177094e+00
  2.47589407e-01  1.79311632e+00 -1.65863354e+00  8.10683655e-01
 -3.26129419e-01 -8.20210786e-01 -1.65841395e-01 -2.76094018e-01
  9.24721704e-01  5.71642635e-01 -1.96271632e+00 -5.06431246e-01
 -1.95829060e+00 -9.30307587e-01  7.46528977e-01  7.45843547e-02
  2.00856303e-01 -8.21500822e-01 -1.61063223e+00  6.24644288e-01
 -2.74434716e-01 -2.14596835e-01  1.06540525e+00  1.33802737e+00
 -6.24047624e-01 -5.49330547e-01  8.35584857e-02  4.80289530e-01
  3.80980244e-01 -9.77448574e-01  2.45008351e-01  5.13270529e-01
  1.07819534e+00 -4.17427203e-01 -4.51148263e-01  1.39400501e+00
 -5.36503248e-01 -2.03389598e-01 -1.71946188e-01 -1.70345616e+00
  2.07522380e-01 -8.11023793e-01 -5.06506250e-01  6.70568697e-02
  4.05831069e-01  7.99364327e-01  4.00775016e-01  9.36023274e-01
 -2.91299925e-01 -1.28977921e+00 -1.69576074e+00  1.75375342e+00
 -8.41981843e-01 -1.02525305e+00 -6.25257438e-01 -9.81646538e-01
 -1.19209566e+00 -3.49143387e-01 -1.75718020e+00 -2.31952959e-01
 -6.93672652e-01  1.64829138e+00 -2.76205381e-01  6.01583415e-01
 -9.79028554e-01  1.09104144e-01 -2.85469127e-01 -1.28029366e+00
  3.48772498e-01 -9.95529025e-01  9.57961502e-01  4.55794670e-01
  5.91907089e-01  8.01719024e-01  8.19835179e-01 -7.30784528e-01
  8.34932514e-01  6.57163012e-01  1.75401363e-01 -3.34890416e-01
  5.90461600e-01  2.73602582e-01 -9.40410300e-01 -1.22085569e-02
  8.38807086e-01  1.61600362e+00  7.49651046e-01 -7.46965284e-01
 -6.01936191e-01 -1.47548342e+00  4.03061255e-01 -2.19288523e-01
  1.99770944e-01 -2.05429530e-01  1.64637916e-01 -2.29924593e-01
 -8.37906068e-01  3.96850565e-01  2.65734461e-01 -1.66712030e-01
 -1.22137098e+00 -9.14793767e-01  1.78508800e-01 -5.70916007e-01
 -2.07508025e-02  6.95020887e-01  6.65656363e-01 -1.76045621e+00
 -1.21532269e+00  5.81667802e-01 -1.33230632e+00  9.89835847e-01
 -7.79084274e-02 -8.36642005e-01 -3.53383699e-01  2.53863787e-01
 -3.34609991e-01 -1.93300829e+00  1.20211179e-01 -2.11176343e+00
  1.06257822e+00  5.10905003e-01  1.34103050e-01  1.06118862e+00
 -3.99056755e-01  8.65942583e-01  3.09033624e-01  6.26848206e-01
  9.45699816e-01 -1.30239909e+00 -1.52839121e-02 -1.06184369e+00
  1.43384776e+00 -8.22087788e-02  4.17770927e-01  8.69283143e-01
  1.64929706e+00 -8.76466149e-01  5.93832176e-01 -2.13102044e-01
 -4.64914287e-01 -1.46359155e+00 -6.63946497e-01  5.43880883e-01
  1.42344494e+00 -9.28029497e-02 -3.46297988e-01  6.49010598e-01
 -5.27090976e-03  9.64122336e-01 -7.91950402e-01  2.52089393e+00
  1.29124853e-01  1.13095989e+00 -8.58395435e-01  6.81863828e-01
 -1.82411674e-01  5.66265130e-01 -9.50923299e-03  7.18899005e-01
  5.36886131e-01 -8.24016699e-01  1.79091994e+00 -9.01000448e-01
 -7.36132668e-01  4.16596180e-01  6.75288914e-01  1.71581369e+00
 -7.34564506e-01  5.93967496e-02 -1.52556393e+00  1.26898421e-01
 -2.39285861e-01 -2.40588775e+00  5.27710128e-01 -1.26544918e-01
 -1.86781839e+00 -5.97227271e-01  1.60047634e+00  1.38191254e+00
 -6.91468549e-01  1.22580421e-01 -5.55690545e-01 -1.91268701e+00
  2.72002830e-01 -3.86296731e-01  3.14435042e-01 -7.58423258e-01
 -5.16534782e-02  1.02632682e+00  6.32956313e-01  1.30652325e+00
  4.28142181e-01  3.52851039e-01 -4.59064013e-02  1.19090809e+00
 -9.18703102e-01  3.83255182e-01 -5.97647797e-01 -6.02943099e-02
 -8.15378132e-01 -8.87170032e-02 -1.12914534e+00 -1.48159809e+00
 -5.71597003e-01  1.33258798e+00  1.00385532e+00 -9.91480024e-01
 -1.60521435e-01 -6.67493545e-01  9.20616912e-01  1.19103310e+00
  8.75776814e-01 -1.70749028e+00 -7.62110497e-02 -6.63254910e-02
  8.20541239e-01  1.14866475e+00 -2.64685105e-01 -1.68260955e+00
 -1.96358468e+00 -1.04077828e+00 -1.31674298e+00  1.44677891e+00
 -4.10339482e-01 -7.97510790e-01 -1.16474185e-02 -2.40595551e-01
 -7.86828399e-01  1.21258126e+00 -1.06224697e+00 -3.98287401e-01
 -8.01732540e-01  1.61319984e+00  1.72185984e+00  1.27818091e+00
  6.51339912e-02 -5.16901497e-01 -4.82442995e-01  5.38350330e-01
  6.37928561e-01  1.61725628e+00  9.03396594e-01 -1.42241913e+00
 -4.35704894e-02 -2.81159956e-01 -1.27495944e+00 -2.27314527e-01
 -1.72042881e+00  3.41426833e-01  2.12866518e+00  5.03829266e-01
  2.23698190e-01  2.72876470e-01 -9.28448679e-01  2.87562264e-01
 -7.61709529e-02  1.02059193e+00 -1.40659530e+00 -2.15225217e+00
 -1.93655991e-01  2.24769381e-01 -1.03976897e+00 -1.96421043e-01
 -8.75767685e-01 -1.30535019e+00 -2.48059910e-01  2.61125764e+00
 -7.37010748e-01 -1.11382273e+00  3.96308400e-01 -1.31739591e+00
  8.36126008e-01  2.30662123e+00  1.28334090e-01 -1.29419220e-01
 -1.01996421e+00  5.30954443e-01  2.64353363e-01 -7.16082978e-01
  2.73014204e+00  2.48623470e-01 -1.64182764e-01  7.57965119e-01
 -1.57988233e+00  1.62006679e+00  2.58532003e-01 -1.77642160e+00
 -5.14567881e-01  1.89681127e-01 -1.55453553e-01 -5.15268258e-01
 -8.27088977e-01  6.49063849e-01  1.51322020e-01  1.05986411e+00
  1.01149139e+00 -4.26464622e-01  8.69987826e-01  2.02779521e+00
 -6.65101014e-01 -4.40921580e-01  5.44341924e-01 -1.95712859e+00
 -1.02010652e-01 -2.70930285e+00  2.58126020e+00 -6.95382893e-01
 -1.35071415e+00  1.34721092e+00 -1.54888984e-01 -1.03438180e+00
  5.58766210e-01 -7.98211584e-01 -6.82976081e-01 -1.38929257e+00
 -1.53916902e+00 -2.02281938e+00 -7.58910776e-01 -5.00544778e-02
  1.59050098e+00 -9.92946471e-01  2.06089181e+00 -3.58799719e-01
 -8.65546186e-01 -1.14521921e+00  1.29636635e+00  5.37090041e-02
  1.14285534e-01  4.71603372e-01 -1.63570197e+00 -9.61302948e-01
  1.91214397e-01 -5.58563120e-01  1.00415608e+00  6.17932885e-01
  9.98054265e-01  1.22783715e+00 -8.24357141e-01  7.31730328e-02
  3.51442092e-01  7.54101175e-01  6.50722210e-01  2.69688602e-01
 -2.36436958e+00  2.73915966e-01 -6.14112466e-01 -7.91983185e-01
  2.60525516e+00  3.25101867e+00 -4.46503364e-01  1.33222673e-01
 -2.40915144e-01 -9.55938368e-01  1.28508274e+00  1.50612586e-01
  1.28825850e+00 -3.26055240e-01  2.10513146e-01 -3.67833581e-01
 -1.20499799e-01  1.00690111e+00 -1.88196205e-02  6.46018421e-01
 -7.95571783e-01 -1.55538105e+00  3.01710898e-01  1.23476506e+00
  2.08037461e-01 -3.23899799e-01 -1.77789068e+00 -3.72672751e-01
  2.72161296e+00 -1.02000736e+00 -2.83668932e-01 -8.77191373e-02
  1.80715457e+00  1.36360450e+00 -6.66115086e-01  1.49518181e+00
 -1.07769760e+00 -9.42047663e-01  5.71470709e-01  3.64609872e+00
 -4.25448379e-01  2.73387253e+00 -2.29407899e-01 -7.92954986e-01
 -3.44141233e-01  4.63965318e-01  8.87163675e-01 -1.00353538e+00
 -7.31032107e-02 -4.69836786e-01  1.19634064e+00 -2.55702238e-01
  1.03380499e-02  8.36934280e-01  1.67785424e+00 -4.91881048e-01
 -4.78272090e-01  2.50158506e-01 -1.73530284e+00  1.98874099e+00
 -1.44436262e+00 -4.85752674e-01 -2.91969415e+00 -1.71424987e+00
  9.87704857e-01 -7.04027949e-01 -7.05006334e-01 -7.07805990e-01
 -6.20681793e-01 -1.77703708e-01  1.45318256e+00  4.92263146e-01
  2.81055058e-01  1.45285423e+00  1.01028246e+00 -3.36397994e-02
 -5.74826703e-01  3.82145427e-01  1.69637577e+00  1.16073472e+00
  9.30668944e-01  6.49856251e-01 -1.62254593e+00 -2.13161522e-01
 -1.59393934e-02  1.95090664e+00  2.82186315e-01 -2.56097498e-01
 -9.97644756e-01  1.10578942e+00 -3.80541791e-01  8.78977725e-01
 -1.20533870e+00 -3.04862474e-01  1.88308197e+00  1.52490134e-01
 -4.03372905e-01 -2.94893496e-01  6.06560907e-01 -5.97440821e-01
  2.49075138e-01 -1.15567318e+00  9.59266348e-01  1.61512566e+00
 -6.67266326e-01  1.60413580e+00 -8.41343610e-02 -1.39272465e+00
  2.89013505e-01  3.94009462e-01 -1.26517868e+00  1.37244286e-01
  4.43796375e-01  1.81194740e-01 -1.02646669e-01  4.87936737e-01
  7.96406653e-01 -8.67847630e-01  4.89091930e-01  1.24678459e+00
 -3.22376386e-02 -1.01715844e+00 -8.11295157e-01  2.40692333e-01