 5.73974014e-01 -7.61492075e-01 -1.07390591e+00 -7.33878429e-01
  1.61881564e-02 -8.93624105e-01  1.54640253e+00 -2.91299124e-01
 -2.77299987e-01  6.00337121e-01  9.51515237e-01  2.17589127e+00
  2.98031281e-01 -1.77484333e+00  1.36925771e+00  3.27053925e-01
  3.54728428e-02  2.84247736e-01 -1.13880057e-01 -2.04796848e+00
  2.31842130e-01  3.83224371e-03  9.34215645e-01  5.62631402e-02
 -3.00793343e-01  1.56059741e+00  4.43461998e-02  6.00306031e-01
  2.14398855e+00 -7.75753890e-01 -6.67391099e-03  1.62199978e+00
  5.54510366e-01  7.09323957e-01 -9.26969720e-01  5.19055027e-01
  1.23761692e+00  6.63839681e-01  6.53678023e-02  1.44327951e-01
  2.04496735e-01 -9.53789503e-01 -5.59397819e-01 -1.09991991e+00
 -1.07071151e+00  1.85684671e+00 -3.73608413e-01  8.01392288e-01
  4.60651309e-01 -7.35368367e-01  1.30015650e+00  1.85044397e+00
 -2.40457602e-02  6.15791935e-03 -3.10879647e-01  8.58693181e-01
 -6.60694466e-01 -5.82942758e-01 -9.90976258e-01  1.42716022e+00
 -1.52534518e-01 -1.93900676e+00 -7.35263453e-01 -1.90412032e+00
 -1.10162669e+00  1.90848183e-01  7.37820993e-01  8.81333300e-01
  4.23364096e-01 -1.55356542e-01  3.83919147e-01 -7.22108840e-01
  2.33381733e+00 -3.82303375e-01  8.83447387e-01 -6.56161854e-01
 -1.48420259e+00 -4.72725559e-02 -7.49271529e-01 -5.32817710e-01
 -2.30663755e-01  7.86234757e-01 -1.36314846e+00  1.27851471e+00
 -5.22725567e-01  7.94477690e-01 -6.54369168e-01  1.57918543e-01
  1.34646936e+00 -5.10310585e-01 -2.00707292e+00  7.05313938e-01
 -1.31596176e-01 -6.30520835e-01  2.00918040e+00  1.14709247e+00
  5.63759424e-01 -4.78837530e-01 -2.73295396e-01  1.77643138e-01
 -1.45553145e-01  8.51494766e-01  1.11229165e+00  4.79184722e-01
 -5.94833904e-01  4.39831707e-01 -1.22131620e+00  1.84864056e+00
 -1.23769910e+00  3.16916689e-01  7.91199330e-01 -2.73406821e+00
 -2.71631093e+00 -2.89906275e-01 -6.78338534e-01  1.23839453e+00
 -1.08844571e+00  2.15746154e-02  6.47586696e-01  1.55330342e-01
  4.87795493e-01 -9.10771045e-01  6.49462178e-01 -5.89774463e-01
 -3.71618386e-01  1.44779696e+00 -5.96789744e-01 -1.53239056e+00
  1.43273957e+00 -2.91396885e-01  6.80412747e-01 -1.51000983e+00
 -8.13363035e-01 -1.00750434e-01  1.98286102e+00 -4.38728378e-01
 -9.55861834e-01  1.04781770e-01 -9.87174511e-01 -1.05011670e+00
 -1.30087789e+00 -1.14266761e+00  9.26590016e-01  1.02608740e+00
  7.76662878e-01  4.01266957e-01  1.83363637e+00 -4.46848532e-01
  1.39566846e+00 -1.07921100e+00  4.29090414e-02 -7.80693781e-01
 -2.20084973e+00  3.52541235e-01  1.65278223e-01 -1.62281983e+00
 -1.07144343e+00 -1.17030433e+00  5.25188601e-01 -4.67606371e-01
  3.84287524e-01 -1.96728550e+00  2.05990567e-01 -8.92957972e-01
  5.98765903e-01  3.51810562e-01 -1.82410442e+00 -2.85561022e-01
 -2.12156074e-01  1.00031201e+00 -4.90740809e-01 -1.27439566e+00
 -4.92067523e-01  6.88890680e-01  3.42750522e-01 -7.18471263e-01
  9.82207210e-01  6.38690869e-01  2.31651526e+00 -1.24930077e+00
  1.99626236e-01 -6.78290272e-01 -5.88025983e-01 -9.18246285e-01
 -1.68970766e+00 -2.17280483e-01 -4.08148261e-01 -1.22835462e+00
 -1.06929836e-01  5.40015730e-01  1.45681284e+00 -4.96938961e-02
  6.08312884e-01  1.52731325e+00 -2.01624589e-01 -1.18041599e+00
  2.35527383e-01  2.99644869e-01  1.51723109e+00 -1.82195016e+00
 -3.07015322e-01  9.46927180e-01 -7.23121922e-01  6.00369427e-01
  5.60099869e-01 -9.90456780e-01  4.86344004e-01 -1.71706645e-01
  9.52422732e-01 -3.82750940e-01 -6.17562741e-02 -7.23091457e-01
  1.06587993e+00  9.98461705e-01 -6.11912484e-01 -6.40335726e-01
 -2.02213979e-01  1.76738072e+00  1.13185332e-02  5.28481953e-02
  9.30586994e-01 -1.37169676e+00 -2.15325634e-01 -5.58394456e-01
 -4.73724965e-01  5.39555833e-01 -7.79461921e-02 -2.89997185e-02
  1.96576420e+00 -8.09442285e-01  1.58064608e+00  2.21483021e-01
  2.35019557e+00 -1.25300400e+00  6.90041857e-01 -6.14049862e-01
 -1.76130310e-01 -1.64323510e-01 -1.11944088e+00  1.00638076e+00
  4.71101290e-01 -4.88653900e-01 -2.80822604e+00  5.47225268e-01
 -9.93616184e-01  7.41583552e-01 -4.16400083e-01 -4.31920096e-01
  1.61117156e+00 -5.84111692e-01  7.31224970e-01 -2.36099156e-02
  1.99149263e-01  1.14074484e+00  3.86922608e-01 -1.28308120e+00
 -1.30663276e+00 -6.19678976e-01 -4.65493366e-01 -1.00404716e+00
  1.80830804e+00  6.30243805e-02  8.88767333e-01  7.69773016e-01
 -1.27598572e+00 -1.65794614e+00  9.62139930e-01  6.93719016e-02
 -3.86123573e-01 -1.74364898e-01 -5.32364579e-01 -7.21516978e-01
 -1.40578961e-01  2.16161211e-01  5.59405963e-01 -1.30568873e-01
  1.30933367e+00  8.95222364e-02  4.47935427e-01 -4.29326046e-01
  4.36345489e-02  7.89842979e-01 -1.54192404e+00  1.15141835e+00
 -1.77139327e+00 -4.34540174e-01  6.48300833e-01  1.15283330e+00
 -6.67028056e-01  9.61336524e-01 -9.25617739e-01 -7.80888036e-01
 -4.78900209e-01 -5.42509081e-01 -4.59261575e-01  2.27186125e-01
 -1.42344405e+00 -5.06489414e-01 -2.97569598e-02  1.27416613e+00
  1.03169261e+00 -5.54069069e-01  3.28801124e-01  3.92561723e-01
 -1.87951077e-01 -3.02821237e-01  1.32158341e+00  1.81869360e+00
  6.49051659e-02 -1.97967254e+00 -3.86446385e-01  7.74394899e-02
  6.31964365e-01  5.83267680e-01  1.01018987e+00 -1.01738075e-01
 -8.41599722e-01 -7.02975234e-01 -5.32426125e-01  4.07293824e-01
 -1.59318754e+00 -3.18377403e-01  5.24558981e-02  4.79553180e-01
  5.60165372e-01 -2.77519648e-01 -1.67395858e+00 -3.33195976e-02
  3.42001870e-01 -8.37556058e-01  4.65793716e-01 -6.34468354e-01
 -1.13201315e+00 -1.26500792e+00 -5.49846895e-01  3.31895725e-01
  8.41500596e-01 -2.65657695e-01 -7.44551402e-01 -3.68091332e-01
  2.03847990e+00  4.40084358e-01 -3.15118834e-01 -5.31781143e-02
  2.21779339e-01 -1.18521867e-01 -5.43907846e-01  3.31332265e-01
  6.88777860e-01 -4.48687700e-01 -8.57164592e-02 -1.05850986e-02
 -9.41960305e-01  1.91118829e+00 -9.17533665e-01  4.17456579e-01
 -1.57410609e+00  7.09061461e-01 -3.31365933e-01  1.88092372e-02
 -2.73891958e-02 -1.24564613e-01 -1.99893246e-01  8.65140531e-01
 -1.26081088e-01 -1.08406937e+00  8.07184223e-01  3.76345544e-01
 -1.83681894e-01 -4.20061765e-01 -2.89902248e-01 -1.57244586e+00
 -7.90639178e-02 -1.20473212e+00  1.20785082e+00  8.00352412e-01
 -3.27507787e-01 -2.79173193e-01  4.04149252e-01  1.74063678e-01
 -1.01257162e+00 -9.20392970e-01 -1.14203719e+00  6.32423215e-01
  1.54370475e+00 -1.09957157e+00 -2.58480338e+00  8.69125126e-02
 -1.31458292e-01  5.58017216e-01  9.70556892e-01 -1.31322086e+00
 -1.87513126e-01 -9.30849554e-01 -1.15905238e-01 -3.58985156e-01
  5.11919776e-01  6.47976509e-01  1.41077652e+00  1.21612120e+00
 -4.88398219e-01 -1.11153819e+00  2.56549630e-01 -7.60644561e-01
  1.91462936e+00  1.49997766e+00 -8.75806371e-01  1.65662354e+00
  2.22136469e-03  1.25618227e+00 -1.71873352e+00 -5.81590175e-01
  1.45809343e+00  4.87944717e-02  1.32509568e+00 -1.64557743e+00
 -6.36647629e-01 -6.83103611e-02 -7.25924793e-01  1.45037811e+00
 -6.99340486e-01  2.34801368e+00 -3.85856874e-01 -3.14746134e-01
  4.65177437e-01  4.89370488e-02  6.33700141e-01 -1.85458421e+00
 -8.34932753e-01  1.45302652e+00 -1.58840977e-01 -5.22147673e-01
 -1.16239675e+00 -1.40931605e+00 -9.77778486e-01 -3.68745724e-01
 -1.68188886e+00 -1.86681695e+00 -8.77707088e-01  1.22858843e+00
  8.61458338e-01  2.16700398e+00  1.47935835e+00 -1.22003240e-01
  4.12681988e-01 -1.08071452e+00 -5.47918685e-01  7.49948246e-01
 -3.39470670e-01 -1.74381263e+00  5.81462523e-01 -3.95425581e-01
  8.13653831e-01  1.03409041e+00  3.41663151e-01 -3.40849835e-01
 -8.49266272e-01  1.55980105e-02  1.77242763e-01 -2.06904835e+00
 -9.37284350e-01  9.29724739e-01 -2.41157606e-01  2.88951353e-01
 -2.80625228e-01 -2.14905361e+00 -5.00797764e-01 -1.07995525e+00
  4.52979045e-01 -9.95005257e-01 -9.55914334e-02 -7.27499331e-01
 -3.31376327e-01 -4.70869413e-01 -5.59447462e-01  1.02617684e+00
  1.10120825e+00 -6.67140526e-01 -5.04689275e-01 -4.72492179e-01
 -8.44882521e-01 -4.59292825e-01  7.13930777e-01 -2.59622606e-01
  1.82705918e-01  4.33413922e-01  1.69013216e-01  7.52013786e-01
  1.77982885e-01  6.03915556e-01  1.23354971e-02 -6.87515667e-02
 -5.93415494e-01  3.30383140e-01  5.91879685e-01  2.91943725e-01
 -1.68279692e-01 -2.16196840e-01  9.37056889e-01  7.24523931e-01
 -7.69482748e-01 -6.48736403e-01  1.47288790e+00 -1.86213805e-01
  1.25249652e+00 -1.39921471e+00  1.15601251e+00 -8.29365934e-01
  5.33049086e-01  4.55151400e-01  5.84535174e-02  3.22729698e-01
 -1.28950875e+00 -5.73315450e-01  6.89994503e-01  1.21605646e+00
 -8.41952562e-01 -8.24317705e-01  2.11398192e-01  7.91189276e-01
 -1.15618238e+00 -9.78398728e-01  3.31602139e-01  4.20277096e-02
  3.56231438e-01  2.73855530e+00  3.39475081e-01 -1.67175811e+00
  8.87729418e-01  2.33824947e-01  1.25285267e+00 -1.69602313e+00
  7.76172674e-01 -9.86175987e-01  7.80526586e-02 -1.97627775e+00
 -8.19894965e-01  1.07003645e-01  1.40226388e+00  1.79574822e+00
  5.81776070e-01 -1.85694727e+00 -6.33742431e-01  1.43275248e-01
 -8.26597253e-01  2.51368515e-01 -5.15368073e-01  1.91650007e+00
  2.39075267e-01 -4.31645087e-01  1.51532473e-01 -5.63888485e-01
  1.73572744e+00  1.35541079e+00 -2.00428944e+00 -1.23177199e+00
  4.07235959e-02 -3.26686404e-01  1.21067496e+00 -2.25838313e+00
 -8.82642300e-01 -7.51812338e-01 -1.00814692e+00  5.60688993e-01
  3.30448932e-01 -9.45350930e-01  1.63982438e+00  7.26715153e-01
 -3.24958242e-03  9.77931366e-01  4.52111323e-01 -4.09275546e-01
 -2.73454952e-01  2.83555975e-01 -8.11752953e-01 -3.03441616e-01
  1.71608052e+00 -5.78788942e-01  2.60868021e+00 -3.01226315e-01
 -7.82736525e-01 -5.88066008e-01  4.47987792e-01 -3.73844633e-01
 -1.36493426e+00 -1.03295544e+00 -2.11058862e-01 -2.46132899e-01
  5.67298773e-02  1.10678923e+00 -6.62503308e-01  2.41963817e-01
 -7.50561570e-01  6.46118580e-01  5.11589749e-01 -4.00588807e-01
 -3.09256645e+00  2.01515516e-01  1.94333665e-01 -1.68645581e-02
 -3.49833847e-01  3.18267331e-01 -9.55835694e-01 -1.50829187e+00
  5.45788049e-01 -2.82766658e-01  9.05286852e-01  5.06165261e-01
  5.14582575e-01  6.67643355e-01  2.03157393e+00  5.20353505e-01
 -2.18605139e-01 -7.97795800e-01  6.81386240e-01  7.47419155e-01
 -2.20577479e-01  6.86256360e-01 -1.10119897e+00 -4.55911229e-01
 -1.48410079e+00 -1.58307998e+00 -1.27600664e+00  9.95205165e-03
  1.96648668e-01  6.23945604e-01 -7.01365955e-01 -5.10487725e-01
  5.13585931e-01 -3.52350124e-01  2.01235748e-01 -3.76059067e-01
  1.61697814e-01  2.08410220e+00  2.19456311e-01  4.44213000e-01
  8.63343674e-01  1.88963257e+00  8.68193481e-02  9.86035641e-01
  8.84347563e-01  1.29149252e+00 -1.94314033e+00  3.26295559e+00
  1.26115711e+00  1.26950252e+00 -6.06005972e-01 -2.23322923e-01
  1.87368407e+00 -3.09086517e-01 -7.12636098e-01 -9.36211877e-01
 -1.40995366e+00 -9.29968290e-02 -1.42584077e+00  4.69886748e-01
  2.78796242e+00 -4.36531844e-01  1.19165848e+00 -1.81037769e+00
 -8.06412833e-01 -7.90920163e-02 -6.68005694e-01  4.58488192e-01
 -6.77528126e-01 -7.22010666e-01 -3.28287287e-02 -1.23233762e-01
  4.28657773e-01  8.53498451e-01  6.25908668e-01  7.60850880e-01
 -1.20686683e+00 -7.84411942e-01 -7.70596035e-01  6.60415254e-01
 -7.07302095e-01  6.34953505e-01  5.51077327e-01  8.55559546e-01
  1.08414953e+00 -1.09172916e+00 -1.03088182e+00  5.09966100e-01
  1.42210728e+00 -1.75722050e-01  3.54345719e-03 -1.00545040e+00
 -4.38100201e-01 -3.98840103e-01  1.17095439e-01  6.69757056e-01
  1.14699836e+00  2.83737161e+00  1.06862827e+00 -1.09406945e+00
  1.09822909e+00  3.17169216e-01  1.14037766e-01 -3.88699132e-02
  8.47170301e-01 -2.18841351e-01 -1.70080152e-01  1.55779699e-01
 -1.13677576e-01  7.02973312e-01  1.15212193e-01 -2.36815391e-01
  1.45465366e-01  6.55469154e-01  4.43327335e-01 -2.29062489e-01
  1.06900364e+00 -6.19714204e-01 -1.66453195e-01  8.69808945e-01
  3.51989939e-01 -2.30037198e+00 -2.83062091e-01  4.46495767e-01
  8.82919992e-01 -2.66598069e-01  6.30940463e-01  9.44557557e-01
 -5.19288874e-01 -1.19850364e+00  1.91217558e+00 -1.10577932e+00
 -4.59984173e-01  1.44245393e+00  1.41504187e+00  1.35708189e+00
 -2.26047861e+00  1.23668636e+00 -5.52520819e-01  1.26790576e+00
 -1.17427249e+00 -3.43679821e-01  2.98671406e+00 -1.10515349e+00
 -1.60183686e+00 -2.24780290e-01  1.72551404e+00 -2.91496594e-01
  2.78116900e-02 -1.67427695e+00  2.21555770e+00  9.51001536e-01
 -1.84010734e-01 -1.11617129e+00 -9.43834529e-02  9.32994989e-01
 -6.79591742e-01  1.70969293e+00  1.48911229e+00 -7.23062138e-01
 -1.40931712e-01 -1.07615890e+00 -1.66310297e+00 -4.86953420e-01
 -5.24818919e-01 -8.87533274e-01  1.24868096e+00  6.89804418e-01
 -1.66130596e+00 -1.80408054e+00 -5.25239139e-01 -8.36895047e-01
 -1.40695367e+00 -6.60671133e-02  1.18122043e+00 -1.61644899e+00
 -5.43881617e-01 -4.50579975e-01 -6.06911770e-01  2.23313199e-01
 -2.51343582e-01 -4.00406535e-02 -6.16602381e-01 -6.87504480e-02
 -5.32817350e-01 -2.93277382e-01 -1.03789432e+00  1.13418423e+00
 -1.46411105e-01  2.84121592e-01  1.69546616e+00  1.37165124e+00
 -1.88832519e+00  1.64033893e+00  1.36361840e+00  4.40239558e-01
 -1.52404298e-01  6.23240068e-01  5.78733583e-01 -2.54017385e-01
 -2.43381260e-02 -8.80547860e-01  1.94292701e+00  1.28989346e+00
  4.91559299e-01 -9.58082388e-01 -1.04193774e+00 -1.13689303e+00
  3.02828765e-01  1.57202555e+00 -2.86290840e-01 -1.11891438e-01
 -8.68135868e-01  6.35477190e-01 -3.66639954e-01 -1.97493055e-01
 -1.65263443e+00 -3.95261301e-01 -1.79386818e+00  2.09930425e+00
  1.59733718e+00 -7.74474453e-02  6.86224069e-01 -7.33967211e-01
  1.35008744e+00 -9.37275956e-01 -1.07352830e+00  7.84654447e-01
 -2.73999000e+00  9.75672347e-01 -8.37710981e-01  7.18276949e-02
  3.51961247e-01  1.60783182e+00  2.17187944e-01 -5.39040968e-01
 -5.72472642e-01  5.13310546e-01  2.03302742e+00  4.34308967e-01
  9.14113995e-01  2.02058968e-02 -6.57735549e-01  5.19878742e-01
  6.60141881e-01 -2.39568272e+00 -8.21881559e-03  3.91362322e-02
 -2.92718678e-01 -6.72137667e-01 -1.36016109e+00  9.35245583e-01
 -1.23510699e+00  8.40643155e-01  1.81234053e+00  8.43889438e-01
 -5.04947368e-01  3.88817471e-01  1.06953367e-01 -1.53689685e+00
  1.21948973e+00  1.36904370e-01  6.68854577e-02 -4.84429422e-01
 -6.23315994e-01 -8.34719691e-01 -5.88762677e-01 -3.31996829e-01
 -7.39201394e-01  3.52027306e-01  9.57499560e-01 -4.45311631e-01
 -2.31816186e+00 -1.11851330e+00  3.06936842e-01 -1.30037645e+00
 -1.69947782e+00  3.74749026e+00  3.73068912e-01  8.27282379e-01
  1.94075133e+00  6.89642364e-01  3.57681366e-01  1.50979847e+00
 -1.21271925e+00 -5.36802736e-01 -1.66720087e-01 -6.68232078e-01
 -2.25193491e-01 -4.40142621e-01  7.81729302e-02 -1.48107234e+00
 -2.48980264e-01  3.45862248e-01  5.43923946e-01  7.28099442e-01
  4.57968939e-01  1.52560303e+00  1.27157311e+00  9.87232119e-02
 -6.19983815e-01  9.66706582e-01 -1.92266317e-01 -6.08000988e-01
 -8.11437388e-01  1.63094917e+00 -2.66591396e+00 -2.47951364e-01
 -2.63695910e-01  1.37084712e+00  1.78929242e+00  1.47978286e+00
 -1.27374441e+00  7.63526403e-01 -1.32543450e+00  4.24267550e-01
  1.89748870e+00  3.40719084e-02 -2.33070140e+00 -6.95614658e-01
 -7.24092548e-01  4.92739267e-01 -6.81916529e-01  1.00553791e+00
  1.05951315e+00  7.38991879e-01 -6.97232448e-01  1.04528934e+00
 -1.01388301e-01 -4.12845975e-01  1.06293179e+00 -5.53681337e-01
 -6.57704041e-01 -7.23008717e-01  8.54847512e-01  4.01876874e-01
  1.13746147e+00 -8.74069560e-01 -4.46999307e-01  5.27175602e-01
 -2.36827285e-01 -5.10372887e-01 -6.22686681e-01 -2.55044019e-01
 -8.48052836e-01 -1.23801837e-02  1.43877646e-02  8.01240318e-01
  1.31935614e+00 -4.08488201e-01  1.44314489e+00  6.56795860e-01
  9.31904401e-02  1.09436927e+00 -6.02915246e-01 -1.69670902e+00
 -9.68360764e-01 -2.96039583e+00  5.73521837e-01 -8.66836700e-01
 -4.74169428e-01 -1.29437560e+00 -2.42218050e-01 -2.05471950e-02
  3.19576852e-01 -8.60020861e-01 -2.06627045e-01  2.93025961e-01
  1.05183747e+00 -1.72697619e+00  5.89804213e-01 -1.50203988e+00
 -3.77505264e-01 -2.87430852e-01  2.51743619e-01 -8.43923926e-01
 -1.11164598e+00  9.51330471e-01  1.25177723e-01  5.64955054e-03
  6.77688445e-01  1.40504144e+00 -1.50381386e-01 -2.36358002e+00
 -1.40606807e+00  3.43057218e-01  4.15015007e-01 -1.11475426e-01
 -8.01010676e-01 -8.47310593e-01 -2.07854191e-01  6.73358365e-01
 -1.71238104e+00 -9.13362972e-01 -1.70652592e-01  2.52283447e-01
  1.92578631e-01  1.09012923e+00 -1.12850301e+00 -1.36893437e-01
  9.65892790e-02 -1.82261164e+00 -4.53549692e-01 -1.06173666e+00