 1.78903055e-01  3.66483035e-01 -4.90248175e-01 -7.45360454e-03
  2.25910316e+00  2.63116434e-01  1.17072477e+00 -1.07436986e+00
 -2.77488354e-01 -2.63840735e-01  2.04674243e-01 -8.22279931e-01
  8.06116269e-01  5.29922295e-01 -1.97297815e+00  1.77917812e+00
 -2.91592835e-03 -1.15287439e+00 -1.35093938e-01  2.03503477e+00
 -5.36165801e-01  4.58486646e-01 -2.20510598e-01 -3.90569767e-01
  2.11196108e-02  8.92085978e-01 -1.87439369e+00 -1.10628146e-01
  9.12017860e-01  1.16453471e-01 -6.91383695e-01  1.69841926e-01
  1.38361521e-01  1.46542541e+00 -1.19021428e-01 -1.03272145e+00
  1.18269018e+00  2.68991341e+00  8.80260064e-01  1.21646963e+00
 -3.57897826e-01  3.16891000e-01 -3.10436431e-01  1.00980807e-01
 -9.03195668e-01  1.09661268e+00 -2.29543472e-01 -5.40017037e-01
 -3.74225456e-01 -6.56612461e-01  1.00086973e+00 -1.17597987e-01
  8.35648053e-01  5.89148324e-01  1.09802748e+00  1.46359663e+00
  3.38319426e-01 -5.35621559e-01 -6.29580414e-01  8.50271054e-02
  1.97205044e+00  7.80616994e-01 -2.07398905e-01  9.08309958e-01
 -5.06032692e-01  2.15659429e-01  4.86597164e-01  1.49267210e+00
  9.48594446e-01 -3.97220231e-01 -9.79992331e-01 -1.52712849e+00
  1.23599634e+00  4.39298244e-01 -1.56511077e+00  6.56782746e-01
 -9.59959340e-01  2.56773533e-01  6.74423720e-01 -4.04738323e-01
 -6.98199576e-01 -8.21671434e-01  1.06614427e+00  6.71685710e-01
  7.24776587e-01  1.66579078e+00  3.33533397e-01 -3.54157109e-01
  7.21095688e-01  6.49206126e-01 -6.58678789e-01  7.94779165e-01
 -1.53538590e+00 -1.06523737e-01 -2.24389669e-01 -1.84014588e-01
  5.34680103e-01  1.91155516e+00  2.13078868e+00 -6.82661702e-01
 -8.85771013e-01 -2.30420479e+00 -3.75270260e-01  5.67468720e-02
  1.52098476e+00 -3.69436855e-01 -1.21176727e-01  1.74514037e-02
  1.22403794e+00  4.58697966e-01  4.56500686e-01  6.83745048e-01
 -7.35073691e-01  8.63983703e-01 -4.67505357e-01 -7.22514396e-02
  3.32532283e-01  4.50904020e-03  1.34451716e+00 -1.79348127e+00
  4.76129187e-01  1.63956306e+00  5.18096191e-01  5.32277270e-01
 -1.03756255e+00 -6.25842687e-01  1.43654891e-01 -1.77564944e+00
  9.18444570e-01 -6.09259619e-01  1.19366324e+00 -1.14542153e+00
 -8.78690141e-01 -9.32383306e-01  1.02333269e+00  1.64522285e+00
  3.18176464e-01 -1.80336775e+00  1.40012300e+00 -1.24668296e+00
 -1.92583238e+00  1.10210181e+00  9.20119380e-01  1.05692936e+00
  7.51244281e-01  4.17311044e-01  1.47308737e+00 -1.00098573e+00
 -2.85105174e-01 -2.10713116e-01  2.57196942e-01  1.10058414e+00
 -1.17422856e+00  1.88692409e-01  2.19980102e-01 -1.75981795e-02
 -9.65740100e-02 -1.06968598e+00  2.44181924e-01  6.59214140e-01
  1.16934506e+00 -3.15187857e-01  1.04947476e-01  8.05996602e-01
  4.64304399e-02 -1.22617195e+00 -1.86005034e+00 -1.68327523e+00
  1.30839071e+00 -4.79932118e-01 -1.04377561e+00  1.02191455e-01
 -1.29470654e+00  5.37970804e-01  1.39471843e+00  1.55728995e-01
 -4.01697004e-01 -4.22794616e-01 -5.00768189e-01  2.40865522e-01
 -4.12942017e-03 -5.86019576e-01 -2.47219830e-01 -5.51311490e-01
 -3.70973764e-01 -2.49453044e-01 -4.78907172e-01  2.19867312e-01
 -4.83114458e-01 -1.97845650e+00  9.13589506e-01 -1.17741272e+00
  9.04274062e-01  5.10770064e-01  6.07069529e-01  5.21129546e-01
  5.67520967e-01  1.06087944e+00  5.58083977e-01  3.35694876e-02
  1.17124813e+00  2.44079919e-01  1.00347779e+00 -3.76339543e-02
  5.90114967e-01  6.34575357e-01 -6.18389217e-01 -1.90700254e+00
  1.88675857e+00  9.31105024e-01 -4.10107897e-01 -1.74454067e+00
 -7.67766786e-01  1.45562569e-01 -4.28218287e-01 -1.16399297e+00
 -5.05056329e-01 -1.69998503e+00  4.70492157e-01  9.62510479e-01
 -3.18309599e+00  4.65923879e-01  2.29010951e+00  5.84359007e-01
  7.25898438e-01 -1.70358032e-01  1.23443279e+00  1.01867197e+00
 -1.15861471e-01 -1.73516528e+00 -9.02528039e-01  4.45793329e-01
  6.14580371e-02  9.19758998e-01 -9.49384753e-02  6.33513371e-02
 -4.90394509e-01 -2.04626136e+00 -1.49334333e-01 -3.13816520e-01
  2.12844979e+00 -2.04219570e+00  6.56555718e-02 -6.08798208e-01
  2.25069709e+00  1.22743988e-01  8.16203898e-01 -5.82939081e-01
  3.63557632e-01 -6.48898366e-01  3.83350663e-01 -3.16993171e-02
 -9.76417403e-01  9.61341865e-01 -9.99225187e-01 -1.89663708e+00
  4.17057645e-01 -6.60591750e-03  7.04185439e-02  2.03051739e-01
  8.29039683e-01 -2.03287785e+00 -9.78156274e-01 -2.78741675e-01
 -3.34167122e-01  2.52436144e+00  5.71149423e-01 -1.07211584e+00
 -2.14235508e-01  7.68048678e-01  3.39130723e-01 -1.31157809e-01
  1.07723201e+00 -4.30732066e-01  1.76788984e-02  1.66445343e-01
  1.34445438e+00 -2.47872302e-01  1.33876479e+00  6.04606362e-01
  3.50996081e-01  1.61190566e-01  3.73233951e-01 -1.05029188e+00
  1.20618236e-01 -1.40731825e+00 -4.07688283e-02  1.33154095e+00
 -1.35839994e-01  8.17698997e-01 -1.03851355e+00  1.30278696e+00
 -1.41702446e+00 -3.59179062e-02 -5.03639942e-01  1.19276000e+00
 -2.67322007e-01 -1.48352443e+00  3.27693309e-02  1.57240049e+00
 -4.41840592e-01 -1.10199820e-01  6.00378360e-01 -1.12902587e+00
  8.42432146e-01 -1.42674177e+00 -4.61867522e-02 -1.23005472e-01
  1.69992321e+00  5.10030477e-01  1.85727902e-01 -5.24714899e-01
 -1.16746726e+00 -1.08154066e+00  7.99657027e-02  1.16342402e+00
 -6.84544120e-01 -4.65246656e-01 -7.07526072e-01  1.41832224e+00
 -6.13172097e-01  3.06536422e-01 -7.84681929e-01  7.78897936e-01
 -2.67528871e-01 -1.00643126e-02  8.11014817e-01  1.29797930e+00
 -7.10659428e-01 -3.95897631e-01  9.03287025e-01  1.44450255e+00
 -8.44982884e-01 -2.00584017e-01 -9.29593819e-01  2.93104191e-01
 -3.66548359e-01 -8.57215763e-01  1.02702010e+00  3.74561363e-01
 -1.70581131e+00  6.14546372e-01  3.70516274e-01  5.63383252e-01
  1.08264791e+00  7.52107202e-01  3.30079518e-01 -6.69929333e-01
 -2.28707199e+00  1.70407581e+00 -2.43150087e-01  2.46176309e+00
  3.33038161e-01  1.48633873e-01 -1.19340788e+00  2.83931549e+00
  7.48648094e-01  1.95313485e-02 -2.77223083e-01  3.37399558e-01
 -1.68872597e+00 -1.25910189e+00  1.27868879e-01 -1.68733911e-01
 -1.39286231e+00 -1.22287918e-01 -9.08625563e-02  2.26178457e-01
 -4.22974580e-01 -1.35506246e-01  9.11245108e-01  1.39259880e+00
 -5.77615407e-01  1.07152431e-01  4.91880102e-01 -2.19084165e-01
  1.73696722e+00 -7.96592930e-01  1.07096887e+00 -7.03655561e-01
  6.30061366e-01 -1.08614139e-01 -2.00028487e-01  2.08473805e+00
 -4.32578305e-01  1.54521651e+00  2.20677912e-01 -1.84892955e+00
  1.46251476e+00  2.15389130e+00 -4.39502930e-02 -2.31337346e+00
 -2.52939458e-01  6.32579722e-01  7.82031785e-01  3.35610121e-01
 -5.61514445e-01  3.63417943e-01  3.69345211e-01 -9.51593489e-01
 -1.17040893e+00 -3.39658139e-01  8.82131131e-01 -8.48589085e-01
  5.88624829e-01  1.11223267e-02  5.57677355e-02 -7.54296415e-01
  2.28263259e+00 -1.21008393e+00 -1.46015586e-01 -1.09675627e+00
  8.96385123e-01  8.87416368e-01  5.04126805e-01  1.14181858e+00
  8.33927378e-01 -1.27068028e+00 -1.86907598e+00  3.86774440e-02
 -5.30970863e-01  5.25918837e-01 -9.93901501e-01  5.08314948e-01
  8.06447347e-02 -9.70246548e-01 -1.68383399e-02 -1.29563295e+00
  8.57479360e-01 -1.10542299e-01  2.17167569e-02  2.22014403e+00
  2.10596949e-01  1.59033000e+00  1.34100010e+00 -2.25506588e-01
 -6.22779741e-01  5.20427286e-01  3.25992077e-01 -1.82284808e+00
 -1.14834978e-01 -2.75536888e-01 -1.13251397e+00 -1.08776562e+00
 -5.65722959e-01  3.24866115e-01 -6.44584071e-01 -9.07231917e-01
 -7.09065618e-01 -3.61091822e-01 -1.00893222e+00  1.33147403e+00
  2.48045901e+00  1.46745519e+00  7.00504763e-02 -1.47173473e+00
 -8.91319582e-01 -7.35992932e-01  9.69221964e-01 -7.02824937e-01
  1.83402046e+00 -2.47316833e+00 -1.06406921e+00  4.02008506e-01
 -5.29048583e-01  1.32787350e-01 -9.79760856e-01 -5.07987124e-01
 -6.36769544e-01  1.70840015e+00 -1.11840580e+00 -1.85451158e+00
 -7.64024926e-02 -2.44623742e-01 -8.90702423e-01 -1.12183343e+00
 -1.57805756e+00 -1.20909496e+00  2.11184444e-01 -2.61090555e-01
  3.85239592e-01  1.74963100e-01 -2.61028772e-01  4.16679393e-01
  6.18133231e-01  4.22841753e-01 -6.52270807e-01  4.50693879e-01
 -6.05313706e-01  2.42265011e-01 -5.23383747e-01 -1.66234615e+00
 -3.31897754e-01  6.60024491e-02  4.26058015e-01 -9.69129525e-01
  1.35912392e-01  3.63463113e-01  5.35227987e-01  1.50372369e+00
 -6.64435906e-01  4.34862403e-01 -4.06491280e-01  7.33711873e-01
 -5.25417649e-01 -1.71906175e+00 -1.59331047e+00  1.99689163e+00
  6.38973233e-01 -2.24196957e+00 -5.95502601e-01  1.29624132e+00
  9.40858816e-01 -1.92226852e+00 -2.54136870e-02  2.27967977e-01
 -1.27283505e+00 -2.27504174e+00 -4.95543051e-01 -1.07376892e+00
 -1.08053262e+00 -9.29909067e-01 -7.89717761e-01  8.19044667e-01
  7.47131080e-01  1.19019049e+00  4.07466602e-01  3.51556371e-01
 -1.46558668e+00 -3.85125046e-01  5.92479042e-01 -2.80406948e-01
 -9.52534909e-02 -5.56131862e-02 -5.07060108e-02 -1.93305617e-01
 -5.38981312e-01 -1.33836830e+00  3.32617101e-01 -1.78150443e-01
  1.01025789e+00  1.08593975e+00  6.28793874e-01  8.28137917e-01
  6.93745252e-01 -5.01120167e-01 -4.37321754e-01 -6.69956916e-01
  1.31143825e+00 -2.41557395e-01  2.24203301e-01  1.60603303e-01
 -3.28178688e+00  1.34601796e+00  1.34613185e-01  1.56766652e+00
  4.07186078e-01 -2.28698740e+00  5.03673885e-04  1.41467734e-01
 -1.90864329e+00  2.10815295e-02  1.16201023e-01 -5.34572005e-01
 -8.42840312e-01 -1.01290542e-01 -6.82125767e-01 -3.45735582e-01
  7.85805323e-01  7.21188212e-01 -1.34855535e+00 -2.52272870e+00
 -3.88237107e-01 -2.80720134e-01 -1.58200725e+00 -1.16678752e+00
  5.68111717e-01 -6.28788106e-01 -5.89433086e-01  1.78182640e+00
  4.19184349e-01  8.71351189e-01  2.76377930e-01 -1.05542813e+00
  6.54378639e-01  1.52243146e+00 -1.57643507e-01 -7.87416324e-01
 -2.46122982e-01  3.74544796e-01  2.23956918e+00 -6.16360707e-02
 -7.85646336e-01 -6.31679074e-01  8.52171720e-01 -4.07534892e-01
  1.32857722e+00  2.21004654e-01  1.06859489e+00  1.44098985e-01
  3.41173910e-01  3.98898273e-02 -1.24441681e-02  1.18841865e+00
  4.06713514e-01 -5.26879334e-01 -9.85228650e-01 -1.62242514e+00
 -6.19331110e-01 -8.30167052e-01 -1.12222391e+00 -1.36430458e+00
 -1.48196952e+00 -1.40442553e+00  2.08527900e+00 -2.41030078e+00
  1.04896579e-01 -4.05506431e-01 -1.45565594e+00 -1.87065736e-02
  3.19546885e-01 -4.48633816e-01  5.76652362e-01  2.14801470e+00
  3.37833328e-01 -8.65356284e-01 -5.91972133e-01  5.81653929e-01
 -1.30971326e+00 -4.69353852e-01  1.84979561e-02 -2.15068355e-03
 -1.36138401e-01 -1.00780353e+00 -6.97519667e-01  1.35305774e+00
 -2.79716927e-02  1.86046524e+00 -2.07692791e+00  8.04900910e-01
 -2.58805776e+00  9.39225624e-01 -1.11950917e+00 -2.79547750e-01
 -2.25475781e-01 -5.00535056e-01  7.10650279e-01 -6.92374638e-01
  6.72632889e-01 -1.30383502e+00 -1.69111387e-01  4.94599196e-01
  1.31424795e+00  7.54199050e-01  6.51372724e-01  1.69558393e+00
 -7.06257781e-01 -1.25575235e+00  2.21124828e+00 -4.66363048e-01
  2.65000045e+00 -1.22155954e+00  1.02772043e+00  2.65881040e+00
  1.48423213e+00 -1.92143618e+00  1.12905959e+00  1.68423755e-02
  8.86948697e-01 -3.34793914e-01  8.01121447e-01 -1.31785182e+00
  1.29960375e+00 -1.29274515e+00  7.71004715e-01 -2.29717121e-01
  7.74600255e-01  1.84698919e+00  1.05470022e+00 -6.08014204e-01
 -1.86379461e+00  6.99516600e-01 -4.93190123e-01 -3.18190348e-01
  1.18752924e+00  1.58333691e+00 -9.45629869e-01 -6.20785154e-02
 -1.49615619e-02 -1.28861452e+00 -1.71337342e+00 -2.87707980e-01
 -1.46880420e+00  9.58850059e-01 -1.63290273e+00  7.53657879e-01
  2.42592656e-01  9.05030642e-01  2.27630118e-01 -3.52650730e-01
 -3.63113322e-01  8.16741255e-01  2.46899855e-01 -4.47054930e-01
 -8.99078165e-01 -1.04030527e-01  1.00686367e+00  3.18151916e-01
  4.46893872e-01 -1.15355816e+00  4.49003446e-01  3.33396473e-01
  1.89286899e+00  1.73644469e-01 -1.15219122e+00 -9.56815393e-01
 -1.26909688e+00  4.22032565e-01 -1.81310885e+00  3.84884663e-02
 -4.42604143e-01 -1.21764825e-01 -2.89460732e-01  1.63152518e-01
  8.04350050e-01 -8.34634344e-01 -1.26569804e+00  3.78823314e-02
  1.19089571e+00 -1.44745447e+00 -1.05064233e-01 -2.33988478e+00
  1.44970942e+00 -9.94447228e-01 -4.14332137e-01  4.04997777e-01
  4.04096275e-01  3.06466921e-01 -1.17251593e+00 -1.27612798e+00
 -1.61061775e-01 -8.16891137e-01 -2.40648023e-01  1.04697542e+00
 -5.26053858e-01  1.48743416e+00 -1.28493508e+00 -7.91672160e-01
 -4.99750579e-01 -1.68980981e-01  1.93817174e+00 -1.92361073e-01
 -5.81975201e-01 -9.39372610e-01 -1.99164797e+00 -2.75766865e-01
 -1.12491618e-01 -1.53730417e-01  1.08305604e+00  1.72713443e+00
 -9.51564347e-02 -1.11587603e+00  5.87801729e-01  8.67077651e-01
 -1.29298519e+00  5.60373794e-01 -4.89452556e-01 -7.51508424e-01
  1.07036325e+00 -5.12387185e-01 -2.33513321e+00  1.61903047e-01
 -4.66150378e-01 -1.06654676e+00 -6.52433420e-01 -5.05016041e-01
  6.99603966e-01  2.24541766e-01 -1.43663975e-02 -2.11791458e-01
  7.58238391e-01  7.74623639e-01 -1.24792125e+00 -1.22693612e+00
  7.18276291e-01 -1.09237247e+00 -4.15931570e-02  4.70671951e-01
 -1.68142928e+00  2.76599996e-02 -7.47362178e-01  9.39221618e-02
  5.27216350e-01 -1.07735747e+00 -5.34612394e-01  4.18988549e-01
  3.39601147e-01 -8.27215778e-02  1.58070717e+00 -7.49226177e-01
 -6.72478847e-01 -5.87522038e-01 -5.31191592e-01 -1.00852450e+00
 -7.39287524e-01 -6.16777679e-01  1.79718782e-01  1.61421460e+00
  1.04823964e+00 -1.24506327e+00 -3.64639550e-01 -1.88371400e-01
  2.51785082e-01 -1.61310872e-01 -1.13007173e+00  2.53630148e-01
  1.57449989e-01 -1.05381271e+00  1.29036901e-01  1.28254164e+00
 -5.39662710e-01  6.69425461e-02  1.24571040e+00  4.87427026e-01
 -4.60418076e-01  4.08692450e-01  7.30133209e-01  1.04590343e+00
 -1.57956981e+00  4.84920750e-01 -1.80743261e+00  1.47831661e+00
  3.03564620e-02 -1.01829818e+00 -3.57955825e-01  7.91579436e-04
  3.91315838e-01 -7.29457514e-02 -4.49468332e-02  8.69573097e-01
  2.35908630e+00 -1.68936955e-01  4.43425101e-01  2.08123481e+00
 -2.52178824e-01  5.72770983e-01 -8.43718338e-01 -1.16000216e+00
 -9.60709578e-01  2.01380849e+00 -9.51264949e-01  1.04727454e+00
  1.81969960e+00 -1.84781036e-02 -1.38646257e+00 -1.14599716e+00
 -3.88322237e-02 -8.20938578e-01 -4.63532575e-01  8.22180580e-01
  4.62058519e-01 -2.61447337e-01 -1.21245982e+00 -1.99640377e-01
  4.35295883e-01 -2.86579756e-02  6.80288219e-02  8.23564053e-01
 -7.24466791e-01  6.62734554e-01  8.73600782e-01 -8.53775763e-01
  4.41449283e-01 -3.60474281e+00  3.16066180e-01 -1.05485592e+00
  7.22891627e-01 -1.87436365e+00 -1.36595492e+00 -1.11029256e+00
  4.41899973e-01 -3.67582375e-01  6.44886692e-01 -1.41015252e+00
 -1.25266537e+00  2.56266525e-01 -1.12968196e+00 -3.06192140e-01
  1.06430769e+00  2.50790037e-01 -1.46370267e+00 -5.63857307e-01
  1.27825470e+00  6.99130783e-01  8.35779033e-01  9.87279558e-01
  1.39090243e-01  7.98723406e-01 -4.71189352e-01  6.59769651e-01
  3.42860180e-01 -1.69103141e-01  1.86849943e+00  2.67255515e-01
  6.10963772e-01 -2.11343719e-01  8.96208629e-01  4.16338486e-01
 -8.98974055e-01  8.26390951e-02  1.04766326e+00  6.97634449e-01
  8.45845156e-01  1.39030983e+00 -2.19656553e+00  7.38327352e-01
 -8.88937295e-01  6.62152314e-01  1.41905608e+00  4.82425607e-01
 -1.34003764e+00 -2.87846641e-01  1.12433510e+00 -2.52965539e-01
  1.12391096e+00 -6.05562813e-01 -1.94461032e+00  3.66991299e-01
 -2.56514056e-01 -3.39140058e-01 -4.95636237e-01  6.16039592e-01
  2.17307638e-01 -1.05120208e+00 -1.90409528e+00 -1.70027587e+00
 -9.27982118e-02 -1.03394677e+00 -5.68781646e-01 -2.17264642e-01
  1.87068672e+00  4.56320860e-01 -3.95996724e-01  1.80793415e-01
 -3.80915728e-01 -1.61608380e-01  2.24480837e+00  6.07879566e-01
 -1.17963671e+00  4.54355114e-01  1.81807341e+00 -2.85701102e-01
 -4.47194529e-01 -5.20248383e-01 -3.55146871e-01  1.55012591e+00
  4.53493847e-01 -1.31304373e+00 -6.52815857e-01 -1.25880295e+00
  6.24131328e-01 -6.13921161e-01  1.19735802e+00 -1.65135217e-01
  3.65744855e-01  8.46641627e-01 -5.43794238e-01  8.36043091e-01
 -2.00298116e+00  5.60308127e-01  1.61751501e-01 -1.10426807e-01
 -2.95825792e-01  8.43821612e-02 -4.60542665e-01  7.42806726e-01
 -5.98850913e-01 -1.08595113e+00 -1.47459280e-01 -8.46183622e-01
 -3.71957543e-02 -8.24385631e-01 -1.23996881e+00  4.42866334e-01
 -1.08893635e+00 -2.67879330e-01  8.68062762e-01 -7.48188948e-01
  1.27680024e+00 -1.89065976e+00  5.18070106e-02  8.59660313e-01
  1.71787208e+00  6.70907737e-01  1.87137682e-01 -1.09605897e+00
 -3.82714048e-01  1.18577681e-01  1.38175105e-02 -2.12417670e+00