 6.89088049e-02 -3.51165425e-02  2.38682206e-01  2.37022815e-01
  7.38534920e-01  1.79462141e+00  1.38322573e+00  7.22060139e-01
 -9.97308284e-01 -1.29038490e+00  7.81713909e-01 -7.35553009e-01
  1.28748470e+00  5.11444809e-01 -4.54571129e-01 -3.83195724e-01
  1.00476803e+00 -5.72690159e-01  2.67865355e-01 -8.92642580e-01
 -5.60687950e-01 -4.53133667e-01  1.54560758e+00 -1.45515315e+00
 -1.11500030e-02  1.17996450e+00 -6.12422831e-01 -2.95924273e-01
 -1.08835436e+00 -3.45156237e-02 -2.15297203e+00 -4.81846521e-01
  8.61592179e-01 -3.37276035e-01  4.35902349e-01 -9.20908510e-01
 -6.45259810e-01 -1.19934605e+00  1.38494043e-01  1.14757964e+00
 -1.52826088e+00 -1.27860487e+00  8.23080687e-01 -2.93268158e-01
 -6.37872463e-01  5.68500687e-01  2.06997128e-01  6.30209014e-01
 -6.93031686e-01  3.70514381e-01  4.37946730e-01 -3.67051721e-01
 -4.51946904e-01  1.06445093e+00  4.56800828e-01 -4.88628629e-01
 -3.36811876e-01 -3.40045729e-01  9.26568307e-01 -3.81755847e-01
  4.98403725e-01  2.36244012e-01  1.19881731e+00  1.35163213e+00
  1.45529234e-01  6.58953056e-01  8.75113201e-01  2.80223065e+00
  7.77205245e-01 -8.19775379e-01 -1.13609582e+00  1.04143035e+00
 -1.23567069e+00 -1.45227094e-01 -2.46755407e-01  6.94744834e-01
 -2.86716620e-01 -6.38999691e-02 -5.39450462e-01  3.04977440e-02
 -7.07394646e-01  2.90592276e-01  5.63879104e-01  6.43686184e-01
 -1.56905544e-01  9.09897834e-01  7.91140708e-01 -4.63615087e-01
 -5.28580384e-01 -1.99098540e-01 -1.57383464e-01  1.32570796e+00
  9.25892590e-01 -1.01259658e+00  5.67061962e-01 -3.22633298e-01
  1.00746738e-01 -9.44214631e-01  4.19611618e-01  9.47615799e-01
 -7.69468348e-02 -9.04904322e-01  1.15469628e+00  5.42946438e-01
 -1.06010786e-01  9.74293950e-01  1.31645688e-01  5.91584675e-01
 -8.56942640e-01  9.55166749e-01 -7.86841349e-01 -1.04013217e-02
 -7.92782988e-01  1.81107826e+00  6.48327723e-02  1.22641860e+00
  1.23291909e+00  8.67522808e-01  1.09706752e+00 -2.40214549e+00
  3.94491155e-01 -2.41728232e-01 -8.73313608e-02 -4.69150367e-01
  1.66361220e+00 -1.29079976e+00  8.05949687e-01 -2.06392278e-01
  1.44893821e+00  2.11715146e-01 -2.98571211e+00 -3.43441444e+00
 -5.35211635e-02 -6.43309685e-01  2.02031638e-01  7.50486914e-01
  8.19511013e-01  1.29452893e+00  6.75966959e-03 -4.87509924e-02
  3.68608372e-01  1.60237175e+00  1.98885560e+00 -5.63501880e-01
 -1.19555644e+00  2.05638836e+00 -8.68124484e-01  6.84031988e-01
 -2.49217696e-01  4.96556230e-01 -1.44627580e-01 -2.56389795e-01
  4.61455498e-01 -1.79283436e+00  1.43216282e-01  1.27613115e+00
  1.66298504e+00  2.55559270e-01  5.45328544e-01 -6.01896143e-01
  7.13191792e-01 -1.05980233e+00  1.19631859e+00 -7.73137495e-01
  5.47387492e-01  7.20217216e-01  6.67700995e-01  1.16649921e+00
 -9.52099655e-01  7.35579985e-01 -1.10993327e+00 -1.19516902e+00
  2.15649071e-01  1.20718372e-01  1.08214576e+00  5.94304683e-01
  1.57766526e+00  1.20482767e-01 -1.11187065e-01  6.89502292e-01
 -1.58798428e+00 -4.03631626e-01 -2.54512021e-01  2.46567009e-01
  7.56593050e-02  1.39520519e-02  1.41568252e-01 -3.52090180e-01
 -3.68862781e+00 -5.34850429e-01 -7.49297314e-01  9.35028944e-01
 -1.82314163e+00 -4.75388377e-01 -1.82817142e-01 -1.77239096e-01
  3.08022345e-01  1.48053470e+00  1.06331393e-01 -1.62064567e+00
  1.67350288e+00 -1.24020812e-01  1.17899362e+00 -1.29737607e+00
 -6.67747622e-01  3.83365871e-01  1.25255390e+00 -2.00367957e+00
 -1.65589662e+00  2.11905284e-01 -1.64302624e-01  1.29653619e+00
 -1.12102934e+00 -9.99545501e-01 -1.43729584e-01 -3.24234868e-01
 -1.13086311e+00  7.21735273e-01 -3.83179459e-01 -2.79301098e-01
 -3.89569805e-01  1.36575408e+00 -5.59330783e-01 -4.59152791e-02
 -1.92479209e+00 -3.38920198e-01  2.41339005e-01  8.22490103e-01
  3.80033959e-01  1.07320559e+00  5.62709774e-01 -1.54309263e+00
  2.24115851e+00 -5.60843657e-01  9.81936580e-01  1.19250462e+00
  3.35172932e+00 -5.93710120e-01 -1.23603489e+00 -1.89105938e+00
 -3.54369898e-01 -6.29009939e-01  6.57544661e-01  1.91146595e+00
 -7.30943926e-01  1.42935599e+00 -1.32003156e+00 -3.75408450e-01
 -1.12727508e+00  1.03161350e+00  5.95575242e-01 -4.07443137e-01
 -1.35586976e+00  9.49712811e-01 -2.09779883e+00 -1.61716340e+00
  2.44069784e-01  5.13015491e-01  8.44668967e-01 -7.38623874e-01
  6.77961457e-01  1.88841296e+00  1.03445169e+00 -2.34605237e+00
  5.00127227e-01  1.01760810e+00 -6.09659261e-01  3.32180489e-01
 -2.36210279e-02 -5.11163478e-01  5.59108143e-01  1.29223856e+00
  3.49600033e-01  8.68552990e-01  1.13940081e+00 -1.03870085e+00
  1.42646582e+00 -9.39636775e-01  7.16753033e-01  3.18008760e-01
 -1.79267218e+00 -7.67605380e-01 -5.74439619e-01 -4.68510980e-02
 -2.52611518e+00 -1.08972945e+00 -9.84733802e-01 -6.72878676e-01
  2.38978201e-01 -4.55870788e-01  4.49862484e-01  7.76238514e-01
  1.91762297e+00 -4.49608320e-01  2.18853314e-01  1.08716746e+00
  3.30534805e-01 -5.88213386e-01  3.25782522e-01 -5.64139890e-01
 -1.21216935e+00  4.84602514e-01 -6.39559108e-01 -5.78833759e-02
 -5.29000888e-01 -8.11963277e-01  3.38279370e-01  9.95315832e-02
 -3.25559565e-01 -2.09837874e+00  8.58835211e-01  4.91099572e-01
 -1.03062334e+00 -1.24708538e+00 -8.88435963e-02 -1.21811825e+00
  9.57531356e-01  1.02927232e+00 -2.59188819e-03  1.11944638e+00
 -2.47997104e+00  1.26563593e+00 -9.73110797e-01 -6.23398125e-01
  8.37154518e-01 -1.54578001e+00  1.29443366e+00 -2.81492328e-01
 -9.27952772e-01  9.44564275e-01  4.32736697e-01 -2.98420058e-01
 -1.18029019e-01 -1.05741908e+00 -1.78595466e-01  3.94321437e-01
 -2.77295132e-01  9.88632448e-01 -1.84347960e+00  7.25618212e-01
 -6.20883129e-01 -7.98346738e-01 -5.27751791e-01 -2.40954302e-01
  3.67301800e-01 -1.80099823e+00  6.20217787e-01  6.23623734e-01
 -6.43262559e-02  1.17754735e-01 -7.21910006e-02 -5.90333076e-01
 -4.07540857e-01  3.83058677e-01 -1.34897724e+00  1.31552310e+00
  2.01861546e+00  5.85566916e-01 -4.20703104e-01 -8.44700056e-01
  9.29195722e-01 -1.30367423e-02  4.58642950e-01 -5.24034507e-01
 -8.83576344e-01  8.87781992e-01  3.86453030e-01 -7.32781255e-01
 -1.24090806e+00  4.06377281e-01 -3.02246570e-01  4.41739803e-01
  7.63389162e-01  8.64041793e-01  6.13236367e-03 -5.79514805e-01
 -4.02255048e-01  5.02435756e-01 -1.10646989e+00 -1.11880077e+00
  9.56495426e-02 -9.79958026e-01  3.39459996e+00  1.19854869e+00
 -8.40187070e-01  2.54397233e-01 -2.68050065e+00 -1.35976688e+00
 -1.31042530e+00  6.33616360e-01  8.31615958e-01 -1.45378484e+00
 -1.76360159e+00 -7.71879332e-01  1.22763765e+00 -2.52193202e+00
  1.22640764e+00 -1.07426805e+00 -1.65063760e+00  2.14564567e-02
  2.16973104e-01  5.05759116e-02 -1.27748447e+00 -1.81784539e+00
 -2.01952284e-01  1.80049512e-01 -3.92585031e-01  3.01204772e-01
 -1.34575866e+00 -3.61024534e-01  1.77622239e+00 -6.59334218e-01
 -5.28480846e-01 -1.30877129e+00  1.12433729e+00 -3.22323663e-01
 -1.25012637e+00  8.51769372e-01 -7.24946636e-01  8.37554519e-01
  2.03951939e-01 -1.00774339e+00 -3.39900707e-01  2.96395057e-02
  1.73046643e+00  2.70834892e-01  1.06955866e-01 -7.64241377e-01
  2.70352383e-01 -4.67191746e-01 -1.09992936e+00 -1.17601880e+00
 -3.47910043e+00  1.42897866e+00  8.66933469e-02  1.02212834e+00
 -6.90238026e-01  2.48972285e+00  5.76496038e-01  2.24455894e+00
  1.84668781e+00  3.48905315e-01 -4.95268371e-01  1.15816308e+00
  7.38168502e-01 -4.81510126e-01 -1.98214667e+00 -1.92699394e+00
  1.29178859e+00 -7.41646025e-03  4.37576943e-01  1.76003734e+00
 -8.03120831e-01  2.16138255e+00 -1.01095271e+00  6.84175327e-01
 -2.70306327e-02  6.91882551e-01  6.18479661e-01 -9.93182751e-01
  6.78714692e-01 -7.42684113e-01 -1.94584372e-01 -1.73963489e+00
  8.75851931e-01  4.90515119e-01  3.72144026e-01  2.04510884e-01
 -2.03300464e+00  4.88404456e-01 -5.11623595e-01 -1.07421649e+00
  5.24631816e-01 -8.82519139e-01  5.91117650e-01  1.51867396e+00
 -4.97669013e-01 -2.41058913e+00 -3.93062870e-01  1.11483749e+00
  7.56843350e-02  1.64632488e+00 -1.62868877e-01 -1.32850538e+00
 -2.36425073e+00  1.94061131e-02 -1.31939049e+00  1.33363571e+00
  8.14957753e-01 -2.64300309e-01 -1.25226399e+00 -4.42395630e-01
  1.01714853e+00  1.12314887e+00 -3.06264163e-01 -1.72048027e+00
 -1.01237467e+00  9.59375453e-02  8.10905091e-01 -8.12162517e-01
 -6.93460070e-03  3.92048590e-01  2.38492652e-01 -1.34589212e-01
  5.07205477e-01 -4.15725993e-02 -3.08957661e-02 -6.34999785e-01
  1.12541925e+00 -4.61946786e-01 -2.13247459e-01 -3.40777070e-01
  6.75748215e-01  6.52029780e-01  2.41695254e-01  2.06277604e+00
  1.33492940e-01  1.61269467e-01  9.17934384e-01 -6.47306878e-01
  1.32515186e-01 -2.20157272e-01 -4.17439197e-01 -8.03780955e-01
  1.02654376e+00 -2.86181792e-01 -3.70868148e-01  1.35542857e+00
 -4.96323531e-01  7.45791155e-01 -1.72286615e+00  1.07309851e+00
  1.40756566e+00  8.50681114e-01  8.79447182e-01 -3.05782430e+00
  6.94655944e-01 -4.96212426e-01 -5.83259891e-02 -1.71262083e+00
  1.11396694e+00  3.27692117e-02  1.01339148e+00  1.15771520e+00
  1.40724133e+00 -1.19803028e-01 -1.67532020e+00 -8.57934529e-01
  9.42821706e-01  6.42439537e-01 -3.92142295e-01 -1.28905782e+00
 -1.72116012e-01 -2.81784330e-01  9.16929314e-01 -2.39042987e-01
 -1.30013802e+00  1.07819783e+00 -1.02122964e+00 -1.27242850e-01
 -1.58672902e-01  5.37032964e-02  1.36657479e-01 -1.39724305e+00
  9.27825871e-01  8.35896037e-01  1.53902522e+00  8.41400283e-01
 -1.40765194e+00 -1.15692242e+00  4.90047402e-01  1.15502217e+00
  4.57616918e-01  8.39685896e-01 -1.07793300e+00  5.96660198e-01
  2.65561801e-01 -2.27149382e-01 -1.71947560e+00  6.28102688e-01
 -2.99679556e-01 -6.51999509e-01  5.58459911e-01 -1.75721284e+00
  4.35346061e-04 -1.06978972e-01  1.06082004e+00  9.89164901e-01
 -1.41634872e+00 -2.60369265e-03  1.25672833e+00  1.51191186e+00
 -2.67580974e-01  1.35155463e+00 -8.11442014e-01  7.27902590e-01
  8.19898898e-01 -1.40920811e+00 -3.07661234e-01  3.19992405e-01
 -1.38882076e+00  1.00566430e+00 -4.79513063e-01 -1.20505188e+00
 -7.62384132e-01 -1.20403743e+00  5.65440610e-01 -3.70383119e-01
 -3.55521720e-01 -1.21573220e+00  1.97456566e-01  7.80875497e-01
  3.45227366e-01 -2.65446040e-01  1.56779364e+00  1.25619976e+00
 -5.18566734e-01 -5.07497872e-01 -3.55974677e-01  2.48841460e-01
  1.69275271e+00 -4.26519355e-01 -4.84413984e-01 -2.86342167e-01
 -6.54205884e-01 -7.65022060e-01 -1.17429519e+00 -9.63996045e-01
 -1.48860693e-01  1.21479152e+00  1.22870927e+00  4.77701269e-01
  2.28096842e+00 -1.27026248e+00  1.69269614e+00 -2.19503527e-01
 -1.61555717e+00 -2.93069302e+00  4.84403551e-01 -4.65830149e-01
  2.44262634e-01  2.40875052e-01  2.09998670e+00  9.39729850e-01
 -1.47672595e+00  7.16255348e-02  3.15619710e-01  6.88721625e-02
 -2.51129637e-01  1.83184084e-01 -9.02771110e-01  2.32701165e-01
  7.99306473e-01 -1.14184939e+00  4.06733823e-02  2.48273319e+00
 -8.87466466e-01 -2.01627999e+00  3.91535481e-01  6.95042889e-01
 -8.83096609e-01 -3.77763725e-01 -1.09744103e+00 -4.31557613e-01
  5.74306974e-01  1.00863815e-01 -1.73099350e+00  1.99553202e-01
  2.99975860e-01  1.07905298e+00  1.06131770e-01  3.84637815e-01
  4.92741300e-02 -4.79549824e-02 -1.14359397e+00 -2.79970995e-01
  1.01241099e+00 -1.22959369e+00 -6.95380820e-01 -7.49642617e-01
  5.69518678e-01  5.43295700e-01  1.41720860e+00 -1.24218679e+00
 -1.48657094e-01 -6.09368556e-01 -8.50253561e-01  5.69090852e-01
 -4.34755272e-01 -4.30559833e-01 -1.06419261e+00  5.23720245e-02
 -4.41376655e-01 -2.16158163e-01 -6.39613886e-01 -2.44355994e-01
 -4.83312081e-01 -1.31357166e+00 -3.26293361e-01 -3.13685710e+00
 -2.54394516e-01  6.04607949e-01  3.89160991e-02  9.17639302e-02
  6.95619108e-01 -1.11162554e+00  3.27720213e-01  6.13818949e-01
  1.46784958e+00 -4.44856056e-01  1.12276239e+00 -9.28280200e-01
 -1.52080923e+00  4.56675647e-01 -1.12116123e+00  1.63453503e+00
 -9.49506113e-01  7.71355497e-01 -2.88564648e-01  2.85205558e-01
  7.37280992e-01 -2.20484042e-01  3.74940950e-01 -2.03705689e+00
 -1.38460559e+00 -9.72493231e-01 -4.42774205e-01 -3.85345914e-01
 -1.02122434e+00  1.02292632e+00 -4.39899568e-01  3.17157709e-01
 -6.40827721e-01  1.13505660e-01 -1.65439612e+00  6.27262021e-01
  3.74379013e-01 -1.75935186e+00  1.17355686e+00  1.46403063e+00
  1.32811622e+00 -6.74001437e-01  1.06399019e+00  6.81249795e-01
 -1.50342875e+00 -2.04466560e-01  7.66023128e-01  2.49500175e+00
  2.30894441e-01  1.05448777e+00 -1.74786295e+00 -8.78651716e-01
  4.28418929e-01  1.39512358e+00  4.85713964e-01  9.42770483e-01
 -3.90158344e-01 -7.97025360e-03 -6.22604326e-01  7.09453731e-01
 -4.74545638e-01  3.28022014e-03  5.91589684e-01  2.25928992e-01
  9.84642637e-01  9.61460328e-01 -1.74597503e+00 -1.14087469e+00
 -1.74400316e-01  5.34951138e-01  1.12331221e+00 -7.17705660e-01
  9.72889898e-01  8.62795688e-02  8.24635523e-01 -7.30400139e-01
  9.01831512e-01 -2.01834251e+00 -1.85238976e+00  1.90595117e+00
  2.20073989e+00  3.34488533e-01 -3.88310383e-01 -1.49097563e+00
 -6.73211080e-01 -5.81595668e-02  1.45153389e-01  1.42872852e+00
  3.27140184e-01  5.06823956e-01 -6.84157511e-01 -4.66399413e-01
 -1.79904435e+00  8.55136213e-01  3.00107334e-01  1.40992347e+00
 -7.69960245e-01 -4.76503015e-01  2.93349416e-01 -3.80798435e-01
  6.10449338e-01  6.25113737e-01  9.85404779e-02  7.20122249e-01
  4.22664810e-01 -2.95732850e+00 -2.97617866e-01  4.11796035e-02
 -1.88243605e+00 -4.04451758e-01 -5.08395328e-01  8.58704852e-02
  2.50899826e-01  2.37568289e-02  3.08662108e-01 -2.21347474e-01
 -7.58352096e-01  5.09931462e-01  1.43267546e+00  3.96674957e-01
  3.00486767e-01  4.87180609e-01 -1.81962590e+00 -2.45678482e-01
 -2.97642940e-01 -5.99061393e-01  5.08182702e-01  2.64551422e-01
  1.97218855e+00  1.01067612e+00 -1.37454402e+00  8.29740709e-01
 -4.11499096e-01 -1.52528021e+00  4.13933290e-01 -4.56468077e-01
  8.46019125e-01 -2.94419024e-02  5.63768410e-01  4.33281111e-01
  2.27067299e-01 -1.84410304e+00  3.90823473e-01  1.36062867e+00
  1.44590200e+00 -6.44518645e-01  8.51237685e-01  2.03976874e+00
  4.71126491e-01 -2.16155039e-01 -3.12370984e-02  7.99573169e-01
  1.02923414e-01 -1.16473622e+00 -4.40438247e-01  8.84237056e-01
 -2.87964642e-01  1.26890410e+00  2.68923172e+00  2.38081891e+00
 -6.03010083e-02  1.97222557e+00  2.54115914e-01 -3.02750577e-01
  8.00768847e-01 -1.25129280e+00 -7.72533498e-01  1.61752234e+00
  5.74101516e-01 -4.24391968e-01  7.85314070e-01  9.21119227e-01
  1.00201071e+00 -2.32761999e-01 -1.02058204e-01  9.94554132e-01
 -1.34926994e-01  2.12838501e-01 -2.91509963e-01 -2.85941200e-01
  1.03792550e+00 -7.30337460e-01 -1.92132734e-02 -7.56184185e-01
 -2.24616478e+00 -4.07959163e-01 -2.58843492e-01  8.94288594e-01
  1.07113454e+00 -2.08590037e+00 -1.12850934e+00 -1.88399581e+00
  9.77162569e-01 -1.89907575e-01 -7.29945664e-01 -1.62910871e+00
  1.89397173e-01 -2.24147584e+00 -1.15955041e+00  1.31889938e-02
 -1.72974561e-01 -2.99725867e-01 -8.20247591e-01 -2.91023320e-01
  8.79619222e-01  7.22946692e-01 -3.57064312e-02  3.08532811e-01
 -1.49196795e+00 -1.52570284e+00  1.00413631e+00  4.99780752e-01
  4.41620937e-01 -7.23937977e-01  1.02682985e-01 -5.44644828e-01
 -7.36219924e-01 -3.16409195e-01 -1.08435277e+00 -1.36748329e-01
  1.13238525e+00 -1.88657681e+00 -3.98894777e-02 -8.41345863e-01
  4.12589012e-01 -1.43589678e+00  2.81784182e-01 -7.58459414e-01
  8.96048120e-01  9.33674458e-01 -2.31542331e-02 -2.46047448e-02
  9.59401085e-01  1.31244180e+00 -1.16817116e+00 -7.59132167e-01
  2.68077416e-01 -2.42713639e-01 -1.18007984e+00 -9.17265450e-01
  4.13089021e-01  3.95542201e-01 -1.37662426e-01  9.94611908e-01
  4.68852988e-01 -4.46122462e-01  6.05428585e-01  1.55998547e-01
 -2.89514534e-01  5.10193377e-01  1.68953980e+00 -1.01376538e+00
 -1.09536671e+00 -1.26293209e+00  6.71044583e-01  1.23985420e-01
  1.07232449e-01  1.44455533e+00 -2.14399160e-01  1.02645904e-01
  8.35776145e-02 -8.15902750e-01 -1.80791577e+00  9.15757024e-02
 -1.00876207e+00 -5.02807408e-01  2.31849352e-01  1.10808268e+00
 -1.20364385e+00 -5.92504658e-01  3.61490440e-01  2.52347172e-01
 -2.67133023e-01  1.35543584e+00  1.48567456e+00  3.01992165e-01
  1.13636171e+00 -1.07614186e+00  6.72144239e-01  6.46743769e-01
 -8.54228388e-01 -1.96002219e+00 -1.21795966e+00  1.38876616e+00
 -3.90380023e-01 -7.99415418e-01  1.02796662e+00 -3.79815015e-01
 -5.68489591e-01  5.60577335e-01 -5.91112111e-01 -1.20162771e-01
  7.17749780e-01  1.82074967e+00 -6.94469926e-01  1.19344042e+00
  2.07273667e-01  8.01638705e-02 -1.11742655e-01  1.68137542e-01