 3.37322058e-01 -2.86128460e-01 -1.30009723e+00  1.58747416e+00
 -3.16497124e-01 -4.04761568e-01  5.74702033e-02  1.62244926e-01
 -3.05563909e-01  3.02970554e-01 -5.60506394e-01 -9.45198976e-01
 -6.35855285e-02  1.76841980e+00 -5.91223298e-01 -8.40304198e-01
  2.42964306e-01 -1.19003012e+00 -4.79927993e-01 -7.96253964e-01
  1.42634628e+00 -3.86774012e-01  9.41795705e-01  9.94685531e-01
 -5.13623579e-01 -9.56553316e-01  1.18184470e+00  6.23917442e-02
 -1.97531639e+00  1.92914425e+00 -8.30497279e-01 -1.06476129e+00
 -4.28693191e-01  1.82214597e+00 -5.80297946e-01  1.30805936e-01
 -5.68600550e-01 -2.02103204e-01 -1.84089484e+00  1.91234339e+00
 -1.60296159e+00 -1.65889718e+00 -7.12716174e-01 -1.37702299e+00
  4.81517263e-01  1.33654551e-01  1.78331494e+00 -1.51814677e+00
 -7.38350567e-01  1.71612217e-01  9.02783469e-01  1.74874119e-01
  2.01198471e+00  4.75678467e-01 -9.05653404e-01  1.84616095e+00
 -8.88268642e-01  1.24129183e-01  1.25199806e-02  4.58760181e-01
 -8.83889138e-01  2.32071364e-01 -2.38441383e-02 -1.13061333e+00
 -2.73989826e-01 -7.53223344e-01  3.87558705e-02 -4.10977413e-01
  1.46035380e+00 -1.08814804e+00  4.28356278e-01  1.44171431e+00
  1.54818207e+00  1.12564160e+00 -7.19426793e-01 -2.12971390e-01
  7.84141707e-01  9.21238147e-01  1.45403285e+00  1.78325276e-01
 -2.02343510e-01 -2.63599720e+00  1.05646468e-01  8.57319514e-01
  7.27840426e-01  2.00339389e+00 -1.37481006e+00 -6.30579260e-01
  1.01347622e+00 -7.55580747e-01 -2.71045108e-01 -1.73172040e+00
  9.97795153e-01 -9.71907510e-01  8.93181985e-01 -7.54905313e-01
 -6.19568116e-01  1.06265059e+00 -1.36859817e+00 -4.69508432e-01
 -4.29128018e-01  9.78751806e-01  6.62295407e-01  1.29496387e+00
 -4.89965013e-01 -7.95947221e-01 -1.37583809e+00  2.96126277e-01
 -3.20803561e-01 -1.68107114e+00 -6.36735878e-01  9.79157015e-01
  4.98289720e-01 -2.85142903e+00  9.38191542e-01  2.79194723e-01
 -4.10402577e-01  2.25857239e+00  4.45294151e-01  7.96329720e-01
 -6.12051656e-01 -1.02141845e+00 -1.72980890e+00  3.56856712e-01
 -2.05190203e-01  1.24682229e+00  1.89967541e+00 -1.03424517e+00
 -5.93164959e-01  2.14386676e+00  2.75185519e-01 -1.91269822e+00
 -4.95619990e-01 -7.88137031e-01  2.50684745e+00  2.62316956e-01
 -1.89188812e+00  1.28237833e+00 -1.50551563e-01  2.63438663e-01
 -2.09210528e+00 -1.03394527e+00  7.39264870e-01 -1.71038300e+00
  1.89245502e-01  1.67941215e+00 -3.31175335e-01 -1.49482423e+00
  5.63049419e-01 -2.55307721e+00  1.34154547e-01 -3.54972026e-01
  4.83525062e-01  1.53479099e-01  4.58869399e-01 -1.93267556e-01
  1.18537311e+00  2.26139917e-02 -2.58525631e+00 -8.18647699e-02
  1.58179721e+00 -5.27706988e-01  1.16957758e+00  8.87443613e-01
 -5.42298542e-01  2.18960008e+00 -1.59388050e+00 -6.87265101e-01
 -1.04853318e+00  1.27446297e+00 -7.60057484e-01  1.27665107e+00
 -8.99651269e-01 -2.11922986e+00 -2.53014151e-01 -4.27394957e-02
 -6.23397656e-01  1.72620204e+00  1.14610801e+00  3.75059116e-01
 -7.58315337e-02  5.85171290e-01 -2.10868425e-01  5.89687029e-03
 -1.49593973e-01 -4.67177236e-01 -7.27407974e-01  7.41385733e-01
  6.36392402e-02 -2.78441220e-01 -1.60626143e-02  5.95417642e-01
  9.23954290e-02  1.33629915e+00 -4.11219013e-01 -6.89952784e-01
  1.76920683e-01  8.21665632e-02 -4.22120183e-01 -6.19369021e-01
  4.20198573e-01  4.16690108e-01  6.58990652e-01  6.66596129e-02
 -1.64213321e+00 -6.83938493e-01  1.51945811e+00  1.16847571e+00
 -7.70265247e-02 -2.03822880e-01  8.47620514e-01 -4.92956927e-01
 -8.76174707e-01  3.25369540e-01 -2.26889409e-01  3.61528000e-02
  6.52782596e-01  3.78305751e-01  6.52506051e-01 -4.46887395e-01
  7.43127281e-01 -5.91275152e-01  6.91627741e-01 -7.83807749e-01
 -8.74075501e-01 -6.74852520e-01 -8.06172394e-01  3.15588714e-01
 -1.34878571e+00  6.03865217e-01  1.38043662e+00  3.87289987e-01
 -1.21837683e+00 -6.54013569e-01  1.55396312e-01 -1.05641973e+00
 -1.58242001e-01 -3.17260765e-01  1.04645327e+00 -1.42786552e+00
  6.50379954e-01  1.09993103e+00 -6.06577403e-01  1.49099069e+00
 -5.95140895e-01 -5.85065653e-01 -2.35652917e+00 -2.72794110e+00
 -5.06438024e-01 -1.60396175e-01  2.27755543e-01  2.58111920e-01
 -2.52946064e-01 -4.29293973e-01 -7.80690611e-01  4.87340701e-01
 -4.69595365e-01 -1.79556289e+00  7.23718422e-01  6.89583778e-01
  2.42901616e-02  3.15344262e-01 -1.32298912e+00  2.98599308e-01
 -9.15954329e-01 -2.29784369e-01 -7.79165778e-01  8.33389221e-01
  1.21162273e+00  7.15441237e-01 -2.75086207e-01  1.42092723e+00
  3.80304225e-01 -1.70358635e-01 -1.96303176e-01  4.85023866e-01
 -4.63361970e-01 -1.23172465e+00  2.21628749e-01 -6.04543987e-01
 -5.80436193e-01 -5.55311904e-02  6.41080304e-01 -2.70585055e-01
  1.11740369e+00  2.11293732e+00 -5.38613398e-02 -1.65194031e+00
  2.48795656e+00  6.58257036e-01  4.07601316e-01  2.45785421e-01
  1.09413824e+00 -4.78289490e-01 -7.53903647e-01  4.42055168e-01
  7.29971174e-01  1.65074339e-01 -3.78748640e-01  2.34277292e+00
 -2.57046171e-01 -4.42107165e-01  3.79142323e-01  8.89985393e-01
  9.46117461e-01 -1.05222402e+00 -1.37581375e+00 -8.94503138e-01
 -1.55356157e+00  1.40157619e-01 -2.45691598e-01  6.39449798e-01
 -1.05515147e+00  6.68797261e-01  1.62538437e+00  1.55188340e-02
  2.16564645e+00  1.42456455e+00 -5.09308448e-01  1.68103062e-01
 -3.55342930e-01 -4.01532916e-01  1.48131858e+00  1.81260612e+00
  6.59006277e-01 -2.86282477e-01 -4.09625053e-01 -1.92881626e+00
  1.87612019e+00  1.12670227e+00  3.66512557e-04  5.16421296e-01
 -7.69149847e-01 -1.96836209e+00 -2.37904021e+00 -4.57999299e-01
 -6.70197938e-01  1.35095580e+00  4.02229586e-01  1.88496678e+00
  8.49289258e-01  7.31613932e-01  1.42288686e-01 -3.96414976e-01
  5.62723532e-01  4.87677600e-01 -5.90921672e-01 -3.90131194e-01
  2.04178563e-01 -4.49657641e-01  8.07598794e-01  5.80064038e-01
 -9.84389624e-01 -2.22112699e-01 -1.76734880e+00  8.18551926e-01
  1.76997146e+00 -1.20186039e+00 -6.43741490e-01 -8.75744569e-01
  1.08515368e-01 -4.69479367e-01 -1.02232115e+00 -2.41259376e-02
  1.96752713e-01  2.44692587e+00  1.06911751e+00  6.88796409e-01
 -1.72486303e+00  5.74853045e-01 -8.33863623e-02  8.83431153e-01
  1.48502411e+00 -1.47469538e+00  1.53650848e+00  4.50717230e-01
  5.50791786e-01  9.85319569e-01  7.74719619e-01 -2.32261475e-01
 -4.52920869e-01  1.13882470e+00 -1.48615611e+00 -1.88303079e+00
  7.01285453e-02  1.10896387e+00 -1.30130204e+00 -1.31487630e+00
  1.28298943e+00 -1.52362446e-01 -2.94415531e-01 -1.03307432e+00
  5.70893251e-01 -1.57764555e+00 -2.12525972e-01 -8.25400365e-01
  1.79549423e-01 -1.22643800e-01 -1.21165760e+00 -9.28503737e-01
 -5.33575712e-01  7.39399007e-01 -6.44344620e-01  6.02057787e-01
  2.19388742e+00  4.97994859e-01  1.41613869e-01  3.79913323e-01
 -6.32718035e-01  2.48131510e-03 -3.95557878e-01 -1.35322859e+00
  3.02353027e-01  1.29989031e+00  7.73664246e-01  2.94027216e-01
 -1.60977392e+00  7.09367805e-01 -1.93195832e+00  1.43900594e-01
  1.28192862e-01  6.89798653e-02 -5.41783045e-01  7.98876889e-01
  1.57669886e+00  1.11183183e+00  1.36615210e-01  1.28366681e+00
 -1.60756649e-02 -4.23469052e-01 -3.05080022e-02  8.87169678e-01
 -1.98226590e-01  5.29889338e-01 -2.96275113e-01  1.64456287e+00
 -3.84535174e-01 -1.18002490e+00 -5.15962799e-02 -2.03333308e-01
 -1.55874048e-01 -9.29914966e-01 -6.50342849e-01 -4.30818167e-01
  6.71138377e-01  8.89343137e-01 -7.42228264e-01 -1.15324594e+00
  2.07876397e-01  5.23038273e-01 -7.25650118e-01 -9.95416509e-01
  1.11963424e+00 -8.32634041e-01  5.27831673e-01 -1.55791585e+00
  1.21181018e+00  6.81701812e-01  2.63482608e-01  6.91472764e-01
  7.76714791e-01  1.65453828e+00  5.97953228e-01  1.30915094e-01
 -1.17562231e+00 -3.01642421e-01 -1.01978914e+00 -3.99436103e-01
 -4.58867510e-01  1.14394337e+00  3.86184289e-01 -1.45116258e+00
  5.36119424e-01 -4.52748470e-02  2.67844287e-01 -5.65684052e-01
  1.36835107e+00 -4.34626754e-01 -8.19156749e-01  7.79462625e-01
  1.19114105e+00 -3.39812974e-01  1.78837422e-01  9.38607504e-01
  6.81024633e-01  3.07934160e-02  1.69030845e-01  2.87938853e-01
  4.33324205e-01 -5.75097699e-01 -7.43968892e-01 -7.12830079e-01
 -1.38077799e+00 -7.53126836e-01  1.17659218e+00  2.37177564e+00
  1.16317325e-01 -1.82800485e-01 -3.06977750e-01 -4.55323061e-01
 -1.70393020e+00  1.07704234e+00 -4.99879542e-01  9.12940021e-03
  6.89068794e-01 -1.50924609e+00  1.69665691e+00  8.38143287e-01
 -7.66076463e-01  8.62607722e-01  4.67007278e-01 -3.35950523e-01
  7.22997917e-01  4.49994238e-02  2.11405184e-01 -9.59979774e-01
 -9.61084413e-01  2.52002643e+00  3.76063256e-01  1.41902227e+00
  1.05563765e+00  9.93011676e-01  1.34503678e+00 -9.77852421e-01
 -2.01652322e+00  1.71892446e-01  9.51347243e-01  1.04377766e+00
  9.10350197e-01  1.30702155e+00 -6.96508821e-02 -5.57024042e-01
  1.20035123e-01 -9.79211181e-02  9.34802538e-02 -9.24997575e-01
  1.09423251e+00 -1.02177641e+00  1.36490178e+00 -3.46181276e-01
  5.40899400e-01 -9.90754506e-01 -7.63716306e-01  3.05343246e+00
  2.26133723e+00  1.19500249e-01 -2.65379398e-01 -6.77059238e-01
  1.16001570e+00  7.33226254e-01 -1.00521893e+00 -5.78960895e-01
  8.02121398e-01  8.29697704e-01 -1.99563645e+00  1.05329574e+00
 -4.76483612e-01  4.03588962e-01  1.39909602e+00 -1.92721636e-01
  1.37824338e+00 -8.99998414e-01 -2.11040456e+00 -1.33977802e-02
  7.82364028e-01  1.25865382e+00  2.39580808e+00 -1.37075061e+00
  8.98115641e-03  1.80704467e+00  1.49273534e+00 -1.90304150e-02
  1.02010572e+00 -1.18616003e+00 -4.45668384e-01 -7.26683667e-02
  1.01241547e+00 -2.74114388e+00 -2.19998675e-01 -1.54286438e+00
  6.32145871e-01 -6.42020190e-01  8.48366739e-01  3.22866812e-01
  4.61486449e-01 -7.87584534e-01  5.33538421e-01 -1.16113782e+00
 -1.76349097e-01 -4.31773069e-01  2.84932430e-01 -1.73783358e+00
  4.96640078e-01  8.57474687e-01 -7.98706936e-01 -2.88745507e+00
 -4.38683506e-01 -2.02696344e+00 -1.19516056e+00  1.68669632e-01
 -1.13085253e+00  4.29146060e-02  1.09398197e+00 -9.09006855e-01
  3.69792428e-01 -1.40146069e+00  1.16177304e-01  1.09653921e+00
 -1.06053336e+00  1.52054228e-01 -8.97209890e-01 -1.23832664e-01
 -4.02371703e-01 -1.61966282e+00 -7.41560883e-01  8.04571056e-01
 -1.37574452e-01 -1.29651201e+00 -1.99545079e+00 -5.94950924e-01
 -1.12821813e+00 -1.33844725e-01  3.05648476e-01 -1.34288054e+00
 -9.63334274e-01 -3.96684950e-02 -2.48845087e+00 -2.50899451e-01
  1.05652912e+00 -3.09037139e-01 -1.62526753e-01 -1.00195113e+00
 -1.76018216e-01  1.82683601e-01  4.22009124e-01 -7.70178454e-01
  8.12472396e-03 -9.26137068e-01 -1.66977618e-01 -9.00261530e-01
 -6.30439734e-01  9.63279121e-01 -1.38264287e+00  1.38966119e+00
 -5.72296070e-01 -2.81900581e-01  7.48823462e-01 -8.70232794e-01
  3.44631339e-01  6.93072455e-01 -4.64749468e-01  3.41399636e-01
 -1.59004629e+00  4.53573769e-01 -6.98608472e-01  3.44732724e-01
 -6.80030549e-01  7.88952126e-06  6.87075366e-01  6.36985103e-01
  7.10639051e-01 -1.42724286e+00  3.98317691e-02  9.89742119e-01
 -1.12044830e+00 -2.73224981e-01  1.14259524e+00 -6.11196511e-01
  8.51379192e-01 -6.83029342e-01 -6.75939366e-01 -1.42576077e+00
  1.31273837e+00 -1.94804441e+00  8.23360708e-01  4.72168755e-02
 -2.56208550e-01 -5.41128060e-01  4.40439642e-01  7.24992022e-01
  3.36518813e-01  8.99686009e-01 -1.70393108e-01  9.30619299e-01
 -1.61623567e+00  1.93199316e-01  2.07947609e+00 -4.44744841e-01
 -1.04747204e-01  1.86556638e+00  9.73806923e-01  1.13958732e+00
  2.56203973e-01 -4.57868700e-01  1.24959761e+00 -8.62473935e-01
  4.08145280e-01 -3.03587128e-01 -1.32722856e-01  9.88770409e-01
 -3.49363862e-01  4.71884535e-02  1.25747763e+00  2.52434981e-01
  4.10736634e-01 -9.48444044e-01 -5.36601562e-01  1.73691713e+00
  7.55828582e-01  1.10740650e+00  7.27964113e-01 -2.71225947e-01
 -2.01886767e+00  7.44425675e-01  2.14397703e-02 -5.34282167e-01
 -1.52908393e+00 -3.10594732e-01  5.01269814e-01 -5.00686638e-01
  7.32222233e-01 -5.75938928e-01  9.76354134e-01 -2.79731326e-01
 -1.72498659e-01 -8.53784999e-01  3.09658889e-01 -3.67060503e-01
 -1.42942134e+00 -1.42507058e+00 -2.40216465e+00  6.26117670e-01
 -9.52457964e-01 -9.00191639e-03 -7.20172916e-01 -8.01097429e-01
  1.30326321e-01  2.36826889e+00  1.62189451e-01 -1.73188269e+00
 -3.32490080e-01 -1.10896826e+00  6.65680812e-01 -3.16161585e+00
  1.14036479e+00 -9.88467235e-02  1.42976258e+00 -1.32620377e+00
  3.14446934e-01  1.39524546e+00 -4.87035699e-01 -1.18672458e+00
 -3.70239351e-01  4.44950194e-01 -6.13856111e-01  9.62443363e-01
 -1.39310856e+00  1.69744313e+00  6.26756438e-02 -4.40023970e-01
 -1.33071352e+00 -1.80252823e+00  8.64756195e-02 -2.67717017e-01
 -9.10551762e-01 -6.76908473e-01 -1.67463859e+00  7.45523863e-02
 -5.96784142e-01  8.42801776e-01  4.55279001e-02  6.03883351e-01
  2.75949414e-01  3.52919672e-01 -6.90390791e-01 -3.70921970e-02
  4.73185094e-01 -1.43653089e+00 -1.02009559e+00  1.24230727e+00
  4.87778992e-01  9.47109574e-01  1.18796537e+00 -5.38741008e-01
  1.73258932e+00 -8.79170186e-01 -7.72988326e-01 -1.71187180e-01
  6.48351939e-02 -1.06128225e+00 -1.03130892e+00  3.97199252e-01
 -1.42605789e+00  3.49827803e-01  5.21291937e-01 -9.50932963e-01
  9.50865636e-01  1.06763970e+00 -1.61944445e+00  9.20446486e-01
  1.33487398e-01  5.14211758e-01 -1.59279314e-01 -6.38762765e-01
 -2.35866818e-01  5.64544243e-01  3.85397983e-01 -2.19009321e+00
  3.22502698e-01  1.29284497e+00 -3.90928315e-01 -7.18938345e-01
 -1.24671273e-01  1.32450556e+00 -1.29294752e+00  3.74699839e-01
  3.30673560e-01 -7.25308688e-01 -1.39612126e-01 -9.10142446e-01
 -1.44511489e+00  1.10304816e+00 -8.00244857e-02 -1.02265251e-01
 -1.84747875e+00  1.73295642e-02 -1.63876909e-01  1.24217871e+00
 -1.50940351e-01 -9.13047641e-01  1.28996911e-01  2.74221126e+00
 -1.96571323e-01  4.14957485e-01  3.93932134e-01  7.53423633e-01
 -1.29224458e+00  1.21457900e+00  5.92368283e-01  1.48381494e+00
  1.64450462e+00 -6.25510801e-02 -2.78534654e-01  1.98861488e-01
  9.90535794e-01 -7.56368017e-01  3.11302685e-02 -1.58989175e+00
 -7.89236083e-01  8.87956335e-01  1.15858303e+00  7.27213457e-01
  1.87804375e+00  1.45292658e-01  1.40312917e+00 -2.43218317e-01
 -7.83804983e-02  6.00360965e-01  1.31707425e-01  1.72754018e-01
 -1.04706228e+00  5.74937624e-01  1.67776496e+00 -1.61749266e+00
  4.23333738e-01 -8.38980994e-01 -1.29260919e+00  2.21843233e+00
  2.02710657e-01  1.21322781e+00 -2.24349896e+00  1.31083017e+00
  8.41829394e-01 -5.80484020e-01 -1.50947329e+00  5.99948366e-01
 -1.19619629e+00  8.39319377e-01 -2.31000194e+00 -7.51206038e-01
 -3.48144393e-01 -1.66219919e-01 -7.51990665e-02  7.38660037e-01
 -1.94362145e+00 -1.08799305e+00 -8.77984491e-01  6.67973368e-01
 -3.06123883e-01  5.85813142e-01 -2.78600263e-01  1.44316602e+00
 -1.61031671e+00  8.48976113e-01 -5.76553841e-01  1.10774545e+00
 -1.38121257e+00  1.31480663e+00 -3.52535469e-01  6.97094584e-01
  3.79854352e-01 -9.88893335e-01 -5.14942462e-01  2.06009197e-01
 -1.03552971e+00 -1.14634298e+00 -4.53930232e-01 -1.57112331e-01
  5.21040298e-01  5.32258127e-01 -2.82341344e+00 -7.75012477e-01
 -4.86448656e-01  2.63913921e-01 -4.59138387e-01  1.07639677e+00
  4.32171969e-01 -8.38321079e-01 -2.10675992e-01 -1.81911213e+00
 -4.15320429e-01  1.28914044e+00 -1.44018622e+00  4.84208174e-01
  1.97692128e+00 -1.01623650e+00 -1.08110378e-01 -5.91793712e-01
  1.55732001e+00 -4.09387788e-01  9.73930671e-01 -4.09635741e-01
 -1.30518789e+00 -2.08872578e+00 -1.06327040e-01 -8.73156504e-01
 -1.81559763e+00 -2.19066958e-01  9.25986251e-01  1.44025340e+00
 -4.86696365e-01  1.87895588e-01  2.27201201e-02  6.62507653e-01
  1.05275524e+00  7.05259044e-01 -9.11993030e-01 -6.06381161e-01
  4.63641945e-01 -6.52129390e-01  9.06388269e-01 -6.78019491e-01
  1.12778193e+00 -1.43713300e-01 -1.05845663e-01 -8.46777423e-01
  1.03957428e+00  4.47372608e-01 -1.78257772e+00  2.02135171e-01
  9.31451675e-02 -6.90181538e-01 -7.73047196e-01  1.96849629e+00
 -6.15566075e-01 -9.19325914e-01 -5.51640272e-01 -3.89522340e-01
 -6.75852559e-01 -9.16578159e-01  4.82671603e-01 -1.30163383e+00
 -1.17931889e+00 -3.41423568e-01 -1.98413760e+00 -5.30682719e-01
 -5.98046657e-02 -6.19228193e-01 -2.50907420e-02 -5.66573494e-01
  3.15974467e-01  2.37646448e-01 -9.62613673e-01 -5.67523739e-02
  1.92563023e+00 -3.69339242e-01 -1.71282513e+00 -6.24150061e-01
 -9.03016833e-01  3.39631028e-01  2.88481921e+00  1.50784532e+00
 -1.27878529e+00  2.18309037e-01 -1.65138275e+00  1.77358094e+00
 -2.47245488e+00  3.30526991e-01  1.94704277e-01 -7.64294447e-01