 3.87090629e-01  1.70268698e+00  6.33933649e-01 -1.18951453e+00
  1.98132464e+00  1.90978750e+00 -1.95683739e+00  1.42023069e+00
  1.10647556e+00  1.16194332e+00 -1.11017861e-01 -1.35513897e+00
  7.93905603e-01  8.32774480e-01 -9.54361159e-01 -1.57714051e+00
 -9.03366457e-01  2.16020765e-01  7.14358175e-01 -2.77779188e-01
  3.16903272e-01 -8.47000631e-01  2.08779598e+00  7.50913899e-01
 -1.46731403e+00  1.24309845e+00 -1.24041391e-01  1.30376485e+00
 -1.43058759e+00  1.00046840e+00  1.44916339e+00  1.68102427e-01
 -1.00365683e-01 -1.70033077e+00 -1.40493389e+00 -1.08436417e+00
  7.21810990e-01 -1.15435741e+00  1.87751282e+00  9.83674468e-01
 -3.66946778e-01 -5.74665415e-01 -1.61464885e+00 -4.34375072e-01
  1.25400214e+00  7.69332467e-02  6.48688903e-01  5.86587628e-01
 -1.27705689e+00  1.02984227e+00  8.33774096e-01  5.22798240e-01
 -9.87004747e-01 -4.58853908e-01 -2.00435785e-01  5.22592121e-01
 -1.21475402e+00 -4.61279364e-01 -1.83393800e+00  1.32997501e+00
 -1.20270131e+00 -7.53297980e-01 -4.27075200e-02  9.51236273e-01
  3.48240171e-01  1.23365700e+00 -7.96851281e-01 -3.35733058e-01
 -3.97376193e-01  3.68392307e-01 -4.40763854e-02 -1.26801133e+00
  7.26899626e-01  9.67382984e-02  1.72538676e+00 -1.27526077e+00
  1.04960208e+00 -1.25159914e+00  1.62855895e-01  1.00323605e+00
  5.84652029e-01 -1.50877242e+00 -2.31696434e-01  1.62647490e+00
  5.68726908e-01  5.38581896e-01  1.54095103e+00  8.16450604e-01
  1.04005475e+00 -1.29277966e+00  3.23788038e-01  5.77154997e-01
  3.10423892e-01 -7.91616377e-01  4.29566547e-01  1.69111095e+00
 -6.37736461e-03 -2.63184206e-01  4.11323679e-01  5.33330882e-01
  2.60381660e-01 -4.42241072e-02  3.68177277e-01 -1.47536414e+00
 -5.99266355e-01  6.69717370e-01  2.83120246e-01  9.85468881e-01
 -5.31778692e-01 -1.01607463e+00  9.11724820e-02 -5.55680961e-02
  1.95659897e+00 -1.39448955e+00  8.86020675e-01 -5.17382735e-01
  8.79217910e-01  5.52440396e-02 -1.20189574e+00  6.75158431e-02
  7.83998947e-01 -7.74036125e-02 -2.47694753e-02 -8.14464779e-01
  2.03499537e+00  5.15304573e-01  4.00213887e-01 -3.93104636e-02
  4.56204039e-01 -7.28913385e-01  5.09910219e-01  3.46730079e-01
 -4.64444867e-01 -1.03417262e+00 -1.29321589e+00 -7.96939011e-01
 -9.16894049e-02 -1.59678897e+00 -1.20064451e+00  2.99964917e-01
  4.05927470e-01 -1.87843075e-01  2.09553478e+00  7.09704533e-01
 -7.69362628e-01 -5.81765905e-01 -8.75780587e-01  6.03291949e-01
  1.84357922e+00  6.60585786e-01  8.45377367e-01  1.72755802e+00
  1.02593127e+00 -6.59225099e-01  5.19746409e-02 -4.57227925e-02
  6.75936163e-01  3.94956880e-01 -1.47728779e+00  3.12036982e-01
  1.56236225e+00 -2.02162384e-01 -2.00867526e-01 -5.07537265e-01
 -3.50687115e-03  1.65313916e+00  1.52713570e+00  8.27398577e-01
 -1.53634122e+00 -6.98674768e-01 -5.98057354e-01  1.79080781e-02
  8.85920585e-01 -6.39835563e-01 -6.12390946e-01  4.91097155e-01
  2.00621952e-01  8.70366756e-01  5.41377087e-01 -1.06291804e+00
 -8.80157041e-01 -2.98831585e-01  4.86311260e-01  1.08216024e+00
 -9.69270349e-01 -7.39234219e-01  1.25919033e-01 -7.40669969e-01
  1.29750454e+00  1.78270573e+00  9.11286195e-02  2.73083725e+00
 -1.04193848e+00  1.35286572e+00  2.81909564e-01 -9.50757374e-01
  1.79770294e-01 -8.62534144e-01 -1.19958984e+00  2.76068502e-01
 -1.08481859e+00  1.24589700e-01 -1.15587790e+00 -1.19254962e+00
 -2.00382993e+00 -2.70960339e-01 -1.94044540e+00 -7.15961556e-01
 -2.38262111e-01 -1.73796435e+00  1.83879287e-01 -8.34181848e-02
  7.13353182e-02 -9.19266268e-02  5.45605652e-01  2.23006797e-01
  1.27605945e+00  5.15907854e-01 -3.05840743e-01 -1.12035561e-01
 -1.73055537e+00  4.80395780e-01 -5.10128392e-01 -9.89419576e-01
  1.24124205e-01  2.92994708e-01  2.82664172e-01 -3.24979982e-01
 -1.20683811e-02 -4.04693158e-01 -1.99150032e-01 -1.87126749e+00
 -1.44452532e-01  3.81178627e-01  4.12734384e-01  1.23392938e+00
  9.02103393e-01 -6.55610826e-01 -9.83086784e-01 -6.37362381e-01
  1.52217593e+00 -1.51964435e+00  5.12107737e-02 -2.28901554e-01
 -1.09449915e-01  4.73699576e-01  9.36567915e-01 -1.17887564e-01
  1.93045236e-01  6.89513316e-01 -1.91692114e+00 -4.95708048e-01
 -6.93801552e-01  9.68232948e-01 -3.93386545e-02 -1.29964691e+00
  7.33956520e-01 -9.34610375e-01  3.12714138e-01  4.21297174e-02
 -6.38540694e-01  5.62174234e-02  1.05079275e+00  7.22556652e-01
 -6.33523404e-01 -5.94171277e-02 -5.65432666e-01 -6.27520478e-01
  9.92112166e-01 -6.49884504e-01 -1.18506137e+00 -3.34732445e-01
 -1.85379584e+00 -8.86901185e-01  6.95710405e-01 -8.37069335e-01
  5.24615700e-01  1.05206448e+00 -5.25867456e-01 -6.21595738e-01
  9.25597981e-01 -5.01487085e-01 -8.79218274e-01 -1.64691259e-01
 -2.85377648e+00  3.02399538e-01 -1.67304406e+00  8.81735046e-02
  8.07295762e-01 -1.24448019e+00  1.98306389e-02 -8.13885142e-01
  2.49424512e-01  7.66992537e-01  1.20630686e+00  1.79156229e-01
 -7.54519476e-01  4.85564526e-01  2.15310756e+00 -6.89661838e-01
  2.36245585e-01  2.81574682e-01 -2.86877872e-01 -4.25122725e-01
  2.56672158e-01 -7.57184097e-01 -2.80462582e-02  9.76338369e-01
  5.00871508e-02 -6.03548384e-01  7.12785579e-01  3.12593343e-01
  9.27152013e-01 -5.97543859e-01 -1.99365997e-01 -2.01679726e+00
  9.92669409e-01 -1.66874883e+00 -2.62747696e+00  1.17015315e-01
  1.19402277e-01  8.38308587e-01 -9.83713415e-01 -2.65546199e+00
  1.52935763e+00 -2.05301831e+00 -1.52903039e+00  1.17669008e-02
 -1.40975693e+00  1.08463108e+00  2.07336513e+00 -3.29052378e-01
  9.05220670e-01  5.76256863e-01  7.54295203e-01 -8.65792560e-01
  9.54959864e-01  8.45511338e-01  1.27252069e+00  6.01261068e-02
 -5.78606101e-01 -1.10356838e+00 -7.31527582e-01 -3.84060602e-01
 -3.29736274e-01 -8.37258824e-02 -1.69277376e+00  2.40734390e+00
  2.09920217e+00 -6.41395735e-01 -1.30807879e+00 -1.20110403e+00
  8.30365305e-01 -2.14916618e+00 -6.47416926e-02 -6.89181864e-01
 -5.96995075e-01 -9.72013281e-01  2.28500820e-01 -7.72093242e-01
  6.56353755e-01  4.29117245e-01  6.28443262e-01 -1.37586724e+00
 -2.29334289e-01  6.76731161e-01  6.15645700e-01 -1.04383355e+00
 -7.19870721e-02 -4.08908293e-01 -3.05466634e-01  3.63822062e-01
 -1.27220636e+00 -3.83552784e-01  6.36957351e-01 -8.36019831e-01
  6.29815042e-01 -1.60151540e+00 -1.57268363e+00 -1.38211354e+00
 -8.68927655e-01 -1.70812776e+00  6.31962345e-01 -3.72644923e-01
  4.65779834e-01  3.16684470e-01  2.25123509e+00  3.11812432e-01
 -7.76993552e-01  4.42434446e-01  6.10879253e-01 -6.49585454e-01
 -7.08811888e-01  6.93485883e-01 -7.77227252e-01 -6.82078130e-01
  1.85754330e-01  8.27358604e-01 -1.53731124e+00 -1.27634334e+00
  1.46306650e-01  1.47428692e-01  7.31488946e-01 -8.46486212e-02
 -2.30151710e-01 -1.65244078e+00  1.29966195e+00  1.35470577e+00
 -1.13668539e+00  1.74628715e-01 -4.07600464e-01 -1.53605857e-01
 -5.65429677e-01  1.32942457e+00 -4.48689599e-01  8.23621332e-01
 -8.02551091e-01  5.95691767e-01 -1.83546859e-01 -1.76810636e+00
  7.71354313e-01 -1.30004039e-03  1.63005379e+00 -3.93314990e-01
 -4.02658371e-01  1.19207354e+00  8.17378399e-01  1.05591925e-01
 -1.64352132e-01  1.04025487e+00  2.74370868e-01 -5.55297626e-01
  1.23777292e+00 -1.99823003e-01  1.40760428e+00 -1.63423406e+00
  6.63398175e-01 -2.07358357e-01  1.67498964e-01  3.73805558e-01
 -7.98193135e-01 -1.44970969e+00  6.33212264e-01 -1.87334244e+00
 -1.80041711e+00 -4.42733020e-02  2.25581182e-01 -9.69098268e-01
 -1.20148269e+00 -3.52442621e-01  2.11141048e+00  5.02626840e-01
 -3.88908163e-01  1.33835814e+00  1.45443290e+00 -2.42424468e-01
 -4.86733641e-01  2.40319770e-01  4.66733400e-02  6.15074285e-01
  1.69771364e-02 -2.08130949e+00 -1.71923706e+00 -4.41820740e-01
 -3.10817492e-01 -2.16580424e-01 -2.49745678e+00 -3.84390929e+00
  1.37364929e+00  8.68353825e-01  2.61188813e-01  3.76933300e-01
 -5.77185691e-02  1.05936461e-01  1.56815827e+00 -2.97677375e-01
 -4.17122698e-02 -7.98755630e-01  1.19088733e+00  9.60787308e-01
 -1.92895486e-01  1.04840237e+00 -3.47564864e-01 -7.37541933e-02
 -3.41088443e-01 -2.20401914e+00 -6.66499765e-01  9.92415280e-01
  7.13613755e-01  8.44130450e-01 -1.09638488e+00 -2.02600924e-01
  1.13089598e+00 -3.92666274e-02 -5.85374782e-01 -8.69341796e-01
 -2.31694444e-01  5.61197600e-01  1.98125330e+00 -2.68022740e-01
  1.00150230e+00 -1.49210502e+00  2.08109510e+00  6.08125936e-02
 -3.99882358e-01  3.76225214e-01  1.02858430e+00  9.39422241e-01
 -3.57066910e-01 -8.98745321e-01 -9.33886477e-01 -1.11912854e-01
 -1.50663394e+00 -8.05563685e-01 -1.04798067e+00 -7.53416167e-01
  5.27973128e-01  1.76739637e+00 -1.07278582e+00 -1.00442429e+00
  2.19088992e-01 -5.76079737e-01  4.23283059e-01 -2.71980932e-01
 -4.27388989e-01 -1.91411193e-01  5.16418162e-01  8.79743366e-01
 -1.64597048e+00  4.95004153e-01  1.01981424e+00  5.81662794e-01
 -8.93818416e-01  1.34067042e+00  1.24090830e+00  2.74431717e+00
 -9.84140784e-02 -1.47700648e+00 -5.70665258e-01 -4.86976169e-01
  1.51046135e-01  6.08092532e-01 -1.45669573e+00  1.43436145e+00
 -3.17606578e-01  1.24545988e+00 -1.10501968e+00  6.74893135e-01
  5.39720942e-01 -2.83547911e-02  1.16678269e-01  1.54491848e+00
  2.91252059e-01 -1.85524144e+00  1.04887351e-01 -2.20181981e+00
  2.43741666e-01  1.80910869e+00  2.77156011e-01 -1.06373036e+00
  7.27120010e-02 -5.34333217e-01 -3.50817501e-01  1.47542565e+00
  1.57430199e+00  1.61929537e+00  1.51140503e+00 -5.32668785e-01
 -1.35980030e+00  1.28612625e+00 -2.25161318e-01 -8.44500271e-01
 -5.52239124e-01 -7.70869564e-01 -4.45793416e-01  7.21037273e-01
 -2.45610028e-01 -1.97449541e-01 -8.65087067e-01  1.57424650e-01
  3.39121168e-01 -1.23782722e+00 -1.29597112e-02 -1.12804865e+00
  2.45750251e+00  4.23737644e-01 -9.85700470e-01  2.72597849e-01
 -7.84680333e-01  1.77732747e-01 -4.81886276e-01  3.89125785e-01
 -3.87609593e-01  1.10011997e+00 -2.53305731e-01 -4.32182843e-01
  2.56927364e-01  7.85931498e-01 -1.07628693e+00 -2.12461391e-01
  9.19778810e-03  2.22332332e-01 -7.38621687e-01  5.79772190e-01
  2.68878628e-01 -7.44298191e-02 -1.10683169e+00  1.20611139e+00
 -4.35127788e-01 -1.34090975e-01  1.95588515e-01  1.27614955e+00
  1.53526474e+00  1.64134565e+00  1.55188252e-01  4.58957262e-01
  1.20128620e+00 -1.31804555e+00  2.13094687e-02  1.50308491e+00
 -1.53017518e+00 -7.45516380e-01 -7.64103457e-01  1.09818449e-01
  6.81495369e-01  3.45359788e-01 -8.34332937e-01  7.65693117e-01
  1.08104699e+00  2.40901479e-01 -8.71025750e-02 -1.66751965e+00
 -1.50907478e-01 -2.25517844e-01 -1.05709521e+00  1.61902366e+00
 -7.28777924e-01  1.20718782e+00 -8.34455914e-01 -2.28165760e-01
  1.53469681e+00 -5.95672362e-01 -5.32765928e-01  5.12136143e-02
  6.06476309e-01 -2.09106825e+00  5.08176133e-03  5.25932751e-01
 -8.03201082e-01 -1.02614686e+00  1.79762569e-01 -1.56633704e-01
  5.54740678e-01 -5.89659328e-01  1.15630565e+00 -5.69508975e-01
 -8.95069983e-01 -2.79718319e-01 -1.37802009e+00 -1.32514632e-01
  5.71887833e-02 -5.07209237e-02  1.42120469e+00  2.29992498e+00
 -1.57499383e+00  3.54821452e-01  4.68415326e-01 -1.26176783e+00
 -6.22713827e-02 -7.36527258e-01  4.52414982e-01  1.12550200e+00
 -5.34391316e-01 -2.25443282e+00  6.65330306e-01 -1.66702199e-01
 -9.93807432e-01 -8.75912019e-01  7.56237833e-01  8.17861017e-01
 -5.98711336e-01  1.65769909e-03 -2.18572464e+00  9.23355793e-01
  4.58222504e-01  4.53687689e-01 -1.15086882e+00  3.19218305e-01
 -8.51702453e-01 -1.64902496e+00 -1.27373216e+00 -1.35884070e-01
  2.76793074e-01  4.93536958e-01 -1.50336777e+00  8.87241662e-01
 -7.15951986e-01 -5.46323842e-01  2.04896287e+00 -4.16853181e-01
 -1.15848977e+00 -1.31268344e-01  1.33714006e+00 -2.12924171e+00
 -1.25498006e+00 -5.63111564e-01  6.56752357e-01  7.61224416e-01
 -1.95664936e-01  1.16111489e+00 -5.05382234e-02 -1.35175552e+00
  2.52961071e+00  1.45547642e+00  4.91044108e-01 -1.19433258e+00
  1.05370782e+00  9.01230797e-01 -8.99223993e-01 -1.33816481e+00
  2.39302068e+00  7.90771334e-02  8.45064307e-01 -1.44995503e+00
 -1.53178740e+00 -3.01474453e-01 -1.93241132e+00  4.38449074e-01
 -1.14921499e-01  8.09668574e-01 -1.40016758e+00  8.04583411e-01
 -1.28300174e-01 -2.47367492e-02 -2.26542188e+00 -8.77769782e-01
  2.12837744e-01  5.72194425e-01 -1.59131142e+00  3.34098799e-01
  4.58387574e-01 -1.13160336e+00 -2.03055397e+00 -5.23043741e-01
 -1.17204026e+00  1.26211868e+00 -1.68472128e+00  1.52485126e+00
 -9.72474953e-01 -6.38754596e-01  4.15009249e-01  1.03575709e+00
  5.74022221e-01 -2.80016070e-01  1.81168280e+00  2.09875927e-01
  2.75077102e-01 -1.58023143e-01  1.98029610e-01 -1.83323429e-01
 -4.52311880e-01  1.28724167e-01 -1.25473793e+00  6.65089564e-01
  1.49514929e-01 -4.88885145e-01  1.72423886e-01 -8.76070319e-01
 -8.51471663e-01  2.60609170e-01 -2.34925394e+00 -1.48311242e+00
 -9.74331414e-01  2.55687829e-03 -3.59167007e-01  9.39048276e-01
  7.73426021e-01  2.54915801e-01 -5.29668138e-01  4.99097322e-01
  1.40162089e+00 -1.00091955e+00 -4.51323138e-01  1.05835186e+00
 -2.69676788e-01 -1.85303040e+00 -4.59569573e-01 -8.36474530e-01
  2.29479935e-01 -1.14497151e+00 -8.20988491e-02 -2.88351372e-01
 -1.96180318e-01 -4.09600641e-01 -9.60380515e-01 -2.23489639e+00
 -2.02050956e-01  4.18855564e-02  3.21377607e-01  5.40383230e-01
  4.97473887e-01 -4.47589152e-01  8.75705488e-01 -2.27123467e-01
 -1.10693826e+00  1.50101435e-01  1.74519963e+00 -2.00940481e-01
 -6.01642956e-01 -3.79983592e-01  7.66366614e-01 -1.18020909e+00
  6.42695677e-01 -3.44146533e-01 -6.29231138e-01 -2.90490768e+00
 -2.64855975e-01 -1.87271664e-01 -2.38351593e-02 -3.83317287e-01
 -1.60206468e+00 -5.06522088e-01  1.26385533e+00  1.89638701e-01
  2.17611020e-01 -7.72003053e-02  8.69667817e-01  1.56302448e+00
  1.42344256e+00  9.73428849e-01  1.00441306e+00  8.55670250e-01
  3.74190667e-01 -2.53039611e-01 -3.11893852e-01  1.10057324e-01
  1.93176705e+00 -8.52260967e-01  3.69823622e-01  3.22229150e-02
 -1.10388634e-01  1.34529575e+00  3.63219579e-01 -8.29739837e-01
  8.87064853e-01  1.33273410e+00  1.33046820e+00 -1.17424739e+00
 -1.11868509e+00 -1.48788429e-01 -1.00478339e+00 -1.10604973e-01
 -8.58156847e-01 -4.61671524e-01 -1.29213151e+00  1.65680241e+00
  2.43183004e-01 -1.32957769e+00 -5.05661943e-01 -4.90666809e-01
 -1.01486991e+00 -3.00602458e-01 -1.55651266e+00  8.05933759e-01
  4.80746276e-01 -4.65045915e-01 -9.99119840e-01 -1.06474015e-02
  1.04816336e+00 -3.31174952e-01  5.10167161e-01 -1.21264508e-01
  2.79465593e+00  4.36733578e-01 -4.56049476e-01 -4.80515792e-01
 -2.02459047e+00  8.68443630e-01  3.82603425e-01 -6.14439380e-01
 -9.42213325e-01 -1.46952485e+00  9.31488910e-01  5.83726006e-01
  7.66911864e-01  9.12833481e-01 -3.97950472e-01 -1.96291725e+00
  1.29396558e-01  2.18693396e-01 -4.94451698e-02  1.20297858e-01
 -4.22105033e-01  2.65026288e-01  7.29429572e-01 -5.12298288e-01
  2.15695836e-01 -8.38877840e-01 -5.59610725e-01 -3.74934730e-01
  1.23091180e+00 -3.78366778e-01 -5.23099442e-02  3.36395140e-01
  7.32763193e-01  3.19590087e-02 -1.42958266e-01 -7.82507673e-01
 -1.23682350e-01  1.49921438e-01  2.29821061e-01  8.64006198e-01
  9.08925357e-01  5.56873497e-01  9.26154333e-01 -1.25326944e+00
  8.59320272e-01  1.78469341e+00  2.26489809e-01  1.07395126e+00
 -7.05090078e-02  1.34118978e+00 -9.11668736e-02  6.41713307e-01
 -5.91688987e-01 -3.09077418e-02 -1.58998634e+00  1.92574064e-01
  6.16615444e-01  4.66606102e-01 -2.01248783e+00 -1.04863351e+00
 -1.10367956e+00 -6.66462354e-01  6.22007333e-01 -8.90718817e-01
  2.22307884e+00  1.14811810e-01  4.64755986e-01 -1.37615815e+00
  1.00244336e+00 -1.59031208e+00  1.31238805e+00  9.01997964e-01
  1.07179386e+00 -5.76959652e-01  1.03587177e+00 -6.94188259e-02
  6.86253711e-01 -3.50363912e-01  5.42469172e-01 -1.42846875e+00
 -2.22246747e+00 -1.81942175e+00 -3.18495045e-01  5.94476841e-02
 -1.46965476e+00 -3.10051752e-01 -9.22418053e-01 -1.17519834e+00
 -1.05933579e-01 -5.43409466e-01 -3.23247358e-01  1.39659121e+00
  1.38052392e-02  1.60423475e+00  1.12193833e+00  3.07649058e-01
 -1.39489007e-01  4.64012910e-01 -9.96745027e-02  1.17467383e+00
 -1.48156615e+00  1.27779534e+00 -4.52026764e-01  1.54380108e+00
  1.79533500e+00  1.33006697e+00 -1.39837154e-01  3.37976832e-01
 -1.83774463e-01  7.18597063e-02  1.18312170e+00 -4.61587821e-01
 -5.69382620e-01  2.19189547e-01  2.45667667e+00  1.31772519e-01
 -1.24431448e-01 -2.01140426e+00 -1.99452995e-01  2.18727019e+00
  2.46919580e-01 -1.16083200e+00  2.80615997e-01 -2.30012889e+00
  1.86645730e+00 -9.68029763e-01  2.67595524e-01  3.46559266e-01