 1.02818223e+00 -2.42203398e-01 -8.03371853e-01 -6.91625543e-01
 -2.36197099e-01 -1.64601103e-01 -1.74091775e+00  1.36808903e+00
  2.59226151e-01  1.25710568e+00 -1.63905377e+00 -4.84052811e-01
 -1.02100134e+00 -6.55476716e-01 -2.38813784e-01 -9.85435090e-01
 -3.53886937e-01  1.80896206e-01  1.65331426e-01  8.68253757e-01
  5.01565822e-02 -9.18577309e-01 -9.30453694e-01  2.32857197e-01
 -1.34263693e+00  1.79411022e+00  5.75802058e-01 -9.01359577e-01
  5.95396569e-01  3.01631425e-02 -2.37803876e+00 -1.16338187e+00
 -1.81712617e+00 -8.69461287e-01  1.23070579e+00  5.54462600e-01
  1.89462336e+00 -3.20176448e-01  1.20168368e+00  5.48759378e-01
 -1.37707770e+00 -4.59687336e-01  3.68488735e-01 -2.31804027e-01
  6.94937903e-01  7.87698896e-01  1.89599804e+00  3.59561985e-01
 -9.85888026e-02  1.47607652e+00 -1.55587399e-01  4.99588711e-01
 -2.10126855e-01  1.18898108e+00 -9.74353645e-01 -1.51217751e+00
  7.35136732e-01  7.72896450e-01 -9.61596887e-02  2.33994259e+00
 -7.95582495e-01  1.96842287e+00 -8.92249286e-01  1.73604372e+00
  2.53214301e+00 -5.80693985e-01 -3.43282693e-01 -6.71675088e-01
 -9.67497576e-02 -1.01124767e-01 -2.24330040e-01  2.21646011e+00
  3.65491600e-01 -4.12163028e-01  1.55258153e+00 -1.01681465e+00
  7.68958091e-01  1.18494437e+00 -5.44462879e-01 -5.74197710e-01
  1.75516109e+00 -7.24397288e-01 -2.34135549e-01 -1.18044554e+00
  1.81368574e-01  1.33588793e+00 -8.96995698e-01 -8.47263799e-01
 -8.50505629e-02 -8.32150366e-01  1.65774415e+00 -5.51144351e-01
  9.08867240e-01  7.35140951e-01  1.58336995e-01 -9.10656417e-01
 -1.74641773e+00 -1.13328633e-01 -1.37282170e-01 -3.40114116e-01
  1.88451967e+00 -3.48688763e-01 -1.29145119e+00  1.44406618e+00
 -1.07454950e+00  5.35124272e-01  2.32311068e-01 -4.76346533e-01
 -7.97516905e-01 -6.36438337e-01 -5.49222007e-01  1.41722818e+00
 -1.97832603e+00  3.98180151e-01 -1.27889545e+00  8.24145637e-01
  2.88191227e-01 -1.21526197e+00  2.96866754e-01 -1.04022999e-02
  1.76684724e+00 -5.50322826e-01 -9.11389430e-01  2.63401940e+00
 -1.02438376e+00 -1.07419726e+00  5.46676308e-01  9.04470221e-01
 -2.96402673e-01  8.95400877e-01 -5.65107392e-01  8.77085070e-02
 -1.07030738e-01 -1.07395811e+00  1.27152153e+00  9.69704898e-01
  1.34875025e+00 -3.48325211e-01  9.58508862e-01 -3.43236568e-01
 -1.20629765e-01 -4.73625835e-01 -6.23908435e-01  7.09238905e-01
  1.68143643e-01  7.13035783e-01 -2.57303270e+00  3.12288526e-01
  2.90518217e-01 -4.03785988e-02 -2.61179666e-01 -3.02324232e-01
  1.45383494e+00 -1.33507887e+00  2.40204555e+00  8.20466952e-01
  1.09243103e+00  6.33029439e-01 -5.50902397e-01 -2.22314317e+00
 -9.31262667e-01  2.74413918e-02 -4.62082232e-01 -5.33872305e-01
  8.03217849e-01 -9.09505300e-01 -2.01842231e+00 -8.50188791e-01
  5.00981422e-01  3.47865893e-01  1.28150801e+00 -1.08422448e+00
 -1.06346792e+00  2.20919243e-01  1.20020024e+00  1.58988660e+00
  5.14007848e-01  2.50369636e-01 -8.04584831e-01 -1.69780491e+00
 -9.35931237e-01 -2.29521594e-01  6.66530896e-01  5.49334107e-01
 -7.69529215e-01 -9.03482296e-01  6.13306490e-01 -2.10592792e-01
 -7.97970146e-01 -1.37487993e+00 -6.81553669e-01  3.84922162e-01
 -1.54985533e+00 -6.57967277e-01  1.08585808e+00 -1.78748149e+00
 -1.06692451e-01 -6.51194375e-01  1.83586938e-01 -4.34187764e-01
  1.23812679e+00 -2.90648080e-01  1.78847748e-01  1.76541889e+00
 -8.23628369e-01  8.60008852e-01  8.02094574e-01 -3.05329100e-01
 -9.54788154e-01  2.43403080e-01  5.04089510e-01 -2.06251830e+00
 -4.54115779e-01 -1.67095303e+00  8.81816182e-01  1.34373504e+00
 -1.05876435e+00 -6.01503507e-01 -7.29339571e-01 -5.63361744e-01
 -2.30147966e-01  4.10492080e-01 -4.88598135e-01  1.05695078e-01
 -9.99393610e-01 -6.47320477e-01  2.49306241e-01  2.09213597e+00
  9.84397405e-01 -2.75634867e-01 -1.38187623e+00  8.42223861e-01
  1.82547597e-01 -2.90246732e-01  9.11940952e-01 -5.61553363e-01
  1.40112002e+00 -1.15162931e+00 -1.09249047e+00 -1.09780510e+00
 -4.70589303e-04  7.88313194e-01  1.64405440e-02  2.05646713e+00
  1.58303829e-01 -2.17581561e-01  1.70061411e+00  5.39594102e-01
  3.35267704e-02 -9.84113209e-01  2.65479368e-01 -6.95618033e-01
  1.40947850e+00 -2.60132892e-01  6.06952983e-01  1.01587343e+00
  5.21838699e-01 -7.41041259e-01  5.99170069e-01 -1.33247834e-01
 -1.30592990e+00  1.38022307e+00  1.10784344e+00 -1.83216703e+00
 -1.00488993e-01 -9.84523548e-02 -1.89781647e-01 -6.02768249e-01
  6.29146678e-01 -1.26519189e-01  3.53808344e-01 -6.30361673e-01
 -1.16291524e+00  4.21245168e-01  1.67224755e+00  1.68008623e+00
 -7.63845518e-01 -1.14707645e-01 -1.10410901e+00  1.28302405e+00
  7.57405582e-01 -5.76670702e-02  2.33718587e-01 -8.86908556e-02
 -4.74625758e-02 -7.55935746e-01  2.00994087e-01  1.06883096e+00
 -7.40418200e-01 -5.04107880e-01 -5.29039007e-02  6.80052901e-01
 -6.27819336e-01  6.47306980e-01 -1.14194140e+00 -9.88509347e-01
 -1.50084715e-01 -7.26680106e-01  2.44265523e-01 -6.99776776e-01
 -5.52555082e-01 -4.93982717e-01 -1.22997017e+00 -1.02462054e+00
 -1.52122244e+00  8.00968748e-01 -1.49994423e+00 -8.62539382e-01
 -6.91166484e-01  1.13158749e+00  1.20505506e+00  1.26829464e+00
 -4.96220089e-01 -1.17354648e+00 -4.01462486e-02 -1.55783240e+00
 -2.46721167e-01  1.67535510e+00  7.59322532e-01 -3.74126543e-01
 -8.99612280e-01 -1.55154139e+00  2.32035969e+00 -4.56655874e-02
  9.79125781e-01 -2.34400923e-01 -4.94167500e-01 -3.85869022e-01
 -5.30969564e-01 -8.24631229e-01 -4.45740721e-01  5.28645043e-01
 -1.06888630e-01  1.22144987e+00  2.27108997e-01 -2.25653777e-01
  4.84419024e-01  1.00660693e+00  3.20475739e-01  1.50808363e+00
  1.94590682e+00  5.37283585e-01 -2.41944623e-02  1.11798450e+00
 -3.35947804e-01  1.52230547e+00  4.34850311e-01 -3.27255680e+00
 -5.12444881e-01 -2.61683139e-01 -6.89954983e-02 -1.86336332e+00
  1.72913839e-02 -7.97879607e-01 -8.73970608e-02 -2.80714800e-01
  4.62679633e-01  2.04915373e-01  5.90097077e-01 -1.25838875e+00
 -9.42575288e-02  1.70572102e+00  2.91531081e-01  1.83086265e+00
  2.45151952e-01  2.48536269e-01 -4.63928865e-01 -1.19579754e-01
 -5.94723181e-01  2.10464017e-01 -2.01845551e-01  2.34289524e-02
  9.57880111e-01 -1.70311067e+00  1.22967705e+00 -3.49011811e-01
 -3.48261921e-01  5.80975237e-01  1.42794047e+00 -2.31425857e-01
 -2.19102241e+00 -4.75224677e-02  8.17506515e-01 -8.04448461e-01
 -5.75728589e-01 -1.46750445e+00 -4.27089634e-02  6.03285066e-01
 -6.03768733e-01  1.21435864e+00 -6.93166516e-01  9.42791785e-01
 -9.96022625e-01 -1.55608612e+00  4.48820425e-01  6.72458392e-02
 -7.74626747e-01  7.59244291e-01 -9.79502049e-01  1.64840081e-01
 -2.17850083e+00  9.02226641e-02 -1.02863469e-01  9.26912945e-01
  1.10204508e-01  9.85222090e-01 -1.82907213e+00  2.59677480e-01
  1.67867785e-01 -3.39430760e-01 -8.32086067e-01  4.98767000e-01
  4.61263839e-01  8.02362307e-01 -7.65924488e-01 -4.54667391e-01
 -1.32179903e+00  7.80839665e-01  2.47773943e+00 -5.17400236e-01
 -4.01460088e-01 -6.31531620e-01 -4.91053422e-01  2.63623721e-02
 -1.35809100e+00 -8.67451878e-01 -1.07767667e+00  7.79060238e-01
 -4.39641404e-01 -1.26310880e+00 -6.22258927e-01  1.67622877e-01
  3.04449632e-01 -1.66014635e+00 -2.32624121e+00  1.00853732e+00
  3.38337927e-01  2.33752147e-01 -1.54166945e-02 -9.06315160e-01
  6.14103107e-01 -4.18649245e-02 -7.73812604e-01 -2.51256300e+00
  1.28645797e+00 -6.60367570e-01 -9.89778708e-01 -1.01855173e+00
  8.80801620e-01  3.31477075e-01 -6.55563753e-01  1.33748297e+00
  1.81863470e+00 -1.00085194e-02  4.54244292e-01 -8.83364720e-01
  1.94553456e-01 -1.00132199e+00 -2.17426265e-01  6.23984679e-02
 -1.19565723e+00 -3.41377084e-01 -6.65840980e-01  9.93956441e-01
 -5.08413261e-01  7.57385818e-01  1.51336270e+00  7.95866189e-01
 -5.44119693e-01 -6.90855454e-01 -2.23869179e+00  3.99463803e-01
 -3.35864491e-01  1.39791015e+00  1.20885894e+00  1.01974634e+00
  5.63517831e-02  8.28769018e-02  4.87131096e-01  1.47871665e+00
  1.39630543e+00  2.21710492e-01  1.10853815e+00 -1.14820940e+00
  1.26456472e+00  9.89740423e-01  3.23857490e-01 -1.40418078e+00
  2.66218144e-01  2.68600146e+00 -8.12631721e-01  8.70988460e-01
 -3.29174932e-01  1.70349688e-01  1.87870471e+00 -4.46703610e-01
  1.12732187e+00 -6.87289511e-01  5.17857588e-01 -1.49749250e+00
  1.81251900e+00 -1.33562374e+00 -3.80112113e-01  4.94075500e-01
  1.39038431e+00  6.29421329e-01  5.08963422e-01  1.46441024e+00
 -6.34862120e-01 -1.15925327e+00 -6.64588982e-01 -8.66266454e-01
 -7.78005282e-01  1.67730964e-01  2.27938070e-01  1.25819269e+00
  8.13227892e-01 -1.62876579e+00  1.08156833e+00  1.70350665e+00
 -3.67940524e-01 -6.86556966e-01  1.11216102e+00  3.14214238e-01
  6.26962289e-01 -1.24848684e+00  1.44467223e+00 -6.11794657e-01
  2.06258200e+00  1.19258906e+00  1.05544155e+00  7.60707691e-01
  5.30502387e-02 -1.31825701e+00 -5.76118998e-02  6.05540517e-01
 -7.90368373e-01  4.64066845e-01  1.52994578e+00  1.05862235e+00
 -1.51869257e-01  2.92365565e-01 -7.44145317e-01 -4.28137144e-01
  8.96786556e-01  4.62376053e-01 -1.79262771e+00  1.52380853e+00
  4.07880798e-01 -7.49418954e-01 -4.93444316e-02 -2.71166127e-01
  1.61566004e-01 -6.62211629e-01 -1.20349410e+00 -2.31010177e+00
  1.22218883e+00 -6.98368234e-01  1.24954691e+00  6.21315390e-01
  3.98822223e-01  8.46178691e-01  1.07506111e+00  6.23011111e-01
  3.71672646e-01 -8.30577984e-01 -6.75876971e-01  4.38258560e-01
 -3.22672791e-01  2.77893526e+00 -1.50106719e+00 -7.88476510e-01
  4.48762184e-01  9.01635804e-02 -5.48059124e-01 -1.17600511e+00
 -1.46512639e+00  1.11931361e+00 -5.16999444e-01 -1.19395491e+00
  6.57323447e-01 -6.30077448e-01 -6.29657263e-01 -2.47222070e-01
  1.11731884e+00  1.45944772e+00 -1.80914320e+00  2.31983077e-01
  1.12385195e+00 -2.56946811e-01  5.38915056e-01  1.74578047e+00
 -2.01821938e-01  5.69527720e-01  4.80637754e-01  7.89072903e-01
  2.01938012e+00 -3.50465622e-01 -1.61362921e+00 -1.28900792e+00
 -1.35359019e-02 -1.54484590e-01  1.26151292e+00 -5.07387301e-01
 -1.17181603e+00 -3.50314284e-01 -2.98832470e-02  9.42247614e-01
 -6.64034501e-01  5.97094647e-01  1.86314599e+00  6.38421317e-01
  1.93381709e+00  2.18519816e+00  4.23041120e-01  1.27084413e+00
 -1.21689903e+00  1.69850387e+00  2.61439121e-01 -1.89552393e-02
  4.37937370e-02  2.92114206e-02 -9.40957391e-01 -1.63691654e+00
 -3.30910133e-01 -9.71540562e-01  2.21414789e+00  1.51804479e-01
  1.93558764e+00 -3.56653399e-01 -8.58964490e-01  3.37955722e-01
 -1.63837777e+00 -1.42161898e+00  2.99655509e+00 -9.29299177e-01
  6.67852859e-02 -2.12752412e-02  7.43255593e-02  3.19261295e-01
  5.99129128e-01 -1.28000874e+00  1.12375888e+00  8.33536022e-01
 -1.16340047e+00 -4.95077007e-02 -8.97081286e-01  6.94581931e-01
  2.27015070e-01 -1.33729053e+00 -1.15009573e+00 -4.54617638e-01
 -1.19083904e+00  4.69960825e-02  3.27672215e-01 -2.93691592e-01
 -1.55578384e-01  1.37871093e-02 -3.28187097e-01  3.26720182e-01
  7.69941171e-01 -3.56097377e-01 -4.37745076e-01 -2.06169525e-01
 -3.33227528e-01  1.21226950e+00 -3.16501015e-01  1.38097208e+00
 -7.05129366e-01  7.73190238e-01 -1.07281348e+00 -1.65365718e+00
 -9.31242280e-01  8.33972676e-01  1.04959804e+00 -1.29168912e+00
 -1.64007494e+00  6.59788178e-01  1.09853709e-01 -9.64423203e-01
 -1.52874285e-01  1.55438410e+00 -2.07351474e+00  2.19245863e-01
  1.16508273e+00 -6.42229573e-01 -1.24842984e-01 -1.25413597e-01
 -1.80019500e+00 -1.30055803e+00 -6.00142240e-01  1.36270360e+00
  1.20524967e-01  3.69429225e-01 -7.17750153e-01 -9.53857910e-01
  2.05323196e-03 -2.32396567e-01  1.83798548e+00  6.16089001e-03
  2.72886580e-01 -1.08610885e+00 -1.54640003e+00  2.85351143e-02
 -9.66771859e-02  5.48109639e-01 -8.30818167e-01 -1.29334626e+00
 -1.58871895e-01  1.47489821e+00 -4.00858246e-01  1.21578235e+00
  1.18249424e-01  6.43679731e-01  4.38861006e-01 -4.30502343e-01
 -5.97444279e-01  1.72373927e+00 -3.58275918e-01 -5.99666442e-01
 -5.65139122e-01  5.58755513e-01 -2.38872437e-01 -4.32214231e-01
 -2.16318277e+00 -1.12705954e+00  8.60227281e-01 -1.11269401e+00
 -1.62020481e+00 -3.19263049e-01 -1.44998438e+00 -1.15837428e-02
 -2.60193409e-01 -1.03287171e+00  1.27324214e+00 -1.29304458e-01
  7.25068410e-02 -5.71085443e-01  5.62897996e-01  3.41442211e-01
  1.44589971e+00 -2.31506025e-01 -4.01285959e-01 -3.49726557e+00
  1.05846747e-01 -7.15216057e-01  2.08238392e-01  1.44834655e+00
 -7.15036621e-02  1.60988376e+00 -7.50425437e-01  1.07967668e+00
 -2.18724107e-01 -4.64475175e-01  3.02139673e-01 -5.58817945e-01
  6.37652811e-01 -4.46474730e-01 -1.80788527e-01 -1.86487262e+00
  1.02056484e+00  3.77171149e-01  1.24342681e+00  9.10604856e-01
  4.78254074e-01  1.00307231e+00 -8.23402032e-01  6.33299592e-01
 -1.34599253e+00  5.51512587e-01 -4.96560596e-01  1.79153151e-01
  1.58579879e-01 -9.71490585e-01 -1.45372944e+00  1.17264170e+00
 -1.83431491e+00 -5.21490973e-01 -1.85756463e+00 -9.99195862e-01
 -1.57530997e+00 -1.71053697e+00  5.02871696e-01  2.52146085e-01
  1.98476790e+00  1.94078852e-01  1.40291524e+00  5.83736825e-01
 -6.77097538e-01 -1.59230077e-01 -1.64093918e+00  1.73350454e+00
 -5.27080759e-01  1.09705694e+00  1.50014026e+00  1.45208925e-01
 -2.56881281e-01 -4.97361700e-01 -3.18005046e-01 -4.43236811e-01
 -1.24711459e+00 -2.33218545e+00 -1.96648190e+00 -2.04400730e-01
  4.63928578e-01  2.91705497e-01 -4.92548327e-01 -5.63596565e-01
 -1.04583051e+00 -2.98242915e-01 -1.11935734e+00 -5.98611398e-01
  1.40962673e+00 -6.53090332e-01  7.58960840e-01 -9.90091196e-01
 -9.35864698e-01 -1.21394495e+00  1.91709027e+00 -8.10293198e-01
  1.73829047e+00 -3.37240201e-01 -1.37224372e+00 -2.47182563e+00
 -6.36535617e-01 -2.05383945e+00  1.29126981e+00  8.42082475e-01
 -1.48013968e+00 -9.75411733e-01  1.10191852e+00 -6.28760614e-01
 -1.75062329e+00  7.80615043e-01 -9.00820798e-01 -3.32563072e-01
 -5.05385902e-01 -9.64833916e-01  7.51202524e-01  7.26933060e-01
  2.65191747e+00  9.73920042e-01 -1.30715953e+00  9.42911025e-01
 -6.07874241e-01  6.25692084e-01 -1.41424600e-01 -2.40666043e-01
  8.60165872e-01 -7.82205714e-01 -5.08101017e-01 -4.46710774e-01
 -1.09420029e-01  1.09970667e+00  7.05956091e-01  2.69239940e-01
  7.07211585e-01 -5.87371929e-01  1.06049035e+00 -5.00247786e-01
  1.26156446e+00  6.70862755e-01 -1.58113736e+00 -1.11721680e+00
 -7.40648192e-01 -2.12408413e-01  3.66162141e-01 -2.16863160e-01
 -1.02188647e+00 -1.02212836e+00  4.68753490e-01  1.68396407e-01
  1.85275024e+00 -9.18735010e-01 -9.32267402e-01  9.96582466e-02
  4.31587696e-01  3.31957683e-01 -1.43867056e+00 -1.84768955e+00
  1.15004353e+00 -8.39259358e-01 -1.55118911e-01 -1.78114193e-01
  2.14661364e+00  7.57456077e-01  5.85565531e-01 -1.34086801e+00
  4.47854649e-01  9.00652043e-01  1.11045684e+00 -1.07853735e+00
  1.20543681e-01  8.00527484e-01  1.60537274e+00  8.87723336e-01
 -3.01693835e-01 -7.22849884e-01 -2.51534780e-01 -1.06358361e+00
  6.78578542e-01  4.67068167e-01  1.71553739e+00 -4.50144002e-01
 -1.36869260e+00 -1.36173765e+00  2.35153167e-01 -7.36317714e-01
 -1.16845011e+00 -1.17493571e-01 -1.18626236e+00 -2.53515161e-02
 -1.33568235e-01  1.81220050e+00  1.02057335e+00  4.59124282e-01
  1.00895136e+00 -2.18983324e-01  1.15245584e+00  3.98929322e-01
  8.08636659e-02 -7.62340872e-01 -3.71802044e-01  2.15242348e-01
  2.35311535e-01  1.07885825e-01 -1.24102486e+00 -6.34987604e-01
 -8.88122431e-01  2.01871326e-01  6.64988960e-02 -6.27928835e-01
  1.69018888e+00 -1.53841412e+00 -1.08715615e+00 -5.26230311e-01
  3.32428342e-02  1.06462117e+00  9.31714157e-01  8.67739210e-01
  6.64802626e-01 -2.35007484e-01 -1.23532231e+00 -1.31437772e-01
 -5.50777396e-01  1.19862036e+00  3.36832193e-01 -8.17134194e-02
 -3.63862453e-01 -7.75524113e-01 -8.08717229e-01  3.07637969e-01
  6.04904686e-01  1.20432609e+00 -5.66704240e-01  1.01147143e-01
  4.93981151e-01  1.92619421e+00 -7.14191748e-02  5.83211831e-01
 -2.71442502e-01  8.89397263e-01  2.93327593e-01  8.16611373e-01
 -7.10508969e-01 -7.48636591e-01 -1.32413763e+00  2.20674294e-01
  1.20678565e-02 -3.55471473e-01 -3.82918447e-01  3.23586130e-01
  1.77364587e-01 -1.16472817e+00  1.33185579e+00  5.39779836e-01
 -3.20159840e-01 -5.59674596e-02  4.35705681e-01 -1.98761104e+00
 -4.44290711e-01 -6.32569146e-01 -3.81934611e-01 -9.24221133e-02
  5.49446823e-01  2.02295780e-01 -1.25036703e-01 -7.21490051e-02
 -1.18333052e+00 -8.28011638e-01  1.83691275e+00 -1.37870536e-01
 -3.83017333e-01  1.08375447e+00  1.76865197e+00  1.51401850e-01
 -6.97537223e-01  5.49020147e-01 -3.39188616e-01  3.17064259e-01