-5.96161269e-01  1.20989386e+00  4.17912765e-01  2.35900073e-01
  2.48397582e-02 -1.04141247e+00 -1.92490344e-01 -2.06360397e+00
  1.08193368e+00 -2.69269825e-01 -6.87709239e-01  5.92962502e-01
  3.34994712e-01  8.60082501e-01  4.22294533e-01  6.52189123e-01
 -7.60817102e-01  5.74568646e-01  7.38682945e-01  7.69936087e-01
 -3.98106053e-01 -7.57340435e-01 -7.04697212e-01 -2.16598119e+00
 -6.07076549e-01  1.39740561e+00  4.91678932e-01 -5.93648144e-01
 -4.99075634e-01  7.85569587e-01  2.86119190e-01 -1.23738507e+00
  1.47389004e+00  3.61876735e-01  2.20637628e+00 -1.27327572e+00
  1.71949585e+00 -9.17483042e-01  5.25034745e-01  2.28322860e-01
  4.34014550e-01  3.55620678e-01  7.80965235e-01  1.00100054e-01
  4.01895994e-01 -2.42831833e-01 -1.03025873e+00  6.80789521e-01
 -3.04677964e-01 -1.04130091e+00 -1.05484031e+00  1.26659219e+00
 -3.47720291e-01  1.54911653e+00  7.92996510e-02 -1.33152049e+00
  1.20991904e+00 -7.28576168e-01 -3.51629647e-01 -3.99427117e-01
 -5.73388089e-01  4.32926156e-01 -1.56807671e+00 -4.62719657e-01
 -1.98653547e+00 -9.62464352e-01  4.39987089e-01 -7.70588925e-01
  4.78515550e-01  1.81682423e+00 -9.01646506e-01  4.53047874e-01
  1.36290929e+00 -1.84182252e+00  3.47156311e-01  8.33652435e-01
  1.02905263e-02 -7.69391005e-03  1.44456103e+00 -8.86859971e-01
  2.10668610e+00 -8.75447438e-02 -5.33873574e-01 -2.14808377e-01
 -1.05581675e+00  2.22581939e-01  2.69343847e-01 -1.22963191e+00
  7.21078444e-01 -1.17967818e-01 -8.50674873e-01  6.91146515e-01
  1.67917670e+00  2.04569761e-02 -5.44631134e-01 -4.58980034e-01
  7.67344813e-01  3.07985721e-01  1.13133171e+00  3.23643688e-01
  8.92577848e-01  1.72040839e-01 -7.07253504e-01 -1.72842322e+00
 -4.31089525e-01 -1.04927710e+00 -8.87750368e-01  4.39460303e-01
 -2.20658624e-01  1.21658765e+00 -1.46050627e+00 -5.61226032e-01
 -4.11342346e-01 -2.31648643e+00  1.41461268e-01 -1.09561120e+00
 -2.11674554e-02 -1.12335892e-01  1.35088609e+00 -6.84511517e-01
  5.40383647e-01 -1.66228427e+00 -1.32303426e-01  3.77042548e-01
  1.55643761e+00 -3.01785592e-01  9.83356172e-01  3.74672265e-01
 -3.60699486e-02  1.68632234e+00  1.90337760e+00 -6.47587799e-01
  1.37589714e+00 -3.06441901e-01 -1.07280106e-01 -1.15084940e+00
 -2.55866538e-01  1.10556688e+00 -4.75551999e-03 -7.55266317e-01
  6.45179576e-01  1.39679449e+00  1.36270863e+00 -1.20405372e+00
  5.99120544e-02  3.89609646e-02 -6.94360703e-01 -3.90687794e+00
  7.55999995e-01  2.90462048e-01 -5.43121068e-01  6.32906157e-01
  3.83773537e-01 -5.83386426e-01  2.67140007e-01 -8.93862310e-01
 -3.86250944e-02  1.69314527e+00  9.04389665e-01  7.66072890e-02
 -8.42433921e-01  1.18560869e+00  1.59065881e+00 -6.56193213e-01
  1.62141112e+00  2.17181863e-01  2.28421096e+00 -8.80450169e-01
  8.69580011e-03  7.99178254e-02  1.62117489e+00  1.19832938e-02
 -8.65312161e-01 -2.42903935e-01  6.60784770e-01 -8.33639095e-01
 -1.64579945e+00  1.84971243e+00 -7.26209225e-01  2.55410117e-01
 -4.97179919e-01  1.47883866e+00  1.90493740e-01 -1.64196138e+00
  6.10878581e-01  5.69392982e-01 -1.41414010e+00 -1.69672184e-01
 -4.72406668e-01 -9.08033275e-01  4.93319759e-01  9.87872417e-01
  3.82648792e-01 -3.05010102e-01  1.64245029e+00  1.95897775e+00
 -8.89645717e-01 -1.83920604e-01  4.56512915e-02  1.11675330e+00
 -2.36895506e+00 -1.71524937e+00 -2.31811316e-01 -1.32772032e+00
 -1.68504078e-01  1.52135661e-01  8.77437191e-01  1.52629413e+00
 -1.42635286e+00 -1.77532728e+00  9.41803475e-02 -4.11328664e-01
 -3.97057460e-01 -5.71361339e-02  2.47841018e-01  5.53420806e-01
 -4.05139140e-01 -9.77527583e-01 -1.73127823e+00  7.03749453e-01
  5.54350231e-02 -1.63135345e-01 -2.85571988e-01  1.28308782e+00
 -5.50504250e-01 -6.16137813e-01 -2.28808266e-01 -2.33270902e-01
 -5.43091736e-01  2.41274468e-02 -3.80560730e-02 -1.52453374e+00
 -1.86237564e+00 -6.22718023e-01 -4.19147865e-02  4.99290855e-01
  1.12041771e+00  1.37989345e+00  1.19588010e+00  1.38094053e+00
 -6.92968980e-01 -6.36526567e-02 -9.55746347e-01  1.16774077e+00
  8.99783607e-01 -5.90743786e-01  5.89067100e-01  6.42164925e-01
  1.21949589e-01  2.39975805e+00 -4.34464481e-02  2.99980049e-01
  2.00000354e-01  4.19290027e-01 -3.08504977e-01 -1.27495800e+00
 -1.97987522e+00 -6.92614959e-01  3.03193621e-01 -1.30152532e+00
  4.97301861e-01 -1.47256892e+00  1.35011146e+00 -2.11479296e-01
 -1.04214558e+00 -1.88149245e+00 -1.10497015e-01  2.56913854e-01
 -2.53596890e-01  9.84416322e-01 -6.58218209e-01  4.48317669e-01
  2.77148600e+00  1.45585483e+00 -5.31311714e-01  2.05356872e+00
  7.98378669e-01 -8.11484490e-01  5.59932802e-01  8.00813198e-01
  6.68080252e-01 -7.62199950e-01 -3.95262957e-01 -5.64272008e-01
  1.22329440e-01 -4.36714756e-01 -8.70681300e-01  2.09422783e+00
 -1.72347879e-01 -1.14160961e-01  1.01556142e+00  1.26068143e+00
 -2.85670695e-01 -3.16166680e-01 -3.11000101e-01  1.49307448e+00
  2.91881995e-01  1.21801392e+00  1.04775031e+00  9.37777300e-01
  6.42992236e-01  1.08651900e+00  3.46722439e+00  2.63851652e+00
 -1.22985931e+00 -6.13058539e-01  1.33683995e+00 -5.26207489e-02
 -1.99780508e+00  1.21428978e+00  8.99019405e-01  8.43775964e-01
  1.78831345e+00  2.66660686e-01 -1.35648873e+00 -1.64688274e+00
  4.16922103e-01 -8.06567641e-01  1.64529987e+00 -2.28099159e-01
 -1.28890149e+00 -4.32082701e-02 -1.47300860e-02  9.25929904e-01
  2.99467283e-01  1.38841525e-01  1.95497628e+00  4.05004420e-01
 -3.10719460e-01 -7.77939945e-01 -1.24785783e-01 -4.47633518e-01
  5.34277173e-01  7.89335307e-01  2.09492147e-01  9.34205650e-02
 -1.24037184e+00  1.01038033e+00 -1.06706468e+00 -6.40342208e-01
  8.05002187e-01 -1.37254673e+00 -7.47517901e-01 -7.93907673e-02
  1.18659141e+00 -1.26647826e+00 -2.59685951e-01  1.46842305e+00
 -9.88290164e-01  1.33814465e+00 -9.34861070e-01  3.55629545e-01
 -1.04618772e+00  2.87199528e-01  1.02664443e-01 -5.65313022e-01
  3.71455707e-01 -2.48744116e-01 -2.94333244e-01 -1.45150642e+00
 -1.05579751e+00 -5.33424239e-01 -9.24594175e-01 -1.35331965e-01
 -2.23444828e+00  1.35961288e+00  2.45029832e-01  6.84038094e-01
  1.10226369e+00  1.74549622e-01 -1.92145290e-01  1.54270290e+00
  4.91776197e-01 -8.97385127e-01 -8.75865218e-01 -4.55343518e-01
 -5.05753238e-01 -3.56984218e-01  7.60038075e-01 -1.87042858e+00
  1.25256077e+00  1.94376257e+00  1.00816571e+00  6.23485551e-01
 -4.63217633e-01 -1.57948972e+00 -7.55291264e-01  1.58482272e-01
 -8.49222997e-01 -1.78697434e+00  9.97564318e-01 -8.42368973e-01
  1.03045171e+00  4.46952353e-01 -7.11713012e-01  1.27957841e+00
  7.66656116e-01  3.00868856e-01  1.18629495e-01 -7.56467713e-02
  1.16594790e+00  6.26520237e-01  9.71506528e-02 -2.26603287e+00
 -9.07601583e-01  8.54395804e-01  3.30709503e-01 -5.47810175e-01
  1.93050964e+00  1.62371755e-01  9.22356729e-01 -1.33286952e+00
  2.02080634e-01  7.32163132e-01  1.04846239e+00  3.19562795e-02
  5.10803088e-01 -1.21136370e+00  2.16080705e+00  1.06026466e+00
  1.11947627e+00 -6.41312042e-01  8.55667979e-01  1.45046332e+00
 -5.73544022e-01 -1.30624964e+00 -3.25190309e-01  6.64853520e-01
 -8.99450330e-01  4.67365584e-01  3.01188902e-01  1.21164841e+00
 -5.25166349e-01 -1.63763342e+00  1.75516586e+00  7.12924583e-01
  3.10011836e-01  7.25719520e-01  2.30417527e-01  2.98932844e-01
  4.37355027e-01  3.36199977e-01  8.21766166e-01  1.39188124e+00
 -3.18781248e-01 -2.77967168e-01 -2.14886707e+00 -1.26193008e+00
 -1.68577538e+00 -9.30187626e-01 -5.02281528e-01 -1.34547736e+00
 -1.47358431e+00 -1.11309925e+00 -1.29052521e+00 -1.04751302e+00
 -7.58272245e-02  4.74561880e-01  6.39746996e-01 -6.38691812e-02
 -8.18543915e-01 -7.68825313e-01  8.37794890e-02 -1.14036787e+00
 -1.02982857e-02 -8.16359215e-01  1.33791994e+00 -1.05103532e+00
  7.39054574e-01  6.87288777e-01 -6.36393658e-01 -1.55052838e+00
  6.29603579e-01  1.59712155e+00  6.64998587e-01  1.05791696e+00
 -1.56172649e+00  4.36923816e-01 -1.54443635e+00 -1.61287993e+00
  7.98123945e-01 -8.52312861e-01 -3.78291420e-01 -1.09533945e-01
 -4.15000457e-01  1.56369972e+00  1.08970081e-01 -1.03564575e-01
  9.04676791e-01  5.27399060e-01 -7.50881564e-01  2.40354923e-01
 -1.24271818e+00  1.14070328e+00  7.19206303e-01  2.09817419e+00
 -1.14075768e+00  6.21460336e-01 -1.17319990e+00  1.10022329e+00
 -1.76990333e+00  2.51958415e-02 -1.12882058e+00 -1.86639706e-01
  2.18309016e-01 -1.57805711e-01 -1.94404769e-01 -2.02981082e-01
 -6.31187305e-01  8.09280372e-01  7.67477441e-01 -2.58359086e+00
 -1.77041418e-01  7.72727580e-01 -2.33520263e-01  2.11850319e+00
 -5.07869607e-01  1.62228064e+00  7.38611725e-01 -1.18258845e+00
 -1.65648473e+00  5.88545868e-02  1.13565711e+00 -7.32631709e-01
 -5.62400856e-01  2.78033349e-01 -1.43702666e+00 -5.03416345e-01
 -9.50557998e-02 -1.81094312e-01  5.98624348e-01  1.11326935e+00
 -3.20338578e-01 -7.49476336e-01 -5.02218946e-01 -1.81994514e-01
 -4.88451111e-01 -7.53936119e-01 -5.02116078e-01  9.44493199e-01
  5.89716771e-02  2.28448432e+00 -4.47024144e-01 -2.31250954e-01
 -1.77391160e+00 -2.01612861e-01 -6.86895857e-01 -1.39268660e+00
 -1.41570571e-01  1.18828413e+00 -6.28839736e-01  5.98359598e-02
  7.76074763e-01  4.61612914e-01  3.01861094e-01 -1.63883028e+00
 -6.59162265e-01 -1.83899648e+00  5.54848645e-01 -9.30811810e-01
  1.04113090e-01  7.99384877e-01  1.94446567e+00  3.36500015e-01
 -1.73783086e+00 -5.49633124e-01 -8.53628038e-01  3.44148668e-01
 -1.34568876e+00  1.92528517e-01  2.44733733e-01  2.01801203e-01
 -4.39078333e-03 -9.61724227e-01 -1.93024514e+00 -7.11952767e-01
  4.79258862e-01  6.95065931e-01 -2.41571374e-01  1.58687792e+00
  1.50253263e+00  3.96668470e-01 -6.74205008e-02  3.29679001e-01
 -8.65433711e-01  2.26621268e+00  9.04520912e-01  1.66761672e+00
 -1.86208690e+00  1.91070368e-01 -5.24899723e-01  5.51714828e-01
 -7.40480150e-01  1.98901593e-01  1.55655541e+00 -1.59316506e-01
 -2.20453782e-01 -1.04529972e+00  5.95419996e-01  1.98825903e+00
 -1.42086754e+00 -2.05180286e-01  3.10542409e-03 -3.54812860e-01
 -3.21391172e-01  6.98066095e-01  2.26829821e+00  1.43912996e-01
  3.85124759e-01 -2.44181625e-01  6.97492954e-01 -1.17893469e+00
  6.94202424e-01 -1.56437925e+00 -3.45443525e-01  2.04292842e+00
  1.43885215e+00 -2.89160517e-02  3.37164651e-01  1.22712990e-03
 -2.86723997e+00 -1.03473711e+00 -3.91323043e-01 -1.17252795e-01
 -1.31299327e-02 -7.70388534e-01  1.23640258e+00 -1.37891143e+00
  7.99449185e-01 -5.61912059e-01 -2.33544439e+00 -5.77375688e-01
 -5.87272100e-01 -8.13701943e-01  9.06823803e-01 -1.04735162e+00
  8.82974275e-01  9.66496305e-01 -3.06289404e-01  1.40514267e-01
 -1.21652180e+00  2.23283097e+00  1.48973234e+00 -2.02157489e+00
  2.73244433e-01 -5.54252450e-01 -8.70257855e-03 -5.46099686e-01
 -7.76123052e-01 -1.18254217e-01  8.67890831e-01 -1.46621402e-01
  1.05592650e+00  5.93669222e-02 -1.50369153e-01 -2.06848532e-01
 -4.72798548e-01  6.53402861e-01 -1.51746246e+00 -4.95147112e-01
  1.81580357e+00  2.61077566e-03  6.01564786e-01 -3.20547798e-01
  8.04656443e-01  4.32647008e-02 -1.42032055e+00 -1.53250487e+00
 -3.93750838e-01 -6.94389938e-01  1.43497324e+00 -1.31227093e+00
 -9.68935845e-01  1.85986188e-01  6.97306611e-01  1.89515766e+00
 -8.45755075e-01 -3.77915706e-01 -9.40307919e-01  3.44358214e-01
 -6.99148869e-01 -9.88869039e-01 -1.11162403e+00  8.14136328e-01
 -1.42753597e+00  1.55258908e+00 -1.22502880e+00 -6.62076980e-01
  1.09519083e+00 -1.87341858e+00 -9.98359174e-01  1.50400960e-01
 -4.22505381e-01  3.41139618e-01  3.23022070e-01  9.80054564e-01
  1.79540564e-01  7.07324023e-01 -1.51214346e-01  4.55733969e-01
 -5.41289776e-01 -1.72306794e+00  1.07061524e+00 -9.73758111e-01
  2.56002079e+00 -4.49068661e-01 -2.81202877e-01  9.94846707e-01
  1.80768618e+00  1.63787040e+00 -9.26061116e-01 -2.34718235e-01
  7.20457901e-01 -8.08706089e-01  2.05964486e+00  1.59895669e+00
 -8.13777375e-01  1.18873519e+00 -3.52936481e-01 -1.02589820e-01
 -1.20511432e+00 -1.34405416e+00 -1.04156640e+00 -2.77747967e-01
 -5.65206426e-01 -1.93503153e-01 -3.98113244e-01 -6.66561081e-01
  1.16412851e+00 -3.63305945e-01  1.01052048e+00 -3.89801892e-01
  6.50394491e-02 -9.72191254e-01  8.29303255e-01 -1.98469883e+00
  7.34055227e-02 -4.40706432e-02 -1.37975327e+00 -1.79334791e-01
 -9.09073617e-01 -5.99594075e-01 -1.43108844e+00 -7.70255319e-01
 -2.26357789e-01  1.56709357e+00 -1.56146545e+00  1.31081507e+00
  1.84727475e-01  6.77893219e-01 -1.43095946e-01 -1.25824713e+00
  4.19867671e-01 -6.09283941e-01  1.01068203e+00  9.83136519e-02
  2.94890188e-01  4.33762532e-01 -5.28659065e-02  4.97065771e-01
  9.80077077e-01 -1.76572678e+00  2.10635820e+00  9.31846873e-02
  1.40109290e+00  4.05482745e-01 -4.01105312e-01 -2.17199541e-01
 -9.81000435e-01 -7.31381765e-01  1.83436995e+00  3.77330989e-01
  7.90997073e-01 -2.44377099e-01 -7.48202338e-01  2.24346169e+00
  5.50969067e-01 -1.35161427e+00 -8.69716391e-01 -1.82248277e-01
 -3.64127545e-01 -1.95130211e-01 -4.40938682e-02 -4.92716471e-02
  3.73382632e-01  3.78340762e-01  2.10129286e+00 -1.74901185e-01
 -1.50007148e+00 -3.70242236e-01 -1.58386321e+00  4.37526803e-01
 -3.94203141e-01  4.49992950e-01  1.40180584e+00  9.58752698e-02
  1.54673259e+00 -1.93992189e+00 -4.12791979e-01 -2.11619094e+00
  1.61172976e+00  2.16851047e+00 -4.10114513e-01  8.77693512e-01
 -4.93625710e-01 -1.29298146e+00  9.53616903e-02 -1.00391623e+00
  2.38527900e-01  7.24766717e-01 -1.34331089e+00  2.72958565e-01
 -7.12189122e-02 -1.49402134e+00  1.54696521e+00 -1.00550385e-01
 -3.29736604e-01  3.07623432e-01  6.34713086e-01  9.41973736e-01
  3.40739507e-01  1.16117107e+00  2.16473066e-01  1.77986309e+00
 -1.58977368e-01  5.65394110e-01 -9.37169290e-02 -6.76061316e-01
 -2.02796824e+00 -6.16018715e-01 -2.84532947e-01 -7.34664402e-01
  1.71343496e+00 -1.10368844e+00 -1.61490453e-01 -4.39817559e-01
 -1.69542108e+00  4.96230032e-01  6.69830785e-01 -1.20881972e+00
 -1.58194663e+00  6.60296753e-01  1.53105122e+00 -5.12384974e-01
  4.97101169e-01 -8.53170123e-01  1.58041306e-01  2.08503235e-01
  8.44483610e-01 -9.23636893e-01  1.11939578e+00  5.90210312e-01
 -1.97858431e+00 -1.71203428e+00  3.13663878e-02 -9.22624506e-01
  1.11421641e+00  7.56032493e-01 -1.21083911e+00  6.52712608e-02
  1.68645750e+00  4.40068356e-01 -1.83406242e-01 -9.43936044e-01
 -1.23428131e+00 -5.36167753e-01 -1.40719494e-02  1.25839923e+00
  3.44686858e-01 -1.19581395e-01  1.04370928e+00 -1.28654656e+00
 -8.17942148e-02 -2.66488749e+00 -3.97281503e-01 -1.26784125e-01
  4.24462524e-01 -1.29752480e+00  8.08376871e-01  1.41696960e+00
 -9.76591723e-01 -3.41730453e-01  8.86025900e-01 -8.52920250e-01
  1.59433727e+00  7.84916004e-01 -2.10491468e-01  1.29531112e+00
  5.45031956e-01 -1.29107252e+00  2.74086583e-01 -1.10479547e+00
  1.70289519e+00 -2.31846799e-01  4.51998526e-01 -3.06125436e+00
 -5.84164738e-01  2.82888412e+00 -6.42448152e-01 -9.90855552e-03
  1.33391009e+00 -1.57897660e-01 -2.17489236e-01 -1.19040330e+00
 -3.67069195e-01 -9.55403658e-01 -2.37708902e-01 -2.94146093e-01
  9.94503294e-01 -5.19548421e-01 -2.77776547e-01  1.29306549e+00
 -1.21859817e+00 -1.66388739e-02 -4.41558703e-01  7.18405865e-02
 -4.69409126e-01 -1.33362667e+00 -1.94152083e+00  4.67825598e-01
  6.55967797e-01 -1.05468425e+00 -5.65105714e-02 -5.86277116e-01
 -6.17055281e-01 -1.88205836e-01 -6.03588516e-01 -9.03774915e-02
  8.18682652e-01 -1.53363911e+00 -1.86372937e+00 -4.89526969e-01
  4.66135432e-02 -1.11170665e+00  5.43965665e-01 -8.38452634e-02
  1.00534814e+00  3.79732286e-01  1.02478938e-01  1.78310501e+00
 -1.17165672e+00  7.83844964e-01 -4.04197574e-01  1.00768709e-01
 -5.11627193e-01  8.85938080e-01  7.66092423e-01 -9.56756351e-02
 -1.62217836e+00  6.37850524e-01 -9.55988527e-01  6.04359403e-01
  3.24350322e-01  6.15273342e-01  5.43669599e-01  1.49691302e+00
 -2.55881663e-02 -3.24698661e-01  6.22327639e-01 -1.39582122e+00
 -1.77725410e-01 -4.27125031e-01  1.87786753e+00 -3.46271210e-01
  5.63566782e-01 -6.69110967e-01 -5.09733096e-01  2.94328987e-02
 -2.23918176e-01 -1.46533665e+00 -3.78747302e-01  1.79157325e+00
 -5.76687242e-01  3.99629127e-01 -1.19592170e+00 -8.58560125e-01
  8.64502929e-01 -3.78989289e-01  2.00246072e+00  9.68103831e-01
  1.02194845e+00 -3.40562969e-01 -1.13169400e+00  3.62179886e-01
 -1.07372682e+00 -4.68965488e-01  8.43304349e-01  5.08140136e-01
  6.31604170e-01 -4.53093459e-01  5.45317719e-01 -3.01976373e-01
 -6.03070715e-01 -1.26278286e+00  1.31024410e+00 -1.44501225e-01
  4.37069305e-01  1.07008890e+00 -6.17993295e-01 -1.27160909e-01