-4.87741279e-01 -1.38391749e-01  1.62104754e+00 -1.80480445e+00
  1.50350220e-01  1.46708472e+00 -1.64595070e+00 -1.06435759e+00
  3.33528344e-01  3.23047384e-01  8.12035000e-01 -1.30118889e+00
  1.51160398e-01 -5.97635790e-01  1.52283308e+00 -2.65096186e-01
 -9.67181982e-01 -1.91074429e-01  1.05713750e+00 -6.39268126e-01
  3.35427241e-01 -7.58669278e-02  1.10541298e+00  3.54572200e-01
  2.19266832e-01  1.80248592e+00 -1.90845132e+00 -1.00227941e+00
 -1.20328930e+00  3.35379198e-01  1.94125280e+00  7.72238434e-01
  1.57293559e+00  1.62976393e+00  5.38452431e-02 -4.61173012e-01
 -1.43779633e+00  8.72588963e-01 -1.71069765e-01  6.45016076e-01
  8.10924447e-01 -3.45871676e-01  9.41655160e-01 -1.42878918e-01
  1.37353333e+00  2.41874414e-01  2.03630854e-01 -1.48041746e+00
  3.91584022e-01  5.73318835e-01  9.79269883e-01 -5.69063658e-01
  1.27837227e-01 -1.16464466e+00 -1.00067713e+00  2.21189343e-01
  8.17346223e-01  1.51648746e+00  4.85389950e-01  1.30108710e+00
 -2.44541992e+00 -4.19432886e-01  1.26204724e+00 -2.81167517e-01
 -1.27244510e-01 -1.30489847e+00  5.61557105e-01 -3.62763720e-01
 -2.67131425e+00  2.78979421e+00 -3.18050736e-01  2.29135604e+00
 -1.26541310e+00  1.22607308e+00  2.11530998e+00  7.91788464e-01
 -1.15086407e-01  1.09769643e+00 -8.88275641e-01  1.50273794e+00
 -1.72616984e-01 -3.32145353e-01 -7.76307146e-01 -9.36369771e-02
  3.63716744e-03  1.33817923e+00 -7.89398886e-01 -6.55194858e-01
  1.08426460e+00 -1.03699574e+00 -9.65877303e-01  7.08453928e-01
  8.94130057e-01  4.62286443e-01  4.94167253e-01  1.53139493e-02
 -4.66499859e-01 -1.24097653e+00  1.24623643e+00  1.10069200e+00
 -3.79327121e-01  1.23583065e+00  2.45168762e-01 -9.17501519e-02
  1.24879482e-01  1.71725205e+00 -1.06894460e-01 -1.62344576e-01
 -2.93310506e-01  9.21483301e-01  1.32008750e+00  1.90171338e+00
  1.51710142e+00  6.64747589e-02  1.51733500e-01  5.52238572e-01
  8.67547385e-01  1.65525296e+00  1.10359161e+00 -1.22229188e+00
 -9.04288320e-01 -1.16367725e+00  6.02767784e-01 -1.10648636e+00
 -2.12717046e-01 -9.63041769e-01  7.95900868e-02 -3.20687902e-02
 -1.34103687e+00 -5.81224315e-04  6.86134918e-01 -1.02956297e+00
  6.02689092e-01 -3.02495700e-01  6.90943203e-01  1.28266640e-01
  1.27658221e+00  1.94753690e-01  2.81515996e-01 -1.79291530e-01
 -2.66911263e-01  1.02881418e+00  8.07492391e-01 -1.64847317e-01
  1.24495078e+00  5.33436295e-01 -9.85629788e-01 -8.71699550e-01
  5.96604989e-01  5.08460662e-02 -5.01070654e-01 -3.05915825e+00
  2.33543777e-01  2.47793512e-01 -1.53042517e+00 -4.25657599e-01
  1.26049827e+00 -3.65428529e-01  3.25667594e-01  1.67097361e+00
 -7.29181381e-01 -9.44608195e-02  8.84305239e-01 -2.82674099e-01
 -1.05755699e+00 -6.17615843e-01  3.92252217e-01 -6.45927415e-02
 -1.16415216e+00 -1.00619767e+00 -1.20521448e+00 -1.11790844e+00
 -1.60042958e-01  1.72352118e+00 -1.66078167e+00  8.82120677e-01
 -3.01936529e-01 -1.64335749e-01  9.85031823e-01  5.98919576e-02
  6.92330856e-01 -1.75267471e+00  3.53109674e-01 -1.24251837e+00
  4.87681513e-01  9.97592408e-02  6.53965321e-02 -3.63257556e-01
  7.16290589e-01 -1.31150081e+00  2.74249627e-01 -6.35874047e-01
  1.00259046e-01  9.68173610e-02  1.26042293e-01  1.04554148e+00
  1.79943063e+00 -1.55339544e+00 -5.17398408e-01  8.56132990e-01
 -7.35871770e-01  6.28695487e-02 -1.02859628e+00 -1.06174672e-01
  1.50356901e+00  1.78951043e+00 -1.06759755e+00 -1.76488893e+00
  7.68009192e-01  1.27112572e+00 -2.10174822e-01  1.27967514e+00
 -2.93043338e-01 -1.89344752e+00 -4.96039131e-01 -7.30374300e-01
  9.96653646e-02  9.02653797e-01  1.67797190e+00 -6.79019206e-01
 -5.23680298e-01 -3.45004224e-01  5.66398120e-01  2.22843653e-01
  1.21022161e-01 -3.05758726e-01 -1.29592415e+00  6.14588982e-01
  1.68228146e+00  1.03945187e-01  1.19086712e-01 -4.62022675e-01
 -3.59934279e-01 -9.03131318e-01 -1.37531837e+00 -3.30550577e-01
 -1.29588712e-01  1.30134509e+00  4.32716247e-01  7.74137018e-01
 -2.17767672e+00  3.09971078e-01  9.61363360e-01  2.38969916e-01
  2.11505074e+00 -4.86481418e-01 -3.81261521e-01 -1.61878869e+00
 -6.94204635e-01 -7.12200522e-01 -2.38745070e+00  1.16623480e+00
  8.70371545e-01 -3.47681255e-01  8.31165807e-01 -9.57629651e-01
 -1.13051822e+00  2.49055383e-01 -6.68278827e-01 -4.59231602e-01
 -1.00680862e+00  1.74518632e+00  4.68553734e-01 -1.42500112e+00
  4.75439454e-01  2.78229102e-01  6.96306765e-01 -3.40996421e-01
 -5.19079094e-01 -1.33371540e+00  6.24994184e-01  7.22800576e-01
 -1.74596212e+00  1.17745202e+00 -3.36744479e-01  2.45790851e-01
 -1.80264288e+00 -5.61311157e-01 -9.61807439e-02  8.54207004e-01
  3.43439432e-01  8.00101223e-01 -5.22715182e-01  3.47106242e-01
 -6.70076801e-01  9.95222086e-01  6.56196766e-01 -9.20576718e-01
 -7.30030521e-01  3.27494671e-01 -1.67478058e-01  1.78169282e-01
  1.12604173e+00 -1.87864627e+00  1.30113659e+00  5.77053052e-01
  6.66608314e-01  4.88252045e-01  2.89373967e+00 -6.36245838e-01
 -5.33587217e-01 -5.65371401e-01  4.02696993e-01 -1.31866007e+00
  5.55938935e-01 -1.98441312e+00  2.03267142e+00  1.11061105e-01
 -9.92691282e-01 -1.10024004e+00  9.06553862e-02  1.05322956e+00
  4.86913072e-01  4.51385941e-01  1.10663228e+00 -1.39426156e-01
 -9.29110312e-01 -3.33305155e-02 -1.90649790e-01 -2.48458970e+00
 -8.56828647e-01  1.58341971e+00 -8.58651550e-01 -3.87752718e-01
 -4.73409939e-01  2.75058727e-01 -3.65458000e-01 -9.41141983e-01
  1.46943696e+00 -2.17892977e+00  3.17609801e-01 -3.19379421e+00
 -7.31071968e-01  3.29692048e-01 -6.66023323e-01 -9.55161750e-01
  8.86530949e-02 -2.23981582e+00 -2.44636062e+00  2.79123363e-01
  4.93396389e-01  1.35573104e+00  4.22248281e-01 -1.62783190e-01
 -1.07124133e+00  5.65037063e-01 -1.13120445e-01  1.54803862e+00
 -5.82609347e-02 -5.01197104e-01 -5.35266448e-01  1.79113317e+00
 -2.13702273e-01  1.43276275e+00 -4.13721786e-01  2.33183204e-01
  8.33499785e-01 -1.27615968e+00 -5.68893058e-01  1.23187146e+00
  1.07335051e+00  1.80671136e+00 -4.18629360e-01  2.55818148e-01
  8.64561615e-01  2.03216642e+00 -8.93025324e-01  4.85821758e-01
  1.34522393e+00 -1.63945861e+00 -2.51746381e-01  2.45762454e-01
  2.45906971e-01  4.55592231e-02  2.89924366e-01  5.82467724e-01
  2.07405800e+00  1.55462760e+00  9.08741153e-01 -1.23811405e+00
 -1.90862386e+00 -1.95019846e-01  4.14849073e-01  4.41833104e-02
 -2.08378205e-01  2.21267966e+00 -1.32183622e+00  1.52103638e+00
  1.63954109e+00  9.97010575e-01  8.53440867e-01 -1.32471025e+00
  4.92446619e-02 -8.53322625e-01  1.58340522e+00  6.12648408e-01
  1.28907560e-01 -9.23893149e-01 -8.55232461e-01  1.31330677e-01
  1.26946574e+00  4.04222570e-01 -3.28200728e-01 -1.10062109e+00
 -5.07278399e-01  4.27565033e-01  9.34525049e-01 -9.65544017e-01
 -1.72685260e-01  7.86340585e-01  9.43967207e-01 -2.38420558e+00
 -5.82493405e-01  1.92923992e+00  9.49773343e-01 -7.71821382e-01
  1.04145050e+00  1.00535062e-01 -1.57569067e+00  8.04707888e-01
  1.24061593e-01 -1.21100632e+00  2.15681428e-01  4.11065942e-01
  3.31174754e-01  7.75603289e-01  8.35932383e-01 -5.87955181e-01
  4.67342600e-01  4.32220005e-01  1.52167515e+00 -2.24215603e+00
  1.63372533e+00  7.07035606e-01  4.75237028e-01 -2.02298020e-01
 -1.25804980e+00 -3.54874521e-01  3.07461223e-01 -7.63939211e-01
  3.54343137e-01 -1.18092932e+00 -2.49447905e+00 -3.50310645e-01
 -1.07147108e+00 -3.03153603e-01  6.01248750e-02  9.58628119e-01
 -7.17660295e-01  2.50531581e+00  6.22344622e-01  1.75390203e+00
  4.51075640e-01 -1.56127816e+00  1.73122558e+00  2.44109476e+00
 -3.60628050e-01  6.67854647e-01  1.44728938e+00  2.17266849e+00
 -1.78704000e+00  4.63869540e-01 -3.60425900e-01 -1.26917252e+00
 -1.35665180e+00 -1.30480780e+00 -4.61769213e-01  3.01374179e-01
 -1.35756219e+00  7.07671321e-01 -9.51115775e-01 -1.17466731e+00
  5.92159664e-01  1.26142117e+00  6.40300212e-02  3.97096409e-01
 -1.18540599e+00 -8.95343457e-01 -5.69995310e-01 -8.04178062e-01
 -1.61424389e+00  1.75893691e-01 -1.43420393e+00 -8.05791869e-01
  5.20969684e-01  1.60872772e+00  6.84147349e-01  2.68094835e+00
  1.28252639e+00  3.30895489e-01 -6.04435749e-01  4.12664405e-01
 -5.11225266e-01  3.14338737e-01 -5.15950822e-01 -2.88211419e-01
  5.41213030e-01  1.05917038e+00  4.64460957e-01 -1.35023105e-01
  7.58127846e-02  1.21295165e-01 -6.45134820e-01  3.50690800e-01
 -1.12861567e+00 -7.24270684e-01  6.65750614e-01 -7.00669969e-03
  2.41135290e-01  5.37779325e-01  2.72369882e-01  1.45400982e-01
  5.29290535e-01 -5.98166286e-01 -6.37970807e-01  1.76329717e+00
  1.91422280e-01 -1.00446737e+00  2.36055510e-01 -6.11569572e-01
  2.95375755e-01  8.63748397e-01  1.01035507e+00 -1.58690221e+00
 -1.95696403e+00  1.36006752e+00 -1.53201072e+00  4.75609344e-01
  9.55263455e-01  6.08600635e-01 -1.03819776e+00  2.43520342e-01
  7.42986744e-01 -8.10563144e-01 -1.51342019e-01  4.25747724e-01
  9.91830250e-02 -2.00286807e-01 -1.01471392e+00  3.06788228e+00
  1.79063860e+00 -7.24680348e-01  4.02215414e-01 -2.99733139e+00
  4.99801863e-01  1.34914238e+00  1.57851665e+00  1.26553224e+00
  2.42888727e-01  1.00025613e+00 -3.54760915e-01  2.05372508e+00
 -1.19006219e+00 -1.95924464e+00  4.43891676e-01  6.99538334e-01
  6.47472151e-01  1.82271284e+00  2.96458023e-01 -1.63015233e-01
  1.70796629e-01  3.74823672e-03  2.85675104e-01  5.68913454e-01
 -4.62587184e-01  1.48107837e+00  8.31152000e-01 -3.31942678e-01
  6.34310096e-01  6.75197769e-01 -9.44219380e-01 -5.17516329e-01
 -1.54259360e-01  2.27129528e+00 -7.43308204e-01  3.64836920e-01
 -7.34608259e-01  9.99856792e-01  1.08630765e+00 -2.25156812e-01
  5.98859534e-01  3.58017084e-01  1.29213367e+00  3.22008778e-01
 -4.64892866e-01 -3.01057929e-02 -2.11398613e+00  1.06902712e+00
 -2.82742660e+00 -1.17932546e+00 -7.67304071e-01 -2.43517668e-01
  5.72527622e-01 -6.31244760e-01  1.01391182e+00  2.09331089e+00
  1.20143682e+00  4.80139503e-01  1.73545349e+00  1.30812918e+00
 -1.31062902e-01  1.73589358e+00 -2.52457838e-01  2.46710858e-01
  9.01457918e-01  5.16649749e-01  1.71909455e-01  3.02709528e-01
 -1.38975658e+00  2.76354224e-01  1.52686566e+00  2.03460264e+00
  4.35587502e-01 -5.28751451e-01  1.10109255e+00  1.32978977e+00
  1.43656635e+00 -8.97033236e-01  4.11045462e-01  6.53915726e-01
 -4.60229558e-01  2.11278026e+00 -7.75752357e-01  6.62077827e-02
 -5.81467613e-01 -2.08195413e+00 -1.34301841e+00  8.37421360e-01
 -7.28479322e-01  1.11321854e+00  2.36510269e+00 -9.66428492e-01
  5.54247380e-01  5.19567971e-01 -8.48809218e-01  1.57185282e+00
  1.61723944e-01 -3.31218927e-02 -7.19266646e-01  1.08562055e-01
 -8.45714475e-02 -1.87791132e+00  8.66267522e-03 -4.62707969e-01
 -1.18065633e+00 -5.09001070e-01  1.26943094e-01  3.15923250e-01
  6.95074248e-01  4.47105174e-01 -9.67622810e-01  7.24410445e-01
 -2.01682595e+00 -9.61825048e-01  2.63930254e-01 -1.47892771e-01
 -4.43624223e-01  2.43860862e-01  1.22912170e-01 -4.03869511e-02
  9.27977275e-01  3.88229996e-01  5.32333262e-01  1.00668426e+00
  2.22301897e-01  1.24820579e-01 -6.98777910e-01 -6.68067427e-01
 -2.00625715e-01 -1.11511489e+00 -4.85253149e-01  1.70738836e-01
 -4.39583222e-01 -1.92809544e+00  8.41217669e-01  2.55995424e-01
  2.48947759e-01  1.09757679e+00  4.88849778e-01  5.43408027e-01
 -6.36317013e-01 -1.36003489e+00  6.30452859e-01  1.31409532e+00
  4.86162468e-01 -4.53196793e-01 -1.13992635e-01 -1.58522990e+00
 -1.22990214e+00  5.18577100e-02  6.05426698e-02 -6.25559651e-01
 -3.01933823e+00  3.12394897e-01 -1.05238688e+00 -8.79441334e-01
  6.62265638e-01  1.06702359e+00  1.81555762e+00  1.64584289e+00
 -9.01692998e-01 -3.26419914e-01  7.33503584e-01  5.15595592e-01
  1.47041078e-01 -5.32265100e-01 -7.01283205e-03  1.02391169e+00
 -5.60219373e-01 -1.33026014e-01 -1.73386585e+00  2.59103942e-01
 -3.55126171e-01  9.91569394e-01 -2.12401421e+00 -8.24723006e-01
  4.94922706e-01  9.81117731e-01  1.09324279e+00 -7.65194685e-01
  2.43987977e-01 -7.78624122e-01 -6.11212720e-01 -2.98077272e-02
 -2.94077527e-01  1.54775203e+00  1.71450241e+00  6.87588749e-01
  2.47449580e-01  2.25403229e+00 -9.51736190e-01  1.94874077e+00
 -6.65145547e-01  1.40997749e+00 -3.66447031e-01  1.54003485e+00
  9.63936678e-01  5.80338897e-01  1.67265773e+00 -9.31335562e-01
 -7.54833487e-01 -3.76832517e-02 -1.23930817e+00 -1.13791342e+00
 -2.55361371e+00 -2.66509345e-01  1.09017427e+00  1.27953251e-01
 -1.62524356e+00  6.05938203e-01  1.19795252e-01  1.29193020e+00
 -1.41289592e-01 -4.17567639e-02  5.94892838e-01 -1.57352620e+00
 -7.29342585e-01  5.01683165e-02 -8.57581180e-01 -4.71070913e-02
  5.23060244e-01 -2.44521949e-01  1.56346735e+00  8.98781463e-01
 -5.94539634e-01 -2.41153652e-01 -1.29112096e-01  1.51613919e+00
  8.40982250e-01  5.43075126e-01 -1.33724763e+00  2.99709933e-01
 -5.72541623e-01  6.22277815e-01 -4.49146145e-01  2.80219563e+00
 -1.27337421e+00 -7.02112170e-01  5.44722744e-01  3.92459741e-01
  9.95005415e-02 -1.06271417e+00 -1.42963203e-02  1.38421314e+00
 -1.60917923e+00 -1.27083943e+00 -8.53357054e-02  6.61811525e-01
  2.73512599e-01 -1.80000422e-01  8.34906933e-01  1.11145623e+00
 -6.25880500e-01  1.00968251e+00 -8.70623859e-01  2.26955138e-01
 -1.40493919e+00  6.39835313e-02 -7.05975982e-01  1.84683523e+00
 -2.47674011e-01  1.67862676e+00 -5.23639861e-01 -8.39687786e-02
 -1.44720956e+00 -8.49407697e-01 -2.52667956e-01 -8.36485627e-01
  8.82497424e-01 -1.45495817e+00  5.66876264e-01 -1.58596128e+00
 -1.60933418e-01  1.29156367e-01 -3.65449561e-01  1.24568044e+00
  3.11899806e-01 -3.91459685e-01  2.39560750e+00  8.47619716e-01
  2.07101953e+00  5.50721133e-01  2.17307903e+00  2.87005213e-01
  5.83691519e-01 -8.86811737e-01  4.75989239e-01 -6.93928990e-01
  8.82268579e-01 -1.22977233e+00  8.34474188e-01 -6.42036446e-01
 -6.00107101e-01 -3.97306041e-01 -9.47415186e-01 -1.11289628e+00
 -1.59411758e+00  3.08701216e-01 -8.04688770e-01  2.01891255e-01
 -2.55977902e+00 -3.59027286e-01 -2.34783751e-01  2.15633935e+00
  4.04875865e-01  5.31864551e-01  1.02814902e+00  7.10853119e-02
 -1.48096638e-01 -5.96595937e-01  1.92823244e+00 -1.11437134e+00
  5.95620972e-01  4.10615776e-01  1.72818709e+00  2.35303672e+00
  4.18107202e-02 -6.09687940e-01  2.25244976e-01 -4.13192845e-01
  1.26647011e+00  2.49455964e-01 -1.64414640e+00  2.12989701e-01
  1.81598010e+00 -4.54445585e-01 -1.17075536e+00 -4.84137498e-02
 -4.37973220e-01  2.47255542e-01 -7.63154851e-01  7.75522171e-01
  2.04053254e-02  6.12131079e-01  6.42599555e-01 -3.18829200e-01
 -8.28356961e-01 -1.58814269e+00  2.51078970e-01 -1.95893592e+00
  1.12451746e+00 -2.33278739e-01 -3.33872530e-01 -8.83265425e-01
 -4.31076380e-01  9.76860032e-01 -4.34115923e-01 -2.16121055e+00
  2.65073934e+00  7.33999527e-01  1.19717614e-01  1.88290324e+00
 -2.98172466e-01  8.73961268e-02  1.04540635e+00 -1.24496886e+00
  1.03217344e+00 -1.45311822e+00  1.97042937e-01  1.26032429e+00
 -8.63585846e-01 -1.33609914e+00  9.08184981e-01 -6.35834661e-02
  4.58262342e-01 -1.77871291e+00 -2.74300136e-02  5.69956109e-01
 -4.58107990e-01  4.14930969e-01 -7.09113588e-01  1.15763108e+00
  2.34431507e+00  4.32998251e-01  8.14046914e-01  7.06801010e-03
 -3.78288539e-01  1.94619574e+00 -6.38810644e-01  1.11004804e+00
  1.74620423e+00 -6.37411565e-01  8.88594643e-01  8.85677938e-01
 -4.47072093e-01  5.88626238e-01 -1.66721582e+00  5.26415155e-01
  6.23799702e-02  1.50452534e+00 -7.29507882e-01 -1.24755959e+00
  1.29461022e-01 -5.50296840e-02  2.52694776e+00 -9.20606129e-01
 -9.71573024e-02 -1.31221800e+00 -4.40162516e-01 -3.80721467e-01
  2.93585368e-01  1.18556743e+00  8.49151416e-01  3.55543332e-01
 -9.08832427e-01 -2.51490774e-01 -1.35298755e+00 -8.80846460e-02
  6.28019801e-01 -4.13324570e-01  2.71112800e-01  8.69400931e-01
 -3.60263346e-01  6.72986908e-01  1.12280729e+00 -8.07014418e-02
  5.29132263e-02 -8.32791748e-01  1.52192315e+00  5.97763864e-01
  9.69308362e-01  6.12289795e-01  1.06839614e+00 -2.06882220e+00
 -4.15332659e-01  1.37674342e+00 -1.23622443e+00 -6.14508303e-01
  1.68235212e+00  5.51965238e-01 -1.10555201e-01 -8.15615801e-01
  1.20073832e+00  1.42327126e-01  1.33901805e+00  4.82834874e-01
  9.43540944e-01  2.62115018e-01 -1.53151350e+00 -1.00828424e+00
  1.47419907e+00 -8.91378267e-01  2.55562487e-01 -7.42645160e-01
 -3.04921148e+00 -1.62019820e+00 -8.70825785e-02 -6.29508816e-01
  2.74971589e-01  1.77904803e+00  8.84247809e-01 -1.25293383e-01
  1.46138039e+00  1.82447712e+00  5.04750261e-01  1.00252540e+00
  6.85506984e-01 -1.13222157e+00  1.23207677e+00 -1.00454955e+00