-0.02190943 -0.16174463  0.74387965  0.34478064 -0.48238601  0.29658727
 -1.64899077 -0.10124588  0.88568083 -0.68278186  0.62015142  0.28293364
  0.74900228 -2.85654233  1.7609547   0.27163375 -0.1655418  -1.11175477
 -1.58832588  0.5970996  -0.82920542 -0.36953615 -0.6608404  -1.72039101
 -0.17073062  0.01735074  1.34836578 -0.70390318 -1.04142825 -0.629637
  0.70341137  0.19216126  1.03595442  2.37326714  2.24760542 -0.39123529
  0.22258256  0.6004411  -1.13999176 -0.22410291 -0.12891022 -0.90246866
  1.56408808 -1.25443857 -0.54228863  1.37001203  0.7402055   0.43326693
 -0.05390344  1.12515922 -0.85080399 -1.48022137  0.48955502  2.19958902
  0.04785587 -0.39330413 -2.11801139  0.02949086 -1.36721071  0.39275214
 -0.31223523  0.03549738  0.2967186   0.78156349  0.06441283 -1.31290503
  0.04133887  1.50126937 -1.16038336  2.0403142  -1.83984912  0.45602235
 -0.40917183 -1.28341078 -2.28073376 -0.70373961 -0.68995343  0.31223365
  0.86719185  1.09560682 -1.04106511  0.53832922 -0.75913449 -0.19819247
  0.38971738 -1.27642716  0.02368816  0.15063034  0.21288807  0.82278225
 -0.53126096  0.27806884  1.36398588 -0.45101068 -0.16665993  1.31239296
  1.62600431  0.6906662   0.66112475  0.1303569   0.17780617  0.36311756
 -0.29532012 -1.27670097  0.02788854  1.0241717   0.47709329 -0.99402705
  0.32979073  0.99046598 -0.21524705  0.05880681 -0.71424575  0.78220286
  0.72354979  1.07613429 -0.28374083 -0.05285957  0.3689966  -1.44232143
  0.80526933 -0.43266222 -0.01394581  3.02309847  0.06678547 -1.41202647
 -0.38050764  0.32074572 -0.42970985  0.78056175 -0.26919021 -1.50208648
 -1.08650401 -1.70741648 -0.53097329 -1.34146391  0.04706629 -0.28949088
 -0.07652728  0.53153194 -1.28282395 -1.14508252  1.06281575 -0.75373951
 -0.24010797 -0.66015027  0.05852789 -0.58189717 -1.27900764  0.48330242
 -0.81461834  0.22152798 -0.60196193 -0.73497795  0.60630723  1.72891975
 -1.05408119 -0.98063738  0.05480466 -0.20926966 -0.2415986  -0.07598323
  1.20772679 -0.7526354  -0.40871863  1.19986157 -1.71095662 -1.45946612
  0.80791931 -1.64003626 -1.24770505  0.54698025 -0.86240507  0.78224754
  0.17089844  1.61653079 -1.02469581 -0.36992055 -0.69789403  0.29780414
  0.96780949 -0.79591553 -0.15996671  1.27072366 -0.43016527 -0.32010166
 -0.75824962  1.45984378  1.73662407 -0.59147625  2.14082392 -1.49921536
 -0.29209777 -1.31721996  0.1441238   1.02303325 -1.29553919 -0.25769044
  1.15285789 -0.22798646 -0.18832545 -0.4242959  -0.05453293  0.88052717
  1.00143266 -0.14685532  2.12831047 -0.28236175  0.96997609 -0.92174584
  0.48775037  0.67650155 -0.11224866 -0.93318427 -0.16069133  0.24504695
 -0.84549314 -0.19548219  0.3542639   1.59593686  0.37051166  0.47455993
  0.64012806  1.01362109 -1.89573222  1.73936269  2.07769581  1.03272764
  0.55339223  0.55627851 -0.65870468 -0.53696595 -0.42194464  0.64579387
 -0.32265914  0.81019968  0.07476595 -1.06470748  0.91710941 -1.18320085
 -0.99072794 -1.19582962 -0.27613088 -0.26584337 -0.65593961 -1.37102266
 -0.61935881  1.14812996  0.56633698 -0.33311722  0.08276524 -0.33309704
 -0.24827492 -0.16347985 -0.61625951 -0.45990714 -0.01566526 -0.25653374
 -0.67165546 -0.13492623 -0.38387936  0.76927003  1.66586655 -0.13200004
 -0.02663241  0.94881588 -0.05825931 -0.11782206  1.72990814 -1.8040752
 -1.62634386 -0.21013227 -0.8198644  -1.5542382   0.56583523 -0.86753792
 -1.85907081  1.47585738 -1.13215648 -0.0985176  -0.01395824  0.85874917
 -1.00056718 -0.49591896 -0.81610011 -1.1557304  -0.42893328  0.36492174
  1.02828018 -0.00587359  1.2656742  -0.22232588 -0.13950324  2.67949329
 -0.50389648 -2.34029926 -1.19411231 -0.8696545  -1.00956579  0.44325664
 -0.20127166  2.78182805  0.50863823  0.25004674 -0.98329626  1.63703415
  0.18161743  1.54751085 -0.46096774  0.22216552  2.89662841 -0.54833025
 -0.24112893 -0.68855611 -1.38905889 -0.36169085 -1.56010216 -0.40059694
  0.65895771 -1.47184508 -2.09480217  0.30043784  0.88569476  0.12205969
 -1.07332997 -0.2473221  -0.4918597   1.39133477  0.40015739 -0.03368102
  0.16774572 -0.29201727  0.59798327  0.65001145 -0.54267056 -2.55798704
  0.41960641  1.45432125 -0.56483681  0.24945981 -1.16472729  0.9665177
 -0.41641727 -2.07377781 -1.92745264  0.33221508 -1.33976517  0.44854514
 -0.9660728  -0.74404223 -1.17389541  0.21613171 -0.46945722  0.51447869
  0.43997001 -0.44275079 -1.26872874  0.68490286 -1.527146   -1.59006165
 -0.35577446  1.82027281  0.54552757  0.58344074  0.66231887  0.10209799
  0.72462655 -1.74040809  0.84214735  0.14497075 -1.59538113 -0.61717811
 -0.70818748 -1.74920647  1.10882344  0.12852391 -1.08038528  0.80296538
  1.10054565  0.60493328  0.5921055   0.00909267 -1.11645581 -0.74330567
  1.86035673  0.58198571  0.49647814  1.72898908 -1.11459477  0.25790999
 -0.87479618 -0.99786428 -0.01270665 -0.75985032  0.27113208 -0.57986732
  0.28990276 -0.87445965  1.40645694  0.4390262  -0.76205196 -0.1532408
 -0.83909454  0.42555256  0.71963625  0.51079345  1.11123884  1.80579058
 -0.29847894 -0.07062702 -0.31661693 -1.16455938  0.47052756 -1.47327805
  0.25548691  0.49594573  1.60807862  0.22123987  1.184043   -0.55228152
 -1.00581484 -0.50086379  0.46894469  0.50933072 -0.22578441 -1.22859345
 -0.22908987  0.81338203 -0.0079904  -0.01290957 -0.66202855  0.81144574
  0.70735697 -1.39752863 -0.5880998  -0.54515717 -1.15110807  1.08381904
  1.54841808  0.47948266  1.75973901 -1.67741528 -0.89503124  0.04390864
 -0.6771386   1.84544434  0.49221094 -0.70026877  0.38207279 -1.0209788
  0.17900887  0.56158745  0.4845673  -0.26192929 -0.08386671 -0.10414507
 -0.38518892 -0.69875306  0.05364366 -2.21787427 -0.77724565 -1.01767804
  0.80051901 -0.86700989  1.72356388 -1.18902727  0.73497551  0.60019105
 -1.07762852  1.15444479  0.14325453 -0.80210303  0.31596967 -1.6792417
  0.05119447 -0.25347652 -1.11210079 -0.50395098 -1.36510955 -0.94968594
 -0.49675162 -0.51632675 -0.28001293  0.20293277 -1.065336    0.46402617
  1.48091142 -1.21216939 -0.93984542 -1.29709036 -1.01386523  1.44315369
  1.38298041  1.03278841 -0.48691934 -1.48946406  0.57806836 -0.18971141
  2.12700867 -0.85696739 -0.02617735  1.07086146 -1.00355324 -0.36764396
  1.4697684  -0.45210179 -1.17503425 -0.90586259  2.14932013  1.78148641
 -1.20740539 -1.74417277  0.35119388 -0.06004719 -0.23053883 -1.52393826
  1.85987608 -0.01646269 -0.61928533 -0.89680869  0.95409932  1.54338137
  0.64679109 -0.03532268 -0.09597432  0.40730216  1.92990076  0.27778684
 -0.45784428  1.70706718  0.13641403  0.5002734  -0.01687679 -0.08452138
 -0.04555427 -0.39559207 -2.0034703   0.75410826  2.07202273  0.28908309
  1.24750937 -1.28188804 -0.84193632  0.80602     2.46497065 -0.18961872
 -1.03239315 -0.34965337 -0.54472124 -0.48949794  1.26954055 -0.50436299
 -0.6171236  -1.29005081  0.19986691 -0.36706489 -0.56601831 -0.18714232
 -1.78495158 -1.01971189  1.45212705  0.86644     1.85511946  0.6510055
  0.50282429 -0.84254598  0.2698507  -0.25051716 -1.01800726 -0.08401554
 -0.17773712 -1.58731437 -1.69622114 -0.97640539 -0.69677465 -0.45494124
 -1.00609396  0.03124838 -2.28031751  0.2130411  -1.29699719 -1.35119801
  2.62301084 -1.37150546  2.22624267  0.99217988  0.20250223  1.11910269
 -0.60299612 -0.00726005 -0.58813904  0.81645379 -0.94616885 -0.3490944
  1.01042855  0.88317187 -0.45913648  0.00720335  0.20169878  0.78741489
  1.5395432   0.3697512   1.09243336  0.73935189  1.48829578 -1.11320983
 -0.86810598  2.32242422 -0.45330544  0.74838114 -0.09389507  0.35340809
  1.35741963  0.30108533 -0.52720982  0.79617285 -0.45136467 -0.54397382
  2.12982497 -1.28170342  1.00787241  1.13587824  0.12139775  0.46692723
 -1.03509873  1.50110223 -0.86287875  0.04768809  0.72657317 -0.46550986
  1.3113178  -0.17951872  0.00486359 -1.21966864  0.5348848  -0.71411502
 -0.02783369  0.48369911 -0.87351471  0.21058522  0.56865992  0.08051824
 -0.50306206  0.60452047 -0.19404452 -0.82766895 -0.42370594 -0.16367012
  1.01277583 -0.74560451 -0.33758046 -0.37764805 -1.15859804  1.78748266
 -0.46574463  0.59610081  1.11609191 -0.18040295  0.5047022   0.57456773
  0.39537537 -0.74985817 -1.9211689  -0.28459764 -0.68896809  0.19217446
  1.67421872 -0.98125831  0.79208894 -0.03553045 -0.89299911 -0.41022795
 -0.52144052 -0.27256213 -0.09980914  1.03873957  0.51335528 -2.06338872
 -0.60783126 -3.16492218  0.4226227   1.06516416 -1.53595484 -0.84184971
  0.11184043  0.15272795 -0.41685112  0.36767808 -1.34811293 -0.63033412
 -1.62664056  0.54802089  0.40637077 -0.54910751 -0.10010733  1.64935682
 -0.13237158 -1.46438322 -0.94495239 -0.94448487 -0.72250731  0.8814218
  1.67613189 -0.86347645  0.33692659  0.73664737 -0.61663256  0.22260256
 -0.54125642  0.08634857 -1.20063579  0.34024661 -0.38279368  0.13839776
  0.25053292 -0.4398236   0.77921077  1.35702317 -0.50962509  1.30587663
 -0.70636123  0.18375727  1.71572251  0.95349038 -0.7511713  -1.74047084
 -0.88854298 -0.81099971 -0.4357741   1.16066267 -0.55183934  0.56646286
  0.64351016 -1.00735492 -0.34035325  0.90332437 -0.430526   -1.20113027
  2.54290787  0.5598172  -0.6098789  -0.98047414  1.87873022 -0.58637221
  1.31688012 -1.23971203 -0.81892859  0.62279071  0.4953091   1.66201616
  1.31143078  1.43941938 -0.69495753 -0.66120655  0.11663418  0.61844599
  0.40927935  2.12928611  1.05384383 -0.38346281 -0.09666656  1.01667915
 -1.44426398  0.56841073 -0.37934786  1.06272357 -0.38335892 -0.12888869
  1.20845153  0.59342741 -0.02015651  0.30419907  0.01340513  0.41590652
  1.72070803 -1.17933484  1.30243341 -0.10855315  0.56714976 -0.33360996
 -0.14532332  1.74901935 -0.13115609 -0.10390595 -0.2614899   1.02935165
 -1.1128732   0.03270484 -0.7812078  -0.19242798 -0.05858775  0.67781704
  0.45020435 -0.45925812 -0.10033514  1.02839697 -1.43365976 -1.8438729
 -0.19392278  1.03046739 -1.15872871 -0.61046163 -1.76043218  0.48278503
 -0.71148336  2.71526516  0.46759407 -0.40666415  0.03404678 -0.9000118
 -0.24850987 -0.0951339   0.29473251 -0.23655332 -1.47755181  1.17528531
 -0.55490026  0.50190263 -0.82034878  1.37144077 -0.59995212  1.56586121
  0.30499045  1.14254998  0.03809807 -0.87263879  1.32883149  0.95895752
  2.01061626  1.63038845  2.5708224  -0.6971794   1.72173211 -0.92899772
 -0.5060808   0.48785211 -1.00655661 -1.43931154  0.59743314  1.08867806
  2.36830721  1.84887677  1.67351092  0.64827287 -2.17698722  1.33416119
  0.89952454  0.0851527   0.71559941 -0.02756798 -0.46992855  0.486397
 -0.25968382 -0.56817521  0.84582753  0.3856101   0.12883299  0.56833939
 -0.73154296 -0.63888471 -0.22506752  3.52210248  0.51250966  0.5279538
 -0.69821118 -1.42853929 -0.82989342 -0.29631403 -0.38766118 -0.09881366
  0.43698979  1.74368967  0.17540107 -0.37121778  1.1325889   0.37929445
  0.39666934  1.29833635 -1.10250622 -0.75716757  1.91253905  0.72019226
 -0.38466494  0.03503225 -3.60565836 -0.0919183  -0.76525583  2.60669837
  0.60736663 -0.36913772 -1.59506872 -1.5529373  -1.4785688  -0.97709644
 -0.72703237  0.77882553  0.21660932 -0.02285619  0.04301634  0.34789612
  1.37903221  1.33812211 -0.87876845 -0.54964656  0.59741975 -0.91095544
 -0.73823318  0.08557667  0.82145949  1.25385186  0.1064626   0.08485032
 -0.3466894  -0.14343699  0.3674602   0.96398256  0.38197346 -0.91843239
  1.32578801 -0.69615111  0.54909959 -1.00107184  0.11420025  0.0475497
 -0.65498427 -0.26623641  0.47013007 -0.19665575 -0.43239299 -0.30600836
 -0.73781631 -0.51182415  1.06722272  0.3813446   0.54893311 -1.44776033
  1.13934494 -1.76334704  0.82665201  0.24953701 -0.68087215 -1.18867259
 -2.22371625  0.04156765  1.60912063  0.77752534  0.97722863  1.07564368
 -0.7363573  -0.4310103   0.98170724 -0.5374075   1.39144947  0.26129866
  0.88645495  1.14402022  1.31401549 -0.36302163 -0.82838054  0.20244536
 -2.27148979  0.96028471  1.38972304 -0.62930532  0.98992207  0.40165919
  0.04505025  2.23618791  0.69121677  0.98135646  0.30593309  1.63975372
  0.93963938  0.16105056 -1.95786532  1.0140264   0.06871178  0.09092391
  0.56187654 -0.0190958  -0.67304884  0.06128741  0.90687092  0.08229361
  1.59783994 -0.53856961 -0.68874815 -2.1856652   0.22620815  0.76539243
  0.78764309  0.24057065  1.08207523 -0.24205578  1.08493169 -0.66354873
 -2.05899621  0.90451617  1.91396513  0.01295443