 7.90369017e-01 -5.88275450e-02  1.07992531e+00 -6.37228384e-01
  1.07526222e+00  2.20495922e-01 -1.25129559e+00 -7.30113070e-01
 -3.93960988e-04  1.62731973e+00 -1.17096217e+00 -4.24988794e-02
  6.15741297e-02  9.59114484e-01 -8.07038077e-01  1.32686461e+00
  7.21661414e-01 -8.09608646e-01  7.23065377e-01 -1.68453415e+00
  1.60628974e+00  3.32012848e+00 -6.87467513e-01 -9.37214154e-01
  1.03960258e-01 -1.08965696e+00 -2.04480876e-01  1.37061081e+00
  1.49245846e+00  5.83436747e-01  4.96179551e-02 -5.33721619e-01
  4.27473147e-01 -1.25667302e+00  5.80793229e-01  4.57616878e-01
  6.83593482e-01  1.74186038e+00 -4.10971251e-01 -4.34197738e-02
 -1.06161150e+00 -6.41671989e-01 -1.62997934e+00  6.60277873e-01
  7.29147114e-01  1.94421559e+00  5.72860542e-01 -9.81357686e-01
  1.18632438e+00 -5.29955837e-01  1.48163519e+00 -8.65908399e-01
 -1.57879444e+00  1.69168787e-01 -2.42135364e-01 -7.22850134e-01
 -7.39947568e-01  1.32729096e+00  1.60537423e+00  1.98311185e-01
 -6.97730075e-01  1.71284017e+00 -4.83959299e-01  1.41393048e+00
 -1.92366747e-01  9.30772539e-01  8.33639438e-02  2.01378558e+00
 -1.43376920e+00  7.37640648e-01  1.08626680e-01  4.22220149e-01
 -6.54898042e-01  7.13415390e-01 -5.57537603e-01 -8.71610169e-01
 -1.53100196e+00  2.96221915e-02 -1.34508997e+00 -1.63835474e+00
  4.90780603e-01  2.60079873e-01  5.00082705e-01  1.39052181e-01
 -6.28549835e-01 -5.15118084e-01 -1.28388759e+00 -1.27066446e+00
 -8.42796235e-01  1.07049778e+00 -2.81471582e-01 -5.71256266e-01
 -5.89982514e-04  1.47944722e-01 -8.25233672e-01  2.48958482e-01
  3.16043407e-01  7.39289878e-02 -1.16889645e+00 -7.98533329e-01
  7.80508807e-01 -8.91246216e-02 -1.59262079e+00  1.43095034e+00
  1.15009977e+00  6.34141604e-01 -2.43929503e-01 -2.87748785e+00
  4.50263252e-01 -8.45531713e-01  9.06813886e-01 -5.73792165e-01
 -7.94596606e-02 -6.59928064e-02  1.14326169e+00  8.80715554e-01
 -3.86668625e-02  1.04277807e+00 -8.16849768e-01 -8.24652855e-01
  4.68352963e-01 -3.18109940e-01 -3.22652663e-01  5.47085535e-01
  7.51068139e-01  1.26375834e-01  4.60249534e-01 -2.75314964e-02
  1.99250833e+00 -8.66751515e-01 -1.63755860e-01  4.03493565e-01
  1.60115572e-01 -9.03326509e-01 -1.70003468e+00 -8.93243216e-01
  4.40068950e-01  2.23850076e-01  1.63567591e+00  1.67729338e+00
 -2.02880966e+00  5.04077851e-01  4.25669083e-01 -2.20360997e-01
 -1.71986330e+00 -1.41601125e+00 -7.83501197e-01  5.79653822e-01
 -2.13210158e+00  4.47252157e-01  8.02440034e-01  1.84568378e+00
  3.26231936e-01  8.33643298e-01 -1.21067186e+00 -5.57861200e-02
 -1.38863977e-01 -1.15338139e+00 -1.07716136e+00  2.02181971e+00
  1.03395289e+00  7.66526571e-01  7.53998829e-01  3.94174960e-01
 -1.37988172e+00  1.15073310e-02  1.27083312e+00  7.66333109e-01
 -1.53732166e+00 -1.51170679e-01 -3.08041299e-01  1.14253065e+00
  7.34636009e-01 -1.45237639e+00 -4.77275341e-01 -1.00781306e+00
 -5.04741966e-01  1.07213698e+00 -5.15793799e-01  1.69443036e-01
 -1.16792954e+00 -6.85594783e-02 -9.38780035e-01 -4.23505515e-01
  8.55714289e-01 -4.17796335e-01  1.51814827e-01 -3.60105520e-01
  8.60230869e-01 -6.62146927e-02 -3.62551401e-01  9.60854696e-01
 -1.04530613e+00 -8.32917049e-01 -2.86832296e-01 -2.46111992e-03
  1.02729606e+00 -3.11783065e-01 -4.56583553e-01 -1.57751569e+00
 -6.40295115e-01  3.09545492e-02 -2.39015980e-01  8.41726939e-01
  1.00330786e+00  1.48266342e+00 -1.88421160e+00  3.83192205e-01
  1.34054212e+00 -2.73383292e-01 -5.26442665e-01 -6.88472095e-01
  1.65298876e+00  5.72036184e-01 -1.41128697e+00  4.70029252e-01
  4.65059735e-01  1.78807758e+00  1.04547805e+00 -7.79180936e-01
  1.05607156e-01  3.32941273e-01 -1.14858002e+00 -5.07273127e-01
 -1.54847255e+00 -2.53775064e-01 -2.14398575e+00 -1.53358920e+00
  2.06861663e+00 -1.61513212e+00 -5.50469421e-01  1.13865264e+00
 -4.10618863e-01 -6.07643863e-01  6.02123235e-01  6.52212008e-01
 -9.02316431e-02  1.25050520e+00 -1.02802205e+00 -3.72957895e-01
  1.08600579e+00 -1.19413724e+00 -1.23539675e+00 -1.18475375e+00
 -1.39212456e-01  1.27551930e+00  1.03524991e-01  1.90210138e+00
  9.54007134e-01  9.51297672e-01  2.13560275e-01  7.05464950e-01
  1.68196501e+00 -5.07056663e-01  1.05354754e+00 -9.82162866e-01
 -3.41111327e-01 -1.07836918e+00  1.09524475e+00 -2.85197618e-01
  1.05008361e+00 -7.94473945e-01 -3.25411748e-01 -4.64216245e-01
 -1.24618219e+00  6.46688378e-01 -1.46621817e-01  5.05850804e-01
 -5.74273231e-01 -1.62459893e-01 -2.14878340e-01  1.47698640e+00
 -1.45218844e+00 -9.71990416e-01 -2.14098059e-01 -1.00916639e+00
  7.79340366e-01 -1.08110432e-01  1.14431493e-01  2.53289769e-01
  2.94996776e-01 -2.28296813e+00  7.11352906e-01 -1.05802929e+00
  3.01892395e+00 -2.14517095e+00  3.25325851e-01  7.60412138e-03
 -5.13271037e-02 -7.31866244e-01 -1.28690090e+00  4.28754166e-01
  1.23370821e+00  3.00266733e-01  2.51582546e+00 -5.56370902e-02
  1.24874334e-01 -1.98268769e-01 -1.25267993e-01 -1.03727145e+00
  4.68438919e-01 -1.30542329e+00  1.50566482e+00 -6.30467555e-01
  5.93643343e-01  6.11000935e-01  9.45738741e-01  2.96447238e-01
 -4.92863581e-01 -1.14535182e-01  8.41721558e-01 -1.09641374e+00
  8.14679502e-01  3.19894455e-01  1.10201103e+00  1.39882484e+00
 -1.51199809e-01  3.16342210e-01  1.01806316e+00  1.00237094e+00
  1.01980894e+00 -1.17046096e+00  2.64970949e+00 -3.04437451e-01
 -3.82367590e-01 -4.30490550e-01 -4.07253392e-01 -9.16397998e-01
  1.00964408e+00  9.89625744e-01  8.80273148e-01  4.53021431e-01
 -7.78356311e-01  7.73800870e-02 -9.36603238e-01  2.12091963e-01
  2.40970617e+00  8.11489388e-01 -2.05162379e+00 -4.03017594e-01
  8.69371417e-02  9.30856994e-01 -4.45047334e-01 -9.27450590e-01
  2.28885301e-01 -6.65855159e-01  2.36954649e+00 -5.41184963e-01
  2.47114312e-01 -1.36262824e-02  4.55838687e-01  5.64072605e-01
  3.64372847e-02 -9.40778870e-02 -1.57004485e-01  4.59300346e-02
  6.51765401e-01  5.44249922e-01 -7.25957826e-01  1.32051610e+00
 -1.25072954e+00 -1.96314499e+00 -6.58279093e-01  1.45270490e+00
 -5.45992745e-01 -7.95001572e-02 -1.29581649e+00 -1.58483807e+00
 -6.42393515e-01 -5.05477220e-01 -3.30964352e-02  7.88120919e-02
 -8.47182785e-01  1.91630959e-01 -1.48452388e-01  3.13456869e-01
  5.61463170e-01 -5.85507090e-01 -6.05789165e-01  1.91281927e-01
 -2.75448659e-01  2.24128238e-01  8.40549011e-01  2.44414362e-01
 -3.26450084e-01 -7.82620645e-01  6.28424809e-01  4.51682522e-01
  1.42360305e+00  1.48965843e-02  5.30323175e-01  3.58139453e-01
 -5.37844772e-01  4.25292846e-01 -4.27732642e-01 -1.26168484e-01
  3.96684371e-01 -1.95333221e+00  5.73809471e-01  1.28288904e+00
 -1.12342623e+00 -5.43752386e-01 -1.74581347e+00 -5.68286055e-01
 -1.69511940e-01  2.87192983e-01  2.92493914e-01 -6.30815607e-01
  8.65479429e-01 -3.89886532e-02  8.07094077e-01  3.13393608e+00
 -1.18881417e-01 -3.91133731e-01  7.63161666e-01 -5.97960558e-01
 -1.09665025e+00  1.15365317e+00  1.91487047e-01 -1.06119967e+00
 -7.97940932e-01 -1.19856648e+00  7.98426736e-01  2.22491668e-01
  1.40194414e+00 -7.67430791e-01  8.18762154e-01 -6.84816003e-01
  4.32639352e-01 -3.98551897e-01 -1.14657712e+00 -1.18787854e+00
  7.13853643e-01  3.26708262e-01  9.16624605e-02  1.49898290e-01
  1.39044769e+00 -8.22382684e-01  2.61871934e+00 -1.11756391e+00
 -1.71587957e+00 -1.70893925e-02  1.04705261e+00  1.68379426e+00
 -1.89733084e+00  1.45579072e+00  1.40471115e-01  6.42652264e-01
  3.98909517e-01 -2.90581480e-01  2.18556920e+00 -8.20523314e-01
 -1.20620462e+00  5.98457720e-02 -1.67397847e+00 -4.37917310e-01
 -1.81556281e-01  8.43466849e-01  1.72299502e+00 -2.53400061e-01
  3.16377404e+00 -2.36996657e-01 -1.19137605e+00  2.90991210e-01
 -8.51120151e-01  1.93835432e+00 -5.60556691e-01  9.63165975e-02
 -9.50426295e-01 -1.31558290e+00  9.27964835e-01  1.65774558e-01
  2.72411248e-01 -7.11599104e-02  6.60347859e-01 -1.39803376e+00
 -5.21763595e-01  1.56438009e+00  4.70620441e-01  1.33764301e+00
 -1.44150190e+00 -1.57841649e-01 -3.82979451e-01 -8.51597768e-01
 -2.69085847e-01  1.18156915e+00 -2.34863386e-02  3.98041507e-01
  2.66344467e-02 -1.24659471e+00  1.20219025e+00 -6.89157745e-01
 -1.25903764e+00  1.61968885e+00  1.67568592e-01 -2.01411526e+00
  3.85280376e-01 -3.53683633e-01  7.30489305e-01 -6.30278356e-01
 -1.98273125e-01 -5.30440371e-01 -1.44443323e-01 -2.09212852e+00
  3.41942721e-02  7.70389609e-01  4.30093345e-01 -5.81425145e-01
  1.56031384e+00 -2.11923953e-01 -2.39215681e-01 -1.07268209e+00
  8.70842686e-01  4.95204159e-01 -1.89134681e-01 -9.35716981e-01
 -1.58396576e-05 -7.24783742e-01 -8.82449177e-02 -3.48126980e-01
 -8.58291806e-01 -9.82390225e-01  2.69161624e-01  4.06722412e-01
  1.07020002e+00 -4.82581924e-01 -1.29801164e+00  1.25011212e+00
  1.48053053e-01 -4.66086932e-01  3.38202539e-01  7.28092214e-01
  1.26211771e+00  1.42587929e-01 -8.23385445e-01  2.63367352e-01
  1.23000500e+00  8.92312065e-01 -2.47887990e-01  4.52226306e-01
  6.80729801e-01  1.57297974e+00  8.63469023e-01  1.42848557e-01
  9.97526520e-01 -7.19346663e-01  5.59904983e-01 -2.65662756e-01
  6.20000952e-01  1.10333790e+00 -9.80633693e-01 -2.13862534e-02
 -1.91166939e+00 -9.75994045e-01 -5.96681093e-01  9.68688062e-01
  1.45482011e-01  7.20030907e-01 -2.62037845e-01  1.46716915e+00
  1.38344200e+00  9.10810230e-01  8.07753979e-01  3.82273909e-01
  1.35694209e+00 -6.64563020e-01 -1.97003052e+00 -2.70810158e-01
  1.19749515e-01 -1.01870051e+00 -1.60733035e+00  8.60656388e-01
  1.07367320e+00  1.07155396e+00 -7.23847397e-01 -1.10588771e+00
  1.83739574e+00  1.49093706e+00  2.42513642e-01 -2.94963296e-01
  1.60025217e+00 -4.91140179e-01 -3.97424854e-01 -9.93767308e-01
  2.81412067e+00 -9.31610272e-01 -1.49369520e+00 -4.50033872e-02
 -5.04785468e-01 -2.36265153e-01  4.89208705e-01  5.64085678e-01
 -1.35906047e+00 -1.60871837e+00 -5.50891890e-01 -7.71154335e-01
 -8.27221037e-01 -7.25012315e-02 -1.93677189e-01 -8.52907934e-03
 -1.41552997e+00  7.64250364e-02 -2.72341921e-01  3.55969387e-01
  1.74868546e+00  2.45722281e-01 -7.49536117e-01  1.26385076e+00
  2.83269757e-01 -3.87532743e-02  4.32412137e-01 -1.49590577e+00
  8.41356014e-02 -1.38959536e-01 -1.08525228e+00  7.99856615e-01
 -6.59896229e-01  1.29538922e+00 -1.89964988e+00  5.07201711e-01
 -1.59570034e+00 -1.85464447e-01  9.69282841e-01  8.33703631e-02
  2.36234422e+00  9.25711694e-01 -1.15552926e+00  7.18163314e-01
 -4.59242013e-01 -2.32905199e+00 -3.70385585e-01 -1.06922912e+00
  1.37250257e+00  9.29077112e-02 -1.26441356e+00 -1.60033189e-01
 -7.00568787e-01 -3.09093731e-01 -5.35431963e-01 -1.40870080e+00
 -4.60948759e-01  8.21582073e-01  5.05151862e-01  1.61192021e+00
  1.54543933e+00  8.51938742e-01  2.55880145e-01  1.72854488e-01
  1.30993590e-01  4.80541488e-01  4.41268239e-01 -3.03193340e-01
  1.43758600e+00  1.58257859e+00 -8.61778280e-02  7.39227474e-01
 -4.53631207e-01  4.82804183e-01  1.53880017e+00  1.09818368e+00
  5.49748925e-01  2.32352227e-01 -4.36007460e-01 -4.41036966e-01
  4.59784806e-01 -7.76860901e-01 -9.29659804e-01 -7.81880954e-01
  1.99026077e+00  2.35653940e-01  8.36973648e-01 -2.87848027e-01
  1.12810135e+00  6.73273096e-01  2.93784166e-01  1.05950695e+00
  6.09298470e-01  1.32478671e+00 -2.34697070e+00 -9.66031733e-01
  6.58021660e-02  2.86630792e-01  2.64517471e-01  1.30513804e+00
  4.96036520e-01  1.29780505e-01  2.03421935e+00 -1.36560915e+00
  3.73321295e-01 -2.46753997e-01  2.22095268e-01 -1.30928155e+00
  1.06724396e+00  7.59516577e-02 -1.58374461e+00  6.38928288e-02
 -2.56685781e-01 -2.01495381e-01 -8.01974316e-01 -1.54674414e+00
 -2.93344774e-01  1.09329364e+00  5.40001871e-01 -1.40886616e+00
  3.63947046e-01  1.38906267e+00  2.11277457e+00 -9.21862373e-01
  1.85701369e-02  9.35841093e-01  2.85428064e-02  6.29186073e-01
 -1.21967305e+00 -2.67002454e+00 -7.56797351e-01 -5.78207479e-01
  4.92758967e-01 -2.62694244e-01  1.51550368e+00  3.57361264e-01
  6.72971667e-01  1.30136886e+00 -4.23212829e-02  7.18885253e-02
  4.13722029e-01  5.91631028e-01  8.72723341e-01  6.60506478e-02
 -7.21433396e-01 -1.73568487e-01 -1.04436346e+00  2.07584997e+00
  1.58450141e-01  2.43603322e-01  9.15846551e-01  1.99093361e-01
 -1.60980552e+00 -1.74176544e-01  1.16284359e+00 -8.69377033e-01
  6.95836891e-01 -1.95678332e+00  4.62046603e-01 -7.08060183e-01
 -2.90941779e-02  4.33992463e-01  3.00198296e-01  3.69711722e-01
  8.17847971e-02  5.34423033e-01 -2.40841287e+00 -1.40547557e-01
 -5.49447551e-02  9.75337307e-01  9.67526132e-01 -3.28437446e-01
  3.15998662e-01  6.64976195e-01  9.86332985e-01  3.84423809e-01
  4.98791430e-01 -1.01779951e+00  1.61920588e+00  1.92847170e+00
  1.33298202e+00  6.21209791e-01 -3.34209213e-01  6.36284744e-02
 -9.30815419e-01  1.33507531e-01 -8.33847366e-01 -1.71360656e-01
  7.55213581e-02 -1.54626760e+00 -1.11932074e-01 -5.97659111e-01
  8.25866329e-01 -7.19612400e-01 -7.40445253e-01  5.33661441e-01
 -8.83047814e-01 -1.13503093e+00 -1.40896090e+00  6.36373615e-01
  2.36304541e-01  3.03288770e-01  1.37673304e+00  5.20945411e-01
  5.25917447e-01 -1.08970640e+00  1.03416234e+00  1.05672316e-01
 -6.12010632e-01  1.79245028e+00  1.29331260e-01  4.27345512e-01
  6.51619624e-01 -9.65725130e-01  3.47028735e-01  1.59605237e+00
 -8.29818880e-01 -1.20569075e+00  1.66350423e+00 -6.67565093e-01
  1.52476693e-01 -5.95641482e-01 -6.66436395e-01 -3.07379744e-01
 -2.32882939e-01 -4.67571383e-01  3.87999304e-01 -1.38336758e-01
  1.10713982e+00  6.81703644e-01  3.81578539e-01 -2.16050933e+00
 -5.91244038e-01  1.79243516e+00  4.05510981e-01  5.80783137e-01
  1.94061628e+00  1.15127622e-01 -1.70592715e-01  2.11997555e+00
 -1.61301633e-02 -4.41333460e-01  6.60909128e-01 -1.34052993e-01
  4.69231730e-01 -1.41850082e-01 -1.15866390e+00 -5.16449937e-01
 -1.32618172e+00 -4.35965492e-01  7.18887571e-01  3.02062847e-01
 -1.27654848e+00  9.02606366e-01 -6.43362545e-01 -1.07665624e+00
 -1.92394258e+00  2.00541498e+00  1.48815061e+00 -6.78921310e-01
  8.88142400e-01  3.55330783e-01  4.87411531e-01 -1.95560474e+00
  3.59948823e+00 -7.71173516e-01 -3.31889212e-01  1.00687027e+00
  1.95280402e+00  2.57568528e-01 -6.79574520e-01 -1.20188734e+00
 -2.06049034e-01  9.91684676e-02  7.29721889e-01  1.41582110e+00
 -1.18166293e+00  6.63331796e-01  1.50180626e+00 -7.44174530e-01
  4.43307984e-01  4.70205719e-01  4.54762534e-01  6.35881425e-01
 -1.23205650e+00 -4.19182187e-01 -1.13306197e+00 -2.82729979e-01
 -3.68230803e-01  7.38447547e-01 -1.89359914e+00  4.39197325e-01
  3.32757829e-02 -1.47639284e+00 -1.00143647e+00  1.25110746e+00
  2.56090779e+00 -5.17087440e-01 -7.70307915e-01  3.58064036e-02
 -1.40325638e-01 -2.87206768e-01  7.98973741e-02  1.56938734e+00
 -1.00599296e+00  1.36922497e-02 -7.75640483e-02 -1.99714218e-01
  7.07073629e-01  5.63099482e-01 -5.56238269e-01 -8.95307675e-01
 -4.90698468e-01 -1.79181335e+00  3.34254032e-01  1.58107437e-01
 -8.73620693e-01  1.02125588e+00  1.22676632e-01  8.30452817e-01
  1.04780853e+00 -1.07452266e+00 -1.54813920e+00  9.99428385e-01
  3.48629243e-01  1.62927670e+00  7.17649294e-02  2.84760924e-01
  1.40777886e+00  1.47997568e+00  5.74826419e-01  2.18878762e-01
 -8.06276745e-01 -1.90368391e-01  1.10482108e+00  3.16675048e-01
 -3.66667663e-01  4.42396700e-01 -9.55890545e-01  1.67633253e+00
  6.58577491e-01 -2.61385151e+00  7.35631871e-01 -1.41363009e+00
  1.37179706e+00  9.62758257e-01 -2.42854959e-01 -4.65712676e-01
  1.17728257e+00  1.55783243e+00 -1.08472826e+00 -5.40425425e-02
  1.33377182e+00  1.11247891e+00 -6.88644572e-01 -7.14217777e-01
  3.76109470e-02  1.24688564e+00  7.44585924e-01  6.19909909e-01
  3.43059327e-01  2.29443085e-01  1.88993288e-01 -7.80078560e-01
  1.83120460e+00 -1.57770155e+00 -7.68502364e-01 -9.42105051e-01
  2.01187813e+00  2.95888949e-01 -5.41258844e-01  1.40223791e+00
 -1.64699886e+00 -1.06878729e+00 -2.77345673e-01  8.47399650e-02
  8.80145817e-01 -9.40744863e-01 -1.16480192e+00  2.57427088e-02
 -7.52418457e-01  6.21483945e-01 -5.83008051e-01  3.48777723e-01
  1.59661596e+00 -6.91900006e-01 -2.06800840e-01  1.66602659e+00
  5.15288707e-01 -1.85307688e-02 -1.77453969e+00  7.41811423e-01
  6.74178837e-01 -1.30351130e+00  9.42837053e-01  2.53547824e-01
 -1.15017292e+00 -1.39217351e+00  9.15021522e-01  1.71449907e+00
 -2.07745306e-01  5.48777481e-01 -3.18458769e-01  6.30371655e-01
 -4.20364411e-01 -1.04433640e+00  5.15921447e-01  1.43883952e+00
 -9.25713754e-01  3.02127162e-01  1.18773771e+00  3.51119276e-01
 -3.44710675e-01  6.52420324e-01 -3.88471782e-01 -1.39319439e+00