-7.36616111e-01 -2.89484430e-01  2.19878004e+00 -4.85699291e-01
 -9.22925935e-01 -6.59425155e-01  4.43561265e-01 -1.49852668e+00
  6.90952263e-01 -2.39977911e-01 -1.02701654e+00  4.89326684e-02
  7.87870201e-01  7.41829990e-01  4.98925535e-01 -6.18851229e-01
  4.30789020e-02  1.28307442e+00 -2.95151284e-01  2.49509736e-01
  7.85900327e-01  2.06891503e-01  4.16633425e-01 -4.61921464e-01
 -1.04054107e+00 -3.35508988e-01  2.54275632e-02 -1.52969341e+00
  1.90684794e+00  1.26876601e+00  2.62713174e+00  1.22544719e-01
  8.00885663e-01 -3.50249420e-01 -8.59812183e-01  2.26501602e-01
 -5.50896054e-01 -3.78008050e-01 -2.00051945e-01 -7.60730573e-01
 -1.59731836e-01  3.64485587e-02  7.98607323e-01  4.58936459e-01
  2.30561331e-01 -4.78677316e-02 -4.93542435e-01  5.50224154e-01
  8.67308792e-01 -2.45765564e-01 -1.56285756e-01 -1.87011255e+00
  7.00177340e-01  1.19360801e+00 -5.76927454e-01  1.55439443e+00
  1.35942228e+00 -2.39482240e+00 -3.90057539e-01  9.22935925e-01
  9.71193371e-02  1.35237504e+00  1.01718233e+00  1.20244098e-01
 -1.02806430e+00  8.77419458e-01  1.27428068e+00 -1.32122012e-01
  4.86054278e-01  1.50651509e-01  1.74921057e+00 -8.76780254e-01
  4.62189741e-01 -8.67926564e-01 -3.62995767e-01  6.97588941e-01
 -4.75298839e-01 -1.09177015e+00  1.39655140e+00 -3.16994319e-01
 -6.38004495e-01 -1.36886739e-01 -2.23258775e-01  3.81041202e-01
  2.61855365e+00 -1.40670233e+00 -1.16719415e-01 -1.24687864e+00
  2.34883204e+00  1.28339047e-01  2.57271520e-01 -9.67185197e-02
  9.27321629e-04  3.35248556e-01  2.04520572e+00  1.34690544e+00
 -4.10026329e-01 -9.19787452e-02 -1.38857109e+00  7.85813196e-01
  1.68392625e+00 -4.35255529e-01 -8.37623140e-01 -5.12419600e-01
 -1.31019781e+00 -1.43151289e+00 -1.55418991e+00  7.56930692e-01
  5.17714805e-01 -7.36049309e-01 -1.58907891e+00 -3.68491121e-01
 -1.56121832e+00 -5.83905941e-02 -9.23556384e-01 -1.21685569e-01
  8.21117029e-01 -6.13117973e-01  4.61577035e-01 -3.59771056e-01
 -6.12728862e-01  4.49413512e-01 -1.14566736e+00 -1.07382674e+00
 -2.60231491e-01 -2.50165642e-02 -4.92760395e-01 -3.40855755e-01
  8.19217339e-01 -4.53312939e-01  5.47571344e-01 -9.32912305e-01
 -4.51344466e-02 -2.86675291e-01 -5.23812865e-01 -1.67714084e+00
  1.03380095e+00 -1.66393122e+00 -7.10457609e-03  8.05776209e-01
 -1.99607923e+00 -2.52570136e-01 -2.53622142e-02  6.50912119e-01
  1.09321372e+00  5.59836335e-01  9.52562260e-01  6.25763233e-01
  8.22441809e-02  1.28107839e+00  7.39398149e-01 -5.36774841e-02
 -5.67105739e-01  4.25406127e-01 -2.22898907e-01  1.29059993e-01
  1.75168693e+00 -1.26614972e+00 -2.16346193e+00  8.70999835e-01
 -1.21130062e+00 -7.40250409e-01  4.68899934e-01 -2.88019691e-01
  4.14544275e-01  9.17189083e-02 -4.16910870e-01  1.97193747e+00
 -6.95161131e-03  2.26239266e-01  1.12705247e+00 -2.45740479e+00
  8.21994355e-01  2.65859330e-01 -7.20928386e-01 -1.30752075e-02
 -3.68171850e-01 -4.47951156e-01  1.74174231e+00 -1.17431563e-01
 -2.47523410e-01  1.48412991e+00  1.60042067e+00  1.46175953e+00
  6.06886688e-01 -1.08372715e+00  6.11069573e-01 -7.92350536e-01
 -2.70109987e+00  3.05079360e-02 -4.76438294e-01 -1.74254139e+00
 -6.20194142e-01 -8.08374880e-01 -8.47031813e-01 -6.23212755e-01
 -2.92863945e-01  1.28759774e+00 -8.05452761e-01  3.51454096e-01
  5.16444227e-01 -2.08321590e-02  3.36938379e-01  1.00421882e+00
  2.13669882e-01 -2.49617562e+00 -1.19921112e+00 -1.08732099e-01
 -5.27491178e-01 -1.60118677e+00  1.08331790e+00 -4.61181798e-01
  1.59235868e+00 -7.17137887e-01 -3.64673251e-01 -1.89019805e+00
 -8.37435808e-01 -3.90973032e-01  3.99147085e-01 -4.92956997e-01
 -5.97888168e-01 -2.40352137e-02  6.85889875e-01 -7.13429215e-01
  1.12617773e+00  1.78394866e+00 -8.84163718e-01  5.41149067e-02
 -9.57513615e-01  4.29939567e-01  3.23298743e-01  2.79273616e-02
 -5.53854674e-01 -6.71225113e-01 -5.98556818e-01  9.90583139e-02
 -1.97232305e-02  1.88130604e-01  1.59912701e+00  7.95265385e-01
 -5.29733597e-01 -3.47966675e-01  1.08949583e-01  7.89977315e-01
  1.36112315e+00  4.61539100e-01 -8.78952718e-02  9.79539094e-01
  1.41056947e-01  1.15365429e+00 -1.90572431e+00 -3.99570376e-01
 -1.56381447e+00  1.34256140e-01  2.85564522e-01  3.33001613e-01
 -2.11038008e+00  1.12077956e-01 -3.62606497e-01  6.23690384e-02
  5.01664746e-02 -1.15494940e-01  8.89378122e-01 -4.10591091e-01
 -1.79428065e+00  3.03200221e-01  8.72830919e-01  1.50467704e+00
  3.00143320e-01 -1.61615362e+00 -7.00013562e-02 -1.64644815e-01
  1.15339634e+00 -1.24175983e+00 -1.37980382e+00  1.01873156e+00
  2.72619739e-01  1.09411624e+00  5.69777220e-01  7.07980664e-01
 -4.65834040e-01 -1.54819941e+00  8.54323925e-02  1.52438396e+00
 -6.89240520e-01  2.17500941e+00 -2.90761057e-03  6.85517795e-01
  1.15278479e+00  5.48683063e-01  5.72131267e-01  8.92545877e-01
  8.94203775e-01  1.44691221e-01  8.14919758e-02  4.94737030e-01
  3.32459009e-02  2.57923686e-01  2.33617881e-01 -1.98849962e-01
  1.40502509e+00 -5.04771260e-01 -5.86782519e-01 -1.84460857e+00
  1.71286500e-02 -1.69116283e-01  6.99047559e-01 -1.33541399e+00
 -1.07295601e-01 -7.61984284e-01 -1.86044231e+00 -4.96024219e-02
 -6.81439305e-02 -1.36552775e-01  8.89864785e-01 -2.24646181e+00
 -2.32929378e-02  1.28581463e+00 -3.70053602e-01 -1.35464624e+00
  1.36029610e+00  7.72522069e-01 -2.92251446e-01 -9.52028261e-01
  1.27657160e-01 -5.97437370e-01 -1.66751629e+00 -1.62136811e+00
  1.82315977e+00  1.02536798e-01  1.29194127e+00  7.00369311e-01
 -1.57459180e+00 -1.88273857e-01  1.69146917e+00 -1.53465761e+00
 -1.04323014e+00 -2.77585646e-01  1.98203902e-01  8.51940454e-02
 -1.22724162e-01 -3.32179414e-01  8.60398452e-01 -1.16906353e+00
  3.38658499e-01  3.89457544e-01  9.10049591e-01  2.01597019e-01
 -1.74302387e-01  5.15907419e-01 -3.17535323e-01  8.75144060e-01
 -7.61289514e-02  1.16721318e-01 -3.63122269e-02  1.15624065e+00
 -4.67332966e-01  8.85560247e-01  1.16688547e+00  1.10777892e+00
 -2.05039020e+00  1.29565072e+00 -9.96126635e-01  1.40732148e+00
  1.93201597e-01 -4.70880491e-01  6.45589206e-01 -8.36758197e-01
 -4.55549435e-01 -1.62867954e+00  6.74716500e-01  1.47081587e+00
  5.13119427e-01  6.37216049e-01  6.10564634e-01 -7.27034098e-01
 -6.32225068e-01 -1.50490942e+00 -1.55613942e+00  1.38629308e-01
 -8.54186682e-04  9.86392201e-01  1.04518780e+00  1.10174558e+00
  1.51684155e-01  1.53135604e+00  2.77639740e-01 -1.05189674e+00
  7.13392333e-02  1.07950547e+00  1.63658509e-01  6.33766569e-01
 -6.11678082e-01 -1.07206143e-01 -2.16355990e-01 -6.35709350e-01
 -9.03234394e-01  6.73118577e-01  2.64216884e-01  4.23198684e-02
  1.14243023e-01  1.17612529e+00 -1.25884526e+00  1.16796897e+00
 -8.39551846e-01 -8.25533087e-01  8.71909892e-01  1.06764633e-01
 -4.84332382e-01  1.01098796e+00  1.51330183e-01  8.30905708e-01
 -8.68784787e-01 -1.10816530e-01 -1.83384703e-01 -5.69160694e-01
 -7.96882536e-01  5.65068693e-01  1.33151558e+00 -6.94103852e-01
  8.33382851e-02  1.55045778e+00 -8.22110906e-01 -2.63970488e-01
  1.43230888e-01 -1.15672774e+00  8.68483947e-01  4.16399261e-01
  1.22578112e+00 -5.63990968e-01  2.72648966e-01 -6.70922471e-01
 -8.71524295e-01 -2.05920149e-01  3.52928026e-01 -1.07375402e+00
  8.11074143e-01  2.15923535e-01 -8.61842641e-01 -5.66571547e-01
  2.81733782e-01  9.74055006e-01  5.26537082e-01 -8.50901621e-01
  3.47256120e-01  8.13634468e-01 -9.12064860e-02  2.00904926e+00
 -1.07343977e+00  5.49770971e-02 -3.55680265e-01  7.81385912e-01
  7.97853338e-01 -2.19290171e-01 -4.65305759e-01 -3.36323021e-02
 -1.76169867e+00 -1.08995600e+00 -8.31178497e-01  5.88253491e-01
 -1.20643602e-01  2.95518152e-01  1.57801949e+00 -1.06320744e+00
  3.09817939e-01  2.68193464e-01 -4.34979750e-01  6.42721926e-01
 -4.66028830e-01 -8.40309630e-01  1.19474593e-01 -2.96142210e-02
 -4.97501148e-01  7.78393452e-01  5.82920792e-01  8.08373553e-01
 -2.60377248e-02  2.73902995e-01  8.44470009e-01 -2.73244561e-01
 -2.52624978e-01  6.65415655e-01 -5.97228125e-01  3.56636703e-01
 -3.60977252e-01  8.29152500e-01  1.43152719e+00  1.31647232e+00
 -3.34788652e-01 -3.50542349e-02 -2.35163607e-01 -7.32928458e-01
  9.33090840e-01 -7.95323568e-01 -3.22137874e-01 -7.36814438e-01
  6.42397118e-01 -3.21890625e-01  2.42112277e-01  5.01800324e-01
  9.55469568e-01  1.09958368e+00 -2.49928876e-01 -2.66974538e-01
  3.59933424e-01 -8.78946716e-01  1.92460586e+00 -2.44587976e-02
  2.03014797e-01  1.86701681e+00  7.15181252e-01 -8.04250298e-02
  7.29102514e-03 -3.16385036e-01  7.89342000e-01  1.38058338e+00
 -7.65141981e-01 -1.65990909e+00 -9.31815281e-01  2.74601944e-01
 -7.24069112e-01  1.29673889e+00  3.25133691e-01 -1.53349168e+00
  9.31281976e-01  1.86237146e-01 -2.72846092e-01 -5.19332987e-01
 -1.04128399e-01 -4.45278434e-01  1.22713583e+00 -6.11257420e-01
 -6.93069413e-01  8.88625877e-01  4.89135034e-01  2.31363658e-01
 -7.65250841e-01 -7.72592097e-01  7.54752789e-01 -1.32960071e+00
  1.21404392e-01  5.88059211e-01 -5.59210261e-01  1.46011006e+00
  9.36615521e-01 -2.37530653e+00 -1.75336268e-02  1.29694319e+00
 -1.62059136e-01 -3.79722150e-01 -1.86432795e+00  1.23917605e+00
  1.16201475e-01 -4.30338485e-01  8.35914085e-01 -4.52096190e-01
 -9.72631215e-01 -1.46169126e+00 -8.45845396e-01  8.80569927e-01
  9.55102496e-01  6.94787928e-01  5.24982753e-01  5.85051092e-01
  1.56751504e+00 -1.65981494e-01 -5.65892844e-01 -9.34752875e-01
  6.69069143e-01 -9.83529954e-01 -9.01278743e-01  8.74990058e-01
  2.24485978e-01  8.65558492e-02 -1.46878362e+00  3.68235830e-01
 -7.79280867e-01  2.96889808e-01  1.13095127e+00 -1.12862164e+00
 -2.55159013e+00  1.08541711e+00 -7.70069531e-01 -6.92718834e-01
  4.18846308e-02  2.21771221e-01  4.51988048e-01  5.37717306e-01
 -5.43975736e-01 -1.08815278e+00 -5.49906571e-01 -3.37918716e-01
  4.01811379e-01  2.84466617e-01  1.17869255e-01  2.82901100e-03
  1.45074599e+00 -2.86095798e-02 -8.38623744e-01  3.44179787e-01
 -4.60943794e-01 -1.84879682e-01 -1.47060158e+00 -1.63569667e-01
 -6.73172001e-01  9.18234892e-03  7.62068155e-02  7.46043302e-01
  3.00177079e-01 -3.75541044e-02  8.23403774e-01 -1.11540490e-01
  1.48143752e+00 -1.46817944e-01  1.59435878e-01  2.13741005e-03
  1.07163377e+00 -1.21874976e+00 -1.08755536e+00 -5.40866974e-02
 -2.34099407e-01 -8.61192883e-01  2.37924868e+00 -2.05624447e+00
 -1.95625621e-01  1.62114492e-01 -2.06409178e-01  1.65707545e+00
 -4.28796960e-01  5.34889068e-01  1.00835337e+00 -1.66129804e-01
  6.00544375e-01  3.61736503e-01  5.30443997e-01  7.21035751e-01
 -7.03004814e-02 -1.45902536e-02 -9.96567094e-01  3.94038876e-01
 -3.54879457e-01 -6.05353189e-02  9.40299957e-01  1.22230658e+00
 -1.26701464e+00 -1.47112629e+00 -1.15534159e+00  3.50318916e-01
  4.37882899e-01  1.66532373e-01  4.99673865e-01  5.06646281e-01
 -9.30922366e-02  5.61020413e-01 -8.50060964e-01  2.46624546e-01
  6.34439705e-02  9.49722809e-01 -1.22583568e-01  1.06945729e+00
  1.27413591e+00  1.10916661e+00  1.92548171e+00 -4.31380372e-01
 -1.41152923e+00  1.94574230e+00 -9.41003888e-01  1.06517771e-01
 -1.24486721e+00  1.90546263e-01  1.19430443e+00  1.64314136e+00
 -5.62679186e-02  4.60093456e-01  2.29634281e+00 -5.48043598e-01
  7.96186907e-01 -1.11463052e+00  1.21908445e+00  7.97625560e-02
  1.34595575e+00 -5.82433681e-01  3.84334067e-01  1.65824748e+00
 -7.16770185e-01  1.14512342e+00 -3.23027566e-01  2.47807970e-01
  6.46678411e-01 -1.23590529e+00  7.24358065e-02  1.57063011e+00
  1.34137191e+00  9.31852556e-01  1.58645744e+00 -1.48496402e-01
 -3.50587462e+00 -4.57112551e-01  2.96505935e-01  8.23440050e-01
  3.64114183e-01  1.65703955e-01  1.34717304e+00  6.38153765e-01
  1.48221044e+00 -7.61799327e-01 -3.60068783e-01  2.61472946e-01
  2.97741532e-01  5.17308747e-01 -1.28593191e+00  7.50379834e-01
 -1.79843287e-01  4.73736523e-01 -2.70423115e+00  1.91583232e-01
  9.14049036e-02 -7.24432078e-01  1.35760579e+00  3.32830352e-01
 -3.35546708e-01 -8.85204732e-02 -8.28733731e-01  1.06715403e+00
  7.43611846e-01 -8.66567412e-01  2.46961206e-02 -3.93911444e-01
 -3.49879176e-01  8.85551487e-01 -6.97505809e-01  2.98568861e-01
  4.03089774e-01  5.06816219e-01  3.81069328e-01  8.46821456e-01
 -6.24202892e-01  2.68982064e-01 -4.29214914e-01 -8.64933917e-01
 -1.00230877e+00 -1.57238205e+00 -7.67537866e-01 -8.30785657e-01
 -1.83390656e-01  1.12930127e+00  3.43436571e-01  1.58380477e+00
 -4.06213839e-01 -4.57409951e-01  1.31987020e+00  1.64732341e+00
 -1.38978862e+00  2.15673514e-01 -8.15160842e-01  5.28475331e-01
 -6.13592752e-01  1.50665871e+00  1.34676983e+00 -1.12698517e+00
  2.21042368e-01  1.61927629e+00  1.20218709e+00  1.22157300e+00
 -1.17921418e-01 -2.73350285e-02 -7.65657113e-01 -3.65529083e-01
  8.55336600e-01 -3.76099932e-01 -4.95389134e-02  2.02329135e-01
  1.55638179e+00 -7.27890496e-01 -2.59564034e-01 -1.95158749e+00
 -8.92130082e-01  2.67406742e+00 -5.20066045e-01  5.47945713e-01
 -6.95418581e-01  7.34026479e-02 -1.57625052e-01 -1.46269582e+00
  1.19564954e+00  8.11817175e-01 -9.38478355e-01 -8.51658582e-01
  9.62846374e-01 -3.29388751e-01  4.13314258e-01 -9.57090162e-01
 -1.72883803e+00 -8.64680062e-02 -4.05812868e-01  6.70587480e-01
 -1.31186152e+00  9.18927096e-02 -6.56295048e-01  1.96289892e+00
  1.72216891e+00  1.42997524e+00 -1.22287829e+00 -4.91540447e-01
 -1.04811051e+00 -3.46329345e-01  1.04129343e+00 -1.37370929e+00
 -1.39025799e+00 -2.21288813e-01  9.06191072e-01  9.73168252e-01
 -1.90362098e+00 -2.70825518e-01 -3.88727195e-01  7.11302452e-01
 -6.86899577e-02  1.67340222e+00 -1.17188123e+00 -5.56202792e-01
 -4.47115543e-01  1.62091330e+00 -5.74318692e-02  5.32925420e-01
  9.52851511e-01 -9.97233883e-01 -3.38693353e-01  4.71786368e-01
  2.46133911e-01 -7.84098725e-01 -7.44725880e-01  3.66829791e-01
  4.21442490e-01  9.49520196e-01 -4.23144384e-01 -1.99749478e-01
  5.12490305e-01  5.91810654e-01 -1.58726441e+00 -4.39519544e-01
 -4.99023561e-01  9.95026662e-01  7.67250253e-01 -1.06305313e+00
  7.52050449e-01 -1.62020820e-01  3.09056490e-01 -3.52014229e-02
 -7.58303912e-01  1.04988619e+00 -1.22981295e+00 -1.32345506e-01
  1.02208578e+00  1.85779180e-01  2.03967857e-01  3.07566009e-01
 -2.32491482e-01  2.20287281e+00 -1.37746421e+00 -1.00467125e+00
  1.76314585e+00  4.12158525e-01  4.37706492e-01 -1.24615322e+00
  1.23855317e-01  5.67306928e-01  1.21737689e+00  8.06413422e-01
 -2.38753322e-02  6.79584544e-01 -1.17403186e+00  1.04323985e+00
  5.99320019e-01  1.05309280e+00  2.35120585e+00 -5.19233228e-01
 -4.19006277e-02  2.74760367e-01  8.56234218e-01 -4.91791340e-01
  7.14596547e-01 -9.54195813e-01 -6.36285536e-01  8.37861320e-01
 -3.52642523e-01 -2.56969006e-01 -7.02228798e-01 -4.95272418e-01
  2.41088704e-01  1.42827150e+00  5.80803855e-01  8.63045873e-01
 -9.33130891e-01 -8.11503785e-01  4.86679904e-01  1.53986190e-02
 -2.13566016e+00  2.54369405e+00 -3.29263322e-01  6.06113008e-01
 -1.05321625e+00  1.16679253e+00  7.78502360e-01 -1.43059368e+00
 -6.61730191e-01 -5.38704208e-01  8.56565756e-01 -4.60036117e-01
  2.31295827e-01  5.92762983e-01  1.30848786e+00  3.98488297e-01
  1.63355824e-01  1.21492830e+00  5.36873906e-01  1.37400998e+00
  1.10890827e+00 -5.55091559e-02  2.80583681e-01 -7.09336399e-01
  2.08188768e-01 -9.55982661e-01 -9.47762999e-01 -2.37283694e-01
  1.20961478e+00 -6.16321515e-01 -9.84235258e-02  4.97444668e-01
  1.14753379e-01  4.53405311e-01 -5.72202450e-02 -1.02390450e+00
  4.43088734e-01  8.66058242e-02 -1.89057288e-01  4.15747852e-01
 -1.18144301e+00 -3.95673131e-01 -4.49171394e-01 -2.59496689e-01
 -3.17019666e-01 -2.12954722e+00  2.55821551e+00 -5.13670151e-02
 -8.24051363e-01 -4.29093747e-01  5.58275280e-01  3.03668651e-01
  6.62734757e-01 -4.22065738e-01 -1.79572354e-01 -1.12829974e+00
  5.27145934e-01  1.96150280e+00 -7.38155870e-01  4.83439203e-01
  2.59599830e+00  3.89230394e-01 -1.78781392e+00  1.93537680e+00
 -7.34341739e-01  1.07921622e+00  5.92287125e-01  5.57539880e-03
 -2.60101651e-01 -1.42823417e-01  2.17446296e-01 -1.68140573e+00
 -3.83482409e-01 -3.72012276e-02  8.49200999e-01  6.09565197e-03
 -2.54217472e+00 -1.70509621e-01 -1.04600106e+00  1.71667968e+00
  9.04512006e-01  4.69828812e-01  3.45317505e-01  3.09722635e-01
 -6.02334555e-02 -2.73839804e-01 -4.43089597e-01 -4.31116389e-02
 -4.72626135e-01  1.19467404e+00  1.94252719e-01 -4.62232470e-01
 -8.93530503e-01  1.11430577e+00 -2.04192071e-01  4.59112738e-01
  1.10017372e+00 -3.72398292e-01 -1.40932142e+00 -1.73214823e+00
 -8.22076961e-01  8.86331364e-01  3.67436754e-01  6.64542771e-01