-1.59022280e+00 -1.03745168e+00  6.66243065e-01 -4.27233916e-01
 -4.19515555e-01 -6.07316940e-01  9.45283509e-01  7.26705477e-01
 -7.08852613e-01  5.97309182e-01 -2.94424107e-01  4.83421978e-01
  2.51696379e-01  9.06009472e-01 -6.18806523e-02 -1.30252728e+00
 -1.08664231e+00  5.16096006e-01 -2.57039686e+00  5.60786506e-01
 -6.04872181e-01  1.02979429e+00  3.01177961e-01  1.56161495e+00
 -1.96518399e+00  1.50987040e+00  2.71616121e+00  3.17589427e-01
 -1.61523826e+00  4.19787990e-01  2.91935957e-01  6.10449156e-01
  2.77682136e+00  1.01317738e+00 -5.36111950e-01 -3.41431535e-01
 -9.96931669e-01 -1.00962198e+00 -1.04661254e+00  1.46878462e-01
 -1.92872414e+00 -6.02884008e-01  5.08246124e-01 -1.20349391e-01
 -2.85570295e-01 -4.62382321e-01 -4.73948172e-03 -1.49701251e-01
  8.55281712e-01 -7.97335224e-01 -6.21903510e-01 -2.77032488e+00
  8.27606742e-01  7.96827320e-01  1.03838692e+00  8.67645708e-01
 -3.20049876e-01 -5.14764714e-01  1.89860829e-01  3.78488942e-01
 -1.71801837e-01  1.75814531e-04 -1.40003585e-01  1.47061579e+00
 -4.25510478e-02 -2.91174292e-01  9.64189581e-01  2.03013105e+00
  5.97570071e-01  3.10349657e-02 -1.94518296e+00  1.83452061e+00
  7.97817519e-01 -8.54738505e-01  1.66822832e+00 -6.44757004e-01
 -7.87618209e-01  1.57483600e+00  7.31274913e-01  1.49252281e+00
 -1.77058513e-01 -2.28151385e-01 -5.34552187e-01  1.04515897e+00
  7.35755428e-01 -4.53538139e-02  5.61974864e-01 -3.11959108e-01
 -2.17679770e+00 -1.54871040e+00 -8.21467246e-01 -1.51296464e+00
  1.88124542e+00  1.05204476e+00 -4.38110268e-01  5.16980767e-01
 -2.29045520e-01  3.62897610e-01  9.33923604e-01 -1.03766055e-01
  5.23756386e-01 -1.36910397e+00  1.15628270e+00 -1.64456240e-01
 -1.12086069e+00  6.64222718e-01  7.13106599e-01 -5.45804138e-01
  1.09357983e+00  7.14824340e-01 -7.39303675e-01  8.27731551e-01
  6.63997430e-01  1.01493002e+00  2.51386561e-01 -2.23901882e+00
  1.77897707e-02  3.34295060e-01 -9.92896387e-01 -1.19025649e+00
  2.02015299e-01  2.43943124e+00  4.65125267e-01 -7.35861572e-01
  1.96866453e+00  1.30110314e-01  2.02808276e-01  1.29935671e+00
 -7.88500004e-01 -1.05328632e+00  7.47611474e-01  1.65560058e+00
  5.74677879e-01  1.25867845e-02 -2.17910763e+00 -7.14812653e-01
  2.99552492e-01  4.57984694e-01 -1.01441125e+00  1.21481776e+00
  1.83133984e-02 -2.41504610e-01  2.45055028e-01 -1.51364692e-01
 -6.78520905e-01 -1.24926130e+00 -1.76434499e+00  1.16426369e+00
  5.68389864e-01 -7.53693043e-01  1.17923394e+00 -1.37761442e-01
  7.24843236e-01 -2.75436879e+00 -6.21259757e-02 -9.89825353e-01
 -2.69265884e-01  2.46957790e-01 -1.37400171e+00 -1.55756534e+00
  1.36316977e-01 -9.56373726e-01 -4.76830293e-01  6.30486855e-01
  7.66226452e-01 -7.41636623e-01  6.46096656e-01  1.48073678e+00
  1.35597788e-01  1.23023075e+00 -2.15018854e+00 -1.71243558e-01
  1.12510061e-01  2.26693712e+00  7.75566355e-01  8.30577691e-01
 -5.52502577e-01 -8.87563155e-02  1.41677435e+00 -2.00601666e+00
 -9.75543876e-01 -4.38489201e-01 -1.01908969e+00  1.45816384e+00
  4.94715703e-01  7.28415856e-01 -8.18665192e-01 -1.54411273e-01
 -5.52644440e-01 -1.34381326e+00  1.95100416e-01 -3.40653941e-01
 -2.67449525e+00 -5.47378216e-01  4.03296303e-01 -7.75040985e-01
  7.09905671e-01 -3.17547631e-01  1.38329671e-01 -1.54592286e+00
 -6.31444969e-01  1.59180099e-01  1.42759643e+00 -9.65402416e-01
 -1.18646034e+00  1.92178392e+00 -1.61526267e+00  6.53474139e-01
  7.85053863e-01  1.81229287e+00  2.62972635e-01  1.73793813e+00
  1.03470612e+00  1.14223203e+00 -8.54074032e-01  1.20800771e+00
  5.46481069e-01  1.26457444e+00 -4.25843281e-01 -9.80472092e-01
 -3.69595927e-01  1.06755498e+00  1.57060380e+00  1.03536587e-01
  1.08613814e-01  2.22335361e-01  8.13063016e-01 -1.35994491e-01
  1.33348346e+00 -1.33449767e+00 -1.51041396e+00  2.10919945e-01
 -1.61725965e-01  6.67151239e-01 -8.50860346e-01  2.01166111e-01
 -4.85965024e-01 -2.52977103e+00 -7.42243618e-01  1.40777304e+00
 -2.45995675e-01  2.76275762e-01  7.80086363e-01  1.78564050e+00
  2.56498021e+00  2.72184985e-01 -1.88803970e+00 -1.70150931e-01
 -4.17754542e-01  2.36273985e-01 -9.90028945e-01 -5.08425374e-01
 -2.61381523e+00 -1.48600200e+00  7.88039086e-02 -2.32411640e+00
 -3.11087007e-01 -1.18670549e+00 -6.40698256e-01  1.74049514e+00
 -1.26323840e+00 -1.32722757e-01  1.15013910e+00 -9.60470780e-01
  1.18397491e+00  1.11636934e+00  4.66960633e-01 -3.62899192e-01
  4.96205512e-01 -1.67192035e+00 -3.61117249e-01 -4.66798430e-01
 -1.92468384e-01 -2.35689327e+00  1.49230498e+00  9.70798429e-03
  8.10009916e-01  9.93046655e-01  9.97639588e-01 -1.92682966e+00
 -9.10046568e-01  1.35661095e+00  1.56797468e-01  1.84420072e+00
 -7.95903920e-01  1.86956258e+00  3.73154008e-01  5.69307263e-01
  1.55021447e+00 -1.15969311e+00 -6.48491744e-01  2.45225634e-01
 -1.59938650e-01  5.21078775e-01  1.14441756e+00 -1.07404400e+00
 -3.53801585e-01  5.84642453e-01  4.02610700e-01  1.23542812e+00
  4.95856792e-01  7.77128311e-01 -4.81509497e-02 -1.32196224e+00
 -2.76045700e-01  8.43830618e-01  2.14271987e-01 -1.96128410e-01
 -1.87989622e-01 -2.33421023e-01  8.39126143e-02 -2.28094281e-01
  6.88128922e-01 -1.68770743e+00  5.22915564e-01  1.50452598e+00
 -3.00793991e-01 -1.60813553e-01 -8.09478184e-01  4.69470973e-01
 -9.89687975e-01 -4.97303149e-01 -2.34467094e-01 -1.11035153e-02
  1.21469950e+00 -2.33069902e+00  2.42715650e-01 -1.41567771e+00
 -1.03935977e-01  5.33930449e-01 -7.71688748e-01 -7.67373048e-01
 -4.55792831e-01 -9.23363025e-01 -1.22847638e+00  2.80998368e-01
 -1.97196624e-01 -2.98018367e-02  8.40669955e-01  3.69158586e-01
 -1.19707127e+00 -9.09722485e-01  2.91906952e-01  8.52759350e-01
  2.16686418e-01 -5.88080307e-01  1.89745289e+00 -5.35483000e-01
  6.58820733e-02  5.11844551e-01  1.77012679e+00  3.05487468e-01
  6.00410483e-01 -2.16754039e-01 -3.07465540e-01 -4.46152916e-01
  2.60684300e+00 -4.34338911e-02  3.44966969e-01  6.59316893e-01
 -4.25298054e-01 -4.84706922e-01 -8.11205617e-01 -2.97887720e-01
 -4.50349314e-01  1.28105356e+00  8.75029094e-01 -1.73759511e-01
 -1.05406384e-01  1.55461032e-01  1.06806331e+00 -4.94073952e-01
 -4.59847171e-01 -1.56906890e+00 -6.30241157e-02  7.85037836e-01
 -1.53929081e+00 -3.33415525e-01  1.98568563e-01 -7.51612803e-01
 -1.08605452e+00  2.04704847e-01 -1.19177704e+00 -1.42198127e+00
  5.29525261e-02  8.18460342e-01 -8.54616492e-01  2.45206595e-01
 -1.75612638e+00  1.04632261e+00 -4.25511099e-01  1.58643792e+00
 -4.08813467e-02 -5.94564269e-01  2.42415479e+00  1.85140254e-01
  6.67400187e-01  7.58078661e-01  9.39059975e-01  1.95122875e+00
  2.88971699e-01 -8.23878158e-01 -4.83716286e-01 -4.38143437e-01
  1.80834927e+00  9.99446694e-01 -5.84422676e-01 -6.17414077e-01
  6.33964337e-01  2.30618843e+00 -2.64315988e-01 -2.11935574e+00
 -1.56403155e+00 -7.42492457e-01 -1.92713692e+00 -2.99162416e-01
 -8.06109643e-01  9.01950712e-01 -3.22752474e-02  3.34384480e-01
 -3.89938060e-01 -5.43891234e-01 -1.99863246e-01  2.39029528e+00
  8.96656970e-01 -6.36744399e-01  2.91417398e-01 -6.21070672e-01
  2.86413959e-01 -1.11788837e+00 -1.60160836e+00 -4.14937961e-01
 -1.20931403e+00  8.83602148e-01 -7.86003328e-01 -3.53579724e-01
  3.26805795e-01 -1.26446030e+00  7.24309192e-01 -1.37763006e+00
  2.47957494e-01  1.83747315e+00 -5.42733845e-01  1.41063591e-02
 -3.66654325e-01  1.13021094e+00  1.51071793e+00 -1.89970017e-01
  4.23817747e-01 -5.41247314e-01 -2.12715649e+00 -3.08958086e-02
  2.94989794e-01 -1.20923561e+00  4.37060809e-01 -4.80977175e-03
 -7.42071519e-01  2.82510802e+00 -7.05784231e-01 -1.70320880e-01
  2.52445038e-02 -6.44312443e-01  5.09496626e-01  7.96401461e-01
  1.63781798e+00  1.24656090e+00 -5.64042458e-01  5.89566775e-02
  2.39949903e-01 -1.52783296e+00 -5.50517135e-01  8.75331623e-01
  1.00276479e+00  8.17992670e-01  1.28280546e-01  2.17251558e-01
 -5.83323966e-01 -1.38984272e+00  9.35403650e-01  1.07153647e+00
 -7.88923993e-01  7.00801496e-01 -1.94883755e+00 -6.25040227e-01
  1.48344494e+00 -9.19712743e-01 -1.24255628e+00 -1.18664316e+00
  1.83697314e+00 -1.18959370e+00  1.26585621e+00 -1.09260670e+00
 -1.65329160e+00  1.15676908e-01 -2.71263368e-01 -6.59464315e-01
  1.34175622e+00  2.44630395e-02  2.10001506e+00 -1.68880640e+00
 -8.84338035e-01 -9.14474387e-01 -5.80477936e-01 -8.23660108e-01
 -1.40876444e-01 -5.70693233e-02 -1.86322584e+00 -7.37534243e-01
 -1.00177588e-01  3.53483564e-01  2.32560317e+00 -1.29284011e+00
  2.57796828e-01  6.51304142e-03  5.39937500e-01  7.35240984e-01
  3.60283455e-01 -1.33195016e+00  1.07017222e+00 -1.31590448e+00
  7.51671378e-01 -6.54746422e-02 -1.34171872e+00 -2.91362955e-01
  1.18289429e+00 -1.02580719e+00 -6.30527299e-02  5.53424561e-01
 -2.89662712e-01 -6.52541079e-01  8.49473250e-01 -8.21609217e-02
 -4.20437581e-01  1.92466638e+00 -7.50282791e-01  3.90747867e-01
 -4.11634289e-01 -2.87019018e+00 -6.09759933e-01 -8.44183358e-01
 -7.92423688e-01  9.04406085e-01 -1.80345862e+00  1.19969504e+00
 -1.37920582e-01  7.10733435e-01 -1.49149591e+00 -2.25448988e+00
  1.26759381e+00  6.24690675e-01  4.73745434e-01 -1.69133794e-01
  4.30643701e-01  2.70848548e-01  1.69382746e+00 -9.98146649e-01
 -5.42752430e-01 -6.47768538e-01 -1.92872662e+00  2.83577488e-01
  1.90551901e+00  1.34520117e+00 -1.08252528e+00 -1.45911638e+00
 -1.61996936e+00  4.00018837e-01  1.06229270e+00  4.36996816e-01
 -1.41819422e-01 -3.36791084e-01  1.69625115e+00  4.76752389e-01
  7.20920009e-01  4.98551002e-01 -1.19371291e+00  7.53310982e-01
  4.88483591e-01  2.19598617e-01 -1.22340365e+00  1.46789673e+00
 -2.72436115e-01 -1.01769108e+00 -1.92289640e+00 -7.76065591e-01
 -1.77038946e+00 -1.37326204e-01 -7.16733409e-01 -2.55915124e-02
 -8.55484063e-01  8.67784273e-01 -2.51704114e-02  7.83626395e-01
 -1.04230840e+00  2.53700574e+00  3.83204409e-01 -1.12771094e+00
  2.41034032e-01  6.36561491e-01  5.47321026e-01  7.57647654e-01
 -5.84585229e-01 -1.11194827e+00  1.33819529e+00  5.21364596e-01
 -6.76265006e-02  5.23874629e-02  2.75495511e-01 -2.16118488e-01
 -8.36329357e-01  3.31405493e-01 -2.08568827e+00  8.53197963e-01
  5.81063201e-01 -5.03218708e-01 -8.88435117e-01  7.82321521e-02
  4.21226556e-01 -1.08923828e+00 -1.09200844e+00  1.55666947e+00
  1.06726314e+00 -2.41998149e+00  1.44755556e+00  9.44839355e-01
  9.25793764e-02  1.35169106e+00 -1.70477419e+00 -1.55120095e+00
 -1.60395561e+00  7.73521113e-01 -5.04397567e-01  5.36705443e-01
 -8.53901541e-02  7.32406278e-01 -2.21816716e-01  1.59965238e+00
  2.13000241e+00  2.36636384e+00 -5.44649344e-01 -1.84821579e+00
 -2.55095459e+00  7.17643451e-01  7.36556611e-01  5.58953668e-01
  1.39972637e-01  9.85807019e-01  1.08415583e-01 -1.75963607e-01
  4.77742953e-02  1.04774074e+00 -2.20017038e+00 -6.10217362e-03
  1.77396530e+00  9.44595870e-01 -5.48473572e-01 -6.41279377e-02
 -1.05068799e+00 -5.21237623e-01  6.13573863e-02  1.98786256e+00
  1.00676090e-01  1.52596213e+00 -1.29282827e+00  1.33602419e+00
 -4.19336959e-01 -1.15220015e+00 -1.69205267e+00  9.19518019e-01
 -6.75602342e-01 -9.59901096e-01 -8.55801693e-01  3.50000072e-01
 -1.77952468e-02 -5.29056839e-01  7.25298566e-01 -1.24953578e-01
  1.09991051e+00  5.64899248e-01 -1.42379623e+00 -1.11026881e-01
 -1.03397833e+00 -1.09440931e+00 -1.68752651e+00  2.19304691e-01
  3.85996899e-01 -1.01870757e-01  9.24513531e-02 -2.76057762e+00
 -2.05917727e+00  2.28960650e-01  7.75120043e-02 -7.84324662e-01
  7.47972934e-02 -9.84782721e-01 -2.18021916e+00 -8.85516241e-01
 -2.07448093e+00 -1.41921596e-01  3.61336674e-01 -7.29688833e-02
 -1.64137029e+00  1.79652072e-01  2.63090925e+00  1.08077307e+00
  1.24224771e+00 -7.42820522e-01 -8.29891768e-02  2.46863601e-01
  2.72919862e-01 -1.46720468e+00 -1.16127777e+00  6.48231121e-02
  3.37723661e-01 -1.14830253e+00  1.73856247e+00 -2.52940754e-01
  5.20121912e-01  5.56393884e-01  6.18214998e-01 -5.23759660e-01
 -1.68816028e+00 -4.41550443e-01  2.45973628e+00  2.64247062e-01
  6.31964502e-01 -8.14192237e-01  1.67852398e+00 -3.48143779e-01
  6.04077889e-01 -1.36326867e-01  1.80285629e+00 -1.40304060e+00
  3.95375981e-01 -5.24394004e-01 -7.60414310e-01  3.04725062e-01
  6.09157996e-01 -1.73467905e-01  3.15421717e-01  3.08190830e-01
 -5.37897827e-02  1.49326713e-01 -2.09912789e+00 -1.96795553e+00
  6.44852680e-02  4.46810794e-01  5.67909004e-01  1.32559115e+00
  3.86042324e-01 -2.42240773e-03 -8.98390878e-01 -1.05767477e+00
 -4.18868474e-01  1.84029453e+00  1.62767211e+00 -1.55697642e+00
  9.66009842e-01 -9.24664256e-01  1.25343410e-01  1.57644534e-01
  1.73275633e+00 -2.07132132e-01 -7.50568182e-01 -9.17281607e-01
  4.02641489e-01  1.33564532e+00 -8.66683414e-01 -7.81004188e-01
 -8.42976669e-01  1.12954538e-01 -5.72038959e-01 -9.67509225e-02
 -1.84943849e-01 -5.92438658e-01 -3.47222411e-01  1.57883839e-01
 -1.45206952e+00  1.46282185e+00  1.31888517e+00  1.83700853e+00
 -1.53646805e+00  3.98411580e-01 -5.93753193e-02  1.10018954e-01
 -2.88627803e-02  1.83867546e+00  1.64786609e-01 -5.86728282e-01
 -2.09558914e+00  9.23611913e-02  1.73544475e+00 -2.90210245e-01
  4.61938756e-01  1.42509896e+00 -1.19002598e+00 -1.66462600e-01
 -7.66880707e-01  6.82069114e-01  1.01869516e+00  7.26974212e-01
  5.11636753e-01  2.72536114e-02 -7.27649787e-01 -3.33444439e-01
 -8.59524339e-01  2.84419604e-02 -3.26714749e-02 -7.31034155e-01
  8.67376273e-01  5.91756350e-01  8.27268553e-01  1.34448817e-01
 -1.27864366e+00 -2.82834633e-01  1.57904158e+00  4.98847157e-01
  2.86827246e-01  8.84628870e-01  9.84128819e-02 -6.63321585e-01
 -6.05778625e-01 -6.78768147e-01  8.92709879e-01 -3.10972268e-01
 -1.32319291e+00 -2.13650714e+00 -6.30148674e-01  2.54523982e-01
  2.08709256e+00  1.21428773e+00  6.15871554e-01  1.11464191e+00
  1.34008443e+00 -5.11633145e-01  1.06042102e+00 -6.32180858e-01
  1.54754965e+00 -2.04535760e+00  1.62410134e+00 -2.29846601e+00
 -2.16142706e+00 -1.12990290e+00 -7.38341831e-01  7.09760604e-01
 -1.71081049e-01 -6.62950523e-01  1.28970611e+00  2.96871968e-01
 -1.88758980e+00  4.12807076e-01 -1.25391346e+00  5.24260678e-01
  3.28956882e-01  8.96031793e-01  3.24458946e-01  1.34893490e+00
 -8.56297253e-01 -5.97912801e-01 -1.39918510e+00 -6.11685507e-01
 -3.48560567e-01  2.14814825e-01  6.18465301e-02  6.13750538e-02
  1.15029139e+00 -1.26189522e+00  4.85549578e-01 -1.88880103e+00
  2.15158939e-02 -5.35149280e-01 -6.00106558e-01  8.91994578e-02
  1.08812703e+00  5.94798664e-01 -8.96688750e-02  1.20164284e-01
 -2.23588962e-01 -2.87306255e+00  4.86233971e-01  1.89857128e-01
  6.61713908e-02  1.18658849e-01  4.33297605e-01  4.88487861e-01
  1.03289830e-01 -6.85500619e-03  7.63925104e-01  1.03834138e+00
  5.65322552e-01  6.53529314e-02 -2.77134681e+00 -4.67184746e-01
  2.49773121e+00 -6.24077304e-01 -1.56322528e+00  6.69701475e-03
  8.89696485e-02  5.94853737e-01  2.90106204e-01  9.71085233e-01
 -9.42043982e-01  3.77760181e-01 -4.41670405e-01 -6.36699200e-01
  1.31100559e+00 -4.85050237e-01 -8.27859303e-01  3.18983360e-01
 -1.42321267e-01  7.10927746e-01 -1.39228968e+00  8.75943125e-02
 -1.86570233e+00 -1.63371011e+00  3.97293603e-01 -7.17043848e-01
 -3.37507104e-01  5.83587680e-01  1.30685542e+00 -1.23715144e+00
  5.99900972e-01 -3.83475569e-01 -1.84262201e+00  3.13465843e-01
 -1.93043168e+00 -8.59643030e-01 -6.98534839e-01  3.81587729e-02
 -8.54698432e-01 -7.96346269e-01 -1.21578232e-01 -5.33030681e-01
 -1.52859681e+00 -8.20702648e-01  1.71634951e+00  6.85839754e-01
  1.04178097e+00  2.00956841e-02  6.97571329e-01  1.64758568e+00
 -9.37611835e-01  1.03506095e+00 -8.57540539e-01  1.15222176e+00
  2.69151252e-03 -7.49791795e-01  1.41911660e-01 -6.30770150e-02
  3.88654603e-01  5.96233557e-01 -1.06353378e-01 -2.21469208e+00
 -1.18770168e+00 -1.49624587e+00 -3.62517728e-01 -3.81763570e-01
 -1.29362927e+00  9.29074283e-01  3.37668884e-01 -1.80304798e+00
  1.33679170e+00 -2.62502040e-01 -1.75127158e-02  5.64353996e-01
  5.93370952e-01 -1.89547873e+00  8.56250919e-01 -4.29967505e-01
 -1.09480865e+00  2.38349798e+00 -4.71816176e-01  7.38181088e-01
  7.86000463e-01  2.96081402e-01 -9.17696971e-01  3.19495039e-01
 -1.28301451e+00 -2.88486051e+00  5.55357356e-01  1.07218856e+00
 -3.84024334e-01 -1.05944721e+00 -5.71138921e-01  5.46377596e-01
 -1.41706591e+00 -7.66274574e-01 -4.46593394e-02  6.43432856e-01
 -1.59973663e+00  3.11096643e-01 -1.39409619e+00  1.59657734e+00
  2.76019666e-01 -5.03959221e-01 -6.25544522e-01  9.85795650e-01
  2.57793360e-01 -2.53734700e-01  1.49098214e+00  1.34803739e+00