-6.16599521e-01 -1.59922023e+00  7.81549934e-01 -5.83090531e-01
 -1.02651350e+00  1.10315434e+00 -5.19094192e-01 -2.63481074e-01
 -8.94552624e-01  3.17115691e-01  4.07690446e-01 -1.87677224e+00
  2.30508341e-01  1.51333462e+00  1.04042400e+00 -2.04812381e-01
 -4.10924088e-01  7.51170341e-01 -2.99127777e-01  1.48197102e+00
  7.14195643e-01 -2.13343173e+00  9.79322388e-01  3.85281472e-01
 -3.88738994e-02  3.82681755e-01  8.29122240e-01 -1.80629875e+00
 -1.19936627e-01  5.05471158e-01  9.49055163e-01  1.10291519e-02
 -8.72854354e-01  6.81169211e-01 -5.91085567e-01 -5.86997476e-01
  4.74666338e-01  5.97074255e-01  2.68658485e-01  4.98100525e-01
 -9.81369725e-01 -2.16868256e-01  2.28208030e+00  1.74523943e+00
 -1.32647172e+00 -1.39278385e-01  8.46479387e-02 -1.57712133e+00
  1.54671986e-01 -7.29942980e-01 -1.05083504e+00 -2.66019911e+00
  1.82691211e+00 -2.14968246e+00  6.97000358e-01 -2.27375058e+00
 -7.23547679e-02  6.13127302e-02  4.11582103e-01 -1.10471515e+00
  8.97946730e-01  6.14267738e-01  1.14613241e+00  4.49513005e-01
 -5.37214968e-01 -6.64185218e-01 -3.23367316e-02 -4.96332827e-01
 -2.28421433e-01 -1.79823240e+00 -3.05234736e-01  1.07664037e+00
  7.53681076e-01 -9.13256667e-01 -2.50215438e-01 -1.22866926e+00
  5.07088115e-01 -9.18176545e-01 -1.19914782e+00  1.03455120e+00
 -4.88274202e-02  3.75030433e-01  1.25548475e+00  7.80556960e-01
  3.29103039e-02 -7.85614283e-01  1.44940704e-01 -1.40159682e+00
 -1.72530305e+00  3.46218879e-02 -1.83328595e+00 -9.47695417e-01
 -4.83541398e-01  2.53034149e-01  9.07987477e-01  1.44840325e-01
  1.29065200e+00  1.52814568e+00  1.13504551e+00 -1.09753677e+00
 -9.52867764e-01 -1.21913324e-01  2.55424157e-01 -1.31559577e+00
 -8.89683467e-02 -2.92282706e-01 -4.05010664e-01 -7.97807658e-01
  3.25324717e-01 -5.95813306e-01  8.09161123e-01 -1.02940950e+00
  6.73587633e-01 -5.19130846e-01  6.80134315e-01  2.29996239e+00
  7.61768345e-01 -7.97268240e-01 -5.58091849e-02 -1.21720141e-01
 -8.81758437e-01  2.61816080e-01  1.04138929e+00  9.77308252e-01
 -2.41215372e-01  2.22974236e-01  4.22606932e-01 -1.42683004e+00
 -1.07331827e-01  3.26722802e-01  2.58886901e-01 -6.19534742e-01
  2.56438922e+00  3.26840460e-01 -1.04675550e+00  5.96583817e-01
 -9.65650602e-01  2.91001010e-01 -5.60545442e-01 -7.76686997e-01
  1.36312419e+00  4.74952856e-01 -8.69929838e-01 -2.45274580e+00
  1.31541447e+00 -2.47819660e-01  3.76651131e-01 -1.95238773e-01
 -1.06465765e+00 -1.13531254e+00 -3.22006378e-01 -1.26229022e-01
 -1.63932903e+00 -1.25040118e-01  5.86688644e-01 -5.25606596e-01
 -6.81145272e-01 -1.16562953e+00  3.87352934e-01  1.63162894e+00
  1.18959007e+00  1.12984754e+00  9.13790116e-01 -1.63315763e+00
 -6.11508977e-01 -1.35583866e+00 -4.60301742e-01  6.91530128e-01
 -8.07322328e-01  1.68620648e+00  6.09988188e-01 -1.57114617e+00
  5.69358263e-01  3.14096710e-02 -1.02271908e+00 -4.41405919e-02
 -7.40312032e-01 -6.67713180e-01 -2.50942263e+00  9.94448024e-01
 -7.19391545e-01 -1.88413127e-02 -7.99843108e-01 -1.45179801e-01
 -1.39045489e+00 -1.71117476e+00 -1.10494885e+00 -1.67475681e+00
 -2.68197362e-01  7.49439702e-01 -1.15671423e+00 -6.77462512e-01
 -1.13592754e-01  1.36958560e+00  1.74766556e-01 -9.11278623e-01
  3.21337805e-01 -1.39574846e-01  2.81831022e-01 -2.02594591e-01
  1.22314422e+00  4.15956283e-01 -1.97857036e-01  5.52977287e-01
 -5.80853634e-01 -1.87957412e+00  5.64614619e-01  7.64345484e-01
  1.46548369e+00 -9.78301611e-01  1.47734730e+00  1.80757948e+00
 -1.62680919e-01  6.59477090e-01  1.57254229e+00 -1.03315453e+00
 -6.65870942e-01  2.63436965e-01  6.45485024e-01  1.37149295e+00
 -1.85975990e+00  5.43635549e-01 -7.52437465e-01  7.97624981e-01
  9.96203552e-01  9.36132884e-01  1.45540589e+00 -2.38633716e-02
 -7.52253443e-01  6.42299139e-03  8.41713065e-01 -1.34083618e+00
 -9.87276315e-01  4.35165122e-01  2.77460589e-01 -7.05080296e-01
 -9.51407621e-02  1.73648443e+00 -1.88296006e+00  1.73409198e+00
 -1.78553400e-01  5.90488677e-01  5.62820069e-01 -2.92965981e-01
 -4.39397496e-01  1.15442558e+00 -3.75475068e-01  2.53507664e-01
 -2.48445259e-01  3.22413019e-01 -1.28265673e+00  1.44722347e+00
  7.31246255e-02 -8.27901045e-01 -1.21066524e-01 -7.75604680e-01
  3.46501262e-01 -1.86049926e-01 -1.69755086e+00 -1.00900760e-01
  1.37203292e+00 -1.26877443e+00  4.09194992e-01  5.99368582e-01
  9.36668292e-02 -1.47565453e+00  1.13215629e-01  1.75860957e-03
 -2.14754904e+00 -3.58790193e-01 -1.40714325e-01 -1.12991594e+00
  1.33448262e+00 -1.37097063e+00 -1.31922113e+00 -5.06842799e-01
  3.18104616e-01 -8.77882066e-01  4.49978571e-01  3.36995918e+00
 -5.35536236e-01 -9.59688081e-01  2.59985945e-01 -6.26499201e-01
  1.83417109e+00 -5.05090057e-01 -1.26361087e+00  6.09180174e-02
 -1.22478750e+00  4.76504600e-01  1.95711812e-01 -2.26665048e+00
  2.20009705e-01 -3.97845649e-01 -1.80038470e+00 -8.37739764e-01
  2.87144741e-01  1.55545880e+00  2.25796537e+00 -5.92365802e-02
  1.42913335e-01  1.62542312e+00 -1.60920663e+00  1.05550083e+00
  6.86461145e-01 -1.23818064e+00 -1.85759888e+00  1.22601980e+00
 -1.41776136e+00 -1.28976745e+00  3.70783397e-01  1.92775706e-01
 -3.63612086e-01 -7.57266056e-01  8.00501756e-01 -1.12353651e-01
 -1.73098694e-01 -6.98217355e-01 -3.27879235e-01 -1.21897029e+00
  6.41148861e-01  9.84583498e-01  1.45091188e+00  7.27328914e-01
  6.34657904e-01  6.19385126e-01  1.63072136e+00 -1.34233313e+00
  1.62894976e-01  1.39050057e-01  2.10519370e+00 -2.35747587e-01
 -2.61410005e-01 -8.54277306e-01  6.72507400e-01  6.95284127e-01
 -2.04806183e+00  6.39027486e-01 -2.67769073e+00  7.34636576e-01
 -1.33628560e+00 -1.04663442e+00  3.49876214e-01  5.07691521e-01
 -1.07104794e-02 -7.86821290e-02  1.17260263e+00  2.28971528e+00
 -3.03619488e-01 -1.29254202e+00  1.04746615e+00 -7.80682417e-01
 -2.36221084e-01  3.63430362e-01 -4.51885132e-01  1.22584441e+00
  2.82989712e-01  5.07776680e-01  1.79674697e+00  2.23298430e-01
  3.39972959e-01  1.69376355e+00 -6.42411908e-01 -4.08054921e-02
  1.65866797e+00 -2.32756460e+00 -1.39048556e+00  1.11543671e+00
 -6.52729912e-01 -9.48235693e-01  3.69421486e-01 -3.72010066e-01
  2.15605233e+00  9.05630638e-02  7.01907225e-01  1.55481012e-01
 -1.25727854e+00 -5.43914878e-01  1.66805490e+00  7.31385401e-01
  2.43077591e-02  1.23598945e+00  8.23307561e-01 -1.79129066e-02
  2.09085623e+00  9.47465691e-01 -7.93838173e-01 -1.39239388e+00
  7.31039322e-01 -6.06751986e-01 -2.97765724e-01  3.80823858e-02
  3.44461222e-01 -1.56713115e-03 -1.24884009e+00 -1.77759757e-01
 -1.37302031e+00 -7.50438560e-01 -6.11409341e-01  8.23466040e-01
  2.77788955e+00  6.80990833e-01  3.73155636e-01 -1.68615253e+00
 -1.01728601e+00 -8.97318289e-01 -1.98436287e-02  1.91009695e+00
  1.01750442e+00 -1.17994787e+00 -6.46133537e-01 -1.24409744e+00
 -1.53652682e-01  7.40046798e-01  6.89226796e-02  4.78877914e-01
 -9.28936717e-01  1.34900544e+00  3.61798113e-02 -5.13909710e-02
  1.51023447e+00 -8.79779252e-01  2.03083632e+00 -2.46542169e-01
  1.96971446e-01  4.84643269e-01  6.42923305e-02  7.81351205e-01
 -1.12978668e+00 -8.62624691e-01 -1.07902086e+00  6.51584652e-02
  1.64106709e-01 -1.21446587e+00  7.08999171e-02  4.08231098e-01
  1.30312405e+00 -5.60991058e-01  5.46729427e-01 -7.91895833e-01
 -7.80198599e-03 -1.80101094e+00  6.75515567e-01  5.11791090e-01
 -3.12242258e-01 -5.76175351e-01 -1.20557480e+00 -1.25970132e+00
 -2.29496357e-01  1.46156557e+00  6.91209684e-01  2.60866586e-01
  2.14053760e+00 -1.44597223e-03  6.82229331e-03 -5.95562384e-01
 -6.20103343e-01 -5.12809939e-01  5.75669402e-01  9.75718817e-02
 -4.79957274e-02 -7.37120145e-01  2.15733807e+00  3.71255119e-01
  1.72319524e+00  6.20349041e-01  1.03793070e+00 -1.11853211e+00
 -1.74853542e+00  1.39747178e+00  1.20179516e+00  3.11075212e-01
  1.15708559e+00 -3.40278191e-01 -1.39752158e+00  7.07283423e-01
  6.65767340e-01  1.10083389e-01  3.50961967e-02 -1.76146781e+00
 -6.99298705e-01 -2.68479542e-01 -6.98438240e-01 -1.00239594e+00
 -1.20991966e+00 -6.88337471e-02 -1.66102700e-01  3.61030589e-01
  1.40210461e+00  7.27556603e-01  2.26420603e-01  3.04259046e-01
 -1.45697961e+00 -2.69463396e-01 -2.24977599e-01  4.39770922e-01
 -1.06222459e+00  8.71939463e-01 -7.49450154e-01  1.07129421e+00
 -9.05690668e-01  1.21441862e+00 -4.55710382e-01 -1.78727531e+00
  7.90665442e-01 -3.15446238e-01  4.39778638e-01  1.24098790e-01
  5.92084291e-01  7.63406359e-01  8.02943546e-01 -1.54047207e+00
  5.31360634e-01  3.15075301e-01 -4.52616589e-02  1.52207453e-01
 -1.57645394e+00 -2.04971125e+00 -1.80651957e+00 -5.42971093e-01
 -1.32574346e+00  2.41973637e+00  3.29295649e-01  2.11236001e-01
  1.31570269e+00  7.44402230e-01 -6.38538513e-02  8.15638200e-01
 -6.70522444e-01 -1.61693595e+00  2.51671037e-01  1.18414358e+00
 -4.69822298e-01 -1.20975833e+00 -5.26058848e-02  5.80488024e-01
  9.66112581e-01  1.71676145e+00  9.75651404e-02 -5.66721060e-01
 -1.07425741e+00 -1.69805132e-01  7.00509228e-01  1.11711054e-01
  5.73916551e-01 -1.50826653e-01  7.03026265e-01 -5.29723989e-01
  1.37699354e-01  1.31758238e+00  1.45375759e+00 -2.54816846e-01
  2.04766485e+00 -2.52701592e-01 -2.29788474e+00 -1.33859483e+00
 -1.13052785e+00  9.83062935e-01  1.29199098e+00  4.54600914e-01
 -7.17931092e-01  7.25828662e-01  1.55652703e+00  4.46024089e-01
 -1.29025726e+00  8.39828548e-01  6.75751349e-01  1.10565202e+00
 -9.56471482e-01 -2.76597122e-01  8.45242768e-01  2.97413315e-03
 -1.75198464e+00 -1.14501927e+00 -5.53754949e-01  7.15308562e-01
  1.74477129e+00 -1.22822163e+00  8.39259054e-01 -6.93969173e-01
 -3.20481460e-01  6.03085159e-01 -2.24334706e+00  2.60307254e-01
 -8.89879164e-01 -4.73094223e-01 -6.31120259e-01  5.97427519e-01
 -2.72670630e-01 -1.79034544e+00 -6.01556687e-01 -1.56218248e+00
  4.56038210e-01  2.00813104e+00  1.68500850e-01 -1.17528007e+00
  1.19229081e+00  4.91931385e-01  1.80054116e+00 -1.73432815e+00
  1.40313059e-01 -8.25811678e-01  1.80328339e+00  5.99114194e-01
  1.02849296e+00 -7.31139314e-01  8.94431041e-01  1.82435547e-01
  9.04368986e-01 -5.03505961e-01 -1.67160349e+00 -4.19951407e-01
 -9.83561411e-01 -8.95951866e-01 -1.91927544e+00 -5.24406702e-01
  1.29837507e+00 -6.63353625e-02  1.37148789e+00  1.65248935e+00
  1.74991184e-01  2.25421572e-01  4.82747272e-01  2.17848063e-01
  9.31848249e-01  1.27178460e+00  1.89117640e-01 -1.21512051e-01
 -5.36143846e-01 -7.84193445e-01 -1.39704274e+00  1.05675138e+00
  6.40625428e-01 -1.34030632e-01 -6.24548294e-01 -8.08819414e-01
  1.69751771e+00  2.92737767e-01  5.80970128e-01 -1.04346030e+00
  7.80547539e-01  4.42494197e-01  9.93126309e-01  1.81362505e+00
 -6.55265465e-01  9.78856677e-02  7.41743860e-01  5.93444281e-01
 -1.87172538e+00  7.34041274e-01  8.65655438e-01  2.06062558e-01
 -1.21963366e-01 -9.58062593e-01 -1.22492055e+00 -6.80008045e-01
 -2.00365039e+00  6.44348206e-01 -1.88018467e-01 -7.70971374e-01
  3.22868394e-01  1.51030616e-01 -1.55848148e+00 -8.35604130e-01
  1.88238377e-01 -1.21130459e+00  3.06279350e-01  6.95213799e-01
  7.86768079e-01  4.08401479e-01 -9.89380650e-02 -4.63861696e-01
  1.15234313e+00 -1.36160360e-01 -6.15992378e-01  9.26808742e-01
  4.81045135e-02  1.02688417e-01 -5.19522398e-01  4.60229809e-01
  1.77238306e+00 -1.81158441e-01  2.55512796e-01  2.20547462e+00
 -4.46499631e-02 -1.27586810e-02 -5.76801758e-01  3.43796231e-01
 -1.72556095e+00 -9.14006327e-01  2.28040525e-02  6.10029265e-01
 -1.90994880e+00  2.62329612e-01 -9.44196791e-01  5.24041688e-02
 -4.19348075e-01 -1.33824978e+00 -2.45476501e-03 -9.68759595e-01
 -7.38687735e-01  1.80732577e+00  1.93794962e-01  1.09229109e+00
  9.51401629e-01 -1.29484396e+00  1.68549918e-01 -1.30049383e+00
 -7.33032046e-01 -1.64968695e+00  9.11678655e-01 -2.28710537e-01
 -1.38333594e+00  1.18591320e+00  8.39571178e-02 -9.69040102e-01
 -1.17914144e-01 -1.09804554e+00 -4.00990655e-01 -5.12886682e-01
  2.85800253e-02  1.41945223e+00  1.69380169e-01 -6.24325917e-01
 -6.60756282e-01 -9.08480636e-01 -5.16730302e-01  5.42322765e-01
  1.19539802e+00  1.94124916e+00 -9.55832411e-01  1.39519777e-01
 -1.60804336e+00  3.66350269e-01 -4.94197863e-01 -5.71285926e-01
 -1.64646829e-01 -3.54212128e-01  1.96016173e+00  2.27435995e+00
 -1.41817525e-01 -6.04789057e-01 -5.76676102e-01  3.31665002e-01
  1.21907460e+00 -1.83148887e+00  2.39017532e-05 -2.28146664e-01
 -1.99013962e+00 -1.23019623e+00  3.83881571e-02 -3.72839845e-01
 -1.07156636e+00  1.02964451e+00  1.21800955e+00  2.07326005e-01
  5.39586618e-01  2.36064880e+00  5.00745349e-01  2.04310415e+00
 -1.02260215e+00  1.14504360e+00 -3.02465206e-01 -9.49441038e-01
 -2.21854914e+00 -4.48235544e-01 -1.03165414e-01  6.79328409e-01
  3.70629517e-01 -1.21625481e+00 -6.09633492e-01 -8.64152570e-01
 -6.56931718e-01  1.09741761e+00  1.83756753e+00  5.21259808e-01
 -2.14387569e-01  7.33128833e-01 -8.46665351e-01 -3.70839152e-02
  7.67521973e-01 -1.17367335e+00  1.69056385e+00  1.57917873e-01
 -1.72420462e+00 -3.34889264e-01 -6.13984785e-01  1.63871188e+00
  6.82641609e-01 -1.22503165e+00  2.05215877e+00  7.24700128e-01
  5.30305177e-01  3.63273980e-01  6.35275161e-01 -6.27108096e-01
 -1.03647831e-01  2.42140580e-01 -1.27342308e+00  1.17803345e+00
 -2.02043299e-01 -1.51489239e+00  5.86699578e-01  1.72482608e-01
  7.87248488e-01  4.99898186e-01 -4.85320795e-01 -2.23716086e-01
  1.84850986e+00  2.44209349e-02  6.91546330e-01 -2.65939673e-01
  1.12526821e+00  7.97053332e-01 -1.13883478e+00  3.37053455e-01
 -1.96780462e+00 -1.43898844e+00  6.79913001e-01 -7.39521725e-01
  1.16754698e-01  9.04048318e-01 -1.48445421e+00  2.52007291e-02
 -3.12572805e-01  1.76717184e-01  3.49705534e-02 -1.42149395e+00
  8.09289186e-01  1.86474464e-01  4.04443336e-01  1.66134774e-01
  6.61751314e-01 -1.59696883e+00  1.19410974e+00 -7.42043836e-02
 -7.35534960e-01  3.99420159e-01  1.15906794e-01  6.62084948e-01
  2.31452793e+00 -5.69426324e-01 -4.82583228e-01 -5.98341354e-01
 -9.83034727e-01  9.19727512e-01 -1.72996963e+00  9.56110227e-02
 -1.28366203e+00  9.66928422e-01  5.70765276e-01 -1.74624427e-02
  1.24998052e-01  5.23603638e-01 -1.36048149e+00  4.32311518e-01
  5.43448253e-02 -2.67637960e-01 -7.39560213e-01  1.23519838e-01
  8.76888177e-01 -1.55667306e+00  2.34616965e-01  9.71025437e-01
  6.50311959e-01 -3.39471924e-02  1.34724165e+00  8.45555287e-01
 -4.05206020e-01 -3.50121879e-01 -1.82099237e+00 -9.28179495e-01
 -1.65482447e+00  8.90079348e-01 -4.84795190e-01  1.25300249e+00
  8.26841684e-01 -1.95268694e-01  4.91173897e-01  5.82832177e-01
  3.22934254e-01  2.40594775e-01 -4.63154671e-01  1.67339178e+00
  5.05587689e-01  1.94346392e+00 -1.40326006e+00  3.57398955e-01
  2.73816961e-01 -1.06792847e+00 -8.84348591e-02  5.74470635e-01
  7.02296136e-02 -4.34846011e-01  2.16080192e-01  1.99375366e-01
 -4.82147258e-01  9.97275308e-01 -3.18652313e-01 -1.82907984e-01
 -1.40654209e+00  5.41550040e-01 -8.07178640e-01  5.49100452e-02
 -4.99549970e-01 -1.86903963e+00  1.21360968e+00  8.53298967e-01
  9.00342606e-01 -1.87776175e-01  7.45327623e-01  1.02260510e+00
 -3.44867524e-01 -3.85138179e-01  1.50294981e+00 -1.70853077e-01
 -5.19039407e-01 -1.56349988e-01 -6.78687989e-02 -4.54936186e-02
 -1.07434319e+00  2.07525145e-01  1.05916013e+00  1.76061475e-01
  1.46649651e+00  5.18117369e-01  1.59538783e+00  1.17509103e+00
  2.14282081e-01  1.01224718e-01  2.08328995e+00 -7.51380724e-01
 -2.13190593e-01 -1.25626278e-01  2.83374828e-01 -1.05545926e+00
  4.55359179e-01  7.59184948e-01  1.09081803e-01  1.66707992e+00
 -5.35931925e-01 -5.58866723e-01  2.46521480e-01 -5.08027642e-01
  1.65649981e+00  9.78905146e-02  1.02006774e+00  2.42917759e+00
  4.97164824e-01 -8.52236071e-01  3.72740993e-01  1.21257648e+00
  1.97802291e-02  2.63240762e-01 -1.14173577e-01  3.80363613e-01
 -2.26856608e-01  1.08479248e+00 -7.16524421e-01  9.65548588e-01
 -1.57679041e+00 -3.93632965e-01 -1.66271062e+00 -1.14722241e+00
  6.48472149e-02 -1.12379070e+00 -1.14205178e+00 -1.17253510e+00
 -9.07975161e-01 -4.81545561e-01 -5.13467024e-01  1.95639300e-01
  1.54412776e+00 -1.05910480e+00 -7.31312535e-01 -4.18168007e-01
 -1.09112037e+00  1.07948844e+00  3.73540664e-01  9.23537557e-01
  6.34840895e-01  1.95891741e-01  6.67211338e-02 -4.68276281e-01
 -6.38171152e-01  4.84055841e-01  1.63285599e+00 -9.33186404e-01
  4.39401018e-01 -7.23321053e-01 -9.49696780e-02  3.51010504e-02
 -5.38397329e-01  9.85778827e-01 -3.05299669e-01 -1.62570034e+00
 -5.78299360e-01 -3.98874839e-01  6.54578097e-01 -9.04543738e-01