 3.30795719e-01  6.65914192e-01  8.09662003e-01 -3.49046789e-01
  1.27923034e+00 -3.73643266e-01  2.91477480e-01  4.96859380e-01
 -5.25847732e-01  1.28836523e+00  1.23882126e+00 -6.21230277e-01
  1.77598578e+00 -1.57042241e+00  2.98286040e-01  1.01143727e+00
  1.50841782e-01 -4.74327862e-01  2.04271000e-01  6.74745825e-01
  8.20585541e-01  7.94683157e-01 -1.08216053e+00  1.67426376e+00
  4.05920763e-01 -6.54029641e-03  2.14876362e+00  2.51372634e-01
 -7.84256082e-01  5.57769460e-01  3.46135739e-01  6.37597774e-02
  9.76405128e-01  7.75948099e-01 -1.24293341e+00  3.35189599e-01
 -9.06127083e-01  1.58455827e+00  1.36602629e+00  9.23595523e-01
 -8.04113454e-01  1.16362128e+00 -3.46773623e-01  2.12313191e+00
  8.03551824e-02  7.77023527e-01 -1.39491699e+00 -3.46476396e-01
  1.74233841e+00 -1.96826982e+00  5.35927020e-01  1.36573356e+00
  5.70087425e-01  7.23914872e-04  1.83480503e+00 -1.22225309e+00
 -2.78010068e-01 -1.31722933e-01 -1.74756308e+00 -1.21832527e+00
  5.31394083e-01 -1.91692051e-01 -1.13129693e-01 -8.60513202e-01
 -2.15234290e-01  4.00091396e-01 -2.91931016e-01 -3.84376414e-01
  8.95871221e-02 -8.03812461e-01 -1.33460852e+00  5.66711949e-01
  7.78404578e-01 -1.24850029e+00  1.51938756e+00  2.89556135e-01
 -1.89479771e-02  1.57619849e-02 -1.15774322e+00 -1.21389101e+00
 -2.62801943e-01 -5.19560300e-01 -4.04092189e-02  1.07704939e+00
  1.52752571e+00 -1.17274794e+00  4.35086329e-01 -9.81703477e-01
 -1.15820116e+00 -1.42420259e+00  9.36857386e-01  1.20301280e+00
  9.95319552e-01  6.90516382e-01  1.40953137e+00 -9.54722430e-01
  1.02487198e+00  7.00265265e-01 -8.66129079e-01  1.50496646e+00
  1.21958954e-01  1.27830506e+00  4.37838974e-01 -5.04645512e-01
  1.56408650e+00 -1.17313457e+00  9.91731499e-01  6.50081719e-01
  1.71070941e+00 -3.58332549e-01 -1.09495025e+00 -9.78238928e-01
  8.26917726e-01 -9.50763344e-01 -2.71120984e-01 -1.27229375e+00
  2.37435886e-01  1.11784498e+00 -9.06222784e-01  1.78624629e-01
 -1.65896079e+00 -7.47862902e-01 -2.35293168e-01 -4.53163194e-01
 -6.64885850e-03  9.19126344e-02 -1.12400941e-01  8.52708681e-01
 -3.16928908e-01  1.40137538e+00  7.75536235e-01 -1.12224829e+00
 -1.24607243e+00 -1.02443901e+00 -4.79416839e-01 -4.67742579e-01
  7.00263617e-01  1.46375378e+00  7.21858310e-01 -2.51775011e+00
  1.44591061e-01  9.31988169e-01  1.08853028e+00 -1.80401148e-01
  3.31332793e-01 -1.38100529e+00  9.58486528e-01 -2.67160681e-01
 -5.37863643e-01  2.76748243e-01  9.86733069e-01 -1.33973284e+00
 -4.15759975e-01  5.66838064e-01  9.00163650e-01  3.54620796e-01
 -1.58270648e+00  8.31125214e-02  9.41639866e-01  1.91350721e-01
 -1.15868086e+00  1.20457690e+00  3.13825320e-01 -2.91232166e+00
 -8.09788650e-01 -1.29485136e+00  1.14445946e+00  7.23685592e-01
  9.91551889e-03  3.82102246e-01 -2.03701623e-01 -7.49790077e-01
  3.90291860e-01  2.43955665e-02 -1.01109634e+00 -2.62440272e+00
 -4.29500256e-01  2.64081559e-01 -9.16155573e-01 -4.81176795e-01
 -1.93281449e+00 -8.82047929e-01  3.16644887e-01  3.70107452e-01
  1.51031773e+00 -1.38011594e-01 -1.01381851e+00  1.74724632e+00
 -5.99610049e-01  3.03763921e-01  1.89854331e+00 -6.36073801e-01
 -5.22922911e-01 -7.52244667e-01  5.98988308e-01  1.11429478e-01
  1.48349116e+00 -1.09999569e+00  1.43556345e+00  7.52779133e-01
  1.18366322e+00  1.24613540e+00  8.57399016e-01  1.50247527e+00
 -1.24656281e+00 -1.68912058e-01  1.25201075e+00 -7.66440432e-01
 -8.87506172e-01 -1.21624080e+00  1.65985742e+00 -5.29042383e-01
 -1.47347955e+00  2.64214361e-01  8.65965080e-01  5.66311331e-01
  4.80416647e-01  1.28453524e+00 -7.59704286e-01 -2.34159990e+00
  6.51837756e-01 -3.09208550e-01  8.66244692e-02  6.43722183e-01
  1.80137961e+00  3.84005361e-01  1.84278341e-01  1.41095038e-01
  2.42588267e-01  3.27964496e-01 -9.34882926e-04 -9.99531563e-01
  6.99733888e-01  1.93537584e+00  1.40204322e+00  4.59547688e-01
 -5.81478739e-01 -1.45340366e+00  1.63195585e-01  1.03276350e+00
  3.01244090e-01 -2.04046222e+00 -3.06213889e-01  6.56179219e-01
  4.83340935e-01 -4.40970853e-01 -3.08076547e-01  1.79003557e+00
 -3.08522906e-01  2.02433584e+00  9.69848827e-01 -6.13997122e-01
  1.67048400e-01 -1.02653050e+00  5.23221573e-01 -1.64770836e+00
 -9.01779806e-01  1.36905549e+00 -1.52524745e-01 -2.99867291e-01
 -6.31655233e-01  4.10585444e-01  5.74549434e-01 -1.51680009e+00
  8.40583002e-01  1.95093819e-01 -7.87548476e-03  5.67467230e-02
 -3.00380315e-01 -8.82679916e-02 -4.87732952e-02 -2.77477262e-01
 -5.51939177e-01  6.55272925e-01  8.91008794e-02 -4.58389051e-01
  3.90071768e-02  2.47432963e-01 -2.17853403e-01 -4.06870134e-01
 -1.23550179e+00  5.44121679e-02 -4.63434036e-01 -1.89898718e-01
  6.99010617e-01  1.19054366e-01 -4.57399299e-01  2.00426866e+00
 -9.70253669e-01 -2.06829849e+00 -7.64403970e-01  5.58926745e-01
  4.42415738e-01 -6.55642221e-01 -1.22876923e-01 -1.96560750e-01
 -7.41982942e-01  1.28551368e-01  1.49755201e+00  1.23104069e+00
 -3.93379786e-02  2.66784630e-01 -2.52494258e+00 -1.58459952e+00
  5.75134332e-01  3.04328350e-02  7.01573833e-01 -5.48821427e-01
  4.23885586e-01 -3.08870506e-01  7.25703868e-01 -1.21527535e+00
  1.77793987e+00  2.98940908e-01 -1.81455230e+00  1.74733662e+00
  1.17848340e+00 -7.90709304e-01 -4.19562711e-01  3.91828633e-01
 -2.40317504e-01 -3.35517700e-01  2.44698476e-01  2.10576003e-01
  3.08823313e-01  2.45173867e+00 -5.20524002e-01 -1.68836930e+00
  1.27596844e-01  9.25672992e-02 -5.88858020e-01 -3.12252491e-01
  2.70999334e-01  1.01125006e+00  1.08451064e+00  2.97165809e-01
  4.60433795e-01  4.93881843e-02  4.94067142e-01 -1.26971380e+00
  5.79790273e-01  9.62898141e-01  2.57968757e+00 -3.79806668e-01
 -1.77089477e-02  1.35242414e+00 -3.70350920e-01  1.72951495e+00
 -2.88757826e-01  6.26357455e-01  6.88295434e-01 -9.38860694e-02
  3.93803757e-01  5.31377562e-02  3.75931159e-01  1.30350456e+00
 -1.29439689e+00 -1.47851511e+00  1.04084341e+00  5.45842844e-02
 -1.18898280e+00  9.09329722e-01 -7.51052782e-01  9.35844909e-01
 -3.08749987e+00  7.93812203e-01 -7.40967371e-01 -7.05433595e-02
  2.29936596e-01  1.09763541e+00  1.62816577e+00  3.56939471e-01
  8.90160825e-01  1.16297858e+00  6.85578156e-03 -1.16371136e+00
 -5.74197995e-01 -2.70867457e-01 -1.50216156e+00  2.03521549e-01
  9.73484523e-01  6.81373367e-01  3.40114875e-02  1.77337326e+00
  6.46771069e-01 -8.04392369e-02  3.16650021e-01  4.12380341e-01
 -5.89581259e-01  1.18685464e+00  2.32480686e-01 -3.58197036e-02
  1.22606824e-01 -1.71800340e-01  1.18235150e+00 -1.46067207e+00
 -1.75413220e-01  3.91904158e-01 -2.54743556e+00  4.78639029e-01
  1.38579125e-01  5.17072660e-01  1.86697094e+00  1.28785737e+00
  1.02800913e+00 -7.68414442e-01 -8.42545188e-01  2.47027123e+00
 -1.11691899e+00 -9.05911730e-01  2.64708983e-01  1.44364923e+00
 -1.19899225e-01 -5.10057655e-01 -2.28412889e-01 -5.13765613e-02
 -3.56749576e-03  8.01246899e-01  6.34886798e-02  4.22620491e-01
  7.74116905e-01 -1.53109251e+00  1.10160758e-01 -1.27084913e+00
  2.63854160e-01  1.23106277e+00  9.91283815e-01  2.42668601e-01
  9.62806261e-01  5.18131525e-01 -6.16910753e-01  1.36388241e+00
  5.91156464e-02 -2.52268218e+00  7.21102156e-01  6.37663964e-01
 -1.08339165e+00  5.39971007e-01 -3.93737740e-01  1.07112471e+00
 -1.94984214e+00  1.71912183e-02 -3.66736101e-01 -4.56235054e-01
  1.49671217e-02  9.32512258e-01  3.41844607e-01  1.13562689e+00
  7.93959768e-01  5.58053815e-01 -6.79541756e-01 -4.26101767e-01
 -6.29810508e-01 -1.39694994e+00 -1.67478821e+00  6.89698153e-01
  3.02374886e-01 -1.17155845e+00  1.76860721e+00 -6.34255073e-01
 -1.30520798e-01 -1.14239846e+00  4.67362833e-01 -1.60167047e-01
 -1.82542535e-01 -1.22922156e-01 -1.00963991e+00 -1.66590734e-01
  5.87076801e-01 -5.02841680e-01  1.21896623e+00  1.02235397e+00
 -1.49806719e+00  1.38377522e+00  4.01685881e-01  7.27438275e-01
  1.08828219e+00 -7.30006079e-01 -1.83533268e-01 -4.80347575e-01
 -8.56281688e-01  1.16820094e+00  2.02263198e+00 -9.81668229e-01
  2.27207592e+00 -9.49438462e-01 -2.27754948e-01  5.62352941e-01
  5.15218478e-01 -1.02495858e+00  6.52340447e-01 -1.67269625e+00
  1.42435215e-02  4.31407127e-01  6.93886418e-01 -2.42948122e-01
 -1.34862589e-02  1.86591090e-01 -7.40140070e-01 -2.46923454e-01
  2.22305962e+00  3.00034051e+00 -6.13396424e-02  1.21198583e+00
  7.24521209e-01  2.53466752e+00 -4.11202276e-01 -1.30032731e+00
 -1.13343797e-01  1.01606682e+00  6.72108998e-01 -1.43659851e+00
  1.17446624e+00 -2.67874773e-01 -5.43906170e-01 -1.22474722e+00
  2.11425792e-01 -3.17370219e-01  7.89341162e-01 -5.46420322e-01
 -1.53698373e-01  9.41933327e-01  3.94594695e-02  1.74999383e+00
  3.30507493e-01  3.93620737e-01  2.13486138e-01  1.51177223e+00
 -1.41840529e+00 -6.82659825e-01  1.56671412e+00 -1.08140644e+00
 -1.26212780e+00 -6.39941314e-01 -9.14955757e-01 -8.98330989e-01
 -2.27366898e+00  6.97498210e-01 -1.74158637e+00 -4.71285666e-01
 -7.01634182e-01  9.35402711e-01 -8.00205161e-01 -1.22622132e+00
  1.98291512e-01  3.34193113e-01 -1.89554658e+00 -2.22269519e+00
 -1.52284465e+00  2.96207839e-01 -7.20900264e-01 -5.01113975e-01
  4.69644218e-01 -5.76088686e-01 -2.02967101e+00 -3.45498385e-01
  1.24191588e+00 -7.94671042e-01  6.88868433e-01 -6.63098979e-01
  2.54141985e+00  7.72774773e-01  1.29533895e-01  8.23191747e-01
 -2.55801708e-01  3.05396138e-01  1.93865373e+00 -8.95354378e-02
 -9.31964012e-01 -4.77198729e-01  1.78378962e-01  8.69569937e-02
  1.68699936e+00  1.50160556e-01 -1.35784761e+00 -5.57804230e-01
 -1.72865323e+00 -1.09925282e-01  2.50786817e+00  7.02574086e-01
  3.37616726e-01 -5.22974259e-01 -1.36235300e-01 -9.59459649e-01
 -8.64572785e-01  4.25781580e-01  1.36335195e+00 -2.65873172e-01
 -1.97127577e+00 -4.51932694e-01  1.98235440e-01  4.76693955e-01
  4.78344277e-01 -9.34260936e-01  6.61723324e-01  4.43614324e-01
  4.25545825e-02 -1.42128899e+00 -8.29865632e-01 -3.50105475e-01
  5.66011271e-01 -8.60474325e-02  1.05530092e+00 -1.39689012e+00
  9.14590574e-01 -1.61299387e+00 -2.54919659e+00 -1.57908256e+00
  7.47494968e-02  7.33652003e-01  5.75271740e-01  1.27396215e+00
 -5.29850596e-01  1.02720933e+00 -1.81386866e+00 -3.12867112e-01
  2.11606067e+00  8.54687514e-01  1.03437957e+00  1.33155712e+00
  7.75339992e-01  5.11343855e-01 -1.07143086e+00 -1.92552292e-01
  1.12250899e+00  1.70433036e+00  2.02429323e+00  1.21853492e+00
 -3.36514825e-02 -5.74804608e-01 -5.20569402e-01  4.48200603e-01
  1.45690465e-01 -1.34133126e+00  4.13799249e-01 -7.41251576e-02
 -5.40395874e-01  1.62456250e+00  2.01928873e-01 -1.07293449e+00
 -1.15321807e+00  1.52526701e+00  6.16682885e-01  3.01398490e-01
 -1.45132122e+00  1.28117289e+00 -8.42866293e-02  9.48611925e-01
  1.32240304e+00 -8.69065867e-01 -8.00984656e-01 -6.73894173e-02
  7.67560732e-01  6.57528311e-01  2.76406695e-01 -7.44464710e-01
  1.64424543e+00  2.78674825e-01  1.17013147e-01  1.05344369e+00
 -1.12679168e+00 -1.30933716e+00 -3.52582405e-01 -4.49786455e-01
  1.06618652e+00  4.13294601e-01 -1.23320497e-01 -6.08179783e-01
 -5.64325254e-01 -4.13683879e-02  2.35396677e-01  5.99937856e-01
  3.94452622e-01 -5.40075298e-02  1.83154168e+00  5.12248796e-01
 -7.42160697e-01 -7.73089062e-02  6.70663477e-01  5.97689142e-02
 -1.22779921e+00 -9.62168361e-01  5.99292939e-01 -8.13914815e-01
  2.32295411e+00 -2.90714997e-01 -2.27394987e-01  9.78355880e-01
  1.36843908e+00 -1.01264598e+00  2.45546288e-01 -2.96878479e-01
  2.57871197e-01 -4.32361883e-01 -4.43196507e-01  2.25628935e+00
  6.68719517e-01  2.56698257e-01 -1.92834946e-01  5.51853528e-02
 -1.39596451e+00 -1.18391884e-01  5.53869494e-01 -1.24066144e+00
 -9.21327991e-01 -1.05003137e+00  5.20237088e-03  8.88536617e-01
 -6.11463220e-01 -2.79179267e-03 -4.38389419e-02 -6.71062590e-02
 -1.86332589e+00 -1.53027194e+00  1.47279792e-01 -1.38777203e-01
 -1.16167686e-01 -2.01004243e+00  1.75721355e+00  1.41333386e-01
 -2.37158848e-01 -9.86712258e-01  1.18857072e+00  7.00541998e-01
 -1.95156200e-02 -6.01796332e-01 -1.96926882e+00 -2.49021728e-01
  2.28733323e+00 -1.78295888e+00 -5.00570139e-01 -2.05771627e-01
  9.07080424e-01 -1.69629209e+00 -3.06215897e-01  4.79198369e-01
 -2.19275215e-01  2.75629361e-01  4.54907496e-02  2.13213524e+00
 -1.94354200e+00  5.04145401e-01 -8.15446896e-01 -6.24214283e-01
  5.84487495e-01 -2.03100434e+00 -6.29340516e-01  2.22206451e-01
 -5.15525372e-01  3.06397059e-02 -2.52607613e-02 -9.67864649e-01
  2.64631833e-01  5.81382645e-01 -2.12420375e+00 -5.97007974e-01
  1.92637841e+00 -1.83719620e+00 -6.90350424e-01 -9.35592129e-01
 -1.02916126e+00  1.75386433e+00  1.57284098e+00  1.81368018e-01
 -1.31177625e+00 -8.41865418e-01 -6.87464525e-01 -1.13858153e+00
  1.33573248e+00  6.11031847e-01 -1.79220403e-01  1.54797190e+00
 -2.46759883e+00  1.55427158e+00  7.23415132e-01 -1.65053410e+00
 -6.19240243e-01 -2.14405417e+00 -5.06920376e-02  6.15039084e-01
  6.20816139e-01  1.77649292e+00 -1.91150607e+00  5.59678451e-01
 -6.78997564e-01 -8.75400844e-01 -1.01185264e+00 -6.50835686e-01
 -1.68088531e-02 -7.62858334e-01 -1.84279438e+00 -8.97755715e-01
  1.29205470e-02 -2.82889413e-01 -5.39993686e-01  2.15463570e-01
  8.71227691e-01  1.90200409e+00  9.63375720e-01  6.91221550e-01
  1.21594703e+00  1.64412403e+00 -2.20959382e+00 -5.53367329e-01
  1.40622475e+00 -4.50706336e-01  8.45493388e-01  1.36079385e+00
  7.14681376e-01  2.44129590e+00  4.02453289e-01 -1.70250232e+00
 -4.07845300e-01  1.40360407e+00  1.28763724e-01 -2.35802473e-01
  6.52632325e-02 -6.55174246e-01  8.93815456e-01 -1.42895289e+00
 -1.65343486e-01 -5.33619370e-01  2.11049302e-02  8.34200902e-01
  2.67490031e-01  1.08440345e+00 -5.26099986e-01  4.73989190e-01
 -1.02461334e+00 -7.64179552e-01  1.09732225e+00  2.63572136e-01
  4.65965422e-01  7.30715322e-01  9.45019315e-01 -1.03599171e+00
 -1.47270008e+00  8.55259751e-01  4.81492526e-01  1.24036609e+00
  1.16825265e+00  8.52386352e-01  4.83064729e-01  1.44186713e+00
  5.87798293e-01  1.29901184e+00 -2.39359446e-01 -1.39930611e+00
  7.67864707e-01  1.40985302e+00 -5.40682734e-01 -1.55891704e+00
  6.34083950e-01  8.69474658e-01  9.07657319e-01  9.61621502e-01
 -1.05612743e+00 -8.05287579e-01 -2.57629884e-01 -1.46217488e+00
  1.37024227e+00 -4.68343983e-01 -1.80485091e+00 -5.40598504e-01
  6.98930400e-03 -1.87009014e+00  7.74221445e-01 -7.55649813e-01
  8.33215075e-01 -6.73753275e-01  7.32786379e-01  8.12187433e-01
 -7.16843888e-01  1.13027561e+00  1.18655793e-02 -5.48002800e-01
  8.41178364e-01 -1.37797470e-01  7.56773562e-01  1.09746617e+00
  1.64007925e-01 -4.83347199e-01  1.10821276e+00 -1.76829326e+00
 -2.33430972e+00  2.13491650e-01 -3.29792810e-01 -4.45932607e-01
 -2.93253540e-02 -1.09603124e+00 -5.82888423e-01  5.75296846e-01
  3.87715438e-01  6.53734652e-01 -1.22034455e+00  6.23476740e-01
 -8.43696714e-02  9.50580483e-01 -9.84800485e-01  1.05268526e+00
  4.11333281e-01 -6.68001515e-02  1.49443813e+00  7.60155069e-01
  9.53501184e-01  8.81163090e-01 -3.70923496e-01  2.87698603e-01
  1.04101212e+00 -1.04047491e+00 -1.11103773e+00 -2.83800023e+00
  4.94605450e-01 -2.29931338e-01  6.84514619e-01 -5.13696656e-01
 -7.86482420e-01  3.82695022e-01  1.24853508e+00 -1.30766818e+00
  5.08732008e-01 -1.84468840e+00 -1.32291044e-01  1.27153428e+00
 -1.34774430e+00 -1.10977407e+00 -7.65029048e-01  6.99566057e-01
  1.16670130e+00 -8.80859053e-01  5.23384466e-01 -1.94102310e-01
 -7.98577972e-01  2.20710526e+00 -1.67587352e+00 -4.20686377e-01
 -9.47434772e-01 -5.08580093e-01  5.55503141e-01  1.64361766e-01
  1.04098373e+00  1.27654822e+00 -2.10514846e+00  5.33296536e-01
 -8.24289642e-01 -2.82479204e-01 -1.37394147e+00  2.24996287e-01
 -7.18267326e-02  3.18510078e-01  7.21967882e-01 -8.99234899e-01
  8.76309943e-01 -4.76684346e-01  1.18292768e-01 -1.47741427e+00
 -4.81842561e-01 -2.68478726e-01  7.54387772e-01 -4.40257256e-01
 -1.06759820e+00 -1.79480654e+00 -1.16516759e+00 -5.48218427e-01
 -2.83016438e-01  4.41894968e-01 -5.11097381e-01 -1.78041265e+00
  1.07154695e+00  1.22015591e+00  1.42893973e+00 -6.56729852e-01
 -1.92326620e+00  8.69787935e-01  7.06609408e-02 -1.59475257e-01
  1.50566074e+00 -1.12977436e+00 -1.62781595e+00 -1.27737158e+00
 -1.17422720e+00 -1.58376223e-01 -2.43050810e-01 -4.59426798e-02
  6.21151711e-01  9.35574486e-01  1.59652339e-01  2.03838688e-01
 -2.60675133e-01  9.33043430e-04 -1.68882336e+00  1.30347685e+00
 -6.79216540e-01 -2.34970270e-01 -6.84661159e-02  7.21256285e-01
 -6.28014712e-01 -1.12849048e+00  4.87021600e-01  7.12346392e-01