-8.09836371e-01 -7.31098947e-01 -1.13872812e+00  5.71770422e-01
  6.65978702e-01 -2.98135546e-01 -1.09927285e-01  6.18616787e-01
  9.63637472e-01 -6.58182362e-01  7.09225772e-01  5.66925860e-02
  1.06741906e+00 -4.62270600e-01 -1.84892864e+00 -7.90185440e-01
  3.36941355e-01 -9.29498921e-01 -1.03709674e+00  3.67103676e-01
 -3.52115905e-02  1.77954291e+00  1.81436679e+00 -1.06668382e+00
 -1.92362198e+00  5.25510907e-01 -5.40705906e-01 -1.10599945e+00
 -6.53190306e-01  8.52604496e-03  1.31896304e-01 -5.36147443e-01
 -3.03763397e-01 -1.91121155e+00  2.02448944e-01  1.62406910e+00
  1.61838117e+00  1.17950969e+00 -3.15491688e-01 -6.93977307e-02
  5.28971745e-01  4.50060764e-01 -1.44959041e+00 -1.45282724e+00
 -5.23945401e-01  1.50017910e-01  1.52652612e+00 -1.67800329e+00
  4.88047229e-02 -1.43454147e+00  1.98568929e+00 -3.97229193e-01
  5.31623603e-02  1.08848037e+00  5.97596905e-01 -1.21629943e+00
 -9.89213712e-01 -1.13501879e+00 -7.80216592e-01 -8.97922200e-02
  7.28535343e-02 -1.52096775e-01 -3.71187384e-01 -1.29739133e+00
 -4.58228374e-01 -1.80220737e+00  3.56259669e-01 -2.93304592e-02
 -1.98512289e-01 -2.68822311e-01 -1.29960357e-01  6.29916789e-01
  5.76384057e-01 -6.51103579e-01 -8.94655694e-01 -2.45942700e-01
 -7.02230795e-01 -1.73177707e+00  6.65227655e-01  1.80651772e-01
 -4.58823216e-01  1.53871464e+00 -2.08725447e-01  6.68177962e-01
  1.49279096e+00  6.85265927e-01  5.08062285e-01  9.30272602e-01
 -1.23686738e+00  6.78986776e-01  1.77474294e+00  7.36548286e-01
 -2.75578927e-01  6.05108121e-01 -2.65099788e-01  2.31544956e-01
  4.84980454e-01  5.04030692e-01  3.59213286e-01 -9.57438272e-01
 -2.62919838e-02 -6.64568322e-01 -8.66378352e-01  5.22940337e-01
 -3.32519808e-01  1.10741448e+00  1.62552555e-01  3.80530114e-01
  9.04005274e-01  7.03089103e-01  1.56558866e+00  2.61265320e-01
 -5.36318812e-01  1.58150431e-01  4.01998982e-01 -7.83055273e-01
 -1.83264922e-01  2.80584735e-01 -8.48612812e-01 -1.18674381e-01
  3.07039520e-02 -1.50506886e+00 -4.65406338e-01 -1.51714621e-01
  1.07068298e+00 -1.66482182e+00  1.27967896e+00  1.54798571e+00
  1.40222696e-01  1.17834701e+00 -1.27656279e+00 -5.54284089e-01
 -1.10221026e+00 -5.84431273e-01 -5.35884013e-01 -4.78684394e-01
  1.07567925e+00  3.66613926e-02  1.49304816e+00 -1.13480132e+00
  1.91730376e-01 -7.61551192e-01  5.61618463e-01  3.44556323e-01
 -3.85157527e-01 -1.79155693e+00 -5.84308582e-01  1.72763513e+00
 -1.45209374e+00 -1.40620180e+00  3.84325442e-01 -1.16507452e+00
 -1.42768005e+00 -5.05234983e-01  6.90275368e-02 -6.67668940e-01
 -2.24700011e+00  9.42391038e-01 -3.36483689e-02 -3.95574106e-02
  8.81831694e-01 -4.84013968e-01  9.34511174e-01  4.71492455e-01
 -3.81157647e-01 -2.16153601e-01 -6.68398935e-01 -7.75175241e-01
 -9.07789227e-01 -1.00669372e+00  2.77554252e-01 -1.56898179e+00
  3.40208210e-01 -1.53921941e+00  9.25388161e-01 -1.44724062e+00
  4.45694249e-02  1.26552836e+00  8.07109565e-01  7.85530044e-01
 -1.34491131e-01  4.26626661e-01  2.36281360e-01 -8.84955807e-01
  1.79997643e+00  5.05445575e-01  1.11531521e+00  2.41178296e-01
 -3.54984665e-01  1.96582398e-01 -6.25590500e-01  1.06986422e+00
 -1.46589461e+00  5.40363719e-01  1.72523722e+00  1.38175945e+00
  1.31123832e+00  1.99380573e+00 -7.44232664e-01  1.00338165e+00
 -1.42960271e-01 -3.47708820e-01  8.94706099e-01 -1.16053663e+00
  4.18868013e-01 -5.53633222e-01  2.12595114e-01 -1.04018523e+00
 -1.26529179e+00 -1.88625911e+00  1.22888255e+00 -6.41117535e-01
  1.33586920e+00 -2.10397837e+00  1.32930790e+00  1.82404460e-01
  1.64252608e-01 -6.52887389e-01 -3.98421593e-01  1.42878981e-01
  8.98587006e-01  6.03616572e-01 -3.03332855e-01  6.33220405e-02
 -1.16709465e+00  8.97399055e-01  8.18300602e-02 -2.13464098e+00
  4.94030570e-01  9.22171109e-01 -8.16016787e-01 -6.72341841e-01
  3.06969455e-02 -5.88232080e-01  1.11958896e+00  4.56019439e-01
 -9.73070679e-01 -2.62531313e-01 -2.38834617e-01 -2.07224915e+00
 -1.00377595e+00  1.08514068e+00 -7.47106310e-01  1.35244699e+00
 -2.21865270e-01  9.19108719e-01  2.42904539e-01 -1.34052843e+00
 -2.85116203e-01  1.81239314e+00 -2.45631028e+00 -5.60192842e-01
 -3.55654284e-01 -1.10271923e+00  1.52314002e+00 -3.63857391e-01
 -7.90914270e-01  2.10305370e+00 -4.05177047e-01  6.02983356e-02
  1.08289424e+00  2.31342268e+00  5.08784636e-01 -6.21795778e-02
 -2.32036395e-01 -9.62255842e-01  8.11151857e-01  1.30609168e+00
 -8.47412713e-01 -2.29505139e-01 -5.29484547e-01 -1.55677736e+00
 -2.04958079e+00 -1.02502917e+00  2.09963115e+00 -4.11386242e-01
 -5.24137693e-01  1.26597778e+00 -8.61282139e-01  7.39783861e-01
 -1.49020774e-01  1.45202509e+00 -1.12538111e+00 -5.15399167e-01
  7.23465313e-01 -9.02238618e-01 -2.12768448e+00 -5.54196235e-01
 -3.12077073e-01  1.31722594e+00 -7.78604845e-01  1.88464186e+00
 -1.44802304e-01  4.51074033e-01  1.75227185e-01 -8.80838380e-01
  6.88469399e-01 -6.44226604e-01 -5.28772353e-01  8.05511294e-01
  4.07346129e-01 -6.73045607e-01  1.79125476e+00 -4.58258530e-01
  9.89750720e-02  1.63489184e+00 -9.12580689e-01  4.81736905e-01
  5.90317944e-01  9.79707561e-01 -1.42416270e+00  8.86791466e-01
 -1.04351504e+00  1.24481967e+00 -6.39675223e-01 -8.42444202e-01
  1.25783194e+00 -1.18226601e+00  1.67359001e-01  8.86639282e-01
 -1.13519364e+00  1.58759794e-01  3.51025306e-02 -3.77433721e-01
  1.48002810e-02 -1.39985101e+00 -7.88441505e-01  1.48033467e+00
  4.08717985e-01 -5.41204867e-01  9.40046372e-01 -1.28330301e+00
  9.46671471e-01  1.09620985e+00 -4.54048817e-01  3.43937120e-01
  7.75084192e-01  1.08478752e+00 -1.53687295e+00  1.37561831e+00
  5.99653423e-01 -1.81605326e+00 -1.61473046e+00 -5.41430145e-01
  1.63543015e+00 -3.95195870e-01  1.05578153e+00 -2.12581595e-01
 -5.30186157e-01  4.32156192e-01 -1.07979388e+00 -1.00565282e+00
  1.69248273e+00 -1.93964433e-01 -1.63792967e+00 -7.17057429e-01
 -1.00880143e+00  4.25199864e-01 -2.01675770e+00  1.50895259e+00
 -5.46594745e-01 -2.34923892e-01 -6.93753511e-01  1.50862614e+00
 -1.38775093e-03  4.35848726e-01  1.79588504e+00  3.16672147e-01
  1.01613010e-01  5.68060939e-01  1.29425931e+00 -3.90134937e-01
  1.40274065e+00 -1.59378567e+00 -3.30659439e-01 -3.68778884e-01
  1.58949825e+00 -6.54757079e-01 -2.00866695e-01 -1.01348014e+00
 -4.78400551e-01  4.88816089e-02 -3.74429179e-01  1.02732513e+00
  6.72510742e-01  1.69939363e+00 -2.04914816e-01  1.82777082e+00
 -9.17882059e-01 -7.54767361e-02 -4.68236346e-01 -1.85284904e+00
 -2.50636766e+00 -9.15252803e-01  4.59306463e-02 -5.15306961e-02
 -2.05574600e-01 -4.42653430e-01  9.95267106e-01  3.12753859e-01
 -8.29217755e-01 -1.75887287e+00 -8.00309571e-01  3.36846231e-02
  4.70793119e-01  7.32633715e-01 -5.40156420e-01 -1.69072332e+00
 -5.33493993e-01  8.17591421e-01 -9.94896252e-01 -1.46048228e+00
 -2.98083666e-01 -6.09839136e-02  7.85924970e-01  5.18454532e-01
  1.40820310e+00  4.64618359e-02 -1.05260487e+00 -6.64399658e-01
  1.74747078e-02 -7.73582118e-01 -2.38576264e-01  2.66247579e-01
 -3.42109600e-01 -1.00480847e+00  2.39702736e-01 -5.48678659e-01
 -9.39816679e-01  2.30169595e-01  1.50198475e+00 -6.48677955e-01
  1.71143646e-01 -4.48697574e-01  7.82001238e-01 -3.65681020e-03
 -1.35841437e+00 -9.12469869e-03 -4.50587773e-01 -8.16859793e-01
  2.56433078e-02  1.22970626e+00  2.83774613e-01 -5.99060243e-01
  7.27016598e-01  5.63631700e-01 -2.76746005e-01  4.70345667e-01
 -3.83721416e-01  3.20434328e+00  3.76780579e-01  3.63496078e-02
 -1.89304181e-01  1.88614655e-01 -9.25542572e-01 -1.66540545e-01
 -8.24639686e-01  7.19087306e-02 -7.18486898e-01  5.51001638e-01
  1.15028745e+00 -1.71386893e-01  2.35251914e+00  1.21156427e+00
  1.36159619e+00 -1.48629752e-01  1.14822379e+00 -1.20664010e+00
 -1.44322142e+00 -1.17831269e+00 -2.13451292e+00 -1.33552060e-01
  2.98000940e-01  1.53871403e+00 -6.84633388e-01  1.06786478e+00
 -1.02752513e+00  9.15045205e-01 -3.34642688e-01  1.35470850e+00
 -1.76930671e+00 -2.29262093e-01 -5.18726732e-01 -9.58147326e-01
  2.73081281e-01 -6.55672866e-01  8.56119389e-01 -3.86340668e-01
 -5.08545740e-01  5.56730724e-01  4.67376255e-01  9.52790362e-02
 -1.02328333e+00  3.59070872e-01  1.14669785e+00  9.54553133e-02
  1.67355309e-01 -1.94805393e-01  6.98642696e-01 -6.84148895e-01
 -6.09456350e-01  1.82291055e+00 -3.73169989e-01 -1.92390372e-01
  6.47089227e-02 -7.19503900e-01  1.96916882e-01 -1.42557529e+00
  2.77554539e-01  5.32496052e-01  1.81884178e+00 -1.01759811e+00
  1.57741989e-01 -4.34467207e-01  1.20236813e+00 -7.81049423e-01
 -1.36576010e+00  1.77237643e-02 -7.73880390e-01  1.85377348e+00
  2.67987189e-01  3.21638012e-01  2.47555428e-01 -6.24789687e-01
  3.85758091e-01 -2.62379280e+00  5.74790835e-01  6.32312672e-01
 -4.48483801e-01  5.99311531e-01  7.76737817e-01  1.92491338e+00
  2.64806741e-02  1.67649866e+00  9.66500213e-01 -1.07242328e+00
 -2.23949716e-01 -1.68044333e+00  3.29185665e-01  6.39953585e-01
 -7.30222041e-01  2.50998954e-01  7.95562860e-01 -1.02182841e+00
 -3.19689484e-01 -3.11184786e-01  5.34500466e-01 -9.54773463e-01
 -6.72817577e-01  1.05876862e+00 -3.41836194e-03  1.72550602e-01
 -8.76680131e-01 -3.86705335e-01  8.78876756e-01 -2.86234359e-01
  1.08710110e+00 -7.61818034e-01 -2.42921538e-01  7.11828233e-01
  2.23056455e-01 -1.57908965e+00 -2.58462332e+00 -8.69449403e-01
  1.72117275e+00  1.80572055e+00  2.87312638e-01  1.46473221e-01
  2.30711751e-01 -1.28318747e+00 -9.55289479e-01 -1.54762861e+00
 -1.55935570e+00  2.90787327e-02 -2.16365761e-01 -6.88826956e-01
 -1.67387297e+00  5.42782472e-01  1.43332282e+00  1.47762818e+00
  1.11043031e+00 -5.74264073e-01  6.19432645e-01  2.68701805e-01
 -3.98099144e-01 -3.82034133e-01 -3.75500528e-01  3.73566952e-01
  8.38304730e-01  8.07272776e-01  1.81398955e-01 -1.38660139e-01
 -9.02417710e-01 -4.93480721e-01  7.06753329e-01  6.78679964e-01
 -1.23811023e+00  1.45289130e+00  3.39141339e-02 -1.87360283e-01
  8.10557650e-01  6.70276557e-01 -3.49545865e-01 -6.41699474e-01
  7.20076751e-01  1.46382546e+00 -1.37238459e+00 -4.86943265e-01
 -8.74819429e-01 -1.20779464e+00  2.07062377e+00  1.81826883e+00
  1.39485110e-01  5.98605377e-01  1.24101588e+00 -9.58420507e-01
  3.17119072e-01 -1.30082757e+00  1.41909315e+00 -1.20307778e+00
  5.00415087e-02  1.59919765e-01 -6.12459742e-01  6.54042205e-02
 -1.58547225e+00  9.38625189e-01  6.08569734e-02  5.33242590e-01
 -1.37657690e+00  1.24899495e+00  1.62967430e-01  1.64776724e+00
  4.72717659e-01  8.11549125e-02 -1.03592580e+00 -4.16821673e-01
 -1.93548862e+00 -7.01029192e-01  4.69039056e-01  7.76795312e-01
 -8.22293854e-01 -1.13661181e+00  3.36839948e-01 -2.05790237e+00
  1.03027678e-01 -9.16714752e-01  4.03248710e-03  1.53729358e-01
  6.16575747e-01 -2.35795780e+00  1.36336622e+00  9.36574929e-01
 -3.14989074e-01  5.80916714e-01  3.17254523e-02  3.97852665e-01
 -7.52969644e-01 -1.11399660e+00 -8.32891066e-02  7.21998925e-01
  1.16168680e+00 -1.23296973e+00  9.74395371e-01  7.02834989e-01
  3.42397665e-01 -6.23664365e-01 -1.39524681e+00 -6.80149155e-01
 -9.35764011e-01 -4.99342956e-01  8.01776219e-01  7.18394498e-01
 -7.24475889e-01  5.62721733e-01 -3.34047350e-01  9.17276080e-01
  1.70448154e-02 -1.90798710e+00 -1.78283322e+00  7.38478258e-01
  8.32564053e-01 -1.18883010e+00 -8.60654835e-01 -4.42195993e-01
 -1.58811855e+00  1.07443891e+00 -4.12036109e-01  8.73065268e-01
  2.53442455e-03  1.04533969e+00 -2.58145391e-01  1.85078421e+00
  1.46200612e+00 -1.30821648e+00 -5.00718282e-02  7.14211461e-01
 -7.92232710e-01 -4.66192458e-01 -3.86601331e-01 -5.41045805e-01
  2.21059156e+00 -4.84591482e-01 -5.12794168e-01  4.58451924e-01
 -9.81092385e-02  4.39457612e-01 -7.20947346e-02 -1.01801551e+00
  1.50979064e+00 -1.41703494e+00 -2.20671597e-02 -1.12458869e+00
 -1.55772429e+00 -7.54677940e-01  9.55968366e-01 -3.37548683e-01
  2.74922135e-02  7.95504038e-01  1.03478081e+00 -7.39335337e-01
  5.07048112e-01  9.88284892e-01 -8.72946572e-01  1.39593790e+00
 -4.23149838e-01  6.63405934e-01 -3.85980424e-01 -2.18049784e+00
  1.90638547e-01 -1.20879848e+00 -3.99864258e-01 -4.26209882e-01
  1.32320375e+00  1.43432827e+00  4.77276403e-01 -2.59583347e-01
  3.81995871e-01 -1.91685295e+00  8.51284107e-02 -1.60084669e+00
  1.53961620e+00 -1.51310009e-01  8.24561797e-01 -1.94706489e+00
  6.05639467e-01  3.32150241e-01  6.51054318e-01  1.75374102e+00
 -1.91173229e-01  8.73003726e-01 -6.83881679e-02  3.87019203e-01
 -2.90822380e-01 -9.94461565e-02 -6.78839201e-01  1.86009542e+00
 -1.99245165e-02  4.68277095e-01 -1.62705870e+00  2.49012881e+00
 -2.69410857e+00  5.28347568e-01 -7.32114063e-01  3.44043309e-01
 -8.72499424e-01  6.57405121e-01  1.39935658e+00 -1.13391284e+00
 -1.62089819e+00 -5.91807869e-01  4.32226937e-01  7.47995798e-01
  2.02224800e-01 -2.06084576e+00  3.62940110e-01 -6.70166270e-01
 -7.60468349e-01  1.88333475e+00  2.41715579e+00 -3.15608910e-01
 -5.61847354e-01  1.99944977e-02 -6.48702604e-01  4.69712686e-01
 -5.60582111e-02  2.14798384e+00 -1.50431511e-01  2.25930554e-01
  1.14352267e-01  1.96081120e+00  1.77839438e+00 -9.96564016e-01
 -9.97297950e-01  1.62366432e-01  2.54598463e-01 -4.36543708e-02
  1.30546967e+00  5.43309751e-02  1.86830203e+00 -5.54394480e-01
  1.37097184e+00  4.89916592e-01 -2.38049652e+00  1.30522318e-01
  5.15693109e-01 -6.56610153e-01  8.17895026e-01  2.31968755e-01
 -1.86079536e-01 -7.34956666e-01 -4.55996079e-01 -3.15492823e-02
 -1.47164989e+00  1.43445660e+00 -1.17774309e+00 -5.86027222e-01
 -7.10406756e-01  1.00488027e+00  5.26929684e-01 -5.98288478e-01
  4.28156343e-01 -1.74102555e+00  6.85942368e-01  9.17122698e-01
 -2.18003204e+00  1.29100807e+00  2.68345480e-01 -3.51259998e-01
  1.41175292e-01 -5.80718537e-01 -7.00042433e-02  2.32688918e+00
 -1.65851579e+00  1.15905575e+00 -1.81358343e+00 -2.24429782e+00
  7.75121639e-01  8.18107338e-01  2.99050576e-01  1.00098456e+00
 -1.40343267e+00 -1.42632748e+00  1.08381305e-02 -9.40838211e-01
 -8.67305327e-01 -8.72831342e-01  8.36611248e-02 -9.51403281e-01
 -3.69114796e-01 -5.58832508e-01  6.44285282e-01 -1.01190945e+00
 -9.93369569e-01 -1.46657580e+00  6.11437504e-01 -1.33922222e+00
  6.83756780e-01 -2.36948538e+00  5.53934869e-01 -1.88125927e-02
 -1.80728660e-01 -1.11995860e-01 -7.07365721e-01  1.88158917e+00
  1.87604988e-01 -2.07668565e+00  2.48653191e-01 -3.18264516e-01
 -1.50606124e-01  1.03676507e+00  1.65763496e-01 -1.37110749e+00
 -1.53774996e+00  9.53116756e-02  3.26276018e-01  1.91578898e+00
 -3.95504148e-01 -5.30082460e-01 -1.41917277e-01  1.79121520e+00
  4.53535134e-01  2.01590931e+00 -3.96613286e+00 -1.72597974e-01
 -1.49576811e+00  2.89753537e-01 -4.73988801e-01  5.17891750e-01
 -1.22875938e+00  1.50723152e+00 -2.64001044e-01 -7.38595413e-01
 -1.93700360e-01 -9.01713427e-01  3.69172486e-01  7.72204802e-01
  6.74702703e-01 -5.06170620e-01  7.14059694e-01  2.13290066e+00
  2.96535057e-01  6.15837736e-01  1.29146443e+00  1.03827863e+00
  9.67304582e-01  1.01702134e-01 -1.35053588e+00  2.66929826e-01
 -1.99119414e+00 -1.17101633e+00  9.25361279e-01  1.70360980e+00
 -6.51190684e-03  3.36789905e-02 -1.53672847e-01  1.34063883e+00
  1.27901403e+00 -1.01466909e+00 -7.62079874e-01 -7.68715226e-01
  6.27524451e-01 -5.72131947e-01  2.54966430e-01 -6.88471185e-01
 -3.14071202e-02 -1.15759131e+00  8.29830826e-01 -1.05243968e+00
  5.55582742e-01  1.96935325e-01  8.32986705e-02 -3.68942267e-01
  1.01629598e+00 -1.22091214e+00  2.36407493e+00  3.48875007e-01
  6.09139804e-01 -1.20631250e+00  4.53841615e-01  7.12681239e-01
  6.69869138e-01  2.04952337e+00  8.40163145e-02 -6.59903617e-01
 -4.90276470e-02  2.55310397e-02 -1.80981536e-01  1.62964409e-01
  1.00034859e+00  6.24223087e-02 -3.20498181e-02  2.37917325e-01
 -9.56474373e-01  4.85729324e-01  1.39273836e+00  2.10757243e-01
 -4.42424806e-01 -1.39361498e+00  1.18999449e-01 -9.49346776e-01
  5.05559806e-02 -4.90908369e-01 -1.03159680e+00  8.78490508e-01
  3.82292547e-01  1.02462928e+00 -7.70776705e-01  4.06802699e-01
  1.06263648e+00  4.35617300e-01 -7.59765750e-01  3.99713001e-01
 -9.00523445e-01  7.60013635e-01  1.87635388e+00 -4.67378020e-01
 -3.51665351e-01 -7.66069471e-01 -3.99069093e-01  1.46276714e-01
 -8.30739882e-01  5.55026428e-01 -2.98335049e-01  1.11055067e+00
 -4.32138757e-01 -9.42003189e-01  8.81840884e-01  6.02734831e-01
  2.66310195e-01 -2.89679384e-01  1.23121681e-01 -1.97338711e-01
 -1.31761800e+00  1.02618887e+00  1.16473845e+00  2.99508606e-01
 -1.55930317e+00  4.56124488e-01  1.42639985e+00  9.73378537e-02