-2.07270738e-01 -3.63534340e-01  7.85231961e-01  1.72117245e+00
 -3.45158706e-01  2.15325995e-01  3.26675255e-01 -2.03580725e+00
  4.47027377e-01  7.41079382e-01 -2.61644325e-01 -5.18699152e-01
 -2.48328741e-01  2.33876189e-02 -1.39521075e+00 -2.84530959e-02
  1.56024965e+00 -2.52386666e-01  4.83557668e-01 -1.08459810e+00
 -1.31583295e-01 -7.21653107e-01 -9.67624852e-01  7.60699259e-01
 -5.25228673e-01 -8.90962050e-01 -1.74319047e+00 -5.15266432e-01
 -1.03736766e-01  1.17285099e+00 -1.78892835e+00 -8.80464211e-01
  1.96206161e+00  1.29205089e+00 -1.48024654e-03  2.13379107e+00
  9.77058695e-01 -6.21588527e-01 -5.63770155e-01  1.40942516e+00
 -3.43923474e-01 -5.63362902e-01  1.03847750e+00  6.04284818e-01
  1.46855582e-01 -4.11918250e-01  1.28169493e-01 -3.56701857e-01
  1.50081898e-01 -7.88397028e-01 -3.37672876e-01 -5.61524875e-01
 -8.73200747e-01 -1.28388067e+00 -1.01766299e+00 -4.00318174e-01
  5.55844024e-01 -6.26326496e-01  1.45422694e+00 -7.23862317e-01
  1.22725579e+00 -8.61109368e-01  1.39018379e+00  5.89578874e-01
  9.63730126e-01 -4.88571215e-01  1.16030640e-01 -4.49334053e-02
  6.21865210e-01 -1.42245497e+00  5.02981573e-01 -3.48979172e-01
 -5.65918120e-01 -1.46004294e+00 -2.78531123e+00  1.77388667e+00
 -3.10056596e-01  1.56574722e+00  1.35431287e-01  9.56922701e-01
 -1.12351568e+00  3.71559064e-01  4.83780695e-01 -2.48685269e-01
 -7.26908443e-01 -1.37404691e-01 -2.57497117e-01 -1.54684947e+00
  1.06194559e+00 -1.52658415e-01  1.17957909e+00  1.22121925e+00
 -8.53214366e-01 -4.67090835e-01 -1.64063027e+00 -1.01613418e+00
 -7.11106796e-01  5.22307001e-01  1.83070953e+00  1.68496699e-01
  1.44441807e+00 -1.78512768e-01  5.42480893e-01  7.15327515e-01
  2.12363340e-01 -1.29291864e-01 -3.83421517e-01  6.81038323e-01
  3.58785172e-01  1.19278637e+00  6.72599633e-01  1.92452318e+00
  3.13443937e-01  1.80707550e+00 -6.22747661e-01 -3.72761917e-01
  7.60397896e-01 -2.17081956e+00  1.56007819e-01 -1.46838468e+00
  9.24584894e-01 -5.06656669e-01 -1.06316927e+00 -1.31772542e-01
  1.48896909e+00  5.42585732e-01  2.04159821e-01  1.69013648e+00
 -2.03931378e+00 -1.55620313e+00  2.47880383e+00 -1.89879814e+00
 -1.44275732e+00  5.10819707e-01  1.10841088e+00  1.21056464e+00
 -1.10484634e+00  1.12831082e+00  3.11682831e-03  1.98462473e+00
 -1.04862020e+00 -2.42714113e-01 -8.52386501e-01 -5.34551484e-01
  4.94113005e-01 -1.23489883e+00  7.63805304e-01 -6.17950960e-01
  9.30985123e-01 -2.04531932e+00 -3.16966364e-01  1.11353562e+00
 -2.40697195e+00  6.97152365e-01 -1.01357163e-01  5.48390209e-01
 -7.71343176e-01 -1.47973645e-01 -9.76878041e-01  1.21451528e+00
  1.25137919e+00 -2.63100399e-01  3.59743053e-01  4.50740803e-01
 -1.44489501e+00 -3.09935489e-01 -1.39085502e+00 -1.01652391e+00
 -4.72569214e-01  2.17817023e-01 -1.11266238e-01 -1.98847989e+00
 -1.01386376e+00 -2.14826188e+00 -2.15629326e-01  1.54063731e+00
  4.23535509e-02 -9.44085337e-01  1.12028172e+00  1.52033116e+00
  1.11902572e+00 -2.09936053e-01 -1.01163862e+00 -1.39105740e-01
  6.64314110e-01 -1.02120664e+00  4.69749420e-01  3.56366395e-02
 -2.04557770e-01  1.73003070e-01  3.91054027e-01 -2.62352758e-01
 -7.70104158e-01  9.15735698e-01 -3.87246606e-01  7.52939843e-01
  1.27896935e+00 -4.67327052e-01  2.03312770e-01 -1.84111376e-01
 -1.05733294e+00  6.60710061e-01 -1.71760868e+00  3.93440235e-01
  7.45542139e-01 -2.69694930e-01 -1.58456932e-01 -1.04338649e+00
  7.65008098e-01 -5.44816726e-02 -1.11731974e+00  6.20905080e-01
  2.52629594e-01 -1.75945487e+00 -7.31239699e-01  3.98618540e-01
  3.99280355e-01  7.87734986e-01  9.74246690e-01 -6.19574633e-01
 -4.18693006e-01 -4.45945071e-01 -9.10106590e-01 -4.14728930e-02
 -7.49741027e-01  3.50742577e-01 -6.90922831e-01  1.60755352e-01
 -6.99034850e-01  2.03632079e-01 -1.66723853e+00  5.58925761e-01
  1.25430258e+00  1.19793338e-01 -1.31026738e+00 -4.71744022e-01
 -6.78089192e-01 -9.41850439e-01  1.14754673e+00  7.82104978e-01
 -4.92010311e-01 -7.28028070e-01  5.94656941e-01  7.31662579e-01
 -2.74682720e-01 -6.28982642e-01 -2.01438984e+00  4.65268988e-01
 -1.83684939e-01 -2.64055525e-01 -2.14669715e+00  4.12550813e-01
 -9.06496675e-01 -6.60241098e-01 -1.09473154e+00  1.01103581e+00
 -1.08673788e-01  6.59768760e-01  1.06896464e-01  1.48105911e+00
  6.71985787e-01  1.46820400e-01  9.94535740e-01 -1.75658856e+00
  6.82015490e-01  2.04173155e+00  2.08851611e-01 -1.52762849e+00
  1.17040290e+00 -1.33227637e-03 -2.28642862e+00 -1.28490834e-01
  4.77623844e-01 -1.01917139e+00 -7.72656418e-01  2.28941520e+00
  2.60310304e-01  5.84119715e-01 -3.78675894e-01 -5.67304896e-01
 -1.02969715e-01  9.05759807e-02 -1.33174607e+00  1.08478833e+00
  2.33028589e+00  8.10681037e-01  5.64449638e-01  2.43860177e+00
 -4.80493837e-01  3.19312898e-01 -1.61856688e+00 -5.76075265e-01
  3.33008588e-01 -1.47609925e+00 -1.61514251e-01 -7.86357473e-01
  1.14872381e+00  5.58369009e-02  1.08850340e+00 -1.07520318e+00
 -2.22034409e-01 -4.99781214e-01  4.24419710e-01 -1.34714851e+00
  5.01025951e-01 -1.37037648e+00  2.59978686e-01 -5.98300422e-02
 -4.58470477e-01  8.84309697e-01  7.93773819e-01  1.45804053e+00
 -5.91767905e-02 -1.06077724e+00  2.14881146e-02 -1.35961640e+00
 -1.33909461e-01 -9.57810225e-02 -8.26106956e-02 -1.16352421e+00
  2.48098872e-01 -1.40049111e-02 -8.41007827e-01 -9.72740664e-01
  1.31203187e+00  1.38332574e+00 -4.01845924e-01 -1.55410396e+00
  5.26089110e-01 -8.71052441e-01  8.97662380e-01 -6.05649529e-02
  4.49074464e-01  2.81388012e-02 -5.86877479e-01 -2.83771424e-01
  2.50990270e-01  1.46816621e+00  2.67798149e-01  1.18825550e+00
  1.33114002e+00  1.07043947e+00 -1.63249475e+00  2.46749174e-01
 -1.35214701e+00 -6.14526639e-01  7.00442914e-01 -1.72335840e+00
  1.55002310e-01  1.86458696e+00  2.22244289e-01 -8.90224323e-02
  8.21951058e-01 -8.65458207e-01 -8.70231660e-01 -7.21378060e-02
 -2.08145282e+00 -6.37526370e-01 -9.40222302e-02 -1.43083111e-01
 -5.79962531e-01 -4.59492082e-01 -1.33004470e-01  6.40828940e-01
  6.33457089e-01  1.08229571e+00  6.55420040e-01 -1.75661836e-01
 -2.87451817e-01 -1.12449216e+00 -3.78223835e-01 -7.84719668e-01
  9.25570996e-01  4.91625700e-01 -5.63272760e-01 -6.73307296e-01
 -6.11393258e-01  1.47108870e-01  3.57644368e-01 -1.21497834e+00
 -4.42297710e-01 -8.98500104e-02 -5.16796510e-01 -6.72576326e-01
 -8.08271031e-01 -8.20794028e-02  7.67039579e-02 -9.72706485e-01
 -2.96155029e-01 -5.25616184e-01 -1.16585696e+00 -6.39455467e-02
  2.59849395e+00  6.21486506e-01 -3.11452929e-01  2.27689596e+00
  1.02995773e-01 -1.53799465e+00 -1.05078039e+00  1.24350529e+00
  1.11050577e+00  3.00498251e-01  1.21288884e+00  9.69570869e-01
 -1.21705457e-01  2.48925105e-01  6.55880753e-01 -9.72421241e-03
 -1.00268497e-01 -2.06614134e-01 -1.67397428e-01 -1.34181471e+00
  2.68030884e-01 -3.97174164e-01  2.05985027e+00 -1.20855102e-02
 -5.42016992e-01 -2.18073254e+00 -7.17933312e-03 -8.92588947e-01
 -6.11716081e-01 -2.18251302e+00  7.18632484e-01 -1.77310877e+00
 -7.74725625e-01 -1.90518401e-01 -1.53544779e+00  5.21623660e-01
 -6.38846534e-01  7.48524388e-01  1.40322171e+00 -4.89172406e-02
  1.70218665e+00 -7.19059198e-01 -4.44382591e-01 -3.25700477e-01
 -1.26500167e+00  1.05702302e+00 -1.84768530e-01  6.21234982e-01
 -6.19073501e-02  1.34589877e+00  1.85822383e-01 -1.49002924e+00
 -4.29034933e-01 -3.79618647e-01  2.04607410e+00  6.13506781e-01
 -1.15161308e+00 -9.22784835e-01 -6.13144263e-01  1.19491839e+00
  1.11459082e+00 -1.01359422e+00  1.46718776e+00 -4.32161840e-01
  8.88021781e-01 -2.87355368e-01  2.92640759e-01  1.02137117e+00
  1.59381694e+00 -1.48134720e-01  7.69641632e-01  2.31023080e+00
  4.33595320e-01  4.87495575e-01  9.98610414e-03 -2.72042810e-01
 -6.21350054e-01  4.54844539e-01  5.99689244e-02  2.56399399e-01
  1.90212108e-01  1.49582120e-01 -9.27846995e-02  1.02289651e+00
  8.91866622e-01  5.16906160e-01 -2.18372042e-01  1.27431078e+00
 -1.08795932e+00  4.33044667e-01  4.86292928e-01  1.22733810e+00
 -4.37554334e-01 -5.42832770e-01  6.49926611e-01 -1.15831540e-01
  2.11599769e+00  8.54380857e-02  7.00799330e-01  5.80633159e-01
 -1.26738130e+00 -6.38127827e-01  2.16910418e+00 -1.11368860e+00
 -1.13037982e+00  1.34615714e+00  1.06604115e-01  4.79768097e-01
 -1.45572547e+00  3.63204248e-02  1.39651222e+00 -2.28271473e-01
 -2.04190153e+00 -1.01141231e-01  1.98575536e-01  7.38599908e-01
 -6.52045497e-01  1.73432000e+00  1.78211028e-01  6.95809172e-01
  1.78550159e+00 -2.91402285e-01  1.01707039e+00 -7.45901694e-01
  1.56763997e-01  1.75071466e+00  1.43750617e-01 -2.14824190e+00
  4.72980717e-01  2.42635766e+00 -1.54458411e+00 -5.09825257e-01
  9.40413470e-01  2.73559112e+00  8.30624615e-01 -6.89466322e-01
  7.15293530e-01 -7.53689777e-01 -5.38044035e-01 -1.13492564e+00
  2.26729702e-01  3.23319382e-01 -3.66852001e-01  1.01913939e-02
  1.04482598e-01 -9.62204891e-01 -2.58166753e-01 -8.13011231e-01
 -1.48296163e+00 -1.31915513e+00  1.68071667e+00 -1.43113740e-01
 -9.09352197e-02  1.78231120e+00 -1.32775538e+00  8.22518029e-01
  2.33473169e-01 -7.61174545e-02  4.86478773e-01  1.30379916e+00
 -3.81263977e-02 -6.08755844e-01 -1.35776061e+00  1.42923327e+00
  8.16263440e-01 -2.40357776e-01  1.73643703e+00 -1.00830873e-01
  1.54286926e+00  2.34588828e-01 -7.09245308e-01  7.86055095e-02
  3.05073540e-01 -1.40907533e-01 -5.39869882e-02  2.34470040e+00
 -5.65216072e-01 -1.42249214e+00  3.04813178e-01  6.38002163e-01
 -1.36834605e+00 -4.86339947e-02 -1.13783671e-01  9.40434112e-01
 -6.20999155e-01 -5.06541368e-01  7.31726727e-01  1.00801740e+00
  8.50376616e-02  2.44190383e-01  1.31345835e+00  1.82241786e-01
  8.41752335e-01  7.14039962e-02 -3.42811483e-01  8.52683582e-01
 -1.06538965e+00 -2.37513686e+00 -8.10132365e-01  1.90409981e-01
 -3.05684554e-01  3.21737620e-01 -8.17650218e-01  3.14858822e-01
  3.02313095e-01  1.07863563e-01  1.15722981e+00  5.09002236e-01
 -1.33881340e-01 -3.79809379e-01 -1.75903741e+00  1.53754604e+00
 -1.19927037e+00 -6.54059953e-01 -3.72657492e-01 -2.90488491e-01
 -4.89017338e-01  5.63025219e-01 -1.13902126e+00  2.56750466e-01
 -1.35486462e+00 -1.01446195e+00  9.05228820e-03 -8.31252620e-01
 -3.30483641e-01 -6.11266179e-01 -1.27734934e+00 -2.44274747e-01
 -1.12167092e+00  1.36765682e+00 -2.07710823e-01  1.75862549e-01
  1.54795728e+00  7.48540302e-01 -1.09967678e+00  4.21771896e-01
  8.55817176e-01  7.95366446e-01  9.77629088e-01 -2.64420610e-01
 -3.41582546e-01 -1.20826381e+00 -2.29504921e-01  3.08261814e-01
  1.52040057e+00 -5.29874893e-01  1.80641216e+00  2.56771189e-01
 -1.24900733e+00  5.76378542e-01 -1.92604461e+00  9.08109593e-01
 -8.63794402e-02 -3.92560436e-01 -1.77046666e+00  1.00786795e-01
  4.41391435e-01 -2.18408227e-01  4.27274161e-02 -1.85189915e-01
 -3.69129619e-01  6.84383739e-01 -3.87165822e-01  3.49993350e-01
  6.40202854e-01  6.86588599e-01  7.52488146e-01 -4.81314318e-01
 -1.57656600e-01  2.64305571e-01  2.32849874e-01 -2.50963845e-01
 -3.21322943e-01  7.06166068e-01 -2.22620899e-01 -3.26240149e-01
  1.54048085e+00  8.96334916e-01 -2.09799339e-01  1.82005854e+00
  4.85314762e-01 -1.24756401e+00 -5.12675135e-01  5.03682030e-01
  6.09095334e-02  5.81702402e-01 -1.53326975e+00 -6.68336033e-01
  1.41042869e-01  2.05261976e-02  2.09128020e+00 -6.68073117e-01
 -4.26726423e-01  2.96094346e-01  1.32156792e-01 -1.00384101e+00
 -6.39930671e-01 -3.41540837e-01 -4.77680275e-01 -6.09041195e-01
 -2.08342117e-01  1.37335171e+00  1.04400946e+00 -6.45675139e-01
  2.22097530e+00  6.94538332e-01 -1.04270892e+00 -2.13059956e-01
  3.93097917e-01 -2.41252961e+00  3.53548381e-01  2.88395657e-02
 -2.48313656e+00 -8.85212768e-01  1.49884293e+00 -2.92414754e-01
 -4.59754012e-02 -1.99497605e-01 -5.12019643e-01  2.82398698e-01
  6.59342004e-01 -9.35612509e-01  2.95372415e-01  4.69722963e-01
 -4.87706802e-01  5.03335330e-01  4.74311706e-01  4.36844598e-02
  6.97683389e-01 -1.66536598e+00  4.41302245e-02  6.18514541e-01
  8.16934171e-01  5.53272205e-01 -9.00894505e-01 -1.98565698e+00
 -4.94869039e-01 -1.50671076e+00  6.24081675e-01 -6.76671879e-01
  3.19899788e-02  8.86595082e-01  1.14926631e+00  1.28135719e+00
  6.96370556e-01  9.29150510e-03  1.78007573e-01 -7.04712873e-01
  6.00786352e-01  1.67924520e-01 -8.13029487e-01 -7.33281637e-01
 -6.80039430e-01 -8.22116489e-01  2.45087979e-01 -5.44523977e-01
  3.95681574e-01 -4.42547308e-01  4.42670327e-01  9.29945663e-01
  1.24131203e-01 -3.03272727e-01  2.56918514e-01  2.81424299e-01
  1.31303229e+00  1.94660530e-01 -4.62458939e-02 -1.16656027e+00
  5.09517309e-02 -2.22610526e+00  1.58477886e+00  3.23384843e-01
 -1.19313451e-01  4.95635325e-01 -1.19354947e+00 -1.72891027e-01
  9.17768525e-01  3.43309556e-01 -2.48308876e-01 -6.43978153e-01
 -2.05219125e-01 -6.76390335e-02  1.52614834e-02  5.27937588e-01
  1.16508801e-01 -9.19618506e-01  1.53420530e-01  2.89214537e-01
  1.28044818e-01  8.31672310e-01  8.26445794e-01  8.40498944e-01
  3.44428802e-01  7.49238225e-01  1.13452386e+00  3.75393233e-01
  1.09538021e+00  4.28975682e-02 -6.28163350e-01  1.33834607e+00
  4.18880715e-01 -2.45549626e+00 -1.25819038e+00  6.13403883e-01
 -3.30127061e-01 -1.02700494e+00 -9.07529777e-01  9.78158428e-02
 -1.00664134e+00 -5.29234355e-01  1.55484181e+00 -2.74660044e-01
  8.61899247e-02 -5.44672283e-01 -1.29108232e+00 -3.63676628e-01
  1.23939818e+00  5.85907601e-01 -1.22175502e+00  2.69743727e-01
  4.69501648e-01 -2.30940916e+00  2.61692806e-01  1.00451893e+00
  3.06818107e-01  1.41818397e+00  2.22789264e-01  1.12313531e+00
  2.19860473e+00  5.40290280e-01  1.20317692e+00  8.43904266e-01
 -1.59034406e+00  7.09217201e-01 -5.57111559e-01 -5.48960406e-01
 -5.06473018e-01 -8.32961240e-01 -7.82317270e-01  1.05197169e+00
  2.41206467e-01  8.79519924e-01  1.01519570e-01  1.16157992e-01
  1.26729666e+00  2.84530916e-01  1.25651247e+00 -7.42856666e-03
 -1.28627283e+00  7.82765590e-01  1.54613299e+00 -1.31791063e+00
  5.01187155e-01  2.75930400e-01 -1.60734441e+00 -5.84199403e-01
 -2.18403494e+00 -6.72750640e-01  2.38688191e-01 -4.71731206e-01
  3.66064950e-01 -7.43949929e-01 -1.15681035e+00  7.91710800e-01
 -1.09411202e+00 -1.13841892e+00  1.37627413e+00 -8.87199614e-01
 -1.23150920e+00  4.47233927e-01 -9.18368951e-01 -7.63073437e-02
  5.31691252e-01  2.12057981e+00 -1.19697527e+00 -2.37319796e+00
  8.95950509e-01 -8.29657757e-01 -7.90520357e-01  1.74077113e+00
 -3.87869704e-01  3.06631278e-01  7.92503602e-01  1.16875531e-01
  9.81281610e-01 -2.08377550e-01 -1.04328961e+00  3.43782520e-01
  1.20457348e+00  1.90451241e+00 -3.61312296e-01 -3.68630052e-02
 -9.54060096e-01 -9.61607460e-01  4.53619615e-01 -8.15770251e-01
 -1.47388653e+00 -8.33672135e-01  7.53554544e-01  7.15007551e-01
  4.76933806e-01 -1.89992768e-01  3.16097815e-01 -2.68725191e-01
  2.32412460e-01 -1.22862984e-01  1.23925592e+00  4.06311437e-01
 -1.02661598e+00 -3.16487955e-01  2.25869894e-01  1.81148178e+00
  6.43559722e-01  7.45346903e-01  1.41278005e+00 -5.07806183e-01
 -1.16600097e+00  6.19277902e-01  4.52570737e-01  3.77751692e-01
 -1.96381754e-01  6.58720476e-01 -2.98363487e-01 -2.69625682e-01
 -1.61006780e+00 -2.98538242e-01  1.41619555e+00  6.98086076e-02
  1.18037204e+00  2.78050683e-01  4.80794347e-01  1.45843072e+00
  6.20552687e-01  1.64144534e+00 -1.50075330e+00  1.09295209e+00
 -1.26640518e+00  4.23109629e-01 -9.72561402e-01 -2.62598787e-01
  1.00319151e+00 -5.26216839e-01 -2.28597435e+00 -6.35398698e-03
  5.85786099e-01  3.00655252e-01  3.54556812e-01 -8.11442701e-01
  1.52777580e-01  7.59608877e-02  4.52869275e-01  1.67542660e+00
 -2.84631758e-01  9.61819996e-01  8.49488588e-01  6.16990710e-01
  3.68712895e-01  1.82441873e-02 -1.36199769e+00  2.14753969e-01
 -2.92593608e-01  9.46306096e-01 -7.74002607e-01  8.00342279e-01
  1.43354951e-01 -1.56781075e+00  3.01933282e-01  1.41122632e+00
 -1.02061842e+00 -4.28755867e-01 -6.34813800e-01  9.22421605e-01
 -9.01868905e-01 -1.02398818e+00 -5.81284017e-01 -4.07816712e-01
  2.58776963e-01 -2.92328635e-01 -4.45882784e-01 -1.75504662e-01
 -1.25667734e+00 -1.83838818e-01  1.56729533e-01 -6.96369725e-01
 -1.70864896e-01  7.89347307e-01  1.57322481e+00 -3.97675063e-01
  3.45786502e-01 -8.13180602e-01 -4.41687465e-01  1.59723129e-01
  3.85863535e-01 -1.72471188e+00 -7.39827821e-01  1.66161751e-01
 -7.01074518e-01 -2.71560577e-02 -1.42522894e+00  7.64881139e-01
  5.41691693e-01 -2.87429488e-01  8.92936593e-02  1.12227590e+00
  1.45266289e+00 -2.23075691e-02 -2.48855034e-02 -1.41684965e+00