 1.18291739e+00 -1.26103953e+00 -6.34590932e-01  1.59413128e+00
 -8.89419317e-01 -7.64038856e-01 -6.46196672e-01 -1.83028162e-01
 -1.05018112e+00 -5.30455261e-01 -1.46379666e+00  5.53804743e-01
  1.24043808e-01 -1.16991772e+00 -1.26024797e+00  1.69944523e+00
 -7.57742048e-01 -4.06945960e-01  3.38716322e-02 -1.65352986e+00
 -1.03899645e+00  6.33213702e-01 -8.35232921e-01  1.22539060e+00
  1.11668291e+00 -1.46871279e+00 -9.12976503e-01  1.74809823e-01
  9.59939721e-01 -2.66485065e-01  3.17070396e-01  6.58024806e-01
 -1.33841212e+00  3.18459575e-01 -1.02584884e-01  1.37486348e+00
  1.49614403e+00 -2.83263470e-01 -1.43345469e+00  1.79036755e-01
  5.41600909e-01  1.12267706e-01 -1.27904956e+00  2.53136958e-01
 -3.14953680e-02 -2.57776126e-01  1.40790940e+00  9.29721297e-02
  6.15497327e-01  2.12761906e-01  6.16470891e-02  6.19035991e-01
 -1.61741945e+00 -3.00593586e-01  5.10349161e-01  6.47736547e-01
  1.01182995e+00  4.92418682e-01  1.34411925e+00 -4.56426896e-02
 -1.26405496e+00 -5.25453800e-01 -1.56920436e+00  2.13232933e+00
 -1.59699608e+00  9.78490455e-01 -1.70672613e+00 -8.11412551e-02
  3.09300452e-01 -1.01698764e+00  1.83715609e-01 -2.26001742e-01
  2.03960307e+00 -1.19167446e+00 -7.96402635e-01  3.52377381e-01
 -7.22736531e-02  3.84079259e-01 -2.32604148e-01  3.41816121e-01
  5.88023545e-01  1.03172569e+00  1.08082936e+00 -7.43816851e-01
 -2.48302513e-01 -2.03650182e-01  8.63930558e-01 -2.72502658e-01
 -5.89321939e-01 -1.41433042e+00  2.68971269e-01  1.50320435e-01
  1.59575204e+00 -3.16342282e-01 -3.62426920e-01 -8.77551255e-02
  1.56668583e-01 -5.30574721e-03  1.45465722e+00 -4.07445491e-01
 -3.82965193e-01  3.34047264e-01  1.46563622e+00  1.45925946e-01
  1.42438765e+00  8.69785065e-01 -7.91618130e-03 -4.42094249e-01
  1.48052227e+00  1.00559024e+00  3.42398212e-01  2.87998385e-02
 -2.06528462e-02  6.49858408e-01  5.53559463e-01 -6.32239474e-01
  5.52100278e-01  7.31266591e-01  5.97687491e-01 -1.21536357e+00
 -5.25085737e-01 -1.51865151e-01 -2.85927771e-01 -2.56784746e+00
 -7.29902482e-02 -7.52976989e-01  1.48529831e-01 -8.89965388e-01
 -7.60387849e-01  3.21898687e-01 -1.35667574e+00 -3.66026473e-01
 -1.55452035e+00 -2.03916294e+00 -1.63476906e+00  1.42080795e-01
  1.43513268e-01  3.53306127e-02  4.04385895e-02  1.00526259e+00
  1.58613450e-01 -3.85461915e-01 -5.83381417e-02 -4.94034052e-02
  8.32856851e-01 -1.29625362e+00  3.07591518e-01  1.05933329e+00
  5.46510674e-01 -1.46938965e+00 -2.20151374e+00 -1.25465781e-01
 -4.06963416e-02 -1.80813367e-02 -1.46834862e+00 -6.17545132e-01
  1.65555726e-01  1.10433442e+00  7.99474276e-01 -4.74443006e-01
  1.01246858e+00 -1.02388575e+00 -9.23612351e-04 -2.18347120e+00
  2.98565179e-01  1.15453791e+00  2.89153777e+00 -1.54154381e+00
  6.92395775e-01  2.16084991e+00 -1.32100730e+00  4.90014583e-01
  7.41753900e-02 -2.44102982e+00  1.61164233e+00 -6.26244160e-01
  5.44452475e-01  7.98556617e-01 -9.56914080e-01 -8.12761537e-01
  1.00291588e+00  3.13647297e-01 -1.49443669e+00 -1.43804672e-01
 -1.71659324e-01  5.22249122e-01  1.39297841e+00  1.05219491e+00
 -1.05248190e+00 -8.59898088e-01  1.92759392e-01  6.85927162e-01
 -4.17268445e-01  1.30731415e+00  7.42043132e-01  5.12674567e-01
 -9.83287180e-01  1.20613266e+00  7.29203497e-01 -7.15084208e-01
  7.16560894e-01 -1.85084603e+00 -7.93102244e-01 -1.19795296e+00
  6.72854660e-01 -7.96490690e-01 -1.01747309e+00 -8.96320629e-01
 -3.93532982e-03 -1.12128022e+00  6.25858089e-01  1.21376149e-01
 -1.09707357e+00 -3.24800666e-01 -7.81467386e-01  4.62245777e-02
 -1.20640243e+00 -2.14935164e-01 -7.26322901e-01 -5.13805306e-01
  1.90408099e+00 -5.76098154e-01  4.26595891e-01 -4.43904135e-01
 -1.48235702e+00  8.23960811e-02  8.60153743e-01  6.46509294e-01
  1.35208835e+00 -6.40182266e-01  4.78537787e-01 -1.19685578e+00
 -4.80373050e-03  1.39309210e+00 -5.40288310e-01  8.28711613e-01
 -1.20602924e-01 -4.34515099e-02  4.31807032e-01 -1.99336342e-02
  2.58049246e-01  3.71218694e-01 -3.04096124e-01  3.78842385e-01
  5.34462223e-01 -1.59984417e-03 -2.11881833e+00 -1.15926556e-01
 -7.45358696e-01  3.01897920e-01  7.25747797e-01  2.46476591e+00
 -8.62238022e-01  1.25104863e+00  2.33893856e-01 -1.26822296e+00
 -1.25776511e-01  2.45888441e+00 -1.77677655e+00  1.17825262e-01
 -2.24384043e-03 -4.71030062e-01 -1.35440095e+00  4.24962625e-01
  4.57892199e-01 -2.70724833e-01 -2.03766704e+00  8.83734112e-01
  1.49587915e+00  2.40103953e-01  3.05066919e-01  6.05677819e-01
 -3.64094507e-01  1.11278472e-01  4.89868718e-01 -1.90469648e+00
 -5.88854115e-01 -2.64645415e-01  2.77971655e-01  1.07145422e+00
  2.74902411e-01  2.16493480e+00 -1.90966826e+00 -7.47785050e-01
  3.14982665e-01  1.14761064e+00  1.41436755e-01  5.69115087e-01
 -7.15194278e-01  8.93445477e-01  1.49248376e-01  2.30018398e+00
 -1.95232635e-01 -5.61777027e-01 -1.52642255e+00 -6.14437618e-01
  7.10964005e-02  2.03951994e-01  8.36863163e-01  9.84278034e-01
  1.19655462e+00  2.31643361e-01  1.49064031e-01  1.65841724e-01
 -2.38238611e-01  2.02988497e-01 -3.16376109e-01  9.48567631e-01
  9.55859655e-01 -9.91005384e-01  2.87425130e+00  8.16628189e-01
  3.55332392e-02 -9.51528420e-01 -2.85146344e+00  8.24281102e-01
  3.17655510e-01  1.07322592e+00  1.18997756e+00 -5.12749664e-01
  7.35240630e-01 -5.71741916e-01  2.42908968e-01 -2.60979844e-01
 -9.67929382e-01 -9.23818861e-01 -1.35469706e+00  1.31541614e+00
 -8.12984734e-01  2.02619797e-01 -1.27098921e-02  1.92444180e-01
 -1.36643602e+00 -2.89785483e+00 -1.20478271e+00 -2.55039191e+00
  1.02048761e+00  5.65924332e-01  2.63728025e-01  9.97436355e-01
  2.25517326e-01 -7.96263745e-01  1.79212380e-01 -9.35252722e-01
 -4.28882637e-01 -2.91465470e-01  6.98139895e-01  2.89120751e-01
  7.72214474e-01 -3.17476455e-01  1.98478195e+00  1.43628341e+00
  3.27192539e-02 -1.33014904e+00  1.46432958e+00  3.39280171e-01
  8.19935840e-01 -4.35754596e-01 -1.20378193e+00  7.55048743e-02
 -2.85320634e-01  1.32715284e+00  6.30316527e-01  9.67386373e-01
 -1.24578278e+00  1.60100246e+00  8.69571048e-01 -1.78497060e-01
  1.45002322e+00 -9.59167797e-01 -1.72123991e-01  1.62549645e+00
  6.72746590e-02 -7.12287092e-02 -1.50732032e+00  5.78687480e-01
  1.44083329e+00 -1.10168072e+00 -9.34688666e-01 -8.58384235e-01
  9.65513952e-01 -1.31919501e+00  7.28435648e-01 -1.11782506e+00
  1.67299231e+00  1.59061891e+00 -2.66010811e-01  1.37990374e-01
 -4.56907836e-01  1.25431117e+00 -1.23989927e+00 -4.16700479e-01
  1.51835910e+00  7.14001268e-01 -1.40073999e+00 -9.71008877e-01
  1.06450278e+00  1.59350687e+00  7.24872765e-02  7.06240136e-02
  1.57783760e+00  3.35958935e-01 -9.34899481e-01 -1.52368843e+00
 -3.11138312e-01 -4.43539624e-01 -2.42845594e+00 -7.63099950e-01
 -1.42873164e+00 -8.66829205e-01 -1.51915186e+00 -1.46188015e+00
 -8.07457242e-01 -2.40518810e-01 -1.08681118e+00 -2.84374742e-01
  2.84797259e+00 -1.45147060e+00  7.64387768e-01 -2.65594019e-01
 -3.95832251e-02  4.62998094e-01  4.45838033e-01  1.28358624e+00
 -1.25086813e+00  2.89399054e-01 -3.05855241e-01  2.03524046e+00
 -7.45293327e-01 -1.94171771e+00 -1.18992569e-01  2.10012118e-02
 -1.03083885e+00 -1.27630498e-01 -3.32163839e-01  2.54734839e+00
 -9.18428846e-01  1.38597175e-01 -1.32031690e+00 -8.24167709e-01
  5.33812220e-01 -6.43744063e-01  1.02774096e-01 -5.11529332e-02
  1.31426821e-01 -2.42844296e+00 -1.04348871e+00  3.15843410e-02
 -1.08658159e+00  2.24481533e+00  3.16048622e-01  1.16976602e+00
  7.45180970e-01 -1.49385232e-01  6.00559468e-01  5.39388461e-01
 -1.76022083e+00 -6.81536660e-01 -4.88250544e-01  1.29043263e+00
 -1.23918831e+00  3.57495925e-01 -3.97038476e-01  8.70526190e-01
  6.54765402e-01 -1.12677300e-01 -1.60609136e+00 -9.19150723e-01
 -2.68960274e+00  1.04687350e+00 -4.35565061e-01 -2.99758402e-01
  1.40823950e+00  3.26914487e-01  1.18186569e+00 -6.68438828e-01
 -7.01822439e-02 -6.39179343e-01  4.93214219e-01  2.47238381e-01
 -1.82493347e+00  1.61650096e+00  1.03128125e+00  4.45141014e-01
 -2.80573106e-01 -6.05414775e-02 -2.52038933e+00 -2.32260342e-01
  4.33873045e-01  5.23022691e-01 -6.76899293e-01  1.48712562e+00
 -4.98058293e-01  9.21476025e-02 -7.49546970e-01 -1.88462747e+00
 -1.50477774e+00  1.97170995e+00  1.97991531e-01 -1.32078681e-01
  2.26611933e-01  9.58199202e-01  8.19125973e-01  2.68364900e+00
  5.92422464e-01 -7.29172523e-01  1.77323407e+00  4.37117297e-02
 -7.65320185e-01  5.04427823e-01  1.24090061e+00 -1.14765584e-01
  4.27775770e-02 -8.87402654e-01 -2.38516822e+00  1.28932014e-01
 -1.97017613e+00 -2.45191060e-01 -8.42581598e-01 -1.33506781e+00
 -1.14389474e+00  5.63483211e-01  6.46833482e-01 -2.17428422e-01
 -5.26250886e-01  4.44792342e-01 -2.97210548e-01 -2.23620312e-01
  1.74210795e+00  9.24384700e-01 -3.78430141e-01 -2.45158390e-01
  1.01237359e+00  2.20637472e-01  7.83870417e-01  1.88955681e+00
  1.10219402e-01 -4.12905352e-01 -1.08491074e-01 -6.16103999e-01
  1.02723961e+00 -1.07616318e-01  7.02148821e-01 -1.90141045e+00
 -2.59294217e+00  1.79553708e+00  1.70683965e-01  1.12857548e-02
 -4.21386346e-01  1.76683339e+00 -6.54098791e-01  1.12853835e+00
  5.43193926e-02 -1.37235691e+00 -2.35359675e+00 -4.84807799e-01
  8.59180457e-02 -1.54638433e+00  1.44417871e+00  9.59670048e-01
 -6.78496416e-02 -2.89178204e-01  6.74183146e-01  8.89926492e-01
 -1.64412978e+00  2.81447042e-01  2.88280374e-01  4.00471459e-01
 -1.74290070e+00 -3.93523583e-01 -2.34718951e-01  8.75749107e-01
 -1.44082631e+00 -7.25094739e-01 -2.79416722e-01 -1.99691262e+00
  8.64310330e-01 -2.96375055e-01 -1.25032450e+00 -5.15802395e-02
 -1.44566813e+00  4.95598859e-01 -3.08058681e-01 -5.17846235e-01
 -9.58672672e-01 -3.98943431e-01  5.69599852e-01 -8.85015473e-01
 -1.22898395e+00  2.20365061e+00 -6.14329665e-01 -8.93708188e-01
  1.17305543e+00  9.45562783e-01 -5.58598910e-01  2.08464592e-01
  1.01952084e+00 -1.47165384e+00 -7.09764119e-01  7.78266956e-01
  2.43881090e-01  1.52989104e+00 -6.63644157e-01 -1.47573621e+00
  1.39887268e-01 -1.97572144e-01  1.36517990e+00  3.99554817e-01
  2.67693514e-01 -2.25452529e-01 -7.52865148e-01  6.08320518e-01
 -1.89413155e-01  4.11691748e-01 -1.60821264e+00 -1.05580775e+00
  7.91119168e-02  5.76296471e-01 -2.10716970e+00 -1.17882383e+00
 -1.09275421e+00  9.02888660e-02  7.47651709e-01  1.45125951e+00
  7.33204785e-01 -2.03479627e+00 -3.91312025e-01  1.10988565e+00
  3.80295411e-01 -9.01698252e-01 -4.68560300e-01 -2.77667977e-01
 -8.48731327e-01  9.46316644e-01  1.12448731e+00  1.20598359e+00
 -8.28713715e-01  1.07520531e-01 -4.66719502e-02 -1.32483082e+00
  2.60252314e-01 -4.30111075e-01 -2.93437492e-01 -4.66773053e-01
  1.35423516e-01  1.59238166e+00  8.84375418e-01 -9.83958698e-01
  1.40351481e-01  1.26171570e+00 -5.13580858e-01 -3.61053587e-01
 -2.04277098e-01  2.56975072e-02  7.57321250e-01  1.92684370e+00
  4.06984648e-01 -4.42663510e-01 -2.35300123e-01 -9.18635569e-01
 -1.42311558e+00  8.45723703e-01  1.12305868e+00 -2.71535353e+00
  1.18180741e+00  2.46301872e-01  9.32895775e-01 -2.78576877e+00
  1.13160382e+00  3.59407244e-01 -1.82141813e-01 -8.31872481e-01
 -7.67207656e-01  3.01974067e-01 -2.57980625e-01 -6.85952743e-01
  2.11902412e-01 -4.76257757e-01 -3.17210604e+00  5.51404230e-01
 -3.85462527e-01 -8.39737815e-01 -3.94712637e-01 -6.36202817e-02
  1.16488654e+00  2.29659908e-01 -1.37114735e+00  5.44178241e-01
  7.72368357e-01 -3.23393084e-01  2.91959296e-01  1.53067906e+00
 -1.21223235e-01  7.02072746e-01 -8.01238551e-01 -1.09548096e+00
  1.56938488e+00 -4.87683084e-01  2.92323092e-01 -4.21971924e-01
 -1.30617288e+00 -4.72491633e-01  9.50301801e-01 -1.05489853e+00
  1.12049714e+00 -2.79551158e-01  1.35501749e+00  2.71415381e-01
 -3.82859094e-01 -4.17698434e-01  1.30452352e+00 -7.07550181e-02
 -5.77411191e-01 -1.55522913e-01 -2.84319216e-01 -1.09322717e+00
  1.14576380e+00  2.36621468e-01  4.36319010e-01  7.77825167e-01
  9.66631260e-01 -7.87678220e-02  1.10585355e+00  1.61585194e+00
  4.97113376e-01 -1.17434430e+00  4.03323037e-01  9.06488059e-02
  1.16233304e+00 -1.09813220e+00 -1.30716005e+00  1.25606831e-01
  4.63955688e-01  1.35196764e+00 -8.66084937e-01  5.15842142e-01
 -1.39107884e-01  1.27693834e+00  9.45537072e-01  2.07583474e+00
 -2.70432238e-01  5.97980377e-01 -8.66287912e-01 -8.14242101e-01
  4.28226414e-02 -1.07640732e-01  6.80049303e-01 -4.18628546e-01
 -2.95568275e-01 -1.27840564e+00 -1.14729201e+00 -9.41558224e-01
 -1.49917139e+00 -5.72604879e-02 -2.03961260e-01 -1.12403141e+00
  1.03035867e+00 -8.59570698e-01 -1.65554227e+00  7.68738976e-01
 -1.69720092e-01 -9.76599278e-01 -1.90306384e-01 -1.12220348e+00
  3.78399738e-01  8.51961686e-01 -2.08106772e-01  1.02053907e+00
  3.44632512e-01 -4.87247764e-01  1.00440579e+00 -2.55993832e-01
  2.24249306e+00 -8.57653297e-01 -1.44589360e+00  3.24369072e-02
  4.52420177e-02 -1.41482179e+00 -1.25187218e+00 -1.96965596e-01
  1.50430495e+00 -1.19138346e+00 -5.28412578e-01 -1.17884423e+00
 -1.22160428e-01  1.01785118e-01  2.56620691e-01  2.39831649e+00
 -6.63578920e-01  3.75275678e-01  1.30968184e+00  6.49585368e-01
  1.59475272e+00  3.69333185e-01  7.39845541e-03 -1.68080804e+00
 -1.37956183e-01  7.11732097e-01 -4.19383628e-01  8.49209149e-01
 -1.04822202e+00 -2.06465427e-01 -1.31620755e-02  1.64742098e+00
 -7.42391681e-01  1.68073614e-01 -3.60993353e-01  3.05611706e-01
  1.03632446e+00 -7.95058349e-01 -5.83443035e-02 -3.15561028e-01
  1.01064436e-01 -2.54920286e-01 -8.62390207e-01  9.30314747e-01
  3.08605497e-01 -7.35839005e-01 -1.91143058e+00  4.68168818e-01
 -3.46656418e-01  1.36127830e+00  4.26082824e-01  1.91348060e+00
  7.88724147e-01  3.74499461e-01 -6.39158053e-01  5.74768420e-02
 -3.82330911e-01  1.51679790e+00 -1.07242465e+00 -2.85292565e-01
  2.21145312e+00  5.48613500e-01  2.01303225e+00  7.72208418e-01
 -1.64444319e-01 -2.06535934e+00 -1.73482395e+00 -2.20198459e+00
  4.43538519e-01 -2.08832576e+00 -1.83407699e+00  1.13313286e+00
  6.38873018e-01 -2.68638943e-01 -2.51539266e-01 -3.90475582e-01
 -3.59887381e-01 -4.07226393e-01  1.14821033e+00  1.23092803e+00
 -1.13948740e+00 -1.18625299e+00 -1.46169116e+00  6.66849353e-02
  7.86217015e-01 -7.88096626e-01 -4.07442764e-02 -4.50160481e-02
 -1.39670439e-01 -1.27961697e-01 -5.00414943e-01  9.33766854e-01
 -3.20774701e-01  4.07929247e-01  2.71894386e-01 -3.01307836e-01
 -1.01755585e+00 -2.09840775e+00  1.32142434e+00 -3.56822517e-01
  9.86983909e-01 -7.61147061e-01 -1.50689293e+00  1.27668846e-01
 -1.01855805e+00  6.97683901e-01 -4.51256217e-01  1.72693996e+00
  7.60600305e-02  3.67078730e-01  1.24184265e+00  3.74766194e-01
 -1.89335719e-01  8.40308203e-02 -1.13815395e+00 -5.44247097e-01
 -1.02649224e+00  9.30030775e-01  2.54704078e-01  4.43711232e-01
  3.42302159e-01 -2.67968980e+00  4.15008453e-01 -1.17590398e+00
  6.26723412e-01  3.27856694e-01  7.47056456e-01 -5.64576965e-01
 -6.12735015e-01 -1.32092646e+00  3.09757897e-01  8.54621753e-01
  1.13964020e-01 -8.87700128e-01 -1.08172433e+00 -1.12325836e+00
 -2.85712427e+00  4.79798917e-01  1.66704410e-01  1.39468025e+00
 -2.43750814e-01  1.22697296e-01 -1.86037447e+00 -4.62729249e-01
  8.97140068e-01  1.38113432e-01  2.11163666e-01 -1.32615491e+00
 -9.39788685e-01 -5.87757650e-01  5.31474978e-01 -8.08196215e-01
 -3.40858043e-01  6.52179193e-01  3.76178055e-01  2.84697917e-01
  9.97553903e-01  6.57925902e-01 -1.39138854e+00  6.24583106e-01
  9.92976432e-01  3.58381951e-01 -1.15226447e+00  5.96140195e-01
 -2.76236884e-01  3.61406216e-01 -2.00016703e-01 -4.34004938e-01
 -1.75534202e+00 -1.23806695e+00  3.26296500e-01  1.16161581e+00
  1.37413345e-01 -8.14543552e-01 -1.84806243e+00 -6.30329420e-01
 -1.04603491e+00 -4.83848469e-01  1.37255121e+00 -2.19272428e-01
  5.81817200e-01  1.92259126e+00 -8.68607300e-01  4.83113226e-01
  4.87441247e-01 -1.78546789e+00 -2.98005243e-01  7.83779835e-01
 -4.69638515e-01 -5.18978519e-01 -9.92226670e-01  2.25574546e-02
 -8.22997428e-01 -8.70017225e-01  1.49770407e+00 -2.00967276e-01
  8.81324905e-01  3.55571203e-01  2.64396818e-01 -4.67876662e-01
 -5.47017166e-01 -5.39411094e-01 -5.65364042e-01  2.46769280e-01
  1.98587548e+00  1.07952689e+00  1.83767476e+00 -6.91900910e-01
  3.23857048e-01 -1.14399004e+00  4.37171658e-01  1.31863168e+00
 -6.60143698e-01  6.15814750e-01 -4.33844543e-01  4.15991420e-01
  4.34579778e-01  1.35362491e-01 -1.25105164e+00 -5.74380398e-01
 -1.26146125e-02 -2.39091837e+00  5.96754588e-01  1.24768778e+00
 -1.08163005e+00  9.82015460e-01  1.40826430e+00  7.31942187e-01