 1.00489007e+00 -5.26943998e-01  1.21813849e+00 -3.82177644e-02
  2.18112281e-03  1.00334744e+00 -1.18653415e+00  1.12254962e+00
 -4.60209239e-01  1.85068446e-01 -1.40404720e+00 -1.26375819e+00
 -4.18032088e-02  4.94965465e-01  8.83919520e-01  3.00728633e-01
 -1.02549316e+00  1.97389643e+00  6.81216278e-01 -1.15975681e+00
  4.96753667e-01 -4.16839480e-01  2.02019009e+00  4.68521055e-02
  7.66213167e-01 -2.89093047e-01 -1.37729349e+00 -1.08483688e+00
 -1.06503617e+00  3.43378813e-01 -8.37273161e-01 -8.24502693e-01
 -7.04289295e-01 -1.64860719e+00 -1.35702241e+00 -6.82586202e-01
  1.30405125e+00 -7.26533691e-01 -9.01088026e-01 -2.54489100e-01
 -1.10596729e+00 -1.76157525e-01 -1.53043943e-01  1.69995561e-01
  4.87435492e-02  1.46819208e+00 -4.13945523e-02 -3.26852283e-01
 -1.17681781e+00  9.81793463e-01 -1.03260150e+00 -1.50569766e+00
  2.00596418e-01  8.72332343e-01  9.96053006e-01  3.48892078e-01
 -9.61783466e-01  4.36469036e-01  1.03266828e+00  9.63717477e-01
 -1.26898500e+00  1.13779001e+00  1.61537254e+00  9.30115289e-01
 -8.78141155e-01  1.21823943e+00  8.89557758e-02 -1.05143501e+00
 -1.02557541e+00  6.42941561e-01  1.11034985e+00 -1.19100968e+00
  2.46993457e-01 -2.54916004e-01  2.37215076e+00  1.50371864e+00
 -7.53089909e-01  4.43169809e-01  8.58736007e-01 -2.25345681e+00
  1.58785683e-01  3.52466859e+00  2.84219921e-01 -7.67607283e-01
 -1.68094502e+00  6.53559044e-01 -1.86456768e-01  2.13926862e-01
  8.91454602e-01  1.39949532e-01 -1.31680562e+00  4.35260905e-01
 -4.54190622e-01  9.55347376e-01 -1.28558455e+00  7.85189589e-01
 -5.44041935e-01 -4.87109109e-01  5.86283052e-01 -3.97080041e-01
  1.37215465e+00  1.11251947e+00 -4.38143817e-01 -5.11541230e-01
  3.22956336e-01  7.01332081e-02  2.54475772e-01  3.89986210e-02
  8.52009989e-01  1.14331491e+00  1.83676854e-01 -7.38439656e-01
  8.07772883e-01  3.41614009e-01  1.08128361e+00 -1.22727042e+00
  4.05545598e-01 -7.98898975e-01 -5.97794869e-01 -1.22737137e+00
 -6.92615650e-01  1.18903820e+00  5.40908015e-01  2.52438058e-01
  7.71387286e-01 -9.71745964e-01  2.86113239e-01 -6.17278904e-01
  1.47226753e+00  2.60930443e-01  1.45061251e-01  7.32625304e-02
 -3.44122818e-02 -3.16615639e-02 -2.03413138e-01 -8.19229674e-01
  9.60542131e-02  1.43806101e+00  1.98466422e+00  1.12149435e+00
 -1.71596698e-02 -9.38551541e-02 -1.07374436e+00 -3.42415764e-01
 -1.14599681e-01  1.92418770e-01  7.80879155e-01  9.64505099e-02
 -6.88896850e-01 -1.49852507e+00  6.98140295e-01 -9.45250565e-01
  1.58098633e+00 -5.62702995e-01  1.74770323e+00 -2.41057690e-01
  2.92976134e-01 -1.26451928e+00 -1.58820452e+00  5.63205897e-01
 -1.32388258e+00 -3.25911218e-01 -2.46756280e-01 -9.04590896e-01
  2.34206428e+00 -9.74713986e-01 -2.01173587e+00  2.89910414e-01
 -9.06141304e-01  7.74470083e-01  7.20056010e-01 -9.56592418e-01
  5.84815689e-01  1.16117364e+00  3.35184797e+00 -4.42654849e-01
 -4.41999547e-02  7.30136146e-01 -1.48711507e-01 -1.23517442e+00
 -9.66620842e-01 -5.47610143e-03  3.32950762e-01  4.08626254e-01
 -3.77841632e-01  7.30270933e-01 -1.45616895e+00  1.79242510e-01
  8.97397678e-01  4.61614194e-01 -7.26382472e-01  8.07159418e-01
 -2.78413788e+00  8.69146364e-02  2.01531486e-01 -1.03689060e+00
 -2.86942154e-02 -3.98226374e-01  3.75700751e-01 -1.97035024e-01
 -3.27392011e-01 -3.42508592e-01  1.60646711e+00 -1.55844579e+00
 -4.04814515e-01  5.23773132e-01  6.43794097e-01 -1.08179750e+00
  1.34646456e+00  7.39567572e-01  7.08955887e-01 -4.17618873e-01
 -6.93729202e-01 -4.68518657e-01  1.03328442e-01 -1.50943331e+00
 -1.11495942e+00  5.73063640e-01 -1.28570236e+00  9.41201600e-01
 -3.06424051e-01 -1.10514835e+00 -1.65634731e-01 -3.15734796e-01
  3.62975434e-01 -5.15233957e-01  9.53966786e-01  5.01604795e-01
 -1.10361558e+00 -2.51505274e+00 -1.30406737e+00 -1.12017325e+00
 -1.25509274e-01 -4.85794526e-01 -1.12065380e+00  1.03325047e+00
  1.67947960e-01 -1.17572161e+00  1.68229086e+00 -6.23805496e-01
 -8.05637225e-02  5.08515600e-01  1.46845764e+00  1.29640658e-01
 -1.10853402e+00 -4.76257484e-01  2.04894897e+00  7.36359678e-01
  8.35391852e-01  1.27351094e+00 -8.21951692e-01 -1.85086648e+00
  1.53918709e+00  3.62823561e-03  1.68426973e+00 -6.13446238e-02
 -1.35537263e+00  3.37614111e-01  1.04071277e+00  8.57534866e-01
  4.82431436e-02  1.79061718e-01 -8.33482738e-01 -2.66351676e-04
  1.37232140e+00 -5.80090578e-02  2.75104081e+00 -1.02766489e+00
  7.44464321e-01  4.49046011e-01 -2.44013697e-01  7.50565788e-01
 -1.17073548e-01 -6.43264630e-01  1.21248855e+00  4.78710787e-01
  1.20937971e+00 -5.92717368e-01 -4.39038382e-01 -1.03405885e+00
 -1.97435496e-01  1.73240629e-02  1.10823505e+00 -4.21249588e-01
  4.85241950e-01  1.93236841e+00 -2.99264900e-01  7.11406188e-01
  4.45804186e-01  1.90305827e+00 -1.61207172e+00 -9.28932577e-01
  1.77651720e+00 -2.29346117e-01  1.96748027e+00  1.79511790e-01
  6.31481035e-01 -2.25252331e-01 -4.03169431e-01 -4.86204895e-01
 -1.81401453e-01 -1.38396147e+00 -1.24951335e+00  1.01610731e+00
  6.35922631e-01  2.83228196e-02  4.59596295e-01  3.31027909e-01
 -1.25951976e+00  3.98346085e-01  9.07703563e-01  9.92161567e-01
  1.31534004e+00 -1.41568203e+00  7.74486679e-01  2.05434615e+00
  2.61218801e-01 -1.03216895e+00 -2.13806762e-01  4.18078013e-01
  1.01098686e+00 -6.71011609e-01  4.41770777e-01  1.27186843e+00
 -6.36418277e-01 -3.91722995e-01  7.40312142e-01  1.99041537e-01
 -1.58537536e-01 -2.86091925e-01  1.39738673e+00 -1.08855588e-01
 -7.20766142e-01 -1.14367387e+00  2.33413545e-01 -1.83231781e-01
  1.62307971e-01 -7.00683418e-01 -3.09595576e-01 -3.97795629e-02
  2.88778376e-01  1.36188848e+00  8.01204241e-01  1.48382994e+00
  1.00942044e+00 -2.06451152e+00 -7.31208415e-01 -1.89299630e+00
  4.88520052e-01  4.22317298e-01 -3.90319446e-01  2.51835397e+00
 -5.28161434e-01  8.84508398e-02  2.57503216e-01  1.44860521e+00
 -3.46532102e-01  1.28578859e+00  2.36974477e-01 -1.15327125e+00
  2.44952881e-01 -2.93371477e-01  5.26461805e-01 -8.90228264e-01
  7.32637197e-01  9.89372141e-01  1.73531848e+00  7.35853917e-01
 -1.50677787e-01  1.88374118e+00 -4.55984910e-01  1.50937241e+00
 -1.45119474e+00 -6.33240132e-01  5.70887137e-01 -7.43878456e-01
  1.05825097e+00  4.91656660e-01  1.19667560e+00 -2.22407742e+00
  4.52153702e-01  2.15567623e+00 -1.07681258e+00 -1.73357479e+00
  3.48218249e-01  1.29466848e-01  3.18487340e-01  2.38278713e-01
 -1.88636473e-01 -2.13255983e-01  2.06032440e-01 -1.45776353e+00
  5.58770778e-01  1.53292121e+00 -1.36708421e+00  9.15167359e-01
 -1.13579830e+00  3.36743606e-01  6.95771496e-01 -2.01376355e+00
  1.06677463e+00  8.19610151e-01 -2.33644197e+00 -8.24936674e-01
  1.53031295e+00  3.45817963e-01  1.12151067e+00 -5.51728288e-01
 -1.06537569e+00  1.02772645e+00 -9.76210374e-01  1.10387390e+00
 -1.24266958e+00  1.47915125e+00  4.38994423e-01  1.59948790e+00
  1.15767610e+00  7.18943571e-01 -9.01147758e-01 -7.24628376e-01
  8.64965649e-01 -1.50394229e+00  5.21340353e-01  7.45945497e-01
 -7.64546144e-01 -1.17639972e+00  3.13754221e-01 -1.17014966e+00
  7.18185367e-01  7.57039185e-01 -4.52167647e-01 -6.79435188e-01
  1.00323603e+00  9.50093050e-01  1.03197586e+00  1.77277498e+00
 -7.25938924e-01 -1.04783069e+00 -1.42369588e-01 -4.28647270e-02
  9.25161660e-01 -1.30352501e+00 -2.50608049e-01  8.98757399e-01
  8.27763668e-01 -3.33552872e-01 -1.39293967e+00  1.18203497e+00
  9.23291984e-01  6.28471893e-01  6.81113037e-01 -2.86817988e-01
 -1.23244993e+00  1.12230857e+00 -1.56240914e+00  4.18104511e-01
  1.33405840e-01 -4.88467136e-01 -7.49658103e-01 -1.00074198e+00
  2.51037903e-01 -2.37751612e+00  4.48139281e-01 -1.58577453e-01
 -7.66418273e-01  5.78824174e-03 -2.73422728e-01 -1.50735379e+00
  5.75760481e-01 -7.04035733e-01  1.44634176e+00  5.23875263e-01
 -7.26134778e-01  8.84668503e-01 -4.11555978e-01 -3.74286515e-01
 -2.96415375e-01 -9.02255123e-01 -1.09963542e+00 -1.37881816e+00
 -1.76413498e+00 -1.39630420e+00 -1.45332558e+00  1.56893155e+00
  1.12614762e+00 -7.26323831e-01  2.31128642e-01 -2.71035859e-01
  5.81261167e-01 -2.66289204e-01  8.74790803e-01 -2.45644787e-01
 -4.14785654e-01  5.90684877e-01 -3.73623659e-01  2.68191728e-01
 -1.00034235e+00  5.77133482e-01 -8.28114533e-02  8.03263194e-01
  1.05831865e+00 -7.90828771e-01 -1.05185754e+00  2.13202882e+00
 -1.89058545e+00 -1.69181157e-01 -7.56190377e-01 -2.49999320e-01
  1.09615238e-01 -7.83880232e-01 -2.92513523e-01 -7.11375366e-02
  1.72906608e+00 -1.08206072e+00 -4.06487324e-01  1.02525804e+00
 -1.65781204e+00 -3.10254602e-01  9.22044702e-01  9.36023566e-01
  6.74277479e-01 -8.05071302e-01 -7.25311071e-01 -4.28532434e-01
 -1.55534963e+00  1.95569977e-01  1.60230001e+00 -6.88256162e-01
 -1.15917645e-01  2.86872168e+00  6.33018050e-01  1.19030775e+00
 -3.35001650e-01  9.46798785e-02 -4.37533714e-01 -3.40228215e-01
  2.12944508e-01  1.61662933e+00 -7.54180200e-01  7.42766311e-02
  8.86127303e-01  8.89907992e-02  1.18059357e+00 -1.92250049e+00
 -9.99658570e-01  1.20800985e+00 -2.18340106e-01 -1.16050803e+00
 -3.61431830e-01 -1.44440370e-01 -7.56381512e-01 -2.35382155e-01
 -9.34093076e-01 -3.15380193e+00 -1.90972784e-01  1.00996955e+00
  1.41906858e+00  4.13932987e-02 -1.05658121e+00  1.83314808e+00
 -3.02078224e-01 -1.33742578e-01 -2.38023650e-01  6.10494055e-02
 -1.39427065e-01  2.66338520e-01  2.08200853e-01  3.86699186e-01
 -1.01397275e+00 -2.67982760e-01  3.63919118e-01  9.65590294e-01
  5.47712737e-01 -2.65901145e-01  9.79786761e-01  3.18204840e-01
 -4.88596549e-01  3.14657609e-01  1.75818318e+00  4.79006243e-02
 -6.83871415e-02 -1.31410056e+00  6.74432763e-01 -3.29708220e-01
  1.57995417e+00  2.21167727e+00 -1.62389299e+00 -1.53247919e-01
  1.25254561e+00  7.68116283e-01 -1.16789971e+00 -1.10681139e+00
 -8.07960370e-01  1.20791808e-01  2.39391833e+00  5.92552285e-01
 -1.16735786e+00  4.98159300e-01 -5.03630121e-02  5.31686381e-01
  1.66260464e+00  1.48799425e-01  3.21054982e-01  6.30889417e-01
 -1.80245381e+00 -3.68663263e-01 -9.39768529e-01 -8.46193773e-01
  7.35001309e-03  4.47192537e-01 -1.19443404e+00  2.25823765e-01
  6.06318818e-01  2.18682678e-01  1.35565828e+00  2.05745406e-01
  6.79905948e-01  4.27498708e-01  1.64609743e+00 -7.47685315e-01
  9.24679970e-01 -8.56054343e-01 -3.70158109e+00 -6.25220335e-01
  6.73367848e-01  1.08846225e-01  4.39532090e-01 -3.18883245e-01
  3.29486685e-01  8.73571787e-01  7.14327913e-01 -8.00390145e-02
  1.60517356e+00  1.71466965e+00 -5.00252535e-01 -1.11331812e+00
 -6.15441107e-01 -1.91244304e+00  5.57045658e-01 -1.60801840e-01
  8.45616180e-01 -2.14178537e+00  2.68464127e-01 -3.66697863e-01
  3.02434139e-01 -9.28939682e-01  1.24048052e+00  3.79838312e-01
  1.04760246e-01 -6.33305261e-02 -5.91720373e-01 -1.06599739e+00
  1.27858861e+00 -5.56182061e-02 -1.67159731e-01  2.56304126e-02
  1.90350618e+00  6.82444128e-01 -5.97344065e-01 -1.60915344e+00
 -2.25403655e+00 -1.13599737e-01 -9.57040214e-02 -6.72652253e-01
 -1.11659180e+00  1.12821099e+00 -6.27419370e-01  6.04515577e-02
  8.92955642e-02  4.35841023e-01  1.22645601e+00  4.96836781e-01
 -3.06278277e-01  1.14829200e+00 -7.87501754e-01 -8.85751756e-02
  1.40812917e+00 -2.99121921e-01  4.34887376e-01 -1.78355682e+00
  8.60056892e-01 -8.92263282e-01  1.05571634e+00 -4.77288364e-01
 -1.06916026e-01 -9.65851607e-02 -1.26632018e+00 -2.31628201e+00
  1.71223386e+00 -9.74775172e-01 -1.11631720e+00 -4.46344239e-01
 -7.08941734e-01  3.57566174e-02 -6.34288647e-01 -2.77181747e-02
  1.61650773e+00 -1.91593547e+00 -5.34152614e-02  1.17629549e+00
  1.70502321e-01  1.17804239e+00  1.08391674e+00 -3.04173734e-01
  5.93820709e-01 -2.05083029e-01  7.00323543e-01  1.81667075e-01
 -2.03802609e+00 -7.64741526e-04 -9.51526295e-01 -3.05074041e-01
 -1.62484013e+00 -7.85453559e-01  4.59469099e-01  3.96829261e-01
 -1.46143052e+00  2.94839219e-01  6.87597405e-01  2.43902514e-01
  8.68214467e-01 -1.85460331e-01  4.30808517e-01  1.43789122e+00
  8.17218802e-01  2.14441711e-01  2.99411192e-01  8.34151311e-01
 -1.14219955e+00  7.95244650e-01  9.83495240e-01 -3.68023651e-02
 -4.47475208e-01 -2.16189630e-01  1.60364881e+00 -4.52628912e-01
  8.61297581e-01  1.25999237e+00 -1.33740325e+00 -7.37207609e-01
 -1.41297567e-02  1.43753075e+00  8.44731061e-01 -7.66862116e-02
  6.36334653e-01  4.61219377e-01  1.52808977e+00 -1.63289955e+00
 -3.87802724e-01 -2.34039312e+00  3.74512763e-01  4.51895049e-01
  2.12708744e+00  1.23792167e+00 -1.06870902e+00 -5.34029038e-01
 -5.69491827e-01  7.91564764e-01  2.59105088e-01  3.12697098e-01
  6.50583336e-01 -1.45849026e+00  2.43347597e+00 -1.59350164e+00
  2.66185862e-03  1.11471879e+00  1.74134627e+00  5.18061377e-01
  3.80420295e-01 -1.21513791e-01 -9.74574856e-01 -1.67447281e+00
 -9.25763650e-01  1.11673656e+00 -4.48636828e-01 -2.15581829e-01
  1.21413629e+00  8.94909105e-01 -6.41529717e-01  7.77334714e-01
 -4.31596116e-01  6.94622786e-01 -8.14670401e-01 -1.95551686e+00
  8.14844157e-01  1.15145287e-01  1.81580494e+00 -3.25835763e-01
 -2.11028478e-02 -3.20615635e-01  5.13244523e-01 -1.27225797e+00
  2.52249261e+00  1.89376328e+00 -5.78703378e-02 -9.08603051e-01
 -1.24175838e+00  2.07972186e+00 -2.16637624e+00  1.32354619e+00
 -3.40477322e-01  1.20386680e+00 -2.46880674e+00 -1.73641005e-01
 -2.73107660e-01  1.68774616e+00  1.02953958e+00 -2.39763198e-01
  6.86839839e-01  9.08914119e-01 -1.02870611e+00 -7.67977895e-01
 -3.50573760e-01  3.65028114e-01 -9.83497175e-01 -1.55225182e+00
 -3.00717545e-01 -9.94511314e-01  2.67864959e-01 -1.27685091e+00
 -5.80741844e-01 -6.17946467e-01 -2.35675732e+00  2.01913773e-01
  2.29361776e-01 -1.17689807e+00 -8.62228955e-01 -1.11745936e+00
  2.08665804e+00 -8.77971163e-01 -1.56153299e+00 -2.63172650e-01
  4.96488869e-01  5.35477594e-01 -4.49570511e-01 -1.30550231e+00
 -5.15678297e-01  3.59278129e-01  6.25273608e-01 -1.26402003e+00
 -7.98373497e-01 -4.56123495e-01 -1.73247918e-01  1.14455588e+00
  1.89110555e+00 -7.37545533e-01 -1.23424185e+00 -1.69304367e+00
  1.03108631e+00 -6.86512317e-02 -6.79548350e-01 -1.65216184e+00
 -1.34866323e+00 -6.05623503e-01  1.40076192e+00  1.30687770e+00
 -2.31753211e-01  2.29909423e+00 -1.16299772e+00 -1.57201668e-01
  1.80295860e+00  6.87752467e-01  1.83333678e+00 -7.67526898e-01
 -5.59794983e-01  1.21961150e+00  7.55947365e-01 -1.99045391e-01
  1.08678050e+00 -7.37202204e-01  1.23328526e+00 -6.69271492e-01
  3.05427977e-01 -2.36472008e+00 -1.90894965e-01 -1.93337218e-01
  2.54416087e+00 -2.96629726e+00 -8.19393651e-01  1.09371643e+00
  3.65218902e-01  1.26736930e-01  3.66812796e-01  1.71259657e+00
  6.14354561e-01 -7.10535396e-01  5.41818161e-01  5.27889281e-01
 -1.12583978e+00 -1.79130955e-01 -2.07996752e-01  5.27191111e-01
 -1.53509546e-01  1.82431509e+00 -1.58416631e+00 -5.97117941e-01
  5.97874725e-01  8.70920347e-01 -1.44237547e+00 -2.09436280e-01
 -1.29780560e+00 -7.40612964e-01  4.92395507e-01  1.87280155e-01
  1.26802125e+00 -1.85503020e+00 -1.22257019e+00  1.35641413e-01
 -6.59172728e-01  4.80567858e-01  1.17332128e+00 -1.32362705e+00
  1.68933201e-01 -2.18668003e-01 -1.05005811e+00 -6.87923596e-01
  2.52429066e-01  4.18017327e-01  5.30425374e-01  3.59262663e-01
 -3.82350429e-01  3.44298940e-01  3.21810492e-01  7.35544574e-01
 -1.18999230e+00  2.20506375e-01  3.90280544e-01  7.08312435e-01
 -3.56769165e-02 -3.19693045e-01 -1.26061580e+00 -7.83240982e-01
  1.35594853e-01  6.99921635e-01 -1.38071551e+00  6.45531236e-01
  3.51040638e-01 -5.41639588e-01 -4.59301634e-01  1.85778156e+00
 -8.52815621e-01  8.92591136e-01  7.82761563e-01 -1.05866920e-01
  1.52598718e-01  1.52729139e+00 -7.66424404e-01 -1.04754111e+00
 -7.35782817e-02 -7.64665175e-01  5.91166608e-01 -3.55113901e-01
  4.94941890e-01 -1.65046690e+00  1.02384015e-01  1.94207501e+00
  4.27171319e-01  1.62699554e-01  3.04957537e-01 -1.44091985e+00
 -7.11550170e-01  2.69006482e-01  1.14964610e+00 -2.73535717e-01
 -1.52082093e+00  1.44976235e+00 -2.86720926e-01 -9.87010872e-01
 -1.36880310e+00 -1.34471043e+00  4.67071929e-01  1.42375633e+00
 -3.26694422e-01 -8.87396527e-03 -1.13967878e+00 -5.92928268e-01
 -5.01389219e-01 -1.93211772e-01  1.09635875e+00  7.85138160e-01
  6.87997850e-01 -1.46217584e+00  6.54150941e-01  1.46521212e+00
 -1.31285171e+00 -2.38714197e-01 -4.74090888e-01 -1.90186259e+00
 -1.80385539e+00 -1.54291302e+00 -1.24943314e+00  1.53370246e+00
  3.70230236e-02 -1.41445555e-01 -5.71067583e-01  8.18244975e-02
 -7.51998740e-01 -3.79444235e-01 -8.04279467e-01 -5.81036400e-01