-2.11259733e-02  1.55332417e-01 -4.45100824e-01 -1.69502884e-01
  8.26420412e-01 -1.79390899e+00 -2.76037851e+00  8.63684222e-01
 -7.65826277e-01  7.25721390e-01  6.34795411e-01 -1.32406672e+00
  2.21461410e+00 -4.38595055e-01  9.96988212e-02 -3.50924918e-01
 -1.44951426e+00  1.33359464e-01  1.28227130e-01 -1.56574510e-01
  1.67147293e+00  9.90273995e-03 -1.01803828e-01 -7.71578734e-01
  1.17971443e+00  8.54982980e-01 -1.26542649e+00  4.20851857e-01
 -1.12661297e+00 -2.24498998e-01  8.57846467e-01  6.45825898e-01
  9.61772588e-01 -1.59306134e+00 -1.76948021e-01 -1.64954918e-01
  4.96637099e-01 -1.13700140e-01 -8.73519298e-02  3.13900389e-01
  1.93872137e+00  1.89915463e-01  5.26499740e-02 -3.41650395e-01
 -3.46576777e-01  3.47845894e-01 -8.98250797e-01 -5.03356881e-01
  1.09685373e+00 -3.79146344e-01 -5.61073644e-01 -3.71586428e-01
 -6.46165765e-02 -2.35547491e-01 -6.85349604e-01  1.01184812e+00
  1.51138737e-01 -1.12863643e+00  1.36025304e+00 -3.63784086e-01
 -4.34560469e-01  2.07907527e-01  1.39716196e+00  7.31895508e-01
 -6.97888023e-01 -7.54008719e-01 -8.82511291e-01 -1.91315052e+00
  1.76406291e-03  4.24955330e-01 -3.34366133e-01  4.11000841e-01
 -9.99379513e-01 -5.52788105e-01 -5.41430012e-01 -5.41674411e-02
 -4.47870129e-02  1.83437763e+00 -2.64591102e-03 -7.25227287e-01
 -1.43809879e+00 -7.56700808e-01  2.92336847e-01  2.07633528e+00
 -1.19854150e+00  8.10590548e-01  5.14061781e-01  5.82352489e-01
  7.52530328e-01  1.32491370e+00  9.36795369e-02 -2.14486426e-01
 -1.17239617e+00  1.04533310e+00 -6.69713771e-01 -1.36731042e+00
  3.19893960e-01  1.42224330e+00 -3.11558403e-01 -1.21645409e+00
  4.99122293e-02  1.44154857e+00 -1.67309955e+00  2.10385116e-01
 -3.63341171e-02 -8.00235304e-02  1.25001531e+00 -1.03409036e+00
  2.75752203e-01 -1.89654800e-01  7.54292471e-01 -1.59726728e+00
 -9.75076874e-01 -6.51780459e-01  3.50127000e-01  7.66647531e-01
  1.00718882e+00  2.30413360e-01 -8.55689502e-01 -1.29398798e+00
  2.60252071e-01 -1.76056630e+00 -1.46036944e+00  1.34510398e-01
 -5.01003806e-01  1.27398613e+00  8.20858581e-01 -1.59942888e-02
 -1.23348827e+00  1.90928341e+00 -9.48092724e-01  1.53784493e+00
 -7.94367977e-01 -1.52320040e+00 -2.08040656e+00  3.03651290e-01
  8.17645528e-01 -1.55629194e+00 -1.78588634e+00 -5.28217214e-01
 -7.57259511e-01 -1.91985327e-01  1.26019423e+00  3.70483774e-01
  1.95104776e-01  1.90953923e+00 -9.74449486e-01 -2.66935077e-01
 -1.42350149e+00 -9.44654198e-01 -1.09128180e+00 -6.00818312e-01
  6.04090677e-01  1.87243029e-01  1.82530787e-01  3.00551418e-01
  1.28037246e+00 -2.64339871e-03 -1.85490654e+00  3.06933521e-01
 -5.69961808e-01 -6.02165722e-01  5.75845639e-01 -1.76369014e-01
 -4.07682062e-02 -7.09233751e-01 -1.48494227e+00 -6.53187241e-01
  3.58609072e-01 -1.08901773e+00 -9.87983420e-01 -4.49235289e-01
 -2.09452951e+00  9.46500878e-01  1.24036226e+00  2.58803370e-01
  1.35529432e+00 -2.12871214e+00 -2.74945616e-01  5.96608784e-01
 -5.44261025e-01 -1.08518267e+00 -9.88982334e-01  6.70564741e-01
  7.47089480e-01  4.89340595e-01  8.90117288e-02  1.35507026e+00
 -3.49959923e-01  2.68439834e-01 -1.31469358e+00  6.76628032e-01
 -6.69960684e-01 -2.57956997e-01  4.87951071e-01 -1.20901251e+00
 -6.46863664e-01  8.32518088e-01 -9.78561953e-01  4.44845932e-01
  2.25096823e-01 -3.72733479e-01  1.97968510e+00  9.38894075e-01
  7.37615597e-01 -4.55433489e-01 -1.09519875e-01  1.60413685e-01
  3.96874210e-01 -2.55653719e+00  5.91320645e-01 -4.61642094e-01
  5.65820736e-02  5.44225134e-01  5.47305243e-01 -1.05523366e+00
 -7.86742905e-02 -1.05415519e+00  6.35765892e-01  2.79130880e-01
  5.54077619e-01  1.79389866e+00  1.42836009e+00  2.00592628e+00
 -2.15094166e-01  2.07699389e-01 -1.00097807e+00  3.91360007e-01
  6.75664778e-01  8.39404910e-02  1.36720255e-01  7.55269212e-01
 -1.00711103e+00 -5.43470480e-01 -5.29101413e-02  2.14292636e+00
 -1.88148316e-02 -3.30898388e-01  2.58183596e+00 -1.43108618e+00
  1.17938240e+00 -1.21332722e-01  1.17451373e-02 -8.37858751e-01
  1.40702271e-01 -6.39525196e-01  1.63501949e+00 -1.35823168e+00
 -1.13538050e-01 -2.38856586e-01  3.42501550e-01  1.60221692e-01
  1.02960782e+00 -6.82124343e-01  8.06130283e-01  5.91539069e-01
  5.18750178e-01 -1.41175167e+00  2.96612073e-01  6.66992212e-01
  1.52727912e+00  7.99453716e-01 -3.99719644e-01  1.53207898e+00
 -2.80531160e-01 -1.23306827e+00  2.10360494e+00  7.38836395e-01
  1.07904915e-02 -7.88850652e-01 -1.03766063e+00 -7.69418910e-01
  2.56358703e-01  2.42949278e-02  2.62693024e-01 -1.81287481e-01
  1.93550838e+00 -5.74363732e-01 -7.82703665e-01 -1.15305163e+00
 -1.50506859e+00  1.84341941e+00 -1.84354723e+00  2.96542403e-01
  7.51441934e-01  2.37267525e-01 -2.28272342e+00  1.74573272e-01
  5.65436834e-01 -4.84039048e-01  7.51323441e-01 -5.98171647e-01
  5.74641365e-01  1.30637670e+00 -6.40429757e-01 -1.39900173e+00
 -4.35003239e-01 -6.05715437e-01 -6.56476479e-01  6.50952924e-01
  5.31137774e-01 -1.08866331e+00  2.97434546e-01  1.99941372e-01
  1.65490859e+00  6.76567834e-01 -1.34924778e+00  9.41914896e-01
 -2.11749796e+00 -2.76731849e-01 -8.57377430e-01  5.44792669e-01
 -5.18611416e-01  1.31551726e-01 -2.79012209e-01  4.10267482e-01
  7.86818882e-01 -2.04322454e+00 -8.50613319e-01 -2.62343349e-01
  8.65938517e-02 -2.66929969e-01  2.10515589e-01 -2.47945210e+00
 -2.01754053e+00 -7.71825209e-01  3.89741995e-01 -5.44010666e-01
 -9.40099303e-01  2.75972355e-01 -1.08533035e+00 -1.00706525e+00
  1.73817427e+00 -8.32259143e-01  9.09364628e-01  1.53661766e+00
 -1.62959889e+00  5.28315665e-01 -3.62035610e-01  1.34266736e-01
 -4.30706700e-01  1.40580974e+00 -9.26156209e-01  2.33308932e-01
 -1.05082528e+00  2.03554119e-01 -4.16625606e-01  5.09823892e-01
  1.75845660e+00 -3.28478670e-01  7.00424150e-01 -1.85775236e-01
  4.21707296e-01 -2.33750146e-01 -1.47464388e+00  7.86028868e-01
  8.14734712e-01  1.50052850e+00  1.81497297e+00  1.40670223e+00
  1.08759489e-01 -7.48710744e-01  4.15415349e-01  5.75713262e-01
 -5.34600914e-01  8.60513937e-01  8.38715494e-01  1.54769306e+00
  3.72269160e-01 -1.91710786e+00 -5.01760213e-01  1.10465545e+00
 -4.09519900e-03  6.65047512e-01 -7.25873652e-01 -4.70158661e-01
 -6.64276611e-01 -9.33785247e-01 -1.03862937e+00 -1.76689378e-01
 -1.59986449e+00  9.59402776e-01  3.90479028e-01 -1.85244192e+00
 -3.42973517e-01 -2.25184106e+00  1.39723259e+00  6.53206382e-01
  1.04538327e+00 -4.62025652e-01  1.74433035e+00 -9.76761317e-01
  3.35326754e-02  7.02932700e-03  6.84417802e-01  2.03281860e+00
 -2.65162563e-01 -1.64490007e+00  9.00681043e-01  3.86999902e-01
 -1.09149278e+00  4.99296333e-01 -2.04269650e+00 -4.70919128e-01
  6.95764069e-01 -8.53590633e-01 -1.88071809e-01 -4.19350399e-01
 -8.50128334e-01  7.38103516e-01  6.27563506e-01  1.78074688e+00
 -4.98810090e-01 -5.05876439e-01 -6.01439101e-01 -3.05735220e-01
 -2.66160716e+00 -1.38526004e+00 -8.24867377e-01 -8.23778322e-01
 -6.96056185e-01 -5.24898284e-01  5.93742248e-01 -1.37266257e+00
  6.97613105e-01  2.23648114e-01  1.35912856e+00 -4.58870983e-01
 -9.22917001e-02 -1.94593437e+00 -4.82990475e-01 -4.72506852e-01
 -8.91397568e-01 -3.12246937e-01 -1.39201196e+00  1.16943341e+00
 -3.95475630e-01  2.00730669e+00  8.47973916e-01 -5.47659199e-01
  7.30482001e-01 -1.11125958e+00  1.94306399e+00  2.11430937e-01
 -7.92729792e-01 -1.28171974e-01  1.38425343e+00  1.60922753e+00
 -7.44652820e-01 -6.52931272e-01  8.48053517e-01 -9.05003376e-01
  2.09357031e+00  2.12269650e+00 -6.82145769e-01 -6.77681354e-01
  1.08505162e+00 -2.95388767e-01  6.18081120e-01 -1.04319563e+00
  2.58185146e-01 -2.88544354e-01  1.20482162e+00 -1.28878082e+00
 -1.01282709e+00 -1.01225293e+00  7.95701670e-01  2.48496331e-01
  3.19728142e+00 -1.58027583e+00  7.31488674e-01 -5.37657151e-01
 -1.36794231e+00 -1.13285636e+00  1.14671884e+00 -2.91996755e-01
 -9.25777913e-01  3.15864004e-01  1.09671654e-01 -7.96347500e-02
  1.12272952e+00 -2.25734715e-02 -1.41106259e+00  1.33885022e-01
  2.60904879e-01 -2.73041328e-01 -5.89824803e-01  3.10095806e-01
 -1.79138449e+00 -8.88081876e-01 -1.89936900e-01  1.01142105e+00
 -1.64283574e-01  9.22044332e-01 -8.51861044e-01 -4.40513935e-01
 -2.53193116e-01 -4.26708772e-01 -7.84165749e-02  3.59093086e-01
  3.08706886e-02  1.63890831e-01  4.93058465e-01 -6.86648847e-01
  5.74506359e-01  1.25817597e+00  1.97297362e+00 -6.46308203e-01
  1.06454767e-03 -7.24200253e-01 -3.06647401e-01  5.03025010e-01
 -6.39816387e-01 -3.73626112e-01  5.03311246e-01 -1.35934971e+00
 -5.83843085e-01  1.31095506e+00 -4.43365942e-01  1.21528977e+00
 -9.91979328e-01 -2.19120624e-01  1.75812596e-01  3.34788591e-01
 -1.25308405e+00  3.84426640e-01 -8.60178137e-01  8.82772194e-01
 -2.29597477e+00  8.38386719e-01 -9.44078064e-01 -3.02490333e-01
  1.36672027e+00  2.28528567e+00  1.22120296e-01  8.51263530e-01
  1.22106070e+00 -2.82973500e-01 -1.40315476e+00  9.63613745e-02
 -1.22620540e-01  2.84217889e+00  6.63359790e-01 -6.99430080e-01
  1.01882112e+00  8.99510064e-01 -1.83086726e+00 -4.92832766e-02
 -2.62772308e-01 -1.01704106e+00 -9.32994071e-01 -7.68272511e-01
  9.19430056e-01  3.57108205e-01 -3.15291362e-01  1.20434275e+00
 -5.85078263e-02  1.73757796e-01 -3.56265603e-01 -2.04933008e+00
  8.36351485e-01 -2.14121721e+00 -7.99286570e-01  1.59389714e+00
 -5.45263070e-01 -1.70674043e-01  1.75021162e-01  1.49349923e+00
  7.77873575e-01  2.49004192e+00 -2.00028385e-01 -4.93174325e-01
  5.49994287e-01  1.27159299e+00  1.77106011e+00 -1.31789954e+00
 -6.28694394e-01  9.27768981e-01 -4.33599988e-02  5.08184076e-01
  1.00802804e+00  1.25240266e+00 -1.06451431e+00 -7.25322346e-01
  5.67568531e-01 -2.58231170e-01  2.27037555e+00 -1.84501900e+00
  6.59214186e-01 -1.69429576e-01  9.59760999e-01  2.71463616e-01
  6.09603992e-01  8.01667241e-01 -8.56526532e-01 -6.87506560e-01
  4.44810026e-02 -5.26132433e-01 -1.10888432e+00  3.22036985e-01
  7.39212513e-01  2.29637464e-01  4.62708020e-01 -4.53639524e-01
  4.52160598e-01  5.56893665e-01  2.38290220e+00  3.96815609e-01
  8.40439454e-01 -2.55555064e-01 -9.78379347e-01  1.13104512e+00
 -1.13171908e-01  7.36193949e-01  2.24959638e-01  6.09238418e-01
  1.27280375e+00  5.89317836e-02  2.01532038e+00  1.34621472e+00
 -6.06073298e-01  4.81335312e-01  2.19400505e-01  8.14892103e-01
 -3.52668957e-01  2.40544414e+00 -3.42967552e-01  2.22690956e-01
 -5.28040535e-01  4.62911015e-01  2.00911367e+00 -1.37871367e+00
  1.37018009e+00 -2.83875688e-01  3.05560365e-01  3.82003943e-01
 -4.53269007e-01 -4.63307417e-02  9.57394749e-02 -6.46756153e-01
  9.15934523e-01  2.90192397e-01 -3.63755244e-01  6.15657780e-02
 -2.35992007e+00  1.14619829e+00  2.59542991e-01  1.07650310e+00
 -8.29152016e-01 -4.61607995e-01 -2.17530875e+00 -5.05875724e-01
 -1.08044516e+00 -1.13888437e+00 -1.62105625e+00  2.31678990e-02
  9.87147856e-01 -7.66143045e-01  7.57577023e-01 -1.20488108e+00
  5.02094055e-01  4.22599892e-01 -9.20716119e-01 -1.61272727e+00
 -6.02174372e-01 -3.20221481e-01 -1.44386552e+00 -1.34784705e+00
 -1.28439191e+00 -8.25300867e-01  6.80990443e-01  3.73176498e-01
 -6.75688024e-01 -8.80236796e-01 -1.10073650e-01 -6.90874603e-01
 -5.79985229e-01 -8.27776169e-01 -2.07712219e-02  1.74591726e-01
  1.21204244e+00 -4.63096764e-01 -4.11104476e-01 -4.94448490e-01
 -5.82052510e-01 -7.51424034e-01 -2.68341611e+00 -8.36743181e-01
  1.44632587e+00 -2.45323450e-01 -3.14244337e-01 -8.19505992e-01
 -5.49062977e-01 -8.05366903e-02  8.42886244e-01 -9.42660249e-02
 -7.83984642e-01 -7.95294036e-01  8.75047771e-01  1.20694288e+00
 -4.42381375e-02 -7.93261495e-01  1.05203453e+00  2.82573972e-02
  4.49797743e-01  4.56286314e-01 -2.51256121e+00 -1.14935432e+00
  1.32653824e-01 -9.62808027e-01  8.67638193e-02  6.13068635e-01
 -1.16285368e+00 -1.36923831e+00  9.84409626e-01  9.14206836e-01
 -1.23764517e+00 -3.61805833e-01 -1.16839578e+00  2.17648229e-02
 -4.34890970e-01 -2.90080495e-01 -2.86488468e+00  1.02595014e+00
 -9.32464350e-02  6.23109713e-01  1.84919244e+00 -2.12553684e-01
 -1.77457646e+00 -2.05059870e+00  1.41936149e+00 -9.30563684e-01
 -2.93358459e-01  3.80670637e-01 -1.59156016e+00 -6.17660132e-01
 -5.58838633e-01  3.49166881e-01  6.44720327e-01  7.08280917e-01
 -5.23993891e-01  3.71392909e-01 -1.15680561e+00 -5.53379988e-01
 -3.26129537e-01  2.46790252e+00 -1.80039590e+00 -3.56688319e-01
  1.09490576e+00 -3.30544375e-01  1.21288700e+00  7.73514956e-01
  6.63811400e-02  9.09179543e-02 -1.86745578e+00 -1.50664771e+00
 -1.15235135e+00  1.62748300e-01 -9.16122573e-01 -5.01709899e-01
 -1.68634201e-01  7.27818791e-01  1.09641437e-01 -1.05638965e+00
 -7.17048150e-01  1.80721719e+00 -3.77793061e-01 -5.74734917e-01
  4.98671613e-01 -6.47328960e-01 -7.85682821e-01  9.73682275e-01
 -6.40286048e-01 -6.71172797e-01 -3.86710098e-01 -4.58079309e-01
 -1.57902284e-01 -6.73048239e-01  1.70726363e+00  2.39548146e-01
 -5.76409277e-01 -1.36071122e+00 -5.37594725e-01  5.44624930e-01
 -4.97033172e-01 -2.74283570e-01  1.61139615e+00 -6.01271569e-02
  7.64075886e-01  1.80087079e-01 -1.26539827e-01 -1.53005544e+00
  1.00461240e+00 -8.65812603e-01 -1.72462432e+00 -1.99801662e-01
  4.10417071e-01  6.01672089e-01 -1.07976383e+00 -1.82257119e+00
  5.28526236e-01 -6.82815259e-01  1.96241101e+00  1.99422909e-02
  5.54291202e-01  3.29083613e-02 -3.27738571e-01 -1.25203815e+00
  2.52637184e+00  7.36169009e-01 -6.41302077e-01  1.01181038e+00
  8.49006670e-02  1.43203008e-01  1.42038836e+00 -1.24806568e-01
  1.89942057e+00  5.76503823e-01 -1.06437387e+00 -4.05256489e-01
  1.71769198e+00  6.27836097e-01 -2.03874635e+00 -1.45858071e+00
  1.23899613e+00  1.25656493e+00  2.07944351e-01 -9.85339844e-01
  1.40162861e+00 -6.64769596e-01  7.01865596e-01 -9.84963439e-01
  5.36567154e-02  1.04889457e+00 -1.41453873e+00 -1.64570366e+00
  1.55907188e+00  2.09558749e-02  3.74697829e-01  1.64790955e-01
 -6.68302273e-01 -5.38554712e-01  2.21055116e-02 -4.45707779e-02
  7.74142650e-01 -7.07446501e-01 -9.95044141e-01 -1.17143181e-01
 -1.86448913e+00  2.48369099e-01 -6.01589276e-02  7.82409366e-02
 -2.69172122e-01  1.26560358e+00 -1.52598119e-01  3.45593438e-01
  3.57557964e-01 -1.40196879e-02 -3.49411079e-01 -3.39830065e-01
 -8.66884271e-01  2.81234925e-01  1.07290067e+00  5.92244824e-01
 -1.14471059e-01 -7.17974760e-01 -9.56633211e-01 -8.52942427e-01
  8.31799808e-01 -1.63984182e+00  7.61888739e-01 -8.41605771e-01
  7.93885352e-01 -5.16969836e-01 -2.15170583e-02 -3.75114160e-01
 -6.13070165e-01 -2.71330572e-02  1.23081588e+00 -5.77566872e-01
  1.68514020e-01 -2.49729798e-01  1.10213867e-01 -2.04669726e+00
  3.09004811e-01 -7.90804709e-01 -1.49558444e+00 -2.51828750e-01
  9.32185609e-02  2.54991040e-01  3.56561050e-01 -8.04330842e-01
 -3.71618585e-01 -1.52781498e+00 -1.00091952e+00  7.30744334e-01
  2.62208990e-01  1.21088623e-01 -3.22955990e-01 -3.07809236e-01
  4.83847037e-01  2.99728477e-01  1.64054370e+00 -1.32546264e+00
  1.88507539e+00 -4.52317748e-01 -7.44326898e-03 -1.02381537e+00
 -2.38902015e-02 -7.55846958e-01  8.34001996e-01  6.05173443e-01
  1.08380996e+00  4.02487992e-01 -3.70177525e-01  9.72496911e-01
 -6.11788916e-01 -1.03199697e+00 -5.15903251e-01  2.76016088e-02
  6.53403881e-01 -6.33747051e-01  1.26406400e+00  2.19505158e-01
  7.69206959e-01  1.69981483e-01  9.88401295e-01 -1.54265515e-01
 -1.27561271e+00  7.56734745e-01  1.99149495e+00 -1.66402370e+00
 -1.73370891e+00  3.46215277e-02  5.06137343e-01 -3.69095535e-01
 -1.05511573e-01 -1.29092964e+00 -7.67560828e-01 -1.11736708e-01
  1.44867607e+00  6.49053473e-01  5.46738461e-01  4.11803893e-01
  1.66120284e-01  1.28707030e+00 -2.71590712e+00 -6.45980155e-01
  2.54142467e-01  7.64603202e-01 -8.03286970e-01  8.43633563e-01
 -8.38950660e-01  1.51853741e+00  1.77881335e+00  8.66379646e-01
  1.04554584e+00  1.92953494e-02 -1.98487139e-01 -1.53230804e+00
 -1.62694761e-01 -8.18494399e-01 -1.65546912e+00 -1.51884366e+00
 -1.90596258e+00  7.79578569e-02 -2.21094026e+00 -7.55329264e-01
 -1.69684301e+00 -1.38759667e+00 -9.34171723e-01  7.05487481e-02
  3.87931043e-01  1.22223628e+00 -4.83600734e-02  1.01045979e+00
 -1.01449062e-01 -1.98602082e+00  1.38727611e+00  1.74635791e-01
 -1.54460176e-01  3.79200743e-01 -1.90702100e+00  8.01361502e-01
 -2.06946949e-01  2.03892121e-01 -6.56584855e-02 -4.90937752e-02
  5.03612826e-01  4.30551472e-01 -1.10155330e+00  7.52687953e-01
  6.05638118e-01  3.42106234e-02  1.06268830e+00 -1.05557461e-01
  4.83770643e-01 -4.94176462e-01 -9.37114446e-01 -1.01548393e+00