 5.72779644e-01  1.21407402e+00 -2.95844403e-01  8.19123022e-01
 -1.41472434e+00 -1.25570650e-01 -2.51698114e+00  1.00773196e+00
  2.07751101e-02  8.68081052e-01 -5.20030637e-02 -4.95574483e-01
  2.07112767e+00 -9.56004944e-01 -1.15851309e+00  9.39126266e-01
  2.67732192e+00  2.85074470e-01 -1.76967611e+00  2.02520873e+00
 -1.13922695e+00 -1.13702918e+00 -3.57393372e-01 -2.57199967e-01
  7.96596053e-01 -1.68809814e-02  9.64009269e-02 -9.27991311e-01
 -2.40312536e-01  5.30398925e-01 -1.21950711e+00 -5.59940938e-01
  1.39642317e-01  1.01093232e+00 -6.42114126e-01 -2.76050685e-01
  1.58055508e-01 -2.96967879e+00 -9.62616182e-01  3.17842632e-01
 -3.64878205e-01 -3.36197998e-01  2.22430965e+00 -6.60219617e-01
  1.96843477e+00 -5.48032145e-01  1.30987147e+00 -4.11950432e-01
  2.19375281e-01 -9.56535793e-01  5.42062782e-01  1.98483260e-01
  1.96193561e+00  1.28113621e+00  4.17374648e-01  6.97288336e-01
  5.29020388e-02 -1.17046965e+00 -1.80330399e+00  4.04674861e-01
  5.25297923e-01  4.69875491e-01 -9.88823654e-01  1.26120857e+00
  1.52150249e+00 -6.62409239e-01  1.29967599e+00  1.16484286e+00
 -1.97023200e+00 -3.72215887e-01  2.92540942e-02 -5.06067931e-01
 -2.02154600e+00 -3.57395473e-01 -2.61124503e+00  1.08986669e+00
  7.37810395e-01  1.27399272e+00 -1.63325445e+00  9.43639780e-01
 -1.12516787e+00  4.78052559e-01  6.28717898e-01 -7.80225005e-01
 -1.23002123e+00  2.54520863e-01 -4.29668093e-01  8.64895797e-01
  4.57469522e-01 -1.32275970e+00  1.97072418e+00 -9.50963460e-01
 -1.13015360e+00 -1.14232244e+00 -1.11411739e-01 -5.00956526e-01
  2.24088852e+00 -9.43674893e-01  2.29454008e-01  9.53705439e-01
 -4.39626185e-01  1.06199699e-01 -4.90358256e-01 -1.24577105e-01
  1.46360508e+00  1.20548165e-01  1.27407882e-01 -3.66076250e-01
  3.25447692e-01  1.04835833e+00  5.78893415e-02  8.07451953e-01
  1.36530540e+00  5.73427625e-01 -1.02174453e+00  1.05430678e+00
  1.49029260e+00  2.02101345e-01 -3.98286308e-02 -1.34221072e+00
 -2.18307235e+00  6.82206948e-01  5.02813935e-01 -2.97115436e-02
 -1.07668895e-01 -3.17531496e-01  8.64230223e-01 -6.47069175e-02
  3.26406324e-01 -6.92341926e-01 -6.27267681e-01 -1.54522392e+00
 -9.11011504e-01  9.18356520e-02  6.42952698e-01  1.03440895e+00
 -9.04689931e-01  1.28947895e-01 -4.57329404e-01 -2.87128834e-01
  2.88975997e-01 -1.19077563e+00  5.03927453e-02 -6.94539262e-01
 -1.22113005e+00 -1.02723388e+00 -3.53872642e-01 -4.33139512e-01
  8.53950465e-01 -6.59928161e-01  1.44974206e+00  1.44542903e+00
 -1.17930229e+00  1.43609231e+00  9.87812240e-01  1.34394242e-01
  1.11456836e+00 -9.47707911e-01  5.03389512e-01 -3.05481087e-01
 -1.46291435e+00 -2.36340063e-01  5.58574341e-01 -1.14986585e+00
 -1.68821706e+00  3.65131655e-01  6.58335757e-01  1.65294158e+00
 -1.26058084e+00  6.48735189e-01  2.10622012e-01 -1.17241396e+00
 -4.31287402e-01  1.43665395e+00  2.49231215e-02 -9.38663069e-01
 -2.00221138e-01 -1.27412699e+00  1.71045252e+00 -1.93074596e+00
 -9.55520076e-02 -3.93312457e-02  7.92800761e-01 -1.43573756e-01
  3.34044197e-01  3.17469621e-01 -2.28474911e-01 -3.68803507e-01
 -5.62957942e-01 -9.67441435e-01  8.72957480e-01  8.38968696e-01
  1.08810730e+00 -5.90545854e-01  5.16685787e-01 -1.92544275e-01
  7.04863812e-02 -4.59933124e-01 -1.36284224e+00 -9.74118817e-01
  1.83785069e+00  1.22912037e+00  1.53825216e-01  1.16708558e+00
  9.46954954e-01 -2.07919367e-01 -2.47812011e+00 -1.04518337e+00
  9.90933417e-02 -9.13227504e-01  5.60324985e-01 -2.33703615e-01
  8.10241616e-01 -8.59263295e-01  1.64044474e+00  8.70514720e-01
 -1.13246506e-03 -5.31277333e-01 -2.93144479e-01 -5.80898376e-01
  1.96994874e-01  7.81016116e-01 -1.79671931e+00 -5.80917182e-01
  1.31298304e+00  2.16662725e+00 -6.23530761e-01 -1.45530132e+00
  7.40416844e-01 -1.74698568e+00 -3.29140060e-01  8.06918561e-01
 -1.61997238e+00 -1.30962512e+00  3.09883418e-01  9.03022630e-01
  1.31470765e-01  2.30056232e-01  1.28250069e+00  8.65103745e-01
 -3.73482134e-01  4.20544785e-01  1.70972765e-01  1.42738877e+00
 -1.08240348e+00  2.52562171e+00  1.04286822e+00  7.70840710e-01
  7.63440152e-01 -2.53834745e-01  5.00621651e-01  5.66195519e-01
 -8.90300261e-01 -1.92497106e+00 -8.38820405e-01  1.04090149e+00
 -8.42464528e-01 -4.39818929e-02 -3.75785227e-01  7.48739671e-01
  8.08287133e-01  3.99946685e-01 -1.82747938e+00  7.23405904e-01
  1.75297075e-01  6.58982805e-01  2.41986686e+00  1.23295105e+00
  3.03268113e-02  8.24795062e-01  1.98501466e+00 -1.42370831e+00
  2.38588506e-01 -5.96166821e-01  1.03399126e+00 -5.05538451e-04
  9.66265047e-02  6.67271924e-01 -3.91381361e-01 -3.25969247e-01
  1.81664198e+00  1.74497638e-02  1.14876711e+00 -1.34645723e+00
 -6.86539752e-01  2.23000106e+00  2.58921513e-01 -6.31538983e-01
  1.22531036e+00  1.84652379e-01  8.55119127e-01  1.83556668e+00
 -1.15049970e+00 -7.73436135e-01  9.67205289e-01 -2.14728983e-01
 -2.23053881e-01  1.19018115e+00 -3.21126252e-01 -5.34506814e-01
  9.69956270e-02 -8.31845380e-01 -1.09796003e-01  1.25100311e-01
 -4.47952626e-01  1.28125249e+00  3.77609646e-01 -7.78779445e-01
 -1.76249544e+00 -5.60143308e-01  1.96169913e-01  8.43471243e-02
 -2.51116404e-01 -5.37638166e-01  2.11410397e+00  1.62756694e+00
 -1.35986479e+00  1.23963637e+00  2.66830948e-01 -5.92184523e-01
  5.60041641e-01 -4.87120614e-01  7.91569908e-02 -1.54182387e-01
  1.07841569e+00 -5.47065988e-02  1.11587630e+00  1.28796574e+00
 -4.24191334e-01 -4.30220136e-01 -6.57534006e-02 -2.78501104e-01
  2.48658082e+00 -1.84810715e+00  4.34357472e-01 -1.40635664e+00
  2.61219373e-01  1.29828830e+00 -5.01917442e-01 -8.90299105e-01
  6.49414647e-01  1.96795101e+00 -8.36957578e-01  6.01776585e-01
  1.49573304e-01 -2.39321366e-01  2.82378717e-01 -6.21658096e-02
 -6.72168215e-01  1.44820470e+00 -2.32094870e+00  2.60915142e-01
 -9.09749638e-01  1.12137458e+00  1.35869560e+00 -3.48276982e-01
 -1.23252863e+00 -1.24809886e+00 -5.67814973e-01 -1.28403798e+00
  1.30369717e+00  1.00070395e+00  8.75650301e-01 -7.62060531e-02
 -1.07896358e+00  1.77020841e+00  1.06465604e+00 -5.58082982e-01
 -9.74980319e-01 -4.56229043e-02  1.44778693e+00  9.00480359e-01
 -1.49236300e+00  8.54036895e-02 -1.48687143e+00  1.55515754e+00
  3.64968048e-02 -2.82677067e-01  6.83156643e-01  5.45547463e-01
 -9.27977385e-01  1.66066114e-01 -9.23651714e-01 -1.24766450e+00
  4.25519364e-01 -3.05179253e-01 -1.21980628e+00 -9.96615336e-01
  1.28004274e+00  7.10047649e-01 -1.58181817e+00  2.94411487e-02
  2.62492513e+00  1.03467337e-01  3.05947040e-01  7.25879288e-01
  7.72311017e-01 -1.16049536e+00  4.42468238e-01 -5.74976615e-01
 -7.43249433e-01  2.28343031e-01 -1.19277512e+00  1.44211966e+00
  4.55638191e-01 -1.02782380e+00  1.12549682e+00 -4.29156525e-01
 -9.03192733e-02 -7.75738107e-01  7.39300332e-01 -1.00782896e-01
 -3.41198294e-01 -7.08154682e-01  1.66596395e+00 -1.82767301e+00
 -1.52044274e+00 -9.31657398e-01 -7.44708341e-01  2.34625098e+00
 -4.65450605e-01 -5.22145395e-01 -9.81821958e-02 -2.01974667e-01
  5.78408566e-01  3.28923611e-01  1.15465560e+00  1.40925953e+00
  1.81325970e+00 -1.01311076e+00  5.22887113e-01  1.32198407e+00
 -5.39475105e-02 -9.68535140e-03  1.27168112e+00  2.83657655e-01
  1.23501015e+00  1.38373714e-02 -7.84427183e-01  1.92627500e+00
  1.63070237e-01  1.88422162e+00 -1.58992988e+00  1.09150949e+00
 -8.09959384e-01  1.12373468e+00  1.29202979e+00  1.48539988e+00
  1.64185246e+00  2.20446543e-01  2.97048006e-02 -1.48810133e-01
  3.29418943e-02  1.05138308e+00  7.95759274e-01  9.06478702e-01
  1.62502521e-01 -9.76367509e-01  1.90922430e+00  9.32240543e-01
  3.20195623e-01  7.12401395e-01  5.43735811e-01 -1.25215502e+00
  9.35753404e-01  2.12111716e+00  1.28257943e+00  1.35334915e+00
 -1.88055050e+00 -4.04695403e-01  1.05060889e+00 -5.24025394e-01
  8.47219075e-01 -7.76727811e-01  3.73388721e-01 -3.36099095e-02
  3.69760276e-01 -3.47618331e-01 -2.08012612e+00  1.94196737e+00
  9.66897182e-02 -2.19190264e+00  6.24736915e-01  2.04991506e-01
 -6.86868833e-02 -2.22587448e-01 -2.96191924e-01  2.89206082e-01
 -2.41766352e+00 -8.88145879e-01  1.51707891e+00 -2.89586230e-02
 -2.08504199e+00 -2.77070656e+00 -3.33746998e-01 -8.50387660e-01
 -5.82593218e-01  2.51282538e-01  2.88896028e-02 -1.17888416e+00
 -4.63434679e-01  1.28048442e+00 -9.75805159e-01  1.17484855e+00
 -3.34549197e-01  2.11971902e+00  4.60389076e-01  2.78904367e-01
 -6.84497712e-01  3.62719925e-01 -2.46026701e-01  3.69841022e-01
 -4.31282031e-03  8.69996427e-01  2.85942653e-01  3.53439521e-01
 -1.23286609e-01 -2.02007328e+00  8.95205908e-01 -1.05378424e+00
  4.11469205e-01  1.23345046e+00 -4.90526319e-02 -1.31844365e+00
 -1.17430976e+00  5.57629233e-01  1.13075772e+00  1.58176243e-01
 -9.71178228e-01  1.90621703e-01 -2.49755831e+00  4.29508842e-01
  8.43772210e-01 -1.20517925e+00  1.77992678e+00  1.81172528e-01
 -7.97418191e-01 -1.39067346e+00  9.67163268e-01  4.01412346e-01
 -9.99425867e-01 -7.49094399e-02 -1.56950479e+00 -1.03971805e+00
  1.46109132e+00  4.71878593e-02 -8.93137553e-01  3.75421166e-01
  8.07016084e-02 -1.49973380e+00 -8.26515646e-01  5.96762199e-01
 -9.93337752e-01 -5.83851702e-01 -3.21609320e-01  6.91356378e-01
  5.51046018e-01 -8.25406729e-01  1.34687472e+00  1.03335342e-01
 -8.53274969e-01  7.50690780e-01  8.22723076e-01  3.04121825e+00
  4.95730502e-01  4.78666419e-01 -3.81466842e-01  1.67257660e+00
 -1.20010002e+00  2.18921347e+00  5.29089633e-01 -6.82504975e-04
 -1.71151246e+00 -4.81416439e-01  1.09788526e+00 -8.61025968e-01
 -8.70795520e-01  1.64510797e-01  6.05241296e-02  6.25343898e-01
 -5.68173795e-01 -9.83983571e-02  7.03847266e-01 -6.27964116e-01
 -2.16886719e-01  6.58064534e-01 -9.68121891e-01 -6.12038817e-01
  6.09175230e-01  5.97195871e-02 -3.62068430e-01  2.79023563e-01
  5.81139499e-02 -2.38411700e+00 -8.03284892e-01 -1.20641492e+00
  1.51721206e+00 -1.49163900e-01  1.92939106e-01  5.15408206e-01
  8.69274813e-02  2.27645562e-03 -1.13411269e+00 -8.09642295e-01
 -1.61720144e+00 -7.06297919e-02  1.53611693e+00  2.12905168e+00
 -5.61136084e-01  5.40536428e-01 -1.32468310e+00  5.82001045e-01
  2.88309863e-01 -1.02071215e-01  2.04481872e-01  1.12683423e+00
  2.44386171e+00  1.42891011e+00  7.69696976e-01 -6.17970606e-01
 -1.18882586e-01  6.54165263e-01 -5.73490549e-01 -1.01242829e+00
 -8.14884901e-01  2.52953620e+00 -8.08625880e-01  2.11910589e-01
  6.63076333e-01 -6.99312735e-01 -2.96399872e-01 -1.65478419e+00
 -1.12512536e+00 -2.30223531e+00 -1.73460651e+00  6.15669516e-02
  1.25923185e+00  1.06969360e+00 -3.83176459e-02 -9.54118544e-01
  4.77430031e-01 -8.27038443e-01 -5.06618250e-01  1.54566950e+00
  1.24952676e+00  1.40520248e+00 -1.01274367e-01  8.18083964e-01
 -3.93288417e-01  1.33014349e+00 -5.26885815e-01 -2.19408425e-01
  1.72352830e+00  9.77912972e-01  4.76145083e-01 -1.04234269e-01
  7.59759876e-01 -6.39980396e-01 -7.30883696e-01  3.35336839e-01
 -7.80234328e-01 -1.65260258e+00  1.18598961e-01  1.69989930e+00
  1.98520764e-01  1.23284537e+00  1.22386894e-01  7.17601072e-01
  1.01673997e+00  4.53976662e-01  1.11116827e+00  7.96355495e-01
 -5.79327695e-01 -9.03690931e-01 -4.22154792e-01  1.87556664e-01
 -2.72063115e-01  1.20711413e+00  6.82801314e-01  1.08523210e+00
 -1.01871530e+00  1.04463125e+00 -1.31329927e+00 -1.56215690e-02
 -6.93802077e-01 -1.14147918e-01 -8.87304071e-01  3.33234082e-01
  1.47399609e-01 -5.91402017e-01 -1.10121015e+00  1.38380107e+00
  4.58177886e-01  8.72785801e-01 -1.15435523e-01  5.77281748e-01
 -8.57079510e-01  4.01836183e-01  4.12633545e-01 -9.94535047e-01
 -2.17706160e+00 -3.30924896e-01 -6.18897851e-01  2.03747616e-01
  1.40603250e+00  1.68465827e+00 -1.04748218e+00  1.22639308e+00
  1.36904602e+00  8.07363276e-01  2.19755464e+00 -1.41041390e+00
  8.15785688e-01 -4.38387733e-01 -4.43486419e-01 -6.09104840e-01
  1.99383353e-01  1.17661954e-01  1.82209970e+00  1.07650935e+00
 -2.80238711e-01  2.36999331e-01  3.23358739e-01  1.76214321e-01
  1.42716477e+00 -8.83773130e-01  5.70186472e-01 -1.13538201e+00
 -5.59725725e-01  9.36717262e-01 -2.62331437e-01  2.13115702e+00
  2.59276053e-01  8.59412634e-01 -2.48948952e-01 -6.60873212e-01
 -3.84182566e-01  1.25768346e-01 -1.48564600e+00  1.33130727e+00
  1.02866248e+00 -8.65520223e-01 -1.15714144e+00 -3.33703856e-01
  2.76840295e-01 -1.18135905e+00  9.09358468e-02 -6.60290289e-01
  6.69490354e-01  8.70000706e-01 -1.28347729e+00  1.71676578e+00
 -9.67156897e-01 -6.70015511e-01  3.04246933e-01  6.77066923e-01
 -2.14756426e+00 -1.17890483e+00 -7.28048403e-01 -7.24836239e-02
  6.29019996e-01 -2.17728229e+00  5.60870830e-01  1.93971312e+00
 -1.32842779e-01 -9.57755860e-01  9.63717088e-01  1.08665094e+00
 -1.70468835e-01  1.21372098e+00  4.80079029e-01  8.06300739e-01
 -2.57024720e-01 -1.42129191e+00  6.57981337e-01 -2.55896371e-01
  1.33809134e+00 -1.10962408e+00 -1.32399863e+00  2.44875766e-01
 -4.29904607e-01 -3.52141898e-01 -1.04084359e+00 -7.18304328e-01
  1.12955986e+00 -1.70767138e-01  3.84464722e-01 -3.17708090e-01
 -1.99248794e+00  1.13548615e+00 -3.46241706e-01 -4.66035114e-01
 -1.43894587e+00  1.26137957e+00 -2.21838576e-01  1.43888447e+00
  1.30872798e-01  7.99754621e-01 -1.01442469e+00 -1.14109996e+00
  5.06762734e-01  9.36995348e-01  4.57034391e-01  6.92577856e-01
 -1.95200501e+00  8.48794170e-01  6.36060494e-01 -5.48459507e-01
 -4.86158801e-01 -2.93232583e-02 -6.54857379e-01  7.54276356e-01
 -3.31703278e-01 -5.98616680e-01  5.61308575e-01 -2.04868246e+00
 -1.72512986e-01  3.53814108e-01  7.15983012e-01  1.07554457e+00
 -4.33462563e-01  5.14822772e-01 -9.62405386e-02  3.19824890e-01
 -7.80337711e-01 -1.13819502e+00  1.82254526e+00 -1.04316244e+00
 -1.77151008e+00 -1.84566566e-01 -8.64448700e-01 -4.85949935e-01
 -8.14791609e-01  1.60799629e-01  5.16228134e-02 -5.72448855e-01
  5.99648187e-02 -1.78181191e+00  4.10457283e-01  1.27438942e+00
  1.69065073e+00  1.92825107e+00 -5.74631084e-01  8.53693133e-01
  1.42982950e+00 -2.86763354e-01  4.68518183e-01  5.67407164e-01
  1.23733974e+00  3.91173212e-01  1.78786115e+00 -1.51515806e+00
 -2.80487151e-01 -1.00499560e+00  6.08156530e-02 -4.55844896e-01
 -1.09716733e-01  8.01468048e-01 -5.86190423e-02 -3.59818166e-01
 -6.25469227e-01 -5.68108677e-02  2.12300811e+00 -1.08417358e+00
 -2.42105541e-01  5.27860983e-01  4.83283831e-01  1.85466131e+00
 -5.38178108e-01 -1.28913678e+00  3.19030386e-01 -3.65946956e-01
 -1.86212229e-01 -8.49001810e-01  2.76952004e-01 -1.48724815e+00
 -5.93773310e-02  9.26560874e-01  7.64731754e-01  1.25605151e+00
  7.46710481e-01 -1.03711746e+00  1.34743383e+00 -5.14662835e-01
  1.32152096e+00 -4.78570370e-01 -1.31814704e+00 -1.90558646e-01
 -1.46790670e-01 -1.02036264e+00  4.15028871e-02  1.50624349e+00
  1.10011856e+00 -2.15042524e+00 -3.95397166e-01 -7.66737245e-01
  1.44729673e+00  6.65786595e-01 -1.33948241e+00 -2.65058110e+00
 -3.98741351e-01 -7.53681441e-01 -4.71427676e-01 -1.28373052e-01
 -1.24815287e+00  9.48435574e-02  4.19151150e-01 -1.06888960e+00
 -5.35300813e-01  3.78396687e-01  5.21273999e-01  8.86280598e-01
  3.00088340e-01 -1.31968875e+00  3.61632038e-01  6.45382316e-02
 -4.68008760e-01  4.18724518e-02  8.29472242e-01 -1.29715031e+00
 -2.89144182e-01 -5.57075764e-01 -3.74762304e-01  5.14787905e-01
 -1.59363082e+00 -2.11295919e-01  1.80102408e+00  1.21535386e+00
 -1.57981205e+00  1.10715938e+00 -6.62104816e-01 -1.59822187e+00
  5.17656094e-01 -4.38145545e-01  5.26483045e-01  3.95361054e-01
  3.85664596e-01 -6.61261541e-01  2.80284554e+00  1.00634750e+00
 -1.27117043e-01  1.31959172e-01  5.95706753e-01 -4.93130401e-01
  1.35131403e+00 -1.89646461e-01  4.36079716e-01 -1.08604382e+00
 -9.83150723e-01  1.35459227e+00  6.39141173e-01  6.36882543e-01
 -7.67102277e-01 -1.55543534e+00  1.14873558e+00 -1.18086327e-01
 -1.59414511e+00  8.58477569e-01  1.09753623e+00 -6.57531328e-01
  2.40374911e-01  8.24262889e-01  1.51139080e-01  3.66471995e-01
  1.08043148e+00  2.03857449e+00  1.46398009e-01 -1.58233196e+00
  7.71790165e-01  6.01298027e-01  1.34673162e+00 -6.97833374e-01
  6.35578250e-01  1.13285557e+00 -1.20380820e+00  1.57351091e-01
 -3.42403059e-01  1.74265787e-01  6.78631733e-01 -1.28454227e+00
 -4.20008267e-01  3.21044816e-01  1.17001076e+00 -8.00316982e-01
  2.84183850e-01 -1.67195616e-01  9.08346299e-01  6.44435403e-01
  6.81692229e-01  2.37078069e-01 -3.05047137e-01 -2.95148652e-01
  4.49012032e-01  4.56080878e-01  4.27513514e-01  6.43549186e-01
  4.21472172e-01  5.48345183e-03  2.86622034e-01 -1.60117512e+00