-1.10889651e+00 -3.62553770e-01 -1.09410404e+00 -8.21085723e-01
 -7.62483625e-01 -4.81632095e-01  7.66788094e-01 -1.20366338e+00
 -2.93125988e-03  2.17759213e+00 -1.06362808e+00 -1.99761758e+00
  4.88083904e-01  1.62217177e+00  9.95421714e-01  1.70025776e-01
  1.68975772e+00  1.25238029e-01  3.83985937e-01 -3.40569282e-01
  2.90111459e-01  2.94881452e-01 -1.61437195e+00 -8.34170739e-01
  8.67258880e-02 -6.22700504e-01 -2.55953792e+00  1.15082424e+00
  4.20285688e-01 -7.59668901e-01 -1.60027286e-01  6.27083925e-01
 -2.78623339e-01  3.77461951e-01  9.36599602e-01  5.90436674e-01
 -1.48261423e+00  1.06186865e+00 -5.10753855e-01 -2.84687777e-01
  1.26145764e-01  3.16284822e-01  6.32681321e-02  1.29828350e+00
 -5.04971737e-01 -2.56355611e+00  1.25895459e+00 -4.85900411e-01
 -2.03952572e-01  2.24899932e-01  1.80237527e-01 -1.47920346e+00
  2.78218634e-01 -8.15140963e-01 -1.67855827e-01 -2.13286150e-01
 -1.06678980e-01  1.04149952e+00 -6.65633452e-01  3.03242445e-01
 -8.02674911e-01 -8.48039114e-01  9.19283164e-01 -1.15569734e-01
 -1.18789278e+00  9.06232672e-01  4.57737928e-02  2.16847361e+00
  6.57211025e-01  1.61204395e-01 -1.04670761e+00  3.56623501e-01
  4.08599460e-01 -4.57426902e-01  1.18817416e+00  8.04604491e-01
 -1.65393275e+00  7.49727408e-01 -6.10806392e-02  1.14806452e+00
  8.98728394e-01  8.20895819e-01 -1.96152608e-01 -8.16911497e-01
  1.19984913e+00  1.02536366e+00  3.64018751e-01 -4.15358819e-01
 -1.49839996e+00 -6.73184227e-01  1.11194741e+00 -4.52145801e-01
  4.71440129e-01  1.38469060e+00 -1.77758521e-01 -8.84293573e-01
  4.14275710e-01 -2.29653665e-01  3.81381686e-01  4.03882692e-01
  7.31595706e-01  3.53104789e-01 -9.59477255e-01 -3.33215462e+00
 -4.77984109e-01 -6.97485193e-01  1.34078561e+00 -7.73341644e-01
 -2.39273999e+00 -3.94568954e-01 -1.36919552e+00  1.44792623e+00
 -4.85708023e-01  2.98767052e-01 -1.22366776e+00  2.64345174e-02
 -5.25716679e-01  3.62350292e-01  1.21313301e+00 -6.83727545e-01
 -7.40136869e-01  4.43412837e-01  9.57706528e-01  3.54612742e-01
 -3.03252528e-01  1.08121483e+00 -1.68110144e-01  1.35616283e-01
 -1.63179589e+00 -5.10209306e-01  1.27425368e+00 -2.59372580e-01
 -4.86518071e-01 -1.39715654e+00  9.07015467e-02 -8.83817668e-01
  4.61289218e-01 -9.25034070e-01 -1.62406577e+00 -1.40258491e+00
  4.90975364e-01 -4.57423390e-01 -4.95478493e-01  4.84395003e-01
 -7.18733651e-01 -7.95216960e-01 -1.43922324e+00 -8.89707177e-02
 -3.96941745e-01  1.97190644e-01  1.26381944e+00  1.24908191e+00
 -4.64385679e-01 -7.03215035e-01  1.72969778e+00 -2.49289288e+00
  3.93948428e-01 -9.19705603e-01  1.00968791e+00  2.37782969e-01
 -7.27245608e-01 -5.87722299e-01 -1.53542464e-01 -4.39585800e-01
 -1.31657922e+00  1.15109246e+00 -4.94295843e-01 -2.36838243e-02
  2.78494713e-01 -6.13738415e-01 -7.77966748e-01 -9.39128053e-01
  2.79290602e-01 -2.13406209e-01 -1.28872152e-01 -1.65864064e-01
 -1.90790684e-01 -5.36983844e-01  7.25005525e-01  6.75576105e-01
 -9.94328396e-02 -5.65926856e-01  1.11654237e+00 -1.03206068e+00
 -5.67534905e-01  1.07497744e+00 -7.05257652e-01  7.00698631e-02
 -1.53661243e+00  1.30405310e-01  2.07578897e-01  1.17477254e+00
  5.52917303e-01  9.12869389e-01 -3.21825772e-01 -1.15204375e-01
  2.20911856e-01 -2.04224575e-01  4.46654705e-01 -1.11689603e+00
 -2.57197955e-01 -2.66341230e-02  1.33247234e+00  7.35008954e-01
  5.81687369e-01 -1.90299803e-01 -1.70950429e+00  1.65949406e+00
 -7.80059077e-01  6.08858689e-01  1.59507979e+00  1.86278896e+00
 -2.46371859e-01 -1.93116704e+00  6.25630072e-01 -1.16057681e+00
  3.71870517e-01 -9.56015223e-01 -1.02933746e-01 -1.22390113e+00
  1.26808783e+00 -1.26379133e+00 -1.41599575e+00 -5.90450644e-01
  2.27663422e-01  1.27566047e+00 -3.13110880e-01  1.33297337e-01
 -1.62456145e+00 -8.79049363e-01 -8.83181681e-01 -5.79189297e-01
  1.67024957e+00  1.00832361e+00  6.40877626e-01  6.53273598e-01
 -1.01066498e+00 -4.18988235e-01  5.36638004e-01 -5.74515336e-01
 -4.61713641e-01  2.08322581e+00  4.31270154e-02  1.84390555e-01
  1.85383896e+00  8.07984585e-01  9.46057444e-03 -3.75889131e-01
 -4.97067865e-01  3.06403287e-01  2.16961711e-01 -6.98907119e-01
 -9.72423436e-01 -2.85947401e-01  5.55233012e-01 -1.24926055e-01
 -2.32948033e-01 -6.84121674e-01 -7.02047970e-01 -1.27917378e+00
 -3.85468542e-01  9.61306486e-02 -6.47450251e-01 -2.86687076e+00
 -5.34037070e-01  9.73526000e-01 -2.26859518e+00 -1.29466138e+00
 -4.59567833e-01 -9.13546194e-01  1.05714794e+00 -1.95585083e+00
 -9.71337001e-01 -5.25079866e-01 -1.33043470e+00  6.95333877e-01
 -5.48365310e-01  5.62654560e-01 -9.73148456e-01 -2.33340663e-01
  8.11608042e-01  5.47742159e-01  8.75981316e-01  2.94080439e-01
 -4.95369409e-01 -2.36413903e+00 -1.31810434e+00 -5.67133442e-01
  4.15044356e-01 -6.59805418e-01  8.35473971e-01  1.60080258e+00
 -4.25271674e-01  5.08209457e-01 -5.28213972e-01  2.24673074e+00
 -2.45188531e-01 -9.97308912e-01 -1.00968557e+00 -2.30288667e+00
 -1.11235441e+00  3.95176736e-02 -6.60460976e-01  1.16956203e+00
  8.02593436e-02  6.57839690e-02  8.41469575e-01  2.81310028e-01
  3.21729658e-01  1.38556660e+00  8.41253286e-01  3.89366307e+00
 -7.92149425e-01 -7.72017916e-01  1.87649719e+00 -1.54866855e+00
 -4.53988313e-01  9.31958588e-01  7.97135623e-01  5.41630574e-01
 -7.50356108e-01  1.13804758e-01 -5.02219481e-01  2.00099641e-01
  1.10697622e+00 -1.66265586e+00 -1.69394548e-01  2.58852198e-01
 -9.58180319e-01  1.08239390e-01  4.87275188e-01 -6.29658831e-01
  1.42791024e+00  6.75908906e-01 -2.56996151e-01  1.07673015e-01
  1.29017243e+00 -4.01330169e-01 -4.60187548e-01 -6.23354323e-01
 -5.59138485e-01  1.15649273e+00  7.40319800e-01  6.40423431e-01
  2.79615788e-01  1.33988226e+00 -2.99947459e-01 -1.41361366e+00
 -8.06374493e-01 -6.62967160e-01  1.99077195e+00  8.92739597e-01
 -1.11738535e+00 -6.59295162e-01 -2.40627265e-01  7.91995831e-01
 -1.02145497e+00 -9.38084555e-01  2.34908302e-01  2.65265660e+00
  3.96407529e-01 -7.54879400e-02  4.35949989e-01  9.34265027e-01
 -2.81375392e-01 -1.69206344e+00 -3.93019790e-01 -9.32763213e-01
  6.87245497e-01  4.04606760e-01 -1.15805406e+00  5.44024186e-01
  6.71628944e-01 -1.17493838e+00 -1.72116949e+00 -8.75085321e-01
  1.38380114e+00  1.16427722e+00 -5.70351482e-01 -1.11315677e+00
  1.26316558e-02 -4.30567966e-01 -3.87361121e-01  7.47371965e-01
  1.07438437e+00 -1.29155981e+00 -9.87269299e-01  2.43918503e+00
 -2.62393378e-01 -1.40198958e+00  1.86829590e-01 -5.93105973e-01
  8.23564995e-01 -2.35324345e+00  1.01171300e+00  3.22859050e-01
 -2.18213437e+00 -6.68933737e-01 -1.79590297e+00 -8.86645967e-02
  2.86223064e-01 -1.50552102e+00  1.82760784e+00 -1.54447516e-01
  9.93089798e-03 -8.81200988e-02 -2.71784145e-01  1.18690721e+00
 -3.63891603e-01 -8.51021404e-01  2.04043949e-01  7.18282409e-01
 -7.18579095e-01  3.76163010e-01 -9.90774936e-01 -1.22867625e+00
  4.29819973e-02  2.67318378e-01 -1.85507170e-01 -3.17813685e-01
 -1.92354673e+00  7.04865707e-01  4.53338023e-01  1.10905000e+00
 -7.91606670e-01  4.88029370e-01  8.32593000e-01 -9.42601352e-01
 -1.20122350e+00  6.87703456e-01 -3.26860324e-01  4.14495068e-01
  2.10698260e+00 -2.29739649e-01 -1.22165999e+00  2.03343746e+00
 -1.08326707e+00  1.90150447e+00  5.83516342e-01 -6.38490155e-01
  7.76806782e-01  9.10468643e-01  2.98637594e-01 -2.81494149e-01
 -1.96837673e-02 -4.05626639e-01  1.24610622e-01  7.46730949e-01
  1.36828613e+00  1.91990023e+00 -9.83452610e-02 -7.10434297e-01
 -1.54130950e+00 -5.48786682e-01  1.48880452e+00 -3.48314223e-01
  2.73753506e+00  1.64682864e+00  6.68027557e-01  7.80184631e-01
 -9.46276002e-01  2.05871236e+00  3.55962475e-01  1.08528115e+00
  2.60302559e+00  2.23084132e+00  8.94415988e-01  2.89926490e-01
  1.40109529e+00 -1.42529240e+00  6.74138966e-01  1.36226024e+00
 -2.58154972e-01  2.08846282e+00 -1.58252430e+00 -2.39212052e+00
  2.40943052e-01 -5.50121470e-02  1.04578701e+00 -1.58268752e+00
 -1.50561843e-01 -7.33771702e-01 -3.21328940e-01 -1.70578926e+00
 -1.14626728e+00  3.10805586e-01  3.04550020e-01 -9.35326299e-01
  2.38631274e-01 -1.59336356e-01 -1.88509004e-01 -1.73389551e+00
 -3.86840552e-01  3.54605256e-01 -1.03709112e+00  2.85619214e-01
  8.03535993e-01  5.89691477e-01 -1.90682836e+00 -2.51620797e-01
  1.33451164e+00 -5.42917572e-02  4.02247928e-01 -5.12340402e-01
  1.84964971e-01  5.99638658e-01  5.75318824e-01 -2.19672279e+00
  2.72133853e-01 -1.11644937e+00 -9.89177373e-01  1.19855339e+00
  1.42997610e-01  2.91213126e-02 -4.89464196e-01  1.40346452e-01
  1.27327161e+00 -6.60258377e-01  1.95493054e-01  7.37801787e-01
 -9.61276612e-02 -1.35810746e+00 -1.01759097e+00 -1.80046201e-01
 -1.67623470e+00  6.00072669e-01  4.41697104e-01  6.02073121e-01
  1.39503683e+00  2.08292350e+00  1.33780721e-02 -4.42284428e-01
  6.12464905e-01 -1.07838613e+00  1.06710590e-01  6.76366264e-01
  1.07549734e+00  6.12576771e-01  1.08406823e+00  9.78365634e-01
 -6.76675716e-01 -1.20394136e+00 -3.22105002e-01 -4.09738887e-01
  4.10701951e-01 -1.77311973e+00 -3.33034867e-01 -1.41783352e+00
 -1.01518356e-01 -5.45511959e-01 -2.39286262e-01 -1.05131081e+00
  1.79605722e+00  1.12453620e+00 -1.63380800e+00 -8.53825186e-02
 -7.68143178e-01 -1.89230688e+00  4.98587524e-01  2.37368105e-01
 -2.02405573e+00  1.77023999e-01 -3.05963831e-01 -1.72295758e+00
  2.64200615e-01  5.21590366e-01  9.20953048e-01  8.36442264e-01
  1.33396965e+00 -1.84094962e+00  7.91084238e-01 -7.68160896e-01
  4.90677434e-01 -4.13905636e-01  1.22527917e+00  1.95625953e+00
 -5.97683312e-01  1.50510503e-02 -5.56522828e-01 -6.23921171e-01
 -1.07179428e+00 -5.89126214e-01 -6.63794580e-01  8.19373838e-01
  5.41539807e-01 -3.29345446e-01 -8.78016095e-01  1.61760557e+00
 -4.88570832e-01  4.06669799e-01  8.43436742e-01 -8.71777755e-01
 -2.60620985e-01  1.87864820e+00 -2.14877007e+00 -9.68666372e-01
  1.53498168e+00  1.47338905e+00 -1.79827394e-01 -8.37718543e-01
 -5.62902146e-01  3.74061854e-01  2.99168900e-02 -1.12640867e-01
 -1.27827230e-01  1.01109999e+00  1.11428440e+00  3.64485671e-01
 -2.49327456e-01 -1.54813103e+00 -9.42728786e-01 -1.88020199e+00
  9.52114944e-01  1.56617962e-01 -2.53167006e-01 -5.69851428e-01
  2.25021452e-01  1.22003953e+00  4.23511677e-01  7.87601407e-03
  1.07617397e+00 -2.14698090e+00 -1.12995389e+00 -1.35857778e+00
  1.01523511e+00  9.87739380e-01 -3.84833643e-01  4.30533542e-01
 -8.49951374e-02 -1.25032713e+00  7.45610292e-01  5.20362439e-01
  3.14345570e-01  5.92768771e-01 -2.30983843e-01 -8.62180225e-01
  4.60131375e-02 -1.28810047e-01  1.36687054e+00 -9.69037049e-01
 -1.41982201e-01 -1.54913687e+00  1.24776970e+00 -4.03391122e-01
 -1.30445242e+00 -1.22549895e+00  6.42691460e-01  1.99843281e+00
 -1.19013792e-01  3.52647733e-01  1.23213266e+00 -1.36753746e+00
  4.48819827e-01  4.35622522e-01  1.27053135e+00  7.62784080e-01
  2.26883349e-01  5.36937206e-01  1.08201857e-01  1.98521980e-01
 -3.05389541e-01  4.95848626e-01  1.28276747e+00 -1.10515976e+00
  2.64272964e+00  1.01889908e+00 -1.20781139e+00  2.33954291e+00
 -9.94929374e-01  7.14197692e-01  1.11984477e+00 -1.53533299e-01
 -1.81719374e+00  2.14504192e-01  7.40278763e-01  7.15829954e-02
  2.49005106e-01 -1.76826198e-01  1.12930256e-01 -2.10557401e+00
  3.40106500e-01 -3.72372131e-01 -6.80961488e-01 -1.71392727e-01
 -5.40959355e-02  1.43590123e+00 -2.48671039e-01  5.97089993e-02
 -1.02475898e+00  3.97232171e-01  1.12171138e+00  6.45797965e-01
 -3.68109545e-01 -3.19527475e-01  2.05216310e-01  3.21262133e-01
 -1.02565102e+00 -8.97187049e-01  2.59242924e-01 -2.67142764e-01
 -4.48713839e-01 -2.73326734e-01 -1.49749057e+00 -3.56175177e-01
 -3.07076281e-01 -4.63053806e-01  1.10600051e+00  2.14358428e+00
 -2.51576189e-01 -1.38167123e+00 -9.48432347e-01 -2.02105146e+00
  1.12573706e-01  5.19771556e-01  1.16696085e+00  7.69970001e-01
  1.20418653e-01 -5.13217399e-01 -4.79030013e-02 -1.10946999e+00
 -1.31022998e+00 -7.86153497e-01 -6.23298265e-01 -2.74744380e-01
 -1.40576208e+00  1.86506084e+00  1.41362438e+00  5.87947275e-01
 -1.37218577e+00 -7.04136960e-01 -9.87864064e-01 -1.07186013e+00
 -8.22761365e-01 -1.16736130e+00 -1.95616550e+00 -2.87186860e-01
 -6.02957030e-02 -1.50309007e+00  9.52574963e-01  2.04825018e-01
 -4.73542210e-01  4.16855429e-01  3.74472724e-01 -2.53377722e+00
 -5.49775643e-01  5.10945945e-01  1.38724764e-01  9.42824964e-01
 -1.62181900e-01 -1.30886230e+00  1.44913457e+00 -3.99599617e-02
 -1.25738189e+00 -5.38672411e-01 -7.40739757e-01 -5.24169875e-01
 -4.10450880e-01 -7.21574071e-01 -3.95319177e-01 -1.90458598e-02
 -8.59865552e-01 -1.55399749e+00 -1.33695774e+00 -1.72567672e+00
 -5.43745607e-01  3.32571705e-01 -4.73337166e-01 -7.03384234e-01
  1.21139020e+00  7.96797157e-01 -1.03627060e+00 -9.24273004e-01
  4.62457617e-01 -3.01282871e-01 -8.38902864e-01  2.25237459e-01
 -1.76404765e+00 -1.91050028e+00  1.29088881e-01  1.62090311e+00
  1.22770060e+00  1.02065532e+00  6.23752309e-01 -2.07319556e+00
 -2.15269442e+00  1.08757422e+00  9.28297373e-01 -2.65467432e+00
 -2.15441668e-01  5.78627704e-01 -3.05472351e-01  4.54521947e-02
  1.94409811e-01  1.09430295e+00 -6.44037055e-01 -1.04920585e+00
  1.01139448e+00 -6.88229635e-02  1.96034897e+00  5.82928916e-01
 -9.11866397e-01  1.80978055e-01 -7.11514914e-01 -1.22590769e+00
 -2.44539317e-01  6.17421476e-01 -5.55755248e-01  3.37044487e+00
 -1.60975896e+00 -1.15480368e+00  2.82152233e-01 -1.02374963e+00
 -2.06477241e-01 -1.51285638e-01 -1.55404780e+00  3.65940948e-01
 -6.53089765e-01  5.06517326e-01  6.11559620e-01  6.21660593e-01
 -5.39964857e-01  2.27257213e+00  2.33391848e+00  1.88272942e+00
  1.25711436e+00  7.02483603e-01  7.81234849e-01  6.95227976e-01
 -1.17165156e-02  1.03157574e+00  1.24329494e+00  8.50885299e-01
  6.49622869e-01  2.53144258e-01 -8.50077102e-01 -6.07105279e-01
  1.93185574e-01 -4.14154964e-01  3.03223831e-01  1.93294460e-01
  8.10467105e-02 -2.68345025e-01 -4.98540774e-01  2.03009936e-01
  2.43665755e-01  1.17459781e+00 -6.13901166e-01 -2.73246314e-01
  1.02984117e+00 -1.44741346e+00  2.69948784e+00 -6.46629461e-01
  4.92134385e-01 -1.48568049e+00 -1.66990792e+00 -7.13642158e-02
  7.70717319e-01  4.23096638e-01 -2.83535781e-01 -2.11238072e+00
 -1.28923212e-01  3.68249379e-01  5.40916630e-01 -1.18344760e+00
 -4.03644991e-01 -3.78213161e-01  7.86278480e-01 -3.74670144e-02
  5.71575316e-01 -2.32715320e-01  5.13301746e-01 -3.05735569e-01
 -5.60013197e-01  1.16424435e-01 -1.91773859e+00  1.20221702e+00
  1.40066243e+00 -7.66236905e-01  1.49024432e+00 -1.68584156e+00
 -1.68404382e+00 -1.13541825e+00 -1.31732337e+00 -5.85396817e-01
 -1.12072182e+00 -4.30741750e-01  2.70330108e-02 -1.22866925e+00
 -5.48867219e-01  9.87026278e-01 -2.29325948e-01  3.37544897e-01
  2.86828398e-01 -8.96660701e-01  8.85822289e-03 -1.23840051e-01
  1.14496086e+00  1.57468206e+00  4.00598566e-02 -1.60289471e+00
 -9.26973446e-01  1.02132953e+00  1.99544572e+00  1.90549596e+00
 -8.86480659e-01 -8.84167430e-01  6.61265341e-01 -2.58264812e-01
  8.28837264e-01  8.39231838e-01  1.98215524e+00 -1.11149181e+00
 -1.62652405e-01  8.76452447e-02  1.11022881e-01 -7.45926943e-01
 -1.68702972e-01 -8.02936164e-01 -1.62724250e-02 -2.11354755e-01
  1.80167476e+00  6.17933445e-01  4.69305936e-01  1.02369899e+00
  4.68207865e-01 -1.14089919e+00 -5.26124838e-01  1.67002429e-02
 -1.02374828e+00 -1.31476490e+00  1.32485607e+00 -9.94965168e-01
  4.56716972e-02 -2.52404837e+00  1.76808974e+00  1.37610150e-01
  3.38063745e-01  8.29473223e-01 -6.45609917e-04  2.52869299e-01
  1.37533049e+00  6.74587911e-01  1.58352254e-01 -2.37315792e+00
  7.01605965e-01 -8.49409961e-01 -7.02030202e-01  1.00160620e-01
  1.24516700e+00 -3.92044297e-01  4.31498188e-02 -4.09940628e-01
  7.06164554e-02 -1.06697138e+00  4.27529957e-01  1.33633584e+00
 -6.96930090e-01 -1.05886548e+00 -8.70171675e-01  3.22140765e-01
  1.99795791e-01  1.42598004e+00  1.74935568e-02  1.67048124e-01
  1.44097298e+00  3.89116092e-01  3.86761259e-01 -1.01530565e-01
  4.20444497e-01  3.42007671e-02  3.69595848e-01  4.00011502e-02
  1.27118610e+00 -1.62085682e+00 -1.41942182e+00  8.94147111e-01
 -1.45985598e+00  1.06850258e+00 -3.91038530e-01 -6.78247253e-01
  4.25297335e-02  2.59527934e+00  5.29269254e-01 -1.17975305e+00
 -1.24619991e+00  9.50261674e-01  2.85359350e-01  1.37824094e+00
  7.23849545e-01  1.18493627e+00  1.78710679e+00  4.67453571e-01
  7.29434352e-01 -7.05415794e-01 -4.73229350e-01 -8.79179763e-01
  1.62426618e+00  2.50602673e-01 -6.68183454e-01 -3.35930837e-01