 1.68185541e-01  3.04785508e-01  1.07343169e-01  1.30441092e+00
 -1.87506017e+00  4.78370366e-01  1.68695669e+00 -1.49790513e-01
 -1.71069805e-01  5.78375611e-01  1.77862352e+00  3.80003979e-01
  6.74350144e-01  1.39057382e+00 -7.83463766e-01 -2.14250138e-01
 -8.28471485e-01  1.27295974e+00 -2.78504170e-01 -1.28500985e+00
  1.11335810e+00  9.86479198e-01 -1.36873562e-02 -1.04920478e+00
 -4.15680464e-01  8.05161055e-01 -4.80765073e-01 -4.93396894e-01
  1.25797244e-01 -2.08672183e+00  1.22113676e+00  2.73612206e-02
  1.55101932e-01 -1.64742172e-01  1.26064083e+00  2.17580834e-01
  8.63115235e-01  7.18291577e-01  1.26281095e+00 -2.18586954e+00
 -2.45092104e+00 -2.30304616e-01  2.89440851e+00 -6.01891751e-01
 -2.56694527e+00  3.93087758e-01 -1.00173586e-01  6.99575788e-01
  1.40857729e+00  6.00427268e-02 -3.68943679e-01 -8.37700655e-01
 -3.05498546e-01  1.86853320e+00 -1.72631965e+00  1.83123634e+00
  1.03356864e+00  1.51273518e+00 -1.19914875e+00 -2.51299243e-01
  5.15986148e-02 -2.85901029e+00  6.31653601e-01  5.93538036e-01
 -8.49002346e-01  2.08373057e-01 -7.03336893e-01  2.58677428e-01
 -9.89878139e-01  1.65068062e+00  5.31967520e-01  1.54777864e+00
 -1.13315609e+00 -1.51239570e+00 -1.46386361e+00 -4.72012349e-02
  1.02583166e+00 -2.89751465e-01 -8.18527504e-01  1.64817623e-01
  4.38105189e-01 -9.91878815e-01 -1.96637822e+00 -8.26606215e-01
  8.01112140e-01 -2.19872277e-01  1.13359782e+00  7.07329645e-01
  1.53034915e+00  1.87557451e-01  5.72406099e-01 -2.77889300e-01
  3.83344527e-01  5.73603283e-01 -1.52173834e+00 -4.26374991e-01
 -1.36726968e+00 -1.60410838e+00 -3.61935833e-01 -5.72443528e-01
 -1.39345679e+00 -5.73521590e-01  9.89321811e-01  3.43588889e-01
  3.19080777e-01 -3.86459914e-01  1.12660158e+00  7.18019842e-01
 -9.83623268e-01  6.10476072e-01  4.41373684e-02  1.16120243e-01
 -4.27226237e-01 -1.38232010e+00  4.90642974e-01 -8.17117437e-01
  1.45149643e+00 -6.61338710e-01  5.91846361e-01 -1.03234723e+00
  1.28959100e-01 -9.13164143e-01  1.35048089e+00  4.87693870e-01
  5.65896010e-01  7.78180592e-01 -1.24563286e+00 -2.11254151e-01
 -5.92338375e-01  1.39434033e+00  1.39820312e+00 -5.69786092e-01
 -3.69156054e-01  1.29205099e+00 -5.16654092e-01 -9.57857352e-01
  5.69687412e-01 -6.05106410e-01  4.08352417e-01  8.00499162e-01
 -7.43982644e-01 -7.97860715e-01  1.31405720e-01  9.90292385e-01
 -1.05190173e+00 -9.71999050e-01 -1.16570258e+00  3.88418015e-01
  7.82828377e-01 -2.61684601e-01 -1.22786202e-01 -5.13587286e-01
 -1.06470890e+00 -2.85463787e-01 -5.73920277e-02  1.16753992e+00
 -2.17125737e-01  6.81709030e-01 -8.78140882e-01  6.06390331e-01
  9.94055411e-01  9.52010810e-01 -5.92762632e-01 -6.46940730e-01
 -3.10605826e-01 -9.31177691e-01 -7.10466693e-01  1.04110074e-01
 -1.82009742e+00  3.06844584e-01 -4.48553859e-01 -9.53519127e-01
  1.62543309e+00 -2.47422381e+00  1.39154660e-01 -5.45561528e-01
  2.55260596e+00  6.77376465e-01 -4.75289581e-01 -6.56421608e-01
  1.01637300e+00 -1.10955168e+00 -4.53022640e-01  5.91370076e-01
  6.07869577e-02  7.20834167e-01 -1.54545849e+00 -3.96517858e-01
 -6.22587761e-01  2.64065431e+00 -1.52459345e+00  6.99753723e-01
  1.38279151e+00 -1.19170699e-03  1.87583375e+00 -6.42290327e-01
  1.26798663e+00 -2.64358861e-01 -6.88530495e-01 -6.16418662e-01
  3.15759232e+00 -6.14373315e-01 -1.78601270e+00 -1.34429477e-01
 -9.87459922e-01 -1.09698896e+00 -8.64138557e-01  7.92286047e-01
 -3.52738965e-01  2.97492149e-01 -1.95442024e-01 -4.30723869e-01
 -5.70118371e-01  6.71789964e-01  4.67356145e-01  8.26262447e-01
 -4.58225189e-01 -1.41891636e-01  1.30239085e-01 -2.47115064e+00
 -6.60356545e-02  3.91072638e-01 -1.67216386e+00 -3.99900642e-01
  2.00360977e+00 -5.94392762e-01 -1.38206283e+00 -1.22518397e-01
  8.75146063e-01  1.06693937e+00 -9.22049875e-01  2.14964684e+00
  1.26649486e+00  2.15187065e+00  8.97661888e-01 -2.17295169e-01
  8.57547614e-02 -2.46616792e-01 -2.79073602e-01 -7.32320282e-01
  1.72012815e+00  6.22074828e-01 -2.78058685e-01  3.02231029e-01
  1.66832270e+00 -1.27483909e-02 -2.46539050e-01  1.11693898e+00
  7.26634819e-01 -1.48291251e-01 -1.14201641e-01  5.13241482e-01
  8.91877598e-01 -8.90085326e-01  7.45219294e-01 -8.37276007e-02
  7.31662431e-01 -1.15460014e+00 -3.64934537e-01  6.95458000e-01
  2.91370390e-01  3.66452037e-01 -5.82996818e-01 -8.16139752e-01
 -1.63353323e+00 -7.69884887e-01  1.17908324e+00  6.08024252e-01
 -5.60018858e-01 -7.02005687e-02  1.66067399e+00  1.30661447e+00
 -1.09525335e+00  1.25261763e+00 -2.43465743e+00 -5.69188488e-01
  3.40498990e-01 -1.16883548e+00 -8.73470073e-01 -9.75212351e-02
  3.19237120e-01 -1.19987297e+00 -3.44644897e-01 -1.52111599e-01
  4.75666812e-01 -1.39985289e-01 -8.65321079e-01  8.11676053e-01
  6.93267993e-01 -4.57178998e-01 -6.39553439e-01 -8.71525986e-01
  1.30447979e-01 -3.78584876e-01  6.95144216e-01  7.36480151e-01
 -9.78264027e-01 -6.20663388e-01  9.72678764e-01  1.83288094e+00
 -1.89666177e-01  4.55944208e-01 -9.58843300e-01 -8.26406042e-02
  1.43275670e+00 -8.40030232e-02 -9.42374152e-01 -6.12057849e-01
  1.42561043e+00 -1.13572473e+00 -1.44372406e+00  8.85731122e-01
  1.60999227e-01 -5.75458610e-01 -5.76745788e-01 -1.19887159e+00
 -1.38628971e-01  5.17259502e-01  9.16688859e-01 -1.78751639e-01
  3.09798086e-01  1.48992798e+00  8.79068898e-01  7.83798413e-01
  2.13172784e+00  3.38381454e-01  2.59608106e-01  3.83947026e-01
  2.40658937e+00 -2.21581772e+00  2.10046852e-01  2.79736482e-02
  7.16191937e-01 -1.46635700e+00  9.48493944e-01  2.91958923e-01
  1.37512451e-01 -1.28865834e+00 -1.39470872e+00  3.54083316e-01
 -1.06265518e+00  1.51307665e+00  5.14415436e-01  1.37925637e-03
  4.69872999e-01 -1.31338451e+00 -2.99454515e-01 -2.02895709e-01
 -1.41150189e+00 -1.50367693e+00 -9.19981118e-02 -1.18057099e+00
 -1.44288731e-01  5.95946277e-02 -1.73220834e-01 -1.55355294e+00
  1.27110093e-01 -1.39645663e-01 -1.40694571e-01  2.97083510e-01
 -1.66818247e+00 -3.93090708e-01 -1.60554218e+00 -9.74818462e-01
 -1.80113817e-01  1.05317095e+00  6.70467751e-01  6.83600622e-01
  1.25985668e+00  2.97509411e-01 -9.96667095e-01  2.36679316e+00
  2.36735387e-01  6.02426813e-01  7.58813400e-01 -1.49952235e+00
 -2.34603720e+00  1.34472549e-01 -3.56301675e-01  3.98328340e-01
 -7.41193212e-01 -4.08963328e-01  2.98694812e-01 -6.73331202e-01
 -9.92755821e-01  4.47323507e-01 -6.20032429e-01  1.94625526e+00
 -1.43597245e+00 -6.63942929e-02  5.97686418e-01 -2.77698648e-01
 -2.34732853e-03  4.54438608e-01 -1.18451415e+00  3.96711583e-01
 -1.49639326e+00 -2.70153179e-01 -3.12683174e+00  1.18555874e+00
 -6.82174377e-01 -8.19224039e-01 -1.61690258e-01 -5.78551245e-01
  3.79941016e-01  5.49687033e-02 -9.65893775e-01 -1.15127388e-03
  2.35513890e-01  8.34273211e-01 -2.40207550e-01 -8.24361440e-01
 -1.62456242e+00 -4.90949234e-01 -2.71057109e-02  1.16302444e-01
  2.40047468e-01  3.70876363e-01 -3.66227829e-01 -2.13461081e-01
  2.48175212e+00 -5.04530493e-01  8.49192981e-03  2.65854733e-02
 -6.25318479e-01  2.16655000e+00 -1.57948333e-01  1.36495725e+00
 -2.86460801e+00 -9.25017814e-01  1.04174003e+00  3.33436424e+00
 -1.23043187e+00 -2.04980087e-02 -6.99093996e-01 -1.47607979e-01
 -1.74500219e-01 -1.40421587e+00  5.25670147e-01 -9.45665425e-01
  2.03798855e-01  2.73729209e+00  9.11113557e-01 -1.63581272e+00
  2.84623555e-01  1.41843631e+00 -3.88800384e-01  3.62955905e-01
 -7.13318495e-01 -3.89469205e-01 -1.52796241e-01 -1.96758373e+00
 -9.34354004e-01 -1.24794812e-01  7.20070095e-02  1.18641392e+00
 -1.49429863e+00  3.79707425e-01  3.31923681e-01  6.49818944e-01
  1.25160638e+00  7.89076450e-01 -1.02110629e+00  1.93105357e+00
 -5.49133610e-01 -1.70130291e-01 -6.19757247e-02  1.17832816e+00
 -1.07470651e+00 -5.78924224e-01 -1.10834435e+00 -1.46291496e+00
  1.54760485e+00 -1.18304739e+00 -4.94985970e-01 -1.39406746e+00
  2.21580001e-01  1.62051821e+00  2.05745436e+00  1.24343662e+00
  1.68069123e+00  1.82363639e+00  5.93635943e-02 -1.25151904e-01
  9.62225587e-01  9.72104601e-01 -6.05321492e-01  1.74427093e+00
  7.43494657e-01  2.96853430e-01 -7.00124814e-01  7.27574177e-01
 -8.51366933e-02 -2.34440989e-01 -2.66904758e-02 -4.66528469e-01
 -1.64812593e-01  7.43166842e-01  7.06936404e-02 -9.09829773e-01
  3.41848427e-01  7.82985592e-01  1.12391179e+00  8.17889642e-01
 -1.67431807e+00  1.13964832e+00 -3.49729994e-01  3.44311245e-02
  9.30567226e-01 -1.04554392e+00  4.42726635e-01  3.73589019e-01
 -1.59361727e+00  3.38159856e-01 -1.25122063e+00 -6.33043734e-02
  4.62427732e-01 -2.47327353e-01 -6.45180486e-01  1.40715792e+00
 -2.75636930e-01 -2.03938638e+00  1.55468955e+00 -9.56081458e-01
  6.86348491e-01  7.32666997e-02  1.63991285e+00  1.35984236e-01
 -5.15668328e-02  5.75117562e-01 -2.09898792e+00  9.02978868e-01
 -6.59640260e-01 -1.57010958e+00  1.90012195e-01 -4.72999298e-01
  1.28839509e+00  4.10956250e-01 -2.24078778e-03  2.67699629e-01
 -5.54563582e-01  5.17017664e-01  5.22403217e-01  8.87285940e-01
 -1.09713282e+00  4.10162188e-01 -8.60301704e-02  1.00866223e+00
  5.64970326e-01 -1.05339699e+00  1.57887141e-01 -1.37073517e+00
 -1.52331169e-01  4.18838067e-01 -2.38274987e-01  1.01316660e-01
 -2.92262387e-01 -9.50028284e-01 -7.60557040e-01 -7.60677739e-01
 -3.44387341e-01 -7.88533223e-02  1.19325569e-01 -2.55936990e+00
  2.58265911e-01  2.25188791e-01 -2.04151304e+00  9.69678217e-02
  4.00864703e-01 -7.03664137e-01 -5.29625325e-01  3.84387855e-01
  1.17632605e+00  1.91585528e+00  4.71410298e-01  6.49201170e-01
 -5.76544415e-01 -2.52968347e-01 -1.12684009e-01  1.15952382e+00
 -1.25009431e+00  8.23650632e-01  1.20845767e+00 -1.93294836e-01
 -2.21004193e+00  2.23872167e-01 -5.65342352e-01 -3.94698926e-01
 -1.07932422e+00  7.81307517e-01  2.22121428e+00  1.38104706e+00
 -8.29625189e-01  9.00185893e-02  3.70951712e-01 -6.25010130e-01
  9.32610534e-01  4.08441275e-01 -1.44253945e+00 -5.08751388e-01
 -1.53243861e+00  6.47759329e-01  3.49697326e-01 -7.62159800e-01
  2.27787071e-01 -2.48519627e-01  1.16809072e+00  1.45608454e+00
  8.08512362e-01 -1.47213151e-01 -9.35585351e-01  7.32085316e-01
 -4.24245993e-01 -1.43440642e-01  1.84462115e+00  1.82998452e+00
  1.60805924e+00 -1.21249528e+00 -6.66783514e-01  7.03639487e-01
  1.75706317e+00  9.58646023e-01  1.63864458e-01  7.09306563e-01
 -7.76678663e-01  6.53908346e-01 -1.93059128e+00  8.67867098e-02
 -9.44765896e-02  1.09022142e+00 -6.59073518e-01  9.21033998e-01
 -2.54509563e-01 -8.35114970e-01 -2.79000969e-01 -1.21063358e+00
 -3.55663547e-01 -1.34115660e+00 -1.03143637e-01 -1.73603538e+00
 -2.39502414e-01 -2.90169665e-01  6.69491406e-01  1.54565298e+00
  7.74176608e-01 -1.01026119e+00  6.06944349e-01 -1.26031582e+00
 -1.53061231e+00  6.56120430e-01 -1.39120144e+00  1.65559948e+00
 -1.42242127e-02  3.29115441e-01  1.75171030e-01  8.73125627e-01
  8.57584100e-01 -1.91370280e-02  1.23828883e+00  1.46637279e+00
  1.43629747e+00  5.50929892e-01  8.99848190e-01  1.33140523e+00
 -1.21758606e+00 -7.46585529e-01  9.20060496e-01 -7.17747311e-01
  5.58891407e-02  6.03036957e-01 -2.61307324e+00 -1.77837017e+00
  1.07561454e+00 -5.07001936e-01 -1.05517213e+00 -2.65851493e-01
 -8.80054925e-01  1.98752289e+00 -9.31331156e-01  1.79444483e+00
 -1.29865512e-01 -7.77494789e-01 -2.68671407e+00 -1.09295864e+00
  4.82730180e-01  5.51478132e-02 -1.67179394e+00 -5.72362031e-01
  1.73015929e+00  5.13009642e-01  8.08465093e-01 -1.73227706e+00
  1.35257803e+00 -4.95566049e-01  2.82446389e-01 -5.88146115e-01
 -6.70575135e-01 -7.37334795e-02 -4.24310864e-01 -4.01163906e-02
 -6.10561450e-01  2.84900497e-01 -5.01383184e-01  4.14986649e-01
 -1.11377591e+00  2.18092249e-02 -3.25794841e-01 -5.26989266e-01
  2.94605170e-02  8.70817494e-01 -5.45789594e-01 -2.55308839e+00
  9.39234967e-01 -3.17324647e-01 -7.38941273e-01 -8.01893433e-01
  4.77225820e-01 -4.52297811e-02 -1.49817757e-03  4.89624716e-02
 -6.26061277e-01  2.84413257e+00  3.62787547e-02 -1.49303369e+00
  2.66500047e-02  7.88787476e-01 -1.31912570e+00 -1.41086210e+00
 -4.96269271e-01  9.76659760e-01  4.21814309e-02  1.88522468e-01
  8.73255541e-01 -1.12704711e+00  1.18731903e+00  2.62332520e-01
 -1.24996545e+00  2.10888058e+00 -3.70353643e-01 -1.28639388e+00
  3.04547935e-01 -1.41548780e+00 -5.45926211e-01 -4.18559735e-01
 -1.02811581e+00 -2.11196396e-01  5.02970820e-01  1.62811710e+00
 -1.63698999e-01  2.96171993e-01  9.05070569e-01 -8.55899595e-01
  5.32197502e-01  5.72597543e-01 -1.78035014e+00  2.69805678e+00
  1.21668156e+00 -1.46661326e+00  3.74015939e-01  3.20075966e-01
 -3.42164975e-01  9.74765548e-02  1.04437883e+00 -9.73003490e-01
 -1.42844298e+00  8.97593858e-01 -9.45528567e-01  7.28567504e-01
 -1.06251525e+00  2.91285794e+00 -1.67489289e-02  2.62364397e-01
  5.43884729e-01 -2.41577995e-01  3.99774829e-01  1.28520067e+00
  3.78337669e-01  8.91290083e-01  5.25154119e-01 -7.10299964e-01
 -1.13627702e+00  1.43502751e+00  1.38394348e-01  1.35919088e+00
  2.47996212e-01  8.22493357e-01  3.40289601e-01 -4.48894488e-01
 -1.41233204e-01  1.13823091e+00  4.77074766e-01  1.21807181e+00
 -3.87647441e-01 -4.16596496e-01  1.32128016e+00  6.17429560e-01
  4.28217356e-01  1.53435962e+00 -1.55846423e+00 -1.44794598e+00
  1.67742282e+00  1.78952183e-01  6.51715863e-01 -1.05403341e+00
  1.93862634e+00  2.71530057e-01  7.34297081e-01 -1.88120187e+00
 -3.45722205e-02 -3.37384517e-01 -8.16025479e-01  5.52547115e-01
 -1.58043867e+00  6.78543205e-01  3.20873218e-01  4.57617611e-01
  3.12077921e-01 -9.67651233e-01  1.28161466e-02  1.96749659e+00
 -1.50513159e+00 -1.36415223e+00 -5.64459131e-01 -7.48255352e-01
 -2.62729472e+00 -1.76861239e+00 -9.59360843e-01  7.55151611e-01
  3.40978092e-02  7.65899220e-01 -3.75906120e-01  3.15317275e+00
 -6.33034591e-01 -8.05712791e-01 -3.61026663e-01 -9.15337684e-01
  2.20687737e-01  1.64854877e+00 -9.96357895e-01 -8.11403171e-02
 -7.02238506e-01  2.40566028e+00  1.81851082e-01 -1.51209483e+00
 -1.37204675e-01 -2.81735767e-01 -1.14393620e+00 -8.18598363e-01
 -1.09531796e+00  8.39370546e-01  1.46784166e-01 -7.74276112e-01
  1.04165043e+00  2.17087058e-01  3.94006336e-01 -3.04343518e-01
 -4.97927297e-01 -4.60693090e-01  1.06653744e+00  1.36051211e-02
 -1.61825716e+00 -3.63105704e-01 -1.62170953e+00  3.14854746e-01
  3.37871660e-01 -9.01988112e-01  2.39544378e-01  4.23085582e-03
  8.80533417e-01 -6.15146809e-01  3.35145556e-02 -1.51905619e-01
  4.08334461e-01  1.13715461e+00  4.89094886e-01 -3.20975465e-01
  9.09924373e-01 -5.83597430e-01  1.39315932e+00  1.15331370e+00
 -1.41117183e+00  2.48047984e-01 -6.02930116e-01  2.35299171e-01
 -1.51924892e+00  4.66004276e-01  2.07727366e+00  6.82588550e-01
  1.69115382e+00 -1.77024294e-01 -3.64915826e-01  2.68600624e-02
 -8.02405245e-02 -1.06614375e+00 -3.32897641e-01 -5.96146188e-01
 -1.57168755e+00 -7.71664186e-01 -1.07237460e+00 -1.15078065e+00
  3.86797308e-01  8.91036093e-01 -1.13132299e+00  2.53276258e-01
  7.81190526e-01  2.02543409e+00  4.58343806e-01 -1.83933423e-01
  1.70428248e+00  8.82555869e-01  7.42629818e-01 -6.09310112e-01
  1.19864629e+00  3.16604145e-01 -7.22056325e-01  6.87118390e-01
 -1.52176311e+00  1.41731153e-01 -5.04918981e-01 -1.28720913e+00
  9.04893814e-01 -3.13451345e-01  1.53642844e-01  1.18022415e+00
  1.54296421e-01 -1.38158028e+00  1.82229428e-02  7.18397264e-01
 -1.30403829e-02 -7.55188768e-01  1.94130661e+00 -1.22032213e-01
 -1.76875363e+00 -1.18143570e+00 -1.18161941e+00  1.78220635e-01
  2.76015169e+00 -1.51044713e+00  5.32134493e-01 -7.50239280e-01
 -4.00308784e-01  1.07814592e-01  8.75351935e-01  1.73037500e+00
 -1.74351401e-01  1.94482797e+00 -8.01560884e-01 -1.61638221e+00
 -1.71925889e+00 -1.36867740e+00 -9.16451001e-01  6.05520941e-01
  2.70771068e-01 -1.70365839e-01 -1.18710331e+00  3.09999759e-01
  2.78475208e-01 -1.56630273e+00  4.64892206e-01  9.05748826e-01
  1.65113674e+00  3.73153157e-01 -1.14148477e+00  4.27884865e-01
  6.32149844e-01  3.17916262e-01  2.29467761e-01 -2.21470556e+00
 -1.98502394e+00  5.31454980e-01  8.68320379e-02  3.38747095e-01
 -2.34925732e-01  3.23497828e-01 -1.95849742e+00  8.04977710e-01
 -2.13701180e-01  5.15470851e-01  1.13782384e+00  2.73602430e-01
 -1.14947129e+00 -1.17134075e+00 -4.66126145e-01 -6.97489216e-01
  8.46476425e-01 -7.03467937e-01 -9.48189265e-01 -6.14989894e-01
 -2.38251755e-01 -1.74467151e-01 -1.36375614e+00 -1.51547685e+00
  7.32100846e-01 -7.66072924e-01 -1.87228138e+00  1.55772977e-01
 -1.70998217e+00 -1.25231524e-01 -6.37630468e-01  4.08655445e-01