 1.77842215e-01 -1.90381236e+00  1.87980105e+00  2.98648346e+00
  4.14693926e-01  4.53700794e-01 -1.00992331e-01 -5.06899649e-01
  1.99306320e-01 -4.31115469e-01  8.71002410e-01 -1.06420934e+00
  1.00696334e+00  6.20937271e-02 -3.61330190e-02 -1.96307945e+00
  5.39751784e-01  1.29854050e+00  2.85353964e-01  5.58361728e-01
  6.74548567e-01  4.41571049e-02  7.01853707e-01  1.00223951e+00
  5.66929135e-01  2.32221289e-01  2.05247417e-01  5.54624682e-02
 -9.56270083e-02 -1.06052318e+00 -1.39474311e-01 -1.07682296e+00
  4.82291428e-01  7.42148327e-01 -4.45020996e-01  8.14344977e-01
  4.49770597e-01 -1.11877206e+00  1.57845517e+00  1.16974987e+00
 -1.04339225e+00  2.72310381e-01  7.07256777e-02  1.63309866e-01
  1.74915265e+00 -9.79350120e-01 -1.04172743e+00  4.89097762e-01
 -1.94719263e+00 -1.47184269e-01  5.52647079e-01 -7.47392609e-01
 -1.11811041e-02 -4.12783050e-01 -1.26064370e+00 -7.50825547e-01
 -8.72332508e-01  1.75954673e+00 -4.47015302e-01  1.42029759e+00
  1.01957651e-02  3.03030431e-02  6.81155510e-01  1.86657937e-01
 -9.10826266e-01 -1.19761205e+00  1.04540356e+00  9.17432568e-01
 -2.47835603e-01  8.41745291e-01  5.93527782e-01  6.53480285e-01
  1.48692986e-01  1.78116244e+00  1.30411144e+00 -1.14590983e+00
 -6.33020491e-01  7.70250881e-01  1.02621329e+00 -6.59794167e-01
  2.19686346e-01 -3.82494890e-01  5.14178485e-01 -4.48444490e-01
  7.05800315e-01  7.01350796e-01 -1.80983931e+00 -6.12032456e-01
 -4.74314012e-03  1.64721803e+00  6.68897911e-02  1.76306089e+00
 -9.92954065e-01 -7.30277388e-01  4.76165266e-01  8.85684873e-01
 -1.33490721e-02  5.71539485e-02 -7.34079037e-01  5.60685762e-02
 -1.37098347e+00 -1.83097945e+00 -5.86059728e-01 -7.84585419e-01
  5.61517601e-01 -8.36770257e-01 -8.82777690e-01  1.47719835e-01
 -1.04509376e+00  1.21132667e+00  2.40205286e+00 -1.16685534e+00
  6.90690644e-01  5.85780943e-01 -1.94003351e-01 -3.09811650e-01
 -1.72441736e-01 -2.62313335e-01 -7.79434827e-01  5.13960040e-01
  7.41964450e-01 -1.55332738e+00  3.32599579e-02  1.14580087e+00
  1.23421030e-01 -3.84337747e-02  4.40141161e-01  1.11581076e+00
 -1.44930261e+00 -2.49409659e-01  2.17968719e+00  1.35641449e+00
 -3.43847618e-01  5.47559102e-01 -6.01332601e-01 -2.09880583e-01
 -4.44305444e-01 -7.52250682e-01 -9.75407772e-01  1.11430811e+00
 -4.06214274e-01  1.12722317e+00 -1.31383300e+00  5.34064231e-01
 -8.44555836e-01 -1.52656426e+00 -2.60795595e+00  7.81587095e-01
  8.91428554e-01  8.11833247e-01  8.42331431e-02  1.48241599e+00
  5.53104535e-01 -1.07708335e+00  1.95846615e+00 -6.60704381e-01
  9.47618669e-01 -7.89909177e-01  2.76281516e+00 -2.44477073e-01
  2.15556525e+00 -1.46810610e-01 -1.43070635e+00  1.80515337e+00
  1.29276698e-01  7.53739942e-02  4.29181150e-01  8.27255932e-01
  2.02361718e+00  6.86215680e-01 -9.67921504e-01  7.99970460e-01
 -4.61011757e-01  5.30488938e-01  7.99018017e-02 -1.37792605e+00
 -1.55109129e+00 -3.58655615e-01  1.11907948e+00 -3.02076417e-02
  5.08018675e-01 -7.08874015e-01 -2.27544808e+00 -3.40195068e-01
 -2.64661970e-01  2.76267054e-01 -1.72457302e+00  2.10964484e-01
 -8.34827841e-02 -1.65305313e+00  1.67404365e+00 -5.27456448e-02
 -3.09274889e-01 -1.40571092e+00 -7.29342267e-01  1.11587604e+00
  1.87866870e+00 -5.08158428e-01  3.99319789e-01 -2.45525695e+00
  2.22689130e+00 -1.42431356e+00  7.43148875e-01  2.73914568e+00
  6.41475096e-01  3.64000778e-02  4.11940658e-01  7.10108907e-01
  1.23671258e+00  3.01369110e+00 -7.10786163e-01  8.96059610e-01
  1.25137024e+00  8.75590174e-01  1.17335341e-01 -6.31749333e-01
  2.38646841e-01  9.98050309e-02 -1.28448753e+00 -1.56067065e+00
 -1.33829687e+00 -1.83364778e-01  5.08652451e-01 -4.82476011e-01
  6.56900225e-01  2.58174583e-01  4.64495221e-01  1.07387510e-01
  1.80859646e-01 -6.95902865e-01 -3.70172373e-01  9.74396792e-02
  1.20360943e+00 -5.44264982e-01  1.60156072e+00  7.21339332e-01
  1.04514872e+00 -5.18542330e-01  4.54649032e-01  2.24590142e-01
  1.18160444e+00  2.73591158e-01  8.93223902e-01 -6.72456911e-02
  1.94781103e-01 -7.95904734e-01  1.31891440e+00 -1.76544427e+00
 -5.89019723e-01 -1.21003016e-01  1.40295487e+00 -8.62763298e-02
 -8.91378370e-01  1.34870517e+00  1.08710402e-01 -1.03433242e+00
 -8.94811645e-01 -8.50254615e-02 -2.88447666e+00 -1.02322997e+00
 -2.00749939e+00 -2.59299295e-01 -1.22612067e+00  3.31330084e-01
  1.20899736e+00  3.52049550e-02  1.06075715e+00 -5.41793100e-03
 -1.95083407e-01 -9.24894191e-01  1.43694102e+00  9.53750455e-01
  1.16515268e+00 -2.32782404e-01 -8.03971482e-01  2.98583045e-01
  3.27148352e-01 -1.98949966e-03  4.16074597e-01 -5.81655658e-01
  1.57464565e-01 -1.74994411e+00 -8.39961711e-01  7.86378342e-02
  1.63782830e+00 -1.59413435e+00 -1.94434125e-01  1.06047349e-01
  2.53367151e-01 -1.59289352e+00  1.27978862e+00  1.31785285e+00
 -6.02029316e-01 -1.47436789e+00 -1.02772774e+00 -1.92554865e-01
 -9.06983385e-01  7.12755878e-01 -3.07781661e-02 -9.27494657e-02
  1.33659048e-01  4.99834717e-02 -3.73225191e-01  4.47018279e-01
  2.37484326e+00 -1.08169853e+00 -1.92294303e-01 -1.59703037e+00
  4.88821859e-01 -1.63612199e+00  2.29235280e-01 -6.70147768e-02
  1.58175181e+00  2.49078352e+00  7.96350025e-01 -8.88050843e-01
  9.79506848e-01 -1.48851396e+00 -2.14447279e+00 -1.10290127e-01
  6.69094345e-01 -5.65562178e-01  9.33904205e-02 -6.81494077e-01
 -5.00125372e-01  9.43801570e-01 -1.29672659e+00 -1.52526945e+00
 -7.07348631e-01 -1.82692553e+00  1.06589055e+00 -8.39146020e-01
  2.70485857e-01  3.13678756e-01  1.76663919e+00 -7.89266629e-01
 -1.68112562e+00  1.96739967e-01 -2.52029769e-02  2.86540660e-01
  3.80222556e-01 -3.64223980e-01  3.52635069e-01  2.20703768e-01
  1.26069482e+00 -4.44252095e-01  2.64145588e+00 -1.15715259e+00
  1.30482100e+00 -1.00551386e-01  4.48710701e-01  4.19870101e-01
 -3.69515165e-02 -1.06403334e+00  8.09696201e-01 -3.27675833e-01
 -1.94642365e+00  3.29569528e-01  9.53831918e-01 -1.96936102e-01
 -8.14697357e-01  9.59673074e-01 -7.54753515e-01 -1.43978675e+00
  4.22890801e-01 -5.81445250e-01  2.60172324e-01  3.51315944e-01
  5.47059769e-01  1.65857921e+00 -1.02534743e+00  3.13694351e-01
 -4.24809709e-01 -8.84380516e-01  7.04571770e-01 -4.88525003e-01
  9.34355973e-01  1.51977436e+00 -5.81610596e-01  3.80481432e-01
 -1.00189327e+00  8.36480826e-01  2.95135994e-01 -2.80011189e-01
  2.19234731e+00 -1.22035636e+00  3.76993396e-01 -1.46686041e+00
  2.34923068e-01 -1.39354802e+00  5.92264185e-01 -8.92818190e-01
  2.33263416e-01  1.62583998e+00  1.15502323e+00  1.65779525e-01
 -1.55537036e-01  8.78004829e-01  6.32261985e-01 -2.83172928e-01
 -9.31705153e-01 -1.06161572e+00  1.90772598e-02 -8.40750005e-01
  1.86516066e+00  9.09050153e-01  6.04337420e-01  5.33635719e-01
 -1.15597632e+00 -5.98582240e-01 -7.15372946e-01  2.01912197e-01
  5.86804362e-02  7.22685245e-01 -1.98844517e-01 -4.26598762e-01
  1.34522570e-01  2.21270097e-01  2.69478059e-01  4.63970714e-01
  1.76754317e-01  5.02200699e-01  5.31963277e-01 -1.20561781e-01
 -5.63028360e-01 -1.05647782e+00  1.38454018e-01  5.92497525e-01
  8.50151011e-01  1.15553913e+00 -4.45115757e-02 -2.62441474e-01
 -1.16113187e+00  4.49850849e-01  5.44675925e-01  4.18377465e-01
 -1.09763376e+00  1.25623377e-01 -6.53407372e-01  1.66306151e+00
  2.47295220e+00 -8.61029165e-01 -1.72993778e-01  1.81064628e+00
 -4.57446414e-01  1.16528943e+00  4.35023767e-01 -1.25344021e+00
 -5.90982059e-01  9.26199853e-01 -6.76382165e-01 -6.82657281e-01
  3.00815971e-01  1.75569538e-01  1.18546230e+00  8.46525945e-01
  7.91615868e-01 -1.27114342e+00 -5.28234606e-01  4.13654526e-01
  1.78090528e+00  7.35711009e-01  3.24143522e-01 -1.07240821e-01
 -3.65552420e-01  5.79508358e-01 -1.51122997e+00 -9.44354885e-01
 -5.50306915e-01  2.00069631e-01  5.60921152e-01  1.18924182e+00
  6.13342397e-01  1.55663076e+00  2.67817605e-01  4.76686621e-01
 -9.29377581e-01  2.42771042e+00 -7.21470602e-01 -1.32278748e+00
 -1.15348056e+00 -2.35340132e-01 -6.43231460e-01 -1.16444483e+00
  8.03233270e-01 -6.71474335e-01 -6.09562558e-01 -9.40868964e-02
  6.15647129e-01 -2.03468358e-01 -1.58717337e-01 -4.43107389e-01
 -6.47779937e-01 -9.42747488e-02  3.77850926e-01  2.93412343e-01
 -4.47184072e-01  1.15473840e+00 -1.16558633e-01  9.34733136e-02
  4.89462456e-02  6.90847229e-01 -4.28580056e-01 -3.07683335e-01
  6.37974180e-02  1.45117694e-01  1.81855642e+00  1.52969748e+00
  1.59554757e+00 -3.52129134e-01  9.19928266e-01  2.22495217e+00
 -1.39400221e-01  2.61995668e-01 -5.21132695e-01  1.29884732e+00
  1.44298407e+00 -1.68046162e+00  1.70684932e+00  1.63993461e-01
 -8.55841166e-01 -4.34421034e-02 -2.58222748e-01 -1.81803418e+00
 -6.60941540e-01  7.68832126e-01 -4.03608036e-01 -1.27573090e-01
 -9.45506439e-01 -1.05474740e+00 -6.36257060e-01 -7.87108990e-01
  1.64305715e+00  7.76246515e-01 -3.88295911e-01 -9.37425794e-02
  2.17411252e+00 -1.79819791e+00  1.96997678e+00  6.24520037e-01
 -1.49084755e+00  2.59327596e-01  1.43469094e-01  5.51354720e-01
  2.37686442e-01  7.38558555e-01 -1.45218784e+00  1.85153855e+00
  7.10207024e-01  5.10253055e-01 -1.03133761e-01  2.97022254e-01
  4.01516398e-01 -4.09561804e-02 -9.63672715e-01  7.94380125e-01
 -8.98304447e-01  3.79950533e-01 -1.97783238e+00  3.51087752e-01
 -4.60119652e-02  2.82571316e-01 -1.11692802e+00 -9.07621062e-01
  1.65421352e-01 -2.48295941e+00 -1.25522813e+00  6.30934523e-01
  1.44687462e+00 -1.49476878e+00  1.72576766e-01 -3.53749552e-01
  2.37271715e-01  1.07371135e+00 -1.75642868e+00  2.69301378e+00
 -1.15875871e+00 -3.59731801e-01  6.50312432e-01  1.03586602e+00
  3.83713105e-01 -3.45537206e-01 -1.46900874e-01  1.51596733e-01
 -1.06760813e+00 -1.33486925e-02 -2.92802929e-01  7.28886831e-01
 -7.91823220e-01  1.40105323e+00  5.65588886e-01 -2.41465996e+00
  1.81546180e-01 -9.84746382e-01  1.11281009e+00 -1.03249898e-01
  1.31315975e+00 -1.13853954e+00 -6.75414473e-01  1.25181823e+00
 -1.36197559e+00 -1.02085178e+00 -1.60178299e+00  5.41459944e-01
  8.79933046e-01  1.96525119e+00 -2.28432408e+00 -4.51352685e-01
 -1.10733911e+00 -8.89278597e-01 -1.11129550e+00  2.42943683e-01
 -6.71301285e-01  2.22943512e-01 -1.69014022e+00 -3.65784698e-01
  3.15787015e-01 -8.71140604e-01 -1.19485403e+00 -2.05179390e+00
  2.06410018e+00 -7.77850594e-01  8.66177017e-01 -1.63609736e-01
 -1.41630184e+00 -7.21169001e-02  4.10779723e-01 -2.52825289e-01
 -7.52073400e-01  1.37055873e+00 -1.19095776e+00  1.40305183e+00
  5.55134272e-01 -1.16316161e+00 -1.91724001e+00 -9.26643729e-01
  1.23270764e-01  5.14920560e-01 -1.32255794e+00  7.60788665e-01
 -2.75158619e-01  4.97046648e-01 -1.86761406e+00  3.10765697e-01
 -1.33414575e+00 -5.20663689e-01 -2.92400216e-01 -1.01987045e+00
  1.82619096e+00  5.54062198e-01 -1.24377695e+00 -1.54874708e+00
 -7.54209542e-01 -5.08531311e-01 -1.74312559e+00  6.54739809e-01
 -1.39455010e-01  1.83165318e+00  5.59603981e-01  7.57817232e-01
  1.63456890e+00  1.75631571e+00 -4.14486201e-01  2.08321153e-02
 -2.40172619e-01 -3.75380107e-01  3.64498140e-01 -3.76099362e-01
  9.68789851e-01 -6.40251899e-01 -9.05503835e-01 -1.47007327e+00
 -1.34790924e+00  6.16718701e-01  7.20217787e-01  3.70384188e-02
  7.47982589e-01 -2.09321368e-01  5.00752461e-01  3.96337812e-01
 -6.74618175e-01 -7.14230082e-01  6.65058615e-01 -1.62818689e-01
 -8.52507523e-01  1.71608524e+00  1.91751942e-01  1.06064649e-01
 -1.63149203e-01 -5.14761414e-01 -3.60027737e-01  1.05220839e+00
  1.29666146e+00 -9.18182247e-01  1.35809590e+00  1.18756478e+00
  4.89205422e-01  4.35080490e-01 -7.64252625e-01  9.63994757e-01
  2.52451579e-01 -1.91670512e-01  4.30265219e-02 -1.14272559e+00
  2.56168486e-01 -1.18113087e+00  4.86418475e-01 -4.62443928e-01
 -5.74619761e-01  6.40482779e-01  7.35234586e-01 -4.23736750e-01
 -5.30206803e-01 -4.62034274e-01  1.89403714e-02  1.14359784e+00
  1.26043123e+00 -8.49496663e-02 -5.63193624e-01  3.89002287e-01
  3.05757405e-02  7.83457385e-02  2.62975155e-01 -1.50026120e+00
 -4.12070428e-01 -2.01650787e+00 -1.80499958e-01 -6.91640327e-01
  9.56299697e-01  1.31381927e+00 -1.19900634e+00  7.72473625e-01
  8.20944690e-01 -1.32186818e+00 -1.36986569e+00  1.33585335e+00
  3.89066901e-01 -5.27875276e-01 -2.62069159e-02 -9.98935371e-02
  1.24205632e-01  4.56774863e-01  5.35845916e-02  6.48075140e-01
  3.16312850e-01 -4.96937136e-01 -7.01961496e-01 -1.21435140e+00
 -1.07146336e+00  1.35028130e+00 -8.73651276e-01 -9.04091640e-01
 -8.97229974e-01 -2.94446984e-02  1.34280010e+00 -3.93443187e-01
  1.41615401e+00  2.30210766e-01 -4.33735715e-01 -3.86982556e-01
 -1.97460718e+00 -1.43507148e+00  9.11282631e-01 -8.77306202e-01
  1.63251751e+00  4.70637151e-01 -2.39964355e+00  4.45117429e-02
 -5.70565827e-01  7.96074157e-01 -7.33663223e-01 -2.00538346e+00
  1.12266031e+00  2.01359553e-01  1.29778023e+00 -6.93602195e-01
 -6.90625951e-01  8.67205608e-01  9.94128210e-01 -1.55515256e+00
  1.09068403e+00 -4.09799830e-01 -1.89442970e+00  1.78708835e+00
 -7.26914881e-01  3.12205381e-01 -2.24406518e-01 -5.71609454e-01
 -4.67744624e-01 -4.34035917e-01 -2.27677887e-01  1.34814200e-01
  8.40554664e-01  2.40490977e-02 -1.00969322e+00  1.05702458e+00
 -7.83444747e-01 -1.28788254e+00  2.87061627e-01  4.61011705e-02
  5.48731740e-02 -1.48228007e+00 -6.36099151e-01  6.44444048e-01
 -1.49994648e+00  1.16248828e+00  1.10794710e+00 -6.62164695e-02
 -9.56716695e-01 -5.49864940e-01 -3.09252812e-01  1.72690108e+00
  5.06773612e-01  4.74913256e-01  4.76251773e-01  9.78161789e-01
  1.62551000e+00 -4.38853035e-01 -3.63709368e-01 -4.70594507e-01
  9.01297892e-01 -4.86415101e-01  2.18754564e-01 -1.03419111e+00
 -4.26283879e-01  6.73273717e-01  1.67078996e+00  8.53628495e-01
  8.31297504e-01 -4.77456331e-01  1.49634321e+00  1.90663679e+00
  1.69768955e-01 -4.68063152e-01 -1.41529485e+00  1.08708980e+00
 -1.11940175e+00 -8.08206679e-01 -3.63465445e-01 -1.85211387e-01
  1.28967848e+00  3.13546532e-02 -6.97087935e-01 -9.65176138e-01
 -3.00904760e-01 -7.82837578e-01 -8.95971412e-02  4.08357026e-01
 -1.71970173e+00  2.80328556e-01 -6.97627390e-01 -3.71498906e-01
  7.52493567e-01  5.33965903e-01  8.12571324e-01  1.49644746e+00
  1.66181796e-01  1.00243508e+00 -8.99314555e-01 -2.22769133e-01
  1.86467091e+00 -1.88552714e+00 -7.44896833e-01 -6.86890471e-02
 -7.26985550e-01 -8.69642759e-01 -1.43073643e+00  2.17730657e-01
 -6.71467760e-02  5.52497474e-01 -9.86930248e-01 -2.83700001e-01
  6.66703887e-01 -4.83722921e-01 -1.04596898e+00  5.31710457e-01
  4.78405095e-01 -5.16083942e-01 -1.70746913e+00  5.41628331e-02
 -7.89116514e-01 -6.32792450e-02  2.99514874e-01 -6.54454982e-02
 -7.49535780e-01 -9.52932633e-01  3.17885064e-01  5.74357762e-01
 -7.44202097e-01  9.67357571e-01 -3.02328926e-01  1.65231281e-01
 -6.53297653e-01 -3.12172579e-02  4.70962765e-01 -1.56406732e+00
  1.39481845e+00 -1.69314642e+00 -3.84485729e-01 -1.11684473e+00
 -4.81915533e-01  1.64621468e+00  1.59037695e-01 -6.07204491e-01
  1.05530568e+00  4.03073960e-01 -1.70163774e+00 -4.41607173e-01
  1.85123158e-01 -3.40404227e-01 -1.04525684e+00  5.35746280e-01
 -2.05994279e-02  3.31937634e-01 -1.25067233e+00 -1.16295296e+00
 -8.11012400e-01 -1.93615766e+00 -7.54735909e-01 -3.14876311e-01
  5.92942892e-01  1.08506066e+00 -1.45900009e-01 -8.01836008e-01
  1.31839559e+00  2.09424380e-01 -1.49552192e-01  4.00659657e-01
 -3.73583067e-01  6.37808261e-01 -1.21499251e+00 -1.66799213e+00
 -1.50327855e+00  9.52755349e-01  4.88995019e-01  4.00070494e-03
 -7.42339280e-01 -1.58897277e+00 -1.16270471e-01  1.47385918e+00
  4.07845188e-01 -1.37706583e-01 -1.79103577e-01 -1.12163660e+00
 -9.02820144e-01  5.50154824e-01 -1.51144802e+00  1.17824651e+00
  1.89122059e+00 -1.97332882e+00 -1.44796231e+00 -9.24602114e-01
 -1.24355416e+00 -6.09679737e-01 -7.84840070e-01 -8.93081884e-02
 -5.48497269e-01  1.18768662e+00 -1.92058552e-01  9.45693829e-01
  1.10252384e+00 -2.52149292e-01  1.06861197e+00 -6.92626941e-02
 -6.97058444e-01  2.04821088e-01  7.23375257e-01  6.41400199e-01
  2.26760537e-01 -5.20840964e-01  6.44449036e-01  9.76004557e-01
  1.47222310e+00  7.34523113e-02 -6.62916301e-02 -1.31514711e-02
  8.49244468e-02 -9.51197924e-01 -7.97205302e-01  1.20218677e+00
  2.78846470e-01  2.77753705e-01 -8.18261736e-01 -1.93989377e-01
 -1.38624074e+00 -5.74055938e-02 -1.40396187e+00  6.74134543e-01
 -1.08977795e+00  1.28164910e-01 -1.80814502e+00  9.99139993e-01
  4.45753432e-01  2.32065037e-02 -1.56345286e-02 -9.62786128e-01
 -8.84987083e-01  1.80880287e+00 -5.10941402e-01  7.92079131e-01