-7.38306122e-01 -1.19233965e+00  2.81788905e-01 -8.06358033e-01
 -3.33125528e-01  3.96529580e-01 -1.52204033e-01  3.47607263e-01
 -7.22834479e-01 -7.51329300e-02  2.21489065e-01  4.00301367e-01
  4.60001707e-01  1.24375946e+00 -2.97261635e-01 -7.68716791e-01
  5.97326488e-01  2.36304545e+00  1.59021990e+00  9.81680647e-01
 -9.29413384e-01 -1.04230211e+00  5.18113961e-01  9.48952737e-01
 -3.14223484e-01 -8.32809253e-01 -1.39996028e+00 -4.66552303e-01
 -3.59755407e+00  5.28978449e-01 -1.08588374e+00 -1.27846417e+00
 -2.54100552e-01 -1.09396672e+00 -1.43020993e+00 -1.26796202e+00
 -6.98190578e-01  7.91383410e-02  5.58236786e-01 -2.24975844e-02
  1.29265630e+00  3.87133016e-01  3.94812537e-01  1.66788927e+00
  1.39364664e-01  2.38731369e+00  2.15591446e+00 -1.56628019e+00
 -1.30379860e-01 -1.61923625e+00  1.26419243e+00  4.74352272e-01
  6.55684152e-01 -1.70866512e+00 -6.72203870e-01 -3.30953313e-01
 -1.26598911e+00 -3.94668331e-01  1.78028168e-01 -2.83936729e-02
  1.12984022e+00 -2.24143728e+00 -8.16056080e-01  7.80662516e-02
 -1.06084514e+00  1.31159700e+00  1.79054744e+00  7.33457036e-01
 -9.92267284e-01  4.46267145e-01  1.61203135e-01 -3.33660061e-01
 -3.44600971e-01 -9.14930857e-01 -8.67674853e-01  2.75910133e-01
 -1.24590341e+00  8.18434145e-02 -1.21740508e-01  1.11937656e+00
 -3.98053421e-01 -3.22087271e+00 -4.68323802e-01 -6.15881589e-02
  1.99504490e-01  1.31890988e-03  1.39920351e-01  5.71139253e-01
 -1.56797969e-02 -1.48758063e-01 -6.32111753e-01 -5.14809511e-01
  1.55340212e+00 -3.31369513e-01  5.12183435e-01 -3.68598267e-01
 -7.57635824e-01  5.62235259e-01 -1.28331567e-01  5.58138511e-01
  3.94967184e-01 -1.57673979e+00 -1.23319237e+00  7.01634200e-01
 -3.40441015e-02 -1.87965317e+00 -6.66251222e-01 -2.06954678e+00
  1.11283136e+00 -1.02146506e+00  5.27955424e-01 -1.17759967e+00
 -5.08424959e-01  7.04316461e-01  1.38791397e+00 -1.16530885e-01
 -1.45414017e+00 -9.87022680e-01 -8.75671386e-02 -1.76730930e+00
  1.50982686e+00  7.56709410e-01 -1.94668753e+00 -3.42134477e-01
  1.58023988e+00  6.36986396e-01 -1.31597494e+00 -2.22286762e+00
  1.98413927e+00  1.57109426e+00 -8.76254190e-01 -3.99945749e-01
  7.07936146e-01  8.92107302e-01  2.02020532e+00 -3.91157860e-01
  4.38687434e-01  3.68675524e-01 -5.46950074e-01  1.49312300e-01
  3.77791257e-01  1.52761821e+00  7.04156916e-01 -9.78409949e-01
 -6.48724693e-01  6.79440259e-02  1.15139511e+00 -5.69079342e-01
 -7.02636259e-01 -5.04738789e-01  4.20505622e-01  9.10348327e-02
 -4.50004048e-01 -1.20311936e+00  2.03674676e+00  5.84617542e-01
 -1.26639241e+00 -8.69988029e-01 -2.52663571e-02 -2.18244752e-01
 -2.63049501e-01 -2.87853062e-01 -1.03340434e+00  9.61282016e-01
 -9.49605463e-01 -3.85586720e-01 -2.82794717e-01 -5.19603952e-01
  2.43789239e-01 -1.08633215e+00  8.51543480e-01  2.08160031e+00
  7.93787009e-01  4.95343729e-03 -8.89147008e-01  1.61600873e-02
  1.54347027e+00 -4.18905821e-01 -6.95565064e-01 -2.35780635e-02
  5.11666226e-01 -7.75379751e-01  1.10622498e+00  6.04228041e-01
  3.72970376e-01  5.79318895e-01 -5.58276944e-01  1.08189827e+00
  4.11941814e-01  1.54887597e+00  1.25186893e+00 -1.97663538e+00
 -6.33828490e-01 -1.34824018e+00 -1.33412373e-01 -1.33699829e+00
  3.94203763e-01  5.40617310e-01  6.06706810e-01  2.14122484e-01
  3.94563414e-01 -5.23830395e-01  1.53190165e-01 -1.22228024e+00
  1.87292676e+00  7.80421148e-01  1.39345019e+00 -1.40896237e+00
  1.72056811e-01 -1.59208607e-01  8.32536467e-01 -2.82457621e-01
 -1.02704233e+00 -7.60503462e-01 -1.49554323e+00  1.76598060e+00
  7.89596843e-01  1.95378358e-01  4.43486648e-01 -6.76222622e-01
  4.83777706e-02 -2.53928454e-01 -3.14492329e+00 -5.39099458e-01
  1.37837002e+00  9.11110716e-02  8.98022251e-01 -3.66767820e-01
 -6.71870235e-01  2.96487598e-01 -1.67519250e+00  3.89475498e-01
 -4.90655624e-01  2.88315163e+00 -6.47778965e-03 -4.26288831e-02
 -2.90538247e-01 -9.41935158e-01  1.23305560e+00 -2.91298883e+00
  1.26132598e+00 -7.31731110e-01  8.34683514e-01 -7.14996397e-01
  9.80650688e-01  1.11151288e-01  1.25413644e+00 -5.00156784e-01
 -6.65162295e-01  9.68820475e-01  4.35049331e-01  8.16012717e-01
 -3.65953678e-01 -9.02132477e-01  1.11638114e+00  9.30420928e-01
  1.69472024e-01 -7.08642807e-01 -1.01591955e+00  1.11736356e+00
  2.66483082e-01  6.02730637e-03 -7.27267999e-02  1.58234790e+00
 -9.15098082e-01  3.53815632e-01 -5.47890782e-01 -1.71725413e+00
  4.35631659e-01 -5.39988837e-01  2.41057168e+00 -9.24974302e-01
 -1.00981597e+00 -1.49543966e+00  3.16155159e-01 -1.17978175e-01
  1.02485465e+00 -1.65713711e-01  9.45583567e-02  7.78151365e-01
 -1.58205741e+00 -2.47571151e-01 -1.13292967e+00  7.10245249e-01
 -1.03217293e+00  1.38144278e-01 -7.19275022e-01  1.46666805e+00
 -4.47330988e-01  2.03061902e-01 -2.62905903e-01 -2.79613543e+00
  1.40119128e-01  2.50453556e+00  1.75475577e+00 -1.68790087e+00
 -4.62488847e-02 -6.99549931e-01 -4.03096518e-01 -7.71545501e-01
 -3.68329480e-02 -6.38843805e-01  3.76545912e-02 -1.31644178e+00
 -4.12885341e-01  5.56138597e-01 -7.98823076e-01  2.44378062e-01
  7.95411772e-01 -2.70839434e+00  1.12587855e+00 -6.00223862e-01
 -4.13183522e-01  8.86809281e-02 -2.27286909e+00  1.31097132e+00
 -1.24947294e+00 -1.36728362e+00 -1.68964121e+00 -3.33709548e-01
  2.26963995e-01  7.20258481e-01  5.25023968e-01 -1.39211586e+00
 -5.18174329e-01  6.89811735e-01 -4.68777384e-01 -7.36682492e-01
  1.05021857e+00 -3.80089128e-01 -6.58832833e-01 -2.75767604e-01
  8.32911754e-01 -7.48086725e-01  1.78941972e+00  2.95220173e-02
 -1.21626079e+00 -1.67001253e+00  6.28631551e-01  7.64436367e-01
 -6.24108450e-01  3.28635915e-01 -1.57355166e+00 -5.43316270e-01
  1.04647409e+00 -5.21280488e-01  1.28289890e+00  2.06631495e+00
 -2.23424997e+00  1.70802857e-01 -3.10921798e-01  9.57947255e-01
 -1.00692449e+00 -9.50157562e-02  1.93319041e+00 -6.89632196e-01
  2.25823802e-01 -7.08265163e-01  2.47461452e+00  1.04492785e-01
 -2.59662144e-01 -1.70193094e-01  5.48643182e-01 -2.03126194e-01
 -1.95474851e+00  1.36209757e+00  1.25920817e+00 -1.33340323e+00
 -1.44778847e+00  7.77525063e-01  3.79856804e-01 -1.06570427e+00
  6.39659063e-01 -2.48764249e+00  1.75743368e+00 -6.05108417e-01
 -1.93331438e+00 -1.60666336e-01  2.26894469e-01  2.87594246e-01
 -8.16296660e-01  1.26513180e+00  2.87521707e-01 -9.81553886e-01
  1.35633648e+00 -8.02182211e-01  1.46161335e-01  1.46628698e-01
  1.33767589e+00  2.19301604e+00 -3.39300758e-01 -1.43660822e-01
 -1.45582805e+00  1.50936497e+00 -5.64792260e-01 -2.98279914e-01
  1.32900748e+00  6.63881139e-01 -7.28237029e-01  8.96776591e-01
  7.96992479e-01 -8.18252707e-01 -9.16439312e-01 -1.83674682e-01
 -8.91612892e-01 -2.67323141e+00  1.53278001e+00  1.21268377e+00
  2.39887103e-01 -2.13233764e+00  3.19510667e-01  1.37966027e-02
 -1.20701692e+00 -1.54743099e-01 -3.62016037e-02 -4.14180143e-03
  2.99003729e-01  1.20591722e+00  1.44613966e+00 -1.48222401e+00
  1.34422345e+00  2.07469744e-02 -1.32484073e+00 -5.00998060e-01
  2.71576297e-01 -3.08803421e-01  4.79275976e-01 -1.70111617e+00
  2.93609780e-01 -9.43997620e-01 -3.64969703e-02  2.23833442e+00
 -6.16073313e-01  1.70807806e+00 -1.98154155e+00  4.13930204e-01
  1.19235405e+00  1.55040327e+00 -5.45244028e-01  9.03219858e-01
  2.02391161e+00 -6.37707617e-01 -9.81960733e-01  2.71399404e+00
  8.84849427e-01  1.21714728e-01  1.01640842e+00 -1.70410061e+00
  1.42881553e+00  6.11827979e-01 -1.22754351e-01 -1.59805427e+00
  5.63314371e-01  5.79415296e-01 -8.03818426e-01 -3.52239793e-01
 -6.85477748e-01 -9.18365905e-01  1.96429344e-01  1.16143701e+00
 -7.42590474e-02  3.78009498e-01 -1.12341599e+00  1.53740882e+00
  4.05750034e-01 -1.74528794e+00  1.20847957e+00 -1.17319160e-01
 -5.69177456e-01 -1.52799934e-01 -1.20207429e-01 -2.81038234e-01
  4.92226250e-01 -6.33698150e-01 -4.56302185e-02  2.20999547e+00
 -1.41156804e+00 -7.92024719e-02 -9.29768929e-01 -1.66480501e+00
  7.58627419e-01 -1.76106808e+00  7.70272423e-01 -6.73107804e-01
  8.40518490e-01  4.60160409e-01  6.70708947e-01  3.28875650e+00
 -1.38708880e+00 -4.49916331e-01 -2.43067014e-01  5.21905312e-02
 -7.21474077e-01  2.52503069e-01  1.46106596e+00  1.23312768e+00
 -1.33051886e+00  6.47851863e-01  8.49746589e-01  5.57839928e-01
 -1.39323645e+00  1.20732925e+00  1.86147322e+00  6.88607133e-01
 -7.19575706e-02 -1.55832867e+00 -3.26587777e-01 -5.19952638e-01
  9.43954107e-01  1.91659930e-03  8.62536966e-01 -9.96725880e-01
  1.47825243e+00 -8.05644638e-02 -1.92822935e+00  1.17140386e-01
  7.45529709e-01 -2.46701390e-01 -8.40140689e-01  6.38184261e-01
  9.93014875e-02 -1.42537904e+00 -1.33134343e+00 -3.23288121e-01
  3.21556293e-01  1.65889667e+00  7.72070138e-01 -1.53273944e+00
  1.41701036e+00 -9.81801177e-02  2.07242079e+00  5.15787235e-02
 -3.31128270e-01  3.82117698e-01  4.22919739e-01 -2.44600758e-01
  3.00771205e+00  2.13797936e+00 -6.61733695e-02  9.25004063e-01
  2.55515374e-01  2.55989605e+00  2.68002014e+00  2.27786538e+00
 -8.94107247e-01  3.19210995e-01 -1.17830714e-01 -1.59346748e-02
  5.63712843e-01  7.70572885e-01  7.85646934e-01 -4.92359626e-01
  1.46300729e+00 -7.92525276e-01  2.99715412e-01 -7.40806205e-02
  1.22861882e-01  3.80051754e-01 -4.74332754e-01  3.61084488e-02
  8.30425583e-01  5.60172770e-01 -1.44633080e+00  7.17098043e-01
  3.58895040e-01  1.43198565e+00 -1.21330294e+00  1.73934005e-01
  5.83215331e-01  9.03792091e-01  2.64942220e-01  4.55564134e-01
  4.52453343e-01  9.74111221e-01  2.19056949e+00  2.04995411e-01
 -9.20558913e-01 -2.91424789e-01 -1.29110815e+00 -5.05124284e-01
 -6.91354387e-01  3.75463295e-01  1.77303121e+00  8.17591657e-01
  1.82177441e+00  1.06834903e+00 -3.89957081e-01  3.70637851e-01
  9.95289582e-01  1.44482207e+00 -5.77642013e-01  5.42958045e-01
  1.62363973e+00 -1.23059841e+00 -6.24758244e-01 -2.31930131e-01
 -1.27727095e+00 -1.33603623e-01  2.06877269e-01 -2.58807814e-02
  1.73978031e+00 -1.13274366e+00 -3.28386168e-01 -1.03630374e+00
  2.23154273e-01 -1.58168078e+00  5.90985635e-01  6.19039655e-01
  1.53247479e+00  6.68950650e-01  8.55260935e-04  1.47500271e+00
  1.80493943e-01 -1.44205721e+00 -4.08618037e-01  1.22180324e+00
 -4.48938548e-01  1.58600416e-01  6.02244627e-01  1.45463406e+00
  1.78606434e+00 -1.14686952e+00 -3.50448151e-01  1.28071739e-01
  7.48918135e-01  1.72106053e-01 -3.10319307e-01  9.52273075e-01
 -1.82536860e-01  2.17102336e+00 -6.41243379e-01  1.64623810e+00
 -7.09723402e-01  1.54443336e+00  1.63031089e+00 -3.48039328e-01
 -8.37944439e-01  1.08074350e-01 -1.13207087e+00 -6.43450377e-01
  2.35654735e-01 -1.45887284e-01  2.28818382e+00 -5.61128309e-01
  1.24720531e+00 -9.01029453e-01 -4.79189632e-01 -8.31296813e-01
  1.52857529e-01  5.91355641e-01 -1.77682966e+00 -1.38421199e-01
  5.03867899e-01  6.93346591e-01 -4.11027055e-01  2.30614478e-01
 -6.84814657e-01 -9.80385762e-01 -9.63636931e-01 -6.71137930e-01
  1.00209421e+00  5.37301456e-02 -3.36637244e-01 -3.08184780e-01
  2.82116983e+00 -1.06553360e-01 -1.90581293e-01  4.95570807e-01
 -3.94008878e-01  7.12329759e-01 -1.86843536e+00 -1.11291310e+00
 -6.25907431e-01 -1.12292831e+00  7.25303279e-02 -4.34089416e-01
  1.74220725e+00 -9.09873278e-01 -6.49472526e-01  3.13048740e-02
 -1.47159077e+00 -9.57935653e-01  3.84906038e-01  3.15639327e-01
  4.50077094e-01  1.66494636e+00 -9.01843679e-02  5.79100744e-01
  1.20498632e+00  3.59780499e-01  5.91572327e-01 -2.31890048e+00
 -1.62239701e+00 -1.84553581e+00 -2.92461223e-01 -7.66629696e-01
 -4.84061523e-02 -6.97627753e-01 -7.19469948e-01 -8.49040284e-01
  8.73079056e-01 -4.90801516e-01 -1.18966658e-01 -1.03884396e+00
 -4.09759747e-01  1.28084185e-03  1.89719385e+00 -6.29917896e-01
  1.32650404e+00 -6.58039943e-01 -1.05310815e+00  2.93602961e-01
 -1.11468448e+00 -2.50922159e-01  8.06278406e-01 -1.57742601e+00
  4.95011436e-01  2.31745825e-01  2.44411119e-01  1.27780796e+00
  7.03665212e-01  6.14330058e-01  1.78139163e+00  6.87050821e-01
  1.01917405e+00 -1.71868428e-01 -2.78569100e-01 -1.60379055e-01
  7.95278234e-01  7.24217681e-01  1.00567761e+00  6.75058917e-01
  7.28443447e-01  8.36122164e-01  1.90427135e-01 -2.90668919e-01
  1.27195099e-01  2.40891948e+00 -3.06085468e-01  1.59298100e+00
 -1.64487826e+00  1.59702604e+00  8.73411520e-01  2.29629211e-01
 -7.59590723e-01  3.26674471e-01  2.31273095e-01  2.16318046e+00
 -2.83780975e-01  3.70297590e-01  9.02939682e-01  4.63022345e-01
 -3.53036224e-01 -8.87895014e-01  4.77223668e-01  5.06886435e-01
  1.45168877e+00  4.07544478e-01 -8.38535683e-01  8.82379280e-01
  1.90004071e+00  3.66838998e-01  6.88953684e-01 -7.54027781e-01
 -6.98803125e-01  9.29429034e-02 -8.15390468e-01 -9.99227026e-02
  1.55292966e+00 -2.37198246e-01  1.44755780e+00 -1.81285167e-01
  1.09060995e+00 -1.90999291e-01 -1.07175689e+00  1.35272429e+00
 -9.04599812e-01 -1.55212907e+00 -1.58852455e+00  2.33079269e+00
 -7.94117682e-01 -4.53695666e-01 -4.33909707e-01  5.03412838e-01
 -1.78596700e+00  4.21507204e-01  1.86625760e+00  1.24491819e+00
 -1.74294522e+00 -1.15786119e+00 -1.43473348e-01 -1.31477534e+00
 -2.75108245e-01  1.18261160e+00 -1.19451087e+00  6.45157716e-01
 -4.78803712e-01  1.33303071e+00  8.12868415e-01 -6.27167823e-01
 -9.39562904e-01  4.91621581e-01  3.34172501e-02 -1.09087243e+00
  3.27773617e-01  1.06987667e+00 -1.62093149e+00 -8.71257791e-01
  1.81485052e-02 -8.53139804e-01 -7.98452449e-02 -7.49914801e-01
  1.51827017e+00  1.33573787e+00 -9.81577503e-01  6.03283063e-01
  4.63337942e-01 -1.22042602e+00 -4.88840974e-01 -5.05764184e-02
  8.11401191e-01 -1.33010402e+00 -2.39523272e-02  4.00281125e-01
 -5.45452110e-01  8.15717685e-01  7.16265817e-01 -5.46491629e-01
  3.31666984e-02 -7.51158372e-01  2.44438511e-01  1.96034270e+00
  3.30859976e-01  1.19896773e+00 -5.54106260e-01 -2.62897139e-01
 -1.81282252e-01  1.73474132e+00 -2.90549096e-01  4.44728851e-02
  1.38912256e+00 -8.19003683e-01  7.10734543e-01 -7.35155167e-01
  8.99118137e-01 -1.22132160e+00  1.20648694e-01 -8.47144032e-01
  6.15768349e-02  1.02343059e+00  1.83113939e+00  2.21426899e+00
  4.01850392e-01  6.50245111e-01  7.67976854e-01  2.82189618e-01
 -1.39717281e+00 -6.02777962e-01  1.68619217e+00  1.15757535e+00
  9.62543643e-01 -3.54708482e-01 -6.01501310e-02 -7.90879811e-01
 -2.69956013e-01 -2.30163592e-01  8.53476752e-01 -6.94102539e-01
 -8.46260663e-01 -3.67599731e-01 -8.24204157e-01 -7.85380961e-01
 -1.11352462e-01 -3.38270766e-02  5.90834770e-01  2.48404358e-01
  4.23912216e-02 -1.13925208e-01  7.55305639e-01  2.54305005e-01
  1.08884460e-01 -7.76165533e-01  7.94612483e-01 -1.93568655e+00
 -7.18973579e-01  8.46914807e-01 -6.27977812e-01 -1.77425249e+00
 -5.92349051e-02  5.27911630e-02  5.45789730e-01  1.21443205e-01
  8.05968401e-01 -7.39514624e-02 -1.00127509e+00  1.17887484e+00
 -1.00307168e+00  5.82646160e-02 -1.15523758e+00 -5.19678389e-01
  3.03059152e+00  4.81100003e-01 -8.19637810e-01 -1.68876219e+00
  2.39518749e-02 -1.14342694e-02  4.03412155e-01  5.43237167e-01
  4.00895003e-01 -6.99201202e-02  3.40857925e-01  1.57794752e-01
  8.22370923e-01  5.15202808e-01 -1.06656360e+00  4.71054659e-01
 -9.01281578e-01 -3.01689193e-01 -1.20797765e+00 -4.52844671e-01
 -4.18719824e-01  5.02017866e-01  2.37590045e+00 -2.44600807e-01
 -2.00901241e+00 -9.17619427e-01  2.55145750e-01  1.95101921e-01
 -6.77698701e-02 -1.20066955e+00  1.40447794e+00 -1.26415260e+00
 -1.64862374e+00  3.77340022e-02 -2.64712138e+00  1.26372537e-01
  5.95246139e-01  2.19823070e-01  7.96756858e-01  1.10844168e+00
  6.03184612e-01  3.57424812e-01 -3.69366074e-01 -1.04496438e+00
 -4.68350865e-01 -2.41024842e-01 -8.04744396e-01 -5.43805383e-01
 -6.14875729e-01 -7.07885914e-01  7.33555306e-01  1.52333271e-01
 -2.41465954e-01  1.43894489e+00  2.89878707e-01 -1.77807816e+00
  4.13712085e-01  4.27166819e-01 -1.57334170e+00  3.34048834e-01
 -2.41853311e-01  1.73479932e+00 -3.94275593e-02 -6.65387241e-01
 -7.45483661e-01  1.90311744e+00  3.76959422e-01 -2.84642985e-01
  8.82969062e-01  2.71023307e-01  3.00283083e-01 -4.10164738e-01
  4.83495686e-01 -1.46021384e-02  3.84596152e-02 -1.24142370e+00
  3.64922955e-01 -2.45646762e-01  7.99273200e-01  4.31372548e-01
 -1.61334040e+00 -4.68458483e-02 -4.41107194e-01  1.42758959e+00
 -5.79042528e-01  1.11464790e+00 -4.24667475e-01  1.72225267e+00
  1.68477650e+00 -1.41278809e-01  2.06488156e+00 -6.87926193e-01
  2.67829359e-02  2.83895643e-01 -3.81705154e-01 -1.32427548e+00
 -1.08239762e+00  1.18758899e-01  3.78247298e-01  1.35205582e-01