 2.05337977e-01  7.22361876e-01 -1.74733654e+00 -1.10224489e+00
 -5.69263520e-01  1.01324227e+00  3.95330429e-01  4.61573507e-01
 -2.51032891e-01 -2.21693111e-01 -1.19278572e+00  5.76788295e-01
  5.35146705e-01 -6.84054990e-01 -7.78136590e-01 -8.63362914e-01
 -3.38161077e-01 -3.02374318e-01 -1.22897947e+00  1.41561673e+00
  1.59074461e+00  6.68145986e-01  8.93020439e-01 -4.17570059e-01
  7.72154311e-01  7.80596975e-01 -4.60043184e-01 -1.33949240e+00
  1.02541296e-01  9.13666240e-01 -9.47983880e-01 -4.12815871e-01
 -1.31129043e+00 -1.30576602e+00  3.51657349e-01  1.05377514e+00
  8.74517999e-01 -2.80502617e-01 -7.71249025e-01 -4.84975200e-01
  2.56875844e+00 -1.08074120e+00  1.90759599e+00 -4.76196579e-01
 -1.30096782e+00 -1.10798588e+00 -1.57552210e+00 -2.35584602e-01
  1.84445213e-01  1.67909856e+00 -7.22218221e-01  1.33951905e-01
  8.11564343e-01 -3.85936111e-01  4.08982115e-01  1.08272740e+00
  1.71870769e+00  1.22590207e+00  6.47050254e-01 -3.61060522e-01
  5.90176593e-01  1.44973991e+00 -2.27480430e+00 -7.72300309e-01
 -9.01886632e-01  1.47663328e+00  1.10298521e-01 -1.45261320e+00
  1.41272377e-01  3.24863984e-01  6.67512056e-01  1.01308608e-01
 -1.37721909e-01 -6.72312522e-01  1.28267155e+00  5.47638865e-01
 -1.15754935e+00 -2.16725393e-01 -4.15956170e-01  1.33417787e+00
  7.85910861e-01  1.49962254e+00  9.61306392e-01 -3.79117346e-01
  1.87006750e+00 -2.23672027e-01  1.59442887e+00 -1.82571123e+00
  3.46553810e-01 -7.44223208e-01  1.80735613e+00  2.97893369e+00
  2.05207203e-01  1.04227050e+00  6.35391467e-01  1.32729870e-01
 -1.46330226e+00 -1.56249042e+00 -8.43849050e-01  1.41630107e+00
  1.08692237e+00  2.96933663e-01  3.66406672e-01  1.81504357e+00
 -1.40524571e+00 -7.48596685e-01  5.14361407e-01  1.11506776e+00
 -2.05546669e+00 -7.08790014e-01 -1.02497069e-01  2.91699354e-01
 -2.22954698e+00 -2.61340446e-01 -5.21835948e-01  4.21179150e-01
 -4.38337343e-01 -2.02365795e-01  1.21131124e+00  6.71124441e-01
 -2.45507900e-01 -1.62425506e+00 -1.02227354e+00 -7.72201530e-01
 -4.40645525e-01  1.74630422e+00  1.89567773e+00  5.34709059e-01
 -2.11010766e+00  1.14273348e-01 -7.45258689e-01 -1.23261231e-01
  2.60028540e-01 -1.01100477e+00  3.13118967e-01  1.04248033e+00
 -1.44142644e+00 -7.37648043e-01 -1.65690090e-01  4.10881896e-04
 -2.81224508e-01  1.06504956e+00  3.82143530e-01 -2.12508043e-01
  1.99498017e-01 -3.48024391e-01 -2.40763472e+00 -1.90057706e+00
  7.53187241e-01 -1.74881873e-01  5.94716989e-01 -7.59672490e-01
 -1.58846591e+00  1.70813712e+00 -5.74936668e-01  2.83785363e-01
 -5.63827833e-01  8.90291454e-01 -3.02872068e-01  9.25022791e-02
 -8.61518846e-01  5.84608343e-01 -1.67424191e-01  8.15073807e-01
  1.50543044e+00 -6.41957681e-01  1.69851931e+00 -4.61910522e-01
  6.03734464e-01 -1.17158812e-02 -1.35680978e+00 -4.78835097e-01
 -6.70602363e-01  1.79454300e+00 -4.41320852e-01 -6.99424817e-01
  7.78543970e-01 -1.60851178e+00 -1.21237209e-01  5.24945748e-01
  7.61662444e-02 -8.95208045e-01  3.97937653e-01 -1.69436537e+00
 -6.79255064e-01 -1.18041523e-01  1.07650586e-01 -1.98126332e-01
  5.28281357e-01  4.06413217e-01 -1.05666258e+00 -1.07172764e+00
 -1.95570464e+00  5.82658129e-01  9.00635839e-01 -1.79148236e-01
  2.70777973e-01  2.66403052e-01  9.80119610e-01  2.22833466e-02
 -2.47980942e-01  4.44383307e-01 -4.48636932e-01  6.43504485e-01
  1.37634548e-01 -1.50255045e-01 -8.49008951e-01 -1.72486684e+00
 -8.77216396e-01 -1.08292756e+00  3.10071882e-01  3.22069073e-01
  1.96388588e+00 -8.61960482e-01 -1.65686256e+00 -4.55914330e-01
 -4.69640097e-01  1.68478829e+00 -3.37473372e-01 -3.02118404e+00
  5.17149276e-01  3.39218709e-01  7.27146715e-01  3.72921844e-01
 -1.03069887e+00  5.74229925e-01  2.62182951e-01 -5.41614597e-01
  4.41071719e-01  1.34896130e-01  4.84814785e-01 -1.98210107e-01
  1.68806779e+00 -2.55851961e-01 -1.04284678e+00 -1.74256001e+00
  9.58009454e-01  2.07931952e-01 -1.47420681e+00 -8.93064212e-01
 -2.87363665e-01 -1.65230570e+00 -7.75735236e-02  4.42686567e-01
 -1.44878313e+00  3.78748571e-01  8.64313200e-01 -2.16599360e-01
 -9.54085274e-01 -5.27300917e-01  7.08592832e-01 -9.09355708e-01
 -2.11827945e+00 -6.34682287e-01 -4.22459200e-01  1.64366710e+00
  1.98473372e+00  1.03623585e+00 -4.34168934e-01 -5.82128317e-01
  3.51840899e-01  4.51528148e-01  1.58341078e-01 -2.99351931e-04
  1.03921781e-01  6.80424038e-01 -7.83643909e-01 -2.06222846e-01
 -8.07011047e-01  6.82711155e-01 -1.37645355e+00  1.93293911e+00
 -2.02363122e+00 -8.55600322e-01  9.39330029e-01  2.08390362e-01
  4.52522154e-01  4.16933430e-01 -9.76075250e-01  1.35909959e+00
 -2.98776235e-01 -1.07527187e+00 -6.23791326e-01  1.29611620e-01
  4.94514368e-01  9.05921107e-01  3.46470207e-01  5.87132844e-01
  2.73814381e-01 -1.57247507e-01 -1.36551090e-01 -4.05495469e-01
 -3.38647122e-01  8.66482236e-02 -4.97809964e-01  5.55987496e-01
  1.13409377e+00 -2.35819929e-01 -2.81190418e-01 -2.39755446e+00
 -1.16817788e+00 -1.49926899e-01  5.77939896e-01 -3.21641956e-01
 -1.13820935e+00 -2.12981449e+00 -2.57319758e-01 -5.40341060e-01
  1.52616465e+00 -8.58511212e-01 -1.96825912e-01  1.04029627e+00
  1.28609189e+00 -7.61887582e-01  1.59588244e+00 -6.39872258e-01
  7.92728536e-01  1.80265465e+00  4.61671157e-01  5.99889306e-01
 -8.26026558e-02  3.58212676e-01 -1.91342676e+00 -6.89897766e-01
  6.16040411e-01  2.25164646e-01  2.12467814e+00 -8.25790666e-01
 -1.36964020e-01  1.04140125e+00 -5.77781883e-01 -5.72955882e-02
 -8.91546034e-02 -6.68725340e-01 -1.80733651e+00 -5.00698454e-01
  7.52274029e-02  1.31871384e+00  8.91015958e-01  4.63786153e-01
  7.87275830e-01  2.85174825e-01  5.42370567e-02 -1.29589269e+00
  1.32761106e+00  1.05102585e+00  1.07581789e+00 -5.50679114e-02
  5.00520328e-01 -3.70582521e+00 -1.35789996e+00  6.32644543e-01
  1.03232651e+00  5.10005510e-01 -1.32466002e+00 -4.90192226e-01
  2.50518902e+00  1.72841510e+00  3.72899929e-01 -1.00578348e+00
 -1.39397690e+00  5.96799763e-01  1.26613594e+00 -1.62645644e+00
  1.84417602e+00 -2.69762019e-02 -1.03913110e+00  1.21914501e+00
 -4.02459236e-01  6.97611157e-01 -1.79676362e-01  3.11574501e-02
 -8.30134355e-01 -3.84162780e-01  1.43312251e+00  2.58330925e-01
  8.10485661e-01  1.46415800e+00  1.03163450e+00 -3.68885767e-02
  4.90147969e-01 -5.20420249e-01  2.19602456e+00  6.82368158e-01
  1.76371046e+00 -8.03928991e-01 -8.82903340e-02 -5.65974177e-01
 -1.31368416e+00 -4.55792189e-01 -1.03987747e+00  7.00093455e-01
  1.26214633e-01  1.47332577e-01  7.70187110e-01 -1.58966424e-01
 -1.38963704e+00 -2.06637853e-01  4.29276058e-01 -5.32768649e-01
  6.96364923e-01 -2.00737774e-01 -1.24197804e+00  4.74592211e-01
  1.46982717e-01  6.33079431e-01 -8.90923776e-01  8.79552482e-02
 -5.04531929e-01 -1.59391937e-01 -1.34288188e-01  4.04409752e-01
 -1.45568700e-01  1.23389668e-01 -1.30139713e+00  3.81854297e-01
 -7.60098969e-01  1.04964570e+00  7.58527548e-01  1.25786301e+00
  4.26579399e-01  1.30920835e-01  1.66208156e+00  1.07787426e+00
 -9.54471104e-01  1.41015013e+00  5.06456866e-02 -3.26265476e-01
 -1.05772547e+00  2.39119011e+00 -9.50334507e-01 -1.20653180e+00
  2.76126140e-01  1.31341407e-01  5.22604507e-01  2.08588903e+00
 -1.30612331e+00 -9.30613834e-01  8.93101752e-01 -8.42881826e-01
  5.32764205e-03 -1.67008976e+00  7.33107090e-01  1.02628596e+00
  2.22295945e+00  9.19099902e-01 -1.41978935e+00 -4.19544315e-01
 -6.86752200e-01  5.77068466e-02 -5.26268111e-01  1.67912028e-01
  4.20389374e-01  1.32472698e+00  6.17719234e-02 -5.81768290e-01
 -3.32884380e-01 -3.74649689e-01  7.27388314e-01  1.56843684e+00
  3.13983060e-01  3.86990268e-01  2.79243584e+00 -1.47982774e-01
  2.22720434e-01 -8.90589589e-01 -6.44719853e-02  1.24562656e+00
 -3.31515915e-01  3.21424717e-01 -1.26457577e+00  1.89058710e+00
  1.50950687e+00  6.97407715e-02 -1.24922424e+00  1.31631726e-01
 -1.75468916e-01 -7.41675337e-01  2.81545336e-01 -4.90182312e-01
 -1.21406174e+00 -3.40821346e-01  1.32293050e+00  9.00646723e-01
  8.39536144e-02  8.83159174e-01  3.21093290e-01  1.12946725e+00
  2.23080705e+00 -3.18454603e-01 -4.04858460e-01  1.13245974e+00
  2.44484961e-01 -8.37127372e-01  1.21042923e+00 -6.44453156e-02
 -4.84663004e-01  7.02376144e-01  1.17156566e+00 -1.75004052e+00
 -3.36234113e-01  3.97394955e-01 -4.35486295e-02  1.16953071e+00
  1.06030631e+00  7.46389727e-01 -1.78753204e-01  3.31314651e-02
 -3.87496684e-01  1.61833887e+00 -8.24423841e-01 -1.55466154e+00
 -2.77496723e-02  8.06732058e-01 -1.43239786e+00 -1.24917532e+00
 -5.91741682e-01 -3.40100903e+00 -1.51821362e+00  1.92868028e-01
 -1.30129903e+00 -9.09992602e-01 -1.13506185e+00 -1.34778483e+00
  5.06590869e-01  1.42839714e-01 -2.50826827e-01  1.72840598e-02
 -1.02704237e-01  1.04932872e+00  9.50033623e-01 -2.04206436e-01
  1.26430793e+00 -1.28795144e+00 -7.89497799e-01 -2.37667186e-01
 -1.04986511e+00  1.22466150e+00 -1.17551714e+00 -5.83200921e-01
 -8.51359495e-01  3.25204602e-01  8.85135108e-01  2.17326260e-01
  3.72869292e-01 -4.39058567e-01  3.95276240e-01 -1.44898137e+00
 -1.38524272e+00  2.72033055e-01 -1.01205165e+00 -1.49865587e+00
 -1.06214655e+00  8.25224528e-01  1.23263968e+00 -5.86726211e-01
  6.56735967e-01 -1.45209272e+00  3.63453479e-01 -1.19394197e-01
  1.66827408e+00 -1.08173956e+00  3.98490064e-01 -1.90428123e-01
  2.61310725e-01 -1.56046952e+00  5.78665429e-01  7.50684606e-02
 -9.84525368e-01 -2.37660566e+00 -2.18968105e+00 -2.03189129e-03
 -3.65883226e-02  5.83415063e-01  1.38504181e+00  2.36098409e-01
  2.83693139e-01 -1.58450292e-01 -1.01478975e+00  2.37953014e-01
 -9.95078192e-01 -3.16065644e-01 -5.11199427e-01 -2.04757528e-01
  3.44186043e-01  1.59008267e+00 -2.82000465e-01 -4.38014013e-01
  1.59149641e+00  2.66436543e-01 -1.43715568e+00 -2.42524698e-01
  9.90595300e-01  2.66258855e-01 -2.50490115e-02 -4.27312544e-01
 -1.09551799e+00 -3.88731340e-01  2.28996690e-02  9.66629605e-01
 -7.45236485e-01 -1.49109234e-01  7.77764821e-01  7.03238454e-01
  1.17306284e+00  9.38036865e-01 -1.24106871e-01  4.51965873e-01
  1.30475093e+00  7.92003113e-01  4.82931848e-02 -7.08616234e-01
 -6.62291495e-01 -4.80806321e-01  2.39904203e+00  9.15626442e-01
  8.97126097e-01 -2.33787368e-01  1.56842837e+00 -1.44043502e+00
  3.66117407e-01 -6.86024625e-01 -1.82580527e+00  1.30663463e+00
 -1.16321102e-01 -4.97013228e-01 -5.25724959e-02  8.05046609e-02
 -3.57386594e-01 -5.08003763e-02  2.82144713e-01  2.26163424e-01
  8.19870905e-01  7.16340200e-01 -6.72486692e-01  3.94420331e-02
  2.07096436e+00 -1.50539477e+00 -5.38849688e-01  9.15192999e-01
  3.20047149e-01 -4.34907887e-01  7.92497336e-01  4.46780133e-01
  6.56803563e-02 -1.31263011e+00  9.44050865e-02 -8.13965138e-01
  7.76537179e-02 -4.32533305e-01 -2.03928668e+00 -3.33130723e-01
 -1.10335484e+00 -5.65481816e-01 -7.38382266e-01  3.69554477e-01
  1.52446617e+00 -1.35021732e+00  2.49046379e-01 -4.02052366e-01
 -1.58691495e+00 -6.15950755e-01 -1.05316192e-01 -1.74519365e-01
  5.07282495e-02 -5.54616378e-01  1.05908928e+00  1.71647864e+00
  5.35905062e-02  1.54364908e+00 -6.43388250e-02 -5.92952865e-01
 -8.39737394e-01 -2.92765633e-01 -1.50593806e+00  1.59541282e+00
 -1.37828038e-01 -2.22661043e-01 -6.98711511e-01  3.09118997e+00
 -1.24474007e+00 -6.89144506e-01  8.39054119e-01 -1.05106431e+00
  2.21537569e-01 -1.33552456e+00  1.99454989e-01  9.46824577e-01
  1.19734603e+00 -1.28069870e+00  6.86789982e-01  2.08186123e-01
  1.12042251e+00  4.29540460e-01 -4.65147633e-01 -9.39287045e-01
  9.20898286e-01  1.23338000e+00 -5.21889580e-01  2.26575776e+00
  6.25820984e-01 -1.32707521e+00  6.66738610e-01  9.46590885e-01
 -3.15510799e-01 -5.60484199e-01  1.25724504e+00  5.20264430e-01
  7.56112515e-01  1.07160289e+00  1.39342574e-01  8.34618169e-02
  7.40643999e-01  1.97134103e+00  4.29195086e-01 -1.27787465e+00
 -5.23756101e-01  7.37546417e-02  7.50819800e-02  8.74611488e-01
  1.85404763e+00  5.78633535e-01  1.03477438e+00  1.61742835e-01
  9.76741996e-01 -4.43487574e-01  4.16355605e-01 -8.03737242e-01
 -2.76126861e+00  3.03341015e+00 -2.86872596e-01 -3.58137202e-01
  1.36793173e+00  1.14634401e-01  4.60818044e-01  1.10210017e+00
  2.31529478e-01  2.31089109e-01 -2.55775343e-01 -6.44344722e-02
 -1.03546970e+00 -1.99440641e+00 -1.61714155e+00  2.37611639e+00
 -6.11781416e-01  8.55355688e-01  9.66177804e-01 -1.75930344e-01
 -7.29031131e-01 -6.07897346e-01  4.60031474e-01  6.72635461e-01
  1.22410782e+00 -2.50104642e-02 -1.21061400e+00  2.32203806e-01
 -9.23314784e-01  2.00445301e-01 -9.62851007e-01 -8.98544350e-01
  1.40059337e+00  7.31492029e-01  2.42714131e-01 -4.48603209e-01
  4.37922850e-01  1.20043476e+00  7.83903764e-02 -6.15393140e-01
 -1.80770975e+00 -7.58549248e-01  2.21259285e+00  5.81709105e-01
  9.36219632e-01 -2.34668899e-01 -2.13603175e+00 -1.12660365e-01
 -1.53659579e+00 -8.16374764e-01  1.92983522e+00  4.56419842e-01
  5.42575752e-01  4.73673516e-01 -1.83702288e-01  4.23877360e-01
 -2.26505662e-01 -1.12600629e-01  3.23138910e-01  2.57943477e+00
 -2.01507603e+00  5.21760482e-01 -7.47610283e-01 -7.94330349e-01
  1.84275700e+00 -1.92452790e+00  1.03316509e+00  7.10455574e-01
  2.10938467e+00  6.05066209e-01  1.23975702e-01  1.26826556e+00
  5.67597248e-03 -4.89154092e-01 -1.04359199e+00  1.43213832e+00
  4.29252342e-01 -1.53719649e+00 -1.54707885e+00  1.51280248e+00
  2.42046823e+00 -2.61924303e-01 -1.28866512e+00  3.28195834e-01
  3.53483118e-01  5.09967419e-01  2.12614980e-01 -7.78425965e-01
 -3.80203233e-01 -2.02874993e+00 -8.36010633e-01  2.00515391e+00
  1.57973269e+00  1.14878414e+00  2.90517599e-01 -6.51759516e-01
 -4.12859893e-01  1.50741570e+00  1.96149210e+00 -1.18151417e+00
 -1.16324386e+00  1.15361051e+00 -8.22976093e-01  7.31970883e-01
  2.49201823e-01  6.60897705e-01 -1.22779205e+00 -3.70994240e-01
  6.14767308e-03 -6.32109289e-01 -3.99263057e-01  7.70267876e-01
 -1.37166305e+00 -1.42939850e-01  1.79798408e-01 -3.96749266e-01
 -2.57693524e-01 -1.59808942e+00  1.65818500e+00  9.97029919e-01
 -9.48648318e-01 -2.96132494e-02 -2.53794898e-01 -9.48818785e-01
 -6.08048222e-02 -1.34576975e+00 -1.25501658e+00  1.59313130e+00
 -9.32506528e-01 -8.09240025e-01  8.40822473e-01  2.21876707e-01
 -1.71224985e+00 -2.30659627e-01 -1.38907956e-01  1.08719608e+00
 -3.60820664e-01  3.00807835e-03  6.09073392e-01  8.98087070e-01
  1.60320747e+00 -2.02085330e+00  1.59535047e-02  1.56314842e+00
  1.63590283e+00  5.86197313e-01  1.22102508e+00  1.16487343e+00
  1.94871599e-02  9.69085867e-01  1.24969575e+00 -6.36737440e-01
  2.69861847e-01 -3.07735767e-01  7.13099165e-01  1.10121591e+00
 -1.19876395e-01  8.88628611e-01  1.00517073e-01  1.84051057e+00
 -2.39316032e-01 -7.37920466e-01 -1.66616380e-01 -1.52680125e-02
 -6.06697729e-01  7.50532733e-01  2.78015625e-01  2.32624668e-01
 -3.47864909e-01  1.06165140e-01  3.88890083e-01  9.46480926e-01
 -1.37180061e-01  7.36437206e-01 -8.40983714e-01  2.02828570e-01
 -5.12598128e-01 -1.52378003e+00 -1.43698961e+00 -7.09215679e-01
 -2.46656153e-01  6.88914242e-01  8.62401574e-01  4.74714432e-01
 -4.17875806e-01 -7.17267913e-01 -9.38237257e-01  9.53252870e-01
  2.31839893e+00 -1.19076500e+00 -1.45095112e+00 -7.58355849e-01
  6.45050261e-01  1.94626249e+00  3.17046765e-01  9.46871256e-01
  9.78750615e-01 -8.67098467e-01 -6.41763550e-01 -9.52517298e-01
 -6.86185625e-01 -4.33047455e-01  1.17706577e+00  5.33385694e-01
 -1.06972160e+00  9.91040688e-01  7.67310541e-01 -1.32217242e-01
  1.49940968e+00  3.60341287e-01 -2.08742019e-02  2.22366483e+00
 -6.69852180e-01  8.88840765e-01  3.89292454e-02 -3.66028335e-01
  1.17194177e-01 -8.89896844e-01  8.91592275e-01  1.62211071e+00
  4.24491059e-02 -2.18615707e-01 -4.78000473e-01 -9.54179545e-02
  8.60205121e-01  1.47882960e+00 -8.24402874e-01  3.75366422e-01
 -7.14604049e-01 -1.97349143e+00  1.24193061e+00 -2.87619468e-01
 -1.16298878e-01 -2.46787348e-01  4.71908013e-01 -1.30205099e-01
  1.29422083e-01  2.30662087e-01  1.20637133e+00 -3.18614583e-01
 -1.14884240e+00 -1.26823698e+00  1.63766919e+00 -9.99055298e-01
  2.15541936e-01 -9.98972181e-01  5.20785452e-01  1.29477669e+00
 -1.15204199e+00 -2.90550288e-02 -2.43831117e-01  1.20147738e-01
 -5.07584652e-01 -1.31813532e+00  6.97670030e-01 -2.07755926e-01
 -1.33892012e-01  2.30574272e-01  7.93777736e-02 -4.86486716e-01
 -3.42283446e-01 -1.58101674e-01 -4.06675101e-02  1.18146788e+00
  7.44347826e-01  1.36957852e+00 -6.09317363e-01  6.95399854e-01
 -1.11817351e+00  2.76734153e-01 -1.57620982e-01  1.13711089e+00