 3.37682313e-01 -1.60899170e+00 -1.75146546e+00 -2.13221335e-01
  5.97764053e-01 -4.70315047e-01  6.43997200e-01 -2.89977940e-01
  3.65073965e-01  3.16732897e-01 -2.01625740e+00 -3.68489522e-01
 -1.61889493e+00 -1.63169920e-01 -1.10307351e+00  3.44295191e-01
  6.97982103e-01  9.24334729e-01 -1.02967069e+00  8.70204933e-01
  1.72859551e+00 -1.94213204e+00  2.31573207e+00  7.16897895e-01
  5.93805624e-01  1.98267739e+00  2.04856127e+00 -1.47577876e-01
  3.94362929e-01  2.26752862e-01  1.71026420e+00  1.11569970e+00
  4.73746126e-01 -1.49503744e+00  2.62929358e-01  2.19785221e+00
  9.48983086e-01 -2.04841717e-01 -1.57722855e+00 -6.04922483e-01
  2.40609427e-01  7.81797650e-01  1.59998497e+00  3.15805076e-01
  1.13808588e+00  1.55738323e+00 -1.07591634e+00  1.47934256e-01
  1.01051784e+00  9.31385412e-01  1.00118720e+00  7.67186468e-01
  3.46908881e-01 -1.70381781e+00 -4.68007470e-01 -1.89829619e+00
 -9.79912747e-01  1.51796156e-01  5.53689459e-01 -7.28616561e-01
 -8.33827847e-01  1.02042915e-01 -2.52402806e+00  1.77055383e+00
  1.25291083e+00 -1.88651589e+00 -6.81541278e-01 -6.24035338e-01
 -8.51684223e-01  1.80100114e+00  9.24333561e-02 -1.48640343e+00
  1.81791906e+00  5.05477648e-01  5.18427153e-01 -1.06311977e+00
  9.02470631e-01  6.16596916e-01  1.06038508e+00 -1.03987320e+00
  2.42221805e-01  6.80672413e-01  1.41746725e-01 -3.62921623e-01
 -8.95202769e-01  1.25098017e+00  1.01029937e+00  4.50273104e-01
 -2.20301024e-01 -5.29879260e-01  1.54829208e-01 -1.27115402e+00
 -1.02314926e+00  1.41888825e+00 -4.56185312e-01  7.71017783e-01
  1.50983865e-01 -2.12052762e-02  1.00094270e-01 -4.68163529e-01
 -1.31163542e+00 -2.67049152e-01 -7.30579255e-02 -2.01668731e-01
 -5.84763121e-01  9.30786489e-01  4.05454385e-01  3.91256042e-02
 -1.28765904e+00  8.77653417e-02 -3.42378034e-01  1.65101230e+00
  5.03915110e-01 -1.00564341e+00  6.43861327e-01  1.16636805e+00
  2.37927871e-01  1.74158417e+00 -8.96507025e-01  2.59731902e-01
  4.39300214e-01 -2.00984289e-01  2.28999072e-01 -1.54905510e+00
 -6.77403366e-01  1.50816060e+00 -1.87492374e-01  1.13548245e+00
 -1.51738432e+00 -8.86432055e-01  9.64364284e-01  2.85064528e-01
  9.13858730e-01 -4.07828249e-01  4.28564347e-01 -1.35851158e+00
  1.17329817e+00 -7.60401272e-01  6.87623232e-01  1.23642701e+00
 -1.72200495e+00  1.21512274e+00 -8.96107090e-01  2.66332937e-01
 -5.76561402e-01 -8.30878198e-01 -5.65796893e-01 -1.13590561e+00
  1.79137040e+00 -5.45300103e-01 -8.54178340e-01  5.87288817e-01
 -4.37467666e-01 -5.80224413e-01 -1.09000874e+00  4.01912774e-01
 -7.09714079e-02  3.19203774e-01 -4.95717783e-01 -3.13752248e-01
 -1.02241103e+00 -2.69807325e+00 -3.22472875e-01  9.82180998e-01
 -3.44580030e-01 -1.58827642e+00  5.79219412e-01 -4.11555796e-01
 -4.27260009e-01 -1.30479327e+00  2.33014288e+00 -1.74846014e+00
 -1.75078097e+00  1.23227919e+00  1.25039098e+00 -1.03856502e+00
 -1.94044013e+00 -7.29574861e-01 -6.35027977e-01  1.15649308e-01
 -5.79706935e-01  1.04400201e+00  1.81652516e+00 -8.96496454e-01
 -1.59766326e+00 -8.73798210e-01 -7.24298658e-02 -2.58792263e-01
 -1.64113324e+00  1.44055338e-01  1.91702307e-01 -1.03866469e+00
  3.10488239e-01 -7.04128811e-01  1.27636323e+00 -2.36994938e-01
  1.28779461e+00  2.41732222e-01  6.39064731e-01  9.51831916e-01
  4.39498858e-01  4.21746385e-01  9.98705489e-02  1.02518507e+00
  9.92705946e-01  7.02965329e-01 -5.50641058e-02 -9.43539249e-02
 -2.71135786e-01 -7.06041406e-01  1.86866259e-01 -5.08286200e-01
  1.40714254e+00  5.02134414e-01  4.79202381e-01 -5.01296021e-01
  2.93540619e-01  3.40061817e-01 -1.56515282e-01 -6.29047655e-01
  3.43698347e-02 -1.22515806e-02 -3.37430782e-01  2.92447914e+00
 -1.54553230e+00  1.09077056e+00 -2.92704085e-03 -4.56060171e-01
 -1.64920769e+00  2.74607848e-01  3.34741415e-01 -6.92443254e-01
  1.32608675e+00  2.10978872e+00  8.11471815e-01 -6.45115662e-01
  2.02384913e+00  1.19422586e+00  1.29218365e+00 -4.27630681e-01
  1.01149865e+00 -1.38513159e+00  5.06627480e-02 -6.01898095e-01
  7.49859307e-01 -8.13890180e-02  1.10348633e+00 -3.59659785e-01
  1.58432303e+00  2.01703054e+00 -5.11884480e-01  1.44858788e+00
  2.88220247e-02 -5.39277275e-01 -1.24103426e+00 -7.41785411e-01
 -3.41761998e-02  1.16353603e+00  8.01244274e-01 -2.65430487e-01
 -1.66940187e+00  6.88008920e-01  1.46472924e+00  6.94315772e-01
 -6.62121334e-01 -6.78774289e-01  5.50108014e-01 -5.65748994e-02
 -2.83786703e-01  3.92652983e-01 -9.83570168e-01  1.80372708e-01
 -1.28638688e+00  3.87561510e-01 -1.35309148e-01 -1.15114587e+00
 -1.46061487e+00  6.07050918e-01  4.79103707e-01 -1.23038819e+00
 -1.81066304e+00 -6.51715595e-01 -6.32843638e-01 -7.66777936e-01
 -1.16087485e+00 -1.08733453e+00  8.20690388e-01  5.67681673e-01
  2.21711842e-01 -1.16662840e-01 -5.23450524e-01  1.52560384e+00
  1.87975383e-01  4.37955082e-01  1.06040490e+00 -1.26040763e+00
  3.62716629e-01 -1.11188311e+00  1.68693661e+00  1.78633876e-01
 -4.63289820e-01  1.51022307e-01  6.30326154e-01  1.63296789e-01
 -6.00417701e-01 -2.24759667e+00 -1.02181438e+00 -9.82845044e-01
  1.53722265e+00  5.61806947e-01 -1.51595689e+00 -1.91659279e+00
 -5.04136120e-01 -8.52546383e-01  9.71793791e-01 -3.49943434e-01
  5.56948413e-01  1.10985820e+00  1.41380363e+00 -2.39968232e-01
  2.33749166e+00  1.40958391e+00 -5.11971195e-01  3.69737261e-01
 -3.81128479e-01 -2.24966789e-01 -1.56127894e+00 -1.98702057e+00
 -1.54174518e+00 -3.31131473e-01 -1.16377918e+00  9.84326288e-01
 -7.27500714e-01  2.88449198e-01  4.53921895e-01 -6.69037208e-01
 -1.15899129e+00  2.01543021e-01  1.36019010e+00 -7.80074187e-01
 -4.86346985e-02 -6.00726241e-01  1.91635206e+00 -1.57072339e+00
  2.97981631e-01 -3.18713381e-01  6.82729020e-02  1.75567209e-01
  4.44847355e-01 -2.10560046e+00 -2.01502153e+00 -2.91352419e-01
 -3.04222939e-03  7.21585510e-02 -1.37441852e+00  3.59017301e-01
  1.15320779e+00 -8.10824279e-04  2.12590357e-03  2.20319364e-01
  1.09227741e+00 -1.25665279e-01  2.78006496e+00 -3.26069469e-01
  8.27330864e-01  7.37632679e-01  1.43854572e+00  1.56922424e+00
 -9.79490059e-01  3.29470166e-01  2.20011669e-01  1.35256204e+00
 -1.81392505e+00  4.37923106e-01  9.51814613e-01  6.84422111e-01
  9.40973422e-01 -9.23606946e-01 -1.26460588e-02  5.66495566e-03
  2.45717503e-01 -2.47702618e+00 -5.65808841e-02 -1.32195820e-01
  8.24156648e-01  1.07585448e+00  1.61054265e+00 -8.94222675e-01
 -3.58510327e-01  6.97446487e-01  1.57413123e+00  1.30427013e-01
 -8.72674010e-01  1.16205797e+00  1.70544243e+00 -2.32605476e+00
 -1.44219739e-01  5.38135538e-01  9.03265152e-01  8.04613601e-01
  8.47875823e-01 -1.15982802e+00 -2.26375913e+00 -6.47564521e-01
  7.37894770e-01  7.84434291e-01  9.63537260e-02 -2.68710839e-01
  4.65375614e-01  8.52402439e-01 -5.93953067e-02 -1.98766977e-01
 -2.48863944e-01 -1.29976135e+00  5.10904712e-01 -2.12728466e-02
 -5.74618459e-01  6.74541085e-01  1.52061014e+00  1.08698083e+00
  2.16846980e-01 -9.90155657e-01 -6.78920405e-03 -7.47472359e-02
  9.89682488e-02 -2.03357537e-01  3.15983184e+00 -1.18816311e+00
 -4.50653055e-01 -9.35324563e-01  5.38639899e-01 -1.48384460e-01
 -4.54542692e-01 -4.04059607e-03  6.52205103e-01 -9.92034648e-01
  1.17420199e+00  1.27415980e-01  5.38927035e-01  2.55666854e-01
  7.85109990e-01 -2.66327397e-01 -1.10831168e+00  7.10275036e-01
  7.42818325e-01  5.63644985e-01 -7.22638198e-01  2.31885036e+00
 -1.37953101e+00  1.08663851e+00 -5.31723307e-01 -2.43708779e+00
  1.46408470e+00  1.21201887e-01 -1.25263348e+00 -1.70880595e+00
 -2.20955465e-01  4.89318249e-01  7.10699003e-01 -1.48476949e+00
  2.41765526e+00  9.91086171e-01  1.01834821e+00  4.62175543e-01
  5.41314123e-01  7.81994475e-01 -1.53231408e-01  7.93332837e-01
  3.32583024e-01  1.19776249e+00  1.09463510e+00  1.51517733e+00
 -2.28010327e+00 -1.82752866e-02 -3.86948015e-01  1.46970204e+00
 -1.13960098e-01 -6.51867349e-01 -5.41958663e-01  5.41816257e-01
  1.76326725e+00  9.96135100e-01 -2.46185652e-01  3.17514069e-01
 -3.07695089e-01 -4.99507365e-01 -1.01522790e+00  4.81145586e-01
 -1.18676724e-01  8.75655382e-01  1.79331744e+00 -2.69115583e-01
 -5.15000068e-01  6.23934957e-01 -9.98454869e-01 -1.82953310e+00
  3.79430160e-01  4.72039467e-01  1.10731790e+00  3.81403418e-01
  1.22018148e+00 -6.22793847e-01  2.62196439e+00  1.27650723e+00
 -6.47578440e-01  1.23521522e-01  1.73231935e+00  3.31491932e-01
  3.41363840e+00 -1.31199150e+00 -5.65773761e-01  1.27522599e+00
 -1.51089076e+00  2.19901997e+00  2.91167776e-01  4.60770197e-01
  1.02422952e+00 -1.30856279e+00  7.16376307e-01  1.10241101e+00
 -6.87901198e-01 -1.26641369e+00  1.48392077e-01 -3.89687795e-01
  5.82218913e-01 -1.22156686e+00  1.07731478e+00  3.69005808e-01
 -7.54697426e-01 -1.34229542e+00 -4.06852250e-01 -6.22356412e-01
 -8.00214645e-01  8.75723385e-01  1.74114757e+00 -5.57252801e-01
 -1.54093283e+00  3.10221527e-01 -6.18018582e-01  1.14488623e+00
  7.98031021e-01  2.54635328e+00 -2.04019288e+00 -5.75246841e-01
 -1.30817678e+00  5.47440274e-01 -6.97012467e-01  2.75429415e-01
 -3.50281153e-01 -9.38128884e-02 -1.43223440e+00  9.51200182e-02
 -6.13804004e-01  1.83626960e-01  2.70147029e-01 -1.05278663e+00
 -5.81789917e-01  9.21413120e-01 -1.09566264e-02 -1.95419093e-01
 -4.37648838e-01  1.03758672e+00  9.25217027e-01 -4.43473533e-01
  4.96356585e-01 -5.90434078e-01  6.48166622e-01  1.16126717e+00
 -2.12387526e+00 -9.26324470e-01  4.58225079e-02 -7.68888545e-01
  1.45623322e-01  6.62262646e-01 -1.20590953e+00 -2.64101105e+00
 -1.04996719e+00 -1.61089071e+00  1.58899411e+00 -6.75992375e-01
  2.87489613e-01 -1.69368120e+00  4.30346310e-01  9.95002187e-01
 -4.53472614e-01  7.20286809e-01 -3.18111573e-01  5.03884421e-01
 -4.91164477e-02 -1.10181485e-01 -1.28340405e+00 -2.51679490e-01
 -1.26376733e+00 -7.51653648e-01 -8.11596971e-01 -1.73694299e+00
 -7.55737952e-03 -1.79214611e-01 -1.51427509e+00  1.83093266e+00
 -3.82757414e-01  7.68005250e-01 -6.43396380e-02  1.14785223e-01
  1.90181983e-01 -1.15853054e+00 -1.00103817e+00  1.74750282e+00
 -4.78008572e-01 -2.42442333e-01  1.68150977e+00  5.96327735e-01
  9.63535127e-01  7.02954170e-01  1.05514153e+00 -1.29506326e+00
 -5.90142784e-01 -1.64494859e-01  5.49462741e-01 -5.40492236e-02
 -2.86016615e-01 -4.75035525e-01  1.09854786e+00 -3.41696148e-01
 -8.39032464e-01 -1.16552786e+00  1.10088202e+00  6.71901532e-01
 -6.27066493e-01 -1.09225709e-01  2.97609631e-01  4.27693674e-01
 -1.15064264e+00 -1.13908811e+00  1.04132421e+00  7.52535621e-01
  1.64734548e+00  5.28711019e-01  1.27866313e+00 -4.82134639e-02
 -1.91647579e+00 -7.66887758e-01 -1.11588098e+00 -6.18402918e-01
 -7.43193078e-01  1.65467849e+00 -5.44266218e-01  5.75945561e-01
 -2.27778206e-01  1.38927173e+00 -2.05517868e+00 -1.82874543e-01
 -2.31299335e+00  5.38353635e-01 -1.77609442e+00  2.75613783e+00
 -3.43244436e-01  8.65348579e-01 -1.01160550e+00  2.62314217e-01
 -6.69933192e-01 -7.61974587e-01  9.62250208e-01 -2.33308865e-01
  1.23958333e+00 -1.48390156e+00 -1.96650389e+00  8.47351396e-01
 -3.24155346e-01  9.08069500e-01  3.54770200e-01  9.10210436e-01
  5.65959456e-01  1.77768549e+00  2.75984747e-01  1.59710950e+00
  2.18538795e+00 -9.19505471e-01  5.99586909e-03  1.27386908e-01
  2.84697865e-01  7.32977060e-01 -1.41876767e+00 -1.49387141e+00
 -8.63639651e-01  1.76236784e+00 -1.02429742e+00  1.24501075e+00
  3.00733422e-01 -1.52509528e+00  3.31481362e-01 -9.26743035e-01
 -2.29087257e-01  9.00177979e-01 -1.40273618e-02  4.94178040e-01
  3.79961585e-01  6.88087850e-01 -3.34787274e-01  3.39334190e-03
  1.47296235e+00  9.02570049e-01 -8.65595781e-01 -1.24092766e+00
 -4.66840217e-01  1.15322966e-01  9.78586617e-01 -1.59556065e+00
 -1.46634226e+00 -5.01810108e-01 -9.72749378e-02  4.27871289e-01
  1.18558568e+00 -7.71982523e-01  2.63519929e-01 -4.56335571e-02
  2.63929870e-01  3.80681856e-01  9.52917861e-01  1.01668866e+00
  1.05239544e+00  1.70873532e+00  1.21802397e+00 -9.53659090e-03
 -2.76596525e+00 -1.63527430e+00 -1.61666411e-01 -1.93578417e+00
  1.49878587e+00  1.17143669e+00  1.97487703e-01 -8.07159306e-01
 -1.71442384e+00  6.37776253e-01  2.29867997e+00  9.09636128e-01
 -1.06986522e+00 -4.94073092e-01 -4.76139879e-01  1.39216874e+00
  2.52140976e+00  5.34976483e-01  1.00728565e-01  6.75433947e-01
 -1.39714185e-01  8.64602287e-01 -6.81975861e-01  9.41488901e-01
 -1.25392154e+00  1.07356277e+00 -1.04657399e+00  5.33651191e-01
  2.09801623e+00 -1.53459869e+00  4.60216235e-01 -5.56358176e-01
  1.69207077e-01 -7.77472272e-01 -1.41184724e+00  5.58080654e-01
 -1.90361550e+00  1.08935483e+00  1.20655942e-01 -1.02391610e-01
 -6.65989174e-01 -2.09005985e-02  9.04985100e-01 -7.25049259e-01
  4.41314408e-01  1.45112155e+00 -4.13659365e-01 -7.15065027e-01
  1.05639237e+00  4.21680072e-02 -5.47803491e-01 -2.24897259e-01
 -9.25318888e-01 -4.14041897e-01  1.41539103e-02 -7.52531202e-01
  1.03781540e+00  5.64754409e-02 -3.06768431e-01 -3.14880877e-01
 -4.85644304e-01  2.91040457e-01 -2.64953310e+00 -5.41802125e-01
 -2.81630407e-01 -1.61032163e-01 -8.40639675e-02  3.15301766e-01
  3.86343639e-02  2.10108875e-01  6.86592804e-02  1.08542720e+00
  2.88250419e-01 -3.90306285e-01  4.31568759e-02 -1.11039023e+00
 -6.30668857e-01 -1.82010952e-01  1.47763911e+00 -4.33814473e-01
 -7.52863956e-01 -3.80318001e-01  2.32367911e-02 -6.95946232e-01
 -9.12806073e-02 -1.42624862e-01  1.55132272e+00  1.91468469e+00
  4.04947667e-01 -6.90183514e-01  3.08527740e-02  3.51902622e-01
  9.32131888e-02 -2.33266280e-01 -1.08373390e+00  1.14043890e+00
  6.95167901e-02 -5.05242414e-01 -1.15241234e+00 -1.53121514e+00
 -1.61176238e+00 -1.48596911e+00 -1.50958152e+00  5.37152135e-01
 -5.01257761e-01 -2.60466663e-01 -1.86064261e+00  5.63685825e-01
  1.61360070e+00 -3.55588901e-01 -6.01316174e-01  5.24256423e-01
  3.25920619e-01  1.56638692e+00 -2.24545012e-01 -2.34637514e-01
  3.73194329e-01  4.25665012e-02 -1.32833666e+00  1.82217216e+00
 -1.73495147e+00  6.44059321e-02  9.93709178e-01  1.59843926e+00
 -5.23513075e-01  3.85910658e-01 -2.20159024e-02 -5.15457303e-01
  2.17348949e-01  8.35744020e-01  2.79475967e-01 -8.16814091e-01
  1.51511224e+00  1.55151641e+00 -1.28107087e+00  3.61857456e-01
 -9.88036259e-01  9.13218746e-01 -6.67540582e-01 -5.15655985e-02
 -2.50762023e-01  2.30873465e-01  7.85825454e-01  1.54156947e+00
  1.04990089e+00  1.65621692e-01  1.16612213e+00 -2.41922261e-01
 -1.70636912e+00 -1.62212061e-01  5.88225259e-01  1.11139926e+00
  6.51928615e-01 -1.43661634e+00 -2.10894131e-01 -1.42338613e+00
 -2.73595926e-01 -1.01034088e+00  5.32084040e-02  4.08223715e-01
  4.60757999e-02  4.83587676e-02  8.24346776e-01  2.20591056e-01
  1.46353388e-01  3.39127568e-01  1.66322962e+00  5.14250991e-01
 -8.61127951e-02 -1.02696624e+00  1.40422696e+00 -2.10745939e+00
  1.39184429e+00 -3.28455876e-01  1.14587777e-01  1.72874123e+00
 -2.22939589e-01  1.05757511e+00  9.18407759e-01  1.36944553e+00
 -3.65420347e-01  1.30343818e+00  6.41200417e-01 -1.31896867e-01
 -1.82214475e-01 -1.32192399e+00 -6.87525261e-01 -3.26529208e-01
  1.49035847e-01  3.19471806e-01  4.29719947e-01 -1.09771330e+00
  1.06062762e-01 -1.38309034e-01 -1.09815084e+00  1.25080319e+00
  1.88592798e-01  7.65726103e-01 -1.34245193e-01  9.40196651e-01
 -6.24093736e-01 -1.76295616e+00  9.43367044e-01  3.48704106e-02
 -1.05771123e+00 -7.09929771e-01 -4.44533504e-01  7.37881525e-01
  1.81931606e+00 -2.46228854e-01  1.38233857e+00 -1.14048378e+00
  2.69506555e+00 -5.48966183e-01  1.10447985e+00  4.83013631e-01
  7.60792252e-01 -1.57863635e-01  6.69956830e-01 -1.09350917e+00
 -9.39130900e-01  1.15447486e-01 -1.01770375e+00  2.68407632e-01
 -2.42514552e-01  1.15528416e+00 -1.60780341e+00 -4.71133653e-01
 -4.41477810e-01 -7.35261318e-01  1.30000307e+00  9.03927707e-01
 -3.12782759e-01  1.15253737e+00  1.64800694e-01 -1.75992892e-01
 -1.19493989e-01 -4.05794580e-01  2.87955701e-01 -1.01276265e+00
 -2.13366484e+00 -1.84887636e-01  1.13479712e+00 -2.78881292e-01
  7.37203322e-02  1.32956312e+00  7.98409921e-01 -1.92464294e+00
 -1.78816623e+00 -2.13379291e-01  4.97237789e-02 -9.85794758e-01
  3.44961227e-02 -6.99317133e-01  1.27427445e-01  1.23515845e-01
 -2.41820169e-01  4.26576046e-01 -7.59825184e-02 -3.00606443e+00
  1.48952480e-01 -2.15116197e+00 -6.15602282e-02 -1.62119538e+00
  6.90656948e-02 -3.77832804e-01  7.89048320e-01 -2.27148096e-01
 -2.09495233e-01  2.02768582e-01 -6.44458473e-01 -3.37186298e-01
 -2.40541392e-02 -1.10789570e+00 -4.71828804e-01  1.38103730e+00