 1.19413850e+00  1.47807848e+00 -1.33962977e+00 -6.29528213e-01
  2.11078956e+00 -3.92697430e-01  8.30501277e-01 -6.37182297e-01
  1.18039584e+00  4.66316102e-01  3.73255216e-02  6.72058727e-01
 -2.13930232e+00 -1.08729974e-01  1.41111236e+00  4.64102973e-01
  9.65797891e-02  2.10573573e-01 -8.84794759e-01 -3.93396719e-02
 -1.75151197e-01 -8.42678961e-01  4.47594125e-01  1.73780687e+00
  7.11588220e-01  1.11080585e+00  4.87149699e-01  8.68960543e-02
 -3.31925585e+00  7.29891005e-01  1.76553380e+00 -8.13570349e-02
  1.48093121e+00 -1.04685597e+00 -5.74661525e-02  9.83281272e-01
  1.38755349e+00  5.66313607e-01 -1.40109936e+00 -1.79808083e-01
  1.18406275e+00 -1.95468709e+00  1.61236655e-01 -2.17400454e-01
 -7.21357159e-01  9.37251256e-01 -9.96436655e-01  1.79505119e-02
  1.10977045e+00  1.64285012e+00 -6.38498440e-02  6.78250756e-01
  3.57748362e-01  7.97769140e-01 -8.40470772e-01  1.63089285e-02
 -1.00185481e+00  6.18082777e-01  2.65447518e-01 -3.54104425e-01
 -1.30144392e+00 -6.65254893e-02  2.68129810e-01 -8.63127363e-01
 -1.14702787e-01  1.82031693e+00 -4.20784166e-01 -8.09539082e-01
  9.94606879e-01  1.61059496e+00  1.01932973e+00 -1.26332045e-01
  6.39333774e-01  5.07746590e-01  9.56964335e-01  5.53855466e-01
  1.41249707e+00  4.59963499e-01 -1.49158933e-01  2.54367683e-01
  5.97043983e-01  9.20470890e-01  5.08565827e-01 -6.40427166e-01
 -1.37086505e-01  2.74534467e-01 -1.39795303e+00 -1.10172862e+00
 -5.00795603e-01 -1.03855991e+00 -4.40213788e-01 -4.29761429e-01
  2.83715324e-01  1.46035904e+00 -7.60416316e-01  6.14626109e-02
  1.27788489e+00  9.13341736e-02  4.08836185e-01 -7.78283043e-01
 -1.66465463e-01  4.45782079e-01 -3.16920223e-01 -1.17722998e+00
 -1.61067453e-01 -1.49070874e+00  9.20007647e-01 -1.14155740e+00
  9.20996640e-01 -7.69185500e-01 -9.57687509e-01  1.30610915e-01
 -1.36968095e-01  9.56031121e-02  2.19343909e-02  5.36356207e-01
  6.01849784e-01  9.99511510e-01 -1.20834913e+00  6.28202616e-01
 -9.93937676e-02  7.92237099e-01 -6.06227077e-01  1.14404904e+00
 -2.07599775e+00  2.90576368e-01 -1.16923570e+00 -4.60242961e-01
 -1.78499325e+00  8.46356196e-01  6.69164603e-01  1.33352228e-01
  8.65545884e-01 -1.92585580e+00 -1.51092354e+00 -8.48285080e-02
  3.57224683e-01 -3.24531221e-01  1.05153487e+00 -1.85167531e+00
  1.11755728e-01 -1.18282622e+00  1.06049475e+00  8.79022270e-01
 -2.17628106e+00  1.39671665e-01 -1.30359429e+00 -2.99303697e-01
  4.53999144e-01 -2.90258694e-02  9.98569087e-01  2.74413964e+00
 -7.19090019e-01 -1.41094359e+00  1.17178305e+00  5.82937457e-01
 -4.76759190e-01  5.21696715e-01  1.31453431e+00  2.37137651e-01
  1.36631294e+00  1.24626297e+00 -1.92120071e-02  1.43228084e+00
 -2.01917774e+00 -4.04997797e-01  3.31618922e-01 -1.89305883e+00
  2.57258551e-01 -4.41753409e-01 -2.52108037e-01 -5.53272683e-01
 -6.58222858e-01 -1.80712040e+00  8.71267583e-01 -1.72596188e+00
 -9.26396077e-01  3.31888952e-02 -1.13189706e+00 -5.74891157e-02
 -1.63844037e+00 -2.25789817e+00 -1.81387952e+00  2.16745751e-01
 -3.44769928e-01  2.75586423e+00  1.63256145e+00 -6.79540361e-01
 -1.11915341e+00  1.51657256e-01 -3.74668548e-02  2.97719739e-01
 -9.81240309e-01 -7.10854456e-01  1.21925538e-01  1.21458637e+00
  9.47163975e-01 -7.81244902e-01 -3.71417930e-01  7.60686847e-01
  1.41220865e+00 -8.66808624e-01  1.90851381e-01 -1.60979295e-01
  1.08622175e+00 -5.22268438e-01 -1.35670263e+00 -7.85845824e-01
 -5.43791343e-01  1.41420036e+00 -2.83193520e-01  1.66093653e+00
  9.67926943e-02  3.66437938e-01 -2.25687865e+00  5.45154770e-01
  1.09074159e+00  2.16637569e-01 -5.25476677e-01  3.44959957e-01
  7.60971925e-01 -2.56555362e-01 -1.04009051e+00 -2.28882342e+00
  8.47297540e-01  9.20811987e-01  1.58484948e+00 -2.28229174e-01
 -1.42361413e+00 -4.44270829e-01 -2.05047875e-01 -8.18688586e-01
  1.08834052e-01  4.00615786e-01 -3.48872694e-01  2.27561243e+00
  4.76717032e-01  3.90076264e-01  3.61901878e-01 -9.65886444e-01
 -1.33073588e+00 -6.76414048e-01 -1.63721444e+00  1.12084711e+00
 -7.97220771e-01  7.06599878e-02  1.19422455e+00  2.71687115e+00
 -1.64183530e+00  6.61859238e-01 -1.58580797e-01  1.26505446e+00
  3.24427957e-01 -1.00283844e+00 -3.82509271e-01  1.85382500e+00
 -5.83449409e-01  1.11743057e+00 -1.24732306e-01  4.69433937e-01
  1.27394543e+00 -1.69210231e+00 -6.59033803e-01 -6.03422123e-01
 -4.00632594e-01  6.01217759e-01  6.26403769e-02 -7.95930974e-02
  1.61091755e+00 -2.07223880e+00  6.89565231e-01 -7.44084326e-01
 -8.66361315e-01  6.32281594e-01 -5.35343963e-01  1.34838672e+00
 -2.17469294e+00 -7.97308771e-01  1.93659201e+00 -1.64392173e+00
 -6.19859457e-01  9.22735322e-01 -9.64170012e-01  2.96736239e-01
 -1.30903964e+00  5.98371415e-01 -7.77154050e-02  1.10602490e+00
  5.42263127e-01 -6.18169137e-01 -5.78079964e-01  6.08693370e-01
  9.00184104e-01  1.23754294e+00 -7.07892890e-01 -5.08611566e-01
 -7.91309089e-01 -2.66862746e+00  4.13869662e-01  2.71458187e-01
  8.84647177e-02  1.08012321e+00 -1.34456981e+00  3.72124618e-01
  5.11774851e-01 -4.09986015e-01  4.69504833e-02  2.59281449e+00
 -1.64715712e+00 -6.10068614e-01 -1.17374162e+00 -1.31374001e+00
  2.23509353e+00 -1.78525577e+00 -1.00606877e+00 -1.32615853e+00
 -2.08368428e-01 -4.36927148e-01 -1.47478781e-01 -1.16550048e+00
  7.82610317e-01 -9.84276451e-01 -2.21911944e-01  5.98116289e-01
  2.18137439e+00  9.88458201e-01  2.80913754e-01 -3.44718976e-01
 -4.99002761e-01 -2.50542890e-01 -9.25453671e-01 -1.63296441e+00
  3.61161634e+00 -8.11981733e-01 -9.91833042e-01 -1.69325007e+00
  4.83725124e-01  1.29767039e-01  8.91684903e-01 -1.84893745e+00
  3.81596741e-01  1.68043466e-01  1.07379498e-01  9.20300317e-01
 -6.79375710e-01 -3.54085742e-03 -1.19596998e+00  8.99536704e-01
  1.92014941e-02  3.35189272e-02  1.92780155e-01 -1.02831090e+00
 -6.70870416e-01  1.16531312e+00 -2.79075895e-01 -2.12763838e+00
  3.68143772e-01 -2.81336124e+00  8.33657142e-01  1.33056561e+00
  1.14717182e+00 -4.67194193e-01 -3.50142118e-01  2.51956885e-01
  1.18821160e+00  8.51791887e-02 -2.84199374e+00 -1.12476653e+00
 -8.09705664e-01  7.63385084e-03  1.08327830e+00 -7.60219520e-01
 -1.16914647e+00  1.38240098e+00 -4.65526980e-01  1.54661312e+00
  5.09490529e-01  1.30107505e+00  1.49397239e+00  1.36493744e-01
 -1.15361191e+00  3.34494468e-01 -2.73376691e-02  1.27877629e+00
  1.22431473e+00 -4.66671543e-01  4.42113543e-01 -1.18503592e-01
  3.24113762e-01  2.21289377e+00  6.07426021e-01  1.72550726e-02
 -5.72960659e-01  2.33132596e+00  5.86352132e-01  1.46673723e-01
 -1.66903967e-01 -8.66575581e-01  1.68907917e-01  6.31525268e-01
 -4.66743468e-01  1.59504344e+00  1.12526205e-01 -1.00922579e+00
 -9.61304925e-01 -1.47947255e-01  2.37769917e-01  1.63026105e+00
  8.73520131e-01 -1.23372749e+00 -1.74630390e+00 -1.36886644e+00
 -6.12057328e-01  2.06544582e+00 -1.30006059e+00 -1.13293502e+00
 -1.04111084e+00 -1.45106298e+00  2.69818006e+00  8.26549071e-01
 -6.18439532e-01  8.39147301e-01 -1.08202094e+00 -1.36594164e+00
 -7.75620895e-01 -9.08714340e-01  1.02956684e+00 -2.11838872e+00
  7.93059109e-01 -6.82301671e-01  1.36105503e+00 -5.65146605e-01
 -1.06654942e+00  1.40533417e+00  4.52657026e-01  4.13918438e-01
 -6.42385840e-01 -6.82691545e-02 -5.54218870e-01  5.48408588e-01
  9.33830900e-01 -2.14186459e+00  1.34658293e+00 -8.82849989e-01
  8.96821572e-01 -1.02609182e+00 -9.40805033e-01 -2.09069029e+00
  2.10632956e+00 -1.30596895e+00 -3.73854632e-01  7.30760021e-02
  4.25801250e-02 -1.82175381e-01  1.93209724e-01  2.16223145e-01
 -6.29374821e-01 -6.25971544e-03  4.07440243e-01  8.39231645e-01
 -1.28957021e+00 -1.03001323e+00 -1.91421249e+00  1.65604710e+00
  3.76943267e-01  3.77163070e-02  1.15893682e+00  7.72364458e-02
  3.36042023e-01 -8.54916948e-01 -1.23240188e+00 -3.34378044e-02
  2.26692545e-01  6.68623470e-02  3.15264056e-01 -1.72934377e+00
  2.95023553e-01 -4.06371301e-01 -6.93793552e-01  4.90814217e-01
 -5.50842589e-01 -7.37878773e-01  8.02278588e-01 -1.82110804e+00
 -9.19763599e-01 -1.71790871e+00 -8.45663518e-01  1.49580615e+00
 -1.47246092e+00 -1.48085325e+00 -2.28321797e-01 -1.27393645e+00
  6.31141294e-01 -1.15615983e+00  1.88893253e-01  1.27611906e+00
 -4.25841222e-01 -6.85583017e-02 -1.39818911e-01 -3.04453467e-01
 -9.68248314e-01  1.57726188e+00  7.04873435e-01 -2.64077706e+00
  9.57432184e-01 -1.98438293e+00  6.83441213e-01 -1.84099871e-01
 -8.14962391e-01  1.46138165e-01 -1.07587458e+00  1.01338246e+00
 -2.10151629e-01  3.70722588e-01 -6.99929560e-01  1.37428838e+00
  3.53740905e-01 -8.97862704e-01  1.78114778e+00 -3.99941538e-01
 -1.17986282e-01  1.50117640e+00  7.54130213e-01  2.13091636e-01
 -7.85413050e-02  8.72951360e-01 -9.78742453e-01 -6.00115631e-01
  1.94697875e-01 -1.25377697e+00  1.30355083e+00  8.25238147e-01
  1.22777818e+00  1.26092363e+00 -2.24483139e+00  6.23381551e-01
 -2.50273541e-01 -1.23106484e+00 -6.63808268e-01  5.04399618e-01
 -1.67949462e+00  1.08823019e+00  1.66160736e+00  1.44097597e-01
  3.50522506e-01  5.17675467e-01 -1.54185234e+00  3.51452027e-01
 -4.93380966e-01  3.21919472e-01 -1.37850219e+00 -3.21635827e-01
 -1.26740161e+00 -1.60184724e+00 -1.51502145e+00 -1.16046136e+00
 -2.13577240e+00 -1.06612591e+00  6.68531351e-01  5.97634686e-03
  3.46474186e-01 -1.91740635e+00  1.82042588e-01 -1.38472447e+00
  6.38134406e-01  2.95386317e-01  1.84240548e+00  3.31964935e-01
 -2.70078990e-01 -7.09081751e-02  1.84821730e+00 -5.67686500e-01
 -1.43851380e+00 -6.15708513e-01  2.58584612e-01 -1.27597067e+00
  1.26231071e+00 -1.74510883e+00 -1.39279639e+00  1.12966953e+00
 -9.81345653e-01  7.17454232e-01 -5.28433529e-01  1.15203008e+00
 -3.05021852e-01  8.70598895e-01  4.69594690e-01 -3.73280635e-01
  1.73500903e+00  6.97891097e-01  1.99952771e-01  7.06145200e-01
 -7.70310863e-01 -6.13829955e-02  7.46559473e-01 -1.32757897e+00
 -4.26530120e-01 -3.52781783e-01 -1.30918990e+00  2.08031286e-01
 -1.12160567e-01 -1.00454076e+00  7.55528024e-01  3.18902182e-01
 -5.62886103e-01  8.51699343e-01  2.77718941e+00 -2.65551730e+00
  2.48604017e+00 -2.72932948e-02 -7.35165278e-01  1.19683445e-01
 -3.05177466e-01 -1.82796410e+00  9.91237176e-01 -1.62816306e+00
  2.34735384e-01  1.78031927e+00 -1.92479259e-01 -9.37445408e-02
  6.68075865e-01  6.23981991e-01  1.78061763e-01 -8.46420745e-02
 -1.07875260e-01  1.72857410e+00  1.36069612e-01  1.59895209e-01
 -1.41630261e+00  8.85268541e-01  1.06905044e+00  5.70477719e-01
 -4.97338273e-01 -3.68910549e-01 -3.81792605e-01  9.88970669e-02
  1.08521736e+00  5.29046539e-01  1.95636068e-01 -7.52334171e-01
 -9.06920517e-01 -8.17643565e-01 -1.43871183e+00 -1.52201150e+00
 -1.50893163e+00 -7.35328890e-02 -9.19551231e-02  1.18129892e+00
  4.36718834e-03 -2.04436004e+00  4.87373340e-02 -3.16762491e-02
  4.15105757e-01 -4.71151273e-01 -2.33918195e+00 -1.52888206e+00
 -2.51277671e-01 -3.23732421e-01  1.61053016e+00 -9.27443605e-01
  4.59672081e-01  1.09340750e+00  8.27334279e-01  1.25467684e+00
 -8.40759861e-01 -3.59691876e-01 -4.51317974e-01 -9.97740623e-01
  3.30965116e-02 -4.46621783e-01  8.84718098e-01 -1.77823569e+00
  8.32771916e-01  1.27477528e+00  2.97542830e-01  4.71429627e-01
  1.82220417e+00 -1.80852768e+00  7.11655696e-01 -4.56280688e-02
 -4.75070874e-01 -8.01374194e-01 -1.77838284e+00  1.48086411e-01
 -6.83453817e-01  1.63067565e-02 -8.74994384e-01 -4.50106863e-01
  2.75835943e-01  7.95896436e-01 -6.23213330e-01 -2.97515374e-02
 -6.22858376e-01  1.33128665e+00  2.33273380e+00 -2.39122847e-01
  6.33832077e-01  1.05603667e+00 -5.99802945e-01 -9.63429090e-02
 -8.74832645e-01  2.96569062e+00  6.72833032e-01 -5.69780978e-01
 -1.76111840e+00  8.22236894e-01  6.36582573e-01  2.01771976e-01
 -7.41529466e-01  9.95980296e-01 -8.55488389e-01  6.78907293e-01
  3.25155250e-01 -2.27071373e-01  1.05052139e+00  3.41780571e-01
  6.09421152e-01  2.79455695e-01 -1.12715386e+00 -1.04318698e-01
  1.67216958e+00 -1.04509995e+00  3.09901262e-01 -5.26866945e-01
  6.17062295e-01 -2.69511382e-01  2.78457859e-01 -8.05284032e-01
  4.44220183e-01 -3.98774640e-01  3.27825581e-01 -2.08382663e-01
 -1.02157622e+00 -2.44625347e-01  1.57519909e+00 -2.26202130e-01
  6.86702804e-01  2.20184081e+00  3.69796169e-01  2.41936981e-01
  8.27077628e-01 -5.13804971e-01 -9.15645343e-01  4.35687486e-01
  2.73395140e-01  2.30420630e-02  2.93771593e-02 -1.99765554e-01
  3.20775297e-01 -3.55276236e-01 -1.51653980e-01 -1.78352784e+00
 -1.02009208e+00 -7.79855668e-01 -1.10612400e+00  1.23211372e+00
 -1.17915783e+00  8.95459283e-01  9.80403986e-01  1.43629114e+00
 -1.07036883e+00 -1.13654548e+00  2.15113820e+00 -7.93046949e-01
 -1.32385752e-01 -7.14282121e-01  9.12413522e-02 -2.32243119e+00
  1.79469068e+00  8.88040450e-01 -1.36611858e+00 -7.96405844e-01
 -4.77079056e-01  1.11022115e+00  2.96097151e-01  2.63987300e-01
  1.26921741e+00 -3.64124473e-01 -8.68736553e-01  6.93932297e-01
  2.65899791e-01 -7.12691826e-01 -1.50854643e+00 -2.37257825e+00
 -9.35024566e-01 -9.43631266e-01  1.54461982e+00  4.46991294e-01
  1.99231636e+00 -2.05556462e-01  1.62217191e+00 -5.22585532e-01
 -6.70430956e-01 -5.49899782e-02 -5.02071109e-01 -1.93609684e+00
 -1.33478215e+00 -5.55962383e-01  1.36029204e+00 -1.23072977e-01
  1.64280161e+00 -1.15935449e+00 -1.28020468e+00  5.96346049e-01
 -5.65666160e-01  3.27543853e-01  2.53333829e+00  2.43717732e-01
  3.06699422e-01 -5.33332938e-01 -1.34416229e+00  8.47128115e-01
  1.07954759e+00 -1.50547503e-01 -1.80732160e+00 -2.65758689e-01
 -2.41799478e-01 -6.99523629e-01 -7.74342041e-01  7.96103543e-02
  1.80269164e+00  2.20321512e+00  6.66807340e-01 -7.63902683e-01
  2.00657154e+00  3.53258393e-02 -6.46268133e-01  2.19999304e-01
  1.02807460e+00  5.38182621e-01 -2.39894126e-01  6.31077849e-01
 -1.29713108e+00 -7.77394853e-01 -2.41783670e-01 -8.72938410e-01
  1.62100897e-01 -6.01231643e-01  2.16024705e-01  1.04705925e+00
  5.96562730e-01  4.69924527e-01  1.14271280e-01 -3.46172440e-01
  3.12972052e+00 -9.30120313e-02  1.42263886e+00 -1.98077252e+00
 -1.55841359e-01  2.66412661e-01 -1.37946830e+00 -1.29603865e-01
  8.67016861e-02 -1.17132834e+00  7.29920490e-01  1.35235168e+00
  4.61682403e-01  5.92307995e-01 -8.68731389e-01  1.39773580e+00
  1.06717420e-01 -1.62935646e+00  9.58789637e-03  1.31632249e+00
 -2.10270206e+00 -1.63707825e+00 -3.86388320e-02 -8.77619075e-01
  1.37194929e+00 -1.18146642e-01  3.68606114e-01 -1.77457281e+00
 -1.03229225e+00  1.22076909e+00 -2.49769188e+00 -2.85983755e-01
 -3.44363477e-01  4.79001808e-01  1.58107333e+00 -4.63566028e-01
 -1.45170899e+00  2.14758430e+00  1.30312103e+00 -3.84010956e-01
  1.24638373e+00  8.91395361e-01  7.16379820e-01 -1.01187427e+00
  4.30973295e-01  8.88053033e-01 -1.42062082e-01  5.31463204e-01
  6.31577276e-01 -3.55094331e-01 -9.71571715e-01 -7.92931065e-01
  5.67075452e-01 -1.19393978e+00 -9.36493957e-02  2.27118927e+00
  2.23638470e-01  1.92221142e+00  2.04009520e-01  3.83248844e-01
  2.57378333e+00 -2.82700923e-01 -3.29850251e-01 -1.13252895e+00
  1.07173319e+00 -1.74548385e-01  1.89093554e+00 -1.44856727e+00
 -9.90474795e-01 -4.63047252e-01  7.08267373e-01  1.91339127e+00
 -9.49779524e-01 -3.53543687e-01 -4.93254095e-01  9.05646444e-02
  1.01826791e-01 -4.71645454e-02 -1.41185776e+00  9.84833873e-02
 -4.55495293e-01 -9.69816214e-01 -1.59725122e-02  7.33057208e-01
 -5.71891728e-01  7.53678534e-01 -1.28786999e-02  1.36984972e+00
  1.68769517e-01 -2.04083611e-01  7.82401038e-01  1.57158436e+00
  1.62880003e+00 -7.80670400e-01  9.02543648e-01  3.98820119e-01
  1.29512565e+00 -2.33269012e+00  5.86997161e-01 -1.03188651e+00
 -1.36007833e+00 -1.75543868e+00 -2.97205859e-01 -5.94411790e-01
 -9.42546666e-01 -2.82039410e-01 -1.94561945e+00 -6.70459086e-01
 -1.68396856e+00  8.64377263e-02 -4.36348240e-01  1.54216638e-01
 -4.21279113e-02 -1.63372109e-01  1.52482510e+00 -3.16727546e-02
  1.22784067e+00 -5.42425353e-01  4.15051360e-01  4.36437622e-01
  1.36698473e+00  1.31792901e+00  1.48338681e-01  9.77619840e-01
 -3.02750291e-01 -7.61579184e-01 -2.89865403e-01  1.01773335e+00
 -1.98948218e+00  5.20449328e-01  9.59851466e-01  1.21175270e-01
 -6.97681232e-01 -2.04307027e+00 -3.43885404e+00 -1.70849525e+00
 -9.79578376e-01  2.56325616e+00  1.43893475e-01  1.83329527e-01
  7.26581405e-01 -4.81697306e-01  1.41008426e+00  1.36750166e+00
  6.94844661e-01 -1.12152698e+00 -6.81483507e-01  2.08229989e-01
 -8.43654289e-02  4.39160792e-01 -6.44581207e-01  1.68144387e+00
  1.94196502e+00 -2.41588599e-01  2.29806599e+00  3.67154567e-01