-1.71786686e-01  1.14974837e-01  1.52867915e+00 -3.37652863e-01
 -1.20956848e+00 -4.59425315e-01 -1.57669534e-01  1.96235203e-01
 -1.29030880e+00 -1.38998436e+00 -3.10326127e-01  4.58466033e-01
 -3.20833633e-01  6.51072686e-01 -9.64749470e-01 -5.83872873e-01
  5.83769682e-01  1.19473649e+00 -1.67914307e+00  3.74681244e-01
  1.65819905e+00 -8.41316660e-01  8.83293695e-01 -3.02211994e-01
 -1.74662508e-01  1.30812232e+00 -1.97568646e-01  7.24239858e-01
 -2.64782607e-01 -1.56811212e+00  1.02163635e+00 -1.81883046e+00
  1.21157483e+00  9.41399382e-02  1.29872997e+00  6.55607905e-01
  1.42682146e-01  5.97019645e-01 -6.88227500e-02  1.31158380e+00
 -8.74986204e-01 -1.24424522e+00  2.24023920e+00 -2.78039839e+00
  7.08117412e-01 -2.73935967e-01 -1.60035093e+00 -8.85930037e-01
 -7.58196329e-01  2.51790447e-01  1.06042260e+00 -3.60724491e-01
 -4.38022763e-01  6.53586253e-01  1.34300356e+00  6.52148882e-01
  2.06025711e-01  9.73519159e-01  5.08808329e-01 -1.51681238e+00
  1.34459893e+00  2.58416243e+00  1.68717814e+00 -5.67571384e-01
 -6.96013458e-01  1.00340065e+00 -7.61239009e-01 -6.16698350e-01
 -4.45793703e-01 -4.09069130e-01 -2.29927866e+00 -2.62371971e-01
  1.24057471e+00 -5.61417608e-01  1.45544469e+00  1.39851340e+00
 -3.07075071e-01 -7.69308279e-01  4.93337471e-01  1.73815768e+00
 -6.31595522e-01 -5.46115765e-01  6.39383679e-01  1.04565538e+00
 -1.55383349e+00  2.54957746e-01 -6.06456866e-01  5.77199443e-01
 -1.78855575e-01  1.14858531e+00 -8.32904044e-01 -1.62697828e-01
 -3.45616343e-01  1.34560354e+00  9.38491043e-01  2.51949330e-01
 -8.20777989e-01 -4.55761476e-01  1.17042604e+00 -5.76840336e-01
 -1.52629455e+00 -3.54960067e-01 -1.15453143e-01 -5.07157454e-01
 -6.42507918e-01  6.88130948e-01 -1.83292876e+00  5.62143433e-01
  7.61455576e-01 -8.19818584e-01  1.24514134e+00  4.27895090e-01
 -1.12676298e+00  7.36650020e-01  6.56777744e-01 -2.04836643e+00
 -8.39891365e-01 -1.24676515e+00 -8.64116276e-01  1.74152467e-01
  1.13836659e+00 -2.21820327e+00 -5.26997178e-01  3.75120668e-01
  5.13067529e-01  1.49152716e+00  5.17741725e-01 -1.44017354e+00
 -8.09238877e-01 -9.35032777e-02  4.48804870e-01  6.30979943e-01
 -5.22043815e-01  3.40551018e-01 -8.26093331e-01  6.71467230e-01
 -8.05398465e-01 -3.66477771e-03 -1.97433727e+00 -3.76957269e+00
 -1.31445579e-01 -6.23669474e-01 -1.80033525e+00  1.77821519e-01
  2.06944243e+00 -7.79275778e-03  8.06271307e-01 -6.95805105e-01
 -5.32033304e-01  3.26041340e-01  5.23615354e-01  6.38754023e-01
 -1.25884775e+00  1.08507237e+00 -1.85981070e+00 -5.79306846e-01
 -8.01334034e-01  3.02342239e-01 -8.74375828e-01 -1.41350257e+00
  1.06026515e+00  2.16195931e+00  2.23492355e+00 -1.39798468e+00
  7.40186362e-01 -3.68887452e-01 -4.51770688e-01  1.06657765e-01
 -3.83782741e-01  1.85032648e+00  6.60981768e-01 -5.07564500e-01
 -3.07057409e-01 -8.97017419e-01  1.98783704e-01 -1.82494710e+00
  6.64417762e-01 -3.56520646e-01 -1.38181398e+00  2.29861560e-01
  4.65846917e-01  1.10276412e+00  1.68038266e-01 -1.01943021e+00
  4.27192804e-01 -9.01795395e-01 -6.17442964e-02 -5.77846129e-01
  1.95904998e-01 -1.89937321e-01 -1.05904214e+00 -8.87656135e-02
  3.59042842e-01  9.40564275e-01 -1.00128551e+00  1.12224100e+00
 -1.01370787e+00  1.01758607e+00  4.67325455e-01 -2.52124618e-01
  1.10938025e+00  3.21391932e-01 -5.34823006e-01  1.09436452e+00
 -5.03031771e-01 -8.72712537e-01  1.03559074e+00 -1.21176015e+00
  1.69039160e-01  4.49881586e-01 -7.60769170e-02 -3.41545915e-01
 -1.15062855e+00 -1.35194260e-01 -2.05890115e+00  1.62674613e+00
 -1.23521146e+00  1.02962550e+00  1.28348799e+00 -5.03492339e-01
  1.70432314e-01  5.11650135e-02 -1.37328035e+00  9.37608738e-01
 -2.23625014e-01 -4.56264260e-01  2.45154131e+00  4.99316434e-01
 -5.04555687e-01 -3.41203651e-01 -1.97480257e+00  3.28199035e-01
 -4.93153864e-01  7.88043865e-01 -5.24816074e-02 -1.46210328e+00
  1.34038038e+00 -1.56924359e+00  1.15357436e+00  9.70216553e-01
  2.30453532e-01 -1.34195632e-01  3.16237793e+00  2.54217567e-01
  1.96190030e+00 -5.93734364e-01  3.85937653e-01 -2.62900325e+00
  9.32845471e-01  1.11299547e-01  8.19015912e-01 -6.33287978e-01
 -1.64197293e-01  8.60772075e-01 -1.60828571e-01 -1.32461651e+00
 -6.80700248e-01  3.55407591e-01  6.92816642e-01 -1.04650602e+00
 -1.46824608e+00 -6.52394065e-01 -1.52675313e+00  2.59785645e-01
 -5.23652358e-02 -2.10528699e+00 -2.00267212e-01 -8.29716306e-01
  9.55567701e-01 -4.84159238e-01  1.60970315e+00  2.45901167e-01
  1.54319226e+00  8.39558075e-01  4.92322502e-01 -7.05414416e-01
 -4.52720021e-01  6.61491228e-02 -1.05337071e+00 -4.94277768e-01
  6.49526767e-01  8.45916226e-01 -7.64616387e-01 -3.87297570e-02
 -2.08884287e+00  3.73537927e-01  1.22302399e+00 -1.12946251e+00
 -5.47445626e-01  1.10740474e+00 -2.07145192e-01 -3.19436827e-01
 -1.49624753e+00  2.70959049e-01  6.56884434e-01 -3.39024507e-01
 -5.15268582e-01 -7.46596535e-01  7.47762061e-01 -4.93132670e-01
 -3.85158169e-01 -3.31193173e-02  2.01777999e-01  2.70812448e-01
  1.42763692e-01  4.86208605e-01 -1.24388964e+00  5.84839410e-01
 -1.15001282e+00 -8.37215477e-01 -2.02416731e+00  6.31453179e-01
 -3.90752549e-01 -6.89672557e-01 -5.25228462e-02 -1.30221137e+00
  3.39665090e-01 -6.28738265e-01  4.79640115e-02 -4.26267133e-02
  1.49481130e-02 -6.42296792e-01  9.25315552e-01 -7.83383793e-01
  3.48640451e-01 -2.57125485e-01  1.86557020e-02  5.00283311e-02
 -8.54515638e-01 -4.17585961e-01  6.05616282e-01 -1.73294835e+00
  8.42028386e-01  1.14685947e-02 -1.48800185e+00 -1.50785557e-03
 -6.00590658e-01  1.19346232e-01  5.19704184e-01 -8.37886289e-01
 -7.89666428e-01  2.41288755e+00 -7.11428708e-01 -1.34493142e-01
  1.94888322e+00 -4.18131941e-01 -7.79921837e-01 -7.84122601e-01
 -7.54688417e-01  1.74805984e+00  3.79131988e-01  2.65255680e-01
 -1.42177768e+00 -8.90965403e-01 -8.13051996e-01 -1.10467188e+00
 -3.75696350e-01  1.18950865e+00 -8.70809814e-02  1.42002461e+00
 -2.36192247e-01  6.59669683e-01 -2.14654610e-01 -1.05228147e-01
  7.55665018e-01  1.04974339e+00  8.84757532e-01  7.91334851e-01
  1.15243950e+00 -1.10861464e+00  2.30133963e+00 -1.58753866e+00
 -1.61800186e-01  9.25803037e-01 -1.15461824e-01  1.99575844e+00
 -1.58577965e+00 -6.83868735e-01  2.44142227e-02 -1.54040739e+00
  1.01437357e+00  1.53478375e+00 -2.30391674e+00  7.49588539e-03
 -1.98960886e+00  4.17067355e-01 -1.77444290e-01 -5.32521363e-01
 -1.92595235e+00 -9.22797863e-01  1.44448201e+00  6.65318034e-01
  7.00336186e-01 -2.14771658e-01 -1.53293939e-01  3.62591604e-01
  7.42701826e-01 -1.05229112e+00  6.98925263e-01 -5.86820174e-01
 -5.85458115e-01  8.20941705e-02 -6.56376877e-01  1.04338022e+00
  6.97457295e-01  2.18385062e-01  1.50706192e+00  1.79125465e+00
  5.41936738e-01  4.37828505e-02  9.73521272e-01 -1.32309783e+00
  4.37536988e-01  1.12617120e+00 -9.46236384e-01  8.76916098e-01
  5.50319891e-01 -7.19768823e-01 -1.10945184e+00  2.00214889e+00
  1.19070048e+00  2.19313707e-01 -1.50516537e+00 -5.62108557e-01
  3.51835014e-01  1.31784828e+00 -2.79176531e-01  2.48649796e-01
  2.71797141e-01 -1.33907565e-01 -3.27514226e-01 -2.56459216e-01
  7.04414226e-01  7.70824868e-01  1.79915112e+00  1.00612681e+00
  1.26670729e+00  1.34741221e+00 -6.95816787e-01  1.11867594e-01
  8.57480721e-01 -3.10343512e-02 -2.99879123e-01  1.56727720e+00
  4.36092786e-01 -1.07805144e-01  1.57913813e-02 -1.08226041e+00
  2.51515622e+00 -1.05822294e+00  9.47951925e-01  4.47343364e-01
  1.37012014e-02 -5.91825384e-01 -4.66955462e-01 -2.22061770e+00
 -1.15308606e+00 -8.49197715e-01  1.35457717e+00 -5.28518581e-02
 -9.42261560e-01  1.10907748e-01 -1.14529179e+00 -2.57042430e-01
  2.03486451e+00  2.11795898e+00  1.03837175e+00  6.08918184e-01
  1.21079755e+00 -1.25633301e+00 -2.07970473e+00 -1.02058589e-01
  1.10024698e+00  1.69861199e-01 -1.56831671e+00  8.02148414e-01
 -1.43699199e+00 -7.62052262e-01  2.95036696e-01  1.01949129e+00
 -6.87375670e-01 -1.60350392e+00  7.58377285e-01  6.45075403e-01
  1.67147688e-01  4.51909432e-01 -3.66769812e-01 -1.75787056e+00
 -8.35843391e-01  4.32296412e-01 -4.86420091e-01  6.40187846e-02
  2.55343457e+00 -1.04570324e+00  8.66095746e-01  9.56449884e-01
 -8.16252861e-01 -1.37815150e-01 -2.22374659e+00 -1.43627539e-01
  3.66743406e-01 -6.10561614e-01  1.78136338e-01 -6.86089704e-01
 -2.08042079e-01 -2.52666263e-01  1.48020885e-02  4.47702349e-01
  1.66256876e+00 -6.13319650e-01 -1.50719272e+00 -1.26813702e-01
 -1.01526926e+00  2.18888714e-01 -6.32121624e-01 -6.59613446e-01
 -2.55582387e+00  2.98727980e-01  5.89384323e-01  1.77474867e+00
 -1.71737993e+00 -5.11456113e-01 -1.97118625e+00 -9.09961502e-01
  1.77274110e-01 -9.97002049e-01 -1.36637069e-01  5.76635970e-02
 -8.30340726e-01 -7.78616518e-02 -5.81063614e-01  4.81433494e-01
 -2.36520597e-01  7.61114681e-01 -1.05498447e+00 -8.02645956e-01
 -1.61345888e+00  1.14025900e+00  6.68108399e-01 -1.66627451e+00
 -2.23809192e-02 -6.38073576e-01 -1.32483923e+00  1.55255228e+00
 -2.62344680e-01 -5.27859097e-01 -2.22845607e+00 -1.53107546e+00
  6.52781811e-01 -7.75050512e-01  6.38817008e-01 -1.27068438e-01
  9.02706451e-01  1.35937268e+00  8.10205865e-01  9.14451919e-01
  3.86850156e-01  2.09417402e+00 -4.18944157e-01  1.28034095e-01
 -8.05745005e-01 -1.58167379e+00  1.44626509e+00 -1.73836873e+00
  1.22064297e+00 -9.34549819e-03 -8.50178411e-01 -1.02285002e+00
 -7.63370156e-01 -1.86805997e+00  9.25348938e-01  7.15061659e-01
  1.10557993e-01  5.79601606e-01 -2.73413357e-01 -4.72850611e-01
 -9.30686290e-01 -1.04049679e+00  1.75759747e+00  8.76589961e-01
 -9.21631818e-01  4.56580904e-01 -4.00528779e-01 -1.10050543e+00
  8.23278418e-01  1.52520417e+00  7.30072137e-01  1.06800987e+00
 -6.43285439e-01 -7.92021607e-01  1.55500789e+00  1.02929065e+00
  1.20474270e+00 -1.04344024e+00  1.38602656e+00  4.13641204e-01
 -9.05447929e-01  9.33535750e-01 -6.22535008e-02 -4.07977766e-01
 -1.20007742e-01  1.52568731e+00  7.09256596e-01 -3.71568083e-01
 -9.51032636e-02 -1.29549348e-01 -3.43688143e-01 -8.98008583e-01
  1.21820257e+00  1.70745963e+00 -6.50694063e-01  7.99120877e-01
 -5.44329783e-01  1.13613894e-01  1.06769397e+00  1.41134244e+00
 -1.00876349e+00 -1.94150906e-01  2.32549393e-02 -1.75405115e-01
  2.20222027e-01 -6.78223597e-01  3.96979957e-01 -7.23535678e-01
 -7.45237357e-01 -1.01641856e+00  1.02539093e+00 -1.54166100e+00
 -4.68252043e-01 -1.16176242e+00 -5.55673317e-01  2.70977278e-01
  1.34443174e+00 -7.32685797e-01  1.06892694e+00 -1.05345409e+00
 -4.31996049e-01 -4.89359971e-01  9.74623340e-01 -7.74189253e-01
 -1.30642237e+00 -5.29679320e-01  8.45583362e-01 -7.50238041e-01
 -5.60577090e-01 -1.23650325e+00  2.12619667e+00  1.98034234e+00
 -1.57357181e+00  1.10226990e-01  2.98606048e-01 -4.09825860e-01
  1.24024846e-01 -1.28107815e-01  8.25605120e-01  6.60183694e-01
 -1.64462744e+00 -4.85136875e-01  1.12446630e-01 -8.72220275e-01
  7.07999758e-01  5.81783986e-01  3.15885547e-01  4.60654116e-01
  9.62743440e-01 -1.29764328e+00 -9.93053658e-01  1.61285642e+00
 -1.79954128e+00 -3.61609736e-01 -8.52943375e-01  1.38808466e+00
  4.58024954e-01  1.43798030e+00 -1.06286090e+00 -1.17227534e+00
 -8.62560941e-01  3.08047178e-01 -1.00414044e+00  6.57328132e-01
  9.09797834e-01  3.07392511e-01  5.86691013e-01  1.25283905e+00
  8.82952561e-01 -6.08233031e-01 -2.94630439e-01 -7.67490349e-01
  2.26193524e-01 -6.14685660e-01  5.42804447e-01 -1.32828972e+00
  1.77701857e+00 -6.60846653e-01 -7.12779536e-01  1.06142396e-02
 -1.81655563e+00 -1.02597781e+00 -1.73620317e+00  7.74675901e-01
 -1.89632735e-02 -8.71941358e-01 -5.74735085e-01  1.16499949e+00
 -2.26077744e+00 -1.59010704e-01 -4.21532315e-01 -2.13631775e-01
  2.98427431e-01  8.49380243e-01 -5.40440748e-01  1.13579119e-01
 -7.90489127e-01 -9.25462366e-01 -3.06790431e-01  3.33198703e-01
 -1.37288664e-01 -1.11205999e+00  3.51845220e-01  8.55239553e-01
 -1.56140202e+00  7.49505569e-01 -5.55194170e-01 -7.05126282e-01
 -4.46894694e-01 -2.82787340e-01  1.19260839e+00  1.72288763e+00
  3.89909676e-01 -1.09715305e+00 -2.56164737e-01  3.87391621e-01
 -1.04432723e+00  1.75660644e-01 -1.38177364e+00 -7.81049009e-01
 -1.08657156e+00  1.38353157e+00  1.32757368e+00 -2.07314039e-01
  1.25833728e-01  3.95675396e-01  1.85532510e+00  5.40472490e-01
  7.37935910e-01  2.02285523e+00  9.60593930e-03 -5.25039655e-01
 -6.21859504e-01 -2.00393078e+00  1.12164156e+00 -1.71441317e+00
 -9.44379402e-01  5.87690533e-01 -6.97305427e-01  9.99900334e-01
  6.64523509e-01  1.86444003e-01  3.51169861e-02 -1.43079847e+00
  2.87746411e-01 -1.65604023e+00  1.26044634e+00  6.95183222e-01
 -9.86820853e-01 -1.43565583e+00  7.67868022e-01 -6.14020766e-03
 -4.38894944e-01  2.32503451e+00 -1.27963809e-01 -1.25057276e+00
 -9.08064145e-01 -1.16509079e+00  1.96493320e+00  4.26735778e-01
  9.54416714e-01  8.92221253e-01 -9.60218863e-01  1.05273487e+00
 -1.69171466e-01  5.80254080e-01 -8.18285996e-01 -5.44414825e-02
 -1.68419423e+00  6.40016534e-01  2.87717502e-02  1.87701587e-01
  4.82695272e-01 -1.50307973e+00  1.48412234e+00 -1.12919495e+00
  1.64019694e+00 -6.53082359e-01  2.43510297e+00 -2.43720046e-01
 -7.33117814e-01  3.76121364e-01  8.33140864e-01  7.68792348e-01
  1.13808380e-01  1.89935412e+00 -5.88576320e-01  2.11127660e-01
 -1.34812458e-01  8.23461912e-01  3.96007362e-01  3.33569051e-02
 -3.73593998e-01  1.03618475e+00 -2.21063931e+00  1.78929202e+00
  8.86321325e-01 -3.02423006e-01 -2.86514118e-01 -8.90722285e-01
 -7.72660721e-01  1.38329915e+00  1.27692237e+00 -2.97678974e-01
 -4.42165044e-01  1.24804590e-01  1.11781654e+00  4.59055791e-01
 -4.11831611e-01 -6.66617437e-01 -1.35799472e-01  1.68838359e-01
  1.70536744e+00 -3.90303739e-01  4.12447061e-01 -1.19664299e+00
  6.26327610e-01  1.20574431e+00  6.63064446e-02  1.60953334e+00
 -3.96799511e-01 -8.48286972e-01  1.38012683e+00  1.50651623e-01
  1.89891896e+00  1.52823841e-01  5.88869138e-01 -1.79261895e+00
  2.78920831e-01 -1.27991502e+00  4.60461876e-01  7.20108307e-01
  1.34438882e+00 -1.88724327e+00 -2.51661193e+00  1.17520042e+00
  1.97719991e+00  1.27133332e+00  5.20515362e-01 -4.50410121e-01
 -1.05315485e+00  6.89965567e-01 -4.47985451e-01 -9.71380356e-01
  5.30184224e-01 -6.35363215e-01 -2.00131933e-01  4.12453311e-01
  7.93022421e-01  9.22863335e-01  8.14009838e-01 -2.28234442e-01
  8.91220791e-01  1.41202655e-01  3.96538528e-01  1.92385995e+00
  2.33303417e+00  3.06969243e-01 -6.72043021e-01  7.34876629e-01
  8.57540806e-01 -6.01710105e-01  1.20844224e+00 -9.26081860e-01
 -1.31671046e+00 -1.54816327e+00  2.40591157e-01 -2.06265951e+00
  1.28572730e+00  6.40204707e-01  7.88206401e-01  3.78477761e-02
  1.59178353e+00 -2.43538555e-01  7.76936119e-02 -1.10792344e+00
 -2.05768952e-02 -1.65077256e+00 -1.16005059e+00  5.85185661e-01
 -5.95874618e-01 -1.61950164e+00  2.15091752e-01 -1.40458777e+00
 -4.23805382e-01 -1.85918166e+00  2.06272071e+00  2.10464798e-01
  6.10898418e-02 -1.76502300e-01 -1.21732920e-01 -8.35343663e-01
 -1.61382550e+00 -5.77185105e-01  1.51822588e+00 -3.07490051e-01
 -1.21405154e+00  6.77553062e-01 -1.59212380e-01 -3.72559523e-01
  6.40642451e-01  1.85784143e-01  3.73704402e-01  3.91932320e-01
  6.64537869e-01  5.72919971e-01  4.82033686e-01  1.00091815e+00
 -1.17772607e-01  4.03688743e-01  4.55425514e-02  5.90279056e-01
  1.10804623e+00 -5.61369604e-01  2.86528324e-01  2.69533695e-01
 -1.69713309e-01 -4.09224300e-01  4.18435793e+00  2.00122314e+00
  2.41107345e+00 -1.53045950e+00 -1.69780464e-01 -1.03229912e-01
  4.13454166e-01 -1.01665052e+00 -1.19730842e+00  4.30548121e-01
 -1.50385114e+00  2.38882157e-01 -1.74115535e+00  2.82076274e-01
 -9.41201711e-01 -3.06412659e-01 -1.62504951e+00 -1.29323083e+00
 -7.95851667e-01  8.00694890e-01  4.66376707e-01 -1.12245065e+00
 -1.88893389e+00 -5.38138312e-01  1.06700173e-01 -6.74359300e-01
 -1.44692959e+00  4.44525342e-01 -1.01935182e+00 -9.20751039e-02
 -1.73067898e+00 -1.93537511e+00  6.60284723e-01  1.35427963e+00
 -8.69848451e-01 -5.14206283e-01  1.28973047e+00  3.81484190e-01
  1.10567367e-01  3.17085899e-01  1.25403160e+00  1.22015804e-01
 -1.47380051e+00  1.61586074e+00  1.53702596e+00  9.95716977e-01
 -1.75909740e-01  1.33526449e+00 -2.81055787e-01  4.04509624e-01
  2.22264893e+00  5.99979944e-01 -8.84714898e-01 -6.72360741e-01
 -6.30748475e-01 -1.12550165e-01 -3.63406942e-01  1.28415565e+00
 -1.02332688e-01  1.04393735e+00 -1.34874450e+00 -6.04196754e-02
  9.97118713e-01  3.09985125e-02 -2.38122596e+00 -5.81383110e-01