-5.00105545e-01  4.33417650e-02 -1.38624665e+00  8.61613520e-02
  3.94100753e-01  1.22358935e-01  3.27594803e-01 -6.30029714e-01
 -1.16566450e+00  2.19418922e-03 -5.87924938e-01  3.60276701e-01
  1.01930116e+00  2.65117978e-03 -3.63419867e-01  9.50030002e-01
 -2.82309048e-01  3.62140966e-01  3.41406569e-01  8.35641372e-01
  1.64519001e+00  9.98568197e-01  6.02435672e-01  1.39642334e+00
 -8.85908571e-02  1.69955464e+00  1.82251905e+00  2.12840322e+00
 -3.65301226e-01 -3.25509010e-01 -8.20696479e-01 -2.08528960e-02
  8.74765515e-01 -1.33579401e-02  1.02105409e-01 -2.87577454e-01
  1.13316072e+00  9.64130328e-01 -4.66585926e-01 -1.05120074e-01
 -1.46275436e+00 -1.48231649e-01 -6.95609321e-03  4.62725963e-01
  1.44942157e-01 -4.00199828e-01  5.93062836e-01 -2.92530461e-01
  1.33713375e+00 -1.35071268e+00 -1.24927060e+00  6.68073221e-01
  3.91812517e-01  9.71164765e-01  8.50755572e-02 -9.74060907e-01
 -3.23541413e-01 -2.61122813e-01 -3.11531387e-02 -2.59774418e-01
  7.25005030e-01  2.28053487e+00 -1.00413599e+00 -1.20773825e+00
 -6.81269363e-01  6.44935671e-01  5.04218855e-01  3.35319531e-01
  5.11185334e-01  1.06393687e+00  1.70313215e-01 -2.11894636e-01
 -8.32489554e-01  2.83360347e-01  1.41686295e+00  8.50849651e-01
 -3.30357944e-01 -1.09281114e-01  1.11485394e+00  9.60655324e-01
  6.78602500e-01  1.34822322e+00  1.32567341e+00 -9.18333029e-01
 -2.37669824e+00 -1.99446174e+00  1.13229679e-01 -3.85560523e-01
  2.78737813e-01 -1.36080311e+00  2.41845876e-02 -1.27272839e-01
 -1.44194138e-01  2.35870042e-01  1.61199559e-02  3.45845680e-01
  1.10522264e+00 -4.86941841e-01 -5.61854362e-01  2.46235900e-01
  1.37251223e-01  5.52374820e-01 -1.82109008e+00 -5.23123541e-01
 -7.62730355e-01 -5.47127540e-01  3.29314177e+00  2.23347454e+00
 -8.63699882e-01  1.57121290e-01  5.72401922e-01 -3.47943262e-01
  2.04787047e-01 -6.10762451e-01  1.39075680e+00 -1.47553769e+00
 -1.06816661e+00 -9.26075688e-01 -5.40954303e-01  1.93841188e-01
 -1.47849154e+00  1.34651599e+00 -1.83386083e+00  1.03623761e+00
 -9.65721930e-01 -6.48183597e-01 -1.10423833e+00 -1.81157142e-02
 -1.46418876e+00 -5.70357157e-02 -6.66472431e-02 -1.06570245e-01
 -1.52794355e+00  3.61649439e-01 -7.38428857e-01  2.52324489e-01
 -2.87665624e-01 -6.10233815e-01  6.31712395e-01 -1.03798919e+00
 -1.31008134e+00 -9.41902154e-01 -1.01502230e+00 -1.67553964e+00
  9.88315564e-01  3.85822577e-01  1.54058936e+00 -1.14033860e-01
 -5.98957834e-01 -1.24709766e+00  1.14091703e+00 -4.38624008e-01
 -3.83208593e-01  5.23436387e-01 -7.44311941e-01  2.21175149e-01
 -2.00990119e+00 -1.13909085e+00  1.35890046e+00  1.19392295e+00
  1.20216018e+00  1.72057934e-01 -8.90736381e-02 -8.77712956e-01
  6.87475114e-01  8.03336555e-01  9.17396528e-01  5.92058305e-02
  1.61508676e+00 -5.79963196e-02  4.97179152e-01 -1.43653105e+00
  1.04142780e+00  2.09116798e-01 -1.39879914e+00  8.59545836e-01
  7.67312742e-01  3.50710694e-01  4.40805363e-02 -1.11758935e+00
 -1.84180399e-01 -1.44420782e+00  1.29853239e+00 -8.79269347e-01
  1.70168053e+00 -2.01865985e-01 -6.07528142e-01  1.21464894e+00
 -1.30986578e-01 -5.83874493e-01  1.94388395e+00 -1.34422787e+00
  4.87746788e-01  1.62458007e+00 -7.99599885e-01  7.32059538e-01
  6.56553049e-01 -1.96439219e-01 -6.48251259e-01  1.87489848e+00
 -1.86908949e+00 -6.82399823e-01 -7.95770322e-01  8.83593755e-01
 -6.75876278e-01  6.55825446e-01 -2.97414311e-01  2.02114581e-01
  1.77897753e+00  1.17974760e+00 -3.69651782e-01 -5.85204579e-01
  1.04891615e+00  1.55758629e+00 -6.62219592e-02  1.24906871e+00
 -5.40087055e-01 -2.97018651e-01 -4.75849608e-01  7.52076441e-01
 -1.99001765e-01  1.76602088e+00  3.92654709e-01  7.67225907e-01
 -1.12887018e+00  1.84159104e+00 -6.49654126e-01  9.60475775e-01
 -1.54187928e-01 -1.31099061e+00 -9.74018564e-01  4.71825942e-01
  1.01719375e-02 -1.17176678e+00  7.63248597e-01  6.10950452e-01
  8.49623821e-01  3.67005522e-01 -2.88714089e-01 -8.99734402e-01
 -1.31365983e-01 -1.03577186e+00 -4.05234248e-01 -7.10073686e-01
 -2.64485787e-01 -6.06087856e-01  9.06328040e-03  4.68936734e-01
  1.49335564e+00 -2.25812070e-01 -4.84421293e-01 -1.23971274e+00
 -1.22163838e+00  6.87284176e-01  2.31264529e-01  9.47854530e-02
 -6.49994963e-01  3.32923634e-01 -8.22458736e-01 -2.30193699e+00
  6.45993382e-01  3.42553078e-01 -1.07396263e+00  6.33954036e-01
  4.85074453e-01 -5.17705911e-01 -9.50948028e-01 -3.02123615e-01
 -8.63282346e-01  7.27753376e-01  8.10595383e-01 -9.80592888e-01
 -1.88571770e+00  1.49453597e-01  7.46615142e-01  1.84834121e+00
  2.11743780e+00 -7.45900895e-01  6.37953951e-01 -1.09839801e-01
 -1.25296599e+00  1.93633854e+00  2.69895567e-01 -2.42614210e-01
  1.26133232e+00 -8.27713089e-01 -6.26715502e-01 -1.11287115e+00
  9.20552234e-01  2.11288141e-01 -7.16924585e-01 -1.86050806e-01
  5.88696040e-01  2.12755130e+00 -5.65818089e-01  5.13295265e-01
 -4.38347434e-01 -8.88734732e-02  1.21939982e+00  1.70718368e+00
  1.72880303e+00  6.58193887e-01 -6.86189856e-01  6.99212034e-01
  1.65481972e-01  1.51277289e+00 -6.40616160e-02  5.30225554e-01
  1.91541699e+00  4.11603469e-01  5.58376726e-01 -1.32257323e+00
 -2.97834614e-01  3.22476670e+00 -8.54335480e-01  1.05834949e+00
 -6.22240209e-01 -7.77934143e-01  9.55711108e-01  7.43466665e-01
 -1.77602573e+00 -2.41934944e+00  2.96422554e-01 -6.21750258e-01
 -8.47616543e-01  1.03183999e+00 -9.98592136e-01 -5.93276171e-02
  8.75320264e-01  6.40457727e-01  3.44021708e-01  1.35315035e+00
  2.68867886e-01  5.80091681e-01 -1.42863030e+00 -4.73123866e-01
  1.45812578e+00  6.61152626e-01 -7.26748511e-01  1.26574055e+00
  3.17462694e-01  2.25117219e+00 -1.71086559e+00  5.65254440e-01
  1.66414326e-01  1.11138953e+00 -4.14193885e-01  1.24575005e+00
 -1.04008527e+00  9.99031036e-01  1.02530663e+00 -1.23446484e+00
  2.15195030e+00  4.46614361e-01 -2.71459569e-01  1.73585069e+00
  1.89955974e+00 -6.01443251e-01  2.28527596e+00  7.36365336e-01
  6.52289400e-01  1.38754918e-01 -1.14801090e-01  3.39013477e-02
  1.02356227e+00 -8.98880843e-01  7.12718181e-01 -5.72032125e-02
  3.79083212e-01 -6.71022942e-01  2.85281767e-01  7.68595186e-02
 -4.10981193e-01 -8.36904114e-01 -3.75645055e-01  1.27806041e+00
  2.44788844e-02  4.02159937e-01  3.26331549e-01 -6.55419221e-01
  6.72280162e-01 -3.59877421e-01 -5.21230812e-01 -5.84933546e-01
 -8.64294182e-01  1.81296794e+00 -7.26860696e-01 -1.43349945e+00
 -8.83222065e-01  4.53640979e-01  9.33071896e-01  9.93395027e-01
  2.15640349e+00  5.16514838e-01 -2.62161554e-01  5.90535337e-01
  8.07369804e-01 -2.36301263e+00  4.16171678e-01  2.33857024e+00
  1.86694350e-02 -7.72405074e-01 -1.90991035e-01  8.92712070e-01
  1.03569536e+00 -6.58820630e-01  4.61978981e-01 -1.17760324e+00
  9.20888836e-01  2.60023127e-01 -1.65970448e+00 -2.70006738e-01
 -9.38833072e-01  3.59907631e-01 -1.49262186e+00 -5.37719012e-01
  2.68363183e-01 -3.47606917e-01 -9.71699774e-01  3.10245875e-02
 -1.70571192e+00  4.94428160e-02  1.38628042e+00  9.69875736e-01
 -1.98837112e-01  1.01545667e-01 -5.66009563e-01 -3.41318124e-01
  6.58300810e-01 -2.02664398e+00  7.79182059e-01 -1.97413285e+00
  6.46432737e-01  2.66457885e-01  3.49328563e-02 -3.42685011e-01
 -5.77031491e-01 -9.40852524e-01 -1.10518687e+00  1.49768372e+00
  1.34107790e+00 -9.48868502e-01  3.16869181e-01  3.33656604e-01
 -2.09109217e-02 -1.45922245e-01  9.35898918e-01  2.99200174e-02
 -2.90349626e-02 -4.81520640e-01  2.35152462e-01  4.40515543e-01
  3.70076320e-02  7.74805988e-01  1.91832730e-01 -1.43004594e+00
  4.20593272e-01 -9.33306238e-01 -5.34486788e-01  3.01223632e-01
 -7.92068794e-01 -5.38825083e-01  7.66844134e-02  1.84399010e+00
  1.20476419e-01  1.39565076e+00  2.88135613e-01 -3.47222147e-01
  9.72651325e-01  1.84012181e+00 -1.04059774e+00 -8.79715561e-01
  2.20380599e+00 -1.76484062e-01  3.98107585e-01  1.76856282e+00
  6.58497294e-01  4.86024360e-01  1.40849052e+00 -1.37445680e+00
 -1.15386726e+00  5.46434300e-01  4.41697118e-01  2.12812273e-01
 -6.38939168e-01 -4.75823084e-01  1.02415647e-01 -1.73929880e-01
  1.90936443e+00 -3.32330260e-01 -7.78550862e-02  4.03272293e-01
 -1.21786170e+00  1.95185730e-01 -5.20200500e-01  1.33002251e+00
  8.61498253e-01  2.23908681e-01 -9.17864880e-01 -1.40240083e+00
  3.80833538e-01  4.36808229e-01  4.18515029e-02  5.64371478e-01
 -8.24077360e-01 -9.14981388e-01 -1.51496225e+00 -5.00084943e-01
  1.01102576e+00 -9.59207494e-01 -2.53342010e-01  2.22561948e-01
 -1.87546166e+00 -1.10695531e+00  4.68729010e-01  2.57625352e-01
 -1.36828382e+00 -6.14112505e-01 -9.71359079e-01  5.07034168e-01
  7.14058684e-01  4.19391312e-01  1.18234886e+00  3.44012228e-01
 -1.79568667e+00 -8.44129692e-01  1.79969332e+00 -8.20399775e-01
 -3.21888841e-01  4.60892457e-01  1.19042283e-01 -6.47210005e-01
 -2.69297112e-01  1.14310618e-01 -1.64678411e+00  2.82039826e-01
 -8.66442493e-01  3.91541346e-01  6.65215488e-01 -1.23186536e-01
  4.25486663e-02 -1.05156345e-01  4.03821510e-01  1.31804603e+00
  4.73907842e-01 -7.12975764e-02 -7.35366346e-01  1.48509728e+00
  4.08646160e-01 -1.51233386e+00  6.72701620e-01  3.37492791e-01
 -6.56337122e-01  1.67985402e+00 -8.61855620e-01  3.81512847e-01
  1.76814306e+00  3.41161369e-02 -1.56073450e+00  1.19325210e+00
  8.91614542e-02 -6.72057061e-01 -3.30417472e-02  8.41465724e-01
  5.03153649e-01  2.18826372e-01  1.58364885e+00  1.26013166e+00
 -6.36086528e-01  2.13283258e+00  2.47381059e-01 -2.14355925e-01
  1.89304585e-01 -8.01427086e-01 -1.75658617e+00 -2.59085087e-01
  3.98398294e-01 -6.13707964e-01  5.18805887e-01 -6.87804848e-01
  1.45034959e+00 -6.90318648e-02  2.93824342e-01  1.58576302e+00
 -1.53139372e+00  2.89543158e-01 -8.82338094e-01  6.57717100e-01
 -3.56025687e-01  4.58284601e-01 -4.73182187e-01  4.76566548e-02
  4.63076298e-02 -1.07881638e+00 -1.12158256e+00  3.16702499e-01
 -5.93218727e-01 -4.91655632e-01  8.94349070e-01 -5.31379629e-01
  7.60658606e-01  7.20755063e-01  5.98155376e-02 -4.52476513e-01
  9.10269566e-01 -1.38341721e+00 -1.12699824e+00  9.55278184e-01
 -1.21877426e-01 -2.42902328e+00  9.54849786e-01  5.34755971e-01
 -4.39940114e-01 -2.01301854e-01  7.32452307e-01  2.98825196e+00
 -1.66695333e+00  8.20670629e-01 -1.21654180e+00  7.08978041e-01
  1.18202050e+00 -6.64691261e-01  7.80242750e-01  6.81720935e-01
 -1.52529608e-01 -6.76440031e-01  6.33194557e-01  1.57824114e+00
 -2.26673517e-01 -4.88629405e-01 -7.24399162e-01  9.07572602e-01
 -5.65812703e-01 -2.26521802e-01  1.14199637e-01 -1.53633877e-01
 -5.23562064e-01 -9.39229995e-01 -1.67476188e-01 -2.05680288e-01
 -1.87347828e+00  1.17881039e-01  2.53814825e+00  8.33541598e-01
  5.89635889e-01 -5.28563598e-01 -3.81028437e-01  6.39128420e-01
  1.71876061e+00  1.68376218e+00 -1.16717698e+00  1.04455308e+00
  6.67054425e-01 -1.22437428e+00  9.93278634e-01 -1.95960848e+00
 -4.05443031e-01  4.83173273e-01  1.11729211e+00  3.69804508e-01
  6.18687008e-01  1.33870332e-01  8.46770709e-01 -5.65276392e-01
  3.88842668e-01  3.57965250e-01  7.15602655e-01 -6.10230382e-01
 -2.68928855e-01 -1.24979379e+00  3.31007602e-01  5.68788690e-01
 -1.08062575e+00  6.17014562e-01  5.71886069e-01 -5.64485508e-02
 -1.08818815e-01  1.61203921e+00  2.35812309e-01 -1.77079783e-01
 -8.07744447e-01  7.96402331e-01  1.88220237e+00 -1.82545981e+00
  2.05866761e+00  7.89385030e-01 -6.79066454e-01  1.11395736e+00
 -1.04190360e-01 -9.70659500e-01  1.11739679e+00 -1.21979514e+00
 -1.94928366e-01  1.01871255e+00 -7.30810197e-01 -1.62186728e+00
 -8.05798494e-03 -1.52111780e-01 -8.15763207e-01 -3.58605116e-01
  2.20681493e+00  8.15317634e-01  6.29592886e-01  1.79426491e+00
  1.46493352e+00  1.69508926e+00  5.75342170e-01  7.57324932e-01
  8.30757236e-01  1.54152594e+00 -1.99930608e-01  4.52413796e-01
  2.10928385e+00 -1.28387267e-01 -9.66105280e-01  8.40964032e-01
 -3.85230788e-01  4.38437905e-01 -1.45107887e+00  1.75282310e-01
 -9.35745282e-01  1.80351375e-01  5.35250246e-01  4.52101121e-01
  9.01549207e-01 -2.72116401e+00 -2.69042210e-01 -2.63741058e-01
 -1.72120187e+00  3.74357298e-01 -1.46486326e-01 -3.88102139e-02
  4.81124855e-01  6.60793215e-01 -1.41570878e+00 -6.08430568e-01
 -2.97798370e-01 -8.57294546e-01 -9.78416275e-01  1.39087288e+00
 -2.89868518e-01 -5.92790186e-01  5.23615828e-02 -4.74601136e-01
  5.33933777e-01  2.18724748e-01 -3.58865113e-01  1.12981383e-01
 -5.73139573e-01  1.30123834e+00  9.35173497e-03 -4.84862072e-01
  1.05900204e+00 -1.63755825e-01 -1.03917879e+00 -6.33450932e-01
  2.69170212e-02  2.86403130e-01 -2.48085288e-01 -1.17735789e+00
  1.73752584e-01 -7.13081673e-01 -7.44035262e-01  1.10865695e+00
  9.16836848e-01 -1.50708651e-01 -1.55166442e-01  4.77723507e-01
 -1.42554054e-01 -1.11873064e+00 -1.07448093e+00 -1.16066006e-01
  7.02800031e-01 -1.22434208e+00  1.29462236e+00 -4.41935176e-01
  6.66180343e-02  8.15454843e-01 -2.00026573e+00  3.45760249e-02
 -6.74660567e-01  1.71670534e-01 -1.36860954e+00  1.98075206e+00
  2.24526928e+00 -4.46474761e-01  4.01922104e-02 -1.04307802e+00
 -1.14800324e+00  1.56298277e+00  1.41582162e+00 -1.47029289e-01
  1.93372942e+00  1.69060579e+00 -5.94745210e-01 -1.22623519e+00
 -1.24129681e+00  1.59996241e+00 -8.57503422e-01  1.07185165e+00
  8.75564985e-02  1.21683621e-01 -2.74514794e+00  9.02273740e-01
  8.87088923e-01 -2.79119268e-01  1.95809979e-01  1.01466684e-01
 -4.31414585e-01 -9.73702523e-01 -1.95692766e+00  1.43779772e+00
 -7.43798021e-01  1.52027250e+00  6.29797258e-02 -1.76361961e+00
 -4.64174980e-01 -5.45088074e-01  2.28213958e+00 -1.39373288e-01
  5.54514857e-01 -4.34263380e-01 -1.58124614e+00 -1.40038703e+00
  7.21704741e-01 -1.63488210e+00  1.04355460e+00 -2.73168404e-01
  1.19676094e+00  3.23599447e-01 -1.15176433e+00  7.01611175e-01
  5.42224821e-02  4.97278144e-01 -2.72589413e-01  1.34579967e+00
  6.05188595e-01  1.15861282e+00 -1.24608192e+00  2.38862975e-01
 -4.33067423e-01 -2.29992419e-01 -7.60497982e-01  6.32284526e-02
  1.20248065e+00  7.98083960e-02  2.20219880e+00 -4.70773738e-01
  2.57557191e-01  1.69692399e-01 -3.38025407e-02 -2.18294750e+00
  5.08494999e-02 -7.21281915e-02  3.65148737e-01 -8.94154116e-01
  4.75005555e-01  9.60532318e-01  1.86841530e-01 -1.35431578e-01
 -1.90162306e-01 -6.92683585e-01 -9.28445613e-01 -2.80307418e-01
  1.08043641e-01 -2.80499394e-01  1.28854076e+00 -1.97681334e-01
  1.43930769e+00  2.28609963e-01 -5.17817789e-01 -2.10100291e-01
 -4.44371390e-01  1.44496044e+00 -1.17545816e+00 -2.20908218e-01
 -1.72148865e+00 -1.15597855e-01 -2.22573253e+00 -2.88724940e-01
  1.41879434e+00 -8.96281997e-01 -5.51832040e-01 -6.04217302e-01
 -1.35984997e+00 -3.47021670e-01  4.65018836e-01 -1.02165685e+00
 -1.46491661e+00  5.01085983e-01 -5.62682443e-01  8.41542692e-01
 -6.45117349e-01  6.83535263e-02 -4.27792925e-01  1.72718798e-01
  1.84208105e+00  1.91061729e+00  5.58810085e-01 -1.60504306e-01
  6.90874178e-01 -1.17655574e+00 -2.32828082e-01  2.14090034e+00
  2.39573097e-01 -5.03552663e-01  6.96827765e-01  1.56579211e+00
  5.90567326e-01 -1.51241958e+00  1.67019976e+00 -2.70666345e-01
 -4.58610652e-01  3.61346260e-01 -1.17126249e+00 -1.06163467e+00
  9.75332810e-01 -4.97321960e-01  4.27331974e-01 -1.27710199e+00
 -1.38594134e+00  1.12076031e+00  2.25301897e+00  1.46341026e-01
  1.56603606e+00 -1.99900117e-01 -6.71292719e-01  2.54840051e+00
 -7.50502050e-01  2.17476060e-01 -6.49733990e-01  4.37130472e-01
  8.79773544e-01 -7.09307836e-01 -2.29554878e-03  2.45678838e+00
 -1.81406120e+00 -4.56493828e-02  1.24793829e+00  2.67962129e-01
  1.36587814e+00 -1.12627160e+00  1.35068234e+00  1.85798628e-01
  2.19557328e+00 -9.10049894e-01 -3.39011179e-03 -4.03707430e-01
 -4.18940153e-01  2.01467175e-01 -2.12743834e+00  1.80410353e+00
 -1.39398938e+00  2.02408353e+00 -5.53380571e-01  2.96546342e-01
  4.43144072e-01 -1.56409369e+00  5.01852656e-01  6.51750940e-01
 -2.68017608e+00 -7.84608426e-01 -4.14462072e-01 -9.17103416e-01
 -9.29073443e-01 -4.00488859e-01  8.43803288e-01 -1.82372224e-01
  1.26722679e+00 -3.81097685e-01 -6.43735202e-01  4.53107910e-01
  2.21842612e+00 -1.67201520e+00 -4.48399583e-01  6.43414500e-01
  2.82757024e-01 -3.54585250e-01 -6.82238177e-02  4.85786611e-01
 -1.47919866e-01  4.57388398e-02  1.65246845e+00  1.40984815e+00
  8.08799052e-01 -3.59991426e-01 -6.02374690e-01 -1.07506637e+00
 -1.12797956e+00 -2.49358598e+00 -1.21528828e+00 -4.90287230e-01
 -8.13462505e-01 -9.41096276e-01  2.90417587e-01 -1.47624471e+00
  9.02273685e-01 -9.75708538e-01 -7.59486536e-01  8.11911830e-01