 1.75419558e+00 -1.32676857e+00  8.38134272e-01  5.68799214e-01
 -1.62005806e+00 -6.68498020e-01  4.86678527e-01 -1.19143363e-01
  5.31524512e-01 -1.18157777e-01  2.78828243e-01  1.07010620e+00
 -1.87604749e+00 -6.81904790e-01  8.29830398e-01  1.38590279e+00
  5.35002411e-01 -2.45715087e-01  1.14723848e+00 -7.87422165e-01
  3.12316064e-01 -1.17326065e+00  6.53377223e-01  1.09699073e+00
  1.04314899e+00  1.32536502e+00  7.35453999e-01  7.07224437e-01
  6.68587903e-01 -3.76517234e-01  1.05681115e+00 -8.83679854e-01
  4.26372631e-01  1.28508761e+00  1.48257738e+00 -4.29585368e-01
 -6.26071100e-01 -1.04113762e+00 -1.78071289e+00 -1.19965994e+00
 -2.28511116e+00 -3.83329879e-01  4.22564335e-02 -7.18448900e-01
 -2.77286025e-01 -8.21522427e-01  1.18628181e+00 -2.62090870e+00
 -6.93311410e-01 -1.33610345e+00 -4.43279845e-01 -1.35176170e+00
  8.02831895e-01  2.53281267e-02  3.79624863e-01  1.42984898e+00
  1.48115037e+00  1.18192892e+00  1.34323888e+00  1.74978113e-01
 -4.53308184e-01  1.10548327e+00  1.06902151e+00 -1.52327005e-01
 -2.44475125e+00  4.17108017e-01  2.44489306e-01 -1.32090680e+00
  7.82968826e-01  8.29336114e-01 -3.44648514e-01  1.58923885e+00
  3.59429199e-01  1.46615373e+00  2.21054618e-01 -8.36556729e-02
 -8.72574182e-01  3.25052486e+00 -1.04404033e+00  2.43812042e-01
  1.67069670e-01 -6.80235910e-01 -1.79858412e+00 -2.12096044e-01
 -2.10864819e+00  2.31684338e-01  1.46877882e+00 -1.32285918e+00
 -1.98495271e-01 -9.86927430e-01 -1.11903904e+00 -5.37508122e-01
  3.52289267e-01  1.59095393e+00  5.82827764e-01  8.83637238e-01
 -1.80388261e-01 -2.90607209e-01  7.03219519e-01 -6.73861265e-01
 -4.11586153e-01 -7.54402296e-04  1.84508163e+00  6.69618698e-01
  3.82114572e-01  1.05460074e+00  3.92018761e-01 -1.73078870e-01
 -2.55071485e+00  5.36378141e-01 -9.72133725e-01  6.15834966e-01
  5.41194442e-02 -6.92637265e-01 -5.00485767e-01 -3.56541906e-02
  7.11252422e-02 -7.14842961e-01  1.73431900e-03 -9.34836284e-01
 -1.98609802e+00 -1.01360756e-02  1.17039475e+00 -9.48354205e-01
 -1.85062259e+00 -1.91005866e-02 -3.99381096e-01 -1.36448575e+00
  1.09539441e+00 -8.65721774e-01 -5.57929719e-01  1.03176017e+00
 -2.74020391e+00 -1.20945275e-01 -4.78731146e-01  1.42817768e-01
 -5.13749169e-02 -7.66960284e-01  9.01135384e-01  1.40660698e+00
 -4.54810581e-01  1.08200373e+00 -4.46598594e-01  1.75658360e+00
  5.83041882e-01 -6.06237005e-01  1.05362351e+00  1.53587002e-01
 -1.21709825e+00  1.57395417e+00  1.75136164e-01 -9.11284518e-01
  1.02485688e+00 -8.79032936e-01  3.43364981e-01 -1.01617804e+00
  4.89101227e-03  7.45707847e-01  5.84538896e-01  2.47315204e-01
  1.33797015e+00  2.01407918e-01  1.80171220e+00  2.76680456e-01
  8.34131101e-01  1.96078305e-01  5.96082501e-01  6.76994876e-01
 -4.13507593e-01 -4.60305234e-01 -1.43320099e+00  4.83053849e-02
  1.47258668e+00 -1.03719810e+00 -1.16642757e+00  1.06299709e+00
 -9.01286603e-02  3.55884090e-01 -6.41663280e-01  9.98385839e-01
  2.76865042e-01 -1.28126616e+00  1.65880262e+00 -9.60503709e-02
  6.43397824e-01 -7.48771543e-01  4.50832698e-02 -1.56147550e+00
 -2.54942013e-01 -3.21252873e-01  1.08879379e+00  1.54733900e+00
 -1.46669132e+00  8.27512435e-02  6.02797584e-01  1.54300266e+00
 -3.26974742e-01  4.12994231e-01  2.05246562e+00  5.48819560e-02
 -1.16824845e+00 -1.48804952e+00 -1.03859124e-01  4.72248103e-01
 -7.92562448e-01 -4.80855240e-02  4.11235695e-01  2.50013242e-01
 -3.81801714e-01 -5.81286290e-01 -6.71870038e-01  3.24495309e-01
 -3.80386110e-02 -7.15579819e-01 -3.34770081e-01  4.38531041e-01
 -2.66995154e+00  5.51986530e-02  1.31813119e+00 -1.14817589e-01
 -1.59832248e+00  1.37395185e+00  5.21161879e-01  2.59151252e+00
  1.34266622e+00  2.69298871e-01  6.80528238e-03 -3.71916980e-01
 -2.29221175e-01 -1.21281970e+00 -1.01053080e+00 -2.64093246e-01
  6.71898081e-01 -1.30297434e+00  1.18627357e+00  1.68217408e+00
 -1.32886493e-01  8.52815115e-01 -4.81485778e-01  1.11359731e+00
  1.33598325e+00 -1.59528886e+00 -2.21755731e+00 -1.59697432e+00
 -7.50441665e-01  1.59517679e+00 -4.84402191e-01 -1.50006129e-01
  1.43012639e+00  2.02462014e-01 -1.25352386e-01 -2.85539544e-01
 -1.93071832e-01  4.49500777e-01 -3.20674449e-01  4.71595547e-01
  1.45368468e+00 -4.46711805e-01 -1.62808942e+00 -1.20622914e+00
 -2.49039798e+00 -4.83029301e-01 -1.37593986e+00  6.93589085e-01
 -3.96417356e-01  3.05087316e-01 -2.02280663e+00  6.56215262e-02
 -1.57836655e+00  8.10297784e-02 -2.15993170e+00  4.89393695e-01
  1.23500780e+00 -5.83745076e-01 -2.49846132e+00  9.62122331e-01
  3.12626788e-01 -2.02998866e+00 -4.09495649e-01 -6.59570438e-01
  2.69763544e-01  1.12029975e+00  7.31051637e-01 -1.42817064e+00
 -1.76631364e+00 -6.02817506e-01 -6.85062066e-01 -9.61079759e-02
 -1.94584616e+00  4.48361402e-01  1.91468411e+00  8.72162924e-01
 -9.19248832e-01  1.11110892e+00  2.91188440e-01  1.22592108e+00
 -1.71250848e+00 -1.33284857e+00  1.11925635e+00  6.56062312e-01
 -5.49863891e-01  1.43534837e+00  2.68736106e-01 -2.30307267e-01
 -3.38034468e-01 -2.40818615e-01  4.27494221e-01  8.24047860e-01
 -1.53285354e+00  3.76750365e-01 -4.91097322e-01  7.66673126e-01
 -1.18875879e-01  2.34163787e-02  6.42191336e-01  1.14318886e+00
 -8.10476628e-01  1.71081276e-01  6.57012811e-01  1.04621181e+00
  7.72038677e-01 -6.37063576e-01  7.55157289e-01 -2.92256419e-01
  1.96957276e-01  1.24768175e+00 -4.03465644e-01  1.58651235e+00
 -9.80441706e-01  2.31377251e+00  8.38214344e-01  6.39257056e-01
  2.50470514e+00 -1.01080914e+00  4.69255842e-01 -1.14914262e+00
 -3.38437654e-01  9.95518237e-01 -2.58824398e+00  7.98516274e-01
  7.40187801e-01  7.40046933e-02 -1.16968307e+00 -8.99166610e-01
 -9.97123384e-01  4.83614572e-01  2.33046093e+00 -9.14540048e-01
  1.22447023e+00 -1.84028288e+00  1.52018146e+00  3.62875363e-01
 -9.21283696e-01 -7.86546491e-01 -3.34188654e-01  1.06359418e+00
 -1.09207468e+00  7.72383905e-01 -1.39308999e+00 -3.46314423e-01
 -1.58146136e+00 -1.00560364e+00  8.40126083e-01 -3.32123038e-01
  7.30486204e-01 -2.73077390e+00 -1.70132957e-01 -1.48346211e+00
  1.06020049e+00 -1.54867466e+00 -9.27965623e-01 -4.03126662e-01
 -7.78341938e-01  1.60283890e+00 -3.12002551e-01 -7.85851803e-01
 -2.66157319e-01 -5.84363622e-01 -3.05931428e-01  1.67302940e+00
 -1.58842879e+00 -6.21180934e-01 -5.14552047e-01 -1.30150093e+00
  5.16513012e-01  1.38997922e-01 -7.53174077e-01  4.26740147e-01
 -7.66598638e-01 -9.40251578e-01 -4.38081041e-01 -1.33651362e-01
  6.22167049e-01 -3.08475711e+00  1.42048834e+00  1.54816634e+00
 -6.50831207e-01 -7.73239716e-01  9.16007828e-01  1.02173761e+00
 -1.22110690e+00  2.61526610e-01 -1.61040335e-01  1.85357017e-02
 -1.40834665e+00  1.68395652e-01 -3.30248468e-01 -9.01635900e-01
  2.22861525e-01  4.58253697e-01  1.39279985e-01 -9.22688147e-01
 -8.64741399e-01  1.02329364e+00  1.14976006e+00  8.12513819e-01
 -1.51544340e+00 -9.06783890e-01 -1.69018670e+00 -1.48162784e+00
 -1.21585168e+00  4.06074217e-01 -9.69504395e-01 -1.03609587e+00
  6.24146704e-01 -7.00824467e-01 -2.21564070e+00  3.80827353e-01
 -2.70623240e+00  2.85958487e-01  3.28654803e-01  1.94144635e-01
 -2.28321026e-01  1.39879296e+00  1.61332811e+00  5.90318188e-01
  8.84884461e-01 -8.06451646e-01  2.06746519e+00 -1.61348445e-01
  1.11482257e+00 -7.63959328e-01 -1.08380301e+00 -1.25053414e-01
  1.16396254e+00 -1.41349217e-01 -6.58036401e-03 -2.41039456e+00
 -1.50520433e+00  7.36435367e-01  2.48897182e-01 -4.19198269e-01
  4.41985032e-01  6.31984124e-01 -2.99437083e-01  2.03704485e-01
  8.25471324e-01  9.06732362e-01  2.42984984e-01 -6.12655234e-01
  3.90111861e-01 -2.04637629e-01 -1.45652818e+00  4.79784109e-01
 -1.07937320e+00 -4.59997721e-01 -1.44045411e+00  3.35937847e-01
 -2.36518962e+00  1.47942182e+00  6.47288202e-01  3.43052162e-01
  1.00602136e-01 -9.50426125e-01 -6.39428582e-01  7.94622489e-01
 -1.45804826e+00  2.70967239e-01 -4.72427019e-01  4.23131568e-01
 -2.57110884e-02 -1.36223374e+00  7.53607278e-01  3.65383423e-01
 -1.58289183e+00 -2.49491473e-01 -3.42223564e-01 -5.81357582e-01
 -6.01836614e-01  1.05084217e+00 -7.84317262e-01  7.85024709e-01
 -6.24288905e-01 -1.19445346e+00  7.76470013e-01  1.54770847e-01
  1.53190847e+00  1.52226236e+00 -6.60108309e-01  2.06509464e-01
  5.38414521e-01 -5.67434139e-01  1.46534056e+00  1.22233449e+00
 -1.58979819e+00 -8.70981116e-01  2.25598864e-01  1.78566750e-01
 -7.80261003e-01 -1.18211506e+00  1.51900521e-01 -1.95274508e+00
  5.32943938e-01 -8.79144522e-02  3.15840232e-01 -1.56565728e+00
 -1.99249799e-01  7.86074329e-01 -6.08473527e-01  1.22684783e+00
  2.85721623e-01  1.93648717e-01 -6.21108234e-01 -8.60983020e-01
  8.18934121e-01 -2.51212678e-01  3.74839734e-02 -1.72607799e+00
 -2.71508785e+00 -4.79506221e-01 -2.29289928e-01 -1.02993929e+00
  1.35677311e+00  2.36429278e-02 -6.57804974e-01 -1.38888509e+00
  1.61563127e+00 -5.47939015e-01  7.72232568e-01  1.42319059e+00
  1.82821525e+00  1.79080162e+00 -2.04635576e-01 -4.34103462e-02
  4.34785839e-01  4.88623498e-01  2.64482316e+00 -2.83455850e+00
  2.75703358e+00 -8.84659517e-01 -2.72431395e-01  1.99971980e-01
 -6.74005648e-01 -7.78189913e-01  1.72652905e+00  1.21177784e+00
  1.42596589e+00  1.52879362e-01 -7.02200270e-01  1.76472144e+00
 -8.81675430e-01  1.11190523e+00  1.35613682e+00  3.12824754e+00
  5.17775811e-01  1.46207880e+00 -3.98582279e-02 -8.12546198e-01
  7.59534419e-01  3.96599677e-01  1.08562617e-01  1.22009473e+00
  5.22221667e-01  1.71450569e+00 -1.86917909e-01 -5.62680806e-01
  1.40714137e-01  7.28341288e-01 -2.08337203e-01 -8.79392790e-01
 -1.44975882e+00  1.53744261e-01  7.94286722e-01 -7.58863938e-01
 -7.83499395e-01  1.20788067e+00  1.42113030e+00  5.92523550e-01
 -9.90104140e-02 -1.44603116e-01 -2.87345689e-01 -8.77988578e-01
 -1.02711863e+00  3.35734785e-01 -2.07769122e-01  9.94639717e-02
 -1.39429227e+00 -6.23174944e-01  2.50391390e+00  1.51084205e+00
 -8.71729512e-03 -5.53249018e-01  2.36552875e-01  1.40773855e+00
  1.22337030e+00  2.00713720e-01  3.60783007e-01  1.44101749e+00
 -7.62105023e-01 -2.64833255e-01 -3.07982550e-01 -8.42864523e-02
  7.95216654e-01 -5.80953703e-01 -1.14851664e+00  8.64734663e-01
 -2.08574415e+00  5.68147417e-01 -1.11175984e-01 -7.38310517e-01
 -5.35946300e-01  1.20857364e+00  1.88861285e+00 -1.33891876e-01
 -2.37256423e-01  5.79582648e-01 -1.30442071e+00  2.52570800e-01
 -1.11614787e+00 -2.20634566e+00 -5.81254217e-01  1.41243662e+00
 -1.20727545e-01 -1.28702022e-01  7.83553900e-01 -2.84690168e-01
  1.42919013e+00  7.42197002e-01  5.97613430e-01 -1.88115875e+00
  1.14651575e+00  1.73451206e+00 -4.16328713e-01  7.66537210e-01
  1.88738427e+00  1.70021231e+00  2.55318093e-01 -5.71624029e-01
  8.39423721e-01 -1.68810416e+00  1.86132582e-01 -1.30801801e+00
  2.42236259e+00  2.53219688e-01  2.92455909e+00 -3.81661010e-01
  1.41790592e+00  1.80641039e+00 -1.42469544e-02  1.47749554e+00
 -7.11343101e-02  2.44336535e-01  2.55212399e-01  9.50061417e-01
 -7.18790651e-01  7.31542193e-01  6.02274594e-02 -2.03572796e-01
  6.14105120e-01 -1.73467939e-01 -1.96514375e+00 -7.74855273e-01
  2.75092020e-01 -5.54503272e-01  1.35275465e-01  5.27385063e-02
 -8.86732155e-01  1.24669397e+00 -2.59582985e+00 -4.92400125e-02
 -9.98057559e-01  4.15407911e-02  9.67233146e-02 -1.54656611e-01
 -7.36899334e-01  1.01102977e+00  1.23982929e+00 -1.71010597e+00
  2.43987183e-01 -8.61182750e-01  1.73634749e+00  4.62768424e-01
 -2.62303963e-01  3.73550245e-01  2.28183162e-02 -6.86951963e-02
  8.63968481e-01 -3.63458762e-01 -1.04481170e-01 -9.04739554e-02
 -1.60481254e+00 -8.13856503e-01 -3.75559375e-01 -7.77044631e-02
  6.01489267e-01  2.14907132e+00  9.86493535e-01 -6.54344194e-01
 -4.73972979e-02 -1.20520609e+00 -3.11499081e-01 -2.35722367e-01
 -1.90903335e+00 -1.12672563e-01 -1.70582051e+00  4.28668722e-02
 -1.86105312e+00 -4.67582898e-01 -1.81223310e+00 -9.14297913e-01
 -1.12562591e+00  7.81804711e-01 -1.33643237e+00 -9.87504145e-01
  9.88253309e-01 -7.75041169e-02 -1.69327290e-02 -8.54221096e-01
 -4.16569054e-01  1.80506868e+00 -1.93182722e-01  7.52004336e-01
 -1.44385556e+00  1.61583939e-02  1.10550865e-01 -1.98978803e-01
  3.42507174e-01 -2.39093676e-01 -6.20517779e-01  4.65839849e-02
 -8.39104651e-01  8.83157771e-01  9.37764337e-02 -3.92051155e-01
 -6.04225755e-01 -2.50027640e-01 -1.23138182e+00 -3.83825054e-01
  4.78821010e-01 -7.37365758e-01  1.63096323e-01 -5.85250092e-01
 -3.48354764e-01 -5.40149917e-01 -8.92292708e-01 -1.83341952e-01
  8.77558851e-01 -1.00994017e+00  4.00563899e-01  4.87525030e-01
 -5.56555050e-01  5.23475475e-01  1.19972391e-01  3.77205198e-01
  1.96888495e-01  7.30845788e-01 -1.37045429e+00 -1.45587879e+00
 -5.76386423e-01  5.93784913e-01  1.48506564e-01 -1.41169905e+00
  7.51360517e-01  2.25317715e+00 -1.64180066e+00  1.19043025e+00
 -1.42440106e+00  6.42760868e-01  1.64674055e+00  7.91975428e-01
  1.60874566e+00  5.51116557e-01  1.57973406e-01  5.23131872e-01
  1.70032556e-02 -5.16693441e-01  1.45630591e+00  1.60820080e+00
  5.30093478e-02  1.22846383e-01 -8.42599198e-01  2.42799947e-02
  2.05418580e+00  1.22584527e+00 -4.30370549e-03 -4.28005719e-01
  6.15846071e-02 -1.71396166e+00 -3.38575687e-02  6.54288222e-01
  1.03291561e+00 -1.12023600e-01  4.82625439e-01 -1.13299580e+00
  2.19501094e+00  7.21794584e-02 -8.31270165e-01  1.23014490e+00
 -3.63609534e-02 -1.36490475e+00 -8.42664841e-01  3.35731321e-01
 -1.41594862e-01  3.87531082e-01 -1.13758507e-01 -1.35699665e-01
  5.49390243e-01  2.17573104e+00  2.19255956e-01 -1.02420476e+00
 -7.75406636e-01  5.01687125e-01  8.61683559e-01  8.60112407e-01
 -1.72611907e+00 -1.20539078e+00  7.13760055e-01  1.05298880e+00
  5.70097729e-01 -1.59449522e+00  2.51174538e-01  1.32488868e+00
 -2.64022375e+00  4.38068496e-02 -5.01857415e-01  8.96624737e-01
  2.99470163e-01  1.82818944e-01  1.15523144e+00 -1.13845434e-01
 -1.32191132e+00  1.59424575e+00 -1.74456172e+00 -1.63927772e-01
  1.24219155e+00  2.76397852e-01  2.59671676e-01 -9.19020709e-01
  2.78070773e-01 -6.15661504e-01  3.00857230e-01 -1.12232787e+00
  2.08856872e+00 -4.64713770e-01 -2.06693494e+00  4.82409510e-01
 -1.04279310e+00  6.50413219e-01  5.56740380e-01 -9.14382920e-01
  3.79887286e-01  8.74445514e-01 -1.15301448e+00 -4.61677522e-02
  4.13069458e-01 -1.05831136e+00 -9.35940115e-01  6.48873640e-01
 -1.86600001e-01  6.09744432e-01 -2.35628711e+00  2.89237860e-01
  1.83642808e+00 -1.39047301e+00 -1.02264516e+00  1.05403379e+00
  4.57447713e-01  1.34056101e+00 -4.45472503e-02 -1.59641352e+00
 -6.06278450e-01  4.81587961e-01  7.19892481e-01  9.71294226e-01
 -6.47250320e-01 -2.17573095e-01  9.14319002e-01  3.08811775e-01
 -5.13575901e-01  7.54350790e-01 -1.19357704e+00  1.65209709e-01
 -1.43363240e+00  2.48746990e-01  5.31891840e-02  3.89280327e-01
 -1.41464943e-02  1.30694381e+00  7.89354321e-01  1.17943056e+00
  6.95554522e-01 -9.44331206e-01 -1.42941829e+00 -1.02085649e+00
 -1.90628283e+00 -3.94150502e-01 -1.13822380e-01 -1.46628610e+00
 -7.27401280e-01 -3.61925760e-01 -1.39282630e+00  2.18327770e-01
  5.71226092e-02 -7.80280911e-01 -1.44180637e+00 -2.03070676e+00
  2.55932772e+00 -7.10386048e-01  7.36705553e-01 -1.69686815e+00
 -2.70306021e+00 -8.46375420e-01 -7.59937899e-01  1.14901765e+00
  1.36259065e+00 -1.84388420e-01 -1.08026311e+00 -4.68964810e-01
 -1.04513548e+00  5.34210533e-01 -1.18344891e-01 -2.58937269e-01
 -2.21454058e-01 -4.64678542e-01  1.32289195e+00  3.14975423e-01
 -7.73666809e-01  1.52692349e+00 -1.38046804e+00  1.13676678e+00
  3.88677176e-01  1.65698537e+00 -7.41345479e-01 -1.19315220e-01
  9.15642608e-01 -5.10777166e-01  9.31610521e-01  3.27333392e-01
 -9.16340612e-01 -1.83353129e+00  1.76530535e+00  1.38407465e+00
  9.87506400e-01 -7.39273363e-01  1.44873516e-01  9.57776683e-01
 -1.44323985e+00  8.90235341e-01  9.07856753e-01  3.55843045e-01
  4.61704704e-01  1.64470233e+00 -9.75504779e-01  4.66037491e-01
  1.14974500e+00 -6.08106754e-01  3.70383246e-01 -4.38283870e-01
  5.05709512e-01  3.66903127e-01 -1.60501490e+00 -2.74178496e-01
 -8.57585446e-01 -1.45257288e+00  7.22182364e-01 -2.97225579e-02
  1.18061731e+00  1.15164539e+00 -8.89546576e-01  1.81271386e+00
 -1.46258435e+00 -1.05062025e+00 -8.38898835e-01 -5.62365969e-01
  4.51697541e-01 -5.39009622e-02 -1.83245773e+00 -1.19566099e-01
  5.28483328e-01 -1.84354860e+00  2.10811004e-01 -1.29779854e+00
  1.07388205e+00 -1.16444109e+00 -1.40948176e-01 -2.04866729e-01
 -5.68425806e-01 -6.98417867e-01 -1.72125688e+00 -9.44548411e-02