 1.81304248e-01  2.27061234e+00 -7.60553804e-02  1.09512840e+00
  5.77904864e-01 -4.48943034e-01 -9.50844609e-01 -7.44262326e-01
 -3.02267851e-01  7.70186089e-01 -6.40445032e-01  6.38357727e-01
  7.82577786e-01  3.96626661e-01  7.14412339e-01 -1.65780849e+00
  2.41669787e-02  1.45152644e+00 -1.21446313e+00  8.08397978e-01
  1.20889573e-01  6.19276612e-01  1.74671601e+00  6.04622060e-01
  8.55815552e-02  4.51050675e-01  1.81598071e+00 -1.82164650e-01
  6.17235175e-01  2.98688960e-02 -1.33206742e+00 -2.28563107e+00
  6.43102059e-01 -6.09763264e-02  1.60162360e+00 -9.02114632e-02
  6.90811923e-01 -1.45969050e-01  2.10496634e-02 -1.54304505e-01
 -2.88535371e-01  3.46041319e-03  4.98701240e-02 -4.02476353e-01
  1.95245331e+00 -7.49763405e-01  6.54099125e-01  6.72476345e-01
 -2.28789929e-01 -3.48796318e-01  8.44913635e-01 -7.93334863e-01
  5.27808449e-01 -5.21456602e-01 -1.08808208e+00  4.56960848e-02
  1.52201317e+00  1.32272251e+00  5.67029994e-03 -1.61029340e+00
 -6.95821113e-02  2.88116144e-01  8.47822460e-02 -2.32226880e-01
  3.48938136e-01 -6.16334920e-01 -1.33044733e-01 -3.19127711e-02
  1.26659059e+00  2.24655403e+00  9.30597622e-01  1.13046133e+00
  1.06585632e+00  4.60974250e-01  6.45435549e-02 -1.58791888e+00
  8.88458760e-01  5.25707700e-03  1.08358952e+00  4.48466268e-01
 -4.60339525e-01  5.30885475e-01 -8.44208422e-01 -6.89694262e-01
  4.06215299e-01 -3.34186310e-01  9.89482520e-01  5.72142199e-01
  2.44499272e-01 -1.22677957e-01  5.46963163e-02 -2.15487077e-01
  8.82849710e-01 -2.22514203e+00  1.31886617e+00  5.78000136e-01
 -2.69559114e-01  1.21066718e+00 -4.33303283e-01 -5.45644918e-01
 -2.04221573e-02  1.17660493e-01 -8.44454617e-03  3.61383853e-01
  2.74939227e-01  5.87262593e-01  1.22157724e+00 -9.42047607e-01
  9.51979221e-01 -1.34720098e+00 -1.42205315e+00 -1.29808108e-01
 -1.06462038e+00  1.56765564e+00  1.73184485e+00 -1.05864957e+00
 -1.39678561e+00 -1.64223291e-01  7.40987001e-01  2.42366067e-01
  8.90274275e-01 -3.69612755e-01 -1.65892742e-01  1.82017003e-01
 -1.26983617e+00 -1.22142303e+00 -1.21003446e+00  1.11959571e+00
  1.72793358e-01 -1.22101247e+00 -5.59648510e-01  2.90598607e-01
  3.87504010e-02 -1.31611761e+00  3.78546711e-01  9.40888833e-01
 -1.55952172e+00 -3.99283951e-01 -3.95248949e-01 -7.26557672e-01
  6.34360349e-01 -4.65605365e-01 -5.35528837e-01  2.01929736e-01
  2.51775199e-01 -7.79939640e-01 -2.67958943e-01 -4.65155448e-02
 -1.84620028e+00 -9.71745041e-01 -3.11544019e-01 -2.07846220e-01
  3.14093885e-01 -7.76212317e-01 -2.24799721e-01  2.15186741e-01
  4.62808878e-01 -1.48630447e+00  1.59305104e-01  6.53061385e-01
  1.38380694e+00 -2.95288838e-02 -1.07733215e+00  1.54353211e+00
 -7.83463715e-01  1.11940623e+00  1.62980342e+00  1.37980525e+00
  5.19790424e-01 -6.61878342e-02  7.25994623e-01  1.25186837e+00
 -1.35538888e+00  5.21387318e-01 -1.62947405e+00  8.71992244e-01
 -1.16291518e-01 -4.59129363e-01 -1.12982409e+00 -1.02460862e+00
 -2.65352950e-01  6.71184300e-02 -4.77112316e-01 -1.15241956e-01
 -1.09099893e-01 -7.84854736e-01  4.60360911e-01  1.13247003e-02
 -1.55236969e+00  1.09599064e+00 -3.84316213e-01 -1.10788555e+00
  2.11619926e+00 -1.48303028e-01  1.53469893e+00 -2.78672893e+00
 -1.63590743e+00  1.23906887e+00 -4.30374828e-01  7.27034849e-01
  1.15346166e+00 -4.80033010e-01 -1.10305565e-01  4.14656168e-01
  9.08627200e-01 -1.50689871e+00  3.40236087e-01 -8.18911418e-01
 -1.43730299e+00 -2.29596520e-02  8.63771178e-01 -5.40940118e-02
  1.07682201e-01  1.50885683e+00 -1.65059657e+00  3.03917066e-01
 -7.08291660e-01 -4.24530984e-01  3.09356317e-01 -6.23510980e-01
 -7.24945381e-01 -7.71454042e-01 -1.17115972e-01 -1.30346675e+00
 -1.40064932e+00  9.80410280e-01  7.24785717e-01  1.87252050e-03
 -1.61244978e+00  5.97658571e-01 -1.75723694e+00  1.97744399e-01
  1.20385169e+00 -2.47582942e+00 -2.12387478e+00 -3.83786579e-02
  1.22739691e+00  1.52268849e-01 -5.34300179e-01  3.21231945e-01
  1.14518795e+00 -2.71380233e-01 -3.47847584e-01 -1.91238561e-01
 -8.57409206e-01  9.76124600e-01  1.03533001e-01 -1.07333076e+00
  1.79464854e+00 -1.31154515e-01 -8.82489622e-02 -2.12748806e-01
  2.24206840e+00  1.03175651e+00 -5.80370924e-01 -1.37002424e+00
 -6.65112538e-01 -5.40191915e-01 -8.94149734e-01  1.04029382e+00
  6.62123095e-01 -9.27804754e-01 -7.15347713e-01 -2.09883559e+00
 -2.44949119e-01  3.14990701e-01  9.14169654e-01 -6.19154310e-01
  8.33979467e-01  6.38264582e-01  5.14269144e-01 -5.51227239e-01
 -1.01836825e+00 -5.96150527e-01 -2.49003335e+00  9.16884473e-01
  5.06475573e-01 -6.45061705e-01 -1.78096845e+00  2.97411506e-01
  1.35534318e-01 -8.09726547e-01 -9.62512625e-01  1.96233687e-01
  9.18532062e-01 -3.30188616e-01  1.20250895e+00  3.45810125e-01
  2.57428588e-01  1.17967720e-01  1.27098989e+00 -2.43863050e-01
  6.22566288e-01  1.40061822e+00  2.05161607e-01  1.71031021e+00
  1.27655864e+00 -2.04347513e-01 -2.01790592e-01  2.41952013e-01
  3.64220835e-01  1.82906779e-01 -1.58889435e+00 -4.97056108e-01
 -3.29040600e-01  1.17554085e+00  5.19939903e-01  1.23277216e-01
  1.18722452e+00 -8.10149249e-01  6.63204198e-01  5.48136010e-01
  9.93248194e-01 -2.15019888e-01  1.17347130e-01 -6.82077780e-01
 -1.02486872e+00  2.40544714e+00  3.05273618e-01 -4.40743192e-01
 -3.68522066e-01 -2.17110493e+00 -4.61913145e-01 -1.46742645e+00
  5.27206920e-01  1.86329224e+00 -3.55941981e-01 -9.82483874e-01
  8.52027221e-01  1.63633656e+00  2.22447567e-01 -7.18647579e-01
 -6.79943254e-01 -2.56848133e+00  3.80101580e-01  1.05057523e+00
 -9.45028333e-01  1.20145471e+00  9.12515750e-01  8.56428408e-01
 -1.87797770e+00  1.08227662e+00 -2.90722366e-02 -7.75661254e-01
 -5.72070967e-01 -7.19361026e-01 -2.59962271e-01 -3.83638270e-01
 -5.96774706e-01 -1.81450061e+00 -4.27672252e-01  1.43233550e+00
 -1.75448933e+00  9.55343993e-01  1.08156048e+00 -7.91112279e-01
  1.43779076e+00 -8.57990136e-02 -8.05160805e-01 -5.12744780e-01
 -1.10144005e+00  2.59006802e-01  2.18071376e+00 -1.37600696e+00
  2.18066096e+00  1.79447420e+00  7.99923431e-01  1.72929640e+00
 -1.05383041e+00 -1.40595231e+00 -1.68131987e+00 -1.63496497e+00
 -1.58269052e-01  1.10686886e+00 -1.15475993e+00  9.59660232e-01
  2.56711818e+00 -7.08845911e-01  1.75519264e+00  7.77010444e-01
 -1.42790711e+00  1.94809055e+00  2.25693031e-01 -2.84978732e-01
  9.79491431e-01  3.67332163e-01 -1.55733139e-02  1.42140660e+00
  9.64119847e-01 -1.01452795e-01 -1.10994378e-01  3.21876408e-01
  1.05542665e+00  1.74999440e-01 -1.42956080e-01  1.33617323e-01
  9.86003759e-01 -4.32825919e-01  4.97254768e-01  7.55917319e-02
  5.22056175e-01  1.11127910e+00  3.52311227e-01 -3.20894253e-01
 -2.83711685e-01  1.02250880e+00 -6.11203953e-01  4.62796175e-01
  5.46749340e-01  1.21441308e+00 -2.28812874e+00  3.68964471e-01
 -7.78550405e-01  1.82088675e-01 -3.73933845e-01  4.83407223e-01
  2.32134072e+00 -6.13302764e-01 -2.99382915e+00  7.62045695e-01
 -1.22082081e+00 -2.85849902e+00 -6.71455352e-01  3.05745260e-01
  9.74959228e-01 -4.62154824e-01 -1.73583276e-01 -1.05374710e+00
 -1.64218339e-01  4.55640286e-01  1.83163970e+00  6.52505198e-01
 -6.93104023e-01 -1.33212928e+00  8.38139403e-01 -1.41229718e+00
  4.42273944e-01  8.75932579e-01  8.92405304e-01 -1.61336730e+00
 -1.45843530e+00  1.90593766e+00  1.00843940e+00  8.96312972e-02
 -1.03929043e+00  5.59947584e-01  1.36925307e+00  4.64741675e-01
 -1.53935056e-01  1.30287054e+00  1.20160140e+00 -5.90434384e-01
 -6.82932197e-01  1.26289358e+00  1.81715810e-01  2.57370206e+00
 -5.41598643e-01  1.64083055e+00  8.04257699e-01 -4.16040885e-01
 -6.73557515e-01  2.88806982e-01 -2.40755214e+00  2.11053981e+00
 -9.27779217e-01  5.68806759e-01  9.06697274e-01 -1.66448729e-01
 -2.44063616e+00 -2.52052917e-01  2.86519566e-01 -5.23732900e-01
  8.96081818e-01  1.32398015e+00  6.96017252e-01 -5.43495776e-01
 -2.01840828e+00  1.03578413e+00  1.50001969e+00  8.65256910e-01
  1.21733991e+00 -1.00669932e+00  6.13821936e-01  2.03648264e-01
  8.57080234e-01  3.58473347e-01  5.84509650e-01 -1.15897707e+00
 -7.46707884e-01  1.35035883e+00  5.68863097e-01 -7.13437354e-01
 -6.27132171e-01 -2.51080943e-02 -2.70369868e-01 -6.66683797e-01
 -7.26172082e-01  2.23671100e+00  2.44590904e-01 -4.25389145e-01
  7.23535788e-01  7.36060100e-01 -1.27398671e-01  5.56776288e-02
 -7.32987903e-01 -1.09506099e+00  8.57583100e-02 -5.98793182e-02
  1.67921643e+00 -2.15228137e+00  2.19194831e-01  9.70943715e-01
  2.64739314e-03 -2.54081744e+00 -1.42435334e+00  7.66830597e-01
 -1.30191704e+00 -1.79884786e+00 -4.64793979e-03  1.78948748e-01
  2.01028430e+00  9.26544791e-01  1.37455875e-01 -1.39097543e+00
 -5.99913099e-01  1.21424639e+00  3.33209681e-01  6.45890366e-01
 -1.79319347e-01 -3.22803985e-01  3.35810888e-01  4.68899363e-01
 -1.28681642e+00  1.54642321e+00 -2.58913668e-01 -1.40960404e+00
 -1.02063803e+00 -2.29233746e-01 -1.18935615e+00 -2.98091800e-01
 -1.63026163e+00 -1.63485978e+00  2.97841333e-02  1.21347974e+00
 -4.50175849e-02  7.85695221e-01  1.19620037e-01 -8.34478868e-01
 -1.91499196e-01  7.73016829e-01 -1.11785598e+00 -7.93405861e-01
 -2.57230715e-01  1.92735942e+00  5.88566459e-01 -3.96054436e-01
 -2.73455014e+00  1.03491364e+00 -1.03379745e-02  2.08316447e-01
  6.43978042e-01 -9.97023777e-01 -1.39711805e+00  1.72937485e+00
  3.72653678e-01  1.69610070e+00 -9.25319091e-01 -3.48401755e-02
 -2.43418962e-01  6.97566276e-01 -4.80229150e-01 -7.08886124e-01
  6.29510139e-01  1.33960152e+00  1.16824862e+00 -1.80157439e+00
  2.30304181e+00  2.47702299e-01  7.08223008e-01  8.55544411e-01
  2.06394256e-02  4.58998983e-02  3.59286590e-01 -6.71301669e-01
  1.58628395e+00 -2.55071804e-01 -1.35055116e+00  1.19723978e+00
  6.14947074e-01  3.65223993e-01  5.03049556e-01 -7.56676506e-01
 -5.76370299e-01  3.21766466e-02  4.75280911e-01 -9.46290654e-01
  5.25829726e-01  3.08727813e+00 -2.87812640e-01 -1.74308964e+00
  4.76616993e-01 -2.19629285e+00 -2.41829634e+00 -1.14300527e+00
 -7.03842193e-01  1.57830461e+00 -2.20189077e-02 -1.78530959e+00
  2.32964556e-01  1.54656790e+00  1.11035864e+00 -9.47875274e-01
  1.58997207e-01  3.68957012e-01 -1.24916044e-01  9.98165418e-01
  8.02972319e-01 -9.85538294e-01 -2.06292144e+00 -4.32369010e-01
  1.25207916e-01 -1.20833821e+00  1.56423298e+00 -1.95083442e-01
 -1.83749229e+00  3.17350497e-01  1.61887126e+00 -3.54934663e-01
  2.78640041e-01 -1.10659162e+00 -9.83737887e-02  1.36735999e+00
 -1.59875783e-01 -2.02201367e+00  2.41268028e+00  2.09300150e+00
 -6.78328997e-01 -3.24455661e-01  2.34299163e+00 -4.87130391e-01
 -8.52058092e-01 -1.21496454e+00  1.13606147e+00  1.42674099e+00
 -1.25144839e+00  1.94629603e-01  1.79991337e+00  2.05439172e+00
 -6.01761242e-01 -1.46326664e+00 -4.10980165e-01 -3.10556476e-01
  1.23613489e+00 -2.09625999e-01  4.25815658e-01 -4.20171458e-02
  1.69599531e+00  5.97615742e-01  5.01106736e-01  1.13567018e+00
  7.46212882e-01 -6.93022186e-01  2.93445617e-01  6.41845199e-01
  4.98380311e-01  5.86992407e-01 -1.76771286e+00 -2.72408119e-01
 -1.18550267e-01  1.07319066e+00 -4.15890145e-01  7.87135783e-01
  2.48761497e-01 -4.01116933e-01 -1.36094795e+00 -1.94163463e-01
  5.45190026e-01  1.15486890e+00  4.80769332e-01 -1.07320904e+00
  8.23312844e-01 -7.86134997e-01 -1.99152573e-01  1.40454393e+00
 -8.79199900e-01  2.50994669e-01 -3.55507955e-01 -1.62329200e-01
  9.72893088e-02  6.55857667e-01 -3.97375431e-01  6.47034450e-01
  5.71667247e-01  9.76559875e-02  7.67879410e-01 -7.08242837e-01
 -5.30047530e-01 -9.49529581e-01 -1.24952345e-01 -1.10665774e+00
  5.26255491e-01 -1.64557296e-02 -1.47792837e+00 -1.19165252e+00
 -1.23796262e+00  4.61645596e-02  4.87623858e-01  3.05195589e-02
  6.62080782e-01  1.10313318e+00 -8.85463522e-01 -9.47507367e-01
  6.61753732e-02 -7.54759534e-02 -1.06802222e+00 -5.51537971e-01
 -3.89222592e-01  2.34352818e-01  1.15903731e-01 -4.43836795e-01
 -1.17984022e+00 -6.20549236e-02 -7.16599760e-01  2.17307478e-01
 -6.53447878e-01  2.92222738e+00  1.53231073e+00  2.16640935e+00
  1.36894906e+00 -6.61968724e-01  4.16522003e-01 -5.53584378e-01
  6.54849001e-01  1.16915159e+00 -5.59098706e-01 -2.40876787e-01
  1.74273073e-01 -2.50637035e-01  7.43265440e-01  9.69036339e-01
  1.07657624e+00  7.24092341e-01  1.22868895e+00  5.22947802e-01
 -7.22173079e-01 -1.05842359e+00 -6.92805680e-01  4.93802468e-01
 -5.20375448e-01 -1.27730411e+00 -1.89183978e-01 -3.57897046e-01
  1.38601033e+00 -1.41014870e+00  6.55330566e-01 -2.33537314e+00
  1.77978629e+00 -3.48052804e-02 -8.65527776e-01  6.27887983e-01
 -1.00678390e+00  8.67374930e-01  4.73552307e-01  1.54652122e+00
  6.04024026e-01 -1.00817339e+00 -6.63721331e-01  6.52731549e-01
  4.65671709e-01  9.11333583e-02 -2.02045396e+00  2.88405542e-01
 -2.19257990e-01  1.00362332e+00 -1.66119603e+00  7.82004111e-01
  4.09058756e-01  2.35077218e+00  8.68695618e-01  2.10083589e+00
  9.23174262e-01  1.60478214e+00 -8.70343875e-01  7.69647879e-01
  1.32710792e+00 -8.59667630e-01  1.48146727e-01  3.18869386e-01
 -8.62617839e-02  6.72324819e-01 -1.35735853e+00 -1.10070685e+00
  4.21881887e-01 -1.36954227e+00  5.99834216e-01  4.51976803e-01
 -8.40248432e-03 -1.61316559e+00 -7.70805159e-01 -1.00728078e+00
  1.30906115e+00  7.17234808e-01  7.38225882e-01  1.33299805e+00
 -6.83739965e-01  2.13811041e-01  5.55366538e-01 -2.06988754e-02
 -7.33131011e-01  1.16016616e+00  1.30451410e+00 -4.83301935e-01
  7.46147754e-01 -1.55259914e+00 -5.11844470e-01 -3.81866155e-01
  1.22893036e+00  7.75675048e-03 -1.18207189e-01 -1.00353339e+00
  5.17019621e-01 -3.48141435e-01 -1.05295595e-01 -5.64803607e-01
 -5.16420290e-01 -1.46989607e+00  8.30602084e-01 -1.68104380e+00
 -2.33136243e-01 -1.43585081e+00 -1.31236550e+00  1.12601508e+00
 -8.30348217e-01  5.01000405e-02 -6.17110213e-01  7.20024925e-01
 -1.27966772e+00 -1.37647640e+00  7.30938000e-01  1.71880417e+00
 -1.11020062e+00  7.47261099e-01 -8.37339653e-02 -4.15890639e-01
 -3.26704251e-01 -8.44220035e-01 -1.21556394e+00  3.07737122e-01
 -1.37087429e-01  1.46098564e+00 -1.17025590e-01  1.13652915e-01
  1.97862519e-01 -3.37773836e-01  1.65490012e+00  5.95205616e-01
  2.87856691e+00  1.15937804e+00 -2.33657023e-01 -1.24768084e-01
  1.02146396e+00 -1.23900113e+00  1.01345504e+00 -3.26016649e-01
 -6.73876382e-01  1.07716321e+00  4.95067795e-01  2.25906021e+00
 -3.47544803e-01 -2.26726783e-01 -1.23666944e+00  5.12028063e-02
  4.08748624e-02 -1.87953902e-01  4.67150969e-01  5.91767440e-01
  1.65740241e-01 -1.51042953e+00 -8.11392170e-02 -5.48808631e-01
  2.65511884e+00  8.10998659e-01  6.55817258e-01  3.93078691e-01
 -1.12562261e-01  7.77131664e-01  4.96030133e-01 -2.10340623e-01
 -1.13298110e+00  2.14360816e-01 -7.76459423e-02 -1.19663265e+00
 -1.17658073e+00  3.74706262e-01  4.27999162e-01  3.91235556e-01
 -1.33611947e-01  3.70575697e-01 -7.50796784e-01  5.17398750e-01
 -9.04157178e-02 -1.65644909e-01 -5.73950652e-01  7.74136187e-01
  1.85365388e+00  2.15983992e+00 -6.01941482e-01 -3.67635618e-01
  1.03296948e+00 -1.49176841e-01  7.15751132e-01  1.91618122e-01
  1.17846621e+00  2.30781667e-01 -1.90138227e-01 -5.13199605e-01
 -2.47266149e-01  2.62270542e-01  1.40180851e+00 -1.38413345e+00
 -3.20468460e-01 -1.04132075e+00 -1.38523884e+00  9.06124250e-01
  2.80710204e-01  1.79427162e+00 -1.89934409e-02 -1.80832391e+00
 -1.25085329e+00  5.80605999e-01 -1.70137346e-01  2.85518205e-01
 -5.55790701e-01  3.03899317e-01 -1.61935868e-02  3.08892122e-01
 -4.66704613e-01  6.53633696e-03 -3.15078179e-01  7.96590633e-01
  1.24843377e+00  3.74099678e-01  5.50440948e-01 -6.54116334e-01
 -1.19875205e+00 -5.96878382e-01 -3.15747939e-01 -1.61071044e+00
  6.36134795e-01 -6.63181669e-01 -5.90875529e-01 -4.98442068e-01
 -9.25184574e-01 -6.16573058e-01  2.13609085e-01 -1.58114966e-01
  1.31997197e+00 -4.70646403e-01  1.32535888e+00  8.35018767e-01
  2.33418608e+00 -7.08078332e-01 -1.17633622e+00 -7.88005828e-01
  7.89562049e-01 -8.99506372e-01  3.87321585e-02 -4.03861636e-01
  4.55297011e-01  3.49716439e-01  3.67384767e-01  1.22523036e+00
  4.86549519e-01 -2.71565670e-01  1.68377863e+00  5.56768643e-01
 -2.74445251e-01 -9.47490953e-01 -1.40976725e+00  9.91601478e-01
 -2.10493189e+00  3.79867641e-01 -1.56506772e+00 -9.87889760e-01
 -3.02127134e-01  1.14283937e+00  5.76416249e-02 -2.42310422e-01
 -1.30601351e+00 -1.21963830e+00  1.35695209e+00  9.33715571e-01
  1.39916923e-02 -1.44023515e+00 -6.12678818e-02 -5.89387043e-01
  2.84093131e+00  7.15382844e-01 -5.61595495e-01  2.51178147e-01