-8.99055333e-01 -7.88612193e-01  9.46388812e-01 -4.68334646e-01
 -3.95227027e-02 -1.01807435e+00  5.54254163e-01  5.43105841e-01
 -3.68125807e-02 -6.49464010e-01 -6.81981074e-02 -1.02900408e+00
  2.05159452e-01  2.45644736e-01 -6.35958227e-01  8.89064123e-01
 -1.25552426e+00  1.24491622e+00 -3.38327598e-01  6.64978986e-02
 -3.87748536e-01 -5.74525142e-01 -1.92881412e-01  1.33217564e+00
  4.79044728e-02  9.00037413e-01  1.36626714e+00 -2.25454199e-01
  2.15381423e+00 -4.45028260e-02  4.64500199e-01 -2.00500467e-01
  3.26487160e-01  3.54293227e-01 -1.26224044e+00  3.98822856e-01
  8.88637511e-01  2.09548714e+00  1.13958463e+00  1.34678041e+00
 -2.01217699e+00  6.10489050e-01  8.01635829e-02  1.04540583e+00
 -1.76321500e+00 -2.48592939e+00 -1.00102430e-01 -1.99315595e+00
 -1.84621557e+00 -1.63358299e+00 -1.59053789e-01 -3.89900161e-01
 -2.21731062e+00 -8.51142551e-01  1.25382403e-01  1.84146974e-01
  4.67482063e-01  1.55848172e+00  2.15684594e+00 -1.54909386e+00
 -9.27355837e-01  4.60769535e-01 -1.01476531e+00  3.00730914e-01
 -7.78444457e-01  2.39923612e-02 -1.83374774e+00  2.33134584e+00
  1.03324199e+00  2.01576298e-01 -3.11424312e-01 -1.08765165e+00
  1.69956573e-01  3.82516838e-01  7.47054712e-01  6.74562723e-01
 -4.65194478e-01 -3.94843869e-01 -2.50794980e+00 -2.48807706e-01
  3.21494243e-01  4.74644919e-01  1.87689215e+00  5.43993606e-01
  4.00544554e-01  2.77601028e-01  6.35276711e-01 -1.05939557e+00
 -3.34910888e-01  7.43385446e-01 -2.22867685e+00  3.25326814e+00
 -8.54242120e-01  9.39049938e-01  8.67837203e-01 -1.49474585e-01
 -1.72976328e+00 -6.51926559e-01  2.61633386e-01 -7.63046860e-01
 -2.39331959e-01 -1.30654009e+00  1.95662204e+00 -5.95562351e-02
 -7.81096030e-02 -1.52888818e+00  3.81453127e-01  1.94287798e+00
 -8.87223246e-01  7.54421318e-01  1.13227670e+00  7.13420995e-01
 -5.00208106e-01 -1.13867076e+00 -1.75998896e+00 -1.17171799e+00
  3.01993565e-01 -1.83612126e+00 -9.72980653e-01 -1.31953251e+00
 -2.88919419e-01  2.72703391e-01 -1.38150126e+00  7.31141165e-02
 -3.55000010e-01  7.82307046e-01 -1.04764305e-01  1.12509332e+00
 -1.50870728e+00 -2.16104448e+00  1.25431214e+00  2.39789338e-01
  9.24962291e-02  5.16697105e-01 -5.13611199e-01 -9.73840160e-01
 -2.53595987e-01 -2.05702788e-01 -8.55509028e-01  2.78426456e-01
 -5.64062727e-02 -8.01478580e-01 -7.16479902e-02 -1.95268097e+00
 -2.31233835e+00  1.12791151e+00  2.65580540e-01  1.28833312e+00
 -4.15274652e-01 -1.71999027e+00 -3.28986662e-01 -2.85454557e-01
  1.33131124e-01  7.53087644e-01 -1.01649874e-02  5.74908565e-01
 -8.48838833e-01  2.26986403e-01  9.27915932e-01  8.62013061e-01
  1.10598849e+00  2.04491102e+00  1.19036775e+00  3.97827333e-01
  1.00536151e+00  1.84429920e+00  3.09708172e-01  9.53151253e-01
 -1.10850103e+00 -1.03888996e+00 -8.00348855e-02 -5.62541250e-01
 -1.18360950e+00  1.24722485e+00  4.98478247e-01  2.98526481e-01
 -1.51573573e+00  5.30235234e-02 -1.14784337e+00  1.86399873e+00
  1.75367184e-01 -1.48501260e+00  4.28182296e-01  5.28528840e-01
 -2.15017756e+00  2.05016413e+00 -1.40037763e+00 -5.53098837e-01
 -1.41646967e+00 -1.28907165e+00 -3.86969320e-01  1.30762097e+00
  9.80289550e-01 -1.76871690e+00  3.62338358e-01 -2.18764428e+00
  1.63553362e+00 -1.35537835e+00 -7.39971799e-01 -1.39966090e+00
  1.29630416e+00 -6.46234318e-01 -4.16365762e-01 -9.08736906e-01
 -3.25404637e+00 -1.23866530e+00 -1.07247926e+00 -1.04037757e+00
  8.74333261e-01  3.78648540e-01  3.27011906e-01 -1.14367576e+00
  5.33982735e-01 -4.40190766e-01 -3.39194403e-01  1.00929620e+00
  5.55425852e-01 -4.54487413e-01 -6.14963684e-01 -1.58603865e-03
 -4.14070120e-03 -9.09071657e-01 -1.78066222e+00 -1.70479403e-01
 -1.42490960e+00  1.48662147e-01 -4.72313577e-01 -5.11606006e-01
  7.89110730e-01  1.36050443e+00  8.53567917e-01 -1.21934103e+00
 -4.38472758e-01 -4.17859560e-01  3.27731300e-01  2.90995082e-01
  1.25616292e+00 -6.43912013e-01 -4.79290573e-01  7.45732872e-01
  1.36449800e-01  1.84669439e+00  2.25000545e-01  8.59322193e-01
 -4.54070424e-01  1.97632444e-01 -6.61124739e-01  3.13450361e-02
  2.27914106e+00 -2.36409128e+00  1.06686086e+00 -7.62599094e-01
  1.14431520e+00  3.36807330e-02 -1.66684518e+00 -1.48421353e+00
  9.79176853e-01 -2.37348365e+00 -3.64067589e-01  7.34507604e-01
 -3.11723970e-01 -1.73555849e+00 -1.55511190e+00 -2.37104646e-01
 -1.25463911e+00 -2.65589666e-01 -9.74891345e-01  4.71209840e-02
 -4.78471322e-01  1.84332360e-01  2.39873115e+00 -1.43528717e+00
  2.82958133e-02  2.36544092e-01  1.05733668e-02 -3.69396070e-01
 -1.42550330e+00  7.39771236e-02 -5.75968558e-01  3.51432782e-01
  9.06311397e-01 -2.23366852e-01 -3.87814448e-01  4.85049368e-01
  2.44697629e-01  9.74889089e-01 -1.32971398e+00  9.55488443e-01
 -2.37354650e-01  7.59258009e-01 -7.19163109e-01 -1.79029446e-01
  1.09178765e-01  1.94055824e+00 -1.06482706e+00 -8.15962750e-01
  9.88350614e-01  5.15888202e-01  2.04242813e-02 -4.10237591e-03
  1.82429027e+00  1.12945894e+00  1.21897546e-03  2.58646673e+00
 -1.01877996e+00 -2.39244697e+00  1.00731830e+00 -7.40663766e-01
 -6.25861048e-01 -6.32447131e-01  7.73090302e-01 -2.18258310e-01
  7.59741219e-01 -8.63271126e-01  2.74341143e-01  3.25329204e-01
  9.96862044e-01  9.63431593e-01 -2.38172645e-01 -8.62827129e-02
  1.00784428e-01 -8.85073563e-01 -1.65017697e+00 -9.79387229e-01
  2.33285975e-01 -8.95743560e-01  1.21577906e+00 -4.63701484e-01
  6.86239041e-01 -3.87679603e-01 -7.55654850e-01  1.58148944e+00
 -3.69475700e-01  1.26325442e+00 -1.84530291e-01 -1.78566396e-01
 -5.55742897e-01 -3.62934272e-01 -1.02382536e-02  9.48777110e-02
 -2.54109802e-01 -1.25641431e+00 -1.34605884e+00 -2.31325964e-01
 -7.75427974e-02 -2.87936357e-01 -1.64686757e+00 -1.59614047e-03
  3.84020450e-02  4.04034742e-01 -7.99851212e-01  7.50670164e-02
  1.53715653e+00  7.37537529e-01 -1.70125069e-01 -2.36524412e-01
 -1.91754411e-02 -1.32070672e+00 -3.64197759e-01 -2.20235161e-01
 -1.34446351e+00 -7.33135087e-01 -5.39380969e-01 -5.76634272e-01
 -1.69402919e+00 -4.02082801e-01 -2.27680782e-02 -2.74605571e+00
 -4.44171383e-01  2.18498595e-01 -8.44012189e-01 -9.84006376e-01
  4.66617879e-01  1.82457514e-01 -8.41982302e-01  1.55200021e-01
  4.26457891e-01 -4.01406107e-02  1.29475085e+00 -3.78213110e-01
 -3.12484251e-01  5.95756564e-01  1.83007187e+00  1.27511741e+00
  7.99480682e-02  1.36228232e+00 -2.10105208e+00 -9.95175225e-02
 -4.76696172e-03  1.55596701e+00  6.90415976e-01 -3.25710474e-01
 -1.71393769e-01 -1.71288017e-01  6.04078360e-02 -5.52659216e-02
 -2.91548637e-01  4.29647604e-01  1.39878699e-01 -3.77706607e-01
 -3.17607086e-01 -1.24348635e-01 -5.61002898e-01  1.01776517e+00
  2.90855178e-01  7.70660759e-01 -9.05722073e-01  6.93119258e-01
  3.10017624e-01  1.93685440e+00 -8.03639438e-01 -1.19976555e+00
 -2.31898203e-01 -9.54152044e-02 -1.69062377e+00 -5.84825375e-01
  8.11780272e-01  3.20302300e-01  7.12423902e-01  4.21692188e-01
 -1.16653692e+00 -5.20336294e-01  2.75005622e-01 -7.25162403e-02
  3.95789657e-02  1.21715080e+00  6.82774891e-01  4.78533704e-02
 -6.88768858e-01 -6.85886551e-02 -1.51187500e+00 -3.34011374e-01
  6.54672005e-02  7.74042446e-01  2.18538617e-01 -9.44182124e-01
 -7.09441042e-01 -2.26374274e-01 -3.47308623e-02 -8.40059337e-01
 -3.48353180e-01 -3.41155453e-01 -8.29509214e-01  4.67719613e-01
  1.02843454e-01 -6.86132778e-01  8.14184394e-01  1.99366086e+00
 -1.95669436e+00  3.13123018e-01  8.51595540e-01  4.79282356e-01
 -5.25430806e-01 -2.21052889e-01 -1.45544481e+00 -6.28166390e-01
  1.50476985e-01 -1.54933652e+00 -1.27032756e+00  2.14741469e+00
 -1.36322863e+00  1.24601570e+00  2.02304945e+00  5.84786349e-01
 -1.23895009e+00 -6.28464510e-01  1.49204673e-01  7.41244089e-01
  1.23527658e+00 -1.07149815e+00  2.32706079e+00 -4.81668851e-01
  1.22710941e+00  1.44676621e-02  5.65113941e-01  2.93526488e-01
 -1.54997673e+00 -8.81955711e-01  5.52589576e-01  1.21214542e+00
  6.38388218e-01  1.28246890e+00 -1.04725549e+00 -2.98332950e+00
 -1.18513069e+00  4.31860257e-02 -3.67297094e-01 -5.09183376e-01
  8.84599987e-01 -8.19237653e-01 -1.58758925e-01 -2.15671161e+00
  5.77129401e-01  2.11073772e-01 -7.87867853e-01 -6.72094392e-01
 -4.92357377e-01 -1.56564638e+00  5.28505838e-01 -1.27597639e+00
  7.37020089e-01  4.95799515e-01  1.22448431e+00  1.91457712e-01
  8.10797263e-01 -5.38446202e-02 -7.75717538e-01  1.87227552e-01
 -7.19179062e-01  1.55348992e-01  1.02218497e-01 -3.19148280e-01
  3.90231856e-01  9.07886455e-02 -9.25809732e-02  1.26183410e+00
  1.05894665e+00 -5.05034152e-01  7.12376551e-02  2.15070297e-02
  1.22460145e+00  1.88384236e+00  8.40682212e-02  8.50656503e-03
 -1.92267501e-02  8.88459499e-01  1.83777628e-01  4.59657585e-01
 -2.09449504e+00  1.81377020e+00  2.52662908e-02 -3.43865062e-01
  5.29427419e-01 -1.57375021e+00  1.13195665e+00 -1.08922754e-01
  1.24668789e+00 -1.09888355e+00  1.28162413e+00 -3.81262464e-01
 -1.44505518e+00 -2.39478877e-01  1.00609591e+00 -1.22454718e+00
 -2.07073389e+00  1.30754904e+00 -2.88280016e-01 -4.31051111e-01
  9.69933884e-01  3.99008256e-01  6.17349876e-01 -1.93511756e-01
 -1.08512307e+00  1.54723772e+00  9.56993507e-02 -2.21622326e+00
 -1.82568046e+00  9.10948529e-01  9.31942909e-01  3.40249142e-01
  1.07565804e+00 -7.20186658e-01 -2.14442443e+00 -2.71818046e-01
 -7.94953906e-01 -6.60619281e-01  2.43019413e-01 -1.36563393e+00
 -9.41384303e-01  1.22455637e+00  1.64450821e+00  3.82606292e-01
  1.65572867e-01 -1.02191136e+00 -1.21887478e+00 -4.37294993e-01
 -1.49518939e+00 -2.73510014e-01 -2.25866391e+00  3.00883663e-01
 -9.08518652e-01 -3.63968539e-01 -1.78996160e-01  3.33420540e-01
  1.70057747e-01  1.06543833e+00 -1.26779825e+00 -2.19478926e-01
  4.88261472e-01 -1.62318886e-02  5.47043635e-01 -1.80243900e+00
  1.30011067e+00  1.50066604e+00 -6.28848815e-01  3.33893117e-01
 -1.46858869e+00 -9.00710207e-01  3.59432475e-01  1.09847982e+00
  1.12941060e+00  3.85049179e-01 -2.96854344e-01 -1.90301473e+00
  2.55585748e-01 -5.23175188e-01  7.98205543e-02 -1.15570057e-01
 -7.97333050e-01  1.16341544e+00  2.34439761e+00 -1.78302371e-01
  6.74165233e-01  1.12956346e+00  1.10607956e+00  1.95443330e+00
  2.18487712e-01  1.56922984e+00 -1.02954088e+00  1.18825349e+00
  1.30643371e+00 -1.33302791e+00 -6.50663215e-01 -7.73701634e-02
 -1.15040209e+00  4.85484144e-01 -5.24849051e-01  1.57858507e+00
 -1.10808916e+00 -1.72443929e-02  1.00735131e+00 -1.74230317e+00
 -2.05763233e+00 -2.47779351e-01  1.72977283e+00  1.67744512e+00
 -1.05830528e+00  1.39364617e+00 -2.43760298e-03  8.91539189e-01
 -8.44034029e-01  7.76508075e-01 -1.07166845e+00 -2.42887753e+00
 -2.21425682e-01 -1.44903348e+00 -7.16844265e-01  1.04620756e+00
 -4.65649049e-01 -3.64484706e-01 -1.27503872e+00 -3.31020218e-01
 -5.70767203e-01 -3.37601075e-01 -1.34694132e+00  7.68374193e-01
  6.39360665e-01 -4.11763044e-01 -1.29584751e-01 -8.96532838e-02
 -2.24585291e-01 -5.05905638e-01  1.67130148e+00 -1.01301973e+00
 -3.63788706e-01 -1.93184181e+00 -8.95684186e-01 -6.75087907e-01
 -1.30579913e-01  7.26960074e-01  7.78499788e-01  3.46305914e-01
 -2.39642732e-02 -7.02907026e-01  8.40710208e-01  1.11626692e+00
  4.18351626e-02  2.22530678e-01  6.61234315e-01 -1.72839438e+00
  3.96178574e-01 -1.13227208e+00  5.40712417e-01  2.57971952e-01
  1.69301532e+00 -9.31808030e-01 -1.09381132e+00  2.61573635e+00
  8.61605173e-01  1.34350549e+00 -6.77272497e-01 -3.35453797e-01
 -3.48853433e-01 -1.46749073e+00 -2.69447872e-01 -5.35772010e-01
  5.38110386e-01  3.54529525e-01 -1.35822537e-01 -6.47674131e-01
  1.27369947e-01  1.07204114e+00 -6.30930056e-01  5.61410145e-01
  1.90387897e+00 -4.54084168e-01  6.52986479e-01 -1.82533961e-01
 -4.32452823e-01 -1.31111133e+00  1.79210182e-01 -1.96469787e+00
  1.49586221e+00  1.98982784e+00  1.81012215e-02 -1.33860014e-01
  5.78081697e-01 -7.76820777e-01  2.56105825e+00  5.73763207e-01
  1.64077259e+00  2.33100847e-02 -1.22088213e+00 -7.64873681e-01
 -3.20250681e-01 -5.20998779e-01 -9.40430111e-01  5.65466238e-01
 -1.91103012e-01 -3.48478357e-01  4.23920277e-01 -9.81112961e-01
  1.00855628e-01 -3.05894143e-01  2.65693246e+00 -1.13909264e+00
  3.38936854e-01  9.19253354e-01 -2.28981712e-01  4.27279419e-01
  3.98038009e-01  5.21659258e-01  5.65501269e-01 -6.83597066e-02
  4.46563645e-02 -2.95245206e-01  1.64361568e+00  1.17961337e-02
  9.94209019e-01  6.01477190e-01 -4.07080698e-01  1.52261824e+00
 -2.49520114e+00  9.86159095e-01 -3.30064178e-01  3.85958328e-01
  1.16964793e+00  1.53562610e+00  2.56992579e-01  4.01157621e-01
 -1.22631691e+00  2.34133204e+00  7.00510667e-01  5.19616859e-01
  1.69211240e+00  1.71608291e-01  7.13646629e-01 -1.40645100e+00
  1.54020547e+00  1.37600539e+00  1.32775879e+00 -7.37391836e-01
  6.70629227e-01  1.09029293e-01 -8.40512822e-01 -1.11850559e+00
 -1.75608712e-01 -2.15001887e+00 -1.87119856e-01 -5.06170394e-01
 -8.37391098e-01 -1.30913174e+00  2.71799265e-01  8.16583215e-01
  1.19770166e+00 -5.18492741e-01  1.58751029e-01 -5.89004986e-01
 -1.59974877e-02 -1.60912478e+00 -8.43134042e-01 -2.02120311e-01
 -1.19352570e+00 -5.70057975e-01  2.68690425e-01  2.35013918e+00
 -1.09617619e+00  2.88268041e-01  9.75447737e-01 -6.83566205e-01
 -5.82775576e-01  4.40701021e-01 -1.40072073e+00  8.92796704e-01
  3.23482375e+00 -1.36889862e+00  1.45419085e+00 -6.62108628e-01
  5.02015068e-01 -6.92865900e-01 -3.77493314e-01  1.95512484e+00
 -9.33132963e-01 -6.27844975e-01 -2.13141243e+00 -1.53642611e-01
  2.00467450e+00  7.90219271e-01 -1.76584608e-01  1.05982982e+00
 -1.75120660e+00 -5.96122703e-01  2.11475289e-01  2.71359198e-01
 -2.05450962e+00 -8.70148759e-01 -5.62612139e-01  1.31562361e+00
  1.10996413e+00 -1.50635722e+00 -6.69018477e-01 -2.14541605e-01
 -1.57627731e+00 -3.10574566e-01 -7.05241102e-01  1.08680480e+00
 -7.88544862e-01  9.65493130e-01 -7.40916652e-01  2.66470697e-01
 -4.65593525e-01  3.91921136e-01 -3.54150711e-01  5.57240029e-02
 -1.98942611e+00 -1.00202188e+00 -1.37383402e-01  1.15893533e+00
 -1.39283645e-01 -8.95477220e-01 -5.64178651e-01 -2.31374698e-01
  6.08646214e-01 -8.92098639e-01 -1.22877645e+00 -7.63513488e-01
  7.35356357e-01  5.46251480e-01  1.59343679e+00 -9.12805592e-01
 -5.10495856e-01 -2.09528367e-01  2.24211295e+00 -5.90893073e-01
 -1.05667365e+00 -1.11483903e-01  1.45856755e+00 -2.60307634e-01
 -1.69007571e+00 -2.93575214e-01  1.15593982e+00 -1.07195976e+00
 -2.87202711e-01  1.22425596e+00 -1.61341077e-01 -1.74046480e+00
  5.56941968e-01  4.92000172e-01 -5.69221426e-02 -2.42307920e-02
  2.04631927e+00  1.83088904e+00  1.10530027e+00  1.82820863e+00
  6.88477694e-01  5.87171352e-01 -1.68081710e+00  2.01115772e+00
  1.84750039e+00 -1.38175077e-02 -1.01606485e+00  1.56118114e-01
 -6.94481199e-01  3.92610568e-01 -1.30036723e+00  4.11964185e-01
  2.80292335e-01 -6.41672531e-02  2.20429363e-01  1.33440157e+00
 -3.54827359e-02 -4.64457450e-01  2.66714187e+00 -2.84346207e-01
 -1.67443206e-01  1.25248796e+00  1.30332950e+00  4.98511754e-01
 -6.18396432e-01  9.57214289e-01 -1.07103839e+00  1.79664251e+00
 -6.73562475e-01 -7.10942826e-01  9.69672908e-02 -2.65913768e-01
  1.94239245e-01 -1.85192559e-01  3.58200664e-01  5.32552547e-01
  2.02763769e-01 -3.42890148e-01  3.54740558e-01 -1.87980710e-01
 -5.37411126e-02  8.17781134e-01 -2.52234749e-01  1.52682582e-01
  2.06983469e-02  6.47092966e-01 -1.08205342e+00 -3.63442493e-01
  8.92504966e-01  9.74368393e-02 -1.23737253e+00  5.12492123e-01
 -1.05009125e-01  1.17328810e+00 -1.81508020e+00  7.63241172e-01
 -7.49945161e-01  1.11120423e+00  1.98899016e+00  6.71416113e-01
  5.31964941e-01 -9.76346445e-01 -2.02835634e-02  5.87100953e-01
  1.46158366e-01  7.21959378e-01 -1.44401625e+00 -6.15275024e-01
 -4.69583839e-01  6.77057677e-01 -1.06388077e+00 -2.89397107e-01
  1.74321758e+00  7.51582931e-02 -2.18341534e+00  5.27735578e-01
  3.65795742e-01 -4.59616586e-01  8.37575194e-01  5.47732393e-01
 -1.08803723e+00  1.81608098e+00 -2.99685030e-01  5.42529084e-01
  2.22448212e-01 -1.18129841e+00  6.37236709e-01 -7.99507608e-02
 -8.59755410e-01  2.91275494e-01 -3.15734063e-01  1.92930601e+00
  1.90192748e+00 -9.57781621e-01  3.64275962e-02  1.33963648e+00
  7.33647426e-01  1.02012466e+00  1.48730138e+00  1.61161984e+00
 -8.64904457e-01  1.91787807e-01 -2.85816202e-01 -8.75362044e-01
 -1.20053413e-02 -4.02091902e-02 -1.47067527e+00  4.16837115e-01
  2.32465902e-01  4.26600561e-01  1.59083924e+00  8.61484545e-01
 -6.06846152e-03  7.99367852e-01  5.92262581e-01 -1.47906131e+00