 1.58947328e+00  8.80335623e-01  1.06719097e+00 -2.71738308e-01
 -1.33528134e-01 -1.21755306e+00 -4.06837676e-01 -3.36067553e-01
 -3.97587844e-01 -3.66083109e-01 -1.38994754e+00  9.85730938e-02
 -1.48934884e+00  1.64594546e+00  3.50854605e-01 -1.75704757e+00
 -5.69375566e-01 -6.66881801e-01 -6.42078993e-01  7.53405366e-01
  5.95544345e-02 -1.90609844e-01  5.72008006e-01  1.31123963e+00
 -1.41663659e+00 -2.17423098e-01  2.20339690e-01 -9.01419201e-01
 -1.51447563e+00  3.19779371e-02  1.38790471e+00  5.67725152e-01
  6.79866247e-02  1.83437584e-01  8.47230924e-02 -3.20989734e-01
  5.34345919e-01  3.26005741e-01 -2.13546434e-01 -1.38982012e+00
  1.10970853e+00 -9.64877893e-02 -1.41492785e+00 -1.75700518e+00
 -1.63941557e+00 -7.50229944e-01  1.01993317e-01 -3.13971098e+00
 -8.64219534e-01  2.60142829e-01 -5.50295151e-01 -3.60032716e-01
 -1.28687867e+00  1.69313994e+00  1.21631788e+00 -8.27572090e-01
 -9.16968652e-01 -1.45156493e+00  5.15566396e-01 -1.54156386e+00
 -1.09894810e+00 -2.62949877e-01 -4.87959592e-01 -1.27870262e+00
 -8.21287844e-01 -1.85506889e+00  9.42188539e-01 -8.09370582e-01
 -1.52106501e+00 -4.68880127e-01 -4.87078615e-01 -1.69483855e+00
  4.47255286e-01 -1.48090268e+00  2.09124036e+00 -1.23071781e+00
 -9.89717252e-02  1.15164724e+00 -3.32494716e-01  5.10780581e-01
 -2.58652798e-01  5.86008888e-02  6.28573154e-01  8.44920446e-01
 -7.62340759e-02  6.52255685e-01  2.64268653e-01 -4.46284292e-01
  4.57520249e-01  6.16865044e-01  2.31214579e+00  4.88994267e-01
  5.17447915e-01  4.89026048e-01 -7.41002605e-01  4.49502764e-01
  9.39068139e-01  3.96693882e-01  1.57129845e+00 -2.31685189e-01
 -8.96533919e-01  6.27952851e-01  4.57503166e-01 -9.54134613e-01
 -2.53497871e-01  9.53067166e-02  9.50329961e-01 -2.38423686e-01
 -2.53958651e+00 -9.41736469e-01 -1.99267174e+00  1.12943935e-01
  2.95739699e-01 -5.43811606e-01 -1.07112800e+00 -1.07830832e+00
 -2.85805448e-01  1.21150539e+00  6.48869096e-01  7.58734340e-01
  1.27857397e+00  1.07879890e-01  1.70497159e+00 -2.35753433e-01
  3.44205204e-01  6.66457451e-01 -5.37388057e-02 -4.99252472e-01
  6.17027476e-01 -7.04073080e-01  1.12308370e+00  4.86130696e-01
 -1.15159660e+00 -8.25245832e-01 -8.54352051e-01  7.96035347e-01
  1.20100025e+00  5.69418640e-01 -1.33294829e+00  1.71226941e+00
  1.75437507e+00  2.20213364e-01 -5.07200363e-01 -5.93707636e-01
 -2.39677438e-01 -5.55892957e-02  5.20314704e-01  3.40206976e-01
  6.35183501e-01  6.50525813e-01  7.65766768e-01  8.24130748e-01
  1.21698444e+00  6.01372057e-01  1.47172077e+00  4.60419270e-01
 -1.33907512e-01 -7.53182927e-01 -8.91751271e-01  1.11228546e-01
  4.54369783e-01 -3.22653169e-01  1.74581366e+00  9.59782857e-01
 -1.01312283e+00 -6.44919260e-01  1.83175176e+00 -7.81822148e-01
 -8.35365192e-01  1.16929771e+00 -1.15602479e+00 -4.50972759e-01
  7.97408520e-01 -6.64289170e-01  7.56217425e-01 -1.42763688e+00
 -7.12648512e-01 -1.48995639e+00 -4.47405294e-01  1.72151018e+00
  5.27275191e-01 -8.84657186e-02 -1.43631153e-01  9.53558405e-03
  1.40606422e+00 -9.14715290e-01 -7.86620562e-01  1.30692808e+00
 -1.32600352e-01 -5.07068032e-02  2.23505073e-01 -1.13152452e+00
 -4.46387350e-02 -3.59408319e-01 -4.28961382e-01 -4.77040452e-01
 -9.75979562e-01  6.35472740e-01  8.45264101e-01  2.15606791e-01
  4.33753563e-01 -1.21663144e+00 -5.54523184e-01  4.01560257e-01
 -1.20540573e+00 -5.99276200e-01  8.80380273e-01  2.92888094e-01
  1.47832086e-01 -6.16269077e-01 -9.22022005e-02  7.56025983e-01
 -3.62551852e-01 -6.12315999e-01 -5.52649491e-01 -6.17347286e-02
  1.13804399e+00  1.25279776e+00 -8.35530016e-01 -1.62298356e+00
 -8.73850222e-02 -3.02751087e-01 -2.62034020e-02  2.23250132e+00
 -9.14309258e-01  5.25601205e-01  9.72801187e-01  8.22258495e-01
 -8.74273415e-01  1.75367763e+00  5.55283538e-01 -1.68250566e-01
 -2.94253437e-01 -5.16231737e-01 -3.84167418e-01  1.71179416e+00
  1.12182948e+00  6.93723794e-01 -1.12455671e+00 -5.15751257e-01
 -9.61247688e-01  1.94946780e+00  3.35995126e-01  4.27221696e-01
 -7.00542873e-01  2.49229229e-02 -1.23104454e+00 -4.50421861e-01
  6.33057264e-01 -1.08022340e+00  6.79912816e-01 -6.68060722e-01
 -2.28432755e+00 -1.99874842e+00 -4.13331831e-01  2.43752225e+00
 -2.75922076e-01  2.41538116e-01  1.53384983e+00  1.84825184e-01
  1.01877845e+00 -1.13349681e-01 -1.34557997e+00  1.98276184e+00
 -1.52632970e-01 -5.69794984e-01  6.73185269e-01  9.53622517e-01
  1.05348602e+00 -5.29085764e-01  4.02828444e-01 -1.30492985e+00
  3.60959788e-01 -1.14451768e+00  9.69802497e-01 -3.75816442e-01
  2.75835807e-01  7.41603632e-01 -1.66647941e+00  4.23449488e-01
  8.22564496e-01 -3.85358701e-01  6.82252535e-01  7.34386068e-01
  5.93699691e-01 -6.85949620e-01  6.22002921e-03 -1.71225500e-01
  1.46245199e-01 -2.76311436e-01  8.87625352e-01  1.17384124e+00
  1.20348689e+00 -6.35243156e-01 -4.28458712e-01 -5.14487750e-01
 -1.50482417e-01 -8.46308249e-01  1.95600761e-01 -1.34964331e-01
  1.11358265e+00  3.77019686e-01  7.29079290e-01 -2.54860153e-01
 -1.86938410e-01 -1.17406841e+00 -1.27614620e+00 -6.32691414e-01
  1.39143677e-01 -2.76082688e-02 -1.43540134e-01 -1.89067579e+00
 -7.34883531e-01  1.33873063e+00  1.53370211e-01 -3.09148894e-01
 -1.01386276e+00  3.78578382e-01 -1.41864620e-01 -2.33969611e+00
  8.28452814e-01  5.40852173e-01  1.69201550e-01 -9.80040733e-01
  6.20636721e-01 -1.23685938e+00  5.91814915e-01 -1.34647525e+00
  6.69516026e-01 -6.42481963e-01  1.39798429e+00  1.42200246e+00
  1.48722878e+00 -1.53528688e+00 -1.99264398e+00  2.69207261e-01
 -3.19436597e-01  7.75053445e-01  8.82559669e-01  1.86557463e-01
  6.62187904e-01 -4.58914703e-01  9.77536790e-01 -1.02472837e+00
 -1.21295373e+00  5.80290252e-01 -1.92326836e+00 -1.59536566e+00
  1.12417726e-01  4.95981575e-01 -2.87255741e-02  1.17505028e+00
  4.49692619e-01 -4.33906116e-01  3.13341201e-01  1.58857072e-01
  1.10946164e+00 -4.56807842e-02  1.99039365e+00  1.25450985e+00
 -1.10806025e+00  1.78958687e+00 -1.66864831e-01 -8.65001524e-01
 -1.77135151e-01  3.73328825e-01  9.16066490e-01 -2.46698760e-01
 -9.47008411e-01 -3.56870899e-01 -7.95914933e-01 -1.80995155e-01
 -3.99941762e-01 -6.18185286e-01  2.03293561e+00 -1.58353396e+00
 -6.98308857e-01  6.27782794e-01  3.15625237e-01 -8.12268704e-01
 -5.68327144e-01  7.76239009e-01 -1.46218619e-01  2.14570642e+00
 -3.20350493e-01  7.41991120e-01  8.35278097e-01 -3.03526119e-01
 -5.38981947e-01  1.19955810e+00 -9.59432161e-01 -2.18467910e+00
 -6.07046175e-01  8.90983132e-01  4.14887544e-01  6.98937894e-01
  5.39859449e-01  1.01344310e+00  4.45160338e-02 -1.95923967e+00
  6.52198867e-01  8.21995034e-01  1.90601691e+00 -2.11079086e-01
 -9.84137321e-01  2.37143549e-01 -1.58533637e+00 -1.13869761e+00
  1.20532465e+00 -2.10706359e+00  1.66364306e-01 -6.92406195e-01
  1.53010994e+00 -8.58494768e-01 -7.99960569e-01  3.33950794e-01
 -1.03764678e+00 -3.36606154e-01 -1.97460858e-02 -5.65413443e-01
 -6.39242194e-01 -1.10199674e+00 -1.42613100e-01 -1.61808687e+00
  2.17551806e+00 -8.21787703e-01  1.96722214e+00  1.46870425e+00
  2.95026960e-01 -9.38643672e-01 -2.01915047e+00  7.41344944e-01
  9.33631858e-01  7.50038627e-01  6.04720035e-01 -1.41218837e+00
  6.00451007e-01  6.74767887e-02  3.43102267e-01 -1.68623877e+00
  2.70748201e-01  4.05184627e-01 -1.69222809e-01 -1.68446156e-01
  9.82952307e-01 -2.18224774e-01  1.85833763e-01  9.68967847e-01
 -1.20315441e+00 -9.81432444e-01  1.13051645e+00 -8.98350476e-01
 -1.19663868e+00 -1.09143132e+00 -9.19971482e-01  3.23977821e-01
  5.38342743e-04 -3.79149053e-01 -6.76733724e-01 -1.21624282e-01
  1.87628227e-01 -9.10302402e-01  2.11579240e-01  2.34698801e-01
 -3.11125393e-01 -1.08976692e+00 -1.92486964e-02  8.52113636e-01
 -1.60464697e-01 -1.20974368e+00  2.23632521e-01  8.76306198e-01
  4.32969232e-01  4.59241428e-01  4.31934440e-02  4.16174428e-01
  7.38202447e-01 -3.91779660e-01  1.22581669e+00 -5.94295312e-01
  1.56116351e+00 -1.31243254e-01  9.49769369e-01 -1.15498494e-01
 -9.43206394e-01 -3.77117706e-02  3.36725234e-01  1.36702894e+00
  8.20000525e-01 -3.75462610e-01 -6.85586480e-01 -1.02575436e+00
  6.44441798e-01  1.63585475e+00 -1.21520822e+00 -6.62207073e-01
 -4.97314731e-01 -7.84839601e-01 -2.85797241e-01 -1.40123457e+00
 -6.58625876e-01  1.70339780e+00  9.67381040e-01 -1.11704937e+00
  5.02180494e-01 -1.36660891e+00 -1.59271083e-01  7.44308320e-01
  2.88032663e-01 -8.92091862e-01  7.82978931e-01 -4.59386858e-01
 -8.91015697e-01 -3.06890345e-01  9.97562170e-01  9.21243457e-01
  2.53472486e+00  2.23423106e-01  8.54962284e-01  2.58692215e+00
 -1.64076671e-01  1.17073739e+00  1.10392417e-01  9.14594096e-01
 -7.61218181e-01 -1.73159621e+00  1.85201853e-01  6.23483683e-01
  4.04850860e-01  6.49065573e-01  9.61213378e-01 -1.07550002e+00
  1.60128472e+00 -3.97665570e-01 -5.06677183e-02 -1.43168775e+00
  1.42965278e+00  4.93127582e-01  7.36215984e-01  1.06578395e-01
 -7.58762634e-02 -3.74549382e-01  9.61159352e-01 -8.07123381e-01
 -6.14487844e-01  4.89369494e-01  2.58876544e-01  2.05040449e-01
 -2.86262412e-01 -8.60151063e-01  7.07017572e-01  7.54236279e-01
 -2.94523225e+00 -1.90754243e+00  4.29918532e-02  1.70820320e-01
 -3.70671030e-01  1.46024022e+00 -2.28265049e+00  4.96462959e-01
  1.67740427e+00 -7.74407284e-01  1.20899331e-01  3.80319037e-01
  6.91605175e-01 -1.65492219e+00  4.69266427e-01  1.47537301e+00
 -2.27055427e-01 -2.35735311e+00  1.60714779e-01 -5.57872638e-01
  3.22441136e-01 -5.37279627e-01  1.81124994e+00 -3.02897689e-01
  6.73024138e-01  1.98157953e-01  4.39661679e-01  4.80373938e-01
  1.51610694e+00  1.47507298e+00 -6.06134163e-02 -1.08710629e+00
  1.39449028e+00 -1.59130644e+00  4.99289431e-01 -1.08381037e+00
  3.10106158e-01 -3.80474224e-01 -1.18824371e+00  1.34831399e+00
 -1.89644069e+00  6.71608412e-02 -1.14055741e+00 -4.10357593e-01
  6.63123256e-01  2.78703954e-01  4.22168761e-01 -9.42718059e-01
  4.46090343e-01  3.64134192e-01 -1.64760134e+00 -1.67336302e+00
  9.44211601e-01 -6.02758419e-01  6.65965887e-01 -1.39484987e+00
  4.82391090e-02  8.94591822e-01 -6.19880593e-01  1.72470332e+00
 -2.88080843e+00  6.72592885e-01  8.26339912e-01  2.63648307e+00
  2.74045748e-01  1.43241135e+00 -1.93949474e+00 -3.32903405e-01
  1.56522401e+00 -6.42587719e-01 -1.81022155e-01  7.83724709e-01
 -8.00538856e-01 -5.71986120e-01 -1.85548313e+00  1.03208622e-01
  4.28204463e-01 -9.11031051e-01  8.76324527e-01  2.41570625e-01
  7.36806037e-01 -3.57858275e-01  6.92927828e-01  3.80929039e-01
 -1.36288152e-01 -1.96637098e+00 -1.15787001e+00  1.77168137e-03
  1.54601403e+00 -5.38417296e-01 -8.11629851e-01  8.84682277e-01
  4.16665729e-01 -3.68391852e-01  2.92089745e-01  5.43813027e-01
 -2.91696921e-01 -4.41364325e-01  2.17956697e+00 -7.70679680e-01
  9.46633247e-01  3.33367464e-02 -2.93903920e-01  1.63031409e+00
 -9.26772940e-01  7.61363421e-02 -1.27607618e+00  2.42007874e+00
 -1.25235895e+00 -9.29370851e-01  8.69986560e-01 -1.99642976e+00
 -1.30817170e+00  3.77439898e-01 -1.04061559e+00  3.25940984e-01
  6.24795709e-01 -1.42819613e-02 -1.26825754e+00  4.40857936e-01
  1.09583932e+00 -1.26749879e+00 -1.12825001e+00 -6.11253474e-01
 -1.31920765e+00  6.80862265e-01  2.07660178e-01 -2.93795927e-01
 -1.04543095e+00 -2.78099750e-01  1.00701505e+00  1.67286398e+00
 -3.36540229e-01 -1.51006630e+00  7.66077083e-01  4.07040376e-01
  1.10256855e+00  6.80599439e-01 -5.56396635e-01  8.98976756e-01
 -7.59351447e-02  1.33033563e+00  5.80501769e-01  8.99532323e-01
 -1.67162385e+00 -1.85091142e+00 -3.44088688e-01 -3.58090473e-01
  5.34785058e-01 -2.29493932e+00 -1.80746143e+00 -1.99502023e+00
  4.94832071e-01 -1.19197087e+00  1.49018830e+00 -4.23825314e-01
  6.52026392e-01 -5.65562118e-01  8.81602415e-01  3.56531625e-01
  3.91337381e-02  3.14374486e-01 -6.24628499e-01 -1.50033143e+00
  5.13867467e-01 -8.19714196e-01 -1.03361834e+00 -1.19296200e+00
  2.78839225e+00  2.98805484e-02 -1.55642931e+00 -3.35885201e-02
 -1.89816102e+00 -1.79852033e+00  9.15814157e-01 -8.92241030e-03
  1.45164113e+00  1.49876270e+00  1.43790539e+00  1.10154146e+00
  3.54125596e-01  9.50944752e-01  9.49195348e-01  8.92548815e-01
 -2.71525541e+00  6.01640589e-01  7.94886694e-01  3.71824940e-01
 -4.61199433e-01 -1.61521179e+00 -9.54507645e-01  7.23633895e-02
  1.73907414e-01  3.11891719e-01 -2.77914464e+00 -7.82794344e-01
 -5.15520927e-01  5.85176611e-02 -1.50749214e+00 -6.95170112e-01
 -5.75628875e-01  8.46351392e-02 -2.05284063e+00 -4.03183425e-01
 -5.31611027e-01 -7.19152654e-01 -7.71391811e-01 -1.04299217e+00
  5.17912941e-01  1.01897041e+00 -8.65387741e-01 -1.72579661e+00
  1.42263370e+00  5.73544878e-01 -1.70500584e-01 -9.79493018e-01
  1.03960828e+00  1.35256058e-01  1.13973708e-01 -6.95208207e-01
  6.14386835e-01  2.01898879e-01  7.55843360e-01 -2.03875263e-01
 -8.05036109e-01 -8.05875358e-01 -6.83070874e-01  6.87425834e-01
  8.89219486e-01  5.39057278e-01  2.54458344e-01 -8.40858842e-02
 -8.98447382e-02  8.59207671e-01 -2.53184238e-01 -1.05946724e+00
  5.31308167e-01  2.01164483e-01 -4.79853813e-01 -1.98550522e-01
 -8.02555548e-01 -2.46404814e-03 -6.84613037e-01  9.30004362e-01
  4.53235847e-01 -4.48241695e-01  6.48533070e-01 -6.07501256e-01
  2.65996688e-01  1.15387747e+00 -1.86695229e+00 -1.02331494e+00
 -8.24995001e-02 -1.40784287e+00 -1.82950777e-01 -6.12122638e-01
 -6.13855928e-02  1.40208377e+00  1.52983172e+00 -1.20214661e+00
 -1.44049240e+00 -6.45846471e-01  3.23325864e-01 -4.48869939e-01
 -1.23918203e+00  3.53097582e-01 -6.52318112e-01 -1.97480701e+00
 -7.41174971e-01 -3.12850718e+00  2.27530525e+00  1.12371942e+00
 -3.57097341e-01  1.34958971e+00  4.51992006e-01 -1.84274131e-01
 -2.01187730e-01  7.44360492e-01  1.13332131e-01 -8.66213151e-01
  1.28249083e+00 -4.74290171e-01  4.11213020e-01  7.53895480e-01
 -1.68468235e-01 -1.54962116e+00 -2.11179936e-01 -7.09654314e-01
  2.07487203e+00  8.28600761e-01  2.55718759e+00  8.04300892e-01
 -1.50729068e+00  5.01707161e-01  1.48852859e+00 -9.39058010e-01
 -6.54544379e-01  4.31836773e-02 -1.06222092e+00  3.60626029e-01
  8.21452932e-01 -1.13843471e+00  6.81215959e-01 -1.72107537e+00
 -6.46383481e-01 -4.23205188e-01  2.14879961e-02  2.87614408e+00
  4.89686323e-01  5.27742067e-02  5.22198584e-02 -5.88390636e-02
  1.00981498e-01  1.59566274e+00  8.20535526e-01 -1.40180495e-01
 -8.75923074e-02 -3.12734066e-01 -3.06981979e-01 -1.61114237e+00
  2.08121973e-01 -1.77027762e+00 -8.02403184e-01 -1.37321342e+00
  1.85989013e-01 -2.62507626e-01 -6.21795074e-01  1.03049862e+00
 -1.49131832e+00 -2.86524970e-01 -2.97149152e-01 -3.92083108e-01
  2.47115514e-01 -7.19094192e-01 -1.04022051e+00  1.73589913e+00
  1.37639966e+00  6.69558604e-01 -9.49492625e-02 -4.20439720e-01
  1.41537244e-01  6.47298023e-01  4.74257813e-01  1.91355972e+00
 -9.49063354e-02  5.71761776e-01  9.44624434e-02 -1.36768133e+00
 -2.83799445e-01  1.84851215e-01  1.03904676e+00 -8.37607943e-01
  3.08863246e-01 -2.20949933e-01  2.52272351e-01 -2.61821920e-01
 -2.80136090e-01  1.45457995e-01 -1.20409375e+00 -4.73278765e-01
 -9.06443987e-01 -6.49753100e-01  9.13093223e-02 -7.80541701e-01
 -1.19471961e-01  1.42105780e+00  5.28611390e-01 -1.32222258e+00
  7.85605352e-01  1.21345749e+00 -3.44631292e-01  1.76354139e+00
  2.41263763e-02 -1.08168226e+00 -1.31743611e+00 -1.32924568e+00
  5.45349134e-01  2.93736679e-02 -1.36541830e+00  1.52804106e+00
  1.00976987e+00 -2.57228033e-02 -1.02014035e+00 -1.57890297e-01
 -2.07095882e-01 -6.84621439e-01  6.85315497e-01  8.18125343e-01
 -4.75097909e-01  3.92234748e-01  7.45736939e-01  1.18802031e+00
 -1.47240883e-01 -1.33980596e+00 -8.50950758e-01 -5.07606976e-01
 -1.15365949e+00  1.20503608e+00  1.13733693e+00  9.66719165e-01
  1.26005120e-01  4.60593874e-02 -6.50609073e-01 -1.18776111e+00
 -5.28216572e-01 -8.03866085e-01 -5.48161580e-01  3.76740547e-01
  9.31074385e-01 -1.74421523e+00 -5.47357082e-01  9.22574248e-01
  5.06707868e-01  2.81783185e-01 -4.82797269e-01  3.89939953e-01
 -4.27017166e-01 -7.86552923e-01  1.10683491e+00  1.47131417e+00
  5.06117698e-01 -1.11530071e+00 -1.04080576e+00  7.75619263e-03
  1.07351484e+00 -1.05323456e-01  1.06267010e-01 -2.95753415e-01
  1.58932856e+00  6.96094930e-01  3.83393607e-01  2.42275879e+00
  3.53240316e-02 -9.75254593e-02  1.49519224e-01 -5.51100566e-02
  9.08883821e-01 -4.48295713e-01 -4.88781687e-01  8.53700953e-02
  5.98287372e-01 -1.34217171e+00 -2.74028467e-01 -8.91556836e-01
 -2.07067346e+00  9.21423732e-01  9.68428663e-01  9.14922820e-01