-1.64577510e+00  2.16110618e-02 -1.59632395e-01  1.58485639e+00
 -8.38654523e-01  1.32752914e+00 -4.15249077e-01  9.86025436e-01
 -1.07404256e+00  2.49670613e+00  1.61572686e+00  1.74030551e-01
  2.89697052e-02  1.45046784e+00  8.94867641e-01 -2.15103743e-01
  6.84342376e-01 -8.59460497e-01 -1.01996339e+00 -8.27499379e-02
 -2.37211596e-01 -1.14029244e+00  4.66156014e-01  8.78417285e-01
 -1.16666608e-01 -3.50028302e-01 -1.25417740e+00  4.65467247e-02
 -9.51925282e-01  2.45397275e-01 -1.04738244e+00  6.53550010e-01
  1.63559729e+00  2.95040307e-01  1.60562546e+00  8.68275740e-01
 -1.61781995e-01  7.62054356e-01  2.05420299e-01  3.09050676e-01
 -1.67757760e-02 -6.12331001e-01 -3.88131781e-01  7.30734583e-01
  3.81206138e-01 -1.62133045e-01 -4.23560721e-01  5.26571219e-01
  1.08211202e-01 -6.99639621e-01 -7.97047060e-01  1.04357023e+00
  9.30024887e-02  1.43543812e+00  1.91613804e-01 -6.25874379e-02
  1.28627167e+00 -4.43935820e-01 -4.27005953e-01  6.53518351e-01
 -3.47683311e-01 -5.63947881e-01 -1.84277458e-01  5.57281370e-01
 -4.43126831e-01  2.31455496e+00 -6.98228831e-01  1.19476467e+00
 -7.48547131e-01 -8.51151027e-01 -1.27971570e+00 -8.51495593e-01
 -4.72961421e-01 -3.04919594e-01  1.11817035e-01 -9.14704681e-01
 -8.49152300e-01 -6.64256916e-01 -5.49700208e-01 -3.37341699e-01
 -5.12427745e-01  1.94718759e-02  1.51378173e+00  1.67901331e+00
 -8.19761887e-01 -4.60377826e-01 -5.98496343e-02 -1.24145912e+00
 -6.07805266e-02  4.93712269e-01 -3.37192545e-01 -6.26922228e-01
  1.13088831e+00 -1.01898707e+00  1.33973027e+00  7.28234044e-01
  1.81425409e+00  1.40642747e+00  3.96965229e-01  1.85003301e+00
 -4.60867867e-02 -4.96697037e-01  6.20442033e-01  2.04525970e+00
 -6.11583206e-01  5.33895920e-01 -1.54171146e+00 -5.25134321e-01
 -2.31139658e-01 -2.25817312e+00 -2.38827861e-01  2.87101662e-01
 -1.26085458e+00  9.34450554e-01  1.98361525e+00  2.17346110e+00
  1.39062508e+00 -2.96524007e+00 -2.33231715e+00 -8.11078569e-01
  7.42898130e-01  9.88688504e-01 -3.56140501e-01 -1.54021517e-01
  9.93491831e-01 -2.88167080e-01 -1.99037977e+00  2.91796255e-01
 -3.94720275e-01  1.07973355e+00  1.41809728e+00  6.73883500e-01
  1.37780287e+00 -1.36136686e+00 -6.13581621e-02  1.56773952e-01
  9.61564361e-01 -3.80261962e-02 -1.86901453e+00 -8.05571442e-01
  1.24856666e+00  1.86131012e+00 -3.04480056e+00 -1.30208833e+00
 -6.58573880e-01 -2.17190824e-01 -1.89115716e+00  8.15651320e-01
 -9.46763257e-01  6.19664129e-01  2.15908766e+00  1.56352495e+00
  2.11113549e+00 -3.73150379e-01 -1.17598695e+00  4.22966475e-01
 -1.36815539e-01  7.95953173e-01 -2.11706908e-01  1.32310477e+00
 -1.37548571e+00 -4.19014119e-01 -1.46157524e-01 -1.35554009e+00
 -8.93216690e-01  1.37677449e+00  3.56235436e+00 -3.47302876e-02
  9.21230793e-01  1.17353507e+00 -6.05848288e-01 -2.03972326e+00
  9.21041035e-01 -9.11323223e-01  5.10465993e-02  1.42078227e+00
 -8.05792378e-01 -1.36461919e-01  6.66866929e-01  3.90931761e-01
 -2.33035663e+00  2.86539750e-01  2.33292824e+00  4.55683028e-01
  1.51364241e-01  3.88137036e-01 -1.49488885e-01 -4.14435444e-01
  7.37439211e-01  7.57585314e-01 -4.37702530e-01 -2.43994931e+00
  2.88529726e-01 -1.66648583e-01  2.35857878e-01 -1.88213746e-01
 -3.43550847e-01  4.98267154e-01 -2.22764378e-01  2.30824836e+00
  1.08451572e-01 -7.51776308e-01  1.95789206e-02 -1.92037732e+00
 -1.66030295e+00  9.99044300e-01 -1.23722696e+00 -1.60125362e+00
 -1.07178596e+00  2.75914658e-01  8.37227209e-01  8.72102782e-01
 -5.25271476e-01  1.81392388e+00  1.70269410e+00 -8.54393803e-01
 -2.92316486e-01  1.19785799e+00  8.90869585e-01 -1.39443527e-01
  5.76952674e-01  2.92383618e-01  4.78843982e-01 -1.51912398e+00
  1.33528647e+00 -1.97657117e+00  2.32831816e-01 -4.60151363e-01
  2.43087211e-01 -8.96399259e-01 -2.33353672e+00  3.20968308e-01
  7.45689944e-01 -7.96172668e-01  1.74368885e-01 -9.06924451e-03
 -1.04239840e+00 -4.65044287e-01  3.04479784e-01 -3.67527428e-01
  3.83924056e-01  7.23676884e-02  5.76335430e-01 -4.41149144e-01
 -1.03162196e+00  2.58554384e-01  1.79731905e+00 -5.23292508e-01
 -4.05369340e-01 -1.49119891e+00  1.07543806e+00  5.45829122e-01
 -1.11759793e+00  7.18480388e-01 -8.19344481e-01  8.22174305e-01
 -1.37094344e+00 -4.94796896e-01  2.40601271e-01  2.81714593e+00
  5.12111365e-01 -3.80083779e-01 -1.38494186e+00 -9.90151164e-02
 -1.23944237e+00  3.97843375e-01 -7.68520003e-01  1.63029755e-01
 -1.09340895e+00 -4.83576386e-01 -5.24630666e-01  4.53357809e-01
 -1.74995911e-01  6.99352498e-01  2.69318825e-01 -1.00946937e+00
  8.67699144e-01  2.56984400e-01 -1.52292861e+00 -1.25967079e+00
  1.51951903e+00  9.31262053e-01  3.75506753e-01  7.85427044e-01
  1.09927390e+00  3.37520827e-01  1.11751713e+00  6.44556915e-01
  6.31296904e-01 -3.17559536e-01  3.94951068e-02 -4.14770135e-01
  3.73447260e-01  2.24734894e-01 -8.92198226e-01 -1.04912918e+00
  4.69023724e-01 -1.51639476e-01 -7.01015371e-01 -8.79064819e-01
  2.04097885e+00  2.14269397e-01  3.61775240e-01 -2.73878856e-01
 -5.34112792e-01 -5.55334547e-01 -8.16335036e-01 -3.34633202e-01
  7.32008889e-01 -7.78808030e-02  1.98137857e-01 -1.54788661e+00
 -9.79999607e-01  7.75917181e-01  3.00432126e-01  5.24477328e-02
  1.21151510e+00  7.27815828e-01  8.57840064e-01 -1.31968551e-01
 -1.12070460e+00 -4.01525685e-01  6.84864673e-01 -4.40398773e-01
 -4.20094265e-01 -6.58140298e-01  7.57539368e-02 -1.04300271e+00
  1.91396283e+00 -8.93743271e-01  4.28339027e-01  8.23792366e-01
 -2.11612037e-01  6.65253544e-01 -1.48838397e-01  1.90179846e-01
  1.11919537e+00 -1.22518863e+00  3.04747375e-01 -2.37575379e-01
  1.70783247e+00 -4.63506786e-01  1.19089189e+00 -7.75215563e-03
  7.23767491e-01  5.10542937e-02  5.88547435e-01  2.15476047e-01
 -2.06682978e-01  2.00748910e+00  1.14316744e+00  3.01492278e-02
  1.85384732e+00  1.20791754e+00  4.28203343e-01  4.26879383e-01
  3.50437179e+00  1.67761063e+00  7.43677032e-01  4.73938431e-01
  1.02460546e-01 -1.30466387e-01  3.21145259e-01  3.07841878e-01
 -1.28544391e+00  1.56729290e+00 -9.91753233e-01  6.38075860e-01
 -8.66597338e-03 -1.54937298e+00  1.68976396e+00 -1.75800653e-01
 -1.21310448e+00 -9.80270143e-01  1.98757161e+00 -3.24606804e-01
 -1.96427244e+00  1.61070053e+00 -1.62724021e+00  3.44542035e-01
  6.17820144e-01  1.20983926e+00  1.08949719e+00  5.26456212e-01
 -1.33734710e+00  1.27482848e-01 -4.50119308e-01 -8.53654924e-01
  1.82849003e-01  6.22007408e-01 -1.92197999e+00 -9.48179527e-01
 -1.57142861e+00  1.20637146e-02  1.66018216e+00  2.55475281e-01
 -1.64158063e+00 -1.61868525e+00  3.44475481e-01  4.81778384e-01
  4.38575802e-01  3.80332995e-01 -1.10529179e+00  9.45263098e-01
  6.86821144e-01 -2.24897952e-01 -3.45477888e-01 -4.20236800e-01
  1.94330069e+00  1.83425494e-01  1.63048595e-01  3.81528544e-01
  1.41967769e+00  1.70942766e-01  2.12890337e+00  1.16774558e+00
  3.02210373e-01 -8.54186442e-01  1.38152027e+00  2.62844930e-01
 -3.69991296e-01  1.07696853e+00  1.06820229e+00 -2.63464755e+00
  2.44581593e+00  1.98693472e+00 -5.29112249e-02  1.08820117e+00
  6.80466519e-01 -6.10992302e-01 -7.56471350e-01 -1.83850852e-01
  2.59712094e-01 -1.49512906e+00  1.31611630e+00 -8.52855206e-01
 -1.09707610e+00 -9.40384034e-01  6.32907260e-01  9.67576653e-01
  1.56601602e-01  6.05800895e-01  9.87497236e-01  1.33006533e-01
 -6.75800714e-01  1.63614369e+00  1.02696883e+00 -9.31711212e-01
  2.11202189e+00 -9.93517507e-01  5.03379965e-01 -5.02192814e-01
  1.00871515e+00  5.21704389e-01  4.73929493e-01 -3.59371438e-01
  1.12756464e+00 -6.04580447e-01  6.26414160e-01  5.74196637e-01
 -5.94685951e-01 -1.11640558e+00 -2.31552563e-01 -8.52124754e-01
  5.85424385e-01 -1.62387597e+00 -2.47501438e-01  2.50511377e-01
  4.64267292e-01  1.14622909e+00 -5.02945530e-01  2.08771563e-01
  5.25583484e-02 -1.20204415e+00 -4.96226874e-01  6.15596843e-01
  1.14516127e+00  1.48838432e+00 -1.61555435e-01  3.52229103e-01
 -7.87555407e-01  1.08946183e+00  3.27642681e-01 -5.50196385e-03
 -3.50065077e-01 -5.76563724e-01 -9.48881966e-01 -8.50466311e-01
 -1.29624094e+00 -1.09193482e+00  1.67277851e+00 -2.02675194e-02
  2.27436424e-01 -4.77130912e-01  4.45601624e-02  2.21762010e+00
  3.30957750e-01 -2.85721334e-01  3.86988891e-01 -1.11721284e+00
  8.99849322e-01  1.46494221e+00 -9.22713711e-01  1.61064054e+00
 -1.03698127e+00 -1.01763845e+00  1.96289567e-01 -2.68981562e-01
 -8.81421608e-01  5.89135175e-02 -1.64466627e+00  2.32177973e-01
  4.37053979e-01 -8.40288525e-01  3.50528391e-01 -1.18418217e+00
 -1.29567128e+00 -8.78293066e-01 -1.68593036e+00  4.76553003e-01
 -1.83679089e+00 -1.65364432e+00 -3.89241521e-01 -1.17016959e+00
 -5.49782905e-01  1.40912079e+00  1.24707129e+00 -1.18376225e+00
  1.38097884e+00 -9.58083171e-01  7.57091997e-01  5.86942494e-01
  8.34510767e-01  1.54838612e+00  1.16934173e+00  1.40054325e+00
 -1.59996713e-01 -9.73850924e-01  1.19386137e+00  3.05096282e-01
  5.72523384e-01  3.80913674e-02  1.81007381e-01  5.92421574e-01
  9.16386992e-02 -1.71817758e+00  6.78419075e-02 -9.30171194e-02
 -5.09719679e-01  7.82853900e-02 -3.19206346e-01  1.12182396e+00
 -1.11351297e-01 -1.34669801e+00 -7.41612900e-01 -5.47755074e-01
  2.95790775e+00 -1.95444701e+00  8.52757575e-01  1.17216071e+00
  7.94851470e-01 -7.24226318e-01 -1.00877779e+00  1.04301084e+00
 -6.22961790e-01  1.02911074e+00  5.39638458e-01  1.36412053e+00
  5.31565804e-02  1.53840483e+00 -1.32789971e-01  1.29990761e+00
  2.08665439e-01  8.95288877e-01  6.05362239e-01  3.29818264e-01
  6.76121292e-01  3.51005916e-01 -7.38951124e-01  7.28662967e-01
 -1.47925963e+00  1.06065359e-01 -2.27834054e+00  1.23950991e+00
  3.42551788e-01 -9.15362601e-01  3.84599698e-01 -3.56679520e-02
  2.12377171e+00 -1.35610960e+00  1.16254550e+00  5.47598945e-01
 -4.45969100e-01 -6.65120730e-01 -3.83189507e-01  5.31982222e-01
 -9.19486908e-01  2.06200759e-01  7.49959701e-01 -1.51557650e+00
  1.35404189e+00  7.83231775e-01  5.55474356e-01 -1.99182524e-01
  5.60224711e-01  3.57468108e-01 -6.26364506e-01 -1.73016758e+00
 -1.96795069e+00  1.65321835e-01 -8.08470026e-02  4.69550911e-01
  1.82922557e-01  1.12722627e+00 -1.54135734e+00  1.21044280e+00
 -3.45793117e-01 -1.34595055e+00  1.62574209e+00  6.20765887e-01
 -5.67372845e-01 -2.95370570e-01 -1.34469514e+00 -1.54986870e-01
 -1.24263146e+00 -1.05516109e+00  1.29870721e-01  1.16651766e+00
 -2.58859801e-01 -1.08926813e+00  5.17251734e-01  8.62501011e-01
  1.02744469e-01 -6.60631580e-01 -7.36085841e-01  7.52368844e-01
  1.89819630e-01  3.41582198e-01 -5.59513520e-01  1.39049047e+00
  7.91390610e-01  4.52219174e-01 -1.52104686e-01  1.22356789e-01
 -3.94891718e-01 -9.12390103e-01 -6.00024037e-01 -5.67094289e-01
  9.53281352e-02  6.21373541e-01  6.29106350e-01 -3.39319045e-01
 -8.33643706e-01 -9.36407069e-01 -3.90207464e-01 -6.13265774e-01
  7.66607215e-01  2.06908243e-03 -5.28817209e-01  8.86029984e-01
  2.21295568e+00 -1.09518606e+00  7.83200180e-01  1.38744637e+00
  1.30089671e+00  1.29422549e+00  7.99525702e-01 -6.09243753e-01
  9.78612965e-01 -5.50413081e-02 -5.19328573e-02  9.21839456e-02
 -8.87100616e-01  5.34379789e-01  1.22437097e+00 -4.73550411e-01
  1.18560457e+00  7.03586666e-01  7.94322899e-02 -2.28112666e-01
 -4.48121204e-01 -8.39304562e-01  1.16956912e+00  1.21509721e+00
 -5.00900356e-01 -1.93304387e-01  1.36342123e+00 -7.46981266e-01
  1.81706092e+00 -6.65556228e-01  1.24717634e+00 -1.07202708e+00
 -1.20823250e+00  9.25269625e-02 -4.17177566e-01  5.31012397e-01
 -1.01698404e+00  1.36138742e-01 -6.38364909e-01 -1.30954671e+00
 -1.39388732e+00 -6.54549487e-01 -5.82089031e-01  1.02445902e+00
  1.60213931e-01  1.54390485e+00  1.82973790e+00  2.79515375e-01
 -5.15442333e-01  1.58398611e-01 -1.16124098e+00 -2.00009996e+00
 -3.06507357e+00  1.15595082e+00  3.57546295e-01  8.43661539e-02
  1.70488315e+00  2.06879767e-01  2.03188331e+00 -4.78456670e-01
 -1.64016000e+00  3.71813829e-01  7.35291367e-02  2.21275882e+00
  5.86330270e-01 -3.21653788e-01 -1.18483764e+00 -6.84306387e-01
  2.25147025e-01 -1.01276171e+00  2.40650497e-01 -9.42355261e-01
  1.17003310e+00 -6.44736164e-01 -6.56071410e-01 -9.15210537e-01
 -4.74222872e-01 -1.09792175e+00 -5.10321041e-01  3.52609984e-01
 -7.19518431e-02  7.08927676e-02  2.83726182e-01  1.91862466e+00
 -2.79833152e-01  2.14666842e+00  1.38042128e+00 -5.62852345e-01
  5.17074973e-01 -4.28543237e-01 -2.31620186e-01  7.60132606e-01
 -1.32250771e+00 -2.30973324e-01 -2.97220843e-01 -1.84628252e+00
 -8.67955402e-01 -1.63956633e-01 -3.87506059e-01 -3.87839639e-01
  8.59306392e-01  1.44190499e+00  4.19406395e-01 -1.13034652e+00
 -1.87342470e+00 -1.80794805e-01 -2.72457735e-01 -7.15084079e-01
  9.16130524e-01 -2.01547833e-01 -2.34391288e-01  5.31014726e-01
 -7.57057634e-01 -8.66823930e-01 -7.41116976e-01  2.03183023e+00
  1.44006116e+00 -4.48314505e-01  1.07307813e+00  2.63113203e-01
 -1.46957339e-01 -7.57933374e-01  1.27806889e+00  8.67880323e-01
  9.67774637e-03 -9.01097298e-02  2.02385975e-01 -4.04843754e-01
 -5.64838462e-01  5.61932564e-01  1.26778357e-01  5.34163882e-01
 -2.53514617e+00 -6.38100496e-01 -5.19828638e-01  3.96804690e-01
 -1.13766751e+00 -6.96194482e-01  1.19434503e+00  4.49395034e-01
 -4.29377511e-01  1.27588840e-01 -3.21408788e-01  1.72267010e-01
  7.97579423e-01 -5.16145899e-01  7.25447610e-01 -1.00665967e+00
 -9.41760339e-01 -6.43010983e-01  1.23305481e+00  9.98914771e-01
  2.37862338e-01 -5.77048560e-01  1.29628580e+00  1.70873951e+00
 -1.50774063e+00 -2.72681695e-01 -6.22324463e-01  1.55323401e-01
 -4.87292095e-01 -2.35317111e+00 -4.14317543e-01  8.39216364e-01
 -5.60181243e-01  2.83667525e-01  1.00363689e+00  5.22305498e-01
 -9.71941132e-01 -6.46488711e-01  5.04920672e-01  8.32556079e-01
 -1.41456829e-01  1.42475301e-01 -1.26927581e+00 -1.60712255e+00
  1.28075754e+00 -1.29376056e+00  7.59179976e-01 -1.39466457e+00
  1.39313168e+00  1.53538313e+00  7.83885812e-01  1.49398649e-01
  6.52656018e-01  2.28128239e-01  8.71466993e-01 -6.35023645e-02
 -1.79519045e-01 -2.76237379e-01 -9.76001500e-01  3.22522985e-01
  1.11179033e-01 -8.40990980e-01  6.83435054e-01 -1.32993348e+00
  5.10944858e-01 -2.97415276e-01 -1.38828381e+00 -9.27914715e-01
 -2.56309384e+00 -1.09644498e+00 -9.64906252e-01 -9.87648271e-03
  6.69902939e-02  1.31643209e-01  8.27061849e-01  1.10667714e+00
 -8.05602879e-01  3.66481303e-02 -7.17114320e-01  4.70781233e-01
 -7.23125280e-01 -7.41574780e-01  4.04175203e-02  5.05287100e-01
  1.33061625e+00 -1.19688520e+00  1.52047039e+00 -1.18453879e+00
  2.30019940e-01  1.67844338e+00  1.29561331e+00 -2.37918921e-01
  8.40059850e-01 -6.35153015e-01 -4.51702603e-01 -3.37879104e-01
  1.03581172e+00  6.84773718e-01 -1.73392925e-02 -3.17424711e-01
 -1.88577084e-02  1.77505156e+00 -1.41656233e+00  1.97344516e-01
 -1.05141510e+00 -6.65867960e-01  5.37560479e-01 -7.22498384e-01
 -7.10457612e-02 -7.82039921e-01  1.10983788e+00  1.45900238e+00
  5.05307526e-01  1.61134378e+00  1.72548324e+00  1.17235234e+00
 -5.89665326e-01  5.73761831e-01  6.77191541e-01 -7.67499041e-01
  4.88522931e-01  4.77767131e-01 -3.14312511e-01 -1.01602784e+00
  3.31815842e-01  1.05157715e+00  6.79887710e-01 -4.37358209e-01
  2.62469392e-01 -3.12081439e-01  8.03374741e-01  1.08488344e+00
  1.01052539e+00 -2.04682286e-01 -5.41567077e-01 -5.52797411e-01
  9.15195444e-02  1.38216248e+00 -8.19995345e-01 -1.81997907e+00
  4.03870407e-01  1.19909611e+00 -1.01710082e+00 -2.55392164e-02
 -3.21014777e+00 -1.86564666e-01  1.11725470e+00 -4.29974112e-01
  4.85594946e-02 -7.60664749e-01 -5.04408011e-01 -1.28363263e-01
 -2.64451701e+00  2.03874150e-01  7.11260723e-01  5.20562565e-01
  4.46845765e-01 -4.03584563e-01 -8.44351607e-01  6.38383834e-01
 -2.81551208e-01  9.32040258e-01 -4.53559579e-01 -1.21440703e+00
 -7.08475752e-01 -8.20165362e-02  6.41711038e-01  1.84080196e-01
 -5.19105842e-01  4.11028770e-01  2.35753630e+00  4.58319243e-01
 -1.49257281e+00 -5.36558356e-01  5.89542132e-01 -1.23972908e+00
  1.19909587e+00 -1.26644799e-01  3.98597678e-01  3.12022341e-01
 -6.06458010e-01 -1.19089924e+00  1.69864385e-01  2.91021798e-01
 -6.33203159e-01  6.50396821e-01 -5.17379258e-01 -8.85313690e-01
  1.01016494e-01  1.64259445e+00  1.02490968e+00 -1.08193124e+00
 -6.47606332e-01 -1.70371150e+00  6.80150335e-01 -7.40579970e-01
 -4.40231672e-01  1.12124950e+00 -8.30638271e-02 -1.21146530e+00
  8.41904007e-01 -2.06980101e+00 -2.40809984e-01 -8.20865167e-02
 -1.62524314e+00  1.73026377e+00  4.46410769e-01 -4.64355584e-01