-0.28090912  1.12937643  1.85846473  1.68760464  1.41650847 -0.29039992
  0.83485946 -1.08203141  0.79923433  0.26280302  0.54112243  0.42290566
 -0.503309   -3.29062092  0.41624848  0.59542694 -0.34426369 -0.99161882
  0.07464982 -1.64871661  0.59370623 -0.11778393 -0.29864555 -0.49031496
 -0.15486349 -0.29877213 -1.74403952 -0.36785427  0.24282258 -0.13779832
  0.74554798  1.61726606  0.28597831 -0.88012418 -0.64005118  0.09314736
  0.69534302  1.08206542 -0.2711029   0.01820245  0.6088822   0.74947322
  1.41759227  0.53949253  1.15515899 -0.56642376 -0.17523967  2.11683976
 -0.79561116  0.43541924 -2.02454307  0.64682177 -1.03692672 -0.67258695
 -1.0142812   1.65470148 -0.04560933 -0.79892517 -0.31727558 -0.6685002
 -0.69266701  1.31869789  0.33324509 -0.86557296  0.613181   -0.05607809
  0.00958237 -0.96842878  0.19427545 -0.59034156  1.55680077 -0.7699832
 -0.38032418 -0.79111842  0.88855219 -0.46705203 -0.58803083 -0.93089265
  1.0531328  -0.23619642  0.72338483  1.18075773 -0.87911493 -0.9109668
 -1.21290947 -0.74997647  1.21728767 -0.3745062   1.05075467  0.36168436
  0.63890619 -0.05319761 -0.43595015 -0.24696888  0.8908811  -1.79540702
 -0.3357735   0.68411108  1.13347833 -0.8707608  -1.80873336  0.35395016
  0.561384    2.35538601  2.06217945 -0.92613772  0.61086792 -1.05298807
  2.49764573  0.10072723  0.55519308 -0.07629908 -0.88516643  1.82936387
 -0.45607408 -0.39820841  0.94681852  0.42662406 -1.62931991  0.36681922
 -0.26641288 -0.10730343 -0.94761235  0.05144145  0.82827042 -0.28388293
  0.26767889  0.37530226  0.85309054  1.06940212  0.20624729 -0.94588452
 -0.89441973  1.08583541  0.71675216 -0.32390476  0.87330649  0.82071627
 -1.14268163  0.45791926  1.53238657  0.43280448 -2.48825907  1.07715076
 -0.38716668  1.30547682 -0.6863523  -0.47625915  0.13285472  0.95526598
 -0.19542105 -0.89691586 -0.21110461 -0.27805654 -0.59456821 -1.3157799
 -1.51462885 -0.91048427 -0.51078719  0.76455679 -0.26393629 -0.59721766
  1.94605875 -0.25507853  0.88546031 -0.9596566   0.02526484 -0.9785287
 -0.65657545  0.38238756  0.62013    -0.88056993  1.7584717   0.15465671
 -0.22661205  1.12021448  0.02881964 -0.56963271 -0.46382271  0.30844615
 -1.14583492  1.49773101 -1.86518248 -1.81596815 -0.65570898  2.20307812
  0.59842602 -0.54843892  0.65233677  0.55917175  0.13058235 -0.45227663
 -1.6360699   0.4155495  -0.38505199 -0.33363992  1.22454918  0.51334085
  1.7270943  -1.68003176  0.04715143  0.08274314 -0.33830287  0.05137284
 -0.3008988  -1.50545186 -0.36391267 -1.23420931 -0.79325623 -0.51722383
  0.76556001  0.2186723  -0.76006673 -0.48799235  1.34395159 -0.64757456
 -0.69350261 -1.63303978  0.87361219 -0.51480766  1.32260344 -0.16504256
  1.21185534 -0.7538143  -1.06765233  0.43278961  0.13462417  0.2458947
 -0.07759663 -0.20042236 -0.97242871 -0.60574823  0.73818601 -0.58298837
 -1.77162713 -0.54407295  0.95702695 -0.40797877  0.57608123 -1.16501309
 -0.73809326 -0.32681215 -0.04798121 -0.59045051  1.21097508  0.35647606
  0.5101206   0.89579586  1.97031188 -1.22781484  0.20072217  1.22841781
  0.55272527 -0.09656117  1.11273515  0.15606738  1.60218063 -0.35222824
 -1.75626284  0.8536904  -0.86283017  0.5837441  -0.03283001  1.1792863
 -0.23119096 -0.96332776  0.18047757  0.53461769 -0.93518046  0.75215673
  1.62176763  1.01411808  0.11200737  0.27912688 -0.97548481  0.03874408
  1.86296858 -0.772893   -2.38537319  3.47114191 -0.05015941 -0.11304874
 -0.0973574   1.12775436 -0.10053158  0.29972797  0.17265879 -0.44373824
  0.17197188  1.70509201 -1.22538305  1.42269185 -0.39443235  1.39157902
  1.67241019  0.75119198 -0.49075134 -0.93444754  0.29814417 -0.46323827
  0.83906828  0.64000873  0.0183701  -0.04806637 -0.17028035  0.74998314
  1.70151141 -1.66788218  0.23702063 -1.24148722 -0.19148694  0.15035384
 -0.68955896 -2.05107647 -0.51723444  0.94345485 -0.1955821   0.48932572
  0.20382331 -0.39519283 -1.38950115  0.68746431  1.62551309 -0.13553784
 -0.85778871  0.30683045 -0.06906792  0.59844712 -1.08020118 -3.23184967
 -0.74794502  0.64697388  0.89427755 -0.43294169  0.73364221  1.08608624
 -0.37773654  0.06858866 -0.24778864  1.12101777 -2.31459758  0.02063046
  0.20641837 -0.45776491 -0.31229609  1.5753568   0.38265911  0.26942067
  0.44943455  0.51541641  0.61153729  0.2233786  -0.40529852 -0.93775621
  0.84939341 -0.34502865 -1.00648452 -1.02113002  0.30559466  0.49437603
  0.95435081  0.57872045 -0.70595445  0.3583473   0.82481159 -0.74937451
  0.4926047  -0.42533746 -0.12606437  0.99559605  0.57979737  0.07097321
  0.68024273  0.42086814  0.18447371  0.41027188  0.07595568 -0.350208
  0.35155252 -0.1762361  -0.3324588   0.62118192 -1.24801712  0.69462857
 -0.42830319 -1.00770656 -0.82965813  1.45764843 -1.78054063 -0.08744979
  2.40412909 -0.24424656 -0.34943348  1.23303332  0.16952492 -0.44253202
 -0.56350053  0.0536904   0.86017027 -0.08178289 -0.25999664 -0.6560283
 -0.26814413 -0.95270365  0.77209853 -0.0169991   0.40097504  0.09332047
  0.73200349  1.34314027 -0.18605313 -1.37933586 -1.45234667  0.69706797
  0.78812462  0.70355054 -1.01132809 -0.16553392 -0.66949538  1.33915086
 -1.65360805 -0.39022454  2.50814459  0.04200334  1.14586044  0.99317552
  2.04638122 -0.54576652  1.03210842 -1.62764674 -0.57094261  0.52667769
  0.25681722 -1.33768731 -0.77476074 -0.36515666  1.2569552   1.85352101
  0.24337935  0.45385712 -0.72446015 -0.97643564  1.73451787  0.08805226
 -0.96343215 -0.25734424 -0.91398759 -0.3254581  -0.39645022  0.91536568
 -0.5219365  -0.44643623 -2.96838857 -0.46498502 -0.29596898  0.18341651
 -1.71342611 -0.29999743 -0.32097328 -0.92856477  0.78691107  1.00096269
 -0.81120865  0.7936096  -0.04834931  2.82049268 -1.75088101  1.13823835
 -0.79978204  0.61581459 -0.45322458 -0.30331535 -0.50644697 -0.14280525
 -0.82489697 -0.24986642  0.15764294 -0.15487709 -2.03080291  1.58971994
  0.12306827 -0.22297848  0.60171227  0.44288704  1.48382159  0.21599943
  0.05929016  1.38680116 -0.26517779 -0.34831955  1.34335431  1.11396924
 -1.34191251 -0.54379617 -0.44350704 -0.48038181 -0.43490858 -0.22266857
  0.97849986  1.0642599   0.49643323 -0.43993665 -0.92524702  0.47452653
  1.35192522 -0.88420592 -2.48775119 -1.4368022   0.05293203  0.47284747
 -1.12189073  0.21266949  0.10538     0.27465961  0.2897367   0.48918072
 -0.64877371  1.78415631 -0.14410114  1.28348951  1.10373135 -0.72323548
  0.57906821 -0.79064398 -0.2819522  -0.77670425  1.44211795 -0.4799019
  0.26940953 -0.07909812  0.0268957  -1.19896965  1.25082374  0.33733786
 -0.01697573  0.62581847 -0.28635578 -0.28374907  0.02084274 -1.92341713
  0.22778783 -0.52521537  1.81619644  0.41118055 -1.48622759  0.78711163
 -0.29016691  0.27448372 -0.39953284  0.55221758  0.11675313 -0.1003023
  0.07756613  0.15172019  0.96235056  0.24773127  1.93240309  0.91023387
  0.22679775 -0.38919316  0.72163415 -2.58125737  0.55869592 -0.42126569
  0.73312652  1.14446416 -0.23812185 -1.2545145   1.05582737 -0.64799854
 -1.19532256 -1.31309277 -0.73493317  1.31792745  0.28439965  0.62787024
  0.22442092 -0.56466808 -1.54072283 -1.819265   -0.84920841 -1.25668644
 -0.31345069  0.79442752  0.39695746 -2.46065097 -0.30382693 -0.09635643
  0.00370344 -0.95666846  0.52169403  1.03385611  0.06497685  1.24139173
 -0.64647951  1.24532375  0.90082654 -1.70951237  0.47970409 -0.01879244
  0.19516138  1.72491    -0.51499615 -0.49709385 -0.05911068  0.19139111
  0.31250041 -0.05750993  0.8153361  -0.11032406  1.3331188   1.44409423
  0.33580036  0.98962597  1.3474971  -0.34562062  1.6676112  -0.27713338
 -1.77821342  1.3230204  -0.4145574   0.25662206  0.12381568  0.86148162
 -0.22811768 -0.5018039   0.30214179  0.77004331 -0.27963249  2.01922339
 -0.25610996  0.46891818  0.87822951 -1.26309652 -0.43523539 -0.7078349
  0.45096942 -1.77506692  0.2484016  -0.08359379 -0.46180055 -1.58529736
  0.02390173 -0.74224948 -1.07038701  0.64781713  1.11833122 -0.40262549
 -0.74841023  0.32085829 -0.38410943 -0.54070592  0.11567989  1.46360437
 -1.00172563  0.83415865  2.22436427 -1.04225195 -0.46694434  0.34276133
  0.68949735  0.26676974  0.18902367  0.04911204  0.26401227  0.33783348
 -1.62808207  0.12161906 -0.77328631  0.53326257 -1.88780804 -0.24364975
  0.84046733  0.61531198 -0.27826762  1.89821059  0.18814286 -2.04951935
  1.04029196  1.43889425 -0.15966729  2.87632771 -0.32439971 -0.68407481
 -2.72379188  1.00219642  0.92637268 -0.28206943 -1.05845672 -0.78223034
  0.04452132  0.17743071 -1.974797    0.2367589  -1.02721923  0.1126755
  0.03020465 -0.65552995 -1.27775801  0.24244869  0.08294016 -1.68981161
 -1.08962767 -2.4694869  -1.27305982  0.51149891  0.72387038 -0.16941666
  1.75370148 -0.27115626  1.12337546  0.29812946 -1.52026836  0.27286853
 -1.17115185 -1.21291558  0.71646018 -1.59567872  0.91489634 -0.60309511
  0.02829292  0.24776095  1.92428819  2.0506898   0.02572829  0.4533346
 -0.28600304 -0.37377632 -0.56387664 -0.02637969  1.21055078 -0.02381227
 -1.19591043 -0.16867301  0.16218905  0.82710267  0.57615899  0.10586769
  2.01771086 -0.95104521  0.12298302  1.15671225 -0.2901056  -0.69657818
  0.49099189 -0.13259951  1.44273828  1.85615061  1.7225199  -1.58281261
 -0.07987084  0.62022247  0.24616655 -0.88244435  0.66796465  0.17797576
 -0.20721709  0.52219856 -1.28991056  0.45991716 -0.01398757 -0.49565728
  0.38922606  0.29454599 -0.39587326 -0.16994131 -1.75444059  1.99487075
 -1.85727136 -0.54128094  1.05382418  1.59805856 -1.82126352 -0.06087584
 -1.00960455 -2.35262311 -1.32770934  0.76216982  0.52661637 -0.36144478
 -1.46943703  0.21723461  1.65381535 -0.20604443  1.3478105   2.01913716
 -1.2818757   0.45411139 -0.81122133  0.97497224  0.59904257 -0.8940494
 -1.33099707 -1.07461927 -0.61064901  1.01338688 -0.58851796 -0.47193681
 -1.28800203  2.16072985  0.70572372  0.19518475 -0.65153238  0.55460725
 -1.91682398 -0.10489082  1.16337446  0.89924276  0.21090689 -0.6193095
  0.56061742  0.68434291  0.23775142 -0.35256931 -0.54121034 -1.37090249
  0.10914948  1.07941115  0.65841341 -1.33144325  0.93985546  0.8989374
  1.329637    0.55941766  0.63541795  2.46359271  2.34024492 -0.32951042
 -0.40197499  0.224973   -0.77724181 -1.04131669 -1.90663256 -0.32052446
 -0.16524049 -0.47349945 -2.222074    0.14612835 -0.24128712  1.40205943
 -1.70349663 -1.5571497  -0.68639622 -0.14458844  1.92126603  1.80052635
 -0.79410872 -1.61854507 -0.15004784 -0.65294963 -0.08578037  1.70986748
 -0.75721354  0.07366711 -1.56074537 -0.18622433 -0.52002314  2.82897485
 -0.11109422 -0.64779211 -0.44516081  0.35436132  1.05354529 -0.7588469
 -0.21831619  1.95002925 -0.26999192  1.11063817  1.15872934  0.3273442
 -0.95652475  0.90287544 -0.23213343 -0.9433754  -1.04326233 -0.19861583
  1.95214461 -0.37289677 -0.20401588 -1.55466475  0.71198076 -0.13750479
  1.1918707  -1.05142004  0.05589109 -0.05624898  0.55356138  0.73380909
  0.57277494  0.48053665 -0.07083086 -0.02295833  0.36583619  0.28784099
 -2.28391306  1.16617955 -2.55866764  0.81677158  2.40875009 -0.30977132
  1.03087293  1.02677102 -0.92832042  0.66439147  0.25549211  0.67373436
 -1.39488732 -0.09544529 -0.95368772  0.58743738 -0.27354042 -0.31116988
 -0.76983032  0.352658   -0.48811043 -0.10903439 -1.66754206  0.6156644
  0.4270222   1.11287255 -2.74814173 -1.45240726 -1.0450555  -0.29129318
 -0.85353017 -0.70018384  0.07556441 -0.4028352  -0.93266805  0.49646078
  1.19081812 -1.22653838 -1.01004394 -2.5392907   0.05414594  2.61386965
  1.45708035  1.63554782 -1.68504579  0.27628968  0.55573186 -0.53450285
 -0.0134134  -0.55353447  0.55265786 -0.16771743 -0.13932891 -0.49392597
 -0.81973708  0.05511553  1.12593057 -0.02537298  2.3720365   1.01553642
 -0.18787716 -0.95497882  0.68966405  0.04375179 -0.50631425 -0.88475088
  1.27795849 -1.05029424  0.77176506  0.18841158 -1.75232287 -0.45095518
 -0.8950941   0.86054411  0.6896245   1.79897282  0.80374045  1.21037951
 -0.61340077 -1.16496811  0.38130918 -0.32945216 -0.22233865  0.8354797
 -0.7919082  -0.10009863  0.01037309 -1.63132982 -0.12410931  1.39218799
 -0.40679338  0.31057858 -1.08759763  0.69945072 -2.15386277  0.02344336
 -0.48298937  0.86273209  0.50146681  1.02930897 -0.41727862  1.86117872
 -0.9514189  -0.96867195 -1.0747441   2.26184428