 7.42194970e-01 -9.16523517e-01  3.94422360e-01  5.35301121e-01
 -7.45693354e-01 -1.09498712e+00  1.08824487e+00  7.40702726e-01
 -1.58048588e+00  8.36127710e-01  2.27651070e+00 -4.52649030e-01
  8.57833654e-01  4.75809520e-01  3.54532774e-01  1.25942264e-01
  9.60498974e-01 -2.52620577e-01  4.72625406e-01  2.97974516e-01
 -2.69586358e-02  5.63998815e-01  9.46004852e-01 -6.12982741e-01
 -5.71425542e-01  1.07023743e-01  4.27853155e-01  2.73323925e-02
 -2.55208032e-01  8.76672716e-01 -9.81821018e-01  1.28272022e-01
  1.08339307e+00  1.14569713e+00 -9.45300881e-02 -1.06717034e+00
  8.26012937e-01  4.22014512e-01 -9.53673123e-01 -1.10593765e+00
 -1.92948403e+00  3.70136181e-02 -3.10612076e-01  5.02470909e-01
  9.01766117e-02 -3.40810327e-01  2.21887980e+00 -1.63852517e-01
 -7.55785717e-01  2.18859355e-02  2.01049340e+00 -4.86072867e-01
 -6.20638754e-01 -6.27916410e-01  9.54754206e-01 -1.34178395e+00
 -3.97356429e-01 -3.54523697e-01 -1.09433630e-01 -3.11791671e-01
 -1.08331586e+00 -1.19435839e+00  4.94606823e-01  1.70861367e+00
 -8.47577806e-01 -2.86913162e+00  2.08064327e-01 -9.64759688e-01
 -3.66418890e-01  1.04746783e+00  1.09081724e+00 -3.43444357e-02
 -5.27954613e-01 -1.10765895e+00 -1.85341460e+00 -2.19071707e+00
  1.27012022e-01  9.89807438e-02 -1.17685402e+00 -2.44371496e+00
 -8.63142307e-01  2.91966443e-01  4.13020525e-01  3.07104258e-01
  6.91432135e-01  3.97492342e-01 -2.07140947e+00 -3.03711656e-01
 -1.64658201e+00  5.17791512e-01 -5.09529830e-01  1.42247821e+00
 -1.37938816e+00  1.05734388e+00  1.50849111e+00  1.61271393e-02
  8.23790419e-02  3.72866670e-01 -7.94959854e-01  4.17291304e-01
  6.14565145e-01 -3.16744669e-01  3.16081428e-01  1.05352361e+00
  7.46516566e-01  3.91560820e-01 -5.44674623e-01 -1.58986341e+00
  6.76259978e-01  4.38984414e-01  4.94224088e-01 -1.32748063e+00
  1.79807038e-01  1.80077583e+00  2.45580040e-01 -3.90904715e-01
  1.09877056e+00  1.68426838e+00  4.45767491e-01 -4.25359877e-01
  1.55381210e+00  2.16493563e-01  1.61393842e+00  5.32924785e-01
 -5.38333972e-01  1.28197049e+00  6.44609647e-02  5.47845531e-01
  1.11756788e+00 -5.35190255e-01 -4.46409192e-01  7.38620100e-01
  4.96809268e-01  2.33566724e+00  2.22089303e+00  5.51651424e-01
 -8.74676934e-01  1.58500447e+00 -3.37629101e-01 -1.73693817e+00
  1.30543641e+00 -2.07869842e-01  6.48433931e-02  8.57183298e-01
  8.34424153e-01 -2.44997577e+00 -5.32465785e-01  3.20816589e-01
  1.37346469e+00 -8.83090654e-01 -1.61073432e+00 -1.30709391e+00
 -1.23732512e+00  5.42258087e-01  4.49968406e-01  2.06001627e-01
  5.28833832e-01 -4.38321848e-01 -2.37635374e+00 -3.43921652e-01
 -1.01190111e+00  1.32551984e-01  7.12088676e-01 -1.78727494e+00
 -6.55252162e-01  4.40154426e-01 -3.35570612e-01  1.83598042e+00
  5.25969846e-01 -2.59292741e-01  9.69282566e-01 -1.99249645e-01
  1.11794314e+00  7.76202572e-01 -1.21694104e+00 -3.96503189e-01
  9.07950831e-01  7.37959442e-01  1.16105832e+00  8.28416452e-01
 -2.51781920e-01 -6.97866256e-01  1.83538998e+00  1.48729179e+00
  1.84111305e+00  6.37785797e-01  1.88038227e+00  5.84594494e-01
 -3.44464759e-01  1.36732431e-01 -4.90813907e-01  3.35719434e+00
 -9.97500724e-01 -1.26208375e+00  1.56063974e+00 -2.16409470e-01
  1.20375769e+00  7.17880034e-01  4.58241540e-01  1.56392488e+00
  1.03543726e+00 -5.18955303e-01 -1.62359661e-02  1.07166008e+00
  1.17096083e-01  1.11849586e+00  2.23854694e-01  2.27461609e+00
 -1.68209010e-01 -1.16287208e+00 -4.51162366e-01  3.44591382e-02
 -2.05859770e+00 -5.51777580e-01  1.33834271e+00  1.78727091e+00
  7.48755486e-01  4.89839803e-01 -1.21812093e+00 -1.81549724e+00
  8.61206208e-01 -1.55208730e+00 -7.49354776e-01  7.99298423e-01
 -2.03839911e-01  5.65075530e-01 -5.35376625e-01  5.89080431e-01
  1.34889371e+00 -1.04661055e+00  5.71935871e-01  1.62289306e+00
 -3.89354777e-01  1.12502552e-01  4.33926247e-01 -1.65902780e+00
  5.47982082e-01 -9.52224456e-01 -9.87764504e-01 -9.25374519e-01
 -1.27193545e-01 -5.96114495e-01  6.04699236e-02  4.42532454e-01
 -1.20952633e+00  7.32391374e-01  1.17644678e+00  4.73740510e-01
  5.87572549e-01 -3.89047184e-02 -1.68802109e-01 -3.04084048e+00
  1.90820408e+00  1.82862884e+00 -2.02265646e+00 -1.25978063e+00
 -1.52600152e+00  2.32136749e+00  3.04677763e-01 -6.59525180e-01
 -2.19659254e-01  1.59389436e+00 -3.87459263e-01  3.02641682e-01
  4.27464545e-02 -1.17753577e+00 -1.19860763e+00 -3.22893104e-01
  1.06359987e+00  1.95527395e+00  2.11980300e-01 -2.24287989e-01
 -1.23551604e+00 -1.09087445e+00 -1.96412664e+00 -1.25247630e-01
 -1.05444710e+00 -9.74173956e-01 -3.67332989e-01 -6.21393582e-01
  2.29332191e-01  1.67953505e-01 -1.44136001e-01 -6.04441080e-01
  1.10569927e+00 -3.42906512e-01 -5.91498153e-01  7.32073840e-01
 -2.06450306e+00 -2.96297416e-01  1.36955002e+00  4.15738741e-01
  9.81167187e-01 -1.18963564e+00 -6.59196889e-01 -4.75994188e-01
  1.62685325e+00 -8.53138002e-01 -2.13098317e-01  1.12304020e+00
  3.17271770e-01 -9.86340705e-01  1.15804786e+00  1.29218512e+00
 -1.12451201e-01 -1.54037530e-01  6.29799285e-01  4.78993276e-01
 -7.71986945e-01 -6.87686666e-01 -4.63917632e-01  1.65732090e+00
  5.52781899e-01 -1.44314867e+00 -7.86479649e-01 -6.02537677e-01
  1.56535645e-01 -8.99868949e-01  4.52424593e-01 -7.21757792e-01
  1.17198049e+00  8.68741430e-01  6.54273109e-01 -9.11200321e-01
 -7.94196566e-01  1.85415752e+00 -6.01092586e-03  1.23293935e+00
 -7.86928130e-01  3.39576046e-01  8.90016532e-01  1.94526675e-01
  4.99132213e-01  6.34985513e-01  3.01367151e-01  1.28493060e+00
  4.03762803e-02 -1.96890772e-01  2.08795960e+00  1.36109356e+00
  6.43112525e-01  1.85490955e+00  1.07375895e-01 -5.99612348e-01
 -1.94571883e+00  3.56727340e-01 -3.75227840e-02  7.11291768e-01
 -1.46272339e+00 -1.53605947e+00 -1.23167725e+00  4.44053139e-01
  7.51913864e-01  2.98602601e-01 -4.04322997e-01  9.80799978e-01
 -5.45015407e-03  1.21337961e+00  2.08243699e-01 -9.86401029e-01
 -1.29754060e+00 -6.59745741e-01 -1.13560007e+00 -5.72988030e-02
 -6.43219371e-01 -1.23785863e+00  4.50324922e-01  6.04408875e-01
  3.11953266e-01 -9.60820929e-01 -1.81261083e-01  2.05435700e+00
 -1.43516774e-01  1.29324337e+00  1.25234285e-01  5.83116203e-01
 -1.09262161e-01 -5.67153564e-01 -4.41104104e-01 -1.03917514e+00
 -1.01591343e-01 -3.21388692e-01 -7.31854121e-01 -5.32630680e-01
  8.26336771e-01  5.45070210e-02  9.10234239e-01  2.34460819e-02
  1.73996608e+00  2.21723224e+00  3.92070999e-02  3.60259002e-01
  1.16922601e+00  7.15408924e-01 -6.68432881e-01 -3.35599786e-01
  1.31343433e+00 -1.25418654e+00  3.21944193e-01  1.78388817e+00
 -1.08057884e+00 -5.61319705e-01 -6.97679614e-01  3.24722167e-02
  1.04466392e+00 -8.73085271e-02  4.12821368e-01  1.83774040e-02
 -1.29855678e+00  4.75266754e-01  6.25669384e-01 -1.02997137e+00
  1.52519334e+00  1.31896431e+00  7.46494628e-01  6.43268269e-01
 -3.29534837e-01  1.89351469e+00 -1.99431364e-02 -4.01608655e-01
  2.01938187e-01  1.19974158e+00 -3.64696001e-01  7.52214378e-02
 -3.53434162e-02  2.42204021e-01 -3.27380010e-01 -7.25124624e-01
 -1.46922014e+00  3.09041394e-01  7.81748124e-01  2.84825615e+00
 -4.57009351e-01 -6.42425889e-01 -1.58776143e+00 -2.68006555e-01
 -1.51608944e+00 -7.46332970e-01 -1.68562296e+00 -5.78705630e-01
  5.13714364e-02 -4.23536689e-01  8.64268922e-01 -6.67536151e-01
 -1.04604108e+00 -9.25527654e-01  7.17143806e-01  1.96266694e-01
 -4.70707045e-01 -5.96714835e-01 -8.51480818e-01 -2.25156874e-01
  1.51636274e+00 -9.87510161e-01  2.15688377e-01  2.36407995e-01
  9.89676581e-02  6.27669046e-01 -5.20089714e-01 -1.99579710e+00
  6.38496743e-01 -6.76990289e-01 -5.25899563e-01 -8.87215251e-01
  3.71810598e-01  1.26483507e+00 -1.54137806e+00  1.29165651e+00
 -2.14782396e-01 -1.79597522e+00  2.69814436e+00 -4.33755547e-01
 -3.85874482e-01 -1.74673445e+00 -1.20020940e+00 -1.57139077e+00
 -2.99211079e-01  1.20948630e+00  4.81696580e-01  2.05742357e+00
  1.80616907e+00 -1.04307536e+00 -6.40198678e-01  1.14313402e+00
 -5.24751860e-02  7.20470144e-01  4.06884409e-01 -4.75957774e-01
  1.88865182e-01 -2.95534881e-01 -1.50524770e+00 -1.47786332e+00
 -3.56615015e-01 -1.36620602e+00  3.09074564e-01 -3.36099890e-01
  1.05732709e+00 -6.39819007e-01  5.90290643e-01  4.26053208e-01
  2.84035298e-01 -2.03112008e-01  1.25106186e+00  1.94609126e+00
 -9.46696130e-01 -1.60970870e+00 -4.88385182e-01  1.97005170e-01
 -9.47302826e-01 -4.03225659e-01 -7.29198355e-01 -1.54839827e+00
  5.18026611e-02 -2.32729707e-01 -1.75836284e+00 -7.64699879e-01
 -6.68905919e-01 -4.93756247e-01  8.56507209e-01 -2.21564435e+00
  4.56672241e-01 -7.96727218e-01 -3.22346708e-02 -6.88513420e-01
 -5.87551264e-01 -2.90847631e-01  1.57823317e-01  1.28158502e+00
 -2.39194260e-01 -9.82180240e-01 -3.08684432e+00  2.33881566e+00
  5.96861536e-01  8.39077734e-01  9.23820652e-01  7.14854356e-02
  6.26837782e-01  6.75020436e-01  2.71346219e-01 -9.40966108e-01
  3.56380412e-01 -1.46049106e+00  4.68659256e-01  6.94862303e-01
  2.17043448e+00  9.25316255e-02  9.86749326e-01 -3.27487019e-01
  1.95045274e+00  5.09248722e-01  1.37369071e-02 -1.55411022e+00
 -1.49121028e+00  2.42927355e-01 -5.17735322e-01 -1.75065973e+00
 -1.01362739e+00 -9.82197373e-01 -1.05676197e+00 -8.00995593e-01
  7.60234668e-01 -1.87865751e+00 -1.25973340e-01 -3.78458118e-01
  1.74736826e-01  8.37519173e-01 -7.97844765e-01  1.06172594e+00
  1.15376086e+00 -4.71090869e-01 -3.34428621e-01  2.23212126e-01
  1.43083001e+00 -8.22652090e-01  1.01399724e-01 -1.54050082e+00
  8.19734124e-01  1.19393851e+00  5.90565586e-01 -4.69373689e-01
  2.37422282e-01 -1.08221897e+00  2.14869905e+00 -2.10785483e+00
 -7.64117532e-01  6.87457321e-01 -8.21615699e-01  5.23487803e-01
  3.34672246e-02 -1.09442725e+00  2.08952885e-01 -2.07889696e-01
 -1.70661116e-01 -3.22441181e-01  2.22575838e-01  1.26088629e+00
  1.58446787e+00 -2.38316221e+00 -2.34457008e+00 -1.92704536e-01
 -1.15147293e+00 -6.09283527e-01 -3.01790605e-01  4.29992537e-01
 -9.25327764e-01 -5.06972098e-02 -2.02047838e-01 -1.92902021e+00
 -4.84382254e-01  6.32157037e-01  6.15303993e-01  4.33535349e-02
  1.30212728e+00 -3.98216246e-02 -2.51241195e-01  5.69796667e-01
  3.32329987e-01  5.32368380e-02  6.54074057e-01  1.61772525e-01
 -7.29759796e-01 -8.97522280e-01  5.18152085e-01 -4.56366137e-01
 -1.05701176e+00  1.23967001e+00  3.29884875e-02 -6.63333890e-01
  1.94575636e-01 -1.50109297e+00  1.88610650e+00  1.65406170e+00
 -4.10539471e-02 -7.52576377e-01 -5.84971412e-01  1.21796436e+00
  2.26663385e+00  2.06916434e+00 -3.60548460e-01 -3.21461788e-01
  6.05829220e-01  6.83281614e-02  9.50005311e-01  6.08053761e-01
 -1.47162830e+00  1.17437112e+00  2.74684064e-01 -2.82532334e-01
  5.96355045e-01 -1.18043347e+00 -5.10646623e-01  3.28558454e-01
  4.37328980e-01  6.70085024e-01 -3.59275878e-01  6.62316925e-01
  1.01168242e-02  9.11120243e-01  4.53947542e-01 -1.20809289e+00
 -1.58362994e+00 -1.20998881e+00 -2.24219324e+00 -1.36654765e+00
 -2.78409458e-01 -1.19209936e+00 -6.49726710e-01  5.87453511e-01
  1.76487367e-01 -1.12712131e-01 -5.01380928e-01 -6.20261187e-01
 -1.16421004e+00  1.81887733e-01 -6.00587750e-01 -2.11262214e-01
 -3.38847078e-01 -2.00165719e+00 -1.19512818e+00  1.54498449e+00
 -1.13295200e+00  9.07292829e-01 -1.23931081e+00 -1.12648320e+00
 -1.40149755e+00 -5.06726725e-01 -7.54591208e-01  6.55257559e-01
 -8.30577325e-01 -1.01600230e+00 -5.97223165e-01  5.07487283e-01
 -1.43441640e-01 -3.26872599e-01 -3.96941042e-01  1.57441897e+00
 -9.09085213e-01 -1.58433021e+00  1.42448426e+00 -2.27737777e-01
  1.01501990e+00  3.73690369e-01 -1.59192372e+00 -3.44817499e-01
  1.07921845e+00  1.32296414e+00  7.71744945e-01 -7.58073084e-01
 -2.96982447e-02 -7.68930810e-01 -3.05584115e+00  9.47225549e-01
 -1.29805592e-01 -4.12803860e-02  1.05074192e+00  1.53342632e+00
 -8.76339599e-02  2.87933641e-01 -7.45343416e-01  6.48445655e-01
  4.66069449e-01  6.94585336e-01 -1.28003481e+00 -2.67062811e-01
  1.52571790e+00  2.39998746e+00  1.19338136e-02  4.79379349e-01
  2.25154928e-01  1.08972927e+00 -9.04427940e-02  1.20539466e+00
  9.46633817e-01  1.69148118e+00  1.31452712e+00  8.61242439e-01
  1.11941512e+00  1.80877612e-01 -4.12400583e-01 -9.91647930e-01
  2.76745140e-02 -1.34139329e+00 -6.27624830e-02 -1.54413824e-01
  8.89432470e-01 -1.05428241e+00  3.93079073e-01 -1.03853564e+00
 -2.27797205e-01  5.12362985e-01  2.19579963e-01 -3.41530580e-01
 -1.08509611e+00 -1.22934869e+00 -1.26021643e+00 -1.25546141e+00
 -6.71980989e-01  5.47408633e-01  1.50301825e+00  7.32500802e-01
 -1.87986521e+00 -5.82483399e-01 -5.85744427e-01 -6.96156662e-01
 -2.36295922e-01  1.88181113e-01 -8.65468299e-01  6.34444886e-02
  1.25422142e+00 -4.99923984e-01  2.47336168e-01 -2.25776844e-01
  1.53908289e-01  5.24671309e-02  1.80566096e+00 -7.34024255e-01
  4.81164636e-01  7.25193571e-01 -7.39793521e-01  2.95262458e+00
 -6.47874089e-01 -8.18165316e-01  9.72603028e-01  1.89222187e+00
  6.23763078e-01  7.19700518e-01  5.19205188e-01  1.93657151e+00
 -1.44009874e+00  1.03807227e+00 -3.92124128e-01  9.17839230e-01
 -5.36367464e-01  1.65934591e+00 -6.01521441e-01  1.16652065e+00
 -1.58608614e+00 -5.57745653e-01 -2.70062747e-02 -1.06448570e-02
  2.21236337e-01  5.63396246e-01 -9.75177408e-01  1.67869352e-01
  8.08902285e-01 -1.71028270e+00 -2.12812665e-01  3.14936687e-01
  3.96309993e-01  2.34877362e-01  8.34030406e-02 -7.20465382e-01
  6.08609011e-01 -1.02476884e+00  6.01274170e-01  8.33601015e-01
  1.67191429e+00  8.75197821e-02  1.06081023e+00 -8.48431540e-01
 -2.99866219e-01 -1.37531322e+00  3.47277843e-01  8.66810467e-01
  8.10016064e-01  4.48769550e-01  1.69444182e+00  1.17851149e+00
  6.18870373e-01  8.26933565e-01  7.00465076e-01 -1.06468657e+00
 -1.75774234e-01  4.39898267e-01  1.22838512e+00 -1.04370601e-01
  1.68571044e-01  1.22712824e+00 -7.67100128e-01  1.72243192e-01
  1.41915909e+00 -3.36865300e-01 -1.23317842e+00 -1.38062715e+00
  7.67756716e-01 -3.65962443e-01 -3.85876000e-03 -6.87141088e-01
  2.92477696e-01 -1.10064830e+00  4.43290023e-01  1.31103600e-01
  1.79197249e+00  8.12531195e-01  7.38477308e-01 -7.00697408e-01
 -5.85472698e-01 -6.72510392e-01 -8.25220737e-02  8.99350875e-01
 -9.35372805e-01 -5.43045081e-01 -1.06078299e-01 -6.39730662e-01
 -3.99981868e-01 -6.69100972e-02  4.00718125e-01  1.30286424e-01
  1.20878941e+00  8.77884420e-01  3.17819132e-01 -4.98398158e-01
  9.90587557e-01 -1.86562013e+00 -1.28398912e-01  8.48734292e-01
  4.88128715e-01 -1.36209571e+00  3.60459557e-01  2.43676970e-02
  3.86792606e-01  3.14065643e-01 -4.65864575e-01  3.48857517e-02
  1.09100568e+00 -7.73079119e-01 -1.37832234e+00 -6.88257631e-01
  5.09998849e-02 -8.21157855e-01  1.26684742e+00  1.12633625e+00
 -1.39069166e+00 -2.56167073e+00 -1.27880709e+00 -1.55229183e-01
 -2.46348481e+00 -1.23119566e+00  5.13183094e-01  1.00041677e+00
  1.73491798e-02  1.34684398e+00  1.84787727e+00 -3.75886447e-01
 -1.02795457e+00 -6.75664709e-01  5.75146514e-01 -6.60292156e-01
 -7.64097886e-01  1.82678807e-01  6.52889041e-01  4.03944689e-01
 -1.30540167e+00 -2.11061615e-01  1.21688773e+00 -5.84024619e-01
  1.39550283e-01 -1.27126359e-01  7.44456280e-01  7.61004114e-01
 -6.92244182e-01  4.76595173e-02 -1.23734891e+00  1.49449487e+00
  1.19364046e+00 -3.04299197e-01  2.61013989e-01  4.74182219e-02
  3.91770367e-01 -3.44589580e-01 -1.08246711e+00 -1.07192781e+00
  1.66277464e+00 -9.54486675e-02 -6.19161263e-01 -4.30173556e-01
 -2.11559017e+00  1.01791488e-01 -7.92423680e-01 -9.79776780e-01
 -1.48003687e+00  8.80793486e-01 -2.40097346e-01 -1.92089716e+00
 -3.81029873e-01 -1.43849417e+00 -7.30685907e-02 -6.79271000e-01
 -1.27420731e+00 -1.08692015e+00  1.32562064e+00  3.88127726e-01
 -7.08672750e-01 -3.56575761e-01 -7.53889306e-01 -1.02544407e-01
  2.75845212e-01  1.10256512e+00 -1.05887362e-01 -1.11072738e+00
 -9.17437280e-01  1.36032201e+00  3.56653267e-01 -1.72344756e-01
  1.30614001e+00 -4.64955524e-01 -5.21516816e-01 -5.23465036e-03
 -7.76260071e-01  2.99083708e-01 -9.41858875e-01  5.26705266e-01
 -1.25657066e+00 -1.96063400e+00  2.22079751e-01 -1.15554277e+00
 -1.79128322e-01  2.68518404e-02 -1.62791406e+00 -2.45383043e-01
  1.43737440e+00 -1.66411120e+00 -1.01201863e+00  8.57133554e-01
 -1.29131851e+00 -1.35191414e-03  2.79788305e-01 -1.48669386e+00
  1.00623837e+00  4.71100568e-01 -1.31173760e+00 -1.20130020e-01
 -4.38665001e-01  1.90601117e+00 -2.70806433e-01  1.26380418e+00
 -1.55120625e+00  5.16529400e-01  1.17209431e+00  1.55828624e+00