-7.08365913e-02  3.70708670e-01 -1.31405942e+00  4.34585494e-01
 -2.10019974e-01 -7.11860265e-02  1.03151982e+00 -1.08479406e+00
 -7.43725715e-02  1.81983453e-01 -3.98951490e-01 -8.93985459e-01
 -1.92094956e-01 -2.17025554e-01 -4.45825557e-01  3.50134545e-01
 -1.03459015e+00  2.48045967e-01 -9.77818432e-02 -6.21232076e-01
  1.21756174e+00  1.04848392e-02  6.01476822e-01 -7.14687750e-02
 -5.76424271e-02  3.86989742e-01  1.16828274e+00 -9.62100771e-01
  1.08229426e-02  1.97069535e+00  7.40071504e-01 -1.44087790e-01
 -9.73774983e-02  1.33380523e+00 -5.01693866e-01  2.55041980e+00
 -1.57976932e+00 -4.22513903e-01  2.51784590e+00  8.71345272e-01
 -5.98794158e-01 -3.99124509e-01  1.19315915e+00  1.43251108e+00
  8.46599126e-01  4.70716840e-01  9.07927597e-01 -4.69099064e-02
  1.04561675e+00 -8.18965175e-01  1.61266407e+00  1.10144202e+00
 -2.50069850e-01  9.54943378e-01 -8.64960629e-01  2.82894557e+00
 -4.50427680e-01 -1.18053768e+00  1.52154854e-01  1.25656571e+00
 -3.04900902e-01 -1.11006074e-01  7.29591432e-02  9.39761814e-01
 -1.45495818e+00 -5.47967431e-01  1.85490396e-01 -4.02627424e-01
 -1.53458821e-01  2.24348331e+00 -1.27729088e-01 -2.42066869e+00
 -1.55142085e+00  7.44825508e-01  6.86255007e-02  1.40088003e+00
  4.08062536e-01 -2.59833170e-01  8.54993387e-01  1.54611507e+00
  9.78913270e-02 -6.23102084e-01 -8.45361066e-01 -9.53476774e-01
 -1.04631476e+00  1.45854113e+00  1.17812061e+00 -1.81881044e-01
  2.99023394e-01  6.79264299e-01  1.37061770e+00  2.01277827e-01
 -9.51398202e-01 -1.61196908e+00 -1.32302372e+00 -8.93861189e-01
  9.34418014e-01 -1.42191622e+00  2.09489427e+00 -5.01449111e-01
 -9.04112219e-01  5.00490678e-01 -4.52243755e-01 -1.56681700e+00
  8.02022744e-01 -6.83652766e-03  5.32295581e-02 -1.27601616e+00
  3.59379132e-01 -2.01164244e-01 -5.60308269e-01  4.75143686e-01
  5.00082273e-01  4.72601616e-01 -5.37716148e-01 -9.47143416e-02
  1.13644557e-01 -4.36840262e-01  5.53705312e-01  3.16745538e-01
  6.39394833e-01  8.76043588e-01  5.26076230e-01 -9.03423250e-01
  3.28647226e-01 -5.15157662e-01 -1.24722333e-01  7.83912910e-01
  5.03662657e-01 -1.49353462e+00  1.03152832e+00  1.25210056e+00
  1.98471335e+00 -6.08288808e-01  1.07605622e+00  4.23816186e-01
  1.43268847e+00 -1.73162462e+00  1.32321677e-01  1.03552445e+00
 -4.62756462e-01 -9.93807863e-01  6.87895341e-01 -4.08702392e-01
 -1.13745440e-01 -1.50103969e+00  6.19074420e-01  2.19495715e-02
 -7.55752630e-01  2.46382022e-01  1.94185961e+00 -1.14242002e+00
 -2.01026435e+00 -7.33811853e-01 -4.51976486e-01 -9.54546014e-01
  6.04982614e-01  5.70487596e-01 -7.39582522e-01 -8.35881094e-01
  1.34879607e+00  5.80085379e-01  9.27745788e-01 -1.66074108e+00
  1.16511376e+00  7.43105345e-01 -6.69760750e-01  3.00405551e-02
 -1.22082779e+00 -1.14869269e+00  7.01400439e-01 -8.29217116e-01
 -1.59931974e+00 -1.55756889e+00 -1.37764851e+00 -4.09272524e-01
  5.04502267e-01 -5.01486422e-01 -1.89452752e+00 -9.45862694e-02
  1.63301553e+00 -1.47140507e+00  6.91047193e-01  1.23930672e+00
 -1.13161008e+00  4.55736249e-01  2.18730910e+00  1.95076703e-01
  8.31925977e-02 -1.98726651e+00 -1.55560816e+00 -1.33993760e+00
 -3.35629495e-01 -5.65325346e-01  4.82619561e-01  3.57826861e-01
  4.52114565e-02 -2.19050489e+00  5.01247322e-01  2.29280373e+00
 -7.12091495e-01 -7.92785775e-02  9.49351781e-01 -3.61454899e-01
  1.31126410e-01 -8.92273078e-02  1.30892167e+00  3.30615304e-01
 -8.08828607e-01 -7.50483075e-02  2.90344026e-01  1.49384290e+00
  1.37337299e+00  1.11605865e-01 -2.34980790e-01  9.72995954e-02
  1.91966169e+00 -4.63423945e-01  1.05580710e+00  7.41910850e-02
  1.31292124e+00  1.15977319e-01 -8.52727639e-01  4.48375879e-01
 -4.40940933e-02 -8.33364926e-01  5.54662391e-01  1.38892390e+00
 -2.70439681e-02 -4.08600405e-01  1.16977649e+00 -1.05859444e+00
  2.86995247e-01 -1.35731593e+00  6.45395862e-01 -2.01392081e+00
 -5.84482569e-01 -5.58032589e-02  3.48669599e-01  4.45132061e-01
 -1.47865301e+00 -2.79042328e-01  1.06948963e+00  1.28547047e+00
 -2.91603306e-01 -1.61437998e+00 -8.78728326e-01  4.64167349e-01
 -6.65203698e-01 -2.48384267e-01  4.18516826e-01 -1.28512125e+00
  1.28570017e+00 -1.61630023e+00 -1.30296637e+00  1.63959963e+00
 -8.74624933e-01 -4.97856379e-01 -1.24666284e-01  1.07713195e+00
  5.66493941e-01 -1.07896869e+00  1.90503277e-01  7.15255056e-01
  3.75951335e-01  1.87503154e+00 -2.45897649e+00 -1.05982668e+00
  1.59169146e-01  3.72643641e-01  1.92965175e-01 -3.92760573e-01
  1.14532417e-01  5.24295351e-01 -1.41657721e+00 -4.42423578e-01
  1.23442019e+00 -7.54836092e-01 -2.61638311e+00 -4.84906254e-01
  7.23824180e-01 -9.87896551e-01  1.67613351e+00 -8.37651310e-01
 -5.70980361e-01  9.27037913e-01 -1.79933531e-01  1.35171690e+00
 -6.88297413e-01  3.96870810e-01 -3.89085662e-01  2.88970683e-01
  1.41440494e-01  7.58481800e-02 -8.33738008e-01  7.04136021e-01
  5.76084941e-01 -4.26149003e-01  1.68569284e+00  9.90952524e-01
 -7.60787839e-02  1.98589598e-01 -2.60669211e-01 -8.71040248e-01
  4.32699221e-01 -1.45682860e+00  6.53410747e-01  6.09801019e-01
 -9.40222221e-01 -6.83521786e-01 -1.15706964e+00 -1.02868264e+00
  3.44118474e-01 -1.61885741e+00  1.07269021e+00  1.88292060e+00
  3.81358911e-01  1.92334125e+00 -1.29193335e-01  4.74052098e-01
  1.41789080e+00 -3.24050545e-01 -2.16342005e-03  1.18446181e+00
  9.16807757e-02 -4.41531405e-01 -6.53681738e-01  2.21808838e+00
 -3.34095444e-01 -6.07094478e-01  1.35199562e+00  9.41195893e-01
 -7.38058318e-01  4.49868362e-01 -3.17096027e-03  9.72908878e-01
  5.18029395e-01  1.35292736e-01  8.58363510e-01 -1.13654792e+00
 -2.40734686e-01  1.75916732e+00  1.04530233e+00 -1.44395959e+00
 -4.71468941e-01 -3.31756627e-01 -1.10200615e+00 -3.72372020e-01
 -5.45237920e-02  4.69900270e-02  1.34394750e-01 -1.40815951e+00
 -1.01348882e+00  9.44016579e-01 -1.43166515e+00  6.29244905e-01
  6.49760399e-01  3.29768389e-01 -9.46311035e-01 -7.90403609e-01
  3.77858528e-01  1.89292798e+00  4.38360826e-01 -1.36546024e+00
  1.69961461e+00 -1.16386131e+00 -1.06513396e-01 -1.16171318e-01
 -1.20618971e+00  1.19094675e+00 -3.08359699e-01  3.81969906e-01
  3.15931499e-01  1.28408675e+00 -7.07636468e-01  7.71269127e-01
  9.00961715e-01 -1.45397552e+00 -2.29787359e+00 -7.04880465e-01
  6.01390140e-01  8.02742362e-01  2.06838371e+00 -1.95993795e+00
  3.48497024e-01  8.92247046e-01 -1.57439646e+00 -5.68149302e-01
  2.52199277e-02  7.89989168e-01  8.66206551e-01 -7.26409107e-02
 -4.83143507e-01 -1.44375266e-02 -9.94957055e-01 -1.87882056e-01
  7.16132676e-01 -1.33127506e+00 -1.56847668e+00  2.30485228e+00
 -6.23052551e-01  9.36721132e-01 -1.11466084e-01  1.07974709e+00
  2.29831813e+00  6.61729074e-02  8.59681895e-01  5.11900097e-02
  1.10970226e+00 -1.45530010e+00 -1.31879362e-01 -1.33810399e+00
 -6.63300280e-02 -1.11310481e+00  2.62316284e-01 -9.59822381e-01
  8.57460063e-02  4.84031792e-01  8.24975094e-01  5.27615740e-01
  1.25889005e+00 -1.26290980e+00 -2.91851667e-01 -7.17221457e-01
 -3.50042358e-01 -7.21872330e-01  8.79931182e-01 -8.88019964e-01
  9.01729316e-01 -1.53928118e-01  3.71804478e-01  9.29047719e-02
 -1.35008170e+00  3.80515733e-01  2.16006344e-01  5.82317728e-01
  1.13845451e+00 -1.59733148e+00  5.79131952e-01 -1.32575289e+00
  7.41088209e-01 -1.03660272e+00  1.04197223e-01 -3.10887828e-01
  1.25041275e-01 -1.62136257e+00  1.91683710e+00  3.78429123e-01
  4.37669497e-01 -1.50909667e+00  1.22113790e+00  6.86094381e-01
 -8.44962610e-01 -1.11397726e-01 -6.25566529e-01  8.85346011e-01
  5.20014232e-01  6.59104047e-03  1.69436839e-01  7.86257060e-01
 -1.78700519e+00 -1.15967282e+00 -1.19697870e+00 -4.23125585e-01
  5.10338579e-01 -1.31923816e+00  1.17332220e+00  6.93359537e-01
  7.50354616e-01 -8.29685903e-02 -5.19708018e-01 -4.17996504e-01
  1.39468826e+00  1.57715438e-01  6.54594024e-01  6.51791373e-01
 -1.68033491e-01 -1.72595583e+00 -8.64237452e-01 -3.00511764e+00
  4.59156925e-01  8.50018179e-01 -1.55733121e-01 -1.19596731e+00
  8.94256715e-01 -9.73324443e-01 -6.85827391e-01  9.14287788e-01
 -1.05895772e+00  1.48666820e+00  1.12412635e+00 -2.50210792e-01
  7.72458396e-01 -7.97731055e-01 -3.69037345e-01 -1.42901152e+00
  1.71176863e+00  1.55580803e-01 -4.00959253e-01 -2.73690672e+00
  6.59314458e-01 -2.89146271e-01  7.73310800e-02  1.38912062e+00
  1.01739441e+00  4.35881362e-01  2.71491406e-02 -1.52986422e-01
 -1.53019650e+00 -4.84394785e-02 -7.12307252e-01  2.21571129e-01
  5.73175810e-01 -5.74385006e-01 -2.45482659e+00 -9.75394613e-01
  2.65019861e+00 -1.06730952e-02  1.57681576e-02  5.79514442e-01
 -5.97894182e-01  3.00745247e-01  3.20910807e-01 -9.81908978e-01
  5.84721117e-01  5.66089220e-01  2.77648227e+00  2.17038654e-01
  1.67051926e-01  2.08062445e-01 -1.36200495e+00  7.02365177e-01
  7.51830540e-01 -1.12455803e+00  1.30731267e-01  3.95321760e-01
  1.22184564e-01  1.03003205e+00  4.70742825e-02  3.58388219e-01
 -5.07757531e-01  1.25193221e+00  6.06421745e-01 -5.92493833e-01
 -7.37903072e-02 -1.62182099e+00  1.16731834e+00  6.31759988e-01
  2.19925015e+00  5.87097876e-01 -3.29879739e-01  1.28251367e+00
 -7.65314674e-01  2.40700281e+00  7.11140127e-01  8.61331806e-01
 -6.67036100e-01 -5.08886197e-01  8.68313728e-01  6.57614218e-01
  3.13999849e-01  3.52859991e-01  6.90765527e-01 -1.91381067e+00
 -3.61405953e-01 -1.28407144e-01  7.60073314e-01  6.27279923e-01
 -7.11544219e-01  3.06267248e-01  1.00811407e+00 -1.98398960e+00
  4.56175305e-01  2.59352362e-01 -3.60339441e-01  3.34391765e-01
 -1.23987665e+00  1.03086450e+00  1.19549269e+00  2.41431583e+00
 -8.71591928e-01  4.77286892e-01 -2.48742934e+00  1.37731519e+00
  3.67426514e-01 -7.45019817e-01  2.13632281e+00  8.24929290e-03
 -3.87265021e-01 -2.29459574e-01  1.38503301e+00 -1.28523248e+00
 -1.53557234e+00  9.53867685e-01  4.29228805e-01 -2.37469659e-01
 -2.43666692e-02 -1.28925371e+00  5.24888733e-01  1.93706537e-01
  6.95909797e-02  3.71796039e-01 -5.97993576e-01  1.14577435e+00
  1.46299816e+00 -8.02855637e-01 -1.16354499e+00  5.05834272e-01
  6.78034856e-01  6.19998446e-01 -7.76183634e-02  8.00567019e-01
 -4.56078381e-01 -2.58526936e-01  6.90435651e-01 -1.02063834e+00
 -1.42790296e+00 -1.49368040e+00  5.85791218e-01  1.81924073e+00
  6.69808545e-01  5.13378834e-01 -7.75416005e-01 -1.03288939e+00
  1.31651576e+00  3.77303727e-01  2.64850075e-01 -6.55816621e-01
  7.91838282e-01 -2.69431752e-01 -5.31753840e-01 -2.07743289e-02
 -7.34907963e-01  1.87466848e-02 -1.05469859e-01  4.88203700e-01
  1.42173140e+00 -2.31307747e-01 -1.77689916e+00 -5.01244281e-01
 -4.11516691e-01 -8.37366028e-01  2.48251201e-01 -1.03240509e+00
  1.91838091e-03  9.01441040e-02  3.15369483e+00  9.83631932e-01
 -1.50356959e+00  1.76051657e+00 -2.38497181e-01 -2.37117383e-01
 -3.10922310e-01 -3.33983067e-01 -2.99945110e-01 -4.73854420e-01
  1.13791112e+00  6.58365421e-02  3.68654338e-01  8.79158735e-01
 -1.38559478e+00 -9.54620064e-01 -9.25347571e-01  3.64261304e-01
 -9.94044374e-01  1.55985217e+00 -1.09774267e+00 -1.28269967e+00
 -9.30911170e-01 -1.33123720e+00 -6.70362227e-01  7.41787311e-01
  1.90823010e+00 -1.19392347e-01 -2.43136613e-02  2.55285711e-02
  6.40981229e-01 -1.88981844e-01  1.81835966e-01 -1.64064354e+00
  2.36767169e-01  7.01429384e-02  4.10471556e-01 -1.39246862e+00
  1.35188208e+00  9.98674015e-01 -3.49628948e-01  3.28341015e-01
  1.02012263e+00 -9.76227025e-01 -6.20995924e-01 -1.52752419e+00
 -6.68673800e-01  1.59902477e+00  3.05370625e-01 -1.84923744e+00
 -2.29708789e+00 -5.43641943e-01  1.46149147e+00 -1.02704523e+00
  1.11638448e+00 -7.90821928e-01  2.04897328e+00  3.39392979e+00
 -1.65357508e+00 -2.16236307e+00 -9.39913231e-01 -1.67718482e-01
 -5.59873139e-01  1.21642835e+00 -4.22648298e-01  6.37860382e-01
  1.67057145e-01  1.20006376e+00  5.73015895e-01  6.26294830e-02
  2.60273850e-01  8.28609374e-01  3.95004078e-01 -1.88198132e+00
 -1.71617427e+00 -6.32996440e-01  7.41923190e-01 -6.61912480e-02
 -4.46513572e-02  1.24987342e+00 -2.09695805e+00  4.33381987e-01
 -1.81036685e+00  2.37930810e+00  4.55253252e-01 -1.06781917e+00
  4.27633980e-01  1.86962868e-02 -7.78705686e-01  1.65784228e+00
 -1.44114038e+00 -6.26181103e-01  4.67563284e-01 -1.52177995e+00
 -7.29522179e-01  3.03729727e-01 -9.63386316e-01  4.01455959e-01
  6.98098718e-02 -1.45128364e-01  3.89061782e-01 -1.46291672e-01
 -1.65736717e+00 -1.42500328e-01  7.80505933e-01  4.80891943e-01
 -5.60424683e-01 -1.79617827e+00  1.18413567e+00 -4.08717997e-02
  9.35890823e-01  4.74610615e-01 -7.26118459e-01  1.58268941e+00
  1.08770238e+00  1.97275570e+00 -3.62232707e-01 -8.57461613e-01
 -1.63155754e-01 -4.88119941e-01  4.85257575e-01 -2.31197507e+00
  2.43606943e-02 -8.23721637e-01 -5.07228240e-01  3.98412767e-01
  2.61291459e-01  5.55649772e-01  1.17723015e+00 -1.33378874e-01
  1.46075301e-01 -7.51577393e-01 -1.95165111e-01  5.72529436e-01
 -6.06216079e-01  3.40199268e-01 -4.10225800e-01  5.79372498e-01
 -1.15966902e+00 -4.09203213e-01 -9.71568505e-02 -6.67464488e-01
 -1.61758619e+00  1.26696887e+00 -1.73332269e+00  1.22826528e+00
 -2.18367551e-01  2.92175208e+00 -4.45162990e-01  1.10485426e+00
  2.61283267e-01  9.08707765e-01 -1.97301155e-01  4.30641886e-01
 -2.18751789e-01  5.22279318e-01 -1.10100693e+00 -1.07365223e-01
 -6.52050119e-01  1.31627640e+00  2.08849786e+00 -1.12260506e+00
 -4.11972173e-01 -1.40439689e+00  8.65934498e-01  9.78626229e-01
 -8.33777358e-01  1.48638806e+00  7.45722560e-01  1.32741419e+00
 -1.24006926e+00  2.80388631e+00 -9.57714445e-01  6.87927431e-01
  2.83833718e+00  1.83272966e-01  2.21540961e-01 -6.83644702e-01
  1.64643818e+00  1.30740712e+00  4.05103881e-01 -7.90855603e-01
 -4.20884169e-01  6.58991969e-01 -3.66724640e-01 -1.31970530e+00
  5.34479045e-01 -1.02900775e+00  1.34552761e+00  7.00533310e-01
  5.34337390e-01 -7.25577635e-01 -1.75194178e+00 -2.56193451e+00
 -6.72180393e-01  3.50958297e-01  2.77618656e-01  3.51126983e-01
 -3.36174334e-01  3.32343232e+00  5.64230515e-01  1.91250511e+00
 -2.12495679e-01 -1.81511663e-01  1.20430828e+00  7.72443230e-01
  8.59724664e-01 -5.89930461e-01 -2.05926236e+00  1.88455535e-01
  5.39043462e-01  7.40928131e-01 -2.34251145e+00  1.18341789e+00
  6.10641730e-01 -3.13653263e-02  1.56267806e+00  8.56526699e-02
 -1.03136064e+00  1.21140057e+00 -2.96807450e-01 -1.25618488e-01
  4.19105379e-01  2.56012897e-01 -1.60940432e+00 -1.99255857e-02
 -4.08688387e-01  6.78186018e-02 -1.19011767e+00  2.13834810e+00
  1.49912166e-01  2.91875448e-01  7.73034744e-01  1.48752634e+00
  8.39237741e-01 -4.87918715e-01  3.70864482e-01  3.71890908e-01
 -4.98513203e-01 -6.36912474e-01 -1.08607054e+00  8.63563203e-01
 -1.64714516e+00 -6.49441569e-01  1.45781339e+00  8.87089269e-01
  1.42248645e-01 -4.94394754e-01 -3.87290399e-01 -6.76375627e-02
  4.11312736e-02 -4.72806701e-01  7.29495930e-01  8.52593123e-01
 -1.53518906e+00  1.21278255e+00  7.27682661e-01 -2.12511342e-03
  1.17103339e-01  1.43774170e+00 -1.16508210e-01 -5.62414580e-01
 -1.05355603e+00  2.81019284e-01 -4.63755101e-01  2.69994326e-02
 -1.02224412e+00  9.85788348e-02  9.66922208e-01  2.10064415e-01
 -4.98428859e-01  1.25942302e+00  3.86362382e-01 -1.24821844e+00
 -2.67569276e-01 -3.54869495e-01  2.25996980e-01 -7.83203672e-02
  2.60988692e+00 -5.26268073e-01  5.42179976e-01 -1.18712618e+00
 -2.11346924e-01 -3.81983276e-01  5.92114498e-01  1.18146375e+00
  1.25792025e+00  1.03685281e+00  5.32119523e-01  1.24027036e-01
  3.14190223e-01  2.29890365e-01 -1.21237208e+00  1.11015065e+00
  4.34630234e-01 -1.86123542e+00 -4.13466773e-01  1.96767626e-01
  1.19679727e-01 -9.23308675e-01 -3.67885978e-01  6.39806835e-01
 -1.62097936e-02  1.06832074e+00 -9.25081354e-01  5.15960096e-01
 -4.92810635e-01  1.28219123e+00 -3.63808349e-01 -1.29115582e+00
 -1.48649826e-01 -1.88825769e+00 -8.57414232e-01  7.80738057e-01
  3.84885681e-01  2.75848976e-01  1.67141753e+00  3.13676842e-01
  1.10499618e+00  3.12422260e-01 -2.97294257e-01 -1.05569262e+00
  3.18641362e-01 -6.50288632e-01 -1.03168720e+00  8.21513075e-01
 -7.83116661e-01  2.53296808e-01  6.92956678e-01  1.15038058e+00
 -1.41489986e+00 -7.70601978e-01  4.88717182e-01 -8.00094435e-01
 -2.88201143e+00 -1.88168478e+00 -1.29107167e+00  5.70315430e-01
  1.33265404e+00 -4.08602961e-01  3.71896844e-01 -1.10037816e+00
  7.14115098e-01 -2.13014068e+00  7.31074006e-02  3.09025698e-02
 -3.17239989e-01 -1.38958279e+00 -6.34299422e-01  1.04459495e+00
 -2.53921484e+00 -9.14839743e-01  2.85680566e+00 -2.15631729e-01