 1.10437974e+00 -1.38316974e+00  2.99218634e-01  1.17997747e+00
 -6.69689044e-01  2.68804446e-01 -8.84692221e-01 -1.04363782e+00
  2.41986972e+00 -3.12715631e-01  1.72765278e-01  1.74540581e-01
  3.76775211e-01  5.52948879e-01  9.93458097e-01  9.33859989e-01
 -8.47588662e-01  7.67383856e-01  1.56042747e+00  1.53200072e+00
 -8.21929879e-01  1.19104527e+00  6.30100329e-01 -1.56991282e+00
 -9.41245761e-01  1.70293222e+00 -2.68702464e-01  5.62228196e-01
  1.44531685e+00 -1.03884652e+00  1.08884619e+00 -4.19331580e-01
 -1.11020089e+00  1.21833126e+00  1.13931751e+00 -4.66755655e-01
  2.24754591e+00 -5.99517946e-01 -1.65450310e+00  9.13771764e-01
  2.14484964e-01  1.64051496e+00 -5.91334989e-01  1.36548745e+00
  8.00223196e-01  6.49995409e-01  8.32416961e-01 -1.94799145e-01
 -3.86376631e-01 -7.03343695e-01  1.54919892e-01  8.07900707e-01
  2.67971739e-01 -8.80995404e-01  4.01660560e-01 -1.39818667e+00
 -1.39168672e+00 -2.21555551e-01 -1.62109097e+00  1.58912619e-01
 -7.41413218e-01 -2.44772013e-01  1.18859476e+00  1.37792962e+00
  4.81372131e-02  2.11585382e-01  1.76483930e+00 -3.90875561e-01
  1.08614483e-02  1.20271093e+00 -8.05724559e-01  6.68737198e-01
 -5.78249498e-01  9.42282540e-01  6.24996302e-01  1.54754806e+00
  1.09335092e+00 -1.26833628e+00  1.41548772e+00  6.07432456e-01
  9.06778683e-02  1.17726994e+00  1.21205037e-01 -2.83335492e-01
 -7.15163471e-02  1.27970036e-01 -6.76568483e-01  1.32798637e-01
 -4.82712805e-01 -9.15563917e-01 -8.12990998e-01  2.15555968e-01
 -1.58320504e-01  2.58613976e+00  3.66617891e-01  1.52966841e-01
 -1.63448404e-02 -6.46119936e-03  5.12737293e-01  2.36529563e-01
  6.23517379e-03 -1.30327579e-01 -2.24486188e-01 -1.36464172e+00
  4.15256404e-01  3.03510264e-01  9.00380694e-01  9.23477106e-02
 -1.68903423e+00  2.64710805e-01 -2.04135381e+00  1.26814324e+00
  6.34917196e-01  1.25306501e+00  1.78251504e+00 -2.94013631e-01
 -9.97485985e-02  1.24550360e+00  4.00112001e-01 -3.88768644e-01
  4.60205845e-01  1.19326368e+00  1.11538281e+00 -1.60857106e+00
  1.79168050e+00 -6.31734317e-01 -4.41317096e-01 -6.44996077e-01
 -6.21850330e-01 -1.67892678e+00 -1.00263861e+00  8.68199349e-01
 -2.46780976e-01  1.13218830e-01  8.75465434e-01 -6.36985302e-01
  1.12491289e+00 -7.90130453e-01  1.28105825e+00  5.50130739e-01
 -1.00423091e+00  1.93971494e+00  1.31781047e+00 -2.09284985e-01
 -2.69129865e-01  2.03626732e-01  1.48814852e+00  4.69660016e-02
 -1.77274749e+00  1.05413335e+00 -1.53923934e+00  5.69229434e-01
  1.60366470e+00 -6.59635996e-01 -1.36735579e-01  8.87677121e-01
  2.32187352e+00 -1.03388755e+00 -6.48551061e-01  8.29910402e-01
  2.64578021e-03  3.10934864e-01 -2.37356695e-01  2.11512630e-02
 -1.36366564e+00 -1.18859597e+00  2.26431127e-01 -1.56764759e+00
  2.10844405e+00 -2.19126311e-01 -2.53475074e-01 -2.15190567e+00
 -9.75928582e-01 -2.53739374e-01  2.64564697e-01  2.94609570e-01
 -6.61275309e-02  1.87479726e-01 -2.08886094e-01  2.58933611e+00
 -2.40347095e-01 -2.09254671e-02 -7.68490061e-01  1.74472711e+00
 -1.39463978e+00  8.99970349e-01 -1.72360309e-01 -1.17487687e+00
 -2.62725562e-01  6.48660350e-02 -1.30902165e+00  2.24156009e+00
 -7.64738084e-02 -5.55813637e-01 -1.83072780e+00  1.05164806e-01
  6.90234879e-01  7.71479140e-02  3.18325813e-01  1.02272026e-01
 -7.92104821e-02  5.79563160e-01  6.22160177e-01 -1.74677078e-01
 -9.98823053e-01  2.88684824e+00 -2.15584790e-01  6.95905701e-01
 -1.13135768e+00  9.13819514e-01 -7.05697689e-01 -1.10878887e+00
 -1.02856125e+00  9.56138271e-01  4.69808883e-01  4.74216338e-01
  7.08614988e-02  1.10290781e-01 -9.21787291e-01  1.12134044e+00
  1.12397318e-02  4.97412363e-01 -1.49569890e+00  1.55238518e+00
 -5.87088168e-01 -7.21628278e-01  1.39722576e+00 -1.23645868e+00
  5.24246706e-01 -1.12985302e+00  6.42616497e-01 -8.38006864e-01
 -6.44855922e-01 -2.47431664e-01  8.54734929e-01 -8.55967755e-02
  1.89492127e-01 -1.19591027e+00  9.54418979e-01 -1.54911210e+00
  8.31449938e-01 -2.65163433e-01  3.10241607e+00 -7.59920006e-01
 -1.48962446e+00 -1.59019963e+00  1.45414296e+00  4.27902042e-01
 -2.27084903e+00  1.47573590e+00 -5.48060782e-02 -1.20206487e+00
 -5.12299803e-01 -2.47912404e+00 -8.20809410e-03  7.55461190e-01
  1.33362178e+00 -4.21146277e-02 -1.25615840e+00  4.96201668e-01
  1.30732785e+00  4.49214168e-01 -1.63669518e-01  1.21041734e+00
  1.48902828e+00 -4.30015064e-01 -1.79071682e-01  1.00871678e+00
  1.13244391e+00  1.67570139e+00 -1.05039912e+00  7.58907287e-02
  1.63223647e+00  1.44361835e+00  3.75197430e-01  7.56972800e-01
  7.47346545e-01  9.45363595e-01 -6.74306127e-01  6.27663100e-01
 -1.22730056e+00 -1.36717260e+00 -1.08372953e+00  6.23938924e-01
 -1.58244589e+00 -1.03507204e+00  1.60573293e-01  1.27907371e+00
 -8.71408444e-01  8.58756082e-02 -5.91046456e-03 -4.30881794e-01
  8.15505473e-01  5.34556966e-01  2.20339331e+00 -1.48720837e+00
 -2.83998274e-01 -9.63083681e-01  1.59434332e+00 -1.98008622e+00
  1.36343051e+00  8.94905715e-01  6.85507976e-01 -2.74344398e-01
 -9.94161689e-01  1.38393325e-01  2.87780786e-01 -2.20969376e+00
 -1.72399436e+00 -6.16388674e-01 -1.04771349e-01 -6.13351666e-01
 -3.63580654e-01 -1.08405223e+00  2.15789946e+00 -7.68450661e-01
 -1.23880418e-01  2.19686909e-01  1.26968747e+00 -2.85573792e+00
 -2.42999298e-01  2.55284801e-02  1.57333085e-02  9.58796102e-01
  3.32099682e-01  4.82477925e-01  1.18646615e+00  2.50559503e-01
  6.78155308e-01  3.14247707e-01 -3.97160878e-01 -9.55306058e-03
  1.24081897e+00  1.02420961e-01  8.70720437e-01 -4.09708082e-01
 -2.64924258e+00 -1.57424165e+00 -9.88559439e-01  7.60988869e-01
  7.35670963e-01 -1.53795812e+00  1.13085111e-01 -1.73753932e-01
 -8.54174658e-01 -1.97282339e-01 -8.80908889e-01  1.09615725e+00
 -2.48764327e-01 -5.61476098e-01  1.41093868e+00 -5.42252120e-01
 -2.27306867e-01  4.72577123e-01  7.80230330e-01 -3.83682438e-01
  2.91108823e-01  6.51435591e-01  6.02686066e-01  1.49737186e+00
 -1.00577884e+00  8.23766239e-01  1.45820931e-01 -4.91487073e-01
  1.16262525e+00 -5.45967938e-01  1.68463640e+00  3.37794054e-01
 -1.10230898e+00  6.00086071e-01  6.24094152e-01  1.19059090e+00
 -2.70676011e-01 -7.49261618e-01 -9.68679999e-01  6.47295233e-01
 -5.75139851e-02 -1.56534491e-01  3.51425817e-01  1.01197654e+00
 -6.68477322e-01 -1.16956895e+00  5.77584492e-01 -2.23098435e+00
  5.75504031e-01  9.17128649e-02 -1.39379670e+00  5.22969853e-01
 -2.83184398e+00  1.19078647e+00  3.34137269e-01  4.67933617e-01
  1.32011215e+00 -1.17035988e+00  4.97210747e-01 -6.26898070e-01
  1.48111045e+00  5.65926849e-01 -2.69723125e-01 -1.67187784e-01
  7.45994096e-01 -3.67353772e-01  4.27369727e-01  5.24087527e-01
  9.50345056e-01  5.26653796e-01  5.53762624e-02  7.43186236e-01
 -6.76652958e-02  2.61614490e+00 -2.14916117e-01  5.03180790e-01
 -1.86235017e+00 -1.21869330e+00  2.40892094e-01  2.02015854e+00
 -1.66736579e+00 -1.82054056e+00  7.39569399e-01  5.37880791e-01
  4.26653228e-01 -1.01482301e+00 -2.08939182e+00 -7.98150963e-01
 -1.63578318e+00  1.75303840e-02  2.29430024e-01  1.18843128e+00
  1.22154429e+00 -5.69678817e-01  1.66811506e+00  1.87195554e-01
  3.08017699e-01 -4.09912649e-01  1.83855405e-01  2.27625264e-01
 -9.30415552e-01 -3.35258046e-01  1.70662172e+00 -3.16756725e-01
 -4.57818063e-01  3.67801810e-01  1.49849043e+00  1.84798315e-01
  5.28768315e-01  1.30474700e+00  1.45488432e+00 -7.92047650e-01
 -2.30197405e-01 -3.53065013e-01 -1.91347478e-01 -1.53548968e+00
  2.30255375e-02 -4.20475875e-01 -2.53902866e-01 -9.10727941e-01
  8.36991270e-03 -3.38390804e-01  4.31513276e-01  1.98490704e+00
 -2.44105205e-01  4.78482575e-01 -9.51789096e-01 -1.23376119e+00
  3.90254168e-01 -1.91090765e-01  1.88629918e-01 -6.38564294e-01
 -8.13962621e-02  7.33877147e-01 -4.51775484e-01  6.73735858e-01
  4.39300207e-01 -3.11476944e-01 -7.33399517e-01  7.42580487e-01
  1.50847550e-01  1.73636647e-01  6.22204031e-01  8.94656456e-01
 -5.96968085e-01  1.50607180e-02 -1.91856318e+00  9.51324426e-01
  1.58848254e-01 -6.68622351e-01  1.37059001e+00  1.90450332e+00
 -4.77524703e-01 -1.98451482e+00  1.79458454e+00 -1.37040672e-02
 -8.56726524e-01  8.32836206e-01 -5.60738019e-02 -8.07004638e-01
  2.65722096e-01  1.10468384e+00  1.29169827e+00  9.90421263e-01
 -8.14764675e-01  6.82882834e-01 -1.55610493e+00  1.53003750e+00
 -1.40647329e+00 -1.61475573e+00  3.94965020e-01 -9.14335088e-01
  1.40340611e-01 -1.33932810e+00 -4.69746812e-01 -3.22807291e-01
 -6.87671352e-02  4.36490448e-01  4.48208658e-01 -8.43025667e-01
 -4.33966516e-02 -3.15300147e-01 -4.60586899e-01 -8.37564256e-01
  1.39803769e+00  1.22561076e-01  2.74961821e-01 -1.54461956e+00
 -1.57986818e+00 -8.81784781e-01 -2.47229596e+00  1.73276789e-01
  8.69007140e-01 -6.12598760e-01  1.75312744e+00 -1.85828372e+00
  1.39412326e+00  2.67190564e-01 -1.45561105e-01 -3.03619479e-02
  7.06076588e-01  1.51286208e+00 -4.97826112e-02 -1.78334671e-01
 -4.03471241e-01 -3.55058504e-02  1.41189508e+00  2.61958920e-01
 -2.00225309e+00 -3.80409935e-02  1.33951999e-01  5.56229080e-02
 -6.31929529e-01  6.74875804e-03 -6.13739164e-01  2.09429009e+00
  1.85991452e-01 -1.07192447e+00  1.10343807e+00  2.18130463e+00
 -7.49710595e-01 -1.00137408e+00 -6.93296655e-01  1.23698445e-01
 -2.41855470e-01 -4.01381705e-01 -6.15782161e-02 -2.10621209e+00
  6.22291205e-01 -2.18279694e-01  6.75007253e-01 -2.73801579e+00
  1.21781345e+00 -6.89667592e-03  7.02327360e-01 -1.07951084e+00
 -1.62104877e-02  1.96317823e+00 -2.67704787e-01 -3.48113057e-01
  3.15762719e-01 -1.78596503e+00 -4.23230511e-01  1.84778726e-01
 -3.08574871e-01  5.01083845e-01 -1.09860992e+00  1.12695160e+00
  1.03824785e+00 -3.66219874e-01 -2.13639359e-01 -5.37382567e-02
  4.85718158e-02 -1.92322779e-01 -5.05480547e-01  6.81819429e-01
  8.71012848e-01 -9.75411411e-02 -1.20506964e+00 -1.52708055e+00
 -1.49638290e+00 -9.13841936e-02 -1.08428017e+00 -3.39255037e-01
 -1.15332012e+00 -1.97853838e+00 -3.12159756e-01  1.00101039e+00
  2.10401716e+00  8.41984157e-01  1.72153771e+00 -7.07715291e-01
 -8.66842531e-01 -1.78369493e-01 -1.30203742e+00 -2.59390300e-01
 -5.78395532e-01  2.43224379e-01 -3.59954101e-02 -2.12582569e+00
  5.84985163e-01  6.24897510e-01  1.10544771e+00  8.45928948e-01
 -5.48221780e-01 -4.95929196e-01  1.07707625e+00 -2.29608393e-01
  1.36053019e+00  9.18055649e-01 -2.11441837e+00  1.20596545e+00
 -2.78760494e-01 -3.04025975e-01 -1.51528184e+00  3.13841793e-01
 -5.03654754e-01 -3.12506580e-01 -5.18265686e-01  2.41959972e-02
  2.14957439e-01  7.97052273e-01 -4.16126290e-01  5.16256002e-01
 -9.35440967e-01 -4.71578080e-01  6.37764120e-02 -5.67698835e-01
  2.21520137e+00  1.78526162e-01 -6.90289477e-01  2.77217218e-01
  5.60825136e-01 -1.33721565e+00  7.96770364e-01  1.05193349e+00
 -2.11234826e-01 -1.30912031e-01  1.18821926e+00  1.23174621e+00
  2.90370313e-01  8.19607383e-01  9.06309506e-01 -8.99489895e-01
  7.41670498e-01 -9.71388366e-01  1.21963006e+00 -3.56742920e-01
  4.14298092e-01  9.53630598e-01  9.67580884e-01  1.06036034e-01
 -2.42733277e-01  1.34706116e+00 -8.29146795e-01  1.39549287e+00
 -7.31076867e-01 -4.33937727e-01  2.28048899e-01  5.61557068e-01
  4.19318846e-01 -9.09181730e-02 -1.66909947e+00 -3.68730960e-01
 -3.35239379e-01  9.24281652e-01 -5.62116956e-01  1.02861648e-01
 -8.40508130e-01  1.45514901e+00 -1.19568498e+00 -2.76068342e-01
 -8.03181892e-01  7.56209028e-01  8.98686607e-01 -5.60570760e-01
  5.43620115e-01  4.82805484e-01 -6.84479026e-01  9.16179806e-02
  1.75504184e+00 -1.51599560e+00 -1.94753401e+00  6.16660243e-01
  4.13998006e-01 -6.35770154e-01  8.96074140e-01  3.25478426e-01
  6.60576966e-01 -1.63408436e+00  1.35625675e+00 -2.95714785e-02
 -7.66225464e-01 -3.96733082e-01  9.96907393e-01  1.02697904e-01
  2.01917052e-01  1.19423449e-01 -4.39645515e-01  2.23532115e+00
 -9.32203540e-01 -1.82608329e+00 -2.14118990e-01  6.84844730e-01
 -2.33121498e+00  1.59801340e+00  1.39039496e-01 -1.80942488e+00
  9.17924259e-01 -3.42710468e-01 -3.29710256e-01  6.26616895e-01
  5.05921657e-02 -5.35557435e-01 -5.03588224e-01 -8.15811677e-01
 -1.02412253e+00 -3.37568629e-03 -1.37563942e-01  9.95750460e-01
 -7.83538917e-01  1.27724714e+00 -2.45422093e-02 -1.41091918e-01
  1.36726547e-01  6.52163987e-01 -1.09318289e+00  3.62737922e-01
  1.90600281e+00  4.15930814e-01 -1.46388902e+00  9.22175280e-02
  1.46046797e+00  2.14115886e-01 -1.44977016e+00 -6.56770064e-01
 -8.93899818e-01  1.51973832e-01  6.80340958e-01  1.44181217e-01
 -1.08584544e-01 -1.57209989e+00  2.25778068e+00 -6.47637052e-01
 -9.09908338e-01 -2.32244710e+00 -1.04896999e+00  1.09241867e-01
  3.82363156e-01 -3.66759548e-01  1.46453001e-01  1.02634767e+00
 -3.60832226e-01 -6.59407951e-01 -1.02388717e+00 -1.54709467e+00
 -1.46913155e+00  7.70104336e-01  1.30899061e+00  8.65487629e-01
 -7.06643291e-01  4.85849653e-01 -3.45874094e-01  6.55545583e-01
  4.27994671e-02 -4.79810868e-01  4.60853459e-01  1.94887766e+00
 -8.52663245e-01  1.22817295e+00  5.99774513e-01  3.92042871e-01
 -1.68067868e+00 -1.01748789e+00 -3.78820907e-01  2.10310757e+00
  1.03897866e+00 -6.58228690e-01 -3.49705261e-02  2.06438829e+00
 -8.04092478e-01  8.56109105e-01 -1.98095177e+00  1.44277635e+00
 -2.71354092e-01 -2.29414118e-01  1.51339285e-01  9.00504473e-01
  1.30053955e-01 -1.60895354e+00 -1.46223295e+00 -4.14750295e-01
  5.15419975e-01  6.81534514e-01 -5.86410899e-01 -9.43631084e-02
  1.91994150e-01 -8.50440317e-01  1.81701505e-02 -5.00753560e-01
 -4.45302613e-02  1.57345338e+00 -1.97571722e-02 -1.50777968e+00
 -3.15182976e-01  4.59855557e-01 -1.39448566e+00 -1.01509920e+00
 -8.96686384e-01  1.34654478e-01 -1.05101319e-03  3.96855750e-01
  1.84903514e+00 -5.59938306e-01  6.88947658e-01  4.32804389e-01
 -2.47585724e-01 -3.36587759e-01  1.21366806e+00 -7.08212171e-01
  9.42246891e-02  4.46113532e-01  2.33283497e-01  9.56422475e-01
  1.31157009e+00  9.59689980e-01  6.96177520e-01 -4.76829814e-01
 -1.35449261e-01  1.31692313e+00  3.67264165e-01  2.36234244e-01
 -7.17777498e-01  1.39959111e+00 -7.92195520e-02  8.25242510e-01
 -6.39706588e-01 -1.13773813e+00  9.48592957e-01 -5.35620265e-01
 -9.87830286e-01 -1.21276263e-01 -1.13987573e+00  3.89353191e-02
  5.69728713e-01 -6.10011733e-02 -4.53169138e-01  2.71182838e-01
 -5.58268895e-02  7.24522323e-01  7.86115429e-01  2.22391774e+00
  8.09705642e-01  1.26080514e+00  2.57538216e-01 -1.00139338e+00
 -2.90952214e-01  1.77306296e+00  1.88424190e+00  4.92587118e-01
 -2.72396845e-01  1.12981448e-01 -1.50161586e+00  2.51957914e-01
  3.34905450e-01  1.70744364e+00 -1.17368531e+00  1.84076977e+00
 -3.00504126e-01 -8.71043145e-01 -1.46821485e+00  3.26254812e-01
  2.12491815e-01 -7.75270724e-01 -1.76225059e+00  9.32994508e-01
  1.55837669e-01 -2.84276261e-01 -6.08969482e-01  7.63666897e-01
  5.07370827e-01 -2.67496065e-01  5.63745132e-01  8.21913731e-01
 -2.58664782e-01 -1.30998720e+00 -3.84723537e-01  1.38865449e-02
  6.93959903e-01  1.03454281e+00  8.93180737e-01  4.95846275e-01
 -6.12509397e-02  4.82207970e-01  1.96259932e+00  1.29655202e+00
  2.43179568e-01 -8.98277693e-02 -3.62118714e-01  2.61687718e-02
 -6.00837524e-01 -2.31061796e-01 -9.47713416e-02  1.27341660e-01
  2.17605496e-01  4.84616613e-01 -4.64448458e-01  1.13106858e+00
  1.02582462e+00 -9.82263837e-01 -3.77045455e-01  2.41140958e-01
  1.24770296e+00  1.83974951e+00  1.16389401e+00 -5.62324271e-01
  1.72108973e-01  4.40339288e-01  1.18796469e+00  8.54268041e-02
 -2.28152860e+00 -2.17599503e-01  4.60269400e-01 -2.31305375e-01
 -1.17023735e-01  1.50245190e+00 -1.32926010e-02  1.19522509e+00
 -1.16136352e+00  1.54684414e+00 -1.17106011e+00 -1.00092147e+00
 -5.66590853e-01 -6.90539685e-01 -3.88296189e-01 -1.34026008e-01
 -3.05292545e-01  2.46484815e-01 -1.73405728e-01 -1.48516612e+00
  8.45731748e-01  2.36425299e-01  1.72748459e+00  4.05550096e-01
 -7.74514012e-01  4.23568564e-01  8.64864785e-01 -1.14075647e+00
  1.84724628e-01  1.69943260e-01  1.22732277e+00 -7.50378339e-01
  5.45064366e-01 -1.24835817e+00 -1.24972198e+00 -4.14132012e-01
 -7.03473358e-01 -9.29370724e-01  1.31701920e+00  3.19332644e-01
 -1.29514891e+00  1.12809097e+00  3.78529443e-01 -1.04823952e+00
  1.18554256e-01 -1.34507442e+00 -4.95942092e-01  2.71728417e-01
  1.36334021e+00 -2.78667006e+00 -4.65234760e-01  5.00531980e-01
 -3.12478218e-01  8.03464080e-01  7.43580541e-01 -9.41219853e-01
 -5.17454391e-01 -3.96179244e-01 -1.37156764e+00 -3.18519696e-01
 -8.76814031e-01  1.29442025e+00 -1.02093817e+00 -7.58457275e-01