 1.31643243e+00  4.54233731e-01 -2.78012375e-01 -1.23656789e+00
  1.03266379e-01  1.59272517e+00  9.93331136e-01 -1.80422863e-01
  1.63198947e-01 -1.33356024e-02  6.71288581e-02  8.56412785e-01
 -2.73406715e-01 -2.26249360e+00 -1.01917188e+00 -7.69816036e-01
 -1.02676817e+00  1.95636113e+00 -9.20597024e-01 -4.21646261e-01
  3.14567487e+00 -2.20791437e-01 -4.14854152e-01  1.84464327e-01
 -1.53426573e+00  5.69774149e-01  2.15361487e+00 -8.79764003e-01
 -7.97215263e-01  1.34242331e-01 -9.33602362e-02 -1.33204048e+00
 -1.60926072e+00 -1.65307016e+00  3.54110552e-01 -2.25293045e-01
  3.73051632e-01  7.34682604e-01 -1.32056924e+00  1.31521306e+00
 -1.82056094e-01 -4.10423884e-01  1.93173091e-01  6.71365162e-01
  7.32412706e-01  7.00548476e-02 -8.24963162e-01 -8.44157836e-01
  2.43601350e+00 -6.91151686e-01  4.93191155e-01 -8.88165705e-01
 -2.75895272e-01  4.74617690e-01 -1.06756665e-01  4.32108264e-01
 -9.95258317e-01  3.07520181e-01  4.49471985e-02  1.92898740e+00
 -2.69174802e+00 -1.79346776e-01  1.35545441e+00 -8.74136595e-01
 -4.46140318e-01  1.17264577e+00 -8.56561291e-01  7.48435134e-01
  1.92801432e+00 -1.70155571e+00 -1.97452261e+00 -7.76605853e-01
 -5.62949257e-01 -6.53965988e-02  5.05973135e-02  1.56603797e-02
 -9.55893079e-01 -1.26084873e+00 -1.72649053e-01  2.96991523e-01
  4.94823994e-01  3.52557577e-01 -1.14170895e+00 -1.03149184e+00
  2.71685710e-01  8.75440094e-01 -1.77954183e+00  3.48307662e-02
 -2.14860852e+00 -2.26529562e-01 -1.31233294e+00 -1.98030728e-01
  7.80398129e-01  8.01405510e-01  1.39642182e+00 -6.20431666e-01
  9.73665725e-01 -8.36642497e-01  5.19966465e-02 -1.19238756e+00
 -4.03594256e-01  9.05513649e-01 -2.27695671e+00 -6.03201813e-01
 -2.32280281e-01 -7.56718044e-01 -7.81454913e-01  1.57895729e+00
 -1.27895448e-01  2.55365824e-01  1.57926703e+00 -3.92602230e-01
  2.02442905e+00 -3.63370176e-01 -1.64848776e+00  3.03840896e-01
 -1.43827295e-01  8.98066289e-01  8.48960318e-01  7.38195755e-01
 -6.12077327e-02  1.54875000e-01  3.01147141e-01  4.55095497e-02
 -1.29577783e+00 -1.13052628e+00 -9.71893356e-01  8.68375600e-01
  2.90231352e-01 -1.65424387e+00  6.38070355e-01  6.78249234e-01
  4.71962758e-01  6.72736672e-01 -3.94810153e-01 -8.73862542e-01
 -5.77427436e-01  5.41460180e-01  2.25693910e-01  6.66977648e-01
  2.08429940e-01  1.88296498e+00  1.19505614e+00  8.93332891e-01
  5.35599552e-01  3.01190088e-01  2.23498622e+00 -1.61335360e+00
 -4.16564969e-01  4.04418453e-01 -9.96996704e-01 -1.29675740e+00
 -2.32317918e-01  6.95146650e-02  6.62113146e-01 -1.34497989e+00
 -7.05791729e-01  2.60822282e-01  1.07262860e+00  1.05267593e-01
 -1.79289824e+00  1.71674406e-01 -1.01655570e-01  1.46092518e-01
  9.41840370e-01  2.04618127e+00 -5.73466434e-01 -1.29812036e-01
 -1.59466886e+00  4.15966520e-03  1.84819825e-01  1.13268730e+00
  3.96277287e-01 -1.09367939e+00 -1.57076692e-02  1.00625599e+00
 -2.48285202e-01  5.03700208e-01 -1.05032381e+00 -1.09721816e+00
  2.11979980e+00  1.41814637e-02  1.24814164e+00  3.36694457e-01
  1.72556604e-02  1.77594601e+00  1.44002365e+00 -1.18868234e+00
 -1.57361506e-01 -1.44621965e+00  8.29901785e-01  1.08796978e+00
  1.08342720e+00 -1.79359359e+00  1.04083148e-02 -2.00309163e-01
  8.09450165e-01 -1.99832809e-01  5.51064068e-01 -9.83632479e-01
  5.96030714e-01  2.69230039e-01  1.53792122e+00 -1.76502997e+00
  4.18913206e-01 -1.26517364e+00  9.81785742e-01  6.96070374e-01
 -1.59943616e+00 -1.14828486e+00  8.12056241e-01  9.81586374e-01
 -3.47514877e-01 -5.97303155e-01  2.48947698e-01 -1.22336525e+00
  9.44184420e-01  1.24243172e+00 -1.41488744e-02  9.81831817e-02
  5.56255348e-02  3.84678323e-01  1.74014398e+00 -3.29015777e-01
 -2.52423539e-01 -5.23330592e-01  2.35035447e+00 -2.80789586e-01
 -1.04667571e-01  5.06417615e-02  1.20438172e+00  7.14549614e-01
 -1.57736670e+00  1.31575016e+00 -6.41761858e-01  1.46394150e-01
 -8.69763679e-01  1.61403490e+00 -2.14182496e-01  3.12801266e-01
  3.21753366e-01  1.44575142e+00 -1.04285926e+00 -7.60184340e-02
  3.06520220e-01  2.71222565e-01  4.73355784e-01 -4.24385682e-01
  6.02233088e-01 -4.33062310e-01 -1.26639608e+00  8.82047023e-01
 -1.78680848e+00 -2.48138006e-01  1.11720833e+00  1.27374476e-01
  1.30297791e-01 -8.81313051e-01 -9.37256615e-01  1.26181941e+00
  3.49004304e-01  1.85926054e+00 -4.75019236e-01 -8.72029666e-01
 -1.15111739e+00 -6.66096370e-01 -4.77358479e-02 -1.25910956e+00
 -8.08536719e-01  1.43509726e+00 -1.14966790e+00 -1.30345242e+00
  3.49522258e-01 -8.90240947e-01 -1.51955237e+00  6.21670806e-02
  3.82849019e-01  5.52978643e-01 -4.25146143e-01 -3.96707411e-01
  5.42929306e-01 -3.04533941e-01 -6.65675542e-01 -3.40789531e-01
  3.42683291e-01  6.90090956e-02  4.56421072e-01  1.67634450e+00
  5.75148023e-01  1.09750546e+00  2.75686298e+00 -1.17304304e+00
  1.08445461e+00  5.85114156e-01  3.11933971e-01 -1.50833234e-01
  1.69134749e+00  3.65011867e-01 -6.84895728e-01  4.95616815e-01
 -1.68827478e-01 -2.37047356e-01 -1.40210832e-01  1.74028268e-01
  8.38116928e-01 -3.67968350e-01  1.03941672e-01  7.42300005e-02
 -1.46371725e+00  1.43260825e+00 -2.37932000e+00 -1.48672293e+00
 -1.13493050e+00 -1.59469444e-01 -7.04822494e-01 -6.34843879e-01
 -3.91278491e-01  3.19960629e-01  1.66153024e+00 -1.09413767e+00
  1.22393952e+00  3.82607817e-01 -7.78881022e-01 -6.40204601e-01
 -5.08423728e-01 -8.35078025e-01 -1.73658421e+00  2.55566132e-01
  5.29790012e-02 -3.00941704e-03 -3.66647757e-02 -7.62868249e-01
 -2.13569578e-01  1.32793623e+00 -8.49860831e-03  8.55018135e-02
 -2.00915807e+00  1.14611362e-01  4.52208284e-01 -4.13149952e-01
 -2.02915930e-01 -4.77331120e-01 -1.25021601e+00 -2.29014328e-01
  4.62171351e-01  4.74007815e-01  7.57049659e-01  6.37520163e-02
 -9.52987628e-01  1.73068429e+00  1.82003749e+00 -3.50602699e-01
  5.11079190e-02 -1.35125206e+00 -6.40080952e-01 -2.53594150e-01
  5.01428268e-01 -3.07881124e-01  2.32660609e+00  1.54939558e+00
 -7.07643028e-01 -5.72019941e-01  1.69501572e+00  6.08859709e-01
 -1.79407581e-01  5.77873944e-01  2.57886120e-02 -1.15469800e+00
  1.09343189e+00 -6.89043674e-01 -6.42462195e-01 -9.03659511e-01
  3.12010453e-01  1.58144733e+00  1.29329853e+00  7.61353027e-01
 -6.69383258e-01 -1.14782240e+00 -3.35385093e-01  3.83917710e-01
 -3.26385085e-01  1.29176475e+00  9.21193651e-02 -4.75593782e-01
  5.27603449e-01 -1.54945531e+00  6.19131030e-01  6.95139980e-02
  1.12453651e-01  8.50850911e-02  1.71496274e-01 -2.85493688e-02
  1.01145321e+00  1.67457365e+00 -9.02121199e-02 -1.20538368e-01
  4.26040523e-01  3.69265015e-01 -9.59282014e-01 -1.12254827e+00
  1.13182814e+00 -1.22999088e-01 -1.89360980e+00 -1.93079685e-02
 -1.86164873e+00 -8.47667878e-01 -2.07848199e+00 -1.43283131e+00
  1.42389330e+00  1.33711564e+00 -2.37364089e-02 -6.25537030e-01
 -6.95488289e-01  1.39662574e+00  1.15612295e+00 -1.38371986e+00
 -2.95289045e-02  6.98971168e-01 -1.22403136e+00 -7.32202428e-01
 -9.43017336e-01 -7.64138783e-01  1.19518620e+00 -1.03110775e+00
 -1.24673968e-01  3.14164591e-01 -4.68704673e-01 -1.79229653e+00
  1.82834927e-01 -2.56566437e-01 -1.30740319e+00  7.38683728e-01
 -1.54012496e+00 -1.48176276e+00  8.85812707e-01  6.46842446e-01
  1.01175132e+00  5.06214690e-01  2.78590719e-01  7.13326464e-01
 -6.48913851e-01 -4.48478565e-01 -1.34623474e+00 -5.88986743e-01
  1.06032012e+00 -3.53908374e+00  5.40797640e-01  4.56181616e-01
  9.86035030e-01  7.04486062e-01  1.44542790e-01 -1.05024646e+00
  1.52685226e+00 -3.66713350e-01 -9.84556074e-01 -5.99052667e-01
 -1.93536331e+00  8.68586835e-01  1.67291017e+00 -1.51118160e+00
 -1.12272835e+00 -7.45769105e-02  1.07920457e+00  4.99143190e-01
 -6.64576309e-01  2.46164107e-01  6.34827856e-01  1.12652194e+00
  4.12286249e-01  3.53660600e-01  5.32811845e-01  6.58957350e-02
  4.69306148e-01  7.47113497e-01  1.17672284e+00 -2.46899974e-02
 -9.07862730e-01 -1.53501453e+00  3.24251934e-01  1.09712042e+00
  6.32320506e-01 -4.32928401e-01 -7.01471940e-01  5.58876378e-01
 -2.99682268e-01  2.08647228e-01 -1.11538794e+00 -1.93899743e+00
  4.21822037e-02  2.84199343e-01  1.78791372e+00  7.56965185e-01
  1.27427374e+00 -4.39129590e-01 -9.16180361e-01  1.23678009e-01
  2.63466366e-01  3.34293855e-01  1.96103737e+00 -2.12938540e-01
  4.86710309e-01  3.03722306e-01 -7.41434426e-01 -7.66474817e-01
 -4.13873703e-02  1.10039280e+00  1.34174931e+00 -1.69948349e+00
  1.69393483e+00  7.33411269e-01  3.82381024e-01 -2.40057530e-01
  1.00627633e-01  1.06176180e+00 -1.96907636e+00  1.68460680e+00
  4.12338031e-01 -3.67680223e-02 -8.14848131e-01 -2.49861948e+00
 -5.92462681e-01 -1.20452704e+00  1.25363516e-01  5.17461125e-01
 -4.28784974e-01  1.17995918e+00  4.24441256e-01 -9.89438055e-01
 -6.87754645e-01 -2.21791632e-01  1.63398664e+00  8.57183478e-01
  1.93094233e+00 -5.33071311e-01  4.38847223e-02 -9.70872754e-01
 -2.03262010e-01 -1.75187246e+00 -2.76241306e-01 -1.54035564e+00
  1.48967813e+00 -5.51523996e-01  5.75461207e-01  4.52918826e-01
  1.29744652e+00  1.40190452e+00  7.51706552e-01 -4.04405925e-01
 -7.98721543e-02 -1.93430217e-01  1.03002748e+00 -1.71550142e-01
  3.27245138e-01  3.42375951e+00 -1.16178613e-01 -6.26793548e-01
  1.04097427e+00  9.78826401e-01  1.24161022e+00 -2.62028648e-01
 -9.93267281e-01 -1.43281513e+00  2.08060057e-01  1.01718463e+00
  3.74894696e-01 -1.46254816e+00 -4.30385233e-01 -7.67189500e-01
  9.97478460e-01  6.15693751e-01 -3.49185166e-01 -1.08051563e+00
  1.26046733e-01  8.27538439e-01  6.91470302e-01 -3.38964405e-01
 -4.27756609e-01 -1.53971409e-01 -1.10799360e+00 -4.21870704e-02
  1.02637438e-02 -1.52764770e+00  3.63992269e-01  9.59376396e-01
  1.01243011e+00 -1.04346668e+00 -3.71398834e-01  4.42224353e-01
  7.28448264e-01 -7.67628433e-01  1.37899116e-01  8.10620723e-01
 -4.91482199e-01  1.49698406e+00  6.57836635e-01 -2.82152997e-01
 -6.94679960e-01  1.60464964e-01 -3.01236941e-01  1.93841242e+00
 -7.43413062e-01 -9.64150415e-01 -1.15001485e+00 -9.21721469e-02
 -9.91898373e-01 -6.93836684e-01  3.71030525e-01  5.98250539e-01
  9.82073480e-01  1.03078255e+00  9.39100101e-02 -5.77464060e-01
  9.64330011e-01 -5.18033605e-02  5.65845161e-01  3.82276064e-02
  1.14556437e+00 -6.07597178e-01 -8.76664296e-02 -1.76815580e-01
  1.55541024e+00 -1.45346179e+00  1.41430451e+00 -1.52006307e+00
  7.94260012e-01  3.43189485e-01 -3.48457557e-01  9.20766664e-01
  1.36557719e-01  5.14763639e-01  1.51725392e-01 -9.40274707e-01
  3.01869519e-01 -1.23613857e+00 -1.19889389e+00  1.52197113e+00
  9.62587099e-01  8.74014377e-01 -3.36866910e-01 -2.29691434e-02
 -1.59820871e-02 -2.10568084e+00 -5.16795964e-01 -9.85794507e-02
  2.55632204e-01 -9.89713017e-01  5.35388049e-01  2.47537731e-01
 -5.70618763e-01  9.85512931e-01 -5.76939887e-01  2.68665305e-01
 -1.90511315e+00  3.51223359e-01 -1.62312321e-01  4.24350300e-01
  6.17697486e-02 -1.29728369e+00 -1.01145668e+00 -2.78676679e-01
  8.98101138e-01 -3.98031050e-01 -1.33757880e+00 -1.54546362e-01
 -2.04350481e+00 -8.39452074e-01 -8.59632010e-01 -1.57041515e+00
  2.59787484e+00  1.17835357e+00  6.78754759e-01 -1.27939573e+00
  1.19804732e+00 -7.34217904e-01  6.19884400e-01 -1.77349200e-01
  3.51616120e-01  1.90670682e-01  1.45203104e+00  2.44789510e-01
  1.00964566e-03 -9.46469172e-02 -1.52233359e+00  1.18840625e+00
 -4.24249704e-01  1.44780380e+00  1.60046048e+00  5.80257668e-01
 -1.21458623e-01  5.30816063e-01 -1.73462144e+00  3.88489051e-01
 -2.25379808e-02  3.01976854e-01  1.23930361e+00 -8.71908426e-01
  4.17246966e-01 -1.56800084e-01  1.77424172e+00  1.84664785e+00
  3.81706829e-01  7.88850447e-01  1.18811036e+00  4.44249930e-01
  1.52853584e-01  1.20829658e+00 -2.05241530e+00 -4.27765208e-01
  1.39571823e-02  3.60835250e-01 -9.05228812e-01  1.48154845e+00
  1.24585645e+00  4.85098119e-01  5.51889020e-01  4.09096625e-01
  3.71378729e-02  2.25636910e-03 -4.61920214e-01 -4.10339229e-01
 -8.52444037e-01 -7.44805216e-01 -2.50024783e-01 -7.12587707e-01
 -6.54937484e-01  2.68211109e+00 -1.30925733e+00 -6.97994114e-01
  2.33867719e-01 -8.48509907e-01 -9.47775378e-01  1.21089105e+00
 -5.30483584e-01 -6.60650486e-01  1.43108817e-01 -9.72171199e-01
  6.24856584e-01  1.45140164e+00  1.09511516e+00 -2.83314596e-01
  2.80067036e-01  1.12479789e+00  1.38805660e-01  5.68075715e-02
  4.93636601e-01 -1.52235114e+00 -5.77291566e-01  1.20101168e+00
 -1.84160009e-01  9.06879010e-01 -9.21713864e-01 -6.91617090e-01
  5.01463925e-01  4.22556667e-01 -1.60263174e-01  3.72261540e-01
  8.77537189e-01 -1.68392241e+00  4.74661318e-02  3.21385241e-01
  1.25231923e+00  9.12853901e-01 -1.64577126e+00  2.05004514e+00
 -7.66955742e-01  7.31830669e-02 -5.49704796e-01 -2.24264111e-01
 -9.76719310e-01 -1.37749249e+00  1.67363931e-01 -3.52124360e-01
 -9.08558233e-02  7.51714093e-01  4.88911568e-03 -6.26412521e-01
  2.04795946e+00  1.11931190e+00 -8.07547212e-01 -6.23206742e-01
 -1.17210236e+00 -1.21152909e+00 -2.96161642e-01  4.25566900e-01
  1.46924698e+00 -3.47253802e-01 -1.32295480e+00 -1.07890009e+00
  1.39406263e+00  1.45644826e+00  7.76319028e-01 -1.04717474e+00
  7.42819327e-01 -3.53342130e-02  4.31049922e-01 -4.00487990e-01
  9.66185696e-01  7.79175317e-01 -2.90371188e-01  5.86319945e-01
  4.09133476e-01  3.08073891e-01  6.29048918e-01 -2.95502357e-01
 -2.87505540e-01 -3.37427216e-02 -3.06246968e-01  5.95950729e-01
  2.55661459e-01 -7.60203205e-01  4.97582105e-01 -7.57837004e-01
 -2.57541918e-01  1.41857436e-03 -9.14918904e-01 -9.86466517e-01
 -6.62415840e-01 -9.00697846e-01  1.06339196e+00  9.00508264e-01
  2.63966327e-01 -1.81620578e+00  1.35741032e+00  5.79391346e-01
 -1.16501054e+00 -5.03808805e-01  8.28196243e-01  8.71260601e-01
  8.26739172e-02  1.73996844e+00  8.02636088e-01  6.61996952e-02
  2.91742724e+00  1.76164500e-01 -1.47144100e+00 -1.21565918e+00
 -9.10616506e-01  2.20870471e-01  1.21527652e+00  5.12930096e-01
  2.99297458e-01 -1.70158161e+00 -4.48124823e-01  6.06146932e-01
  9.34249035e-01 -8.76453396e-01 -3.34391957e-01 -8.47630387e-01
 -5.03915844e-01 -2.80034517e+00  3.01013193e+00 -1.07488270e-01
  2.02364852e-01  1.73060211e+00  1.08938812e+00 -8.72869700e-01
  1.00361693e+00 -1.06432971e+00 -1.75730399e-01  1.00293370e+00
 -7.72880137e-01  5.69022641e-01 -2.60643470e+00  1.25201939e+00
 -1.03720581e-01 -2.41346041e-01  3.75985276e-01 -8.91400978e-01
 -5.60658390e-01 -5.47711685e-01  1.05781340e-01  3.67937891e-01
  1.08105760e+00 -1.06164994e+00  1.13751685e+00  4.50632959e-01
 -1.98873152e-01 -6.59468216e-01  7.97434708e-01 -2.76352143e-01
  1.55571668e+00 -1.36443035e+00  1.46999311e+00 -8.32460218e-01
 -6.74686718e-01 -6.53856830e-01  1.32952267e-01  1.55212389e+00
  1.16790152e+00 -9.56143323e-01  6.45068954e-01  1.79175142e-01
  5.44345786e-01  1.48266366e+00  9.40114261e-01  1.13745083e+00
  5.40023834e-01  1.70078582e+00  4.82797201e-02 -3.99708138e-01
  5.66693824e-01 -9.26649083e-01 -3.92599649e-01  4.64461479e-01
 -5.66340577e-01  6.17289276e-01  3.97573707e-01  8.33988126e-01
  1.73714268e-01 -3.79304813e-01  1.26881587e+00 -1.06313854e+00
 -2.95292692e+00 -4.04256961e-01 -8.75791973e-02  1.80502205e+00
  1.05127940e+00 -6.70645682e-03 -1.03836451e+00 -1.87620392e+00
 -4.90643389e-01 -6.32730518e-01 -2.06432328e+00  1.69470330e+00
  7.76214506e-01 -1.69441997e-01  5.10761772e-02  1.85030302e-01
  9.19384276e-01 -1.71787522e-01 -1.97124928e+00 -3.34654641e-01
 -4.48109198e-01  3.01629766e-01 -3.87390443e-01 -3.98791922e-01
  2.24007010e-01  9.50375249e-01  1.16302472e+00 -2.96338021e-01
 -9.48062823e-01 -1.46219876e+00 -8.13960547e-01 -3.13202896e-03
  3.87056112e-01 -3.91083177e-02  5.38081812e-01 -1.32387909e+00
 -8.43137739e-01  1.06006757e+00  5.94706901e-01 -9.96486511e-01
 -1.79713976e-01  5.92721999e-02  6.66248845e-01 -1.10581474e+00
  1.87792079e+00  1.69073626e-01  1.34945571e+00  8.36811991e-01
  1.82117031e-02 -7.69856739e-01 -8.54389923e-02 -5.34052731e-02
  1.77576627e+00  5.46976563e-01  2.24033343e-02  2.93024656e-01
  4.35534189e-02  6.86361311e-01  1.53950993e+00 -8.42627006e-01
 -2.13978438e+00 -1.11382874e+00 -6.05413946e-01  1.27279606e+00
  2.57318766e-01  8.16536417e-01 -1.80067362e+00 -4.09900021e-01
  8.60516915e-01 -1.66936671e+00  4.64248589e-01 -1.93533846e+00
 -1.79524792e-01  1.07903756e+00  1.00911677e-01 -7.35042477e-01
 -3.22755248e-01 -6.32055360e-01  1.57909491e-01  1.67133496e-01
  3.22335178e-01  1.86492086e+00  5.59258905e-02 -8.87108805e-01
 -5.71330186e-01  8.48139711e-01 -4.58103366e-01 -7.86590254e-02