-1.34650726e+00 -6.06253625e-01  9.05162558e-01  1.17022735e+00
 -1.55384672e+00 -3.26594763e-01 -2.85167938e-01 -5.56856587e-01
 -1.39794319e-01  6.19527084e-01  1.27323500e+00  2.06759572e+00
  2.24529450e+00  3.04159900e-01 -3.57394625e-02  2.62370859e-01
 -2.20174717e+00 -1.67871451e+00  8.32066508e-01  1.72737443e+00
  1.22261606e+00 -2.33650984e-02  4.96187062e-01  1.62282446e-02
 -3.03909256e-01  2.00462697e-01 -1.49963550e+00  1.04854083e+00
  7.76330989e-01 -1.16531253e+00  1.97079012e-01 -1.20246737e+00
  8.97100629e-01 -2.16504782e+00  9.90296327e-01  8.15343400e-01
 -7.31459595e-01  7.60444844e-01 -3.19386812e-01 -1.08948223e+00
  1.38909217e+00  1.30307828e+00  1.78143392e+00  3.55273640e-01
  1.85225270e-01  1.52798214e-02  1.57174708e+00  1.39555120e+00
  6.37540465e-01 -8.67434896e-01 -2.27621812e+00 -7.64274933e-01
  9.57018866e-01  6.17767744e-01  3.31118925e-01 -8.11031085e-02
  2.60558326e-01 -2.70361259e-01 -2.96755171e-01  1.92067222e+00
 -2.81634910e-01  3.23815320e-01  9.42723070e-02 -9.82840080e-01
  1.52993719e+00  1.44869524e+00 -7.98828740e-01 -1.13912083e+00
 -2.63668335e+00  2.01775835e-01  9.59007469e-01 -1.33878798e+00
 -1.54646689e+00 -1.07957944e+00 -1.04213026e+00  2.64953917e-01
 -1.59082501e+00  1.32410548e+00 -2.06968500e+00 -2.44546614e-01
 -3.21801813e-01 -4.75428923e-01  1.34219368e+00 -2.49719662e-02
  1.42334412e+00  1.56978626e+00  1.61348280e+00  5.07770367e-01
 -2.06220546e+00  1.70043089e-01  5.97987873e-01 -1.41527020e+00
 -1.88941455e-01 -6.72337259e-01 -4.30834272e-01  5.86199896e-02
 -3.80607964e-01  6.99895537e-01 -5.86702085e-01 -1.70843669e-01
 -1.27710555e+00 -6.20641939e-02 -6.31529603e-01 -4.72075368e-02
  6.43002161e-01 -2.04256754e+00 -7.54849660e-01 -5.22585772e-01
 -2.03915366e-01  6.04356086e-01  1.72343842e+00  1.23878421e+00
  6.08881309e-01 -2.80061784e-01  3.02943223e-01 -6.30604164e-01
 -8.78891060e-01 -1.41657351e+00 -5.23030692e-01  4.98510749e-02
  2.07317488e+00  2.92195980e-01  1.45054945e+00 -1.69129920e+00
 -1.07627416e+00  2.97340679e-01  4.62176361e-01  7.19634056e-01
  2.88403841e-01  6.37449138e-01 -1.25161674e+00  1.59009892e+00
 -4.94894119e-01  1.08471509e+00  6.06387744e-01  1.91122980e+00
  2.71847090e-01  9.90887043e-01 -2.43150523e-01 -1.65087654e+00
  6.71288350e-01 -1.35231542e+00 -1.97620620e-02  1.17020340e+00
 -1.67036994e-01  2.76331876e-01  1.38109158e+00  1.50164303e+00
 -3.41317937e-01  2.33482831e-01 -6.03286697e-01 -9.27303223e-01
  1.39943168e+00  5.16462241e-01 -1.70301692e+00  1.85847895e-01
 -1.86108707e-01 -3.32221779e-01  3.13531285e-02 -2.70225818e-01
 -6.45720124e-01 -5.62169448e-01  2.43556501e-01 -8.31931721e-01
 -2.83967767e-01 -5.37482179e-01  1.50174069e+00  1.86249533e+00
  2.62854394e-01  1.06126780e+00  9.35446507e-01 -4.35416485e-01
 -3.68059183e-01 -1.36993291e+00  1.62749700e+00 -4.26157937e-01
 -6.59108116e-01 -1.28175565e+00 -5.98181485e-02 -8.57228663e-01
 -1.21610186e+00  1.88748063e+00  2.94024033e+00  3.21059373e-01
 -6.17406371e-01  2.23705315e-01  1.29593284e+00  7.70978790e-01
  1.54824305e+00  4.15363457e-01  8.87116350e-01  6.19731667e-01
 -4.98573511e-01  1.38909669e+00 -5.14195135e-01  2.33169423e-02
  2.25597499e-01 -2.23321336e+00  1.63790872e+00  2.86651710e-01
 -1.75987848e-01 -8.06860844e-01 -6.25743380e-01 -1.35833551e-02
 -3.35243123e-01  4.69931333e-01  1.50583459e+00 -1.00015068e+00
 -8.56490847e-01 -6.16860625e-01  2.95089312e-01  2.32337450e-01
 -5.28174311e-01  3.14112882e-01 -1.13595021e-01 -9.82260071e-02
  1.28215543e-01  2.63424985e-01 -2.94235020e-01  6.44152986e-01
  4.76277428e-01  1.62156943e+00  4.91072909e-01  4.63061814e-01
  1.74471076e+00 -1.20856441e+00  8.83112902e-01 -1.57787406e+00
 -3.87997610e-01  1.20823138e+00 -6.79445572e-01  8.43447316e-01
  1.34770907e+00  6.69080741e-01 -4.22850703e-01  5.04590005e-01
 -2.92669986e-01 -2.65888450e-01 -2.19903694e-01  1.19507425e+00
 -2.33520134e-01 -6.69187158e-01 -4.84707961e-01  3.64863299e-01
  1.26068455e+00  8.71730604e-01 -2.44180034e-01 -1.17971623e+00
  4.09043092e-01  1.65735364e+00  1.02671798e+00  3.54619825e-01
  4.40593798e-01 -7.31095030e-02  2.21606035e-01 -1.17766168e+00
  1.27490204e+00 -1.08294903e+00  2.94826401e-01 -1.18965844e+00
  1.13291222e+00  2.13965529e+00  6.22941140e-02 -8.76144915e-01
 -1.85426783e-02  2.81432918e-02 -9.24499043e-01  2.80415130e-01
  9.86367516e-01 -4.28112647e-01  4.35261098e-01  6.69934445e-01
  2.81933644e-01  1.05907379e+00  1.02336094e+00  8.35772958e-01
  5.63526801e-01 -1.18225011e+00  1.96182511e+00  2.38477201e+00
  1.77242544e+00  9.84531929e-01 -4.07999731e-01  1.40209936e+00
  4.27655632e-01 -1.47805967e-01 -1.66740969e+00  5.20143929e-01
  9.26058583e-01  6.24542509e-01 -3.25845637e-01  4.12688699e-01
  8.69052937e-01 -1.66521863e+00  6.43386061e-01  1.32502027e-03
  1.59253798e+00 -3.72919326e-01 -2.47455656e+00  1.07240949e+00
 -6.44865720e-01 -2.73911778e-01  7.64461567e-01 -2.30693899e+00
  1.38338538e+00 -1.81679034e+00 -8.70247199e-02  1.08797797e+00
 -9.77601636e-01  1.33722694e+00 -7.41198149e-01  1.49356422e+00
 -1.55329541e+00 -1.74662129e-01 -1.24980320e+00 -4.29564226e-03
  5.05494534e-01  6.61497009e-01 -2.99701076e-01  8.82905310e-02
  3.43025949e-01  4.38413075e-01 -4.05721069e-01 -1.50821103e+00
 -1.40401968e+00 -1.02296218e+00 -5.58137645e-01 -9.61944709e-02
 -2.71712651e-01  1.16576391e+00  9.32675995e-01  3.76713987e-01
  3.25127063e-02  3.58513184e-01 -9.32029016e-03 -2.31225582e-01
 -6.38718016e-01 -1.19217738e+00  8.78554342e-01 -1.30879539e+00
 -1.22378911e+00 -1.05468917e+00 -1.67660332e-02 -1.03870512e+00
  1.87535483e+00 -1.64400933e+00  1.01902220e-01  4.88534156e-01
 -6.93429696e-02  1.51136562e+00 -3.69597794e-01  8.93729593e-01
  6.85419590e-01  1.10586228e+00 -4.50678425e-02 -4.42248494e-01
  1.50630463e+00  2.89938923e-01 -8.13156894e-02 -2.14518705e-02
 -6.91511250e-01 -1.98119543e+00  1.12149540e+00 -1.04869423e+00
  6.11760694e-01 -2.50043659e-01  6.99662484e-02  1.29744001e+00
 -4.42143713e-01 -6.99371308e-01 -1.03809903e+00  2.12672395e-01
 -1.82118461e+00 -1.95468807e-01 -5.64375537e-01  3.55286865e-01
  6.57754630e-01 -1.34556042e+00  6.37277239e-01 -1.81118701e+00
  3.64686484e-01 -5.26802403e-01  3.76001131e-01  7.62364642e-01
 -1.86902021e+00  5.58692284e-01  1.22572673e+00  5.35765031e-02
 -1.25687922e+00  1.24027841e+00 -3.92140680e-01  2.03239360e-01
 -9.94587284e-01  1.10102642e+00  5.24599329e-01  1.22731618e+00
 -3.31785133e-01 -7.99877356e-01 -1.45155370e+00  5.74264220e-01
 -1.38268106e+00 -1.20369271e+00  8.05754280e-01  5.07727177e-01
 -5.43301033e-03  1.95381669e-01  2.33470582e-01  1.50898272e-01
  2.62109248e-01  7.69947069e-01  1.05235917e+00  1.36671502e+00
  1.25614482e+00  4.20114977e-01  1.09831301e+00  1.20226957e+00
 -1.22024666e+00 -1.46834197e+00  7.58662973e-01 -7.89159906e-01
 -9.46598147e-02  4.59044587e-01  1.40486705e+00  2.11199075e-01
  1.44525249e+00  3.31364622e-01  3.15273961e-01 -5.16300536e-01
  1.72653425e+00  7.92229736e-01  1.20022454e+00  1.01724585e+00
 -2.17452982e+00 -2.34641966e+00 -1.48170692e+00  1.25203912e+00
 -2.76500592e-01  1.00291290e+00  1.53006497e-01  1.10227949e+00
 -5.18552885e-01  1.19844412e+00 -8.57228097e-01  1.01608160e+00
  2.76346784e-01  2.23042044e-01 -3.20686261e-01 -1.03688958e+00
  8.94086567e-01 -2.36691888e+00  8.00774750e-01  1.36868330e+00
 -4.15455140e-02  2.30624947e-02 -4.50667255e-01  1.38737474e+00
  1.82774760e+00  1.18566563e+00  4.43717723e-01 -3.66175563e-01
  1.73859131e+00  6.94746068e-01 -2.63412542e+00 -4.63648776e-01
 -1.59260118e-01  1.14615373e+00 -1.64168483e+00  2.10620084e-01
 -6.10867764e-02  1.37884650e-01  1.60875367e+00 -9.77047602e-01
  1.53692278e+00 -6.38571931e-01 -1.72311846e+00  9.36496893e-01
  5.56571096e-02 -6.47965404e-01 -5.14978858e-01  9.80017778e-01
  6.78270681e-01 -1.38048941e+00  4.22010082e-01 -7.61611327e-01
  8.43928441e-01 -4.92469367e-01  1.41866732e+00 -5.58772948e-01
 -7.58662414e-02 -3.58278851e-01 -1.98890098e+00  2.44100609e-01
 -1.18081535e+00 -1.42622741e-01  2.82959013e-01 -1.03465466e+00
 -6.50427822e-01  3.83277188e-02  7.32746213e-01 -4.13784480e-02
  6.00806676e-01  2.67187966e-01 -9.18489674e-01 -1.04568843e+00
  1.06179923e+00 -6.70294824e-01 -5.76963779e-01 -1.59108521e+00
  1.44856730e+00 -6.50114808e-01  9.90518099e-01  1.05703478e+00
 -2.98743043e-01  1.37784163e-01  2.07505438e+00 -2.61310690e-01
  1.80324469e-01  1.02308850e+00  6.39143859e-01 -8.97955444e-01
 -9.81513438e-01 -3.88993467e-01 -9.83923971e-02  8.65265772e-01
 -6.80888348e-01  5.88178535e-01  9.38532044e-01 -1.73739257e+00
 -1.16960568e+00 -4.59662288e-01  3.70197968e-01  3.23075000e-01
  2.48103824e-01  7.06343673e-01 -1.90075698e+00 -6.11890302e-01
  3.61155476e-01  1.25773950e+00  1.46945686e+00  1.07331155e+00
  9.41184191e-01 -8.88338624e-01  1.64896606e+00  5.78933087e-01
  1.18034852e+00  3.47678823e-01 -5.84094498e-01 -6.37830543e-01
 -6.96472223e-01 -7.74973157e-01 -5.74972534e-02  1.53602808e+00
 -6.41511593e-02 -4.84108386e-01 -1.50536687e+00  9.22665579e-01
  8.48244056e-01 -6.20610378e-01  4.89441435e-01 -1.39400473e-01
 -2.88816189e+00 -1.02587530e+00 -7.73989548e-01 -1.31940073e+00
  1.45459122e-02  1.79389611e+00  1.54880680e+00 -5.50694821e-01
  1.32018567e-01 -7.55234984e-01 -9.27501729e-01 -5.88006474e-01
  2.35337006e-01  9.13652257e-01  6.38426766e-01  8.38484835e-01
 -4.98007582e-01 -1.06877379e+00 -2.60667348e-01  4.18128278e-01
 -7.40596934e-01 -9.07042401e-01 -1.68457424e-01  5.76064122e-01
 -2.65839308e-01  1.39491117e-01  7.76189329e-01  5.79723124e-01
  6.74175567e-02  6.69944898e-01 -5.95362737e-01  1.02502518e+00
  8.76277990e-01 -1.03482661e+00 -1.77649919e+00 -7.95732127e-01
 -1.76446887e-01  4.13187945e-01  2.04089039e-01 -6.29977858e-01
  3.62909302e-01 -1.91794441e-01  8.00289582e-01  1.00654162e+00
  9.32055123e-01 -9.36581379e-01 -2.35406031e-01  1.31592031e+00
  1.50082762e+00  1.08540243e+00 -9.58489631e-01 -1.54957865e+00
 -4.88243494e-01  2.93897897e-01 -7.70357525e-02  1.26132160e+00
  2.49114304e-01 -1.75639932e-01  5.96272896e-01  1.36592042e+00
  7.78352712e-01  7.60348236e-01  1.20014992e+00 -5.19375627e-01
 -1.23558878e+00  2.34049601e-01  4.85061171e-01 -8.44812428e-01
 -3.84193639e-01 -9.00684632e-01 -1.03170084e+00  1.53581235e+00
  5.93934862e-01 -1.37321762e-01 -6.90483450e-01 -1.27418654e+00
  1.17128136e+00 -1.23582365e+00 -1.03799318e+00  5.71194273e-01
  4.26397463e-01  1.55819397e+00 -1.94642275e+00  6.09927042e-01
 -2.17360611e+00  7.92757992e-01  2.73151012e-01 -8.24792303e-02
 -1.12677498e+00 -8.29384551e-02  2.31030184e-01  1.00896348e+00
 -8.04600102e-01 -1.13061869e+00  8.27438408e-01 -1.39868964e+00
 -6.82430285e-01  1.31044107e+00  8.88221631e-01  3.39436352e-02
 -2.43191639e-01 -8.57470035e-01  1.98986592e+00  1.49729173e-01
 -1.42578825e+00  6.52297304e-01 -8.86437049e-01  8.86848060e-01
 -1.08119263e+00  3.29286582e-01 -1.53795653e+00 -7.83179867e-01
 -1.75490878e+00 -1.19502193e+00 -1.82266326e+00  1.45929794e+00
  1.41108380e-01 -1.44432049e+00 -2.66065079e-01 -2.12807170e-01
  3.30290364e-01  4.01639420e-01 -5.31299042e-01 -7.52445224e-01
  2.73047454e+00  2.40320749e-02 -6.28963768e-01  7.62393804e-01
  2.77623705e-01  7.98923244e-01 -4.45537388e-01 -5.18517276e-01
 -5.75230621e-01 -8.38039490e-02 -1.82970004e+00  2.87327822e-02
  3.63721978e-03 -1.04030032e+00  4.16099650e-01  1.23598008e+00
  1.04287451e+00 -1.56323050e-01  2.34227064e-01 -2.75497526e-01
 -6.25120008e-01  3.42197800e-01  4.95608910e-01 -3.42682684e-01
  5.03019731e-01  1.65415220e+00 -2.81861244e-01 -1.10692756e+00
  1.78252034e+00 -8.34510857e-02  6.27262061e-01 -8.73199046e-01
  3.61732609e-01 -1.24055819e+00 -6.78604579e-01  8.95177296e-01
 -2.52498926e-01  9.19735203e-01 -3.02005591e-01  8.99580224e-01
 -4.91545099e-01  1.40009565e-01  7.72631065e-01 -4.12651930e-01
  1.48603811e+00 -5.23115135e-01  4.74361132e-01 -1.18983555e+00
 -1.45652351e+00  6.29033063e-02  2.97983135e-01  8.41100952e-01
 -1.75987300e+00  1.24631651e+00  3.95675148e-01  1.24818897e+00
 -2.32079393e+00  6.72752540e-01  2.42438877e-01  6.72307973e-01
 -1.77774550e+00 -1.39670860e+00  2.48219227e-01 -1.67066949e+00
  1.47181619e+00  2.55050710e+00  8.74079752e-01  3.64583199e-01
 -7.11027300e-01  4.44565474e-01  1.16427517e-01 -1.07475714e+00
  3.99240442e-02  9.95105362e-01  9.78939878e-01  3.21093632e-01
 -3.50781087e-01  2.78109970e+00 -4.03716369e-01 -1.95352662e+00
  2.94226967e-01  6.77085375e-01 -1.72412089e+00 -1.71252563e+00
  3.21864855e-01 -6.11318938e-02  9.96280196e-01  2.84718751e-01
 -1.04337957e+00 -4.59081740e-01 -1.48106245e-01 -9.29182368e-01
  1.33066880e+00 -8.10017515e-01  9.52265237e-02  1.46917556e+00
 -7.43472819e-01  1.50613787e+00 -1.98686751e+00  2.59273311e-01
 -2.00029222e-01 -1.49348783e+00 -6.92467119e-01  1.20777399e+00
  2.23323399e-02 -9.60471801e-01  1.96456654e-01 -2.26851226e+00
 -1.26614307e+00 -1.22939021e+00 -4.42961349e-02 -2.94169650e-01
  4.10172895e-01 -3.83188568e-02 -1.81875898e-01  5.00146004e-02
 -1.21106695e+00 -7.15910533e-01 -4.59589831e-01 -1.18936148e-01
  5.41876907e-01  3.19811703e-01 -1.21942917e+00  1.95356550e-01
  3.36283874e-01  9.21573907e-01  9.72404393e-01 -2.13262688e-01
  1.21510144e-01 -4.75742517e-01 -1.35732957e-01 -1.21360284e+00
  8.19920953e-01 -6.32865574e-01 -1.09324777e+00 -1.10715317e+00
 -5.89241141e-01  8.14679985e-01  5.44284423e-01  8.28062341e-02
 -7.43566241e-01  6.91214572e-01 -2.63715506e-01  1.09825636e-01
  1.30329082e+00 -2.77275179e-01 -7.15399326e-01  1.87820316e-01
  4.39082458e-01 -9.31390628e-01 -1.98792290e+00 -1.19773697e+00
  1.20048452e+00  7.14177825e-01 -2.86664177e-02 -1.54677681e+00
 -3.26511235e-01  7.49869961e-01 -1.31023016e+00 -9.49360606e-01
 -1.79383483e-01 -4.96344179e-02 -8.60310154e-01  6.69290588e-01
  1.87294092e-01 -4.91442916e-02  3.34148995e+00 -2.09343329e-01
 -9.33898219e-01 -8.23575556e-01 -4.77814707e-01 -1.55771541e+00
  4.48688515e-02  4.31532226e-01  1.42313350e-01 -1.72913331e-01
  1.41956412e+00 -3.18701420e-01  2.45794604e-01 -4.70759508e-01
  6.88569426e-01 -4.44381936e-02 -8.95085076e-01  3.47188884e-01
  1.34746432e-01 -8.09088698e-01 -1.36925091e+00 -1.25367014e-03
 -1.95037406e-01 -4.40515440e-01 -5.39604505e-01  3.33231586e-01
  9.62213618e-01 -9.93818484e-01  1.83964613e+00 -3.39690106e-01
  1.43741231e-01  1.45785664e+00 -1.03325844e-01 -3.70554148e-01
 -1.48838810e-01  3.75752452e-01 -6.34743738e-01 -3.73966811e-03
 -9.41555298e-01  1.85147714e+00 -3.95466762e-01 -4.29087774e-02
  2.65398905e-02 -2.39565529e-02 -4.76275904e-01 -2.86614455e+00
  1.18190368e+00  7.32690366e-01  9.05645196e-01  7.89390171e-02
  1.26210487e+00 -9.06463298e-01 -9.22187536e-01 -3.15466106e-01
 -1.24042702e+00 -7.57270125e-01  6.90996682e-01  8.12510551e-01
  1.57284888e+00 -1.50487821e+00 -1.76171429e+00  1.16700835e+00
  8.63102808e-01 -3.97860670e-02 -3.57102091e-01  9.17174002e-01
  1.53046178e-01  5.43271426e-02  1.20489336e+00 -8.11060884e-02
  6.80992522e-01 -1.69571809e-01  9.89412077e-01 -6.12306257e-01
 -4.01974529e-01 -2.05876846e+00  4.24819054e-01  7.28474035e-01
  2.16648915e+00  7.67249849e-01  2.50985451e-01  1.51427806e-01
 -5.22196983e-01 -9.08843071e-01  1.35133991e-01 -2.11682502e+00
  1.68304714e+00  9.74793240e-01 -2.04106502e+00  1.89981154e+00
  1.30565771e+00 -1.70945034e-01 -8.13371924e-01  1.25227250e-01
 -1.14840637e+00  2.48487884e-01 -5.27851460e-01  8.05169003e-01
  2.81534244e-01 -8.20828576e-01 -1.32756974e+00  3.10260506e+00
 -8.59274119e-01 -7.11107622e-01  3.21682498e-01  5.45878727e-01
 -6.90533418e-01 -5.19608433e-01  1.75906063e-01  3.39738417e-01
  1.13768215e-01 -4.90286089e-01  8.48611740e-02 -1.09693659e+00
  5.46535355e-01 -2.77847061e-01  4.99880079e-01 -6.28231654e-01
  1.20356244e-01  1.99918917e-01 -3.03154605e-01  3.10473432e+00
  1.42521681e+00 -3.41843775e-01 -4.41872206e-01 -4.51909742e-01
  6.27441646e-01  4.20983314e-01  1.48226317e-01  1.35560242e+00
 -3.99812907e-01  2.91081469e+00  1.74719831e-01  1.52429137e+00
  5.90750746e-01 -3.79993408e-01  3.16453880e-01  1.02196651e+00
  3.00830127e-03  4.38358418e-01  5.11180976e-01 -7.88775216e-01
 -6.68960924e-01 -3.86295920e-01 -5.61187738e-01 -2.13347667e-01
  5.85054365e-02  1.45690047e+00  4.00757822e-01 -2.32471705e+00