 2.44683323e-01  4.32186762e-01 -3.12325159e-01  4.70581982e-01
  1.43901296e-02 -1.83916605e+00  1.26900820e+00 -3.37528633e-01
 -1.50432972e+00 -1.73208238e+00 -1.70787577e-01 -8.61029190e-02
  6.68829630e-03 -2.45843616e-01  8.91528679e-01 -1.11688464e+00
  4.10256656e-01 -7.47903237e-01  6.95912050e-01  2.31233937e+00
  4.08802233e-01  1.27252159e+00 -6.36409001e-01  8.14176693e-01
 -1.59678337e+00 -5.73720088e-01  1.80725057e-01 -6.96822516e-01
 -2.07712043e+00 -8.00356629e-02  5.06266698e-01 -3.98564326e-01
 -2.39273335e-01 -7.61563677e-02  4.34983630e-01  1.84216806e+00
 -1.91781049e-01  1.77046639e+00 -4.03091487e-01 -3.27540509e-01
 -1.42240702e+00 -1.87643755e+00 -2.20558021e-01 -5.44489044e-01
  2.49483240e+00 -3.60538095e-01 -6.03342425e-01 -9.92859837e-01
  4.78568276e-01 -1.72354373e+00 -8.34648279e-01  3.40719445e-01
 -5.16333791e-01 -5.29276033e-01  3.73259573e-01  4.66806599e-01
  1.46851901e-01 -2.35992124e-01  1.22882222e-01  3.72442722e-01
  1.40771685e-03 -5.64715802e-01  8.35288776e-01  2.86685747e-01
 -6.84482614e-01  1.00473970e+00  4.72037375e-01  2.89273791e-01
 -5.40109303e-01 -1.74483138e+00 -6.32731301e-01  3.51485090e-01
 -7.66735488e-01 -4.93077558e-01 -1.23372353e+00  1.67225985e+00
  8.68800855e-01 -1.78801437e+00 -5.91507696e-01  1.36651754e+00
 -1.33487923e+00  2.49727856e+00 -1.06259864e+00  3.36475683e-01
 -4.06100095e-01  9.24137971e-01  8.53863149e-01 -7.12569170e-01
 -2.84140175e-01  6.00561425e-01 -5.66086261e-01  6.75488669e-01
 -2.28239072e-01 -1.20204795e-01 -1.52308447e-02  1.37871703e-01
 -4.08369470e-01  1.72372729e+00 -9.89273224e-01 -6.43420560e-01
  2.16580667e-01  9.11410528e-01 -7.76366334e-01 -5.62160412e-01
  1.60963385e+00  1.07095537e-01  6.14361730e-01 -2.78231013e-01
  9.26276274e-01 -9.49163885e-02 -7.91327368e-01 -1.64180789e+00
  1.15537658e-01 -5.86268129e-01 -8.99685393e-02 -3.23058194e-01
 -3.81966149e-02 -1.11164998e+00 -1.01008101e+00  5.41094661e-01
 -2.69979950e-01 -9.30671994e-01  6.06030447e-01  4.33595735e-01
  6.93555575e-01  2.47779766e-01 -8.74047075e-01  2.13249228e+00
 -7.71041668e-01 -1.50876982e+00  1.26004096e+00 -8.74036532e-01
  1.99829840e+00 -7.94261207e-01  8.52243459e-01  1.41080828e-01
  2.16553850e-01  1.24506828e-01  9.34920852e-01 -7.59557160e-01
 -2.96437867e-01  7.78468502e-01 -1.52979279e+00  1.51921427e+00
 -1.07923834e+00 -9.07940769e-01 -1.15717782e+00 -1.35535909e+00
  1.46504800e+00 -3.75467280e-01 -4.40666406e-01 -3.41400625e-01
 -8.77457799e-01 -3.54093202e-01  8.63291504e-01  1.25401370e-01
 -1.40522483e+00  2.57714144e+00  5.04443250e-01  2.08855025e+00
  2.50332940e-01  7.33969938e-02  5.39410655e-01  1.05126929e+00
 -6.80716805e-01  5.36982022e-01 -1.93706136e-01  7.43687868e-01
 -2.32092538e+00  5.47042449e-01 -1.01417483e-01  5.64647850e-01
  3.24700404e-02  4.47834885e-01  1.68259747e+00 -4.89233729e-01
 -1.02173485e+00 -3.10621755e-01 -1.32015146e+00 -1.34309334e+00
 -5.19182253e-01  1.68746803e+00  1.21396574e+00 -2.80927405e-01
  2.67360784e-01 -3.78592168e-01  1.67867516e+00 -1.25410041e+00
  8.10515516e-01  8.73118410e-01 -4.08484908e-01 -1.27644799e+00
 -1.00717463e+00 -5.75033091e-01 -4.70900199e-02 -1.75221378e+00
 -2.45807040e+00 -1.45428283e+00  4.95778026e-01  1.08856238e+00
  6.98588839e-01  3.61185554e-01 -6.46640531e-02 -9.46262344e-02
 -3.80639655e-01  3.11504161e-01  1.27751397e+00  3.54959064e-01
  9.01790759e-01 -1.82431203e-01  5.12650196e-01 -2.66245181e-01
  7.84374805e-01 -1.25503888e+00 -2.20063423e-01 -1.37484136e+00
  1.83615107e+00 -1.15365048e+00 -1.42058889e+00  1.66279199e+00
  1.44889609e+00 -2.43914088e-01  7.70272854e-01 -8.01628335e-01
  8.58475463e-01  6.41918162e-01 -1.86037964e+00  1.20445278e+00
  1.02032578e+00  8.37947453e-01  2.23424414e+00  1.23742785e+00
 -5.35292445e-01  3.53414237e-01  1.79914561e+00  1.82747542e-02
 -1.37675248e+00 -1.31461583e+00  4.30039196e-01  1.05886777e-01
  2.10198278e-01 -2.35144024e-01 -2.19123299e+00 -9.85934624e-01
  9.89991218e-01  1.29740932e+00  1.50372498e+00  3.80972478e-03
 -3.97673935e-02 -2.14279156e-01  5.05608650e-01  3.41087335e-01
 -1.98861649e-01  4.99098508e-01  2.40425087e-01  5.81003078e-01
 -5.92313696e-03  1.50302904e+00 -4.62205350e-01 -4.92625549e-01
 -4.00731462e-02 -1.05734554e+00 -9.66665036e-01 -4.97162966e-01
 -1.32178519e-01  3.53171431e-01 -3.13358992e-01  2.33343143e+00
  4.32285805e-01 -9.05073179e-01  2.32093739e-02 -1.94506004e-01
 -1.00058010e+00  1.18926412e+00 -1.21227064e+00 -8.57181948e-01
 -7.15117220e-01 -8.95138743e-01  1.99251635e+00  2.94567863e-01
  6.78480654e-01  4.63855176e-01  5.50018607e-01 -3.33254177e+00
  8.43870036e-01  1.04415476e+00  6.54996836e-01 -7.02537321e-02
 -1.08846709e+00 -6.13093668e-01  1.22044351e+00 -4.55145668e-02
  1.58890168e+00  1.14450194e+00 -3.67892017e-01  1.70561401e-01
 -3.34792929e-01 -1.25322466e+00  1.15134570e-01  5.43274255e-01
  3.64151234e-01 -1.54911439e-01  2.84867304e-01  7.09886447e-01
 -8.95031418e-01 -1.03942868e+00 -3.00877171e-01  3.81156267e-01
 -1.14674578e+00 -1.32830337e-01  1.60570873e+00 -1.94481679e-01
 -9.27405988e-01 -1.32152572e+00 -9.64022763e-01  9.22105396e-02
 -8.99292102e-02  6.97018452e-01  1.28779064e+00  5.80236516e-01
  5.57324835e-01 -4.03145760e-01  3.03432660e-01 -3.41016486e-01
 -5.48056785e-01  1.34555856e+00  1.21560456e+00  4.78772057e-01
  1.19613716e+00  1.15604472e+00 -3.48189498e-01  1.11991217e-01
 -1.34638327e-02 -4.79312543e-01  3.48590904e-01 -1.35631639e+00
  7.86805064e-01 -1.33250673e-01 -5.30318989e-01  1.67617000e+00
 -3.39127530e-02 -8.80265325e-01  1.19669654e+00  1.87201959e+00
 -1.97044095e-01  1.75377097e+00 -6.93567180e-01 -4.75079044e-01
 -1.00732824e+00  5.61403387e-01  1.36876315e-01  8.92256898e-01
  1.23179458e+00 -3.28429072e-01  1.61787784e-02 -8.68481976e-01
  3.15205788e-01 -8.43144350e-01  4.55915346e-01  1.19881383e+00
 -1.49328206e+00 -6.83481932e-01  2.71583750e-01 -2.80234686e+00
 -7.19050406e-01  1.17087767e+00  1.39640897e-01 -8.65665948e-01
  1.69042063e+00 -4.39757194e-01  5.27729582e-01 -1.14280403e+00
  2.70617436e+00 -6.87867415e-01  1.48359795e+00 -1.59817113e+00
  7.17401490e-01 -5.10890541e-01 -4.10753067e-01 -1.62709248e+00
 -4.51140021e-01 -3.12102730e-01 -1.38610866e+00  3.91221254e-02
  4.87606643e-02  1.02062325e+00  1.69660638e-01  1.50731378e+00
 -2.06606269e-01  9.32919485e-01 -2.62359879e-01  2.33672099e-01
 -8.48520296e-01 -2.54664618e-01  1.40166219e+00 -8.32685656e-01
  2.73148087e-01  2.39758362e-01  1.70138799e+00  5.87067177e-01
  1.86113232e+00  9.49869445e-01  8.52801147e-01 -3.45799260e-01
  9.44891341e-01  5.05692566e-01 -7.18753157e-01 -8.22061150e-01
 -2.64698703e-01  3.01547415e-02  4.16068990e-01  1.17604610e+00
  8.20170735e-01 -2.85687628e-01  3.21169030e-01 -1.20918589e+00
 -5.35798575e-01  1.92651507e+00 -1.49738972e+00 -4.03142339e-01
  9.64783496e-02 -1.23020455e+00 -6.43602482e-01 -3.73444662e-01
 -3.97284694e-01 -3.65151957e-01 -4.60576749e-01  7.74586760e-01
 -1.43434501e+00  1.18294363e+00  1.06343736e+00 -8.76643309e-01
  6.80649805e-02 -1.11046753e+00  2.30105358e-01  2.22978208e-01
 -2.53087810e+00  1.44312838e+00 -2.11875673e-01  1.30742790e+00
  1.41318280e-02  2.14199033e+00 -8.91509868e-01 -1.05578393e-01
  2.46940162e+00  8.14777296e-01 -1.64613431e+00  4.73324184e-01
 -1.14243785e+00 -2.10740878e+00 -1.39375699e+00  4.36010965e-01
 -7.02660045e-01  9.29197956e-01 -9.87834834e-01 -1.09034665e+00
  1.83365738e+00 -1.04072626e+00 -7.17711636e-02 -7.85334667e-02
 -1.88223322e+00  2.34918842e+00  2.49383478e-01 -4.39159597e-02
  1.18882457e+00 -6.46330070e-01 -9.23390209e-01  1.35239634e+00
  1.14473537e+00  9.85173238e-01 -1.41582365e+00 -3.27681931e-01
 -2.69807559e-01 -4.47626140e-01  2.79840614e-01 -1.33118548e+00
  8.68008371e-02  1.02294244e+00  1.29182496e+00  3.59329838e-01
  5.97357231e-01  3.36274788e-01  1.07280262e+00 -1.95943581e-01
 -5.03541029e-01 -2.83440117e-01  4.77811967e-01  1.04874645e+00
  2.85896284e-01 -1.89893112e+00 -5.93565323e-01 -1.41350314e+00
 -1.02744923e+00  3.44900076e-01 -9.86464408e-01  3.32951704e-02
  1.02125879e+00 -1.63269427e-01  2.37830083e-01 -5.32355475e-01
  1.54675011e-01  8.78203518e-01 -6.02787258e-01  2.30847756e+00
 -6.89864303e-01 -9.79885375e-01  8.69392264e-01 -2.63311438e-01
  1.43987044e+00 -4.39888231e-01 -1.32355962e+00 -5.70500720e-01
  1.20165137e+00  1.53793970e+00  2.10671668e-01 -7.93125131e-03
  1.49561062e+00 -1.19513342e-01 -8.79977860e-01  8.16131409e-01
  2.58201506e-01  1.13175684e-03 -4.05866744e-01 -6.00922215e-02
 -1.85085577e-01  2.85774923e+00 -8.49802593e-01  4.82886316e-01
  4.44942942e-01  7.39759648e-01  2.97150487e-01 -9.59372108e-02
 -6.78090756e-01  5.86877905e-01 -1.66346948e+00 -9.30321700e-01
  1.24035550e+00 -7.94921437e-01  5.34306186e-01 -9.26688316e-01
 -1.49275795e-01 -9.29901456e-01  1.64487855e+00  1.56868955e+00
  1.00782129e-01 -4.92654754e-01  1.33271142e+00  5.19022088e-01
 -2.02979705e+00  1.18097245e+00 -1.22627400e+00 -1.52056515e+00
 -1.04205883e-01 -3.17560555e-01  1.48614215e+00  4.68735980e-01
  2.21366771e-01 -1.69201161e+00  1.20598417e-01  4.95830599e-01
 -7.29978243e-01  5.87873165e-01 -2.38516164e-01  9.58106313e-01
  2.45288829e-01 -4.38527190e-01  4.39071961e-01 -3.69029392e-01
 -7.58757196e-01 -6.66499885e-01 -2.15027229e+00  3.49040542e-01
 -3.29973924e-01 -5.42282542e-01 -6.89693946e-01  1.15288082e+00
  2.26608062e+00  1.05645866e+00 -4.47483767e-01 -1.71437970e+00
 -5.70847966e-01 -7.84895637e-01 -1.01896996e-01 -1.01584215e+00
 -3.82680900e-01  1.61649552e+00 -1.86137466e+00 -4.13343184e-01
  8.33568403e-01 -5.56996986e-01 -2.11799543e-01  7.48488253e-01
 -2.76692303e-01 -1.14626015e+00  9.03732577e-01 -4.92961653e-01
  5.48605738e-01 -7.73578251e-01  4.14187277e-01  2.24412925e+00
 -2.83067243e-01  3.84346883e-01  2.02088874e+00  2.06078127e-01
 -6.41337596e-02  3.08106486e-01 -1.12466488e+00 -5.93347200e-01
  2.27644305e+00  4.08543885e-01 -6.97821665e-01 -1.47793417e+00
 -9.51219334e-01 -9.15762987e-02  1.55003628e+00 -1.45481888e+00
 -8.39916874e-01 -7.97403394e-01  1.24241138e-01 -3.94887911e-01
 -1.07509793e+00  1.38710583e+00 -1.96781758e-01  6.64043917e-01
  1.37872402e+00 -7.55223199e-01 -3.28410896e-01 -3.18842349e-02
  4.66631277e-01 -7.71018181e-02  6.38194310e-01  5.40556555e-01
  5.22663620e-01  1.55688466e-01  6.90813855e-01 -1.82459175e+00
 -1.50248762e-01  1.18415953e+00 -1.47038884e+00  2.94659201e-01
  1.25034143e+00 -1.64245121e+00  2.02055105e+00  2.61792256e-01
 -5.42632435e-01  2.71230187e-01  1.44212355e+00  3.44626903e-01
 -3.83919078e-02 -7.43349453e-02 -9.61777439e-01  3.01390343e-01
  3.35323366e-01  4.59674968e-01 -2.59180199e-01 -4.10479314e-02
  4.89975191e-01 -1.04901034e+00  5.23770724e-01 -9.38407585e-01
  2.20964802e+00  1.64427291e+00 -6.63110990e-01  1.03481856e+00
  5.25001757e-01  3.92111194e-01  3.42564111e-02  1.10245047e+00
  9.71410192e-01 -9.18888275e-01  1.47916594e+00  8.50212930e-01
  1.82918693e+00 -4.70595867e-01  1.26577185e-01 -9.48173053e-01
  1.39996333e+00 -6.43052405e-01  1.38553126e+00  6.03072120e-01
 -7.44476110e-02  1.44962176e-01 -1.63212162e+00 -6.87142961e-01
 -1.66133419e+00 -6.52696821e-01  1.00762612e+00  5.83324097e-01
  8.69420837e-01  6.95528568e-01 -2.31074234e-01  2.03511924e-01
  1.23346408e+00  9.19235348e-02 -1.37067376e-01 -1.53604274e+00
 -5.25244398e-01  2.19917193e+00  2.42551540e-01 -6.10214565e-01
 -6.38695395e-01 -4.18545533e-01 -2.18212857e-01  7.12504162e-01
  1.42327184e+00  5.96670924e-01 -1.30825479e+00 -4.90694030e-01
  3.55062705e-01 -1.63062749e-01  1.74795778e-01  5.40377460e-01
 -8.03699558e-01 -5.59104415e-01  8.61476364e-01  1.62963485e-01
 -1.92531702e+00  3.64617686e-01  1.09341938e+00 -1.16468319e+00
  1.20025044e-01  1.33871999e-01 -2.59913290e-01 -1.15670799e+00
  2.81103899e-01 -2.32957087e-01 -2.43873689e+00  1.73393677e+00
  2.69711200e+00  8.89881860e-01  8.69618777e-01  1.89261252e+00
  7.20438257e-01 -1.36750940e-01 -1.71294198e+00  1.07683819e+00
 -5.58327465e-01 -7.61881784e-01 -1.35238117e+00 -5.19052474e-01
 -8.05919301e-01 -7.99650226e-01 -3.91470287e-01 -3.57882562e-01
  1.06375692e+00 -1.43254054e+00 -5.50018185e-01 -1.10959371e+00
  6.38144910e-01  8.34875344e-01  6.20599972e-02 -3.18348415e-01
  6.95242324e-01 -1.53105963e-01  2.11028689e-01 -1.94834586e-01
 -1.15662939e-01 -1.45974570e+00 -2.95679833e-01 -1.37691332e+00
  2.75796658e+00  4.98837673e-01  1.71858676e-01  5.12700079e-01
 -1.44741470e+00 -8.37247789e-01 -1.20603943e+00  2.98535416e-01
  5.09057939e-01 -1.99769410e+00  2.73188914e-01 -3.76774504e-01
  4.26668203e-01 -1.35984744e-01 -1.84719134e+00  2.47227829e-02
 -4.09149502e-01 -1.66665019e-01  9.63085956e-02  8.13911100e-01
  3.84678538e-01 -5.71798979e-01  6.23112227e-02  4.43445957e-02
 -1.47029921e+00 -1.30747112e+00 -1.98298575e-01 -4.47076497e-03
 -1.94657433e+00 -5.24162636e-01  9.29994997e-01 -2.25160164e+00
  9.39200608e-01 -9.24347148e-01 -5.12507395e-01 -2.43745295e-02
  8.78343193e-01  1.66624068e-01 -1.65920371e+00 -9.79892275e-01
 -1.03635500e-01 -3.17181287e-02  1.29322805e+00 -2.29706356e+00
 -1.79140288e-01 -8.07096191e-01 -3.29856797e-01  2.27335893e+00
 -1.59039924e-02 -4.40910972e-01 -6.06255999e-01 -1.14738603e-01
  6.28049280e-01  5.00383551e-01  3.81370306e-01 -1.54670867e+00
 -1.15381457e+00  6.26417177e-01  2.60727822e+00 -2.98656419e-02
 -2.00692241e-02 -1.51869605e-01 -6.95535004e-01  1.81629858e+00
 -1.89764152e+00 -5.73744989e-01  3.45076265e-01 -1.84228488e+00
  1.02479994e+00  7.42795382e-01  3.14079780e-01 -1.90010050e-01
 -4.84483155e-01  2.47338852e-01  6.59033587e-01  6.27358432e-01
 -1.69737390e+00 -4.57420182e-01  3.49098134e-01  3.87561804e-01
  1.48158419e+00 -1.62799901e+00 -1.09730367e+00  1.38293941e+00
  1.71841796e+00 -1.53375345e-01 -2.10253717e+00 -9.11345289e-01
  6.86029240e-01 -7.88112290e-01 -1.27888627e+00 -1.35098206e+00
  1.25863358e-01  6.16346989e-02 -1.84529293e+00 -7.06393515e-01
 -1.64954093e+00  2.26992508e+00 -1.79313984e-01  8.17430170e-01
 -3.32052189e-01 -2.91738500e-01  1.11307830e+00  3.62425669e-01
 -5.80307162e-01  1.05971093e+00 -4.68151905e-01  1.64672509e+00
  3.40130350e-01 -7.88392553e-02  1.47508091e-01 -4.37756191e-01
 -4.08907096e-01  2.94696826e+00  4.01584332e-01  3.90540396e-01
  1.72940868e-01 -1.97547421e-01 -2.39556405e-01  4.23002148e-01
  1.40011824e+00  5.15158423e-01  2.64854401e+00  2.81622843e-01
  6.04570703e-01 -1.57251981e+00 -7.90182132e-01 -2.46061807e+00
 -2.27242287e-01  1.43037615e+00 -1.12700556e+00 -1.10195231e+00
 -1.24252178e-01 -1.22383346e-01  1.91809936e+00  5.49034466e-01
 -1.36106512e+00  5.64745861e-01 -6.76716685e-01  1.38002251e+00
  1.36643217e+00 -1.13035905e+00 -1.12638891e+00  1.08252564e+00
 -5.11196077e-01 -9.72750077e-02 -1.97198976e+00  7.06035635e-02
 -1.47068683e+00  1.46289255e-01  5.60337296e-01  5.96698103e-01
 -2.03055843e+00  1.52767125e+00 -2.03074956e+00 -1.79351508e+00
 -1.50086682e+00 -7.66602251e-01 -1.40725716e+00  7.86362204e-01
 -4.09264104e-01 -8.47004865e-01  1.34290897e+00 -2.90659056e-01
  2.38826073e-01 -1.85336217e-01 -1.25343667e-01 -1.47044510e-01
  4.95903075e-01  1.06872287e+00  1.25368179e+00  9.19992983e-01
 -1.70069023e-01  1.02650313e+00 -2.20080265e+00 -1.32600940e-01
 -3.34537495e-01 -6.76321407e-02  4.35149894e-01 -5.33568720e-01
  2.89000899e-01  3.19845259e-01 -1.49170637e+00  1.29343745e+00
 -8.49538127e-01  6.54521857e-01 -2.15843397e+00 -3.79433939e-01
  1.18240035e+00 -1.40886494e+00 -3.15154976e-01 -1.04918224e+00
 -1.60621840e+00 -1.11079532e+00 -2.30277515e-01 -1.29468207e-02
 -8.65933155e-01 -1.38132977e-01 -4.88807334e-01  5.45435008e-01
 -4.72670127e-02 -1.58375906e+00 -1.21367967e-01 -3.03161998e-01
  1.04038804e+00  2.46690689e+00  1.27948963e+00  7.99628020e-01
 -3.93944302e-01  4.39402581e-01 -1.07400669e+00  9.71143042e-01
  1.59765557e+00 -1.77144646e-01  9.30753849e-01 -1.04378467e+00
  4.78455689e-01  4.48337829e-01  1.22580490e+00 -9.38206652e-01
  2.93193786e-01  3.66643287e-01  5.66952993e-01  8.79005371e-01
 -1.61487333e+00 -3.82377049e-01 -1.89199394e+00 -1.04954229e+00
 -5.37398988e-03 -8.39812836e-01 -1.04789940e+00  1.53264634e-01
  3.14840610e-01  4.00166843e-01 -9.97512986e-01 -5.09387078e-01
  1.25431754e-01 -3.69441328e-01  6.79209146e-01  1.17059374e-01