 0.0780793   0.97106874 -1.50857029 -0.98257381 -0.83772323 -1.35907127
 -0.19715451 -1.33398875 -1.4787562   0.10285082 -0.57542723 -0.31507606
 -0.32535801  0.69743914  0.42980802 -0.16563997  0.21955319  0.85543161
  1.01469863  0.69474167 -1.04784029  0.04843216  0.39647333 -0.19889571
 -0.84015666 -1.6419776  -1.1577238   0.35699327  0.12573717  2.01695413
 -0.24914425  0.51318828 -1.34848396 -0.46206362  0.46263055 -0.0031373
  0.40643707  1.35609251 -0.06537012  0.65667199  0.74597756 -0.07410822
  0.24044358  1.01460481  0.95004234  1.2360989  -0.90655029 -0.11560266
 -0.31714458  1.10238241  1.76734064 -0.15028001  0.59458488  0.83115583
  0.49188404  1.53136699  1.45032676 -0.74168011 -0.35598181 -0.99584786
 -0.57712895 -1.51655774 -1.45020948  0.60735653 -1.15749716 -1.1981966
  0.49184018 -0.79718572 -1.30378023 -0.25427662 -0.030542    0.72741687
  0.05997919 -0.07811345 -0.51929566 -0.51644576 -0.22617064  0.37072998
  0.38325224 -1.31709749 -0.63090739 -0.02298221 -1.49216997  0.83841163
 -0.63143499 -0.91962755 -0.89231221 -1.40276369 -0.86347624  0.17306431
  0.04441869 -0.888522    0.79382644  0.72446975  0.14574469  0.08425939
  0.6373316   0.17570451  0.22468644  0.57606446 -0.72511198 -0.30009567
 -0.91114137  1.04312242 -0.12581136 -0.4016332   1.46666628  0.46073085
 -0.88928927  0.7612307  -2.90971747 -0.01786913 -1.12218282  0.57844886
  0.96881286  0.0584459  -1.63467677  1.21079994  1.6459207  -0.45114543
  0.13288845 -0.10502941 -0.79891733 -0.32103761 -0.35422285 -0.6877378
 -0.63080465 -0.3012938  -0.88200984  1.33284645  0.09984108 -0.84064548
  0.50825965 -0.19237126  0.85913815 -0.76185222 -1.1025748  -0.39402672
  0.03137021  1.26591256  0.62817029  0.51084989 -2.96242229  0.72700244
 -0.10678018 -1.15757245  1.20476167  0.07372739 -1.02964714 -0.60015934
  2.13882693  0.22394342 -1.13380584 -0.36456479  1.65352832  0.09517375
  0.03967357  0.60387312 -0.47783975  0.81227823  0.8987932   1.59522847
  0.5771108   0.12647543 -0.05484923  1.30738439  0.57178152 -0.96152993
 -1.30171608 -0.01795177 -0.47812999  0.7697959   1.31080713  1.83495217
 -0.16692135  1.60650811  1.139094   -0.39038575 -1.6529766   0.59949414
 -1.67402402  0.0369894  -2.16143891 -0.98228165  0.11057786 -0.51091767
 -0.21799332  0.95655042 -0.1972799  -0.78336765 -0.28234461 -0.84386491
  2.03624788 -0.91226805 -0.98688029 -1.20040389 -0.19799398  0.09150017
  0.38310511  1.34847853  0.06771754  2.05448788  0.46674568  1.59319567
  0.30310756 -0.16654752 -0.98537435 -1.26418331  0.1412777  -0.01104941
 -0.51102703 -0.79075007 -0.8517524   1.69009298  1.01333854 -1.06178793
 -1.36913829  0.18258471 -1.18130886  0.72997401 -1.88438867 -0.16058198
 -0.72999646 -0.94058026  0.69266212 -0.54864265  1.05488646  0.68699639
 -0.88632224  0.73587246  0.65257333  1.19350147  1.9746425   0.0254404
 -0.86631757  0.86394777  0.95809987 -1.55904435  1.28853147 -0.40394348
 -0.21076295  2.0674321   1.4816897  -0.25135009 -0.22274443  0.5293801
 -0.35959385  0.25019066  0.30423593 -1.60169804 -0.96705837  1.85559804
 -0.29119466 -0.29260078 -0.72243596  0.75871558  0.35681259  0.86063237
  1.30543525  0.03717253 -0.96711952  0.0281676   1.73460892  0.09737893
 -0.52357542 -0.26087935  1.27019495  1.47045628 -2.00300593  2.16525953
 -0.7412408   0.73860309 -0.10531168 -0.41068671  0.41045803  0.75807755
 -0.82733133  0.36356794  0.87671673  1.00521785  0.07971565 -0.15483981
  0.95493933 -0.70564333  0.36208943  1.02325986 -1.25767456 -1.06009289
 -0.73113808 -0.52641177 -0.31558865  1.12792732 -0.46972289 -0.8384147
  1.07912045 -2.14315699 -0.33503906 -0.47873697  0.13288594 -0.13462263
  1.00040688 -1.76638247  0.71645617  1.3601995   0.23680156  1.60537272
 -1.39568739  0.30695962  1.05150065 -1.64039893 -1.18799196 -0.54096518
 -0.304667    0.52484657 -0.85577399  0.16932288 -0.62156059  0.23250926
  1.19919244 -0.43595148 -0.62698769 -1.35707737 -0.17866877  0.73695532
 -0.50043077 -0.39094735  1.58809963  0.07919038  0.83429674  0.38308174
 -0.56938081  0.75392146  0.79150986  0.2553535   0.35694522  0.38345244
 -0.44008338  0.36311627  1.30182785 -0.38392807  0.55219481 -0.25919835
 -0.82755063  1.80541684  0.82132522 -1.02647971 -2.82629757 -1.5251545
 -0.04968905  0.47315144  0.08702632 -0.74188758  0.5356159   1.03920624
 -1.0391907   0.3522365  -0.36019387  1.27700961  0.60977128  1.83535095
 -0.43217197 -3.04252382  0.14465577 -0.68428509  0.99398724  2.12522137
 -0.99491743  0.54040251 -0.84012936 -1.01164981  0.35162199 -0.81446123
 -0.04586594  0.17185926 -0.49669061 -0.89817022 -0.20821564 -1.05322858
  0.7098072  -0.82899342  1.43012683  0.04730088 -0.27090345  1.08066671
 -0.78398059  0.06534037  0.61784242 -0.67082973 -1.95204578  0.37810483
 -0.99869923  2.50238603  1.05452641  1.25022208 -0.6364836  -0.59077556
 -0.66997928 -0.83427123  1.04687906 -0.31377596  0.52047756  1.78207136
  1.27991174 -1.37350294  1.2168326   2.48738282  0.25171204  0.05132709
 -0.03775861  1.18842943 -1.21443153 -2.0174124   0.13766845 -0.21992138
  1.76378334  0.1703081   0.05607095 -0.78621244  0.55134855  0.25306016
  0.3407104   0.28207427  0.819698   -1.67987316  0.1045856  -1.15673356
 -1.90849459 -2.66031904 -0.23319279  2.27278086  0.55592853  0.22716129
  0.13634817 -1.00109956  1.57153433 -0.68071151  1.54696765  0.6705577
 -2.28104428 -1.33237127  0.44110499  0.49489967 -1.30645014 -2.40296421
 -2.40191162 -0.85428157  1.03962176  1.36444141 -0.21655775  0.44548181
  0.42952231  0.06587348  0.65475692  0.39476258  0.06629263  0.75566182
 -0.51586297  1.22878121 -0.83066546  0.08558172  1.45145123 -0.95622473
 -0.13421555  1.28663438  0.2476507   0.6265746   0.73701385  1.32115148
  0.38809058  0.75666293 -0.66527065  0.90893528 -0.73545857  0.93968494
 -0.23732176 -0.09562334 -1.27028854 -1.62486442 -0.40150602 -0.57268617
 -0.48419563 -0.35090632 -0.17450865  1.37564006  0.83718442 -1.92363314
  0.46447731  1.09687343  0.24199838 -1.14138707 -0.55445443  0.40966738
  0.72670464 -1.46595459  0.25927424 -0.17552767 -0.2647391   0.25423354
  1.46218162 -1.32121287  1.35255396 -1.30593108  0.23637363  0.0261467
 -0.33006999 -1.713652   -1.2799397   1.36176555 -0.4852504  -0.75330348
  0.44950453 -2.37428399  0.72703166  0.18948176 -0.89081959 -0.97852596
 -1.2294841   2.10351221  0.09970956 -0.15952513  0.45607581 -0.32882887
  2.53471028 -0.12507099 -2.12522717  0.03159945 -0.60967534  0.27682018
  0.38186638 -0.17139996  0.76238979  0.56966212  1.07242181  1.33488521
 -1.92392389  0.67806383 -1.53523974  0.66391004  0.90033115  1.83627512
  0.29949765 -1.06346898  0.71575068  0.45180018  1.11051302  0.28583027
 -0.92924555 -0.50500789 -1.61061948 -0.1778002  -1.23293039  0.67112625
  1.04592249  2.00825518 -0.52940365 -0.78234986  1.66287634  1.36596623
  0.30784628  0.98734218 -0.02083933 -0.00841125  0.04119016 -0.69936765
 -0.73209849  0.08883839 -1.12657868 -0.18482672 -0.0377988   0.02712274
  1.76716362  0.26382233  0.01910785 -1.28596638  1.24497596 -0.71666379
 -0.57864633 -1.57923838 -1.40679989 -0.22602895 -1.13704236  0.55783744
 -1.50462775  1.28788598  0.5491268  -0.93084887 -0.48436947 -0.62731017
  0.63325965  0.77264467 -2.04980134 -1.23868033  0.66562897  0.59070391
 -1.10871347  0.60411967  0.57973099 -0.8195389  -0.22075681  1.0012585
  0.93939504 -0.19643576  0.72809184 -0.5184165   0.8695577  -1.30654992
 -1.73775153  0.01091291 -1.43760599 -0.79683604  0.47586727  1.54001394
 -1.05243711  1.20251686 -0.41886991  0.83891501  1.30294913 -0.46533285
  0.31392025 -1.10332465  0.1040687  -0.69679472 -1.57133791 -0.60775535
 -1.45316426  0.44055409  1.11043626  0.59242526  0.05005827  0.23023893
 -0.72147441 -0.48957712 -0.18874096 -0.42672973  0.01344417  0.09087956
 -0.36612693 -0.6952878  -0.91940832  1.68496403  0.50888656 -0.08679562
 -2.01908238 -0.37373517 -0.15408536 -0.01514246  0.94510042  0.85497284
 -0.72914091  0.02067032 -0.8452105  -0.33836875 -0.27505562  0.87728391
 -0.12794905 -1.07538804  0.39273235  1.71293001  0.20780449  0.08100041
 -0.27904075 -0.52133051 -0.98601502 -0.62601326  0.53271765 -0.28845897
 -1.37244672 -0.06909299  0.98320574 -0.04100238 -0.46070629  1.60155952
 -0.1918256  -2.34820932  0.79102462 -0.99365179  1.12426323  0.2355961
 -1.70944604  0.20878593  1.42897519 -0.81397844  0.31916137  0.26072402
 -0.67453551  0.17648854  0.64042664 -0.08592734  0.52414202  0.25263342
 -0.23171332 -0.13821545  0.18817176  0.24328253  0.19643057 -2.39726294
 -0.55276617 -0.79518    -0.24164188 -0.82174445  0.61946386 -2.71876024
  0.95993904 -0.24735445 -0.10462652  0.63865226 -0.97898052 -0.34240997
 -0.14366349 -1.67627543  2.7988144   0.42584669  0.34003644  0.11740543
 -0.59325192  1.470231    0.54306786 -0.63964744  1.44903357 -1.21250115
  0.7758574   0.61782268 -0.00642123  0.37165839 -0.04966376 -1.85889698
  0.21793521 -0.09840979  1.38157312 -0.61067874  0.56520639 -2.43944339
 -1.74961725  1.0871639  -1.34919024 -0.82050434 -0.44796045  0.0288544
  0.72166172 -0.78545741  0.51484511  1.12184913 -0.41514722  0.274169
  0.4788875   0.63213414  1.23703515  0.17890682 -1.49503034  0.35537722
 -1.62295262  0.14700882  0.83136004  1.19592271 -2.85945953 -0.43494164
 -0.7617635  -0.05013174  0.63536416  0.54334247 -0.82093181 -0.17496454
  0.82183103  0.31109517 -1.67228397  0.48978989 -0.60900555 -1.62784801
  0.18573186 -0.66781378 -1.14142728  1.07864386 -0.23059273 -0.45231086
 -0.0462556   0.80859753 -0.27165437 -0.1095453  -1.36874894  0.22687667
 -0.2612995  -0.03087414 -0.23294477 -1.57446179 -0.02166373  2.20273155
  0.11570191  0.05499293  0.02388026 -0.61505128 -0.49438161 -0.61374637
  0.71691271 -0.35562452  1.60597923  0.32498174  0.61347495 -1.40098024
  0.85472628  1.11875192  0.2622165  -0.41254161 -1.50229436  0.00797677
  0.49782882 -1.28662124  0.23871805  0.23341906  0.05282949 -0.25430324
 -0.98951567  1.76218312  0.06186619  0.24238943 -0.83531323  1.02115236
  0.85516672 -2.49618548 -0.37560841 -0.09935227 -2.09243503  1.55518599
  2.02367406 -0.00355814 -0.70676873 -0.4758266  -0.48037711  0.42782758
 -1.83044314  0.78856934 -0.27946991 -0.54740799 -0.16204307  0.41588287
  0.10905991  0.64571043  1.07054537  0.04024503 -0.96650657  1.54709558
  0.5286438  -1.44529341  0.11431218 -0.33766099  1.15634618  0.71648583
 -1.08207449 -0.47644852  0.29503716 -0.52049245  0.25985857 -2.25657338
 -1.06089313 -0.06825755 -0.31620909  0.31566967 -0.6042701   0.10361529
 -0.47954242  1.85416664  0.84240119 -1.66525198  0.38202583 -0.79902675
 -1.02354743 -0.84931396 -0.15473836 -0.30611639  0.77245146 -0.95533314
  2.02031096 -1.30866497 -0.03829071  0.0047589   0.237267   -0.16610882
  0.18243401  0.24785273  0.49104743 -0.25903406 -1.04304083 -1.5390401
 -0.3015848   0.80815122  0.15087775  0.3405917  -0.66716799 -0.0309568
  0.69280806 -0.23195917 -0.70460101  0.2201507   0.49373682 -0.47931908
 -1.79069048  0.33234732 -1.61334069 -0.19645414  0.19428584  0.35830531
 -1.00837021  0.02948271  1.83307759  1.34948454 -1.20597855  0.18130816
 -0.84462002  0.26374894 -0.5575642  -0.12425991 -0.38552678 -0.71692187
 -1.24703402  1.54957773 -0.05285947  0.35307392  1.94351642 -0.20670548
  0.28406965  0.68879617 -1.45055396  2.82174453 -1.01930693 -1.13495319
  1.66582787  1.5259423   0.26618924  1.33898283 -0.21610492  0.44874563
 -1.74144837  2.09976038  1.30863259 -0.54971117 -1.29388409 -0.66895943
 -0.23373606  1.03097515  0.92310022 -0.62635426 -0.98129566  1.60084833
 -0.29584188  1.19784134  0.36090195  0.42216459 -0.7680906  -0.13079357
  0.54648027 -0.51285468 -0.30494449  0.01348779  0.51573278 -0.09010946
  1.05626615  0.96131784  1.11138839 -0.56904554  0.31320236 -0.54990312
 -0.90519665  0.14656962  0.67451499  0.57597674  2.26334592 -1.11489076
  0.60135245  0.89019     1.96289269 -0.29514021  0.94626053 -0.57816016
  0.70711982 -0.97139926 -0.93699185  0.16909781 -3.08525445 -1.2247961
  0.35058194  0.66147774 -0.37637643 -1.25911068 -1.57933678  1.12210886
  0.95744273 -1.10281517 -1.34143522  0.44616501 -0.33000264 -0.1566883
 -0.01512709 -0.01168752  1.4606762  -0.95948075  0.50167434 -0.10827727
 -0.93193608  1.1476215  -2.35051237  0.57914974