 6.43090640e-01 -9.80902772e-01 -6.02790199e-02 -5.12691107e-01
 -7.25151624e-01  4.38119334e-02 -4.90359833e-01  2.16785114e-02
  2.01386050e+00 -3.29007104e-01 -1.15035584e+00  8.44167407e-01
  1.59072418e+00  3.14282472e-01  6.86182895e-01  8.38343360e-01
 -2.94187974e-01  9.37801867e-01 -8.98562869e-01  8.51839257e-01
 -2.67519523e-01  9.01227710e-02 -4.94945687e-01 -6.15214165e-01
  7.03455796e-01 -1.18449286e+00  1.41356527e+00 -1.03087697e+00
  7.70945530e-01  5.03865193e-01  4.56735003e-03 -1.00174763e+00
 -4.56508013e-01 -9.85301546e-01 -1.29467802e+00  4.56176612e-01
 -1.18637196e-01 -1.04876665e+00 -1.54213559e+00 -1.11306738e+00
  2.41045827e-01 -8.67039477e-01  1.28107843e+00 -9.11676117e-01
 -1.44903458e+00 -2.25244605e-01  5.97956018e-01 -9.70379978e-01
  7.54435227e-01  1.53571674e+00  8.15194616e-02  7.28850010e-02
 -4.67494087e-01 -1.30556700e+00  1.96114813e-02  1.36439954e+00
 -4.89021646e-01  1.19649448e-01  1.94781587e-01  2.79210428e-01
 -2.80747761e-01  1.39732907e+00 -2.91658522e-01 -1.60506704e+00
 -2.32741874e+00 -1.79198291e+00  1.00489989e+00  5.32916927e-01
 -2.09738232e-02  7.76723011e-01 -4.59775536e-01  4.26429043e-01
  1.20237741e+00 -4.22856376e-02 -1.02059042e+00  1.38567703e+00
 -1.30164225e-02 -1.12954366e+00  2.66484796e-01 -3.61988264e-01
 -2.16046704e-01  2.56170130e-01 -5.18268001e-01  5.25462631e-02
 -1.48635398e-01  2.69788142e+00 -1.06588135e+00 -7.38340984e-01
 -2.68096833e-01 -2.42439413e-01  7.94103149e-01 -2.47532293e-01
 -1.85596650e+00  9.94847762e-02  4.97394648e-01  2.56800517e-01
 -1.35905028e-03 -1.92097655e-01 -5.24540232e-01 -1.01909857e+00
  8.41147289e-01  7.15685674e-01  9.53645983e-02 -4.93847744e-01
  1.22581005e+00 -4.16806521e-02 -1.50701380e+00  3.81088145e-01
 -1.13632492e+00 -2.26264272e-01 -1.03962054e+00  7.80667073e-01
 -2.96625321e-01 -7.79121765e-01 -9.79909118e-01 -1.53806061e-01
 -1.15143369e-01 -1.38326553e+00 -3.11018474e-02  9.96593574e-01
  1.75977683e+00 -9.00823474e-02  3.29646942e-01  5.27244650e-02
  4.44142448e-01 -3.88822496e-01  1.59457573e-01 -3.48805614e-01
  1.52817793e+00 -3.51235320e-01  5.68135146e-01 -2.94306952e-01
  4.02305812e-01  7.17210666e-01  1.46257441e-02  3.12682325e-01
  5.84710045e-01  9.69723146e-02 -1.01153800e+00  6.23336075e-01
 -3.03319067e-01 -5.40493999e-01 -2.60166662e-01  1.89711772e-01
  1.21876816e+00  7.87190291e-01 -1.88844826e-01 -7.39137618e-01
  1.11754008e-01 -1.85989110e+00  9.88493449e-01 -1.70691005e+00
 -1.53707581e+00 -3.56786532e-01 -5.02019967e-01  5.53268997e-01
 -4.88202548e-01 -2.03169292e-01  1.99463596e+00  1.44747889e+00
  5.74487841e-01 -7.62012059e-01  3.38261265e-03  8.47430036e-01
 -7.50138361e-01  1.76651293e+00 -1.73100556e+00  1.21895061e+00
 -9.13750041e-01  1.64441124e-01  8.20947214e-01  5.64056792e-01
 -3.55511330e-01  5.70122258e-01  1.30558350e+00  1.27272447e-01
 -4.44447159e-01 -1.26450880e+00  1.48636730e+00 -7.48846599e-02
 -1.12255077e+00 -1.09916799e+00 -5.67933964e-02 -1.67702734e+00
  2.39142487e+00  6.05631903e-01 -3.55570109e-01  1.02386125e+00
  6.95424195e-01 -1.31042917e+00  1.25142240e+00  1.84038560e+00
  9.97764996e-01 -5.10258905e-01 -8.45216395e-01  8.22578056e-01
 -6.65320061e-01  1.10711139e+00 -9.25336053e-02  6.47265871e-01
 -6.06826105e-02 -1.22884598e+00  6.69030516e-01 -8.93523758e-01
 -4.13622309e-01  2.29429950e+00  1.59076947e+00 -1.34333966e+00
 -3.03224750e-01  8.11004631e-01  7.22544546e-01  4.05832060e-01
 -6.02616129e-01 -1.83812619e+00 -2.78208432e-02  1.39661951e+00
  5.01741086e-01 -1.36628042e+00  4.39286811e-01  4.16611599e-01
  2.24134706e-01 -6.79956869e-01  1.14676206e+00 -1.83471403e-01
 -1.03735454e+00 -1.38136632e+00  7.56509925e-01  7.92322924e-01
  4.23255482e-01  7.39517687e-01  2.43003121e-01  4.48836707e-01
  2.46655748e+00 -1.16606259e-01  7.39604533e-01  6.79383388e-01
 -1.51107119e+00 -7.18012614e-01  1.50107100e+00  3.52401376e-01
 -1.00424503e+00  1.04911749e+00 -5.49654773e-02  9.57339442e-01
  1.00787143e+00  1.77737679e+00  2.03154518e+00  3.67920716e-02
  2.47499008e-01 -1.50477144e+00  5.98331774e-01 -3.56504247e-02
 -1.14115918e+00  1.76685881e+00 -2.36722956e-01 -5.70476944e-02
 -1.30715436e+00  4.67558092e-01 -8.00797665e-01 -9.23319982e-01
  1.38748496e-02  1.61247988e-01  1.22067260e+00 -8.14862640e-01
  5.17677165e-02  2.87703893e-01  4.60125294e-01  1.20717323e+00
 -8.92080787e-01  1.27803260e+00  1.12654873e+00  2.24478768e-01
 -1.42475225e+00  1.76972326e+00 -9.67196580e-01 -3.60946207e-01
 -4.33368855e-01 -1.40535528e+00 -1.69631601e-01 -1.25026327e+00
  3.07778622e-01 -2.14093109e-01  1.15779212e+00  1.16537650e+00
  5.85737413e-01 -8.60840085e-01 -1.74631131e+00  8.86749635e-01
 -2.29187486e+00 -4.79934655e-01  9.69887642e-02  3.30904170e-01
  7.30910889e-02 -4.29437338e-01 -7.44198376e-01  4.56269243e-01
  9.27802901e-01  7.14394108e-02  7.70097176e-02  2.11223063e-01
 -5.00721340e-01 -1.22043608e+00  5.66532721e-01  5.79670391e-01
 -1.89899945e+00 -1.11512812e+00 -3.55966735e-01  2.82711526e-01
 -1.31471863e+00  1.29415393e+00 -3.09201173e-01  3.26689040e-01
 -5.65123839e-01  1.20129912e+00  2.36893036e+00  5.47767964e-01
  1.00169090e+00 -1.99961507e-01  1.25527757e+00 -1.05790495e+00
  1.25172862e+00  3.15683824e-01 -6.83238444e-01 -5.96490027e-01
  7.53202931e-01 -1.38086822e+00  5.07497368e-01 -1.03965134e+00
  5.98865908e-01  5.26965243e-01 -3.51660451e-01 -4.80094520e-01
  1.15149769e+00  2.73392458e-02 -1.24859456e+00 -1.01220507e+00
  1.21504035e+00  4.47730108e-01 -7.06311219e-02  2.37225393e+00
  2.12320043e+00  6.94365514e-01 -1.29495647e+00  7.11967531e-01
 -1.05073353e+00 -7.98743036e-01  1.57102507e+00 -9.43115810e-01
  1.19713567e+00  2.92817255e-01 -1.68539684e+00  1.71742973e-01
 -1.60206728e-01  1.53960300e+00  1.93764166e-02  6.17175293e-01
 -1.81914072e-01  4.45566791e-01 -1.21581989e+00  1.92591449e+00
 -2.90206019e-01  1.61242879e+00  1.46901647e-01  3.94148570e-02
  6.46963191e-01 -9.04168492e-01 -2.40904917e-01  2.05670053e-01
 -4.38308673e-03  4.17895049e-01 -1.12027858e+00 -9.52364206e-01
 -1.32229903e+00 -1.02081084e+00 -9.26823238e-01 -1.58150905e+00
 -1.99234215e+00 -4.33040473e-01  1.85011143e+00  7.78929096e-01
  7.51561606e-01  5.85221321e-01 -2.37681725e+00 -5.97329722e-01
  5.63208701e-01 -1.11167936e+00 -9.38280754e-01  1.89210364e-01
  6.66318786e-01  1.40432264e-01 -2.07369424e-01  1.46771738e+00
  1.46664979e+00 -1.61147868e+00  1.69246355e-01  6.72549459e-01
 -1.05249024e+00 -7.69861288e-01 -1.58571061e+00  1.83153650e-01
  1.68820413e-01 -4.70639718e-01  1.61937841e-02  9.37689277e-01
 -2.31896370e-01  3.66832577e-01  1.29508484e+00 -1.53474729e+00
 -1.17439194e+00  3.15118177e-01 -1.26978215e+00  2.68484387e-01
  7.91647349e-01 -2.00970693e-01  2.05983491e+00  1.03383096e-01
 -2.85885795e-01 -8.70102702e-01  2.87742603e-01 -1.04917405e+00
 -3.51436439e-01 -9.75943700e-01 -1.48461002e+00  1.45901492e+00
  5.40022304e-01  1.83467162e+00  1.01287184e+00 -1.20477822e+00
 -2.08610192e+00 -2.35383352e-02  1.02581404e+00  2.64255051e-01
  1.56060287e+00 -3.60826102e-01 -8.20935339e-01  4.30528485e-01
 -3.35377561e-01  1.20327866e-01  2.68421122e+00 -7.76022591e-01
 -1.17777516e+00 -1.64110253e-01 -2.94983759e+00 -1.14176509e+00
  3.59721226e-01 -1.18382317e+00 -7.10194231e-01 -1.67266216e+00
  2.05729688e-01  1.02329910e+00 -8.43262309e-01 -1.43935495e-01
  3.30249136e-02 -7.74968655e-01  6.41144602e-01  1.80934110e+00
 -7.17297665e-01  3.55928491e-01 -1.10376614e+00 -4.94305715e-01
  1.21236682e+00  6.24583411e-01  3.21124874e-01  1.98472765e+00
  1.51994657e-01  6.02647357e-01 -1.81078126e-01  2.19535016e+00
  1.24613743e+00 -5.10895141e-01 -1.03322133e+00 -1.54429185e+00
  1.94979482e-01 -4.85269470e-01  8.72856272e-02 -1.11260458e+00
 -2.22148527e+00  1.93772842e+00  6.17615754e-01  5.60358030e-01
  6.56884470e-01 -2.91805023e-01  6.23706761e-02 -1.44963307e+00
  2.53680960e-01  1.45847190e+00 -5.74757546e-01 -8.25708048e-01
  7.00591984e-01  1.45650386e+00  7.77481145e-01  7.26060084e-01
  4.49676172e-01 -9.57820249e-01 -1.73714216e+00  1.39229974e+00
 -9.22775726e-01 -8.46575536e-01 -2.14382652e-01 -1.18234146e+00
  1.32041305e+00  6.45464672e-01 -2.27494896e+00  7.13070252e-01
 -1.89732400e-02  6.97850079e-01  4.14685833e-01  1.13907044e-01
  3.89781151e-01 -9.29282893e-02  1.31938600e-01  5.74807364e-01
 -3.84455442e-02  2.85941155e-01  1.50291975e+00 -4.76932181e-01
  7.53773948e-01  2.33131189e-01 -2.18782236e-01 -2.80481035e-01
  1.09035055e+00  2.27834148e+00  2.34571748e+00  5.06642784e-01
  1.83743140e+00  3.78730372e-01  1.17810432e+00 -9.83664790e-01
 -1.43848544e+00  2.80488371e-01 -3.00795793e-01 -4.21030885e-02
 -3.64003568e-01 -1.65813814e+00  1.24012638e+00  1.17672390e+00
 -1.37559993e+00 -1.34114204e+00 -1.06273880e-01 -7.48281785e-02
  8.30058735e-01  8.09120454e-01 -2.51322565e-01 -1.74348834e-03
  9.84450411e-01  7.71063139e-01  4.66241437e-01 -5.46482765e-01
  3.00288146e-01  8.19800711e-02 -8.03238412e-02 -6.05334530e-01
 -1.15153562e+00  1.26036463e+00 -5.85567106e-01 -2.04142490e+00
  6.80757204e-01 -1.08990218e+00 -1.70374929e-01 -4.23780248e-01
  3.57355803e-01 -1.40379420e+00  1.32131674e+00 -1.14307367e-01
 -1.40934397e+00  6.00535825e-01  5.42466104e-01 -3.37417749e-01
  7.99251287e-01  8.37479414e-01  4.59677636e-01 -1.04562887e+00
 -1.23877693e+00  4.27869649e-01  2.77614742e-01 -7.84132917e-01
 -7.41881479e-01 -7.19292166e-01 -5.13248863e-01 -7.59002199e-01
  6.55502373e-01 -8.89705478e-02 -9.90733159e-02 -8.11834602e-01
  7.05375887e-01  4.96302702e-01  9.27681054e-01 -3.77718171e-01
 -3.42976086e-01  3.75571667e-01  5.70359112e-01  6.52266918e-01
  8.26544176e-01 -6.07031879e-01  1.07509101e+00 -1.56406081e+00
 -1.32602202e-01 -1.05770014e+00 -6.26242918e-01  2.37526996e+00
 -1.93951135e+00  6.30148387e-01  2.21794545e-01 -4.33941659e-01
 -7.48162308e-01 -2.46919581e+00  6.30636522e-01  4.06990841e-02
  9.15710128e-01 -1.59168204e+00  1.24584959e+00 -3.34566700e-01
  1.37566299e+00  1.29319296e-01  7.43383883e-01  6.81073982e-01
  3.30001438e-01  5.71377141e-01  1.71110892e-01 -2.11478996e+00
  1.94725402e-03 -3.33428720e-02 -1.29533949e+00 -1.12146072e+00
  4.34434883e-01 -1.06080543e-01  6.90923024e-01  2.35132788e-01
 -1.29341602e+00  8.19146219e-01 -4.85622476e-01  1.41868796e+00
 -1.94320098e+00  1.15701116e+00  5.96436539e-01  2.38290797e+00
  1.38045008e+00  9.88683038e-01  1.91408976e+00 -7.15263513e-01
 -3.08537748e-01  1.30202284e+00 -8.00618619e-01 -1.23072635e+00
  3.84536191e-01  2.15942249e+00  1.07638815e+00 -8.81572380e-01
  3.11755082e-01 -6.70065490e-01  3.25924330e-01 -3.55051286e-01
  2.26013529e+00  8.43049991e-01 -4.43033244e-01 -2.75221015e+00
  7.63693686e-01  6.21680428e-01  1.76203718e+00 -1.63425456e+00
 -1.43215654e+00  4.44685213e-01 -2.18467986e+00  3.11500884e-01
 -8.66917569e-01  1.22061544e+00 -3.94659416e-01  1.60073209e+00
 -5.09182075e-02  1.01076086e+00 -3.86414952e-01 -5.24833360e-01
 -4.50666086e-01  1.32830505e+00  2.90818820e+00  1.79759874e+00
  2.00033258e+00  1.07606107e+00  1.48791803e-01 -1.67227725e+00
  6.65543498e-01  2.89664658e-01  3.09551409e-01 -3.71690447e-01
 -5.30172792e-01  3.95241446e-01 -1.06111440e+00  1.00160465e+00
 -2.27116289e+00 -1.64215592e+00 -5.41166801e-01 -8.92570701e-01
  7.19875731e-01 -1.00596901e-01  9.64098257e-03 -3.03620782e-02
 -1.09227989e+00  9.66602398e-01  4.24875439e-01 -5.73063383e-02
  9.65516634e-02 -7.85092087e-01 -1.25316509e+00 -3.65195634e-01
 -5.66545966e-01  4.32320702e-01 -4.13934298e-01 -3.36571925e-01
 -1.33363220e+00  2.77449345e-01 -1.40977200e+00  8.61139759e-01
 -6.19224476e-01  5.56677911e-01 -1.70033143e+00  9.53168989e-01
 -7.78515846e-01  1.04276275e+00 -1.25820730e+00 -8.10361653e-01
  4.26394466e-01 -7.43995180e-01  5.72593147e-01  5.18711310e-01
  4.76832429e-01 -1.67418827e-01  3.90792043e-01  1.84165166e+00
 -1.02858784e+00  9.09253103e-02 -1.45729053e+00  7.32481551e-01
 -2.56689349e-02  6.20358866e-01 -8.83878891e-01  1.02204166e+00
 -1.84009123e+00  1.35137596e+00  6.50072374e-02 -1.22183479e+00
  3.06351858e-01  9.71237028e-01 -2.02659851e+00 -5.21513248e-01
  1.87350372e+00 -2.75142943e-01 -8.63083961e-01  6.75752825e-01
 -2.27082846e+00  1.78209809e+00  1.52469803e-01  8.43878148e-01
  1.95450775e-01  6.53091428e-02 -1.54641365e+00 -2.66967382e-01
  2.33953568e+00 -1.70000033e-01  1.58899192e+00  1.54954614e+00
  5.45215411e-01 -6.88085431e-02 -7.26404554e-03  1.09395369e+00
  2.99830816e-01 -5.10742823e-01  7.83154560e-01  1.02299154e+00
  2.40380192e-01  1.18224288e+00  3.44721629e-01  1.50489231e-01
 -5.24727486e-02 -1.91401454e-01 -1.23509792e+00 -1.87984360e-01
  1.46757970e+00 -1.71056120e+00  1.12968392e+00  1.48883400e+00
 -9.87421228e-02  3.41684752e-01 -4.23205033e-01  7.80822231e-01
  4.85524281e-01 -7.53577661e-01 -2.51190034e-01  1.94751102e-02
  2.71170582e-01  1.22044512e+00 -7.32005422e-03  1.93737920e-01
 -1.76309123e+00 -9.36735700e-01 -4.58253132e-01 -2.33371416e-01
 -5.54973381e-01 -1.07629765e+00  6.82356478e-01  7.10962722e-01
 -9.98337679e-01 -3.56309158e-01  8.34824919e-01  1.75927577e-01
 -9.05519294e-02  1.20049594e+00  8.44875975e-01  5.21296575e-02
  8.89869117e-02 -1.09994837e+00 -6.22905376e-02 -7.20938796e-01
  1.52723337e+00 -3.19542676e-01  9.88559520e-01 -2.41828531e-01
  8.69728842e-01  3.07793576e-01 -1.38580250e+00 -1.49409124e+00
 -1.61188879e+00  2.98007953e-01 -2.73167095e+00 -3.56057575e-01
 -3.22190990e+00  6.74053881e-01  9.66384473e-01  1.04300886e+00
 -5.75981000e-01  1.50350510e-01 -1.83369993e+00 -1.19049290e+00
 -8.09916554e-01  5.77206999e-01 -6.27022409e-01  6.69781844e-01
 -9.14465159e-01  1.06660783e+00 -1.06959016e+00  8.51662187e-01
 -2.79869224e-01 -8.64786619e-01  1.10466198e+00  1.73651501e-01
 -1.11105612e+00 -2.04777524e-01  8.13526816e-01  2.61754294e-01
  7.76140297e-01  1.84580959e-01 -4.88497939e-01  9.92866331e-01
 -1.57634408e+00 -2.53849878e-01 -1.18113805e+00 -1.44027648e-01
 -1.99264103e+00 -4.87301586e-01 -7.06321201e-01  1.22185191e+00
  1.83163663e+00  2.11062468e+00  1.10637612e+00 -1.45097385e+00
  5.94529820e-01  8.38694657e-01 -2.97028078e-01  1.47519080e+00
 -7.99659323e-01  1.67869888e-01  1.10586974e+00  1.67623951e+00
 -8.12881761e-01  1.68026239e+00 -1.83760846e+00 -2.84146988e-01
 -1.32059158e-01  1.30015674e+00 -2.69042979e-02  1.11582452e+00
  7.27088875e-02  4.75167318e-01 -2.34431439e-01  6.82451546e-01
  3.90211980e-01 -3.09956846e-01 -8.42221425e-01 -1.29100115e+00
 -3.17512634e-01  3.97050151e-01  1.24125911e+00 -1.41553350e+00
 -2.08313746e-01 -2.14778761e-01  1.25802287e+00 -3.43035105e-01
 -9.30891012e-01 -8.45682045e-01 -2.42229787e-01 -1.43352376e+00
 -1.69995885e+00  1.06681460e+00  1.62646140e-01  1.66312787e+00
  9.57248771e-01 -1.27317535e+00  1.23088059e+00 -2.66908099e-01
 -1.23572923e+00  2.21192598e+00 -2.27636924e-01 -1.79053278e+00
  2.39143110e-02  1.32851392e+00 -4.87068072e-01 -7.13361471e-01
  1.09908115e-02 -4.83727936e-01 -1.38725240e+00 -1.30239025e-02
  2.01096454e+00  1.81723401e-02  2.02605446e-01  3.73458996e-01
 -7.94544178e-01  8.70262843e-03  3.97021718e-01 -4.22445407e-01
  1.85907871e+00  1.37976667e+00  1.85088810e-01  1.31460840e-01
  1.70840724e+00 -1.64993152e-01  2.14178470e+00  2.96375270e-01
 -1.23345128e-01  5.78850040e-01 -1.09663177e+00  9.74208088e-02
 -4.67671151e-01 -6.94811374e-01  1.54048341e+00  6.43458089e-01
  1.66701447e+00 -7.75220302e-01 -1.56105539e+00  2.98866469e+00
 -5.07934754e-01 -1.80207005e+00  1.11815338e+00  3.03487242e-01
  5.34634018e-02 -8.23276504e-01  1.89312409e-01  6.22512451e-01
  9.77183968e-01  1.82441537e-01  3.59312820e-02  2.46999222e-01
 -5.10496938e-01 -7.52745957e-03 -7.09508645e-01 -1.01631854e+00
 -1.73584055e+00  1.53998938e+00  1.83763117e+00 -1.09681752e+00
  8.48261663e-01 -8.63266644e-01 -2.41537164e-01 -2.69822125e+00
  7.81555886e-01  5.51337892e-01  9.06142883e-01 -1.69016365e-01
 -3.88297430e-01 -1.69602773e+00 -7.82315640e-01  3.17023634e-01
 -2.86348669e-02 -5.99820761e-02 -2.86706994e-01  2.05529571e-01
 -1.04389962e+00  7.58476748e-01 -1.15588787e+00 -2.06762017e+00
 -1.17313757e+00  9.81306321e-01 -2.76202092e-01  1.35845781e-01
 -1.32039743e+00 -1.41454711e+00 -3.17432677e-01  1.65628236e+00
  1.48512224e+00  8.49326602e-01  2.72362822e-01 -1.79373548e+00