-1.20940219e+00 -1.00246516e-01 -2.54151796e-02 -6.87982065e-01
  1.19806484e+00 -4.30396317e-02  6.65173955e-01 -6.11292687e-01
  1.81942598e+00  3.88486925e-01  7.45345166e-01  4.18346807e-01
  8.67719946e-01  1.46553114e+00 -1.01890459e+00  3.36139182e-01
  8.59323690e-01  1.32240312e+00 -5.72739768e-01 -5.59538582e-01
  2.26493791e-01  5.04219893e-01 -2.83634871e-01 -1.26954090e+00
  9.61864658e-01 -2.22870615e+00  2.45849510e-01  1.76726296e-01
 -9.20135159e-01  8.35081627e-02  9.24530957e-01 -1.25191515e+00
  2.41946285e-01  7.19492101e-01 -9.49416389e-01 -1.32270399e+00
  1.79273243e+00 -7.72365495e-01  1.19122146e+00  9.07718704e-01
 -1.46090774e-01  6.72493755e-01 -1.24660543e+00  2.22195922e-01
  1.27298862e-01  2.33985088e-01 -9.36114857e-01 -5.75808913e-01
 -2.68719072e-01 -1.63309685e+00  8.63483523e-01  9.41649068e-01
  6.24705499e-01  2.50602808e-01  2.01119224e-01  2.32721374e-02
  1.74159454e-01 -8.38594193e-01 -4.70827492e-02 -2.31258223e-01
  2.41964759e+00  7.57050704e-01  1.84821908e-01  1.02515551e+00
 -8.45479631e-01 -7.53115951e-01  8.44470639e-01  1.14637206e-02
 -7.45126247e-01 -4.92528156e-01  1.13672683e+00 -1.02126835e+00
  1.23477335e+00  8.37449573e-02 -1.39474233e+00  5.08683517e-01
  7.71466330e-03 -1.43113524e+00 -5.54487189e-01  8.57845090e-01
 -7.27290950e-01  1.35197291e+00  1.57752907e+00  6.77983742e-01
 -5.77572243e-01 -1.39189537e+00 -3.31777977e-01 -2.49278427e-01
 -1.46463199e-01  2.25468336e-01 -2.61348536e+00 -9.63807725e-01
 -5.06979851e-01  4.19867630e-01 -3.54083626e-01 -1.01251396e+00
 -6.26059437e-01  6.24403207e-01 -6.80229641e-01 -8.83366489e-01
 -2.68955705e-02  1.21973008e+00  3.42250601e-01 -5.31130691e-01
  5.67568327e-01 -6.58385787e-01 -1.10782737e-01 -2.92061313e-01
 -1.14010111e-01 -3.35559579e-01 -9.72141911e-01  6.84432557e-02
 -1.09269960e-01 -5.59421436e-01 -1.05772372e-01  2.75223094e-01
  4.60480519e-01  3.65011984e-01  1.52771741e+00  1.38855875e+00
  3.16281615e-01  7.17536513e-01  9.54495306e-01  8.84016588e-01
  7.05304668e-01 -5.13159709e-01  1.07232269e+00 -5.66788521e-01
 -1.10031290e+00  1.29679674e+00  1.56195605e-01 -2.91584195e+00
  5.62308469e-01  9.40112590e-01  3.95580365e-01  1.85704440e+00
  2.71119559e-01 -6.29975739e-01  7.46946448e-01  4.63370026e-02
  1.13645718e+00 -2.75406774e-02 -7.90845595e-01 -1.09589846e+00
  4.23180099e-01 -2.50544083e+00 -3.07166331e-01 -6.56410672e-01
  7.17683546e-01 -1.95525345e+00 -1.79678013e+00  6.77006831e-01
  6.13835354e-01  8.71862856e-01  6.29840092e-03 -8.36741943e-01
 -3.48794749e-01 -4.25728371e-01 -2.32762202e+00 -3.06916821e-01
  6.69400462e-01 -7.82663619e-01  1.26462578e+00  3.89917419e-01
  1.01372663e+00 -1.24157930e+00  1.12773467e-01  1.35471263e+00
  2.52762844e+00  1.41931110e-01  1.91587869e+00  5.52602891e-01
  2.57146312e-01 -1.84548307e+00  1.16570503e+00 -1.70570343e-01
 -1.81173017e+00 -9.38703812e-01  4.13918648e-01  1.90483371e-01
  2.10992743e+00  1.12604189e+00  8.32082829e-01  7.49666191e-02
 -3.93084289e-01 -5.77393436e-01 -7.29905518e-02  5.89718201e-01
  5.69042216e-01  6.11995464e-01  2.50408349e-01  9.44880037e-01
 -1.62813573e+00 -7.54537897e-01  2.44622717e-01 -1.26089522e+00
  3.43320902e-01 -7.92426638e-01 -1.65766951e-01  1.26647509e+00
  7.62751129e-01  3.15425045e-01  3.13755211e-01  2.47531082e+00
  2.08416823e-01 -1.60785241e+00 -6.44398518e-01 -2.14033192e-01
  1.07388100e+00 -1.20219225e-01  1.28604277e+00  1.37051905e+00
  9.72165662e-02  1.19411326e+00  5.14633777e-01 -1.87421551e+00
  2.83518480e-01 -9.74199605e-01 -1.07545314e+00  4.50236573e-01
  1.57796896e+00  4.85440892e-01 -8.19131760e-01 -9.91319346e-01
  2.29873984e-01  1.11579815e-01  1.75673026e+00  1.37235892e-01
  2.62474547e-01 -5.69866523e-01  6.09153115e-02 -3.91546779e-01
 -2.02657427e-01  1.70258884e+00  3.41325028e-01  7.62766117e-01
  1.87713308e-01  8.95660285e-02 -4.53139801e-01  1.57773206e+00
 -7.20453106e-01  1.13500915e+00 -1.26495505e+00 -4.37416546e-01
  9.56235396e-01  1.26152843e+00 -8.39045041e-01 -9.32344188e-01
  1.01262987e+00  1.27320985e-01 -6.93935899e-01  6.68758837e-01
  1.32499583e-02  5.81355871e-01  7.43163141e-01 -5.79858146e-01
  2.74982604e-01  1.34664992e+00  5.14671199e-01  2.65259991e-01
  1.23266294e-01 -1.20415504e+00 -1.38463678e+00 -5.49514158e-01
  6.72330498e-01 -1.76436972e+00 -1.82838104e+00  1.59786022e+00
 -9.46280928e-03 -6.79461627e-01 -2.17101262e-01 -3.73336941e-03
  1.00475208e+00  6.78117068e-01  7.46120845e-01 -3.64267653e-01
  8.88012818e-01 -2.25089459e-01 -9.22246225e-01 -9.34117775e-01
  2.25425360e-01  1.09540461e+00  1.35038986e+00  6.00012194e-01
  1.25316030e+00  1.25515214e+00 -1.21660778e+00  1.93412593e-01
 -6.17617629e-01 -4.26583476e-01  2.76215011e-01  4.97158341e-02
  7.62905076e-02 -2.74930379e-01 -1.45433403e+00 -2.79066373e-01
 -1.11110684e+00 -2.14918905e+00 -9.14393576e-01  3.73136447e-01
 -1.81700536e+00  1.43687933e-01  1.05602816e+00  7.31342142e-02
  1.04004454e+00 -1.17819064e-01  5.29121122e-01  4.22942017e-01
  1.50972337e-01  4.46340454e-01 -6.92140312e-01  1.73865505e+00
  2.14032109e+00  8.82143189e-01  7.91868772e-01 -3.48153417e-01
 -2.08837245e+00  1.68278590e+00  2.06599620e+00 -5.29578786e-01
  3.45512970e-01 -1.20149163e+00 -4.12082365e-01 -1.56099560e+00
  3.50714148e-01  1.89060879e-01 -1.35499861e+00  1.40163599e+00
 -6.89442091e-01  1.47923199e+00 -8.80670414e-01  8.12206415e-01
  4.11271440e-01 -6.08136301e-02 -1.58471515e-01 -2.43842987e+00
 -1.62926096e+00  5.19330581e-01  8.40959450e-01  1.33420541e-01
 -8.64199284e-01  1.01014601e+00 -1.09215712e+00  1.45957062e+00
  2.59139190e-01  4.26415652e-01  5.98426690e-01 -9.32022286e-01
 -9.19005245e-01  1.56817783e-01  7.11511446e-01  1.04907465e+00
  1.91003069e+00  3.84659822e-01  9.80496774e-01  8.41143538e-01
  9.27794729e-01 -1.44280589e+00 -3.64453445e-01 -1.37583022e-02
 -3.19714665e-01  6.77108946e-01  9.64904066e-02 -1.09288718e+00
  3.66734231e-01 -6.58840450e-01 -1.29879200e-01  2.97245437e-01
  1.48482670e+00  1.05256824e+00  7.58350209e-01 -9.61300320e-01
 -4.11130240e-01  3.99132445e-01  6.78635385e-01 -1.18575510e+00
  3.23351008e-01  2.50119233e-01 -1.41452111e-01  9.55788625e-01
  5.64766994e-01  1.22750868e+00  6.07618040e-01  1.75626943e-01
 -1.94157242e+00  1.29180874e+00 -1.51431691e+00 -1.28692538e+00
  9.23351560e-01 -1.46828119e-01  1.79926653e+00  5.33614799e-02
 -5.67155901e-02  1.06191219e-01  1.94380864e+00 -2.94395926e-01
  1.00291230e+00  1.15241012e+00  1.14382913e+00 -4.18221075e-01
 -1.12423661e+00 -1.06618151e+00 -3.78037200e-01 -2.80213565e-01
  2.42870579e-01 -9.82170976e-01 -3.67022435e-01  1.59437220e-01
  6.61238580e-01 -6.57353132e-02 -1.65637439e-01 -9.39585588e-02
 -7.47668402e-01  1.93154712e-01 -1.18044384e+00 -2.46983801e-01
 -2.08268489e+00 -1.56887378e-01 -2.54657169e-01  2.53399926e+00
 -1.09220033e+00  2.35765851e-01  4.71615029e-01  1.72592214e+00
 -3.80823320e-01  1.36472345e-01 -6.11411283e-01  1.32620804e+00
  1.70283310e-01 -1.02556887e+00 -1.79079132e+00  1.20945991e+00
 -6.84874382e-02 -6.71214185e-01 -1.35206455e+00  1.02994155e+00
 -5.53621075e-01  4.52204480e-01 -6.87262687e-01  7.59701437e-02
 -4.14047941e-03  9.89930308e-01 -2.33413817e-01 -1.19302788e+00
  1.63927286e+00  5.90234757e-01  2.01400156e+00 -1.21302880e-01
 -7.76050181e-01  1.14939689e+00  7.93498281e-01 -7.83283221e-01
  4.74037584e-02 -6.54006793e-01  9.85234390e-01  3.27279643e-01
 -1.61216843e+00  1.22196427e+00 -1.03757615e+00 -9.31937870e-01
 -6.62804217e-01  1.29924977e+00  7.53485024e-02 -1.28637980e+00
  6.52330875e-01  1.28273298e+00 -2.68679847e-01  1.68623539e+00
 -1.09366157e+00 -4.55727417e-01 -8.23722423e-01 -5.22346505e-01
  8.59241345e-01  1.32230890e+00  7.81707657e-01 -2.84698308e-01
 -8.60936933e-01  5.07578256e-01 -4.28094142e-01 -9.79140791e-01
 -1.21716466e-01 -2.69348233e-01  5.06583409e-02  1.70055071e-01
 -1.51098174e-01  1.48241448e-01 -1.01415341e-01  7.18534409e-01
  1.31387500e+00  2.42687666e-01 -1.04090970e+00 -1.01057588e+00
  2.10604328e-01 -1.53703341e+00 -7.78824839e-01  1.11516038e+00
 -1.07904308e+00 -1.09499423e+00 -6.55081817e-01  8.89972774e-02
 -1.08644766e+00  9.92911137e-01  5.37316029e-01  6.71464998e-02
  1.07579288e+00  1.23483277e+00 -7.72734662e-01  5.03814419e-01
  5.99745445e-01  5.21288283e-01  2.63983834e-01 -1.22682317e+00
  1.12704435e-01 -2.03085936e+00 -1.81625375e+00  1.51292738e-01
  4.70846886e-01 -6.22665629e-01 -2.12647693e+00 -1.87091526e-02
 -7.15618375e-01  5.51716377e-01  1.34166799e+00  3.68818141e-01
 -3.94907500e-01  7.84017435e-01  1.15913734e+00  3.46022801e-01
  3.14232000e-01 -6.25609303e-01  2.28394438e-01 -1.35841137e+00
  9.15544376e-02 -1.43362774e+00  4.46222947e-02  1.19535849e+00
  1.47215211e+00  2.34964707e+00 -7.21478404e-01  2.24943674e+00
 -4.38632432e-01  1.07350219e+00 -5.12476315e-01 -1.30370355e+00
 -2.74121056e-01 -6.19423111e-01 -4.76428486e-02  7.72472933e-01
 -5.41013412e-01  6.87252171e-01 -1.45645918e-01  2.58014117e-01
 -1.63765503e+00 -3.86496059e-01  5.96266653e-01 -1.45118503e+00
 -3.60391217e-01  9.70233776e-01  8.45592453e-01 -4.96462569e-01
 -3.16439999e-01 -9.64683247e-02  4.31887507e-01  8.52262560e-01
 -1.45872253e+00 -3.60973836e+00  9.10877226e-01  7.92880477e-01
 -2.12725591e+00  8.27028830e-01  6.50274438e-01 -1.54733604e+00
  1.59569325e+00 -1.79348992e-01  8.63917486e-02 -1.01877511e+00
 -2.47968482e-01 -1.33452262e+00  1.07894618e+00  2.25976551e+00
  1.01220735e+00 -1.11736850e+00 -1.12813814e-02  8.08839077e-01
  8.51659048e-01 -1.56091143e+00  5.82051951e-01  5.63671669e-01
 -1.28749713e+00  1.95078737e+00 -1.32953442e+00  4.36916623e-02
  2.13289669e-01 -8.35584360e-01  1.03585147e+00  9.72842149e-01
 -8.74777773e-01 -5.23056119e-01 -8.40077927e-01 -8.86520337e-01
  3.55410150e-01  2.46110850e-01  6.51510580e-01 -3.25058334e-01
 -1.61279481e+00  2.10564849e+00 -2.55238073e-01  1.25287134e-01
 -1.72480994e+00  2.27769300e+00  2.28250479e+00 -1.59796888e+00
 -2.47872866e-01 -3.47487408e-01  5.58408630e-01  7.65755499e-02
 -2.71609605e-01  9.62564446e-01  6.91132379e-01 -4.24537074e-01
 -5.51414333e-02  2.13272472e+00 -2.63928560e-01 -1.33374055e+00
  8.24378629e-01 -8.65533613e-01  2.84793577e-01  1.32926845e+00
 -5.88695175e-02 -9.38374315e-01  5.19145786e-01  1.12513712e+00
 -1.53761210e+00 -1.09682683e+00  1.97729358e-01 -5.64592422e-01
  5.12924063e-01  5.11609716e-01  1.35789117e+00  3.80059582e-02
  8.01844768e-01  1.36702587e-01 -5.00469965e-04 -5.83882104e-01
  4.77462498e-01  1.85839118e-01 -1.18486606e+00  1.43457046e+00
 -8.43870948e-02  8.97492998e-01  4.86470927e-01  1.02417042e+00
 -1.01087133e+00  4.77726015e-01 -5.98559513e-01 -1.24658216e-01
  3.45985584e-01 -3.14721114e-02  5.29352947e-01 -2.24248457e+00
 -4.83806800e-01  5.84923032e-01 -1.62790045e+00  7.51785127e-01
  3.90587131e-01  3.21064122e-01 -2.48798165e+00 -3.92823072e-01
 -1.81005246e-01  3.75949757e-01  1.87266994e-03 -3.86825496e-01
 -1.31795125e-01 -4.32043786e-01  1.36021225e+00 -1.90510715e+00
  1.46336793e+00 -2.81324926e-01  7.18319125e-01 -4.72088126e-01
  7.26623699e-01  2.61745065e-01  2.51357994e-01  1.06424940e+00
  3.94149157e-01  7.17368077e-01 -3.21585961e-02  9.74626973e-01
  8.09977616e-01 -9.82750933e-01  9.29947235e-01  1.75721169e+00
  8.22918133e-01  5.23636765e-01  4.96030050e-01  5.16421852e-01
  4.15034422e-01  3.63369339e-01 -1.92003678e-01 -1.67551691e+00
  3.89285751e-01 -1.06468556e+00 -4.88853948e-01 -8.03507110e-01
  1.29133605e+00  3.18776652e-01  2.77545835e-03 -3.58333490e-01
 -1.20851925e+00 -7.20060906e-01 -5.64189422e-02 -1.54477386e+00
 -3.84645863e-01  1.18507748e+00 -6.63665076e-01  6.19531051e-01
 -7.49864136e-01 -1.52447003e+00  7.80845917e-01 -1.60981794e-01
 -6.12179159e-01  9.39255726e-01  2.47470554e+00 -1.53962705e+00
  4.63160381e-02  1.85983963e+00 -6.20536381e-01 -2.26038130e+00
 -1.02094196e+00  2.52195523e-01 -2.57703857e-01  1.70057753e+00
 -8.50568887e-01 -2.18997899e-01  1.24140521e+00  3.28305230e-01
  5.21164926e-01 -1.73074494e-01 -4.74835035e-01  1.18679605e+00
 -2.83861641e+00 -1.01496556e-01 -1.19987517e+00  1.45628442e+00
  7.22025494e-01  5.95473102e-01 -3.69565187e-01  1.42086444e-01
 -1.16500373e+00 -3.10019588e-01 -1.67843801e+00  2.27853235e-01
  1.93156744e-01 -3.49227849e-01 -1.64933379e+00 -9.02601402e-01
 -8.58143058e-01 -3.72760654e-01 -3.54273950e-01  4.79421029e-01
 -2.33365409e+00 -1.18851465e+00 -6.69389330e-01  5.15819894e-01
 -1.02037004e+00 -1.13848088e-01 -7.50654824e-01 -8.70769932e-01
  8.34867907e-01 -9.44397030e-01  4.80512491e-01 -3.13000083e-01
 -1.07671908e+00 -2.54603657e-01  6.88993533e-01 -7.32609328e-01
 -1.51798720e+00  1.55264933e+00 -6.95667022e-01  1.43303989e-02
  8.62749370e-01  9.59507243e-02 -1.06706105e+00 -2.81459753e-01
  1.14639023e+00  1.87389066e-01  1.12095219e+00 -3.00013300e-01
 -1.03547973e+00 -4.41688069e-01  5.75891863e-01  7.69356734e-01
  4.96388566e-02 -7.10222560e-01  3.61582135e-01  1.01122069e+00
 -7.81479713e-01  2.37362508e-01  2.57590446e-03  8.72098379e-01
  6.01556117e-01  2.45909787e-01  1.33038711e-01 -4.34041486e-01
  3.78736289e-01  3.02778487e-01  1.30977359e+00  1.15629183e+00
 -7.79930862e-02  1.86854706e+00  1.70266841e-01 -5.73955151e-02
  3.34685110e-01  1.06892334e+00  2.28263301e-01 -9.26581325e-01
 -1.65864054e-01  2.32746424e+00  1.93403786e-01 -1.32689134e+00
  6.10450155e-01 -1.43883009e+00 -9.18971852e-01 -4.01506921e-01
  1.94040456e-01  4.65417499e-01 -4.34274271e-01 -6.78388514e-01
 -2.67500183e+00  9.90694910e-01  7.15882537e-01 -1.21721321e+00
 -9.39436706e-01 -1.42850709e+00 -1.16067100e+00  1.07550726e+00
  8.95199102e-01  1.35037002e-01 -4.13837863e-01  1.03240812e+00
 -1.11502152e+00 -1.14048050e+00  9.96416862e-01  9.16214522e-01
 -1.16211137e+00  9.11073044e-01  6.31808702e-02 -7.23053351e-01
  7.17630212e-01 -9.79918198e-01  1.75220993e+00  2.27542828e-01
 -2.35757089e-01  5.01617978e-01 -1.50164124e+00 -7.16154714e-02
 -7.71097220e-01 -9.47524624e-01 -1.50964765e+00  1.32651419e+00
  1.31391867e+00 -9.03053033e-01  7.23645341e-01  1.00533716e+00
  4.11056338e-01 -6.31000748e-01  2.98183354e-01  1.44090567e-01
  4.43853128e-01 -2.15117763e+00  7.92570167e-01 -8.24902522e-01
  3.98207238e-01 -2.96975724e-01 -8.62613747e-01 -7.84718988e-01
  1.50152807e+00  3.18515427e-01 -1.51465210e+00 -2.12836794e-01
  7.18713159e-01 -1.67352901e-02  7.23271319e-01 -2.73699225e-01
 -1.37535772e+00  9.14851635e-01 -6.46678899e-01 -1.22855695e-01
  2.01545415e-01 -1.08463094e-02 -1.52095009e-01 -2.46381162e-01
  2.72748654e-01  8.06962529e-01  4.54109044e-01  9.08950503e-01
 -2.67790353e-01  8.11411407e-01  8.72958168e-01  3.75979629e-01
  1.55893228e+00 -3.67311030e-01 -8.84980010e-01 -5.92960891e-01
 -1.36766717e+00 -6.05584312e-01 -2.05909101e-01 -1.40825237e+00
  1.93707794e-01 -2.60499391e-01 -2.77330389e-01  1.93816111e+00
  1.14287411e-01 -3.85495906e-01  8.41120405e-01 -1.52778916e-01
 -9.25625107e-01 -8.46961559e-01  6.49683843e-01  3.34845173e-01
 -8.81955261e-01 -6.07021565e-01 -1.49277973e-02 -1.57822877e+00
 -4.30615401e-01 -4.44392914e-01  3.24753971e-01  8.85377050e-01
 -1.24386982e+00  1.07486175e-01  1.04260061e+00  1.99463146e-01
 -4.08410030e-02  7.41247633e-01 -1.48775587e-01  3.41871232e-02
  1.00485749e-01 -1.59237038e-01  7.83492221e-01  9.31620404e-01
  1.88802570e-01 -5.68572775e-01 -4.80103034e-01 -8.90595048e-01
 -2.69150327e-01  4.62293265e-01  3.36046215e-01 -8.03289298e-02
  1.31906704e+00  8.99490983e-01 -2.18320866e-01 -1.06996852e+00
  3.24936157e-01  9.39358490e-01  2.13357413e-01 -9.52898629e-01
  3.37975371e-01 -6.10907050e-01  1.57191795e+00  8.51761871e-01
  1.80235849e-01 -1.78788544e-01 -1.29107242e+00  1.30358593e+00
 -1.40575331e+00  7.34874788e-01 -3.95915958e-01 -8.41312451e-01
 -1.23047664e+00 -9.99895808e-01 -6.11402715e-01  3.15556452e-01
 -7.77754393e-01  1.27373128e+00 -8.62143794e-02  4.78554510e-01
 -8.10865371e-01 -1.36940276e+00 -2.11587985e+00 -1.30337054e+00
  2.53100328e+00  9.93522932e-01  9.03593698e-01  8.45470365e-01
 -2.50318708e-01 -5.69603600e-01 -6.67814775e-01 -1.21217503e+00
 -6.13254903e-01  2.70366128e-01 -8.91322828e-01 -6.53681855e-01
 -4.74835558e-01  1.04036978e+00 -7.53732695e-01 -2.66296541e+00
 -1.68447675e-01 -1.25402823e+00  6.07863919e-01  4.48458328e-01