 0.17569784 -0.16226309 -0.06045573  1.35295982  2.03156133  0.26377676
 -0.26621562 -0.44859438 -0.27673064 -1.63969362  1.35981675  0.78519218
 -1.02187955  1.19245169 -0.47772833 -1.33635723 -1.13005764 -0.06751394
  0.14948189 -0.41613568 -1.04488536  0.73577978 -2.52217091  0.53919553
  0.67782041 -0.31984499  1.39425691  0.91545821 -1.31928086  1.95758073
  0.79874464  0.57708472 -0.48825681 -0.11837071  0.62343703 -0.50073907
  0.67898331 -0.05751955  0.12855192 -0.11862859  0.06806014 -2.17974992
  0.38525251  0.10059724  0.08719758 -0.79798496  2.34440931  0.55901879
  0.08355589  0.71617693 -1.03586974 -2.34025179  0.00753044  1.40368032
  1.62112063 -0.54276832  0.41616345 -0.97398738 -0.38914245  0.54079162
  0.11112097 -1.8899273   0.76483305  0.3827552  -0.59420019  1.22935007
 -0.59528958  0.14901453 -0.72432508  1.17144142 -0.70308574  0.87774658
  0.55565109  1.41607913 -0.77957247  0.928214   -0.02596466  0.10742364
  0.24612039 -0.23192699  0.0221264  -1.81920248  0.24710761  0.54212283
  1.20336332  0.18905891  0.36475383 -0.4664363   0.90296431 -1.1755256
 -0.06699949  1.0197279  -1.25350321 -0.81662061 -0.42924063  0.22344648
  0.70392232  0.15930947 -0.17471696 -0.55317365  1.55298928  0.90071891
  2.28863687 -1.18831508  0.09673659  1.66912062  0.36735822  1.31234659
 -0.18369126  0.92386955 -0.07106871  0.48659517  0.57126103 -0.57158336
  2.1768991   0.91740962  0.26551861  1.5520753  -0.85438549 -1.00031281
 -0.69634468 -0.63937422  1.92387953  0.47612903  0.92329813  1.11444711
  0.75116783 -1.75036526 -0.19492095 -0.52031042 -0.20776586 -0.78698608
 -0.90190629  2.06740196 -0.59401221  0.56423199  0.91353254  0.60416927
 -0.47220087  0.80358261  0.28147279  0.22937687 -0.54603747  0.87416827
  1.73678003 -1.33414428  0.16519993  0.35158237  0.05689612  1.32573676
 -0.05302972  0.48523087 -1.45328352  0.80510219 -1.63834641  0.30585319
 -0.49526883  1.10203983 -0.5296143   1.07694026  0.31159877 -0.80841798
  0.41036229 -1.60026242 -0.18957435  2.32154516 -0.96509673 -0.51457882
  1.93872516  1.10802574 -1.06661315  0.47188009 -0.16583235  1.44084222
  2.01336506 -1.20500013 -0.55876457  0.51511762  0.72085861  1.48018532
 -0.25983081  1.07509483 -0.88522519 -0.31436485 -0.1809575   1.48520495
 -0.89409285  2.33154031  1.06839414 -0.47730091  0.13569541 -0.29340373
 -0.54880585 -0.7343249   0.08617157 -1.00307606 -1.64725684 -0.07293693
  0.87938033 -0.61208389 -0.02133234 -0.39041272 -1.02285312 -0.85205692
  0.13461756  2.20514184 -0.00772828  0.64279615  0.08225739 -0.96017632
  0.29618527  0.4603553   0.14963192  0.18426814  0.72937184 -0.2924481
  0.34663772  0.53730021  1.16880913 -1.11126628  0.05384382  0.5041957
  1.34654275 -0.47835791 -2.01663331 -1.3288978   1.11955987  1.46140119
  0.5327313   0.96968511  1.05581031 -0.06525317  0.08847614  0.57865017
  1.24190433 -1.56460298  0.41030239 -1.76257669  0.1205851   2.48874571
 -0.32422943 -0.66404568  0.1479426   0.27734653  0.03247521 -0.61428326
 -0.52341111 -0.79615842 -0.67383871  3.33012325  0.73589898  0.62063759
 -1.08168928 -1.35124955  1.60202708  1.02825278  0.0823282   0.29740573
 -2.2811411  -0.55547069 -1.78533868 -0.39038926 -0.05349556  0.67576834
 -0.16376271  0.4030047  -0.34147477 -1.29494299  1.55884329  1.43798972
  0.13165475 -0.5731957  -1.2816044   0.449516   -0.87721054 -0.93695936
 -0.49200879  2.24419565  0.41788638 -0.31464971  0.17180325  0.63098525
  1.41229516 -1.35641259 -0.1592389  -0.14671648  1.31682891 -2.25192955
 -0.20935979 -0.38229031  0.49578481 -0.34739656  1.21552365 -1.42340193
 -0.61050408 -0.41017596 -1.70750025 -0.05599665 -0.30862186  0.59341207
  0.53128917 -0.43622192  0.15315501  1.57537783 -0.03682185  2.36045062
  1.16529861 -0.84130659  1.21601659  0.36450872 -0.68308907 -0.7511224
  1.08601478 -0.91119467  1.03968638  0.89981724  0.69347612  0.44652861
  0.23692189 -0.8965369   0.89411282 -0.01467889 -0.41569919  0.95072288
 -0.18366981 -2.09337075  0.06867033 -0.66430854 -0.45917476  1.18631086
  0.81834984 -0.27573355  1.43710001  0.46279543  0.86791569  2.14423831
  1.20390699 -1.56577297  0.33565833  0.43844986  0.22435889 -0.53388303
 -0.28967344  0.74180348 -0.29348662 -0.07100825 -1.09014632 -0.07069768
 -0.22403351  0.97935949  1.66253882 -1.15634349  1.34449782  0.49203116
 -0.23325924  1.13865342 -0.59837115  0.31503559 -1.34032587  1.2135998
  0.57988317 -0.43829454  0.42699166  0.1358449  -0.07292915 -0.98571268
  0.82822109  0.77675844  0.50692934  0.86772323 -1.2483986  -1.77442816
 -0.76469622 -2.10545334 -0.53878419 -0.25530903  1.92599284  0.85285413
 -1.26430082 -1.08036554  0.40290348 -1.60483965 -2.17221092  0.75506339
 -1.1668342  -1.4695104   0.51661915  1.18003051 -0.02711844 -1.87556611
 -0.31690932 -2.12967618  1.11157487  0.18663988 -0.46025121  0.79683214
 -0.65051297 -0.42279912  1.38721904 -0.80349956 -0.46617157 -1.16875851
 -1.07520058  1.67725542  0.64755568  0.94532603 -1.44144599 -0.458002
 -1.20438063 -0.01334266  0.52836013  1.60451292 -0.10973846  0.79490103
 -0.01179095 -0.96790037  1.22601859 -0.4793469   0.34168388  0.69105421
 -0.45687384 -0.3339869  -1.35808752 -0.40660293 -0.70833568 -0.87972576
  0.79894391 -0.00398087 -0.86140336 -1.41744694 -1.48759825 -0.99486821
  0.3397634   0.58424735 -0.32901243  0.9100329   1.68758936 -0.52605084
 -0.71198171  0.93700328  0.2009177  -1.19188671 -0.56028344  0.03110999
  1.58346446  0.17128987 -1.55741814  0.51941654  0.75427508 -1.00878497
 -0.15267936 -0.64718288  0.26350891 -1.52497119  1.21674168  0.04008866
 -1.43155948 -0.22809744 -1.01236671 -0.18017455  1.87687061 -0.63363812
  0.20407778 -0.24342661 -0.71197138 -0.53896824  1.353647   -0.21006306
  1.08452277 -0.25289271  0.60743764 -0.10679681 -0.22015277  0.50660028
 -0.79250442  0.64742152  0.06766054 -0.23230373 -2.11007897 -1.02465395
  0.58441211 -0.64806236  1.64081885  0.78179324 -0.01361508 -1.51675165
  0.24585506 -0.62875964  0.48946269  0.78138947  0.18652931  1.23770995
 -0.21346953 -1.11110057  1.23730009 -0.89506307 -0.46511649  0.32305746
  1.98257997  0.03026145  1.36353634 -0.18441424  0.70928421 -2.35513061
  0.94540523 -1.09160302  2.29199361  1.18385144  0.83097745 -0.6401159
  1.01648446 -0.38964041  0.47233748 -0.15733514  2.61948495  1.66235366
 -0.2519437  -1.94136316 -0.65921041  2.52345956 -1.10345818  0.01319307
 -0.80623321 -0.13286321  0.23646015 -1.12346808  1.55580726 -0.59872799
 -0.03220877  1.77269049 -1.13062071 -1.47616414 -1.33434652 -0.32878184
  0.23580141 -0.45758453  0.23577768 -1.44765925 -0.92968253  0.48525822
  0.79953279 -0.73653825  1.30916989  0.11490996 -0.50071557 -1.25681944
 -0.13843035 -0.70789657 -0.78449216  0.24047936  1.07840528 -1.42634856
  1.05742158  0.13260065 -0.12513194 -0.45716771 -1.24557846 -0.13311746
  1.79754078  0.67306313 -2.20749757 -1.11815713  0.15893506 -0.47629807
 -0.49593117  0.15257028 -1.89381432  0.05212407 -0.61632936  1.7785286
 -0.48899892 -0.53885011  0.68018202 -1.0930059   0.43327788 -1.80347335
  0.29157324 -0.6109438  -2.63808383 -0.55399674  0.44255277 -0.36159222
 -1.62704426  1.17004622 -0.01015189 -0.55427412  0.1608243   0.10687532
  1.56436822  0.65299028  0.0517633  -0.8112857   0.14299303  0.14937648
 -0.78416343  0.45768996  0.33057081 -2.08377907 -0.07059608  0.55430591
 -0.00510824 -0.12352355  1.55544103 -0.89634853  0.37891362  0.70967067
  0.05291243 -0.39895203 -0.10817335 -0.26189843  0.09419529  0.0448429
  1.76840425 -1.13931308 -1.03891254  1.53098522  0.01858011 -0.54634842
 -0.2033683   0.5421649  -1.1890449  -0.39066187 -0.03827422  1.49044123
 -0.8493803   0.11986351 -1.13363208  0.60723971 -0.52281218 -0.70989347
  1.96980745  0.10490453 -0.16096432 -1.5228859  -0.90879812 -1.02648512
 -0.45151555  0.62775282  1.34430873  0.74581456 -1.20057353 -0.17492628
 -0.28770717 -0.65876602  0.37794065 -1.07798871 -1.20163045 -0.91865006
  0.96731201 -1.2029187  -1.32912641 -1.44352175  0.37289214 -0.70164366
  0.99583878  0.26485101  0.48416389  0.66654673  0.52305274  0.21643577
 -0.32251642  0.61078802  0.39628481  0.69164754 -0.91110278 -1.74457769
  0.90482926  0.0197583   0.3483123  -2.43196262  1.47510947 -1.17713593
 -1.44247809  0.22767906 -1.44356052 -1.28905244 -0.94915788 -1.5685178
  0.14737539  0.22742969 -0.39647751  0.22031529 -1.12765866 -0.02778404
 -1.2328835   1.83493871  0.56136669 -1.03313756 -0.20454368  1.7553498
 -3.27851262 -1.89423468 -0.53763764 -0.34347926  0.42369055  0.24186981
 -2.11830866  0.27407859  0.59753859 -0.88384949  0.25777273  0.35671838
 -1.05368936  0.66199205  0.88267853  0.32916838  0.21736444 -0.77936635
 -0.70436872  1.12590717  1.18126655 -0.47340584  0.14962586  0.67259894
 -0.45717239 -0.07905591  0.68440896  0.51727531 -1.23433004 -0.27022231
  1.69433261  0.93670415 -0.78043476  1.33075815  1.07177019 -2.64052612
  0.93609643 -0.7329333  -1.35509493 -0.17150929  2.04189731 -0.88674481
  0.97723173 -2.21380561 -0.73071142  0.08876906 -2.20563067  0.53903298
  1.42385214  0.43906716 -1.56372162  1.67958362  0.04347702  0.53170702
  0.40333153  1.32153791 -0.07465752  0.06061615 -0.46474596 -0.3049319
  0.24512268 -0.41795434 -0.69768194  0.52014154 -1.64093346  1.11615944
 -1.03428902  0.05229954 -0.3539665  -0.04289747 -1.46481568 -0.82200541
  0.03862309  0.60637982  0.46280973 -1.06343735  0.9719816   0.69557784
 -0.20047177  0.23018039  0.29951516  0.34359579 -0.98005429  1.4953643
 -0.28645803  0.17811906 -1.01457588 -0.59997721 -0.22342572 -0.84121268
  0.81450399 -2.35523038  0.85517081 -0.42093733 -0.72984044 -1.39202283
  0.870673    1.29167345 -3.44049716  1.02663651 -0.39260254 -1.07929256
  0.74273835 -0.43245041  0.41872247  0.03986619  0.31670481 -0.86565073
  0.02834217 -0.04107464 -0.0520687   1.1014496   0.80832004  0.73758955
  1.78134155  1.74989316  0.53751342 -0.2989422   0.85178887 -0.98552611
 -2.09800792 -1.47870407  1.78652036  0.94687972 -1.11722803  1.35388794
 -1.07117043 -0.20482332 -0.78517278 -0.06144361  2.05386956 -0.10143204
 -0.1327657   1.95264093 -0.26881393  0.80854072 -0.51085628 -0.10501296
  1.30073334 -0.32020924 -0.63214155  0.60976094 -0.65994479 -0.39876963
 -1.57594201 -1.06998427 -0.96806436 -1.64917889 -0.42823921 -0.77599211
 -1.2912942   0.46054024 -1.42885678  0.00837015  1.22139423  1.84415895
 -1.35795593  0.43361093 -0.35928479 -2.04076338  0.0477107   0.41599987
 -0.4518635  -0.8512486   0.18295204 -0.17054018  0.32297665 -1.26874233
 -0.09990596 -0.92815985 -0.33308902  0.0997379   1.78105047 -0.06705631
  1.45356451 -0.99983459 -0.36748668  0.37222569 -1.22460044  0.1155936
  2.92543863  0.74792058  0.21342055 -1.65885703  0.80772521 -0.32974338
  0.2525444   1.01212213 -0.25246863 -0.44617093 -1.25912207 -0.79459119
 -0.60935826 -1.76438387 -0.8520286   0.03221755 -0.80916149 -0.21605625
 -1.48588249 -0.47558908  0.75958783 -0.39267946 -1.54110104 -0.74000687
 -0.86564187 -0.87746598 -0.62188199  2.33342658 -1.89697017  0.74304772
  1.33996048 -0.59568257  0.87321179 -0.51734552  0.51232375  0.89963337
  0.00542328 -0.0864379   0.11857583 -1.86675292 -0.67175137 -1.17451136
 -0.00751277 -1.35490391 -1.31269223  0.22489654  0.56123128  0.85425327
  0.29083017  0.35538775  0.83371108 -0.40466609  0.03382362 -0.37121022
 -0.36075123 -1.57141149 -0.30891466  0.29313048  0.05734086  0.85424475
  0.11146871  1.11888214 -0.52134799 -0.63923691  0.35476653 -0.56833017
 -0.12795772  1.15110248  0.82561818  2.00784359  1.56956618  0.24040445
 -1.66817367 -0.47523167  1.68927291  1.04268068 -0.55258033 -0.01957986
  0.84147402  0.23062584  1.13966406  0.65977204 -1.44278256  1.54693773
 -0.10436491  1.00343084 -0.93895734  0.52589722 -0.11528818  1.07133725
 -1.63019549  0.88557767 -1.58405144 -0.13676019 -0.14086673  1.65876226
  0.07199103  0.56390652 -0.87047678 -0.53672753  0.85807454 -0.24654822
 -0.46634965  0.31878253 -0.49251077  1.6087221  -1.12229465 -0.39356495
 -0.0858304   0.13798817 -0.48487734  0.77586698 -1.50109058 -0.70619305
  0.9492872   0.07034812  1.1624086   0.03272804  1.57787868  0.61191306
 -0.50252942  1.05048532 -0.58561433 -0.08294577  0.04544242 -0.32372863
 -0.76858142  0.3026097  -1.60991877  1.89040562