-8.45002191e-01  3.73103456e-01 -3.72318473e-01 -4.97234323e-01
 -3.88987199e-01  5.53846421e-02  1.34378896e+00  1.51872685e+00
  4.58619629e-01 -2.27084849e-01  1.72741629e+00 -1.85827140e+00
 -1.25187773e+00  3.52615308e-01 -1.42151803e+00  4.34295628e-01
  1.28322791e+00 -3.65182065e-01  1.26782482e+00  6.64869274e-01
 -4.46623376e-01 -2.16994559e-01  2.97008396e-01 -7.07226780e-01
 -5.92802939e-01  9.26276254e-01 -1.65447556e+00  1.84677606e-01
  1.64262522e+00  3.14212978e+00 -2.61888607e-01 -1.09104829e+00
  3.59012204e-01 -7.95224142e-01 -3.24391090e-01 -7.73276684e-01
  1.28725326e-01  1.53476725e+00  1.40215999e+00 -1.10564895e+00
  7.70058723e-01 -5.59407343e-01  1.99739057e-01 -9.02205748e-01
 -4.35792552e-01  1.04797057e+00 -1.87129552e+00 -9.86679569e-01
  3.04049026e-01  3.48863786e-01 -1.86400643e+00 -1.78809806e-01
  3.65834466e-01  2.71964524e+00 -9.45705501e-01 -1.49119868e+00
  5.98569156e-01 -1.54737841e-01  3.88429634e-01 -4.85177147e-01
 -1.86935354e-01 -2.96244081e-01 -8.66991507e-01 -2.36391915e+00
 -4.86233879e-01  5.47632352e-01 -7.27796731e-01  2.42554496e-02
  5.01055901e-01 -5.36278887e-01  8.89831227e-01  9.05425598e-01
  1.65382077e+00  4.21055040e-01  9.77250371e-01 -3.23817527e-01
 -1.42913556e+00 -1.14881824e+00  1.24846616e-01 -1.58813367e-01
  6.68416875e-01  3.74081488e-02  4.90686424e-01  1.48352705e+00
  4.08227767e-01  1.05188513e+00 -5.15964058e-01  4.63771145e-01
 -1.04336131e+00  7.44226322e-01  1.26433273e+00 -4.47741262e-01
 -1.88482022e+00  1.94087457e+00  1.23077650e+00  1.10266426e+00
  1.34503272e+00 -1.40838605e+00 -1.25726059e+00  1.04499336e+00
  8.17300424e-01  1.62447047e-01 -5.64484617e-01  7.65952372e-01
 -5.33138722e-01 -3.36048324e-01 -7.85295227e-01 -1.17286143e+00
 -2.05140140e+00  3.60687164e-01 -8.60536876e-01 -4.77475804e-02
  8.91809713e-01  1.44115563e+00 -9.53895357e-01 -9.63899832e-01
  6.35118599e-01 -7.41807238e-01 -4.74824407e-01 -6.49120844e-01
 -7.25904154e-02  6.10414281e-01 -2.74865588e-02 -1.07835801e+00
 -1.04005300e+00 -5.77478388e-02  9.23607854e-01 -4.72100928e-02
  1.34407371e+00  1.82102285e+00  7.67012505e-01 -1.36805566e+00
 -2.06390935e+00  4.30112512e-01 -4.32496899e-01  4.06744611e-01
  2.46014255e-01 -4.07821329e-01 -1.22905478e+00  8.58907252e-01
  1.12309468e-01  1.17280522e+00 -1.23653780e+00 -9.11391111e-01
  7.47822545e-01 -6.13018673e-02 -2.26481380e-01 -1.09005287e+00
  8.50062728e-01  4.91207176e-01 -1.21558124e+00 -2.61049242e+00
  5.64708971e-01  8.17454201e-01  8.65091979e-01 -1.42825541e-02
  4.29134405e-03  1.28178007e+00 -1.08290207e-01 -2.34898645e-01
  7.40182656e-01 -1.92146084e+00 -2.07069316e-01  1.30155110e+00
  5.30446407e-01  1.41306135e-01 -1.06635339e+00 -1.21331849e+00
 -4.27746485e-02  7.84710877e-01 -5.79027238e-01  5.98234711e-01
  2.52338512e-03  9.82261772e-01  1.47692752e+00  2.60331804e-01
  1.83331343e+00 -3.36263748e-01 -3.13970079e-01  4.74094461e-01
 -6.07596238e-01 -2.80552753e-02 -1.67476138e+00 -9.50630800e-02
 -3.36776394e-01  1.34393106e+00  1.61268439e-01  8.10139831e-01
 -1.35503033e+00 -7.95785978e-02  1.49888355e-01 -4.88801723e-01
 -1.17202909e+00 -4.40621945e-01  1.19586460e+00 -9.72411882e-01
  4.23367753e-01  4.21076579e-01  7.09219615e-01  4.50990717e-02
 -5.69830087e-01  1.60239269e-01  7.65151156e-01 -1.05195985e-01
  1.57546317e+00 -7.90467137e-01 -3.25912805e-01  2.77964387e-01
 -5.60939831e-01 -7.11418998e-01  3.57964034e-01 -5.62299879e-02
 -1.08055990e+00  8.28607685e-02  2.45888574e-01  7.94710185e-01
 -1.60600289e+00  1.41272557e-01 -3.84317655e-01 -6.03369713e-01
  1.56983487e+00 -1.02448841e+00  9.36711246e-01 -1.29818960e+00
 -7.18455014e-01 -8.24625862e-01 -5.92140236e-01  1.12171794e-01
 -5.72897959e-01 -7.37660615e-01 -1.57475019e-01  8.87533589e-01
  1.03449003e+00  7.22560798e-01  5.51883150e-01 -1.30031318e+00
 -2.69484171e-01 -5.53371733e-01 -1.02305955e+00 -1.33783492e+00
 -3.81158775e-01 -9.17990574e-01  2.67548138e+00 -1.60087814e-01
  5.36014117e-01  9.28515133e-01 -1.27014198e+00 -9.11328609e-01
  2.51390542e-01 -2.54620555e-01 -1.97667056e+00  4.80546025e-01
  1.43089167e-01 -2.34654803e-01  5.42487132e-01 -9.32347443e-01
 -7.84682581e-01 -6.32769452e-01  7.04675336e-01 -1.81350588e+00
 -1.20189821e+00 -2.06450227e+00  7.32709921e-01  1.00465266e+00
 -1.14062425e+00 -1.32439587e+00 -1.74140204e+00 -7.09753984e-01
  1.67647368e+00  2.25737861e+00  8.87997057e-02  1.59948656e+00
  2.62814679e-01  5.11189881e-01 -5.30665398e-01  1.88310237e+00
 -7.87121102e-01  1.22923333e+00 -6.96513645e-01  7.33037135e-01
  1.35391595e+00 -2.39586964e-01 -4.12554220e-01  9.20356931e-02
 -1.50397582e+00  4.99504367e-02 -4.17392735e-01  1.20899386e+00
  1.35300850e+00  2.66393667e-01 -3.36838339e-01  2.53886729e-01
 -7.61092764e-01  3.82779575e-01 -5.20300493e-01 -8.95196070e-01
  4.78041679e-01  1.24452838e+00 -1.63102714e+00 -5.85041023e-01
  8.96838481e-01 -2.54642500e-01  7.27515429e-01  5.22927181e-01
  5.74385603e-01  4.59839035e-01 -3.15181044e-01  1.14660476e+00
  1.71258941e-02  3.70474409e-01  7.72456004e-02 -1.90308179e+00
 -8.28533427e-01 -1.54293490e+00  4.46285059e-02  1.39372036e+00
 -1.20434798e+00 -2.46965684e-01  1.92828103e+00 -8.69180395e-01
  6.95305336e-01 -8.82072888e-01 -7.31262113e-01 -1.02097141e+00
 -2.02782188e-01  1.02664323e+00 -1.76219193e+00 -1.33755295e-01
 -5.75765066e-01  7.07063887e-01 -1.98884688e-01 -1.54811024e+00
 -3.33228155e-01 -3.40309496e-01 -1.82623613e-01  8.91081268e-02
 -1.40362523e+00 -1.38718933e-01 -9.60641293e-01  1.76362772e-01
  2.83518143e-01  5.92749566e-01 -5.46266768e-01 -3.69059483e-01
  9.47544036e-01 -3.46555099e-01  3.21721613e-01  6.12718787e-01
  1.69048485e+00 -2.44366481e+00  5.14198915e-02 -1.27577362e+00
  6.43896076e-01 -6.18714380e-01  1.99026269e-01  3.98544870e-01
 -1.19684938e-01  9.53515611e-01  3.31973625e-01  1.21258528e-02
 -1.24162535e-01  2.04701088e-01 -1.47935257e+00  2.57450098e-01
  1.17470057e+00  2.06261801e+00 -1.22850893e+00  5.84071335e-01
  8.41797978e-01 -7.61799464e-01  6.33083226e-01  1.02755650e+00
 -2.92292295e-01 -4.70408330e-01  3.55109103e-01 -2.01079036e-01
 -1.76932640e-01  3.52981009e-01 -1.38227459e-01  1.77860456e+00
 -7.84726984e-01 -4.62418145e-01 -1.55192241e-01 -1.28160623e+00
  2.38079118e-01  5.81799248e-01 -2.52073110e-01 -2.71194244e-02
  4.61906819e-01 -5.83113725e-01  1.24155322e-01 -2.74527981e-01
  1.19831802e+00 -5.07651888e-01 -2.67046485e+00 -2.43851706e+00
  4.95081658e-01  2.47348871e-01 -3.57860825e-01 -9.83868232e-01
  1.55710704e+00  1.32749149e+00  2.20384323e-01  1.59102449e+00
 -1.51757241e-01 -1.23538113e-01 -2.40958642e-01  5.62009758e-01
  1.78815673e-01  1.17135867e-01 -7.24793291e-02 -5.49663845e-01
 -5.96729501e-01 -1.70395877e+00  8.63375419e-01 -1.84744353e-01
 -2.19930222e+00 -4.80478911e-01  1.62482171e+00 -5.12600855e-01
 -8.81163450e-02  1.09617435e+00 -4.14124199e-01  1.74202600e+00
 -7.64175123e-01  4.40170244e-01  6.73129706e-01  8.50531206e-01
  9.31835654e-01  9.98035479e-01  4.48924292e-01  4.84607814e-01
 -1.49824208e+00  1.30332308e-01  9.63083251e-02 -2.01371689e+00
 -2.98298983e-01  1.30406549e+00  6.90597891e-01 -1.88231247e+00
  6.22543689e-01  5.93944403e-02 -5.20718643e-01  9.79432338e-01
  4.49723122e-01  1.57519014e-01  5.93468592e-01  6.09669674e-01
  1.81910673e+00 -2.09969312e+00 -8.96675614e-01  2.74459395e-01
  5.43490536e-01 -5.80842464e-01  1.64610767e-01 -1.34735654e+00
 -8.82177842e-01  3.03496700e-01 -4.58803542e-01 -2.35166933e-01
  1.46478159e-01  1.40479977e+00 -1.71912361e+00 -3.85215177e-01
  6.68378140e-01  7.65732852e-01 -1.56300001e-01  2.28446573e-01
 -4.10961902e-01 -1.10420804e+00 -1.13952583e+00  2.27638335e+00
 -6.57751470e-01 -2.87533323e-01  1.17547946e+00 -3.42158782e+00
  6.62618671e-01 -1.98620725e+00 -1.02181663e-01  2.23988480e-01
  1.09161511e+00  3.66656633e-01  1.25172154e-01  3.46272320e-01
 -6.42157255e-01 -6.97181765e-01 -7.88983710e-01 -8.11325816e-02
  1.10719261e-01 -1.67282676e-01  4.96021131e-01 -5.61720570e-01
 -9.58151761e-01 -1.59684081e+00 -8.58095778e-01 -1.92715436e+00
  1.82938817e-01  8.27426272e-01 -4.96679584e-01  4.99016561e-01
  1.25835963e-01 -2.34194890e-03 -1.50743543e+00  3.40714251e-02
 -6.92529846e-01  2.32220459e-01  2.31900983e-01 -1.12736121e+00
 -1.00005627e+00  1.08112526e+00 -1.09065097e+00  7.17065695e-01
  1.29623838e+00  4.26022965e-02 -1.47065866e+00 -2.20975817e-01
 -7.03535932e-01 -1.34779419e+00 -1.61801641e+00 -5.39815896e-01
 -2.58759710e-01  2.86766436e-01  2.51712880e-01  8.27638430e-01
  2.01503858e-01  1.25289941e+00 -5.31357314e-02  8.26300945e-02
  3.21346478e-01  2.14885071e-01 -5.31912483e-01  1.56074230e+00
 -2.29553156e+00  4.44051586e-01  5.02082777e-01 -2.74984276e-01
  9.41595094e-01 -1.13033124e+00 -3.87367932e-02  1.48147738e-02
 -1.16630210e+00  8.05890863e-01 -2.82643308e-01  3.18826356e-01
  2.09878606e-01  1.25665324e+00  5.42078849e-02 -1.90658408e+00
  4.69579523e-01  2.02608803e+00 -2.77427372e-01 -6.83077215e-01
 -1.20365846e+00  4.76499098e-01 -3.47139261e-01  4.37592276e-01
 -3.99334392e-01  3.09204756e-01  5.17165208e-01  1.03986052e-01
 -1.74401359e-01  1.56515684e-01  1.65066693e+00 -2.15220645e+00
  5.34390984e-02  9.70767634e-01 -1.30324233e-01 -1.32453974e+00
  5.18158219e-02  3.97565266e-02  8.96409398e-01  1.69789537e-01
  8.03958310e-01  6.36787320e-01  8.06088240e-01  4.44197552e-01
 -7.39200770e-02  3.16442492e-01  1.28927724e+00 -1.06417102e+00
 -1.66965607e+00 -4.62490910e-01 -3.24821202e-01 -2.21235482e+00
  1.91234779e+00  7.13089133e-01  1.63735773e-01 -1.74639254e-01
 -5.56405476e-01 -1.89773499e+00  1.46998908e+00  1.90667850e+00
  6.64894950e-01  2.50232519e-01  5.66553576e-01 -3.69754390e-01
 -2.31095194e+00  8.21713453e-01 -5.51876915e-04 -1.43987294e+00
  2.31786841e-01 -4.24109718e-01  1.14594864e+00 -5.14465348e-01
 -3.62323013e-01 -1.14594000e+00 -7.17596083e-01  2.69373930e-01
 -6.56345886e-01  2.03241358e+00  5.66089637e-01  3.71012013e-01
 -1.38096943e-01 -9.40936450e-01 -5.01890401e-01  1.50683768e+00
 -2.05417335e-01 -8.00125930e-01  1.44098664e+00  3.71068561e-01
  4.44291348e-01  8.65702372e-01  1.07374999e+00 -2.82690517e-01
  1.02823639e+00  1.53013466e+00  1.19572635e+00  3.74123611e-01
 -5.73277166e-01 -1.90114777e-02 -1.58612253e+00  7.29480801e-01
  1.21869092e+00 -1.20938954e-01 -1.25183829e+00 -1.39005403e+00
 -5.90736814e-01 -6.28393432e-01 -2.49092083e-02 -3.36657032e-01
  2.72762164e-01  1.50639591e+00  4.60500761e-01 -1.19756647e+00
 -1.53483623e+00 -4.66506624e-01  7.21773982e-01 -3.68938183e-01
 -1.37242223e+00 -1.07634123e-02  3.13386800e-01  5.18645293e-01
  7.32313018e-01  4.82260399e-01  4.32082120e-01  1.45532973e+00
 -2.33870676e-01  7.50707451e-01  1.83179025e-01  5.84992172e-01
 -2.55722505e-02 -1.45325644e+00  1.24423306e+00  6.14424388e-01
 -1.63107790e-01  1.45863526e+00  1.50308557e+00 -1.18845245e+00
 -4.33823728e-01  1.99332523e+00 -2.15305423e+00 -8.66973453e-01
 -9.53752062e-01 -1.95839349e+00  5.05005917e-01 -1.07816695e+00
  3.39267863e-01 -5.09183621e-01 -1.32344084e-01  1.13318576e-01
 -1.51991159e+00  4.70572116e-01  1.73478403e-02  1.78080421e+00
 -5.75649913e-01 -1.00483706e+00 -1.27277405e+00 -5.64212413e-02
 -5.86917907e-01  1.81649808e+00 -1.34477752e+00  5.97713711e-01
 -1.57284342e+00  2.90929079e-02 -7.77133909e-01  1.87448781e+00
  1.34930605e+00 -4.72941815e-01 -4.69558097e-01 -2.90013235e+00
  8.64117820e-01  1.06425310e+00  1.46682631e+00 -1.52593654e+00
 -1.57366017e-01  6.81296122e-01  1.37645441e+00 -6.36211240e-03
 -8.31953527e-01  1.84416203e-01  2.59591005e-01  9.14889977e-01
  3.53608198e-01  1.50817466e+00  8.55023599e-01 -1.70728129e+00
 -4.05211732e-01 -5.21795808e-01  1.67744875e+00 -2.40456333e-01
  5.13561894e-02 -9.38463710e-01 -2.77087750e-01  3.49245261e-01
 -8.85858258e-01  2.11227728e-01  2.03210954e-01  2.78532854e-01
 -8.15161864e-01 -5.97957918e-01 -3.86917587e-01 -1.39152685e+00
 -9.21872887e-01  1.60157409e+00 -1.44099566e-01 -2.25659072e+00
 -5.76954330e-01  1.14256447e+00  5.75669509e-01 -4.71692422e-01
  1.22760546e+00  4.45999459e-01  6.93538803e-02 -8.33141303e-01
  7.59531289e-02 -8.76294965e-01  1.60545526e+00 -2.07067552e-01
  3.70438799e-01 -3.70053825e-02 -1.06650558e+00  1.01109331e+00
  6.09791692e-01  1.44893415e-01 -1.05410509e+00 -4.17104558e-02
 -9.04035644e-01  1.22666161e+00 -1.86789633e+00  6.22649866e-01
  7.55682802e-02 -4.93400765e-01 -2.26178577e+00  4.24111709e-01
  1.99442916e+00  1.35943063e+00 -9.60217088e-01  1.52865458e-01
 -3.43459760e-01 -4.30892182e-01  1.29576545e+00 -1.67393371e-01
  1.11532876e+00 -5.94477579e-01  2.21000257e+00  2.83795329e-01
 -1.24516337e+00 -5.30957773e-01  8.10971372e-01 -5.53244762e-01
 -8.54670016e-01  5.01997101e-01 -1.41568419e-01  2.29063872e+00
 -9.71772962e-01  7.13278419e-01 -1.51503948e+00 -4.50104581e-01
 -2.65306870e+00 -3.27988107e-01  7.93451058e-02 -1.41550503e+00
 -2.30134406e-01 -1.12080810e-01 -1.29175582e+00 -1.11673505e+00
 -9.92911732e-01  9.01379700e-01  5.72798144e-01 -1.83755861e-02
 -8.64710464e-01  9.49696703e-01 -9.22009577e-01 -7.29648636e-01
 -9.71739752e-03  1.19095221e+00  3.33220881e-01 -4.88191805e-01
 -3.11406957e-01 -8.32671135e-01  3.15671058e+00  1.32070560e+00
  6.58541748e-01  1.68678132e+00 -4.13494840e-01 -2.74711235e-01
  9.10009399e-01  9.14209232e-01  6.98642204e-01 -1.04279576e+00
 -3.39930906e-01  1.11998327e+00 -7.07802976e-01 -3.38370301e-02
  4.52875072e-01  1.83371452e+00  1.59011571e+00  7.16830461e-01
 -2.20815366e-01 -2.37117964e+00  2.17094713e-01  1.50547675e+00
  1.18022009e+00  1.74347063e+00  2.35414189e-01 -1.21145958e+00
  2.77204703e-01 -9.11510625e-01  6.82627117e-01  3.23121005e-01
  1.32791258e+00  4.98241721e-02 -7.90217977e-02  6.88296669e-01
  3.17113652e-01 -1.72637119e+00 -8.46712509e-01 -4.85186127e-01
  4.89369840e-01  2.23359895e+00  3.57556568e-01 -1.15625775e+00
  2.29510150e+00 -9.48095832e-01 -7.71813724e-01  1.57201934e+00
  2.81754422e-01  1.09561555e-01  1.51670606e+00 -3.82044880e-01
 -1.15975976e+00 -1.97656910e+00 -8.18527844e-01  8.08108770e-01
 -1.01487289e+00 -4.48959058e-01 -1.55684063e+00 -3.38784550e-01
  4.90835078e-01 -9.53116395e-01  4.68315013e-01 -6.92122634e-01
  2.29719046e+00 -1.72608472e+00  1.59865431e-01 -5.59612600e-01
 -7.39876591e-01  1.48695242e+00 -5.13482918e-01  7.06306687e-01
  3.12055005e-01 -6.28403751e-01 -7.28885700e-02 -1.71425170e+00
  9.48574172e-01  1.11709163e+00 -1.18728428e-01 -2.08588114e+00
 -1.89125253e+00  1.55222447e+00 -2.53300062e+00  1.52546153e+00
 -1.86653588e-01 -5.51259739e-01  5.88053451e-01 -6.23951654e-01
  6.46920021e-01  1.56272281e+00  3.90375817e-01 -2.63115768e-01
  4.75689896e-01 -5.77116040e-01  1.22020003e-01 -1.12832737e+00
  1.66795981e-01 -6.41309982e-01  9.83424301e-01  2.04799270e+00
 -9.48713332e-01  1.57553030e-02  7.81586567e-01  1.33953698e-01
  2.14481497e+00  1.47914724e+00  8.59294375e-01 -2.46235388e-03
 -6.02318000e-01  1.31362458e+00 -1.14498100e+00 -1.69302934e+00
 -1.67545402e+00 -1.26174738e+00  9.39536396e-01 -1.01800489e+00
  2.64325937e-01 -8.17942094e-01 -9.89000519e-01 -2.22050832e-01
  3.71642702e-01  5.08863566e-01 -5.84180102e-02  8.65389348e-01
  8.85765801e-01  1.02154279e+00 -6.84898792e-01 -1.28462177e+00
 -9.93115157e-01 -7.91248330e-02 -3.12008969e-01  8.99633600e-02
  5.77530662e-01  5.86036399e-01  3.53561667e-01  1.26932954e+00
 -1.08096206e+00  1.55364515e-01  1.19550808e+00  4.98364952e-02
  8.29673000e-01  1.72782786e+00 -6.79244677e-02  1.62334005e-01
  1.68038769e+00  1.87629758e+00  4.50335592e-01  6.94884583e-01
 -2.05233552e+00 -1.90180363e+00 -1.40993121e-01 -8.02548140e-01
 -7.44669826e-02 -2.68977942e-01 -1.23099966e+00 -6.19191063e-01
 -7.21118083e-01  4.98689815e-02 -6.66553197e-01  5.03293906e-01
 -8.61851912e-01  4.01546408e-02 -1.00366360e+00  2.04233819e-01
  6.80024496e-01  3.36474037e-01 -1.67500018e-02 -9.41832345e-01
 -1.76904811e-01 -5.25252510e-01 -1.86427876e-01  1.67930670e+00
  2.33224557e-01  8.06578401e-01 -2.11635352e+00  1.20954550e+00
  4.73661838e-01 -7.54989878e-01 -8.68268054e-01 -2.39335830e-01
  1.31840111e+00  1.45972652e+00 -1.03135197e+00  2.18478412e-01
  9.78285493e-01 -7.43796556e-01  2.69506232e-01 -2.42932327e+00
  2.28041796e+00  9.78238028e-01  8.05756770e-01 -7.31143055e-02