-1.64422841e+00 -1.74141560e+00 -3.02612212e-01 -1.03515450e+00
  8.22030744e-01  1.90848377e+00  3.41032507e-01 -4.60742235e-01
 -8.16296468e-01 -2.23210636e+00  9.57724076e-01 -7.41592154e-01
 -9.50947633e-01  2.84647852e-01  8.81042480e-02  9.39143842e-02
 -1.05184966e+00  1.93077497e+00  2.88785254e-03  4.45354090e-02
  1.24405009e+00  2.39977363e-01  5.77629225e-01 -3.23479978e-01
 -1.04435869e+00 -4.44950575e-01  9.64395553e-01  3.83637878e-01
 -2.83515066e-01 -1.08263108e+00 -1.69214370e+00  4.83222766e-01
  1.82118873e-02 -1.17493541e-01  5.35358592e-01 -4.02933823e-01
 -9.43369932e-01 -1.37403347e+00  8.37532434e-01  3.34602805e-01
 -1.48799690e-01 -4.69881861e-01 -9.21180813e-01  2.08483723e-01
 -8.59936838e-01 -1.63329514e+00 -1.34761966e+00 -3.82370877e-01
  2.41293422e-01 -1.15234763e+00  5.53846782e-01  4.84749706e-01
  7.82691117e-01  1.14476013e+00  5.08849775e-01 -2.45937495e+00
  1.75351217e-03 -8.25120983e-01  1.11056078e+00  8.14623529e-02
  2.31331875e-01  1.39413233e-01 -1.01549140e+00  2.36432681e-01
  2.60301483e-02  8.29115489e-01  4.42295730e-01 -2.71472665e+00
  1.81451703e-01 -1.33783042e+00  7.53615854e-01 -1.13005010e+00
 -5.75097753e-01  1.76270434e-01 -5.76822437e-01 -9.04480346e-01
 -2.34052778e-01  8.29878816e-01 -6.47047860e-01 -2.48784911e-01
  1.99424206e+00  8.13019243e-01  1.33673859e+00 -1.47616757e+00
  1.30291234e+00 -5.84801572e-01  6.27783779e-01 -1.51689419e+00
  7.61052009e-01 -2.16894717e+00  1.04908339e+00 -1.28177618e+00
  9.73027663e-02  2.29415494e-01  3.88847664e-01 -2.18963434e-01
 -5.08024776e-01 -3.10141437e-01  1.73369052e-01 -9.87113161e-02
  3.39672794e-01 -3.87322439e-02  3.93499207e-01 -1.47666802e+00
 -4.11464883e-01  7.62360166e-01  1.30043141e+00  1.28142939e+00
 -4.88404610e-01  9.59760740e-01 -1.25123122e+00  4.02069275e-01
 -1.39818276e+00  6.28230286e-01 -2.36260112e-01  4.99684277e-01
 -8.05149844e-01 -1.15152293e+00  3.48683591e-01 -5.82276079e-01
 -9.42158179e-01  2.60235169e-02  1.19140260e+00 -1.44100756e+00
  6.25205822e-01  2.34784976e-01  1.05737440e+00 -2.98549572e-01
 -9.33338715e-01  9.99450693e-01  1.24249840e+00  2.28213464e-01
 -1.81531831e-01  6.93294603e-01  5.83792373e-01  3.34941913e-01
  1.24250475e+00  8.50280353e-01  4.99634655e-01  3.80002909e-01
  3.96583580e-01  1.21267179e+00  3.62295964e-01  4.52584564e-01
 -1.52815088e+00 -3.86197627e-02  8.87479776e-01  1.31135515e+00
  6.79872191e-01  5.07597591e-01  1.28544822e+00 -2.80695524e-01
  1.16814680e+00  2.36257641e-02  1.74060811e-01 -8.66634516e-01
  1.75042233e+00  1.69767784e-01 -2.64409533e-01  1.79975852e+00
  5.51352795e-01 -5.75534759e-01  1.04962044e+00 -2.17392041e+00
  1.27129547e+00  1.28354273e+00 -1.37751180e+00 -2.71374297e-01
 -1.74403565e-01 -4.62140617e-01 -2.01011629e-01  1.50846054e+00
  2.04601843e+00  5.93486142e-01 -2.19850354e+00  2.16966563e+00
 -6.97730394e-01  6.56624062e-01  2.38501532e+00  1.70491638e+00
 -2.04024478e+00  1.48998536e-01  1.99504166e-01  1.74722506e-01
  1.65809646e-01 -8.57546784e-01 -1.27805860e+00  5.83581815e-01
 -1.32516322e-01 -6.01854111e-01 -6.02702130e-01 -2.82750155e-01
 -9.08220477e-01  7.09842843e-01 -9.25564941e-01 -4.46663716e-01
 -1.40461032e+00  5.47939399e-01 -1.98788008e+00  3.83923469e-01
  1.06989034e+00  5.98790928e-02 -7.99396351e-02 -8.10815516e-01
 -4.82020287e-01 -1.38923126e+00 -7.25783341e-01 -7.06385665e-01
 -1.02052429e+00 -9.42980966e-01 -4.41180025e-01 -6.76706720e-01
 -2.80768222e-01 -1.76709558e-01 -6.54549582e-01  9.42721652e-01
  1.81572944e+00  1.25169110e+00 -2.52590359e-01  8.64331689e-01
 -1.32494187e-01 -4.74366951e-01  2.46612534e-01 -2.61785084e-01
 -4.54668276e-02 -1.69415420e+00  1.67808897e-01  3.43633108e-01
 -1.79736265e+00 -4.82607992e-03  1.93614263e-01  2.09426236e-01
  1.29691221e-01  5.39879512e-01  1.01776250e+00  1.21387032e+00
  6.57798704e-02  1.89250453e-01  5.96184457e-01  1.00033455e+00
 -7.09656117e-01  1.65871459e+00 -1.19994499e+00  1.32903157e+00
 -2.91885082e-01 -9.14773488e-01 -4.63904576e-01  7.89681068e-02
 -8.02684041e-02 -9.41578811e-01 -8.34170132e-01  9.13972885e-01
  1.34175579e+00  8.26016284e-02  4.19808795e-01 -3.37412450e-01
 -9.77587297e-01  3.25543074e-01 -5.98075824e-02 -1.71608476e-01
  7.24545042e-01  1.06760737e+00 -6.20574900e-01  2.87558492e-02
  1.27969527e+00 -1.61166689e+00 -3.08905787e-02  1.87550891e+00
  6.60218120e-01  2.34508290e-01 -2.67765778e+00  5.26630896e-01
  4.08683168e-01 -1.30066373e+00  3.14442780e-01  6.49870307e-01
  5.49770654e-02 -8.00435203e-01  1.55933454e+00  2.05030605e+00
 -1.17616360e+00  6.97086615e-01 -8.54398658e-01  4.54634955e-01
 -7.64445183e-01  1.46763595e-01  8.06479475e-01 -4.34606883e-04
 -9.56341504e-01 -2.14395058e-01  8.11656766e-01  1.59180002e+00
  1.43451153e+00  1.92347935e+00  2.89155535e+00 -1.17783003e-01
 -1.43676190e+00  1.33461493e-01  2.27328887e+00 -8.09819157e-01
 -1.24748270e+00 -3.76028694e-01  7.74286097e-01  9.50822196e-02
  2.44782141e-01  1.87797370e-01 -5.26023096e-01  6.30577616e-01
 -1.07683638e-01 -8.37124547e-01  2.05395797e-01  1.33770313e+00
 -4.44325056e-01 -7.07063521e-01  6.35347085e-01  7.35926923e-01
 -5.19849135e-01  1.25586721e+00  8.91036918e-01 -2.29566566e-01
 -1.21132915e+00  8.86274182e-01 -4.11594253e-01  4.05616308e-01
  6.04629376e-01 -1.12347630e+00 -3.43415872e-01  1.60656580e-01
  3.61047796e-01  1.33871833e+00 -1.57513071e+00 -2.04258814e+00
 -4.23590829e-01 -2.00017106e-01  4.13861779e-01 -5.31411591e-01
 -2.51093811e+00 -2.23278125e+00 -5.16626029e-01  1.11356557e+00
  4.38423901e-01  2.43986819e-01  1.01412507e+00 -2.07435641e-01
  7.58022375e-02  4.87337991e-01 -5.34984750e-01  4.43809909e-01
  4.97962674e-01  7.38770013e-01  5.38211287e-01  1.82937022e+00
  9.75405655e-01  1.48419896e-01  4.81621281e-01  2.28495392e-01
 -3.72807530e-01  4.51193984e-01 -4.20978128e-01  1.80007488e-01
 -7.55684365e-01  6.13842595e-01  3.01137130e-01  1.31428969e-01
  2.05794938e+00 -1.14363391e+00 -1.11437061e+00  8.51953400e-01
 -3.39437852e-01  1.55091278e+00 -1.46969493e-01 -6.50879954e-01
 -7.61202776e-01  3.28836863e-01 -9.64139735e-01  9.82243584e-01
 -9.90413583e-01  4.71701285e-01  9.76051777e-01  1.05920904e+00
  3.04646946e-01  1.43018599e+00 -2.21425510e+00 -1.69320393e+00
  2.69333987e+00  1.49428278e-01 -8.94182177e-01  3.57516223e-02
  6.42915037e-01 -7.13612757e-01  1.13940364e+00 -1.00288791e+00
 -6.66810597e-01  2.41855946e-01 -2.06082244e+00 -7.81570824e-01
  7.34201951e-01 -1.40358310e+00 -8.27005603e-02 -1.12788274e+00
 -4.82613997e-01  4.32835445e-01 -2.67666877e-02 -9.38904553e-01
 -1.12676106e+00 -6.46774459e-01  6.57769106e-02 -9.79885408e-01
  5.32607492e-02  1.63098312e+00 -1.58267606e-01  7.17855125e-01
 -9.05269838e-01 -1.38546047e-02  1.15581845e+00  9.14436593e-02
 -5.25144928e-01 -1.41072478e+00 -1.26977215e-01 -4.50835155e-01
  1.44060588e+00 -9.97780012e-01  1.56008546e-01  3.03707431e-01
 -3.11541651e-01 -1.13713947e+00  4.22692216e-01  1.56884666e+00
 -7.09385861e-01  2.30497704e-01 -2.56819817e-01  4.20891432e-01
  2.80647991e-02 -4.52568310e-01  2.67483541e-01 -1.08714852e+00
 -6.95892120e-01  3.73866138e-01  1.36203665e+00 -1.21828662e+00
 -1.19395447e+00  4.09001028e-01  1.36572045e+00  6.43611913e-01
 -1.19913256e+00  4.15022260e-02  1.29805813e+00  1.99884293e+00
 -1.81864188e+00 -3.84954901e-01  1.09078024e+00 -1.29407053e-01
 -1.36087942e+00 -8.34843380e-02  7.94019521e-01  1.70085768e-01
  6.09201247e-01 -1.18239180e+00  3.85262879e-01  4.16788833e-01
  5.94776188e-01  1.90610774e+00 -2.25672758e-01  2.25300793e-01
  1.92705792e+00  1.18343391e+00 -1.79485422e+00 -3.16604163e-01
  3.95094403e-01 -3.52381142e-01 -5.74751082e-01  4.74328329e-01
  1.70271822e-01  2.78030660e-01 -1.79099385e+00  1.18377639e+00
 -1.71279774e-01  4.31692357e-01  6.48092183e-01  5.32294666e-01
  8.42441331e-01 -6.48979459e-01 -3.01898241e-01 -2.22843030e+00
  8.61216856e-01  1.13694469e+00 -9.65220673e-01 -4.10344327e-01
 -6.77716511e-01 -4.16694247e-02 -5.01425816e-01 -1.42533233e+00
 -6.35843731e-01 -8.76435309e-01  1.33688247e+00 -1.34245896e+00
  1.75240885e+00 -1.07342484e-01 -1.45280615e+00 -1.50916569e+00
  7.67823213e-01 -6.20229044e-01  7.05508764e-01 -3.49868118e-01
  2.03555338e+00 -9.66436968e-01 -4.17990692e-02 -2.52298037e+00
 -1.91283007e+00 -9.16073118e-01  1.60771724e+00  2.46279139e-01
 -7.83182056e-01  5.18785209e-01  5.62928747e-01  1.53608720e+00
 -1.35861913e+00  1.74376939e+00 -2.21873953e-01  9.71598468e-01
  5.44511916e-01  4.23390684e-02 -4.13263928e-01 -5.49017961e-01
 -2.14762659e-01 -4.92264806e-01 -1.54275907e+00  7.09311136e-01
  7.99293624e-01  1.15211469e+00  3.48174439e-01 -2.10081467e-01
  2.03618141e-01  1.40442269e+00 -1.04329969e+00  1.70957712e+00
  8.14453043e-01 -1.82037851e+00  1.57385619e-02  8.22465050e-02
  1.34777310e+00  7.80133286e-03  2.18197299e+00 -1.78769979e-01
 -6.83374239e-01 -3.08775644e-01  1.11114390e+00  2.09308114e-01
  5.40088946e-01 -7.79474333e-01  4.53852054e-01  7.65284492e-02
  1.57898448e-01 -8.94974246e-01 -5.78706566e-01  1.96844132e+00
 -5.98581870e-01  1.44263081e+00  6.34282601e-01 -4.67782768e-01
 -1.06159448e+00 -1.94253302e+00 -1.41156513e+00  2.01323147e+00
  5.74845689e-01  3.04929238e-01  4.93984223e-01 -1.66597001e+00
 -3.37346525e-01 -1.27183713e-01  1.35472488e+00 -1.20770807e-01
  6.43059283e-01 -1.19444758e+00 -9.26859474e-01  2.76900537e-01
  4.31717165e-01 -5.30134011e-02 -8.19684513e-01 -2.31635553e+00
 -5.12673676e-01  1.04867495e+00 -5.95521116e-01 -1.56280284e-01
 -1.42834511e+00 -2.22658626e+00  1.64167330e+00  6.40998092e-01
 -5.38278459e-02 -1.35337714e+00  8.09391503e-01  4.78229273e-01
 -2.15078228e-01  3.39177320e-01  8.52517430e-01  1.87277949e+00
  1.77463461e+00  2.09921032e+00 -2.99418044e-01  8.89272724e-01
 -1.02383313e+00 -4.34814836e-01  3.44315347e-01 -2.11025840e+00
  5.03031897e-01 -6.27981139e-01 -1.02427922e+00 -7.20452926e-01
 -8.46442787e-01  3.77652078e-01 -1.14290683e+00 -7.25601669e-01
  1.53711316e+00  1.95230498e-02 -3.54117444e-01 -1.10060874e+00
  7.13535098e-01 -7.71779846e-01  3.59313398e-01 -5.85400713e-01
 -3.13407436e-03  8.81615980e-01  6.52378527e-01 -4.38383703e-01
  9.95648310e-01 -6.70660521e-01 -3.26986642e-01  9.19667665e-01
  5.01147208e-01 -6.66506845e-01  3.39699164e-01 -3.92447577e-01
 -8.88152924e-01  1.25560941e+00 -7.34796898e-01  5.20466152e-01
  7.36380529e-01 -9.06496372e-01  5.29940732e-01 -9.89979517e-01
 -1.55410407e+00  4.76793539e-01 -1.41884570e+00 -1.06347499e+00
  2.40704736e+00  1.40852898e-01 -1.58107500e-01 -3.16077124e-01
 -4.67967041e-01 -2.32393378e-01  3.94838668e-01 -3.26158284e-01
 -6.79853018e-01 -1.11523292e-01  4.00941881e-01  8.77136113e-02
 -4.32250377e-01 -9.17210576e-01 -6.43784035e-01 -1.61476469e+00
 -9.54335680e-01 -4.56753383e-01  2.79240842e-01 -8.42006275e-01
 -1.06208414e-01  6.77735867e-01 -1.09978423e+00  8.75944758e-01
 -1.00718758e+00 -2.07816058e+00 -2.16807961e-01  1.03602849e+00
  1.01515509e+00 -1.58118232e+00 -6.61179902e-01 -9.35789717e-01
  8.22961465e-01  5.81998021e-01  8.08404060e-01  1.50115824e-02
  1.60267602e+00 -6.08066133e-01 -1.29053915e+00  2.84008661e-01
 -3.64323992e-01 -6.06838208e-01 -1.05530441e+00  6.87426153e-01
 -1.65871970e+00  2.91993040e-01 -1.97701632e+00 -5.18516230e-01
 -2.27730781e-01  1.25962338e-01  2.38574169e-01 -7.22084881e-01
  5.51789511e-01  2.03824979e-01 -4.19969090e-01 -1.38855464e+00
 -4.30740090e-01 -7.16339115e-01  7.05352727e-02 -2.46155977e-01
  9.84443191e-01 -8.39346291e-01  2.25995491e+00 -1.31735732e-01
 -1.48075497e+00  5.32223267e-02  1.98396490e+00  1.25231819e+00
  7.43822822e-01  4.24530904e-01 -3.47202010e-01 -3.16716703e-02
 -2.32662140e+00 -3.11550806e-01 -1.31812065e+00 -2.02110140e-01
 -8.34106183e-01 -1.08670407e+00  1.66427065e+00  1.15510204e+00
 -4.45339948e-01  1.52361420e-01  2.38899641e-01 -1.31952438e-01
 -2.12670014e+00  5.14833962e-01  8.19388379e-01  1.06053274e+00
 -1.05919443e-01  3.04275871e-01 -2.78512147e-02 -1.44060258e+00
 -5.56703630e-01  1.26072674e-01 -1.62707996e-01  1.80593350e+00
 -8.77045051e-01 -1.84295245e+00  4.19435205e-01  2.43357036e+00
  1.31946278e+00  7.94789609e-01 -1.13585979e+00  9.02385772e-01
  8.45861638e-01  4.40532649e-01 -1.29440789e+00 -2.01559796e-01
 -1.32099210e+00  5.01058266e-01 -1.08393441e+00  8.99498462e-01
  1.38388162e+00 -8.88314408e-01  4.84288864e-01 -1.15959910e+00
 -3.11073770e-01  1.39895613e+00  5.18999615e-01  1.37423067e+00
 -2.42823583e-01 -1.29196226e+00 -7.43015233e-01 -4.31789070e-01
 -3.10809808e-01 -2.88932936e-01 -4.54073015e-01 -3.94102570e-02
 -1.19719453e+00  7.68723893e-01  3.09694191e-01  1.08063457e+00
 -8.20721048e-01 -7.69168132e-01 -3.64319783e-02 -1.59297052e+00
 -7.02310492e-01 -4.46781941e-01 -1.43605425e+00 -6.56822988e-01
 -5.39132835e-02  7.46511041e-02  1.16497473e+00 -8.39826749e-01
  5.44900385e-01 -6.65037006e-01  7.73134361e-01  1.38618799e+00
  4.17156421e-02  3.16632877e+00 -9.15559061e-01 -1.41447863e+00
  2.07931594e+00  8.78308161e-01 -2.38104369e+00  1.21096851e+00
 -5.35722523e-01 -6.12120038e-01  6.90381435e-01  9.98225723e-02
  1.23953161e+00  1.43532351e+00 -2.01733420e-01  1.87595508e-01
  1.12560875e+00  1.57516385e+00 -3.75757105e-01 -2.45167589e+00
 -1.54247069e+00  1.04585984e+00  4.73056002e-01 -5.26741293e-01
 -8.82943945e-01  7.03867258e-01  9.54486435e-01  9.42781905e-01
 -3.97165342e-01 -1.46935146e-01  2.59053832e+00  3.47178487e-01
 -5.94764412e-01  1.08079528e+00 -1.57151776e-01 -3.29651118e-01
 -5.20428078e-01 -5.49479342e-01 -1.35566743e+00 -7.17117325e-01
  1.98003825e-01  3.61607025e-01  1.72981616e+00 -2.28320379e+00
 -1.34028988e+00 -6.82690568e-01  6.81747197e-01 -1.15207407e+00
 -1.12277160e+00  1.21073601e+00  6.40947102e-02 -3.81786321e-01
  6.84880258e-01 -5.75401248e-01  7.28675956e-02  9.86935148e-01
 -9.40156752e-01 -5.44030481e-01 -1.55809334e-01  2.55538334e+00
  2.49377461e-01 -5.31379578e-02 -1.02766634e+00 -2.56186584e-01
  2.89176356e-01 -2.85613546e-01 -7.09963147e-01  1.33729290e+00
  5.69733352e-01 -2.02438192e+00  9.23067859e-01 -5.68830830e-01
  7.12687779e-01  4.16741703e-01  5.34517690e-01  1.02919492e+00
 -6.49552943e-01 -1.52102523e+00 -9.07829369e-01 -3.43839628e-01
  8.66902093e-01 -4.73397251e-01  5.61846554e-01 -5.97686508e-01
  1.85459108e+00 -5.79257149e-01 -3.14149751e-01  5.60767931e-01
 -7.95072443e-01  1.05109531e+00 -8.21844406e-01  1.57846297e+00
  6.90301788e-01 -1.46628879e-01  7.21905599e-01  5.26311515e-01
  1.49556598e+00 -6.43392633e-02 -6.02980708e-01  1.04160179e-01
 -1.72319271e-01 -1.36550913e+00  6.03359688e-01  2.37550790e-02
 -4.97359513e-01 -3.03689778e-01  4.80353787e-01 -3.25890343e-01
  1.83307960e+00  9.38587472e-01 -7.94625853e-01  1.47078731e+00
 -2.46152137e+00 -1.20462582e+00 -6.07563112e-02  5.87484276e-01
 -4.36333118e-01 -3.71787294e-01  2.83322450e+00 -2.01487771e-01
  9.14486321e-01  2.15217895e+00 -7.45429559e-02 -7.62013087e-02
 -1.54561521e+00  8.12893763e-01  1.91974161e+00  1.40431620e+00
 -5.25371937e-02  1.36760327e+00  1.02403783e+00  1.15155056e+00
 -7.43595386e-01  1.97596145e-01 -7.41882343e-01  4.73194486e-01
 -9.41181023e-01 -6.67724631e-01  3.74066414e-01  2.51143154e+00
  4.12288627e-01  1.66954020e-01 -1.19648067e-01  7.09190205e-01
 -1.72168571e-01  4.17712672e-01  5.33207291e-01  2.37043480e+00
 -1.66751144e+00  4.18943297e-01 -1.41141139e+00  8.69060194e-01
  2.83786823e+00  1.44577128e-01 -1.77068346e+00 -4.14483037e-01
 -1.99024888e+00 -8.52622499e-01 -5.93130039e-02  2.01269744e+00
 -4.39197475e-01  8.57914102e-01  5.62298552e-02  4.44187979e-01
 -1.17754517e+00  4.08863996e-01 -1.36065884e-01  7.36428135e-01
  2.95926659e-01 -7.45128274e-01 -2.03920283e+00  7.45826804e-01
  7.14456010e-02  3.59905084e-01  6.08046193e-01  2.19289901e+00
 -7.30659216e-01 -5.33257426e-02 -3.95797290e-01 -1.11725929e+00
 -4.92889442e-01 -1.18511312e+00  2.29746767e+00  1.34531634e+00
  2.01835922e-01  1.37290650e-01 -1.71609254e+00 -2.13254907e-01
  4.21197548e-01  4.85863123e-01 -2.04848931e-01  6.59261829e-01
 -9.86367621e-01 -5.31280324e-01  6.91649855e-02 -6.28074153e-01
 -1.07835353e+00 -1.93455456e-01  9.55118365e-03 -9.31341889e-02
 -4.35243692e-02 -1.24672417e+00 -1.82924255e+00 -4.26392966e-01
 -5.27830212e-01 -1.28001426e+00  1.16720979e+00 -3.51264896e-01