-6.08503779e-01 -4.42235295e-01  3.49909534e-01 -4.88007962e-01
  5.98294818e-02  1.42325540e+00 -9.73858165e-01 -8.96083021e-01
  3.61838572e-01 -4.44968292e-01 -2.39375674e-01 -3.46249685e-01
  1.10929200e+00  1.10254918e+00  5.36816635e-01 -2.70631317e-01
  4.80274372e-01 -4.35071378e-01 -1.46407164e+00  1.58490598e+00
 -3.95924829e-01  7.95230658e-01  1.34942063e+00 -5.88153263e-01
  4.54901604e-01  1.27390071e+00 -7.23673081e-01 -7.31657611e-01
  3.64868869e-02 -6.01176796e-01 -5.23033314e-01  1.00951280e+00
  1.51780304e+00 -7.05101485e-02  7.34694021e-01  8.58914611e-01
 -2.02334118e-01 -1.09983098e+00 -1.19791854e+00 -2.15678705e-01
 -2.39192804e-01  1.09675408e+00  1.48476126e+00  8.95153978e-01
 -3.27196762e-01 -3.06475891e-01 -6.62119912e-01  7.26054157e-01
  1.68089544e+00 -4.59197642e-01 -3.19931774e-01  9.30494056e-02
  1.81588024e+00 -1.65199798e-01 -5.04034305e-01 -2.09793883e+00
  3.91079545e-01  5.23561321e-02 -9.64071638e-01  1.14412597e+00
  1.38395537e+00 -1.68025537e-01 -2.66610586e-01 -3.28601154e-01
 -4.71477206e-01  4.80528200e-01 -1.15480657e+00  1.10736453e+00
 -4.58269116e-01  7.94619641e-02  1.24860297e+00  1.58350823e+00
 -1.24524118e+00  1.16673184e-01  8.68767789e-02  1.47456214e-01
  3.46599747e-01 -8.78409644e-02  5.12188543e-01 -1.97894670e-01
 -5.60997698e-02 -1.92925872e-02 -7.91029111e-01 -2.84098813e-01
  1.91113835e+00 -8.90069303e-01 -3.95253462e-01  8.50947234e-02
 -3.47080492e-01  1.22221999e+00  1.12994174e-01  3.22323685e-01
 -2.46171179e-01  1.34050203e+00 -6.06919773e-03  2.31213976e+00
 -2.14652121e-01  1.31011540e+00  2.22078581e-01 -1.02629198e+00
  5.71745313e-01  2.43990969e-01  6.45548886e-01 -2.58451464e-01
 -6.00740734e-01 -7.75258397e-01 -8.73742317e-01  2.35349754e-01
  7.70260799e-01  3.35382037e-01  1.71631694e-01 -2.26943099e+00
  2.25427134e+00  1.00398539e-01 -1.05681994e-01 -6.80372758e-01
 -1.70492239e+00 -1.00861464e+00 -8.23777058e-01 -1.48123055e+00
 -1.71040642e+00 -2.27641113e+00 -8.13921628e-01 -1.34782865e+00
  1.02276329e+00  1.09903874e+00  7.99437962e-02  9.79579305e-01
 -2.48663105e-01  1.17180024e+00 -7.56727855e-01  1.95570733e+00
  1.89945615e-02 -2.36227035e-01  1.12318089e+00  1.83163043e+00
  1.34673846e-01 -7.17173281e-01 -8.87561553e-01 -3.47121633e-01
 -1.60522443e+00  4.01874094e-01 -5.83585157e-01  8.41027734e-02
 -1.71092576e+00  3.56364265e-01 -4.76261138e-01 -8.01286770e-01
 -1.30976623e-01  2.89851613e+00 -1.95840340e-01 -5.26441093e-01
  5.15915116e-02 -5.84725960e-01  1.03081114e-01 -1.12931318e+00
  7.27833498e-01  9.27041569e-01 -8.44323299e-02 -7.81602383e-02
  1.87118593e+00 -1.53219216e+00 -1.40053693e+00 -1.79534850e+00
 -7.23186425e-01 -1.48885684e-01  2.51987391e-01  1.32399674e+00
  7.05336320e-01 -8.46753893e-02 -9.04008603e-01  6.85419009e-01
 -5.60594575e-02 -1.70099022e+00 -1.58656278e+00  7.80787019e-01
  6.56761628e-02  1.01281391e+00 -1.94304479e-01 -6.66218278e-01
  2.05030651e+00 -1.72798753e+00  9.10970815e-01 -9.97730637e-01
  2.09617730e+00  5.27519845e-01 -5.38647178e-01 -6.96011256e-01
  1.40438671e+00  5.85210601e-02 -1.29568421e+00 -1.26299396e+00
  8.88190277e-01 -7.43918144e-01  4.56857684e-01 -1.61596648e+00
  1.27610078e+00 -9.93408513e-01 -1.38950539e+00  3.92646650e-01
  2.41209063e+00  6.44741238e-01  1.81672592e+00 -1.58020036e-01
  1.43432749e+00 -6.73934000e-01  2.54262499e-02 -6.99395380e-02
  6.15569736e-01  6.86356660e-01  9.13835027e-01  1.11985608e+00
  2.10156171e-02 -8.12871534e-01  7.18420158e-01 -1.52129653e+00
  1.34838596e-01  1.02078263e+00  1.93058802e-01 -1.40200662e+00
  2.08374053e-02 -2.06143495e-01 -2.37193359e-01 -1.60640082e+00
 -2.21102107e+00 -1.47445769e-01 -7.59224823e-01 -1.72341137e+00
 -9.63698444e-01  2.67116437e-01  1.33140769e-01  3.53936868e-01
 -1.13147087e-01 -1.97527012e-01 -1.63551864e+00  4.09493731e-01
  7.50579334e-01 -8.59598809e-01  3.28008846e-01 -1.26752811e+00
  1.55170512e+00  1.25158179e+00 -1.16001957e+00 -6.28242635e-01
  6.81505962e-01 -1.70362862e+00 -1.80237752e-01  5.17385571e-01
  1.82637995e+00 -4.09907702e-01 -1.40291842e+00 -5.66572181e-02
 -1.12112051e+00  9.20846380e-01  1.82981072e+00 -9.81806147e-01
  4.01884772e-01 -2.53316710e-01 -7.11210868e-01  1.32754420e+00
 -2.53660100e-01 -8.87114879e-01  2.46213972e+00  2.70717082e+00
 -8.30008283e-01 -9.76877216e-01 -3.35488518e-01 -9.10370180e-02
  1.07051536e+00 -1.68397897e-01  1.67403362e+00  6.25889669e-01
  8.09211286e-02 -4.00420312e-01  3.59604632e-01 -4.69707189e-01
 -1.88033527e-02  6.10282532e-01 -8.48141431e-01  8.35875954e-01
 -2.90619359e-01 -6.75601375e-01 -1.78212577e-01 -2.03951362e+00
 -6.30171145e-01 -2.03572668e+00 -3.79258179e-01 -2.34856416e-01
 -1.56254063e-01  1.08839443e+00 -6.19693755e-01  1.83713268e-01
 -1.85255279e-01 -1.15363228e+00  7.20840007e-02 -8.01160889e-01
 -9.49937390e-01 -1.89545860e+00  3.50903454e-01 -9.50152555e-01
 -1.89404483e+00  5.40105086e-01 -2.29002320e-01  9.48931014e-02
  2.54400113e-01  7.78532279e-01  9.54154424e-01  7.01079652e-01
  1.02596434e+00  6.82820404e-01 -6.40677772e-01 -5.68431350e-01
 -5.18696069e-01 -4.97970863e-01  3.55488255e-02 -4.12639456e-01
 -1.53872356e-01 -5.27491966e-02  1.17437221e-01  1.55994451e+00
  8.43711168e-01  5.77134860e-01  1.11356728e+00 -7.28699953e-01
 -3.42080016e-01  2.66490539e-01 -5.02957400e-02  1.88948341e+00
  4.03693571e-01  1.12139285e+00 -1.67938156e+00 -9.60977763e-01
 -9.25219194e-01  9.99180639e-01 -1.85499582e-02 -1.01918211e+00
 -1.76912434e+00  1.70812982e-01  1.00172906e+00 -1.21256982e+00
 -1.05633840e-01  1.14818034e+00 -9.18147120e-01  1.50483570e+00
  2.47869862e+00 -7.31844669e-02  3.72793468e-01  8.08296885e-02
  8.11893321e-01 -2.42520534e+00 -1.86170608e+00 -1.30188908e+00
  4.31848986e-01  5.76929787e-01  1.29598427e+00  1.28931709e-01
  1.17609655e-01 -4.34208514e-01 -5.25943622e-01 -1.20366687e+00
 -2.46887640e-01 -8.46421180e-01  5.82894227e-01 -6.47681423e-01
 -8.38523427e-01  9.33915424e-01 -1.32034945e+00 -5.34804815e-01
 -1.44792018e+00  1.02051362e+00 -1.63618222e+00 -8.23845342e-01
  5.59571544e-01  3.50543039e-01 -1.20668899e+00 -1.24440071e+00
 -3.83559790e-01  1.32324641e+00  4.19188103e-01  8.98656211e-01
 -1.10249887e+00 -5.94459991e-01 -1.04951220e+00  2.35787288e+00
  5.68330735e-02  1.81022321e+00  5.04751798e-01 -1.53191429e+00
 -2.10228043e+00 -3.50547441e-01  1.26619590e+00 -8.72689153e-01
 -1.00837197e+00  4.32453599e-01  1.71929519e-01 -6.97158761e-01
 -7.14864750e-01  1.99652502e-01  9.59831274e-02 -9.56496373e-02
 -3.48869621e-01 -1.43010878e-01 -8.90339200e-01  1.59445859e-01
 -1.15508974e+00  1.33561319e+00  2.47396918e+00 -1.00298459e+00
 -6.57316378e-01  1.17006029e-01 -1.60733714e+00  1.36511205e+00
 -2.57271923e-01  2.82855478e-01 -7.57453910e-01  4.35119160e-01
 -9.42171604e-02 -1.07295885e+00 -7.64276925e-01  9.26412790e-01
 -5.90061853e-01  5.79740769e-01 -1.57443405e+00 -4.24374621e-01
 -1.35909374e+00 -8.37406870e-01 -2.10093151e-01  4.38993151e-01
  6.46521162e-01 -9.74875107e-01  3.59974470e-01  4.23218977e-01
 -1.37592313e+00 -7.35728842e-01  7.39504439e-01 -2.36160145e-01
  1.84001432e-01  5.96750571e-01 -1.44291942e+00 -1.26973310e+00
 -2.47055869e-01  4.19758312e-01 -6.72114783e-01  6.98260073e-01
  1.89377128e+00 -2.28399934e-01  8.03371101e-01  3.27318896e-01
  5.43717242e-01 -1.82267180e+00  2.93752009e-01  2.67163793e-01
 -6.17210567e-01 -1.11001016e-01  1.79357173e+00  5.59548978e-01
 -1.06675398e+00 -3.45060377e-01 -9.35632483e-01 -3.62501098e-01
 -1.76146584e+00  6.81466615e-02  6.98983249e-01  1.59139604e+00
  8.25717457e-01 -6.17609234e-01  1.60914879e-01  1.95182528e-02
 -2.23248376e+00 -1.27566471e+00 -5.49147522e-01 -7.19087083e-02
 -1.67592365e+00  3.58165860e-01  9.92947724e-02  6.41205571e-02
 -2.24656254e+00 -2.40532781e+00 -8.21417944e-01 -1.48450936e+00
 -5.06031611e-01  1.38481648e+00 -1.08338091e+00 -4.58035885e-01
  9.90939555e-01  1.97678079e+00 -3.38352761e-01  1.56551329e+00
 -1.35335350e+00  1.42118894e+00 -3.39769115e-01  6.27893270e-01
 -1.52229601e+00 -1.50087389e-01  5.35884193e-01 -4.60573636e-01
 -2.11792833e-01 -6.10037097e-01 -2.86051746e-01  1.54570879e+00
  3.36846272e-02  1.73817881e+00  4.82617318e-01 -5.75751588e-01
  5.83829810e-01  3.58550344e-01 -1.41465395e-01  2.53456733e-01
 -1.06421210e+00 -3.00020747e+00 -4.68628159e-01  1.52962063e+00
  5.51636166e-01  4.57456750e-01  5.59998408e-02 -1.68526980e+00
 -1.12264591e+00 -9.55545250e-01  8.62625251e-01 -1.69533714e+00
  1.21978999e+00  1.14777608e-01 -1.62498502e+00 -1.71056332e+00
 -1.19334713e+00 -4.96101643e-01 -5.12442019e-01  1.13699078e+00
  2.12830650e+00  1.69415826e-01 -3.57785593e-01 -4.51832083e-01
 -8.81571170e-01 -2.44052175e+00 -7.62993967e-01 -2.37790624e-01
 -2.16072212e-01  1.55031196e+00  1.41516438e+00 -7.45614449e-01
  2.08874791e+00  1.68662777e+00 -1.74211239e-01  1.21421355e+00
 -1.25541620e+00 -1.15491974e+00  1.71944968e-01  1.33271745e-01
  6.63496839e-01  6.71531620e-01 -5.23190913e-01 -3.82696684e-02
 -1.15028487e+00  1.19058996e+00  1.77454230e-01 -3.29744055e-01
  3.23246524e+00  5.40118657e-01 -6.35059433e-01  6.48332720e-01
  1.36414660e+00  7.21390170e-01  7.20339887e-01  8.39711962e-01
  7.69940553e-02 -3.84202637e-02 -5.00742503e-02  1.08387546e+00
 -1.04586597e-01  1.32947671e+00 -2.65954752e-01  7.58578824e-01
 -7.02964746e-01  6.14025083e-01  1.38927751e+00  1.12771253e+00
 -8.05229415e-01  8.59959377e-01  1.14806077e+00 -2.76262684e-01
 -5.10019996e-01  6.37166360e-03 -1.07390715e+00 -9.23704182e-01
 -1.18849168e+00  1.99874748e+00 -3.95134417e-01 -3.93979819e-01
  8.06331943e-01 -1.64482344e+00 -9.79346834e-01 -7.16315231e-01
  1.49472007e+00 -1.05044064e+00 -1.00489568e+00 -8.46368530e-01
  5.40823788e-01  1.97054610e-01  4.30086256e-01  7.81188206e-01
  1.30224656e+00  4.98027090e-02 -2.76816737e-01  4.20700298e-01
 -1.13183918e+00 -2.93682519e-01 -8.81653920e-01  4.43382456e-01
 -1.47566017e+00 -1.19101039e+00 -8.16077541e-01 -7.79900911e-01
 -1.66936383e-01 -2.29393419e+00  1.39905594e+00 -3.72891705e-01
 -8.42376473e-02 -8.30445875e-01 -1.45272319e+00 -3.36941110e-01
 -3.09435502e-01  1.40209857e-01  2.97536210e-01 -1.06683604e+00
  2.07578949e+00  2.12434620e-01  9.11844105e-01  3.67346372e-01
 -6.31850313e-01  7.65149889e-01 -2.06829450e-01 -5.56725603e-01
  6.52282322e-01  6.80361438e-01 -1.05733713e+00  2.49576118e+00
 -1.96820459e-01  7.81912575e-01 -2.22212211e+00  1.21672421e+00
 -7.17627204e-01  1.14476377e+00 -1.30901153e+00 -8.87302055e-01
 -1.37378979e-02  1.35536846e+00  1.35981561e+00  5.91324320e-04
  1.25939952e+00  1.10481157e+00 -5.25331464e-01 -4.87446354e-02
  4.58392800e-01 -9.55466104e-01  6.82637349e-01 -5.21554001e-01
 -1.26858344e-01  1.71762637e+00 -2.62401839e+00  1.07142400e+00
  3.17863964e-04 -1.76294985e-02 -9.64010580e-01  1.25518902e+00
  6.55323900e-01 -1.25023194e+00  7.90223266e-01  2.29435051e+00
  9.98787663e-01  3.81202249e-01 -2.38310410e+00 -5.71588434e-01
  1.66899796e+00 -4.34852220e-01 -1.78286225e+00 -1.06881226e+00
 -7.96642387e-01 -1.92785482e-01  2.66189460e-01  2.44993758e-01
  1.23082876e+00 -2.03410543e+00  1.17653817e+00  7.34234864e-01
 -8.91560115e-01  4.08225871e-01 -5.22567234e-02 -7.60882262e-01
 -1.03287309e+00  4.64179486e-02  3.44760256e-01  6.92452921e-01
 -7.95465641e-01  6.72948071e-02 -9.46072871e-01  4.80933296e-01
 -1.85051997e+00  7.29709370e-01 -2.29016205e-03  4.57092617e-01
  8.96807534e-01 -5.72625075e-01  1.34277582e-01 -1.56675076e+00
 -7.32953011e-01 -9.46630572e-01  9.05558679e-01 -4.31954208e-01
 -9.79069624e-01 -1.86583626e+00 -8.33588926e-01  1.00453646e+00
  6.21187042e-01  4.16393701e-01 -6.37142070e-01  1.49887249e-01
 -1.73427323e-01  8.20511386e-01  8.48840333e-02 -7.63300303e-01
 -2.77794970e-01 -1.30554257e-01 -1.46263928e+00 -7.21797970e-01
  4.03359617e-01 -1.22492902e+00 -1.13325337e+00  2.30535481e+00
 -1.37405532e+00 -1.32000852e-01 -1.35814803e+00  8.85065022e-01
 -1.00136750e+00  2.30527088e-01  2.58051546e-01 -7.56835414e-01
  1.12006363e+00 -5.52670166e-01 -5.97231732e-01 -2.56931205e-02
  2.14790125e+00 -3.17530251e-01  1.93170663e+00 -1.97848123e+00
 -5.97625321e-01  2.61565434e+00 -1.74214057e+00 -6.95772832e-01
 -1.68753445e+00 -6.93052419e-01  5.15872043e-01  1.02773790e-01
 -4.57591452e-01 -5.41624981e-01  7.06276560e-01  2.15760728e+00
  1.70634148e-01  6.68487663e-01 -1.31508604e+00 -8.59493676e-01
 -7.21173924e-01  1.15768206e+00 -1.62510788e+00  3.61220090e+00
 -1.45327379e+00  2.39135772e-01  1.21694153e+00 -7.28286075e-01
 -1.35165455e+00 -1.18914545e+00  5.50137701e-01  7.13251133e-01
 -9.97807536e-01 -5.91312761e-01 -7.12212673e-01 -7.29435742e-01
  7.30929653e-01  1.15021505e+00 -5.91510626e-01  4.49435608e-01
 -1.75604278e+00  2.49237900e-01 -2.61707039e-01  1.45903914e+00
 -2.51534946e-01  1.28881385e+00 -7.88669756e-01 -1.68074546e+00
 -1.05493138e+00 -5.23356696e-01 -5.44468864e-01  1.29028536e+00
  4.97103649e-01  2.03631027e+00  7.06232134e-01  1.17362447e+00
  4.37850747e-01 -1.32653816e-01  1.45543934e+00  4.57340535e-01
 -2.05397224e+00 -9.44262017e-01  5.46596198e-01  1.03197825e+00
  1.78480860e-01  5.71189763e-01 -9.14088959e-01 -1.12416046e+00
 -1.65637908e+00 -3.52147062e-02  1.53277524e+00 -9.46935057e-02
 -2.74180940e-01  3.36918786e-01 -2.35199176e+00  4.22189789e-01
 -5.01692919e-02 -3.68045302e-01 -7.38537450e-01  7.67546873e-01
 -4.27496437e-01 -9.35020942e-01  6.14392383e-01  9.52290774e-01
  4.29249726e-01 -3.36474859e-01  8.34503091e-03  4.24956892e-01
  1.18153646e+00 -1.11003856e+00 -7.73664419e-01 -3.48202063e-01
  4.31317063e-02 -1.30239115e+00 -1.18426850e+00 -2.32327752e+00
 -5.10367550e-02 -7.55883615e-03  6.03567914e-01  1.26306484e+00
  7.79157509e-02  3.54249278e-01  3.30000928e-01 -2.46902293e+00
 -5.14303466e-01  4.04284792e-01 -1.55219735e+00 -2.68440293e+00
  6.71384197e-01 -9.38307787e-01 -5.94071949e-01  9.04684811e-01
 -1.35447881e-01  1.92809640e+00  8.86437807e-01  5.83645211e-01
 -1.20783797e+00  8.44334460e-01 -6.36836134e-02 -8.24224462e-01
  6.91842846e-01 -1.18636374e+00 -1.68366726e+00  1.01151820e+00
 -2.07786595e-01 -1.51386228e-01 -2.03886427e+00 -1.55343393e+00
  7.82128990e-01  3.91392589e-01 -2.11903031e+00  9.48118043e-01
 -2.29814582e-01 -1.05411679e-01  2.92335777e-01  5.59131271e-01
  1.23417126e+00  7.12432809e-02  3.49430316e-01  2.28112819e+00
  7.31133499e-02 -9.69108678e-01 -9.08594884e-01 -8.58276949e-01
  9.48423366e-01 -7.04995755e-01 -2.67433573e-01 -6.58242274e-01
 -1.54611786e+00  2.08033678e-01 -8.65875033e-01 -2.78021032e-01
  1.32216477e+00 -4.47484759e-01 -6.56397612e-01 -7.59613144e-01
 -4.72552111e-01 -3.27925742e-01 -7.33109101e-01  1.34568350e-01
 -2.82151867e-01 -9.50869535e-01  1.15245394e+00  5.16082181e-01
 -1.28927159e+00  2.78641753e-01  9.66880816e-02  1.27249071e+00
  5.72656804e-01  5.29777752e-01  1.90219577e+00 -1.77230380e+00
 -5.03294849e-01 -1.44995777e+00  2.15159058e+00  2.57907564e-01
 -3.64281556e-01 -6.40346111e-01 -1.01997985e+00 -5.58230876e-01
  3.43719996e-01  8.06579762e-01  7.58228499e-01 -3.62853529e-01
  9.33201648e-01 -5.53245981e-01  9.28903415e-01  1.97659194e+00
 -9.76553672e-01 -5.24172589e-01  2.53859088e+00 -2.53862392e-01
 -1.37874821e+00  8.54972029e-02 -1.03014432e+00 -1.52931313e+00
 -2.18871128e+00 -4.30481714e-01 -4.71319867e-01  4.87551244e-01
  5.46618381e-01 -4.79072826e-02 -5.92550243e-01  7.43813667e-01
  1.02384761e+00  9.58248350e-02  1.18584738e+00 -1.49285961e+00
  1.69454402e+00 -2.59288670e-01 -6.33847411e-01 -2.42704863e+00
 -4.05644923e-01  2.56054470e+00 -1.41580238e-02  2.10355665e-01
 -1.07753046e+00  1.67555142e+00 -1.48185267e+00  8.55066084e-01
 -8.21911160e-02 -6.48857695e-01 -6.75727166e-01  1.18680018e-01
 -1.59420714e+00  5.54998704e-01 -3.83416738e-01 -4.34796656e-01
  4.79711464e-01  5.15223131e-01  1.95966667e+00  5.21115030e-01
  2.02284634e+00 -1.40391617e-01 -8.06575961e-01  1.84092193e+00
 -8.21452800e-01  4.27355405e-01 -5.15326818e-01  1.58895620e+00
  1.22417002e+00 -3.11299387e-02  9.28547205e-01 -9.61729435e-01
 -6.89422174e-01 -7.54130459e-01 -9.51169182e-01  9.38420335e-01
 -3.80935530e-01  1.33264854e+00  9.21498425e-01  1.14796391e-01
  2.28390876e-01  1.06144425e+00 -1.20667324e+00  1.05652664e+00
  5.54465179e-01  1.51021974e+00 -9.56911615e-01 -9.16524096e-01