 7.59744245e-01 -2.65566523e-01  1.01092805e+00  9.95178418e-01
  1.23620709e+00 -6.31276549e-01 -3.09340863e-01 -2.43345959e-01
  5.79992335e-01 -2.82810550e-01  6.67605435e-01  8.52009381e-01
 -1.41295276e+00 -2.06935580e-01  1.35934315e+00 -7.82981550e-01
 -2.08495829e-01 -1.16841642e+00  1.21921247e-01  1.12154290e+00
 -9.57903800e-01 -1.26387290e+00 -5.85640819e-01  2.47966634e+00
 -1.57372374e+00 -3.36218581e-01  4.75573626e-01 -8.20783220e-02
  1.13787470e+00 -3.15700210e-01 -7.66143996e-02  8.34536458e-01
  8.97440553e-02  2.28004883e+00  1.49198891e+00 -1.07876219e+00
  1.34066992e+00 -8.78516773e-01  1.44255886e+00  1.52738397e+00
  1.85342289e+00 -5.58860489e-01  1.68939598e+00 -8.58995962e-01
  9.87962588e-01  9.75337228e-01  7.46885287e-01  5.52527926e-01
  4.30994232e-01  4.98250404e-02 -1.85175536e+00 -1.56230459e+00
  1.14206133e-01 -6.77995722e-01  2.11845222e-02  1.24971261e+00
  1.55000724e+00  4.37690884e-01 -1.94639636e-01  1.60768431e+00
 -5.27596290e-01  1.43072999e+00 -1.07393642e+00 -3.40716447e-01
  1.56952057e+00  6.58845417e-01 -1.40111380e+00  4.18200093e-01
  1.29189496e+00 -2.54214473e-02  3.30918351e+00 -1.86592048e-01
 -9.42282768e-01  6.73877345e-01  2.37356827e+00  1.99166736e-01
 -5.50006065e-02 -1.99340849e+00  8.54736216e-01  3.46831518e-01
 -2.89746311e-01  1.89109242e+00  1.35160477e+00 -1.01825456e-01
 -2.17027385e+00 -1.51039784e-03  5.07368216e-03 -1.75652325e+00
  7.08256722e-01  6.09862660e-01  1.09898896e+00 -3.05870342e-01
 -8.61379901e-01  1.94477844e+00  1.02416759e+00 -2.09203608e-02
  5.63743231e-01 -1.95780454e+00 -8.36819949e-01  4.17153653e-02
 -2.80132725e-01 -8.33680679e-01  1.15783000e+00  1.00197283e+00
  7.86891479e-01 -7.94143022e-01 -7.36037886e-01 -8.25516347e-01
  3.23844139e-01  1.03272441e+00 -9.28013090e-01  1.02138798e+00
  1.16801494e+00 -1.35160328e+00 -1.16888999e+00  1.74250887e-01
 -9.65456530e-01 -1.73437881e+00  9.30461253e-01 -1.11879896e+00
  3.62770228e-01  8.24000857e-01  2.22207905e-02 -9.75638780e-01
  1.43359524e+00  3.04460304e-01  1.96781048e-02 -1.02050962e+00
 -1.44827919e-01  1.11788316e+00 -2.97646088e-01 -1.33321169e+00
  3.76780642e-01  2.69572156e-01  6.23159268e-02  1.22681933e+00
 -4.92832406e-01 -1.07285961e+00 -2.92039832e-01 -4.70349593e-01
  6.43669302e-01 -9.51156390e-01  3.71617945e-01 -1.50186148e+00
  2.59080472e+00 -4.63304347e-01 -5.03175873e-01 -1.60627021e+00
  6.86289658e-01  1.30704727e+00  2.40847600e-01  1.84747823e+00
 -2.16407374e+00  7.10963116e-01  1.06157144e-01 -5.00169650e-01
 -1.39171035e+00  8.96791012e-01  3.62536759e-01 -1.46695672e+00
 -5.02286524e-01 -9.10578621e-02 -1.52178330e+00 -1.13477159e+00
 -3.05846809e-01 -1.40302962e+00 -2.20010086e+00 -5.88445923e-01
 -2.10142976e-01 -1.10523240e-01  6.36659291e-02 -1.04479696e+00
 -1.38923142e+00 -7.02774831e-01  6.24621568e-01  2.12232744e+00
 -8.05002625e-01 -1.36382080e+00  1.81810925e-01 -1.33836157e+00
 -1.24048464e+00  1.13493071e-02  1.01057172e+00 -5.30585833e-01
 -4.92519871e-01 -7.83935292e-01 -1.32535348e+00 -5.44083437e-01
  1.09877234e+00 -2.94100274e-01 -1.37531138e-01 -6.68729054e-01
  1.30769340e+00  2.46985776e-01  7.75498495e-01 -6.54759457e-01
 -9.05154946e-01 -6.00284226e-01 -1.56712106e+00  1.09177492e+00
 -1.45936348e+00 -1.53200582e+00  2.72318751e-01 -4.01508869e-01
 -7.59576617e-01  3.77742321e-01  1.32325632e+00  7.24974792e-03
 -8.12419355e-02  4.58123361e-01 -2.05788362e+00  1.35771873e-01
 -7.56247964e-02  8.24595385e-01 -8.40147891e-01  5.64205738e-01
 -1.19280799e-01  2.15752201e+00  1.09078342e+00 -1.07612390e+00
 -3.16693292e-01 -1.65806546e-01  7.10199536e-02 -1.17134641e+00
  1.02552412e+00 -1.08331569e+00  7.41117977e-02 -1.03630787e+00
  5.00527601e-01 -5.46534678e-01 -1.58675757e-01 -7.10636405e-01
 -1.57191935e-01 -6.73156464e-01  1.05870975e+00  1.81974253e+00
 -1.67298773e+00  2.01205712e-01  6.21646336e-01 -8.92115440e-01
  8.08809143e-01  8.47361583e-01 -3.16098268e-01 -1.18283788e+00
 -9.35572301e-02  2.83957528e-01 -1.86467907e+00 -1.61985412e+00
 -3.18572789e-01 -6.02407685e-01  7.77204144e-01  1.14815231e+00
 -1.15065487e-01 -8.90597855e-01  1.36619689e+00  1.01684580e+00
 -1.57629784e-01  2.57611370e+00 -1.00051229e-02 -2.39049835e-02
 -1.28187460e+00  1.59038901e+00  2.97922855e-01 -1.04806996e+00
  4.00381722e-01  2.40214722e+00  1.04159839e+00 -7.49752945e-01
  2.67543310e+00  1.52648449e+00 -2.62416879e-01 -6.95485234e-01
 -6.50353610e-01 -1.01973959e-01 -4.54316356e-01 -5.78967852e-01
  6.93634131e-02  2.09571528e-01  5.37803027e-01  7.62348659e-02
  4.66360361e-02 -4.05531017e-01  1.37913922e+00  4.55797001e-01
  1.03236910e+00 -1.73324352e+00  2.40414881e-02 -1.08132977e+00
 -2.38477883e+00 -2.36151534e-01  1.03504365e+00 -9.83268882e-02
 -5.81813902e-01 -1.63484479e+00 -1.65051573e+00  6.19415511e-02
  4.08513462e-01 -5.59763690e-01  5.50267832e-01 -9.18855487e-02
  5.31890006e-01 -3.71494178e-01 -2.95572476e-01  3.94432043e-01
 -2.24119223e-01  1.47289461e-01 -3.39051777e-02 -1.02330837e+00
  1.26000450e+00  9.39757680e-02  1.12276569e+00 -7.80911518e-02
  1.43742854e+00  1.98907756e+00  3.07892395e-01 -9.37215810e-01
 -2.14598518e+00  6.23636999e-01 -2.91998620e-01 -1.94991461e+00
 -9.16445618e-01 -1.06127066e+00 -8.43616339e-01 -1.99343640e-02
  1.20369329e+00 -5.66462773e-01 -6.07081079e-01 -8.67373658e-01
 -6.21568214e-01 -1.64702635e+00 -1.54949196e+00 -2.98057409e-01
 -9.13295863e-01 -4.91280058e-01  4.37186241e-01 -1.03912707e+00
  1.24682309e+00 -1.93998122e+00 -1.07716499e+00 -2.73552675e-01
 -2.57575963e-01 -3.68558340e-01 -8.68203643e-02 -2.19364620e+00
 -2.10517842e+00  5.11113497e-02 -1.10875935e+00  1.30692162e-01
  1.93055855e+00 -1.49697308e+00 -6.01060319e-01 -5.99416790e-01
 -4.52567241e-01 -2.00987028e+00 -4.68627141e-01  6.02554933e-01
  3.79656354e-01 -1.93183628e+00 -3.34067589e-01  1.39201802e+00
 -1.25082717e+00  4.98530722e-01 -9.66995186e-01 -3.62630758e-01
  7.76984304e-01 -3.36893298e-01  1.43559600e+00 -5.72629791e-02
 -4.93041038e-01  4.71743585e-01  3.51595494e-01 -2.03441441e+00
  5.44685644e-01  8.45757235e-01 -8.52417995e-01  3.73722749e-02
 -2.68689568e+00 -1.99255187e+00  2.49743636e-01  3.83826330e-01
  1.65040736e+00 -2.15220928e+00 -5.93118111e-01 -7.68753329e-01
  7.21434006e-01  1.01356857e+00  6.42979795e-01 -9.64308808e-01
  1.53341857e+00 -3.13936231e-01 -4.59890455e-02 -7.30971226e-01
 -4.32102472e-01 -8.74944888e-01  1.10738755e+00  1.02426891e+00
 -1.93993637e+00  5.53379583e-02  4.07728411e-01 -9.95693206e-02
 -2.34606941e+00 -1.23171491e+00 -6.03931008e-01  8.89190447e-01
 -3.16300472e-01  1.10687925e+00  9.33474382e-01 -3.64792790e-01
  4.60096582e-01  8.71267076e-01  2.96036709e-01 -8.08524964e-01
  3.02207873e-01  6.54725688e-01  1.08265515e+00 -1.64026231e+00
 -1.05100172e+00 -8.82919080e-01 -7.22921757e-01  9.71531897e-01
  3.64230508e-01  7.03122074e-01 -1.72234103e-01  3.22383665e-01
  3.78863965e-02  1.78708398e+00  1.87321813e-01 -9.23138588e-01
 -8.31753247e-01 -6.76701488e-01  5.32239951e-01  2.72566583e-01
  2.35638305e-01  1.09117114e+00  1.64706564e+00  6.15636803e-01
  2.35849803e-01  8.17751344e-01  3.75817055e-01 -2.96080242e-01
  2.33966650e-01  4.67728098e-01 -1.53484955e-02 -6.92348245e-01
  2.77173214e-01 -4.74015540e-01  6.65877114e-02  6.02065936e-01
 -1.27058921e-01  7.47119023e-01 -7.87241478e-01 -2.34368776e-01
  3.61825245e-01  2.19714618e-01  5.86941350e-01 -1.73269602e+00
  1.36427184e+00 -6.24196281e-01 -4.28856275e-02 -3.63941972e-02
 -1.21165526e+00  3.84100617e-01  8.84092731e-01  1.23385983e-02
 -1.70309992e-01 -8.74326528e-02 -1.35729933e+00 -4.41480345e-01
 -1.91590800e+00 -1.24567366e+00 -9.83431952e-01  9.61422710e-01
 -6.95985152e-01 -7.50561269e-01 -9.28768532e-01  1.17595275e-01
  4.78637175e-02 -2.09602361e+00  4.98677043e-02 -5.82731023e-01
 -3.11597263e-01  3.44025158e-02 -8.61347199e-01 -6.02683761e-01
  8.88348410e-01  7.66424126e-01 -4.63279898e-01  1.80780153e+00
  5.30707254e-01 -7.13356967e-02  5.67680005e-01 -2.74326484e-01
 -1.16584058e+00  1.58015389e+00 -1.02240079e-01  3.31754122e-02
  3.94660004e-01  1.35394822e-01  2.79956600e-01 -2.40008755e+00
  6.04342096e-01  1.14341149e+00  7.87478434e-01 -4.05257359e-01
 -1.13719956e+00  1.65179142e+00 -7.37350991e-01 -5.46737202e-01
 -6.47788581e-01 -3.36293030e-01 -1.96647780e-01  1.54260940e+00
 -1.37346783e+00  1.05666873e+00 -9.55073953e-01  1.18605394e-01
  3.14222053e-01 -2.40904825e-01  3.06487587e-01  7.77534569e-01
 -7.49977801e-01  6.37917850e-02 -1.79022135e-01  5.36085950e-01
 -3.25562230e-01  3.42645530e-01 -1.02880382e+00 -6.88968323e-01
 -1.84179657e-01  1.07058548e-01 -3.33316647e-01 -2.14473269e+00
  2.34665887e-01 -8.85472725e-02 -1.64176162e+00  8.87649000e-01
  9.78461712e-01 -6.10009182e-01 -3.26456322e-01  2.26589770e-01
  8.16012117e-01  4.11855256e-01 -6.32441814e-01 -6.83129802e-01
 -9.64624808e-01  1.68765711e-01  7.10674993e-01  9.57278770e-01
 -7.97231986e-01 -1.76203104e+00 -4.27035475e-01 -5.43211841e-01
  3.88956493e-01 -9.65819691e-01 -1.31681546e+00 -5.63542621e-01
 -7.44819802e-01 -1.71111648e+00 -2.33776242e-01  5.55205628e-01
  9.37675832e-01 -3.00666239e-01 -4.41968555e-01 -1.07060354e+00
  2.88881096e+00  9.16532249e-01 -1.86585847e+00  1.61331889e+00
 -1.74901743e+00  3.13785142e-01 -3.98289101e-01 -4.58683617e-01
  5.16202155e-01 -8.07276443e-01  1.44652472e+00 -9.52974538e-01
 -6.67844801e-01 -1.13486861e-01  1.08175854e+00 -1.51241636e-01
  8.22907334e-01 -6.13339655e-01  7.03517817e-01 -3.67455173e-01
  9.10613480e-03  3.07046251e+00  1.75984938e+00  4.69990311e-01
  2.18123767e+00 -6.03762166e-01  5.26244758e-01 -9.02684679e-01
 -4.59617459e-01 -4.36431971e-01  7.49376278e-01 -4.80298526e-01
 -8.87285387e-01 -1.01619979e+00  3.93384136e-01 -1.28965003e-01
  7.15312702e-01 -7.07445083e-01 -8.62655638e-01 -1.22842301e+00
 -3.32843391e-01 -1.11507890e+00  9.93585804e-01 -8.11944258e-01
 -7.44352377e-01 -4.11969781e-01  1.16682290e+00  9.86189084e-01
  8.55738126e-01  1.41850096e+00  1.63580112e+00  3.62553092e-01
 -6.76863575e-01 -3.95114421e-01  5.61966117e-02  5.31479170e-01
  4.28476327e-01  1.59271138e+00  6.92048280e-01  2.06336071e+00
 -5.06935651e-01 -1.87981282e+00  2.70541780e+00  9.83879819e-01
 -3.06692057e-01 -5.84424896e-01 -2.50484199e-01  1.74693347e+00
 -1.13493563e+00  8.94652950e-01  1.79810670e-01 -6.98716534e-01
 -1.78951311e-02  9.77497791e-02 -7.43056140e-01  1.42832426e+00
 -2.13752326e+00  8.93078492e-01 -1.90212644e-02  1.00234523e-01
 -9.01064178e-01  8.32702412e-02  2.58245262e-01 -1.21728764e-01
  1.07854069e+00  3.68122918e-01  9.77763907e-01  4.95102055e-01
  4.71545144e-01 -1.24797890e+00 -3.44286746e-01 -3.82081884e-02
  7.48210809e-01  1.22465229e+00  7.68885281e-01 -1.32351341e+00
  6.77729726e-01  1.65540304e+00  1.20661876e-01  2.53725911e-01
  9.82879996e-01  2.41076980e+00 -1.00505848e+00  2.07013807e+00
 -2.06612576e-01  1.06569866e-01  3.24484232e-01 -8.41210935e-01
  1.81011651e+00  1.46028662e+00  1.15523785e+00 -5.24135929e-01
 -7.00353843e-01 -2.67128970e-01 -4.53241581e-01  2.05099734e+00
 -3.42780573e-01 -5.46704329e-01 -4.23424830e-02 -7.23259359e-01
 -2.23177998e-01  1.13788747e+00  5.02611090e-01 -6.80231652e-01
  1.51200547e+00  5.76631698e-01 -6.67570077e-01  1.94812535e+00
 -7.14188415e-01 -1.77860458e+00 -1.16811076e-01  1.78898458e-01
 -4.37937463e-01 -7.65616381e-01  5.61572984e-01  3.90878732e-01
  1.36487401e+00  1.02696376e+00 -6.19790125e-01  5.25159310e-01
 -3.22988803e+00 -8.87832894e-01  1.79372262e-01 -9.94419204e-01
 -4.17874006e-01  1.09529178e+00 -1.72444621e+00 -1.20493388e+00
 -8.36092706e-01  9.54282877e-01  1.76066079e+00  2.24558443e-01
  4.05520359e-01  1.31718987e+00  6.77799996e-02  1.20616587e+00
  1.42203629e-01 -8.15010626e-01  1.13710411e+00  2.20914534e+00
 -9.35043558e-01 -4.61055554e-01  2.95744818e-01  1.28974794e+00
  2.11033378e-01 -3.31088978e-01  9.41398090e-01 -9.13387832e-01
 -9.10093325e-02  1.35861454e-01 -6.65952964e-01  9.58618015e-01
  4.65031154e-01  1.17048683e+00 -1.23594864e+00 -4.82715191e-01
  8.77733387e-01  7.03067966e-01 -2.63151058e-01 -4.77371329e-01
  1.13538802e+00  1.60426673e+00 -7.44738263e-01  1.13199474e+00
 -1.58139006e+00  4.36863475e-01 -3.43749664e-01 -4.77127425e-01
  1.56550687e+00  6.01932458e-01  1.19076854e-01  1.55575986e-01
  1.16500347e+00 -4.80007205e-01  1.84672405e+00 -3.59706324e-01
 -1.58196587e+00 -8.67792217e-02 -1.31912516e+00 -7.99267084e-01
 -1.01866101e+00 -1.18208182e+00  1.89034348e+00  2.48467569e-01
 -2.84582403e+00  9.96172475e-01  1.34664818e-01  1.94215391e-01
 -2.56492303e-01 -1.21869358e+00 -1.72662519e-02  1.06160686e+00
  6.40140721e-01  5.54414038e-01  1.31498614e+00 -4.19372038e-01
 -6.36846066e-01  9.07329071e-01  1.48469487e+00 -2.03766771e-01
 -1.09631904e-02  2.50631221e-01 -5.18641122e-02  4.61039405e-01
  4.63693349e-01 -5.19440648e-02  1.69858794e+00 -1.61039422e+00
  1.84625426e-02  7.66996435e-01 -1.31816564e+00  1.89592138e+00
  1.39423329e+00  2.25443647e+00 -1.00566621e+00  5.82041832e-01
 -1.09252919e+00  4.81896439e-01 -3.84160564e-01 -9.27285686e-01
  9.55010061e-01  3.82882806e-01 -1.14293376e-03 -2.38777821e-01
  3.67731616e-01  5.22749223e-01 -2.42483530e-01 -7.07696431e-01
  8.19174771e-01 -2.40927008e-01 -5.03505584e-01 -6.27669582e-01
  3.31237460e-01 -8.45570061e-01  1.00386636e-01 -1.26285862e+00
  3.94802013e-02  1.81698025e+00 -1.00073696e+00 -1.96770501e-01
  1.26832415e+00 -3.01789385e-01 -1.98044963e-01 -7.87926101e-01
 -2.52923281e-02  4.54561857e-01  7.23996297e-01  1.15481542e+00
  4.56229391e-01  4.29465332e-01  2.19640072e+00 -1.01066482e+00
 -1.24138029e+00 -5.07812611e-01  2.39709091e+00 -6.22773081e-01
  1.07832056e-01 -1.69145286e-02  2.05047274e-01  8.69630484e-02
  4.58851477e-01  8.73773716e-01  4.55922201e-01 -2.83291243e-02
 -2.40575387e-01  8.28415410e-01 -9.58363819e-02  7.07242530e-01
 -9.57579593e-01 -1.49564558e+00  3.29873177e-01 -2.95269208e-01
  2.54839820e-01 -6.41334106e-01  1.49157494e+00 -4.66403325e-01
  1.51099539e+00 -1.33004251e+00  9.39068005e-01  2.41321422e+00
  3.83123950e-01 -1.10605852e+00  1.50607005e+00 -8.58687994e-01
  1.66058439e-01 -1.73400859e+00  2.86446506e-01  1.55432890e+00
  1.50955469e-01 -1.13963336e+00 -2.76088498e-01 -1.60740767e+00
 -2.76992368e-01  4.44842827e-01  1.32824610e+00 -1.36712114e+00
 -1.09098651e+00 -1.79629991e+00  1.43245753e+00  1.51673986e-02
  7.28353291e-01 -1.03428381e-01  3.31530612e-01  6.50985247e-01
 -1.31926526e+00  6.78655513e-01 -6.24240499e-01  4.12409422e-01
  1.14521770e+00 -3.63816740e-01 -1.07665111e-01  1.46519002e-01
 -1.10148533e+00  1.49828519e-01  1.09532567e+00  1.94548803e-01
 -5.40917355e-01  1.80364840e+00 -1.62147394e+00 -6.87314719e-01
  7.60517164e-01  1.10119370e+00 -6.85301375e-01  9.49903217e-01
 -3.04246850e-01  2.36812508e+00 -7.84346953e-01 -1.10829685e+00
 -2.08895862e+00  1.72187643e-02 -5.60042264e-03 -6.32041494e-01
 -4.67477646e-01  1.92071937e-01  3.16421162e-01  1.88391680e+00
  2.43610780e+00  8.98692467e-02 -1.16797055e+00  1.59220761e+00
 -1.57420303e+00  4.28735268e-01 -9.99590481e-01  1.30111440e+00
  1.83729746e-01  1.31927464e+00 -2.28650333e-01 -1.09705278e-01
  5.77247415e-01 -6.71907840e-01  4.78757410e-01  7.76168174e-01
  6.54968659e-01 -8.02871655e-01 -2.66942067e-01 -6.77041699e-01
  6.23834842e-01  1.22650975e+00 -5.60273172e-01  1.33201049e+00
  1.21515505e-01 -4.64962878e-01 -1.16727477e+00 -5.35708388e-01
  6.12736834e-01 -5.61746684e-01 -9.15929449e-02  3.56320518e-02
 -1.14653004e+00 -7.90327936e-01 -1.17949581e+00  7.28638723e-01
 -1.04854686e+00 -1.06848522e+00 -1.00473061e+00 -1.33990228e+00
  5.44884384e-01  7.23733011e-01  1.61760908e-01 -3.54536973e-01
  1.63447069e-01 -1.60926304e-01 -6.18609729e-01  4.98990400e-02
  1.15218893e+00  7.33234502e-01 -1.63062963e+00  9.80114720e-02
  5.72206148e-01 -7.69453503e-01 -2.67885527e-01 -6.57702978e-01
  1.62956481e+00 -1.02389175e+00  3.63538705e-01  1.57555421e+00
  2.27735567e-01  8.52807202e-02 -1.69773932e+00 -2.62867042e-01
 -2.40474144e-01 -1.50448973e+00  7.86469367e-01  5.87932479e-01
  7.06150751e-01 -8.51126147e-01  6.94622767e-02 -1.54782707e+00
  9.84437665e-01  9.89815138e-01 -1.64551893e+00  1.62217565e+00
 -1.43272612e+00 -1.05036138e+00 -6.21462067e-01  3.42096569e-01