-5.33932758e-01  3.73463683e-01 -5.60953557e-01 -5.88453937e-01
 -1.10837890e+00 -2.55662437e+00 -4.67052977e-01 -4.00681926e-01
 -1.17083782e+00 -3.41532218e-01 -1.85814384e+00  7.28175826e-01
 -3.36847779e-01  8.38551366e-01 -3.40032700e-01 -2.86081768e-01
 -4.36612484e-01  3.39299831e-01 -3.51833064e-01 -1.10119497e+00
  2.06561832e-01  1.83310556e-01  1.34457513e+00 -1.18008318e+00
 -2.09633906e-01 -6.32749181e-01 -7.41552086e-01  2.13904138e-01
 -7.64225497e-02 -9.05371563e-01  6.30148593e-02  9.92526845e-01
  1.75786066e-03  9.90680375e-01  1.27655374e+00  1.09705443e+00
  4.06001293e-01  1.13820924e+00 -2.10660098e+00 -5.75483842e-01
 -8.02128456e-01 -2.49608168e-01  1.36933787e-01  8.03062171e-01
  9.94081210e-01 -8.64432080e-01 -1.65322046e+00 -3.99704889e-01
  1.95266590e+00  4.39900159e-01  1.77613682e+00 -1.30910572e+00
  6.97823329e-01  1.06155477e+00 -4.83557049e-01  9.43147732e-01
 -1.55395288e+00  1.64476219e+00  4.45893305e-01  6.11005226e-02
 -4.13832023e-02 -1.67242400e+00  2.04193620e+00  2.71075322e-01
  1.49836232e+00 -8.30392468e-03 -1.35987480e+00  9.27708003e-01
 -7.10561966e-01 -2.88428865e-01 -9.92197504e-01  3.24843502e-01
 -2.19416905e-02 -1.46747560e+00 -7.86811982e-02 -1.98583181e+00
 -1.40743569e+00 -2.35114987e-01  6.22460308e-01  1.83074788e+00
 -6.11466319e-01 -1.30038083e+00  6.71187431e-01  5.61835463e-01
 -6.75996039e-01  4.18974265e-01  8.97630377e-01  4.61878759e-01
 -5.60166647e-01  7.92215136e-01  1.55257189e+00  1.12374777e+00
  1.08016899e-01 -4.90400151e-01 -1.66145927e-01  7.05950602e-01
 -1.23930508e+00  5.18419688e-01  1.48652221e+00 -4.91056805e-01
  7.20643046e-01 -9.65410120e-01 -8.47707685e-01 -4.78180619e-01
 -8.51311874e-02  1.16692696e+00  6.32509743e-01 -4.10121489e-01
 -2.75523091e+00 -6.12607575e-01  3.69414064e-01 -3.86823720e-02
  3.04294284e-01 -1.96659042e+00  1.17494121e-02 -5.30840941e-04
 -1.33349057e+00  2.44114291e-01  1.10023686e+00  9.43466146e-01
 -1.17698977e-02  4.80273557e-01  3.38463834e-02  2.04636482e-01
 -3.59089245e-01  6.15336173e-01  1.28575606e+00 -1.19832853e+00
  8.49597111e-01  6.32587479e-01 -7.77912921e-01 -6.04115580e-01
  2.86799881e-01  5.00823604e-01 -8.72015769e-01 -4.82685567e-01
 -5.65911727e-01 -1.38846837e-02  1.19495156e+00  1.38009776e+00
 -2.39038195e-01 -2.63171977e+00 -7.63120166e-01  1.72850695e-01
  1.94864205e+00  1.42712617e+00  1.25629909e+00  1.43052368e+00
 -8.18608598e-01  6.47881293e-01  6.30915555e-01 -3.31087356e-01
 -1.92567039e+00  9.07543089e-01  3.85662467e-01 -1.28242095e+00
  1.19484309e+00 -1.66052711e+00 -7.36453250e-01  6.20740722e-02
 -2.22917697e+00  3.06829276e-01  7.02311070e-01  1.67946017e+00
 -3.99961770e-01  4.97155772e-01 -1.75784190e+00  1.20763728e+00
 -5.07531506e-01  1.19194091e+00 -5.25835541e-01  4.50725980e-01
  3.56383120e-01  1.79191545e+00 -1.89074359e+00  5.72016687e-01
 -8.19007139e-02  4.49996074e-01 -8.69743659e-01 -1.76636288e-01
 -9.24495030e-01  3.69736679e-01  1.43225185e+00  8.92810261e-01
 -6.30866875e-01 -2.00554305e-01 -8.91960794e-01  1.01216128e+00
 -4.03432546e-01  9.92749472e-01  8.69488352e-01  3.19197416e-01
  3.61790864e-02 -8.51228326e-01 -1.24798298e+00  2.77462846e-01
  1.23436716e+00 -3.67569588e-01 -1.24103713e-02  8.34605887e-01
 -4.84289751e-01  1.02748050e+00  1.25780077e+00  1.91118403e-01
 -4.21329153e-01  6.94231077e-02  7.10920686e-01  2.31511816e-01
 -1.26087399e-01  7.36331754e-01  7.99110601e-02 -1.71240774e+00
  7.88795446e-01  3.84849214e-01  2.29498175e-01 -3.24868050e-01
 -1.65720923e+00 -9.13737837e-01 -7.49967948e-01  8.20702526e-01
  6.90118767e-01 -1.24540468e+00 -7.24569082e-01  1.04686604e+00
  2.80179643e+00  4.84989450e-01  2.16688238e-01  3.23937330e-01
 -1.20757265e+00 -2.75330506e-01  8.87974792e-01 -1.86663315e+00
  2.41102411e-01  1.01404605e+00 -1.37111611e+00 -8.98842301e-01
 -2.73416814e+00 -5.01381601e-01 -1.40530184e-01  5.64577706e-01
  2.72272615e-01 -9.36708222e-01 -7.85793684e-01  2.11730144e-01
 -2.50045508e-01  1.45033079e-01  1.33319734e+00  1.70154969e-01
  1.85056504e+00 -1.92887129e-01 -1.45563177e+00 -1.02605225e+00
 -1.10406099e+00  9.48558749e-01  4.31167140e-01 -5.42318645e-01
  1.40979202e+00  1.66262720e-01 -4.36573604e-01 -5.18300230e-01
 -8.31454109e-01  2.74615473e-01  9.40860457e-01  2.94196066e+00
 -2.21843031e-01  2.53943829e-02 -1.55053264e+00  1.20156575e-02
  1.89825013e+00  2.16046002e-01  4.19834156e-01 -4.64885950e-01
 -1.02556747e+00 -8.20386729e-01  1.31317745e+00 -3.25825297e-01
 -9.78026256e-01 -2.17234519e-01  2.62064760e-01 -4.59931028e-02
  1.50496614e-01  1.33397496e+00 -7.34821553e-01  1.97807216e-01
 -3.55820462e-01 -1.36075904e+00 -1.23789253e+00 -1.15044360e-01
 -5.12401941e-01 -9.00913430e-01  8.02514952e-01 -2.79821729e-01
 -1.71517933e+00  9.79696191e-01 -6.95906029e-01 -5.91063389e-01
 -1.40419092e+00 -1.23898230e-01 -1.20713875e+00  1.42605486e+00
 -2.59363345e+00 -6.58213787e-01 -7.42466657e-01 -6.78598941e-01
 -1.06628593e+00  2.09177802e+00 -7.94276625e-03 -1.75491162e-02
 -1.06349349e-01  1.35058616e-01 -1.76547614e+00  9.20429065e-01
 -1.10258173e+00 -6.78396338e-01  1.03331018e-01 -6.16280737e-01
 -2.22613504e-01  5.44018402e-01 -3.27321261e-01 -1.39073011e-01
 -1.66324153e+00  6.45555750e-01  9.14569635e-01 -4.05075067e-01
 -8.00942901e-01 -7.16891159e-01  3.00550248e-01 -6.68706331e-01
 -4.29950012e-01  1.48949783e+00 -5.97581643e-01  1.94113829e-01
  5.63820637e-01 -9.64778717e-01  4.23109623e-01 -2.01678480e-01
  9.85087985e-02  7.60272862e-01  6.80127831e-01 -6.24820337e-01
 -9.97803256e-01 -1.00592395e+00  3.93164446e-01 -2.03814014e+00
  2.27629800e-01  4.39023833e-01 -9.12507769e-01 -6.75574109e-01
  8.29663695e-01 -1.60400174e-01  8.41676398e-01  1.03218582e-01
 -1.81373481e+00 -7.81498291e-01 -2.03956114e-01 -7.42902879e-01
 -2.33513074e-01  3.84838838e-01 -4.11302216e-01  4.66673512e-01
 -2.04413759e+00  1.58700735e-01  4.94236850e-01  5.76504701e-01
 -5.88238772e-01  1.05090088e+00  1.19659392e+00  7.10765835e-01
 -8.76527011e-02 -1.19993818e+00 -2.31459097e+00 -1.19154181e+00
  9.43236761e-01 -1.37507058e+00  1.70035277e+00  1.54521582e-01
  5.83195368e-01 -1.27286442e+00 -9.81998965e-01  2.05073054e+00
 -3.42804318e-02 -1.72493612e+00  2.78270586e-01 -1.12478306e+00
  9.83273155e-01  7.96183260e-01 -3.09289520e-01  2.43276505e-01
  2.40711953e-01 -8.39463222e-01 -8.81897978e-01 -1.83436623e+00
 -1.76200527e+00 -4.16382663e-02 -7.50625803e-02  6.56521182e-02
  3.45075687e-01  1.88138135e-01  1.37590821e-01 -6.74714922e-01
  1.87091573e+00  1.72606832e+00  4.19018457e-01 -6.59709553e-01
 -2.88065918e-01 -5.09107062e-01 -5.22235194e-02  4.87291237e-01
 -2.04899362e-02 -6.91123788e-01  1.47765574e+00 -3.34187301e-01
  4.86820885e-01  1.42857303e+00  1.06512023e+00 -1.06195523e+00
  3.19355139e-01  3.27899983e-01  8.83294203e-01  6.69604435e-01
 -2.09126814e+00 -1.25205268e+00  6.27943897e-01 -4.38845158e-01
  1.26163964e-01 -8.51646958e-02 -4.86407165e-01 -8.54878359e-01
 -9.13389567e-01 -1.55840443e+00 -2.91920500e+00  1.03135420e+00
 -1.04596724e+00 -4.79242399e-01  1.85458005e+00  6.57591325e-01
 -1.05245328e+00 -1.05932985e+00 -5.17951062e-01  7.08089618e-01
 -3.07138925e-02 -3.62463687e-01  2.38018136e-01  2.12425350e+00
  9.35569924e-01 -6.27440922e-01  1.61908137e+00  3.57833839e-01
 -4.98033311e-01  4.29544336e-01  4.60805087e-01  1.85681007e-01
  1.35171555e+00 -6.12482986e-01 -1.47343859e+00 -8.14328445e-02
  1.00681215e+00  1.49886962e+00 -4.52170837e-01  1.01019489e+00
 -8.19767778e-01 -8.18831451e-01 -9.89613727e-01  1.02762690e+00
 -9.52614747e-01  2.88218886e+00  1.75323179e+00  1.35678065e+00
 -3.04672037e-01 -1.25048348e+00  3.06604538e-01 -1.31452215e+00
 -1.50342541e-02  1.08387194e+00 -9.13565821e-01  7.68298664e-02
 -5.35797420e-02  9.16628291e-01 -6.87628946e-01  5.92172981e-01
 -1.68770827e+00  6.97409745e-01 -8.50227818e-01  8.92545862e-01
 -7.72160650e-01 -2.04545019e-01  8.48480338e-02  9.35541576e-01
  8.26360725e-01  3.86249049e-01  3.97853425e-01 -7.08657565e-01
  2.63978319e-02  8.32946629e-01  1.18761183e-01  1.33737702e+00
 -8.58517174e-02  5.16232927e-01  7.78578981e-01  4.24392244e-01
  2.29390263e-01 -9.43605356e-02  6.76618423e-01 -6.85940428e-01
  1.16476487e+00 -1.03748622e+00  1.05138100e+00  8.49294401e-01
 -3.29129818e-01  2.93622166e-01  9.83946142e-01 -5.30393136e-01
 -1.65865076e-01  3.80890694e-01 -1.37588803e+00 -3.80237816e-01
  2.12445890e-01 -6.54564455e-01  4.95450838e-01  1.28281485e+00
 -3.46816727e-01  1.73202571e+00  1.88544239e+00 -3.58542463e-02
  7.18856763e-01  9.57406337e-01 -9.72376191e-01  3.66666109e-01
  1.87180475e-01 -1.63896287e+00  2.34905074e+00 -2.11325940e-01
  9.75038385e-01 -3.67117371e-02  6.35619402e-01 -7.35849489e-01
  9.36673542e-01 -1.42528686e-01 -1.29570200e-02  8.06864248e-01
  6.17889887e-01  6.27564310e-02  8.22277859e-01  1.25327711e+00
  2.13604271e+00 -5.67572923e-01  8.70578347e-01 -7.22310458e-02
  4.76805052e-02 -2.60739100e+00 -3.21903904e-01 -7.19488012e-01
 -1.96111785e+00  3.80823327e-01  5.05692004e-02  5.66256476e-01
  2.50386908e-01  8.16787094e-01 -1.84720466e+00 -1.46562400e+00
  5.36744030e-01 -7.07840860e-01 -1.76621265e-02 -2.36851581e-01
 -1.15428519e+00  3.22702188e-01  9.77867572e-01 -4.55426621e-01
 -1.23633732e-01 -1.31378635e+00 -1.20189027e+00  6.72883472e-01
 -5.96807455e-01 -1.00766600e+00 -2.32772325e-01  5.85369912e-02
 -1.38518099e+00 -3.34586466e-01  6.87457685e-02 -3.91124633e-01
  7.80407394e-01 -8.66134482e-01 -2.19610049e+00 -1.67888838e+00
 -1.12719023e+00 -8.56383065e-01  1.22180766e+00 -1.78813564e+00
  2.62861006e+00  9.55450095e-02 -8.01521700e-01 -9.41911516e-01
 -1.39655917e+00 -9.56591179e-02  8.66291078e-01  1.01154219e+00
 -1.86514923e+00  5.45780585e-01  4.53487797e-01 -5.97856466e-01
  2.24212874e+00 -5.85780985e-01 -1.46994737e+00  5.38945563e-01
 -8.08241143e-01  2.27441770e-01 -1.24894704e-01  1.12343924e+00
  1.40166075e+00  5.08251798e-01  8.67939117e-01  1.54935674e-03
 -1.85275060e+00 -1.19944303e+00  6.08590454e-01  1.85239003e+00
 -2.02336207e+00  1.61213103e+00  6.15624517e-01  6.00116137e-01
  2.26540440e+00  5.12212771e-02 -2.77013192e-01  1.76245616e+00
 -1.87223232e-01  1.16827590e+00 -1.34277204e+00 -1.60012258e-01
  6.27455292e-01  1.58116087e+00  8.23609177e-02 -8.62837614e-01
  2.26193290e-01  1.74938732e+00 -2.73188069e-01  1.28426811e+00
 -3.21798134e-01 -3.08336182e-01  1.48661533e+00  1.74706171e+00
  1.53387018e+00 -6.00585085e-01  9.88666493e-01  6.88947394e-01
 -3.51348444e-02  3.95940999e-01 -3.52653871e-01 -4.44903534e-01
 -3.42276496e-01  1.05667304e+00  1.01278071e+00 -1.14057069e+00
  1.94442850e+00  5.07293051e-01 -9.95604996e-01 -1.07548295e+00
  1.79526199e+00  1.02344775e-01  2.32450378e+00 -8.87484025e-02
  5.23095550e-01  9.33058698e-01 -1.47490083e+00 -1.70306824e+00
 -4.43884478e-01  7.32213691e-01  1.95375611e+00  4.34408750e-01
  7.62824947e-01  5.22160435e-02  1.30558797e+00 -8.90007939e-01
 -1.29828660e+00  5.66979166e-01  5.21648850e-01  2.76270395e-01
  3.95425987e-01 -1.61372527e+00 -1.54888528e-01  1.57942842e+00
 -1.81042752e+00 -1.11602768e+00 -4.17482038e-01  1.99882336e-02
 -9.86951527e-01  2.37322830e-01 -8.45750052e-01  1.01726793e+00
 -1.59703263e+00  1.46007124e-01 -5.91999550e-01 -1.50088834e+00
 -2.11113557e+00  1.20003745e+00 -4.74529585e-01 -1.16680220e+00
  6.30990269e-01  9.87018728e-01  1.61294416e+00 -5.28639123e-01
 -6.03291611e-02 -1.04769361e+00  1.23627168e+00  7.33717776e-01
 -4.84491755e-01 -4.14170352e-01 -2.22585607e-01  5.85326597e-01
 -1.42870448e+00  2.01362251e+00 -9.64959395e-02  8.43415732e-01
 -1.30333310e+00  6.35759835e-01 -8.00987881e-01 -6.97401332e-01
  8.40250661e-01  1.96024147e+00  7.90568310e-01 -9.28473987e-01
  3.97002991e-01 -1.11934949e+00 -2.56086112e-01  2.72055395e-01
  6.19502197e-01 -1.55560203e+00 -7.84109195e-02  3.59381945e-01
 -1.38276997e+00  8.07232496e-01  3.88427670e-01 -2.54233995e-01
 -1.24161937e+00 -1.04196160e+00 -9.48863912e-01  1.99019861e+00
 -8.98412844e-01 -1.41685014e+00 -1.30437089e+00  6.60432511e-01
 -4.50590436e-01 -2.37178309e-01  1.23103293e+00 -1.23271800e+00
  1.29786442e+00 -1.73670708e+00 -3.37866399e-01 -8.45804665e-01
  5.36330011e-02  1.04366249e+00  8.06009103e-01  1.19898981e+00
  8.69011724e-01  9.33465783e-01 -1.89771380e+00 -1.64645743e-01
 -9.35741926e-01  9.31835105e-02  2.11142238e-01  1.75086480e+00
 -3.48890496e-01  6.94388722e-02  1.63820983e-01  1.17329382e-01
 -1.79786924e+00 -3.51014659e-01  2.07794061e+00  1.07564938e+00
  9.32437055e-01 -2.97952246e-01 -1.18093099e+00 -6.37002410e-01
 -5.36058509e-01  4.96045467e-01 -7.82048557e-01 -8.45028019e-01
  1.69757390e-01 -5.25987117e-01  9.91026062e-01 -2.70858363e+00
  5.81150356e-03  3.12354128e-01  8.33819791e-01  1.35974377e+00
 -2.59421294e-01  6.59154721e-01 -7.47621233e-01 -7.95515748e-01
 -6.84772801e-01 -9.45529320e-02 -3.97326673e-01  9.04173661e-01
 -1.77615822e+00  2.67055939e-02 -3.28017666e-01  2.17956391e-01
 -1.06039754e+00  3.54626008e-01  2.54003338e-01  2.99830787e-01
 -1.72527564e+00  8.84730360e-01 -4.92836593e-01 -2.03256178e+00
  2.27661690e-01  8.93659510e-01  1.80420327e-01  4.81425734e-01
 -8.12230821e-02  1.07760333e+00 -3.71182368e-01 -9.64492809e-01
 -1.04570787e+00 -2.19227939e+00  5.08380646e-01 -2.09670949e+00
  3.18909905e+00 -6.07587647e-01 -1.09283164e+00  2.78487888e-01
  1.94246474e-01 -2.15604205e-01  7.78666858e-01  2.60923089e-01
  1.90971933e+00 -1.62885294e+00 -2.99651594e-01  1.27846746e+00
  8.43738000e-02 -7.09951053e-01  1.70267655e+00  5.80746992e-01
  4.49086908e-01  8.53456187e-01  4.86114452e-01 -4.70070552e-01
  7.34654342e-01  8.53455074e-01  1.53830496e+00  1.22057667e+00
  3.53858629e-01 -1.70830687e+00  1.08816749e+00 -7.21815229e-01
 -4.44270216e-01  9.13694631e-01  4.75371174e-01 -6.36257962e-01
  2.53538914e-01  2.15587864e-01 -8.80178363e-01  6.09515765e-01
  9.01132162e-01  6.09583055e-01  4.76962521e-01  2.06683538e-01
  8.47565829e-01  1.29691793e+00 -7.05919058e-01  7.57115418e-01
  8.82071137e-01  9.55599861e-01 -4.89874341e-01  1.80685716e+00
  7.15105730e-01  2.84228459e-01 -2.54824107e-01  6.49282585e-01
  9.03869699e-02 -4.06002597e-01  5.98265515e-01 -1.33637167e-01
 -5.08282111e-01  1.37133504e+00 -8.68813001e-01  7.20058742e-01
  2.00933513e-01 -2.09643681e+00 -1.65793760e+00 -1.11226718e-01
 -8.35338803e-01  4.87720639e-01  2.40833171e-01 -1.91002056e-01
  1.02304953e+00 -5.79550432e-01 -4.10157025e-01  1.37065849e+00
  2.88857788e-01  1.08866604e+00  5.25176357e-01  6.48446480e-01
  4.42028652e-01 -3.90441360e-01  1.01098852e+00 -2.06560947e-01
 -2.24968382e+00 -3.19189685e-01  1.29253841e+00  1.33928328e+00
  1.25885364e-01 -6.57898499e-01  9.57049478e-01  1.18257589e+00
 -1.32035197e+00 -1.78678317e+00 -1.19710053e-01 -5.05091180e-01
 -3.73801793e-01  8.69949141e-02  5.97868149e-01  4.39669378e-01
 -4.10316339e-01  2.30389671e-01 -9.38514050e-01 -6.89540405e-01
 -6.63830744e-01  8.90465723e-01  4.49785826e-01  3.39121578e-01
  3.33097683e+00 -5.87360453e-01  7.64049939e-01 -1.75361690e-01
 -1.37643962e+00  4.38858281e-01  3.42332921e+00 -2.30766147e-01
 -1.06731691e+00  1.21104387e+00  1.95172468e-01 -3.41936515e-02
  7.42320461e-01 -1.23432980e+00  1.25805095e-01  2.07851099e+00
 -2.13817096e-01  5.13000143e-01 -5.93121320e-01 -6.90860514e-02
 -3.01523984e-01 -5.41913326e-01  1.18428796e+00  9.13685282e-02
  4.79332033e-01  1.97385246e-01  6.41327517e-01  1.62435054e+00
  3.52891238e-01 -1.70238695e+00 -6.27611242e-01 -1.66509770e+00
  2.29805451e-01 -3.30651715e-01  2.56848103e-02 -2.75881418e-01
  6.63988215e-01 -4.09293304e-01 -1.12627713e+00  6.63454611e-01
  2.10756067e-01  3.86511045e-01 -1.23056348e+00  2.46166547e+00
  8.92091207e-01 -1.35226599e+00  6.32344567e-01 -4.04338511e-01
 -2.40346325e-01  9.48101353e-01  3.47422442e-01 -3.27811684e-01
 -9.19965209e-02  6.68296002e-01  1.09953955e+00 -8.88944590e-01
  2.72524628e-01 -6.53877889e-02  7.88452212e-01  1.94112080e+00
 -1.34591311e+00  1.20937650e+00 -2.31193976e-01 -5.77675934e-01
 -5.00262326e-01  1.39670559e+00 -4.45529036e-02 -2.87114253e+00
 -7.79176852e-01  3.43958070e-01 -4.67635494e-01  7.09435068e-01
 -1.07796618e-01  1.25637096e+00 -2.37688910e+00 -5.73289925e-02
 -6.61392797e-01 -5.54764021e-02  8.20212469e-01 -5.66622474e-01