-8.70101668e-01 -1.91901180e-01  3.82194558e-01  1.11383337e+00
 -1.15656752e+00  1.06088680e+00 -2.01357649e+00 -6.71466808e-01
  3.27865940e-01  6.51950376e-01 -8.21592279e-01 -8.10632414e-01
  2.72482573e-01 -6.67172761e-01  6.06964628e-01  7.33950384e-01
  1.23891265e+00  5.38670138e-01 -1.57976212e-02  1.80497526e+00
  9.90344380e-01 -9.34099030e-03 -9.35289346e-01 -4.14186439e-01
  5.39702840e-01  1.68470467e-01 -1.23921060e+00 -1.19601362e+00
  9.54310633e-01  4.03067477e-02  4.06064129e-01 -2.25689788e+00
  3.41351463e-01 -1.23206733e-01  1.99347201e-02  1.82736909e+00
  1.25158131e+00  7.24199631e-02 -3.24149849e-01 -7.00577558e-01
 -7.43739617e-02  1.23103447e+00 -5.71505481e-01 -1.63076583e+00
 -1.42182886e+00  5.46122594e-01 -7.33126890e-01 -1.03226395e+00
 -7.71376983e-01  5.49580879e-01 -1.61832188e+00  8.69043147e-01
  4.53753187e-01  1.72589697e-01  2.03311982e+00  1.33917909e+00
 -8.67975210e-01 -6.02014971e-01  1.50508931e-01 -2.62290567e-01
  1.06736924e+00  5.06299640e-01  2.46433053e-01  1.19944107e-03
 -1.01526317e+00 -3.54218231e-01 -7.39331946e-02  2.83773254e+00
 -1.34183181e+00 -1.27542625e+00  3.32562849e-01  5.04114288e-01
  2.44032582e-01 -6.81816962e-01  1.43075563e+00 -1.14089340e-01
 -9.23602449e-01  5.07689600e-01 -8.28775457e-01  1.39538402e+00
 -5.42006850e-01  2.78401487e-01  1.05174854e+00  2.81815395e-01
 -7.07748464e-01 -1.16257719e+00 -1.11988017e-01  1.10034862e+00
 -4.02179644e-02 -2.36858642e-01  2.23460031e+00 -1.48114975e+00
  6.07152942e-01  3.73762872e-01  1.19364291e+00 -5.83826963e-01
 -1.83307963e+00  4.71236865e-01  6.31392578e-01 -1.21212729e+00
  1.51388723e-01  5.25934682e-01 -1.99775111e+00  4.49105024e-01
 -5.24954618e-01 -2.32166736e+00 -6.24495523e-01 -2.44979100e+00
  7.75170290e-01  5.54801605e-01  1.30451756e-01 -2.66627223e-01
  5.53229070e-01  1.30877141e+00 -1.05870864e+00 -1.56737352e+00
  1.31875547e+00  9.25008012e-01 -8.97919091e-01 -7.30588282e-01
 -1.41482052e+00 -3.07104736e-01  1.27438296e+00 -6.06949273e-01
  1.31406137e-01  2.03364576e-01  6.34819033e-01 -3.10140661e-01
 -7.57106986e-01 -7.16956352e-01  4.51209796e-01 -2.51435536e-01
  2.20711914e+00  4.36906087e-01  1.09116968e-01  7.98046987e-01
 -2.03379241e+00  6.30462231e-01 -3.58867009e-01  1.16463243e+00
 -4.84734619e-01 -3.03151476e-01  1.29547810e+00 -7.45712191e-01
  2.63552092e-01 -1.04956121e+00 -8.92631836e-01 -1.04213024e+00
 -4.01229979e-01  8.18689871e-01  1.45432078e-01  5.28046003e-01
 -7.26995952e-01 -1.18560487e-01 -1.20547262e-01 -1.12790911e+00
  4.37641255e-01 -1.98919066e-02  2.14211258e-01 -3.23248740e-01
 -4.81032740e-02  1.37537774e+00  1.17267578e+00 -6.53197675e-02
  1.45937635e+00  7.55714136e-01  7.10862205e-02  5.15167075e-02
 -8.76570760e-01  1.82852479e+00 -2.01376630e-01  1.39391694e+00
  1.35422491e+00 -3.36716479e-01  1.82746797e-01  9.25546510e-01
  1.26990021e+00 -7.74731503e-01  1.18672447e+00 -5.64000953e-01
 -4.92889614e-01 -1.28911278e+00 -7.40250166e-01  7.90342099e-01
  5.21869357e-01  1.67732863e+00  2.73789080e-01 -8.65424024e-01
  7.77238858e-01  2.98804051e-01 -6.36592440e-01  1.54130176e+00
  1.92068972e-01  1.61631292e+00 -7.63836226e-02  6.54085736e-01
  8.45262663e-01 -9.83702544e-01 -6.40171843e-01  3.07377858e-01
  9.52648725e-03 -4.61059861e-01 -7.35503801e-01 -1.24832454e+00
  9.22914695e-02 -3.55027934e-01  5.82958786e-01 -5.60233673e-01
 -2.51186342e-01 -1.98054665e-01  1.04378856e+00 -1.39765809e+00
 -2.10796114e+00  7.70458769e-02  6.97339012e-01 -2.91096242e-02
 -9.92950503e-01 -7.56181495e-02 -5.87154611e-01 -1.18860253e+00
 -5.67709649e-01 -9.16792214e-01 -8.57020769e-01 -1.32351713e+00
  3.00690256e-01 -2.51805193e-01  8.31583391e-01 -2.39016596e+00
 -1.13962966e+00 -1.27223889e+00  1.17983855e-02 -2.19925405e+00
 -4.91786646e-01  2.87089963e+00 -1.14127060e+00 -8.24911791e-01
 -4.14693603e-01  1.90536563e-01  1.96104140e-01 -3.42781846e-01
 -2.15977593e+00  9.19543415e-01 -3.26087312e-01 -2.66027730e-02
 -1.26089896e+00 -7.88342169e-01 -6.18485890e-01 -9.84461027e-02
  2.67936886e-01 -8.58600176e-01 -8.50506674e-01 -7.14523786e-01
  7.55450224e-01 -1.59206077e-01  8.36708526e-01  1.89617725e-01
  6.32813685e-01  1.23943990e+00  9.31416016e-01  1.09145542e-01
  7.95040667e-02 -1.27606053e+00 -3.40340403e-01  1.38876295e+00
 -5.28656310e-01 -1.72478729e+00 -2.05244863e-03 -1.57429053e-02
 -4.87597228e-01 -4.33804431e-01 -8.42112580e-01 -1.35024085e+00
 -9.37173745e-02  1.18476625e+00 -3.12305839e-01  1.71747553e+00
 -1.76864768e+00  1.11838905e+00  1.45638878e+00  3.45717176e-02
 -5.31333907e-01 -1.94424456e-01  3.08046041e-01 -1.26338866e+00
  1.14175848e-01 -5.61558482e-01  2.97279432e-01  7.79519406e-01
  6.68363597e-02  1.97857505e-01  9.98110032e-01 -1.95186415e-01
  1.20870613e-01  5.73498226e-02  6.79564268e-02 -5.42090632e-01
  6.16289964e-01  5.29923637e-01 -6.95146867e-01 -1.00123552e+00
 -5.12634073e-01  7.58008787e-01 -6.43718474e-01  3.05185676e-01
 -8.51380144e-02 -1.96806438e-01 -2.95641446e-01 -2.70292970e+00
  1.61441256e+00 -4.96345008e-01  7.19819450e-01  1.61026931e+00
  3.68848664e-02  5.12449688e-01 -6.33327609e-01 -5.56908740e-01
  3.23456145e-01  1.01381767e+00  8.45162269e-01  5.34820257e-01
  2.80579137e-01 -1.10850061e+00 -1.36969867e+00 -9.51684737e-01
 -8.74973466e-02  1.13954658e+00 -8.09694166e-01 -5.76464657e-01
 -1.24690960e+00  2.12778165e-01  1.86325587e+00  1.02362321e+00
  1.59507093e+00  1.60996733e+00  1.30430470e+00  2.64177977e+00
  4.53894747e-03 -1.21530938e+00 -2.18643006e+00 -3.12302757e-01
  5.79141439e-01  1.30344188e+00  2.87456086e-01 -5.79985023e-02
 -4.86121554e-01  1.17806753e+00  2.10863375e+00 -1.05444787e+00
  2.73975068e-01  3.59302589e-01  6.28034380e-01  1.27339423e-01
  3.48996239e-01  9.84794282e-02 -4.19323176e-01  1.39626576e+00
  7.55870561e-01  1.25085497e+00 -3.75760701e-01  3.31972456e-01
 -5.74030982e-01  2.79993236e-01  1.07332960e+00 -6.60598721e-01
  1.62582073e-01  1.81446817e+00 -1.48857397e+00 -1.97387521e-01
 -4.80451444e-02  4.10976137e-01 -2.13528788e-01  7.55651318e-01
 -1.52730077e+00 -1.49182213e+00 -9.25271295e-01 -2.61546982e+00
 -1.03266435e+00  2.40075776e+00  1.68696260e+00  8.03108815e-02
 -2.75769360e-01 -1.10926407e+00  8.92128174e-01 -3.83980864e-01
  4.98324718e-01 -1.53823002e+00 -1.60541996e+00  7.33010149e-01
  6.31022641e-01  7.06091232e-01 -7.02290595e-01  1.14656195e+00
 -1.55335286e+00 -6.25917901e-01 -2.04057080e-01  5.97314138e-01
 -1.68318754e+00  5.09673085e-02 -1.01130633e+00 -1.71736367e+00
  1.93607324e-01 -3.70794448e-01 -3.22123500e-01 -9.44161076e-01
  7.30746022e-01 -1.47813141e+00  2.83245684e-01  8.97102810e-01
  2.27649246e+00  1.82071316e-01  1.25377294e-01  2.34347596e-02
 -3.38131268e-01 -2.17486299e-01 -4.19347982e-01 -3.33216991e-01
 -9.05354103e-01 -1.09911552e+00  9.47001030e-01  1.20092970e+00
 -3.46883368e-01 -7.81129423e-01  4.52102368e-01  1.85178481e+00
 -3.51266654e-01  4.05176636e-01 -1.31784382e+00  9.73662160e-01
 -1.83477467e+00  7.71865172e-02  8.26468923e-01  5.57681174e-01
 -4.22850216e-01 -4.79641012e-01  4.72723956e-01 -8.11666202e-02
  1.13388883e+00  9.22672571e-01  4.71659026e-01 -7.71048934e-01
 -5.20969681e-02 -5.19215130e-01  1.22709078e+00 -6.11673231e-02
 -1.07310855e+00 -3.47991036e-01  1.18248054e+00  1.34031485e+00
  1.15516180e+00  6.32655850e-01 -9.13822710e-01 -1.01544038e-01
  1.07745993e+00 -5.27615945e-01 -1.45403921e-01  1.94239957e+00
 -2.17529049e-01 -1.06380163e+00 -1.00290738e+00  3.21111585e-01
  4.27566043e-01 -9.37859595e-01 -1.24980953e+00  2.14289290e+00
 -4.84389273e-02  8.09962329e-01  6.45373976e-01  3.37611360e-01
 -8.43731181e-01 -1.26612391e-01  1.19938617e+00 -1.46130951e-01
 -1.03133948e+00  3.07649741e-02  6.84602518e-01 -6.45606857e-01
  2.78293258e-01  1.74136504e+00  9.90743360e-01  1.60480681e+00
 -1.45786018e+00  1.44492050e-01 -9.63672492e-01  7.87296212e-01
  6.37809270e-01  7.33263702e-01  2.83320314e-01  6.32577232e-01
 -1.12083729e+00 -5.36869623e-01  1.22095875e+00 -5.43957788e-01
 -3.08312000e-01 -3.28048708e-01  1.20276805e+00 -6.84107570e-01
 -1.68200628e-01 -1.97859285e+00 -3.62543979e-01 -1.61168810e+00
  3.24750374e-01 -3.61227941e-03  2.20787513e-01 -1.53986773e+00
 -5.79560022e-01  1.55475006e-01 -2.00360237e+00  8.09881607e-02
  1.24201287e+00 -9.43395117e-01 -7.60631077e-01 -7.53059639e-01
 -3.45441050e-01 -1.06808234e+00 -8.02081091e-01  1.85090161e+00
 -7.82137520e-01 -3.56836527e-02 -6.02683130e-01  1.74153221e-01
  5.64328178e-01  8.02629933e-01  1.43667783e+00  1.94073306e+00
  3.81166723e-01 -6.14428499e-01  1.04151654e+00  1.87645460e+00
  3.74160683e-01 -1.03463090e+00  5.70959507e-01  3.46897157e-01
  9.87009349e-01 -1.04836855e+00  1.24398199e+00  7.97752218e-01
 -1.40759916e+00  1.50633312e+00  2.13705382e-01 -1.44394227e+00
 -1.92112595e+00 -3.92780896e-01  2.51208817e-01 -1.03492366e+00
 -6.82164342e-01 -1.07283354e-01 -8.90643361e-01 -8.33520681e-01
  1.01786928e+00 -1.49325519e+00  3.93516540e-01  1.01025924e+00
  1.15096775e+00 -9.24432677e-01  1.82138049e-02 -1.92384071e-03
 -1.99391264e-01 -3.16286201e-01  6.71174153e-01 -1.45304290e+00
 -1.30011073e+00 -2.16280159e-01 -1.02614738e+00  9.78689069e-01
  6.88436206e-01  5.59943870e-01 -4.51154740e-02 -5.72595038e-01
 -2.15455953e+00  8.78625391e-03 -2.21517620e+00  5.66232716e-01
 -1.07526386e+00  2.07558573e-01  8.26125400e-01 -4.59330409e-01
  3.19424064e-01  1.03495573e-01 -5.33882482e-01 -2.19296413e+00
 -7.69175232e-01  1.32185301e+00  3.86480255e-01 -8.29194369e-01
 -1.07092656e+00 -2.78242843e-01  9.42976629e-01 -9.99883857e-01
 -1.30519432e-01  4.69368646e-01  1.18110148e+00  1.29349346e-01
 -9.63261027e-01 -3.25414788e-01 -6.12081699e-02 -1.78599518e-01
  1.02016005e+00  6.85313673e-01 -7.79991297e-02  1.23890713e+00
  2.27705762e+00 -6.20982823e-01  6.82195758e-01 -2.08449621e+00
 -1.88469629e+00  2.22844340e+00 -1.19649832e+00  6.51559218e-01
 -1.35217423e+00 -9.70617382e-01 -5.24543311e-01  8.38887446e-01
  2.65982391e-01 -7.28777540e-01 -3.78006534e-01 -7.12986594e-02
 -1.52710117e+00 -9.97714039e-01  8.97656513e-01  9.15564089e-01
  1.46849682e+00 -6.30253246e-01  1.52642933e+00  4.88599795e-01
  1.96316787e-01 -1.08153089e+00  7.13081537e-02 -5.29101729e-01
 -2.89686878e-02  1.60504030e+00  1.36607486e+00 -4.22719733e-01
 -2.62760916e+00 -3.15231466e-01 -1.00308138e+00  6.46731224e-01
  2.40265073e-01  6.05299931e-03 -4.66357566e-01 -5.53635051e-01
 -1.94712444e-01 -2.51397570e-01  7.49119980e-01 -5.79819421e-01
  5.55417023e-01  1.20872240e-02 -6.40564707e-01 -8.94276907e-01
  1.04410932e+00 -1.40749534e-01  1.49867998e-01 -3.34480032e-01
  1.07851464e+00 -3.26879508e-01  7.34588235e-01 -2.08320587e+00
  3.07077590e-01 -5.44610902e-01  8.94022335e-01  7.71175294e-01
 -6.44860652e-01  3.85065998e-01 -9.30523500e-01 -6.80655063e-01
  7.89280839e-01 -5.25128396e-01  1.10596977e+00  1.58331917e+00
  7.42405868e-01 -7.36819157e-01 -3.04037076e-01  1.04580507e+00
  2.72073707e-01 -8.44782068e-01 -3.28674262e-01  2.64761714e-01
  1.86435760e+00  1.32553741e+00 -7.78155115e-01  1.11427665e-02
  1.24029286e-01 -8.72187814e-01 -2.61169930e-01 -9.91293446e-01
 -7.93617188e-01 -1.13266831e+00 -3.65157202e-01  2.25362407e+00
 -4.96647322e-01 -7.34365822e-01  1.91773854e-01 -1.12658292e-01
  2.90976986e+00  1.33009732e+00  4.34153283e-01 -4.88941765e-01
  6.14104387e-01 -1.48629198e+00 -1.48082581e+00  3.25343602e-01
 -1.64163494e+00  3.93131420e-01 -9.06131591e-01  1.04493589e+00
  5.52498841e-01  2.60853051e-01  1.61132981e-01 -1.35425032e+00
 -1.66642496e-01  1.39298891e+00  8.28392823e-01  9.66303179e-01
  2.05705893e-02 -2.71902891e-01 -1.49311679e+00 -3.81871048e-01
 -2.45057517e-01  2.05657490e-01 -1.16427397e+00 -4.35624048e-01
 -3.32356117e-01 -1.26205704e+00  7.25021558e-01 -4.13708671e-02
 -6.67298090e-01  6.00529188e-01 -3.18065880e-01  2.18405146e-01
 -2.24987113e-02 -5.01097180e-01 -5.55840368e-01  2.67056466e-01
  5.42720934e-01 -9.68313678e-01  9.45657871e-02  1.71999063e+00
 -1.21485349e-01  2.33292399e-02  1.48777042e+00  6.01282606e-01
 -5.38678309e-01  1.21273892e+00 -3.25228752e-01  6.43354341e-01
 -1.25767557e+00 -5.47154815e-01  2.26632088e+00  2.69945372e+00
 -6.33545850e-01 -4.88025031e-01 -1.40345976e+00  2.74383923e-01
 -1.47620835e-01 -2.71904389e+00  9.72687293e-01  3.84876318e-01
  2.02860725e-01 -5.56087054e-01 -7.60013805e-01  4.02645261e-01
  4.66948449e-01 -2.17573411e-01  2.90735620e-01  1.91317589e+00
  8.75889839e-01  6.57034830e-01 -1.36155797e+00 -1.87053882e+00
  4.46721642e-01  4.62910948e-02 -8.95863769e-01 -8.23905032e-02
 -2.03446134e+00 -5.90775015e-01  1.04350367e-01  6.62334463e-01
 -8.86811414e-01 -7.42020944e-02 -5.84493145e-01  1.36391759e+00
  5.90258869e-01 -2.35811774e+00 -4.55495173e-01 -1.48947288e+00
 -8.74199389e-02  9.57044758e-03  6.57619671e-01 -2.16448315e+00
  8.76476469e-01 -1.50919928e+00  6.59242436e-01 -2.95234048e-01
  2.80048830e-01  5.02983183e-01 -1.12484285e+00 -1.23753478e+00
 -1.66036459e+00  7.03996087e-01 -8.06830948e-01 -2.22034496e-01
 -4.27738229e-01 -3.37641405e-02 -1.91803348e-01 -7.34199459e-01
  4.42172198e-01 -1.19080890e-01  6.33041807e-01  1.80323503e-01
  1.44987139e+00  5.78632251e-02  4.25445874e-01  9.99234959e-01
  1.35624505e+00  6.42600274e-01  1.42911977e+00 -2.16788394e-02
 -2.49489906e+00  3.95072526e-01  1.32609261e+00 -4.07196306e-01
 -8.95902740e-01 -5.94258862e-01 -2.72995632e-01  2.69203501e-01
  9.29132483e-01  5.05548012e-01 -8.23811425e-01  6.17714494e-03
  4.87365414e-02  2.39633705e+00 -4.17593901e-01  2.62782986e-01
  4.67508085e-01  3.88525037e-02  1.62917103e+00  6.05665271e-01
  2.09782031e-01 -1.47460686e-01 -2.27603228e+00  1.76330255e+00
 -1.04139177e+00 -8.71521407e-01  8.80058210e-01 -9.73242016e-01
 -1.49061136e+00 -1.56617852e-01  1.13818815e-01 -9.20002421e-01
 -7.29344131e-01 -1.39631715e-01  1.18811102e+00  2.60155794e-01
  4.13081681e-01  1.39861391e-01 -1.02197619e+00 -9.71797677e-01
 -6.06867994e-01  1.05538319e+00  2.66746767e-01 -2.39748809e-02
  8.63725420e-01  7.28982919e-01 -6.15320068e-02 -8.90198000e-01
  7.22799357e-01  8.29996308e-01  1.17210829e+00  8.36007667e-01
 -5.17596534e-02 -1.26526490e+00 -1.29817595e-01 -1.64819743e+00
 -3.81559967e-01 -1.26237386e+00  1.13433684e+00  1.18160015e+00
  1.37769736e+00 -9.43171900e-01 -1.09319898e+00 -4.02418559e-01
  1.38444896e+00  1.51600387e+00 -1.76884490e+00  2.17303474e-01
 -1.34928012e+00  9.80581141e-02 -2.30396296e+00 -1.63885117e+00
 -4.48524018e-01 -1.34589634e+00  1.09049205e-01  4.71396014e-01
 -2.16317908e-01  7.92898645e-01  1.16248095e+00  1.65467855e+00
  3.44767496e-01  1.79158664e+00  2.56210368e-01  1.28880753e+00
  8.47239375e-01  1.24385952e+00 -7.96894757e-01  2.89397965e-01
 -5.29127515e-01  1.92415754e+00  1.30693395e+00 -1.19036846e+00
  1.09003912e+00  1.92677067e+00 -6.59507048e-02 -3.16003236e-01
  7.09614110e-01 -4.43687267e-01  2.35496370e+00 -1.73333126e+00
 -1.30326911e-01 -9.41529290e-03 -9.04393757e-01  1.80486630e-01
 -7.74704913e-01  8.04503234e-01  1.19785343e-01 -2.41671258e-01
 -5.21370198e-01  3.97421361e-02  2.38637327e+00  6.52876370e-01
  6.29898407e-01  1.54741550e+00  5.10651116e-01 -7.18428172e-01
  2.56321695e-01  2.36491680e+00 -1.44079097e+00 -4.43254529e-01
 -5.76149245e-02 -2.61774915e-01 -5.13342606e-01  2.08635869e+00
  8.96404485e-01  1.23597517e+00 -1.37476802e+00 -1.21520609e+00
 -6.82759536e-01 -8.13990111e-02  1.78384661e+00 -9.39184167e-01
 -1.42993150e+00 -6.89185488e-01  1.53987794e-01  4.68475960e-01
 -4.65667882e-01  7.99806325e-01  3.30349871e-01 -3.39596846e-01
  5.05382416e-01  2.59621016e-01 -2.63137738e-01 -9.15040157e-02
  1.09915510e-01  1.26925221e+00  1.67550019e-01 -1.57268427e+00
 -1.29750630e+00  1.90374081e-01 -9.85199745e-01  7.33195156e-01
  5.89845202e-01 -5.53401247e-01  5.47492127e-01 -9.38721107e-01
  1.16457621e+00 -1.54267671e+00 -2.38888169e-01  5.28695698e-01
 -5.42810696e-01 -5.12428397e-01  1.39699046e+00  1.61085414e+00
 -1.89523310e-01 -6.15218531e-01  7.51303466e-01  3.57971164e-01
 -1.81465466e+00  5.66486144e-01  5.34071318e-01 -1.77005304e+00
  8.31142062e-02 -2.76630995e-01  9.39777643e-01 -2.92777784e-01
  9.90439663e-01 -4.24270123e-01 -1.15564678e+00 -2.18564031e-01
 -4.08667678e-02  1.02728006e+00  9.73962834e-01  3.99155174e-01