 6.17899075e-01 -8.22800484e-02  1.88565556e-01  2.67028209e-02
 -3.47355927e-01 -5.03710804e-01 -1.11009710e+00  1.47801555e-01
 -7.33103260e-01  1.12610813e+00 -2.29431635e+00 -2.45655035e+00
  4.76029946e-02 -5.88739909e-01 -4.49846974e-01 -7.13227868e-02
  8.69782019e-03  1.17421845e+00  2.30100751e+00  9.63824815e-01
  1.71529591e-01 -6.38365789e-01  2.20975510e-01 -8.78788470e-01
  3.41057533e-01 -4.53232003e-01 -1.07668441e+00  1.52381441e+00
  1.67779849e+00  4.47472867e-01 -8.77082790e-01  2.69960425e+00
 -8.74535397e-01  2.61630016e+00 -2.08396101e+00  1.17717209e+00
  1.43631346e+00  7.29355102e-02 -2.14070466e-01 -1.24702097e-01
  1.33697467e+00 -1.00585677e-02 -4.83580460e-01  1.50463776e+00
 -1.07522493e+00  5.76968248e-01 -6.22889487e-01 -6.99444213e-01
  5.04019393e-01 -1.19694477e+00  5.23820358e-01  7.58141924e-01
 -1.10322696e+00  1.31751541e-01  2.58409789e+00 -1.21220821e+00
  8.65806451e-01  4.60425850e-01 -1.11365009e+00  2.45229756e-01
 -1.81815245e+00 -1.29638345e+00 -1.23087966e+00 -2.21054717e+00
  7.23690673e-01  7.75787733e-01  1.11985894e+00  9.88767477e-02
  7.82505384e-01 -1.13097717e+00  1.80021383e-01  1.21347597e-01
 -1.11862420e+00 -9.05589604e-01 -1.99650431e+00 -1.27276976e+00
  8.80720723e-01 -4.53073257e-02 -6.85574858e-01  1.86055890e-01
 -2.99084413e-01  7.89351928e-01  6.47354396e-01 -4.78826197e-02
  1.44845428e-01 -6.09872235e-01  7.59849349e-01  6.54737621e-01
  5.05788072e-01 -1.02859072e-01 -2.22952428e+00  3.30827578e-01
  1.09366327e+00  1.02973932e+00  1.09263157e+00 -1.09669672e+00
 -6.14906265e-01  2.05368898e+00  9.85808934e-01 -2.12783484e+00
 -2.01654159e+00  5.87804464e-01  1.03115814e+00  1.22920325e-01
 -2.36271932e-01  2.85457498e-01 -1.09822885e+00  5.17234154e-01
 -3.37964985e-01  5.70935974e-02 -1.06834150e+00 -9.70387161e-02
 -4.76334177e-01 -4.73300756e-01 -9.34492014e-01  1.05268853e-01
 -5.79822006e-01 -7.84658858e-02  4.58703233e-02  1.33375917e+00
 -4.57967141e-01 -6.49347759e-01 -5.67395304e-01  1.17872456e+00
 -2.08467333e-01 -8.15695477e-01  1.25713729e+00 -1.53647306e-01
 -1.23052332e-01 -9.72688687e-01  1.54379607e+00  8.49031676e-01
  6.31869289e-01  1.27413168e+00 -6.86068577e-01  1.42251392e+00
 -1.03697948e+00 -7.82387837e-01 -1.60248817e+00 -1.06466519e+00
  1.35747382e+00  7.04703538e-01 -3.41956674e-01 -2.03191766e-01
 -7.84125193e-02  3.18154038e-01 -6.52959510e-01  1.16156401e+00
 -9.12675075e-01  1.08923189e+00  1.71286861e-01  7.19721683e-01
 -1.28953408e+00  2.78494071e-01  1.69821193e+00  1.71695582e+00
  6.26899296e-01  2.59614058e-01 -1.34756971e+00  1.28877119e+00
  7.51200234e-01 -4.36604715e-01  1.89082115e-01 -6.55005661e-01
 -8.11256730e-01  1.20042869e+00  4.13507439e-01 -5.50059872e-01
  5.43188960e-01  1.70836654e-01  1.69272027e-01 -5.53046990e-01
 -6.08210581e-01  1.24126175e+00  4.98989959e-03  1.13495472e+00
 -3.17106233e-01  5.76242190e-02 -2.00439252e+00 -2.65949518e+00
 -1.56947694e-01  8.33437133e-01  3.16496005e-01  1.12602157e+00
  8.36404839e-01 -3.08194766e-01  2.63364348e-02  7.48598111e-01
 -2.33832368e-01  1.21045305e+00 -9.65430899e-01 -5.57105003e-01
 -3.99341819e-01 -2.04320239e+00  8.91386416e-01 -1.82060823e+00
 -1.32999521e-01  9.36227674e-01 -1.39408583e-01 -1.60081677e-01
 -1.22030884e+00  7.87734396e-01  2.90500873e-01  1.88688931e+00
 -7.96430293e-01 -1.07771538e+00 -2.56457340e-01  5.17333553e-02
 -5.00464518e-01  2.07104452e+00  1.47218641e+00 -1.12890325e-01
 -8.59900631e-01  1.39525136e+00 -1.52178566e+00  2.31213094e+00
  1.18165529e+00 -1.45866153e+00 -1.72277669e+00  1.30250102e+00
  2.16342658e-01 -1.88091744e+00  7.68777036e-01 -1.60650927e-01
  2.81295251e-01 -6.41710406e-02  2.09790218e+00  1.46456559e-01
  9.73275774e-01  9.08986288e-02 -4.69611255e-02 -1.83352600e-01
 -2.65535652e-01  1.38160141e+00  1.20707129e-01 -9.90947706e-01
  1.75496689e+00 -3.33727860e-01  7.27891240e-02  4.94798560e-01
  2.21207372e-01 -5.45246432e-01  1.76451676e-01  2.30101655e-01
 -2.03330695e-01  1.27068620e+00 -6.72059535e-02  7.99141681e-01
  9.42933514e-01 -1.03279508e+00  7.29454417e-02 -2.42828005e-01
  1.36395236e+00  1.82614257e-01  8.57326460e-01  6.38326640e-01
 -1.39997805e+00  6.38628860e-01 -1.18274371e-02  1.22394900e+00
 -6.36622091e-01 -8.84857975e-01 -6.54878611e-01 -2.05498346e-01
 -6.39838866e-01  1.23269466e+00 -3.88913758e-01  6.02302414e-02
  1.27905633e+00 -1.10079867e+00 -1.07522508e-01  1.88537335e-01
  6.95887945e-01  2.31186667e-01 -5.26535115e-01  2.38057008e+00
 -4.16750648e-01  4.41742254e-01  7.25543549e-01  4.81594487e-01
  1.06448081e+00  9.66788584e-01 -4.04262201e-01  1.25056623e-01
  7.93340645e-01 -6.14192618e-01 -1.13174253e+00 -4.07812152e-01
 -6.62472110e-02 -5.67630242e-01  1.55864717e-02  1.75194122e+00
 -1.11740586e+00 -6.79108863e-01  4.51324646e-02  7.97902064e-01
 -9.51440287e-01  1.14538429e-01  8.52723299e-02  1.02153643e+00
  3.57471614e-01  1.06243946e+00 -2.30340341e+00  1.29136729e-01
 -1.99799612e+00 -3.52587229e-02 -2.11152604e+00  2.09568907e-01
  8.92086405e-02 -2.99560297e-01 -4.57826989e-01  1.34869502e+00
 -2.21687380e+00  1.18451560e-01  8.35875633e-01  1.61831721e+00
 -2.86923753e+00 -4.02307680e-01  6.69972461e-01  4.22484635e-01
 -4.53095698e-01 -7.98499356e-01 -8.40455371e-01 -1.95400928e+00
  1.60884889e+00  5.11593812e-01 -1.98776929e-01 -5.54077762e-02
  1.03995247e+00  1.29580214e+00  3.97691759e-01 -1.25126404e+00
  1.31527364e-01 -9.06071766e-01 -8.67155568e-01 -1.47827327e+00
 -1.48297900e+00 -2.01303148e-01  4.10773203e-01 -1.08008437e+00
 -9.17358314e-01  2.51690793e-02  2.00658901e-01  1.87351423e+00
 -1.00592804e+00 -1.50493418e+00  2.69335977e+00  6.35185871e-01
  5.93359504e-01 -1.35559780e+00 -1.88200310e+00 -1.52658573e+00
 -2.39888255e-01 -1.32205735e+00 -7.82241366e-01 -1.79243595e+00
 -7.94230230e-02  5.12449610e-01 -1.51847820e+00  1.00338657e+00
 -8.99403407e-01  7.92460479e-01  4.47652504e-01 -1.05576365e-01
 -6.77031082e-01 -9.67073626e-01 -6.67254815e-01  5.09586959e-01
 -1.86568373e+00  2.30387969e-01 -7.39753976e-01 -2.55509469e-02
  8.06726202e-01 -1.25010869e-01 -5.10722455e-01 -4.45263070e-01
 -7.41442777e-01  2.01519658e+00  4.81514016e-01 -5.48156065e-01
 -5.47415673e-01 -1.06490420e-01 -6.75712438e-01  6.24266420e-01
 -1.60561475e+00 -1.08601187e+00  4.69246991e-01  7.44081338e-02
  2.72292012e-02 -2.68488155e+00  2.21807772e-02 -5.64862782e-01
  5.48641841e-01  2.01853802e+00 -1.69578518e+00 -1.19597559e+00
  2.51434417e-01  3.26918186e-01 -4.62806585e-01  4.45268691e-01
 -1.33509954e+00 -5.74911322e-01  3.99653539e-01  1.94789905e+00
 -6.57425570e-01 -1.44851039e-01 -4.18497402e-01 -5.12155920e-01
  2.77761944e-01 -1.39526448e+00 -6.27309272e-02 -2.16968367e+00
 -1.37448471e+00 -1.19921217e+00  6.10267913e-01  8.83482221e-02
 -9.53916220e-01 -2.39391893e+00  6.04108650e-02 -4.55655597e-01
 -6.21522492e-02  1.46900488e-01 -2.24382126e+00  5.21817253e-02
 -3.32650923e-01 -8.83947743e-01  2.68129841e+00 -1.65805075e+00
 -4.99949355e-01  3.85451100e-01  1.06268568e+00 -2.64547251e-01
  8.66637451e-01  5.06647682e-01 -1.82462149e+00 -7.20416684e-01
 -8.72138741e-03 -1.92970438e-01 -1.64337584e+00 -1.43488761e+00
  2.92549828e-01  4.89623857e-01  1.26004597e+00 -1.29856310e+00
  1.16596244e-01 -1.98846134e+00  1.41564685e-01  2.51998602e-01
 -4.88107732e-01 -3.78036837e-01 -3.36522843e-02 -2.70186214e-02
  9.42956549e-01  1.60267287e+00  1.46559024e+00 -3.15474892e-01
 -1.70886189e+00  8.04680802e-01 -1.02615129e+00  1.24402109e+00
  1.96400578e+00 -5.44354671e-01 -6.95158225e-01 -1.03105999e+00
 -7.34217039e-01  1.29876045e+00  4.12562742e-01 -1.31304340e-01
  2.22862022e-01 -1.25191411e+00  2.75738533e+00  3.59403515e-01
 -7.56411105e-01  1.16578011e+00 -4.85148061e-01 -9.00578878e-01
 -2.35012798e-01  1.27778564e+00 -9.11110965e-01  4.19876814e-01
  8.31694049e-02 -6.95721911e-01 -6.47281578e-01  1.03994546e+00
 -3.28427201e-01  4.61031460e-01  1.54522366e-01 -1.38185591e+00
  1.49199238e-01  2.72528474e+00 -7.21206257e-01  8.93687586e-01
 -3.37213079e-01  1.68164696e-01 -1.69029590e+00  8.36932759e-01
  1.66919115e+00  1.16173503e+00 -1.02670257e+00  1.70406465e+00
  2.58107140e-01 -8.13925020e-01 -1.17900898e+00  1.33417680e+00
 -7.43983840e-01 -3.85554868e-01 -4.19855715e-02 -3.91983875e-01
  4.45317901e-01 -1.62575980e+00 -7.06388769e-01  3.71774508e-01
  2.04722045e+00 -1.77486628e+00 -1.12834977e+00  7.89260540e-01
  6.31373271e-01 -3.69348324e-01 -1.39343602e+00 -5.69357536e-01
  2.14105460e+00 -1.54447465e+00 -8.10209424e-01 -3.91814798e-01
  5.33576979e-01 -1.67386061e-01  4.95424227e-01  8.60971064e-01
  3.44530356e-01  1.57164331e+00 -6.78181427e-02  1.52812639e-01
  1.14477101e+00  1.66243944e+00 -2.03039943e-02 -1.30549222e+00
 -1.51087215e+00  1.60836886e+00  1.94328194e+00 -4.09574111e-01
  2.09305960e+00  1.88067349e+00 -1.49351489e+00 -5.86305734e-01
  4.45384434e-01  1.48725743e-01 -5.92200375e-01 -3.06700842e-01
 -1.83164227e+00  2.68666208e-01  4.61669697e-02  1.22364623e+00
 -3.16031680e-01 -7.17052021e-01  2.25772541e-01  3.01083884e-02
  1.30707893e+00 -3.55901135e-01 -1.13454496e+00 -6.77375552e-02
 -1.10505421e+00  7.35690802e-01 -8.82162500e-01  8.47713201e-01
 -9.85480933e-01 -1.47649518e+00  8.46239101e-01  4.83144106e-01
  1.14314041e+00  1.81311847e+00 -1.05973035e+00  1.04072841e+00
  1.31070178e-01  4.44318624e-02  1.54708499e+00  5.77299611e-01
  2.14239261e-02  3.95892248e-01 -9.00696957e-01  9.16488826e-01
 -1.40928539e-01 -9.28457292e-01  4.72037657e-02 -4.50382259e-01
  1.50870851e+00  9.89314391e-01 -4.05617668e-01  2.09036197e+00
 -1.51943748e+00  7.87060851e-01 -6.57551018e-01  7.35030758e-02
  8.16406457e-01  1.11606515e+00 -3.03455449e-01  1.89961033e+00
 -1.17894468e+00 -3.09894671e-01  1.66480174e+00  5.18173521e-01
  3.28133978e-01  2.49138754e-01  5.49452769e-01  6.96507945e-01
 -4.76189975e-01  1.58757588e+00 -6.70562333e-01 -4.44291553e-01
 -1.00051762e+00  6.12187424e-01  7.77137226e-01  1.29615490e+00
  3.12914753e-01  8.79721403e-01 -4.69647814e-01 -1.95975619e-01
 -4.80465425e-01  4.48764254e-01  8.69993386e-01 -2.07758753e-01
 -1.02649809e+00 -1.88181142e-01  1.81709646e+00  2.85163063e-01
 -1.33543812e+00 -3.32845488e-01  1.45427826e-01 -8.87796574e-01
 -1.77974871e-01  4.39057667e-02  4.84979370e-01  1.72304743e-01
 -3.78840531e-01  2.04907807e+00  1.67590456e+00  1.14778371e+00
  2.41840633e+00 -2.21291494e+00  6.31072870e-02 -2.42449367e-01
  6.12665175e-01  1.09899026e-01  8.42475498e-01 -1.27959302e+00
 -1.14565744e+00 -9.83798831e-01 -1.06287033e+00 -5.14783046e-01
 -3.20192319e-01  5.90507425e-01 -1.21293037e+00  4.42389729e-01
 -1.34116900e+00 -6.61827150e-01 -5.33982839e-01 -6.19072419e-01
 -4.63427841e-01 -7.25119253e-01  7.44380996e-01 -6.03280092e-01
  9.84368169e-02 -1.48529260e+00 -2.11199559e-01  4.62553753e-01
  2.30902108e-02  9.09089049e-01  2.71718022e-02  9.01667054e-01
  7.00835512e-01 -3.46960672e-02 -1.19926003e-01 -4.86631117e-01
  2.22051978e-01  1.36182517e+00  5.98973873e-01 -1.06015803e+00
  3.79490852e-02  1.40336769e+00  8.91694708e-01 -1.40055378e+00
 -4.51562715e-01 -7.46572458e-01  1.08914335e+00  3.33690716e-01
  8.34757474e-01 -2.99428247e-01 -4.08511460e-01  9.40505459e-01
 -1.26522068e+00 -5.43343730e-02 -5.73419577e-01 -5.05997237e-02
  1.04291860e+00 -7.83038757e-01 -1.89878376e+00 -4.23757289e-01
  3.89721890e-01 -8.31933318e-01  1.63359207e-01  1.14492789e+00
  1.45455361e-03  1.23761609e+00 -3.24657408e-01  6.51196016e-01
  1.12540772e+00  1.23067933e+00  6.76376793e-01 -1.16444907e-01
  9.66276376e-01 -3.57650853e-01 -4.24948643e-01 -6.97796566e-01
 -6.14195063e-01  6.13792157e-01  1.19360191e+00  4.32893459e-02
 -4.98853032e-01  3.85149969e-01  7.20487281e-01  9.31302055e-01
 -5.09218198e-01  7.45115943e-01 -8.56226399e-01 -1.71170636e+00
 -1.25753861e+00  1.22812090e+00 -1.01888631e+00 -5.42472948e-01
 -2.40742252e+00 -3.05854439e+00  1.13658524e+00 -7.45867796e-02
  9.97056852e-01 -1.39048332e+00 -1.50198610e+00  1.03260714e-01
 -1.10733071e+00 -1.55085866e+00 -9.69877250e-02 -8.56857780e-01
  1.18699031e-01 -3.03158063e-01 -3.52694691e-01  6.67243689e-01
  9.55591441e-01  4.70666726e-01 -4.24487980e-02 -4.28284868e-01
  1.05187421e-01  4.74940847e-01 -5.43631515e-01  3.80509780e-01
 -8.51631573e-01  3.67264931e-01  1.25769876e+00 -5.51346582e-01
  1.90939316e+00 -2.68435873e-01 -6.14314342e-01  1.37034142e+00
 -1.21504578e-01 -6.28195491e-01 -8.63477935e-01 -9.98354491e-01
  7.94912797e-01 -9.65126953e-01  4.11496108e-01 -9.99692171e-01
  9.82668098e-01  3.83227295e-01 -1.09256287e+00 -7.43748519e-01
 -1.49794598e+00  1.05755153e+00 -1.27806089e+00  3.84860688e-01
 -4.17333770e-01 -8.15873536e-01  1.54280793e-01  1.60992276e+00
  8.78774348e-01  6.89516287e-01 -1.46510503e+00  8.00786543e-01
 -1.39187961e+00  1.50092456e+00 -3.26268514e-01 -8.39517947e-01
  1.50412483e+00 -6.68417585e-01 -8.97684655e-01 -1.49167798e+00
 -6.57250893e-01  1.12440116e+00  1.94027067e-01 -3.46325495e-01
  9.65058257e-01 -1.81091916e+00  6.64648269e-01  3.53393467e-01
  7.56661696e-01 -1.37796979e-01  3.48443525e-01  7.38616863e-01
  4.00267589e-01  1.71346128e-01 -2.37657017e-01  1.90937993e+00
 -1.69821158e+00 -1.70943227e-01 -1.62748515e+00 -1.05102297e+00
 -1.93808211e+00  5.51511901e-01  9.61964909e-01  1.21113513e+00
 -1.21776608e+00 -5.56990591e-01 -1.19576420e+00 -1.98826083e+00
  2.36379304e+00  1.19553451e+00  2.24990321e+00  1.73911851e+00
 -2.65891130e-01  7.99735449e-01  1.14629174e+00 -3.73657266e-01
 -1.08438679e-01 -7.32509473e-01  1.38703807e+00  8.54253927e-01
 -1.54901216e+00  9.40788050e-03 -1.21305170e+00  1.26024805e+00
  4.03950825e-01  1.21411377e-01  2.21780706e-01 -1.26742289e+00
 -2.00112904e+00  1.49293154e+00  6.23203963e-01 -2.14901054e+00
  1.17768113e+00 -1.32639436e+00 -6.31880340e-01 -9.36589331e-01
  4.97006896e-01  1.08946025e-01 -1.55269013e+00 -1.70717119e-01
  1.49032803e+00 -2.98387020e-01  1.16885402e+00 -1.29965372e-02
  7.83244759e-02  5.67132262e-01 -1.40980152e+00 -7.15281127e-01
  5.03609012e-01  1.07808645e+00 -3.23462186e-01  1.41014515e+00
  1.25312993e-01  1.07217077e+00 -7.19526021e-01 -6.97922522e-01
 -1.38154988e+00 -4.55055439e-01  5.70620182e-01  2.72675553e-01
 -1.27451143e+00  3.31624410e-01  1.36034971e+00  1.01948058e+00
  1.10121124e-02  7.64610646e-03 -7.46786573e-01 -2.26587746e+00
  4.42834723e-01 -4.80478577e-01 -7.51093392e-01  1.05797335e+00
  1.64898010e+00 -2.57898148e-01 -6.22947772e-01  3.74582219e-01
  9.70424309e-01  2.51091985e+00 -3.54423042e-01  2.11177228e-01
 -8.38278166e-01 -1.85147789e-02 -1.92304634e-01  4.75260417e-01
 -3.95371789e-01 -5.80279788e-01  1.00383722e+00 -1.97765811e-01
  1.80966688e+00  4.46133337e-01  5.38226457e-01 -1.02955970e+00
 -4.56684047e-01 -3.68417749e-01  3.29451290e-01  1.11242670e+00
 -2.79149665e-02 -8.50672443e-01 -8.57160313e-01 -2.39094128e+00
  1.20253400e+00 -9.27144453e-01  9.05690281e-01  7.52986864e-01
  9.48093304e-01  1.41354964e+00  1.19282318e+00  4.98626173e-01
  1.27622821e-01 -5.54311244e-01 -1.86251359e+00 -2.23851156e-01
  4.00135362e-02  3.97900968e-01  3.92901572e-03 -3.69044964e-01
  1.53108937e+00  9.46030486e-01 -1.22196831e+00 -3.68776557e-01
 -5.68682382e-01  1.60665958e+00 -1.14875156e+00  4.01533345e-01
 -1.93560119e+00 -7.55671082e-01  7.89903063e-01  2.54561746e-01
  3.07421336e-01 -9.80397365e-01 -2.43838577e+00  1.51330024e-01
  1.45376696e+00 -1.21875935e+00 -6.45468531e-01  6.64640298e-01
 -1.44573064e+00  5.19418787e-01  1.45135648e+00 -1.32435237e+00
 -6.68425816e-01  9.91180555e-01  2.15379736e+00 -1.52696263e+00
 -8.09739863e-01 -2.64722173e-01 -7.21664298e-01 -7.31998475e-02
 -1.52904788e+00 -1.05298981e+00 -2.62311223e-01  1.60299630e+00
  4.83449709e-01 -1.66923189e+00  2.04933684e+00  1.58151442e+00
 -8.44146560e-01  1.17005344e-01  7.57451404e-01  4.73773381e-02
 -2.12720361e-01  3.37037438e-01  1.08866646e+00  1.93943764e+00
  6.08928585e-01 -1.02166621e+00 -2.23822176e-01  7.77297223e-02
  2.19443188e-01  1.95363765e+00 -1.22966146e+00 -1.25575566e+00
 -4.06905733e-01 -3.06794009e-01  1.30280282e+00  6.31004285e-01
 -6.22737354e-01  7.95149153e-02  7.67445553e-01 -7.13742007e-02
  1.41819172e-01 -5.91321742e-01 -1.88985807e+00  1.28914075e+00
 -2.09817586e+00  1.16602914e+00 -1.49398238e-01  1.21313829e+00