-1.21623028e+00  1.00130115e+00 -2.05214702e-01 -3.30799778e-01
  1.30800958e+00 -4.10845323e-01 -9.72733897e-01  1.45054187e+00
 -1.96720042e-01  1.15476400e+00  5.91033399e-01  1.03944868e+00
  1.18165472e+00 -3.92771455e-01  4.20466945e-02  6.39530660e-01
 -6.02009410e-01 -1.41330228e+00  3.92446034e-01  8.01367302e-01
  1.33885430e+00  9.26987940e-01 -1.00623272e+00 -8.98624747e-02
  2.03706642e-01 -5.56393522e-01 -1.43231132e+00  3.56683073e-01
  6.26809576e-01 -1.84574402e+00  1.06719108e+00  9.53962681e-01
  1.00407876e+00  5.70686545e-01  2.31002211e-01  2.38621375e-02
  6.85698622e-01  8.76079016e-01  1.21910624e+00  7.88801477e-01
  7.06463433e-01  4.66071505e-01 -9.68652729e-01 -1.12617536e-01
  1.39873564e+00  1.48002486e+00 -1.33354374e+00  3.40262939e-01
  8.88877253e-03 -1.15633408e-02  2.02934815e-01 -7.35479452e-01
 -5.01056835e-01  2.32685871e-01  4.39148528e-01  2.35727718e-01
  6.43066311e-01 -2.22829477e-02 -1.46039242e+00  6.10378757e-01
 -1.45102497e+00  2.43833760e-01  3.90072859e-01 -1.23413913e+00
 -5.96693841e-01 -1.10635634e+00  7.75029700e-01 -1.39219859e+00
 -1.43710480e+00 -3.92297067e-01 -8.75226873e-01 -2.32223371e+00
  2.67112246e+00 -1.59693654e-01 -1.67278810e+00  1.82662558e-01
 -1.04087565e+00 -1.54261371e+00 -1.67778141e-01  1.05350451e+00
 -1.21632435e+00  3.35987311e-01  4.85883215e-01 -1.87128279e-01
 -3.64878526e-01 -1.42296100e-01  1.26294035e+00 -3.36089439e-01
  6.16930000e-01  1.11102596e+00  5.90428568e-01 -1.35726531e+00
  8.20160737e-01  1.19556763e+00  2.97320573e-01  1.45237099e+00
  2.27108110e+00  8.00085321e-01 -8.49966998e-01 -1.69287091e+00
  8.31793467e-01 -4.92429392e-02  8.17308332e-01 -4.15774865e-01
  6.23505374e-01 -9.33846359e-03 -1.98139991e+00 -6.41653523e-01
 -1.24789442e+00 -1.42250482e+00 -4.22148056e-01  2.45500661e-01
 -2.63554186e-01  1.75332291e+00  5.61564623e-01  5.02103295e-01
 -1.10850950e+00 -8.62567574e-01  3.55901409e-01  1.23338947e-01
 -9.18598796e-01 -3.62703972e-01  2.00873122e-01 -6.58454704e-02
 -3.27113854e-01 -5.22160539e-01  2.72823951e+00 -1.12133837e-01
  2.20388258e-02 -1.05264698e+00 -5.77161757e-02 -6.21467229e-01
  4.89185697e-01  4.87259619e-01 -1.32595686e+00 -2.55526208e-01
  1.91056251e+00 -6.08651087e-01 -8.99961457e-01  5.68268750e-01
  2.04392368e-01  3.79493409e-01  9.59492974e-02  1.57218130e-01
  9.04031288e-01 -2.94538517e-01  1.26181036e+00  6.47574203e-01
  7.55758007e-01 -1.60223926e-01 -5.11018690e-01  1.61499568e-01
 -6.99305553e-01 -1.48156209e+00 -1.25148090e-01 -1.10130833e+00
  5.80954977e-02  3.85832090e-01  1.86926554e-01 -1.07988478e+00
  1.09401426e+00 -1.87170277e-01  5.33485659e-01 -7.58876716e-01
  6.41163869e-01 -8.02988687e-01  1.15030288e+00 -2.54718938e-01
  4.01559240e-01 -1.17031052e+00  2.28883416e-01  2.10271436e+00
 -3.92171439e-01  1.08422298e+00  4.25505077e-01  3.22850895e-01
 -4.04685739e-01  1.81873223e+00  1.14174645e+00 -5.72364724e-01
  7.09756795e-01 -1.71002406e+00 -8.02278763e-01 -9.65096752e-01
 -2.88131652e-01 -7.92373068e-01  1.31979406e-02 -2.15346738e-01
 -1.58533257e-01 -1.14471087e+00 -1.14621669e+00  1.14260244e+00
 -5.32382631e-02 -7.24895303e-01  2.38432640e-02  5.97677457e-01
  4.39960277e-01 -3.26555771e-01  1.38106734e+00 -9.02838307e-01
 -5.78097963e-01  8.37698723e-01  9.37558058e-02  3.47558044e-01
  6.70298831e-01 -1.52983290e+00 -7.84306673e-02 -1.09832957e+00
 -8.12195437e-01  1.64982205e+00  3.23062389e-01 -2.15908603e+00
 -1.98492927e-01 -4.97429000e-01  9.45678748e-01  4.83147562e-01
 -1.39629774e+00  1.50647157e+00  2.59445300e+00 -5.93629627e-01
  4.76865017e-01 -3.28995458e-02 -2.29876994e-01 -6.77791806e-01
 -1.27943272e+00  2.10289683e-01 -5.08956454e-01 -1.38995135e+00
 -7.25591233e-01  7.04130502e-01 -1.10799819e+00 -3.55894668e-01
  8.90145363e-01  2.77740263e-01 -1.11093571e+00 -8.26431844e-01
  3.42521733e-01 -9.07520505e-02  9.31062451e-01  8.99687446e-01
  6.77127601e-01 -1.11046056e+00  1.06072086e+00  4.97748409e-01
 -3.99161808e-01 -4.05317024e-01  4.38163066e-01 -1.28733000e+00
 -4.39185627e-01  6.17798847e-01  5.76128364e-01 -9.62255040e-01
 -8.99665165e-01 -1.09734883e+00  6.05294720e-01 -1.50187589e+00
  1.18057527e+00 -4.69036025e-01  1.94035022e-01 -3.25189480e-01
 -9.72627877e-02  3.44798362e-02 -1.28786623e+00  6.50071379e-01
 -4.16849673e-01 -1.04409263e+00  2.70870008e-01 -3.54886664e-01
  3.18340375e-01 -3.00982977e+00  3.27713356e-01 -1.24516391e+00
 -7.49666673e-01  3.61930556e-01  1.75317024e-01  1.02633211e+00
  6.15866213e-01  1.73419217e-02 -3.74172026e-01  1.60335421e+00
 -8.36897975e-01  1.32895875e-01  7.00117156e-01  5.58126782e-01
 -7.38386756e-01 -2.54253567e-01 -4.17716008e-01  1.38259224e+00
 -3.30591432e-01 -1.65911839e+00  3.46133393e-01  1.35077592e+00
  7.00771984e-01  5.63860099e-01  2.69417425e-02 -1.34274428e-01
 -1.24231906e+00 -1.35742859e+00 -1.82846003e+00 -6.81761296e-01
  1.91556667e+00 -4.33675817e-01 -1.78062631e+00 -6.50425029e-01
  7.25308213e-01  2.59655546e-01 -3.42244005e-01 -9.35213885e-01
  3.34616949e-01 -2.11951065e+00  8.89101953e-01  1.94035538e+00
  3.15881901e-01  8.20539524e-01  4.89458567e-01  2.24382340e+00
  8.86659871e-01 -2.41519823e-01  3.11197374e-01 -2.39103475e-01
  2.18648750e-01 -8.28668606e-01  4.59772857e-01 -2.21874444e+00
  3.73834614e-01  1.74458401e+00  9.92870399e-01 -1.78734656e-01
  1.30086459e+00  9.65588658e-01 -2.03350352e-01 -4.62785354e-01
 -1.32092878e+00  4.79481325e-01 -4.74425094e-01 -1.49872231e-02
  3.95071941e-01 -1.84143967e-01 -6.86093589e-01  1.64322893e+00
  1.30769939e-01  4.17956267e-01 -2.11086663e-01  7.28412968e-01
 -1.08611930e+00 -6.73472519e-01 -4.70334859e-02  3.79939074e-01
 -9.60078580e-01  7.88735867e-02 -1.22207049e+00  1.76175941e+00
 -1.12337946e+00  4.66695552e-01  1.50903816e+00  1.02733098e+00
  1.22991914e+00  1.28087252e+00 -7.56034392e-01 -8.10536851e-01
  6.81027933e-01  4.82503799e-01  2.72957077e-01 -7.82113444e-01
  1.29236413e+00  1.40519913e+00 -5.03250086e-01  1.44382403e+00
  2.12165265e-01  2.48319798e-02 -1.19835635e+00  4.60095051e-01
 -4.03609240e-01 -9.89940219e-01  5.19793905e-01 -5.44664212e-01
 -5.41053823e-01 -1.25046849e+00  1.05495678e+00 -7.92596133e-01
 -6.88641454e-01 -6.38046938e-01 -8.52391498e-01 -1.36597141e-01
 -5.25943267e-01 -1.35902744e+00  7.76035964e-01 -4.39552213e-02
 -1.25142305e+00 -1.25075969e+00  4.71545458e-01 -8.43258889e-01
 -5.48472836e-02  1.30541676e+00 -3.57850257e-01 -4.29878121e-01
  5.79202350e-01 -1.24141349e+00 -1.19782770e-02  1.28147609e-01
  2.05282189e+00  9.46046275e-01  1.10968950e+00 -1.23032551e+00
 -8.50198888e-01  1.20044947e+00  3.79652503e+00 -9.24406789e-01
 -4.92141979e-01  1.66358397e+00 -5.94803052e-01 -2.32717520e-01
 -1.36274388e+00 -2.56409135e-01 -1.75686221e+00 -1.69480859e-01
  1.32855770e+00  1.09631152e+00  2.41453840e-01 -1.15562549e+00
  1.68563414e+00  3.28885588e-01  9.57710524e-01 -4.14329102e-01
  6.85771335e-01 -1.11724238e-01 -9.66243757e-01 -4.41434040e-01
  5.13893459e-01 -4.72056208e-01  1.84048820e-01 -3.58417851e-01
  3.52080004e-01 -7.43898587e-01  4.58735015e-01  8.09569985e-01
  3.32132627e-01  3.62823383e-01  2.31828611e+00  1.40068678e+00
  1.11068014e-01  8.46133104e-01 -9.85473705e-01 -1.58496670e+00
  4.45992103e-01 -6.04894475e-01  7.19490327e-01  9.38523348e-01
  1.20854600e+00  6.97024545e-01  6.31390780e-01 -3.74240159e-01
  7.61867701e-01  1.35859165e+00 -1.55880000e+00 -1.39454883e+00
  1.19365820e+00  5.18856106e-01  6.55664034e-02  9.56014229e-01
 -1.50452202e-01 -5.43756933e-01 -9.49153305e-02 -4.06091877e-01
  3.10469329e-01 -2.34471293e-01 -9.10719045e-01 -2.10956385e+00
  1.62154292e+00  6.44605141e-01  6.48962621e-01  2.06715351e-01
 -1.18209874e+00  6.49070723e-01  2.70286983e-01  6.93790421e-01
  5.41517353e-01 -1.25458417e+00  1.18935028e+00 -4.17131340e-01
  1.36949258e-01 -2.90184294e-01 -1.54795578e+00  4.44777458e-01
 -2.79503798e+00 -9.04435485e-01  2.32577546e-01 -4.10743560e-01
  2.06038408e-01 -2.34853407e-01 -3.03341421e-01 -1.48494867e-01
 -1.14069011e+00 -1.28894801e+00 -6.30804590e-01  1.18718149e+00
  3.43535071e-01 -1.18224109e+00  2.31597171e+00 -3.58111622e-01
  2.75848623e-01  1.49063701e+00 -1.15173405e+00 -2.47071214e+00
 -1.34424366e+00 -2.26940472e+00  5.65059231e-01 -4.17222600e-01
  9.68654563e-01 -2.53209002e-01  2.26274886e+00  2.12954779e+00
 -7.09047301e-01  2.10654386e+00  8.51947325e-01  2.98031823e-01
 -6.71627837e-01  1.14025126e+00  1.28725197e+00  1.30278718e-01
 -1.39613092e-02  1.00247276e+00 -1.14774124e+00  8.07027945e-01
 -7.39422767e-01  1.88158092e-01  5.66863273e-01 -1.14454014e+00
  2.16351411e+00 -4.50187341e-01  1.23729897e-01  5.07844344e-01
 -1.21074162e+00  1.16373591e+00  1.54741422e+00  1.54198793e+00
  2.01904374e+00  1.52144400e+00  7.90460288e-01  9.26328479e-01
 -6.57732816e-01  1.44127457e+00  1.94722488e-01 -7.09646391e-01
 -6.25468125e-01  1.26621507e+00 -1.67473332e+00  1.52052080e+00
 -8.64001147e-01 -9.87226816e-01 -1.26371066e+00 -8.89409022e-01
  7.40960215e-01 -4.86715933e-01  1.11985745e+00  1.18307416e+00
 -1.85509618e-02 -8.18094440e-02 -1.94990279e+00 -5.83113905e-01
  6.68278059e-01 -1.66721336e+00  4.75638735e-01 -1.11102659e+00
 -2.19106208e-02  8.51121637e-02 -8.95648214e-01  1.05302604e+00
 -1.38284371e+00 -5.44524082e-01  3.15305172e-01 -3.32678641e-01
 -3.06137329e-01  2.34347865e+00 -9.43820914e-03  8.09756651e-01
 -7.52072113e-01 -1.59031311e+00  3.87127380e-02  1.00045006e-02
  1.58103953e+00 -1.49667778e+00  1.27727750e+00 -1.78346613e+00
  8.92225075e-02 -6.77513373e-01  1.95945109e+00 -4.19961780e-01
 -1.80141218e+00 -1.61006938e-01  8.36698355e-01 -6.29603224e-01
 -3.63447357e-01 -1.51862684e-01  5.10056477e-01 -1.98128210e-01
 -4.02890778e-02 -6.87192792e-01 -1.74362921e+00 -7.54836622e-01
 -8.68412967e-01  5.82161563e-01 -9.06874163e-01  1.25393308e+00
  1.58043826e+00  8.44293389e-01 -3.27699965e-01  8.04317682e-01
 -1.34726590e+00 -1.22074419e+00  7.89193393e-01 -4.52249679e-01
  3.76027223e-01 -1.46965190e+00  4.21595342e-01  1.26202757e+00
 -1.07173027e+00 -2.72521319e-01 -7.46654842e-02 -3.50494331e-03
  6.36197013e-01  5.66115175e-01 -4.75062008e-01 -1.45568337e-01
  6.89615710e-01 -8.45041777e-01 -3.43939004e-01  8.52603768e-01
  9.48327307e-01 -7.87672416e-01  8.40696867e-01 -6.86972761e-02
 -1.01235891e+00 -3.94564603e-01  4.89386366e-01 -1.14445390e+00
  9.69725555e-02  1.29744164e+00 -1.03442475e+00 -9.68584817e-01
  5.80016517e-01 -1.03471522e+00 -2.43314726e-01  1.76562702e-01
  2.24239504e+00  2.45988032e-01  1.53992591e+00  1.44649274e+00
  5.27438804e-01  4.49061508e-01  6.13416552e-01  2.86774354e-02
  2.61526339e+00 -1.54455915e+00  8.40006834e-02 -2.90463005e-01
  1.76122169e+00 -4.16009129e-02  1.02641567e+00 -1.37427555e+00
  1.50451912e+00 -6.77201938e-01 -7.37221146e-01  9.89132060e-01
 -3.07848928e-01 -8.11992824e-01  1.80039453e-01  2.16936214e+00
  1.94636374e+00  7.50694627e-01 -6.25387066e-01 -4.14571019e-01
 -1.21107697e+00 -7.33900068e-01 -2.06788747e-01  8.67708606e-01
 -3.92400889e-01  4.73779933e-01 -2.21844084e-01  1.09198850e+00
  3.20885523e-01 -8.00536422e-01  6.46263545e-01 -1.97232500e-02
 -2.79271732e-01 -2.59099459e-02  9.32460395e-01  7.02504222e-01
 -1.31418229e-01 -5.65417501e-01 -2.34482578e-01  1.73976836e+00
  9.39930495e-01  2.69555158e-02  3.60766595e-01  2.75841279e-01
 -3.36090432e-01  1.65199464e+00  1.32214498e+00 -1.44106685e-01
 -1.63826080e+00  7.56094248e-01 -2.05472628e+00  5.93348252e-01
 -6.25026408e-01 -3.46055245e-01 -1.98576286e-01 -9.59148985e-01
 -1.31862185e-01 -8.43978586e-01 -1.35579720e-01 -9.66895826e-01
 -2.04907386e+00 -3.58055517e-01  8.05576733e-01  1.18815000e+00
 -1.02315804e+00  9.49735379e-01 -6.20422706e-01  1.17501169e+00
 -1.34131686e+00  3.24602550e-01  3.77457256e-01  7.06030024e-01
  1.00745022e+00  2.90402766e-01 -5.27579687e-01  6.37947168e-01
 -5.22456208e-01 -3.12925422e-01 -4.09667009e-01 -5.68555368e-03
 -5.21996304e-01 -6.44369434e-01 -7.30997581e-01  8.56894763e-01
 -2.72937341e-01 -1.92324514e-01  3.70569757e-01  1.42920965e+00
  9.81221531e-01 -1.00585199e+00  7.20319255e-02 -1.66657005e+00
  1.09226983e+00  1.08981063e+00  2.58587159e-02  3.98679397e-01
  2.25957977e-01 -1.20080652e+00 -2.05080493e-01  3.30621442e-01
 -1.71024216e+00 -6.95231265e-01 -9.40989108e-01 -1.30550369e+00
  3.15575983e-01  1.80601506e-02  8.71455903e-02  5.21225973e-01
 -5.12613440e-01  2.37060901e-01  1.97005618e+00  5.89173246e-01
 -6.81499116e-03  2.90875396e-01 -1.18260299e+00  1.55876629e+00
 -1.10417496e+00  8.90948589e-01  2.47971478e-01 -9.66691443e-01
  1.94472954e+00 -1.41434623e+00 -1.78650400e-01  1.17339855e+00
 -2.66930794e+00  3.95189639e-01  1.50864311e-01 -8.36991207e-01
 -5.66868391e-01 -9.34496488e-01  1.85788080e-01 -9.03232589e-02
 -1.60682264e+00  4.14909058e-01  8.76027993e-01 -2.80843568e-01
 -5.22773293e-01 -1.01939227e-01 -3.51573735e-01 -8.60745074e-01
 -3.61441742e+00  1.05951733e+00  2.82640068e+00  1.09498454e+00
  3.94538433e-01 -1.45624738e-01 -4.18838137e+00  1.08839407e+00
 -5.97018944e-01 -2.22672909e+00  9.74139186e-01  8.06885757e-01
 -5.35837522e-02 -2.11144643e+00  3.52458401e-01 -1.77683839e+00
  1.16617413e+00  5.42193090e-01  8.37121422e-01 -5.62547528e-01
  9.93429616e-01 -1.21013457e+00  2.34209443e-01 -7.32132804e-01
 -3.58999687e-01  1.37554153e+00  1.47544194e+00 -1.08455088e+00
  1.31181575e+00 -1.79393927e+00 -8.40514827e-01 -2.05092805e-02
  1.08498211e+00  5.56073672e-01  2.33830737e-01 -8.39197472e-02
 -8.52834981e-01 -4.78713926e-01  3.90906457e-01 -5.10808856e-01
  1.11389452e+00 -4.41994916e-01 -2.78677212e-01 -1.13571300e+00
  2.48439250e-01 -1.51771745e+00 -2.17592538e-02  1.20171752e+00
  7.28785164e-01 -8.48911278e-01 -8.09466159e-01 -9.57918249e-01
  1.29536506e-01 -8.83398686e-01 -7.94759520e-03 -5.09677803e-02
 -9.28875910e-01 -2.48131854e+00 -6.46724804e-01  9.96948821e-01
  1.49643429e+00  1.67579618e-01  2.55150648e+00 -1.81524749e+00
  6.73451058e-01  9.70701579e-01 -9.55155502e-01 -1.72390667e-01
  1.35116959e+00 -1.32032506e+00 -7.94576914e-01  4.68360236e-01
  5.78771540e-01  1.64229042e-01 -1.43982483e+00 -2.34456217e+00
 -5.05883861e-01 -1.88592369e+00 -6.62449654e-01  9.20262269e-01
 -1.13534054e+00  1.28351583e-01  8.22585832e-01  9.87746859e-01
 -1.72296545e+00 -2.30676004e-01 -6.64534124e-01 -2.14911651e-01
  9.68531179e-01 -8.15592415e-01  2.83814072e-01 -4.20861071e-01
  7.05848917e-01 -1.35809784e-01  1.48493367e+00  8.23846959e-01
  8.66296349e-01  8.42210843e-01  4.98677703e-01 -8.88256225e-01
  2.04456122e+00 -1.29118067e-01 -1.25009524e-01 -1.52018843e-01
 -1.50647522e+00  8.49612268e-01  6.89933449e-01 -2.94916503e-01
 -2.97829973e-02 -8.34115319e-01  4.85864734e-01  1.36685471e+00
 -5.73335865e-01 -1.78257178e+00 -3.62674131e-01  6.13672165e-01
 -1.26475849e+00  1.14178393e+00  6.05512273e-01 -4.54691710e-01
 -7.42838613e-01 -1.83116439e-01 -9.52017564e-01 -1.32355083e-01
 -1.92187560e+00  1.22248428e+00  4.05316678e-01  2.41982707e-01
 -2.87854873e-02  1.31490944e+00  9.72710358e-01 -1.54207196e+00
  5.72337475e-01  9.62088548e-01 -2.02919430e-02  1.03721157e+00
 -1.08899924e-01  7.42596311e-01  1.89106958e+00  5.18815246e-01
  6.03325943e-01 -4.28800202e-02  1.24455321e-01 -8.98390236e-01
  6.41279559e-01 -6.09693637e-01 -1.78324192e-01 -2.66855251e-01
  9.77065818e-01  3.17460784e-02 -7.02383910e-01  5.37223695e-01
 -5.00416313e-01 -1.16006823e+00 -2.89802673e-01 -3.03658964e-01
 -1.22625712e-01  4.42525848e-01  9.44228178e-01 -1.38776922e+00
  6.07838137e-01  3.38158659e-01  2.02212086e-01 -3.84087947e-01
  1.32021356e-01 -7.18289320e-01  1.53708148e+00  7.86712208e-01
 -1.21489179e+00 -1.70624827e+00  4.00559276e-01  1.09752719e+00
 -1.13161855e+00 -9.50859186e-02 -1.64022447e-01  2.56607073e-02
 -7.63321067e-01 -6.02351367e-01 -1.26316236e+00  8.31294284e-01
 -2.20594929e-01 -4.33360402e-01  1.00932708e+00  1.55240966e-01
  2.33709825e-01 -6.70237615e-01 -1.17968960e+00 -6.90156884e-01
  1.83325180e-01 -1.86252494e-01  1.00073132e-01  1.25095381e+00
  3.31284057e-01 -6.66066622e-02  6.69628809e-01  6.80654258e-01
 -1.53257168e+00  3.97420004e-01 -6.88726521e-01 -6.51024640e-01
  9.78872718e-01 -1.34311765e-01  2.06794081e+00  1.62869373e-01
  3.82888829e-01 -1.18932464e-01 -2.45244977e+00 -1.36339650e+00