 2.26163636e-01 -1.16904396e+00  1.12276760e+00  1.57511621e+00
  2.30829614e-01 -6.77656663e-01  1.25231297e-01 -2.30152678e-01
  6.44787679e-01  3.83633936e-01 -1.31224324e+00  9.50653086e-01
 -6.93110520e-01  4.05006272e-01  1.17267985e+00 -1.40156247e+00
 -8.24046398e-01 -2.30161723e+00 -8.72558544e-02 -6.82829783e-01
  1.30631765e-01 -1.40069336e-02  2.40561445e+00 -9.10397720e-01
 -4.01072018e-01  2.05050866e+00  1.03165720e+00  3.16861293e-01
  7.44756770e-01  1.70341313e-01  6.95295326e-02  3.03887859e-01
  1.07445338e+00 -2.32014546e-01 -1.61222815e+00  6.01629312e-01
 -2.08446208e-01  5.38130574e-02 -9.99045749e-01  1.28661582e+00
  6.87934205e-01  1.81645477e-01  9.04339449e-01  1.25150311e+00
 -6.36875123e-01 -9.46103716e-01 -5.54272634e-02 -1.79792502e-01
 -6.25265255e-01 -1.07748759e+00  9.49753349e-01  6.67788487e-01
 -8.40271706e-01 -1.77740653e+00  5.39573088e-01  4.77008814e-01
 -4.69814739e-01 -9.62340179e-02  9.43080020e-01 -1.40849324e+00
  5.07881920e-01  4.05841476e-01 -1.59332033e-01  4.47470982e-01
 -2.74529695e-01  2.40587857e+00 -4.93061377e-01  3.06921928e-01
  1.56326237e+00  3.90668906e-01  8.54070347e-01  4.98058776e-01
  8.78067521e-01  1.67967540e+00  1.30011212e+00 -8.12291882e-01
  3.84817547e-01  1.98874845e+00  1.36325389e+00  1.77460927e+00
 -9.28881467e-02  1.71082591e+00 -2.40126134e+00  1.46259659e+00
 -1.25156966e+00  8.04695005e-01 -7.07558222e-01 -2.47019412e+00
 -6.98791850e-01 -8.21599900e-01  1.77529249e-01 -2.91430761e-03
 -5.11904934e-02 -8.69027710e-02 -4.27970163e-01 -2.73363816e-01
  2.60292500e+00 -8.74900852e-01 -1.59456498e+00  6.54071956e-01
 -9.40340213e-02  9.64252115e-01 -4.24806685e-01 -1.54210227e+00
  1.16371429e-01 -3.86875554e-01 -1.04517251e+00  1.14535904e-01
 -2.87638243e-01 -1.99039008e+00 -1.07968780e+00  1.27623612e+00
 -5.16788060e-01  1.38292253e+00 -6.49101472e-01 -6.47577918e-01
 -6.30029179e-02  6.78214932e-01  1.48224755e+00 -6.17381301e-01
 -1.59752810e-01 -2.96434404e-01 -4.31093331e-01 -5.09730951e-02
  1.93760991e-02  5.30773370e-01 -6.15011457e-01 -1.67484617e-01
  7.45236051e-01  2.81223406e-01 -3.64646974e-02  1.79705521e+00
  2.99011433e-01  8.76067348e-01  1.21112132e+00 -3.01199814e-01
 -8.04814635e-02 -2.46496713e+00  2.97097840e-01 -1.19655507e+00
 -6.55778201e-01 -3.25646239e-01 -1.98663254e+00  2.33124430e-01
  4.05097795e-01 -1.09201483e+00  3.41979233e-01 -8.72669789e-02
 -1.54980695e+00 -5.84357320e-01  2.63510541e-01  5.00289977e-01
  4.42743529e-01 -5.15393626e-01 -1.34814237e+00  1.17765977e+00
 -6.12153712e-01 -4.82989609e-01 -1.56477691e-01  5.14927148e-01
 -3.19217993e-01 -7.46966958e-01 -2.59793341e-01  1.47383001e+00
  2.49854355e-01 -5.07319780e-01 -1.21493519e+00  1.81289273e-02
 -1.82456012e+00  1.16491058e-01  8.76577032e-01 -2.84411767e-02
 -2.44893645e+00 -1.07940225e+00 -4.20135964e-01 -3.02615631e-01
  6.88234014e-01  1.46152366e-01  5.29214317e-02  1.03781894e+00
  5.89088838e-01 -1.84854768e-01 -1.25304475e+00  7.09440320e-01
  1.89445071e+00  5.58634304e-01  4.69024236e-01 -9.26657665e-01
 -6.17081668e-01  1.37084283e+00  1.22687863e+00  1.01417178e+00
 -2.47808507e-01 -5.57424794e-01  1.45285014e+00 -9.26269590e-01
 -7.93817637e-02  1.55064000e+00  2.12553529e+00 -5.39744014e-01
  1.19636877e+00 -4.46332317e-01 -2.44465195e-01 -6.40979481e-02
 -2.84372276e-01 -1.44008299e+00  7.03464519e-01  6.68128686e-01
  1.36348325e+00 -2.29824341e-01 -3.07013112e-01 -1.19460306e+00
  8.94765067e-01 -3.63461457e-01  2.24487135e-01  1.18179080e+00
  7.50133717e-01  1.11690727e+00  3.25236221e-01  2.31038653e-01
  2.14545891e+00  9.27207444e-01  9.97936769e-01 -7.66668586e-01
 -1.10028021e+00 -1.47217481e-01 -1.04161208e-01  1.21676903e+00
  1.98060235e+00 -1.21493573e+00 -1.15292236e+00 -4.21900483e-01
  1.79132748e+00  3.27888651e-01  8.89471198e-01 -1.00522493e+00
  9.70744628e-01 -1.30213620e+00 -2.32824576e+00  2.46257925e-01
  1.64315711e-01  1.12266722e+00 -2.02906935e-01  1.65840046e+00
  1.79304587e+00 -4.67311491e-02 -4.35488922e-01 -9.98925282e-01
  1.25439011e+00  7.09728922e-01  1.04631599e+00  1.39546953e+00
 -1.86370161e+00  1.90397947e-01 -1.31813856e+00 -8.90090238e-01
  9.80275794e-01  2.02680694e-03 -6.05887827e-01  6.35356812e-01
  3.97976917e-01  4.71972334e-01 -2.81651420e-01 -3.84267912e-01
 -1.33721121e+00  2.61176111e-01  8.40994233e-02 -4.84004013e-01
 -1.32260280e-01  1.95047590e+00 -1.31243948e+00  4.68771082e-02
 -1.13117677e+00 -4.63564870e-01 -7.85201111e-01  1.57276431e+00
  1.29418911e+00 -9.73232311e-01 -8.28525149e-01 -6.26372906e-01
  3.30153061e-01  8.20513069e-01 -1.28901266e+00  6.84596017e-01
 -6.95312033e-01 -7.86812030e-02  4.93345858e-01 -5.07044611e-01
 -3.58053582e-01  9.32705307e-01 -7.29526658e-01  5.30560284e-02
 -1.57172149e+00  5.52519370e-01  1.09247020e+00 -9.69808225e-01
 -1.49250818e+00 -9.42779581e-01  8.11075004e-01  1.45342544e-01
  7.26493455e-01 -5.07384334e-01 -1.70986930e+00  1.29682313e+00
 -1.37399061e-01 -2.69537430e-01 -4.37452360e-02 -1.06716498e+00
  5.18512897e-01  5.43329481e-02  5.20377476e-01  1.11949609e+00
  2.77221784e-01 -1.73206077e+00 -1.73809381e+00  1.17218456e+00
  9.77612605e-01 -2.22939677e+00 -2.89050818e-01  1.94122799e-01
  1.17194931e+00 -6.31998228e-01  3.56594930e-01 -6.88453805e-01
  3.61441262e-01 -4.41644074e-01  1.27991091e+00  2.52829102e-01
  9.76692161e-01  8.57352366e-01 -2.27071005e+00 -1.28665380e+00
 -9.04481448e-01  4.57684496e-01 -6.54179628e-01 -1.01918196e+00
  4.93915069e-01  1.00541276e-01 -7.29241801e-01 -1.62603236e+00
  2.02312521e-01  1.41940147e+00  3.27333983e-01 -1.72193379e-01
  5.34136524e-01  1.46039176e+00 -5.19601440e-01 -1.58493467e+00
 -3.32101879e+00  7.25003781e-01  5.95456929e-01  1.10632146e+00
 -3.88628910e-01 -1.44868120e-01  1.42315206e+00  7.32419510e-01
  5.76919461e-01  2.33936806e-01  1.20952699e+00 -2.89420079e-03
 -6.53299191e-01 -1.62884089e+00  2.48051015e+00 -1.32072733e-01
 -8.61983571e-02 -8.68357576e-01 -1.07191902e+00  5.91920139e-01
 -4.60658056e-01 -1.59833333e-01 -2.14632692e+00 -1.04576331e+00
  9.61290090e-01 -1.56298810e+00 -5.19571095e-01 -1.43927066e+00
  6.84026435e-01 -4.81445301e-02 -1.06577663e+00  2.39130298e+00
 -6.18165623e-01 -1.14793340e+00  4.31032601e-01 -6.23412989e-01
  2.05635547e+00 -1.46234481e+00  3.77243276e-02 -2.64242958e+00
  1.72517016e-01 -6.42293491e-01 -1.92427804e+00  8.64378080e-03
 -1.27373367e+00  9.80111344e-01 -3.25464187e-01  1.52213311e+00
  4.43633230e-01 -1.04091179e-02  1.90585564e+00 -5.87593713e-01
 -1.50920334e-01  8.71732735e-01  8.68610543e-01 -6.73492898e-01
  1.69738798e-01 -4.39063469e-01 -1.09441208e+00 -1.49417183e+00
 -1.09928705e+00 -6.37699478e-01 -2.53323460e-01 -1.42368684e+00
  1.72763329e+00 -1.28327114e+00 -5.29464572e-01  9.88148400e-01
  1.10217694e+00 -4.01800338e-01  4.27546821e-02  1.08640754e-01
  2.65086539e+00  3.65303507e-01  1.70168318e+00 -3.54483462e-01
 -4.92378248e-01 -1.13343625e+00 -1.37357660e+00  6.63368408e-01
 -1.41599787e-01 -2.60544234e-01 -6.57068979e-01  1.02999839e+00
  2.75495872e-01 -1.72066386e+00  1.37867468e+00  1.60453050e-02
  2.42844269e-01  3.02337420e-01 -6.29848459e-02 -3.74385648e-01
 -4.43333524e-01  6.72452178e-01 -8.57781538e-01  1.13683375e+00
  1.35308255e+00 -9.74686014e-02  1.78436337e-01 -2.70075898e-01
 -1.68178273e+00  9.61448169e-01 -4.14446277e-01 -7.71752608e-01
  4.54881019e-03  4.54457747e-02 -4.30128067e-01  7.54161864e-02
 -1.80720607e-01 -4.14668218e-01  3.25345267e-01 -1.28325423e+00
  7.18701966e-01 -1.63880620e+00 -1.33855129e+00  3.22938627e-01
  8.97346107e-01 -2.16632550e+00 -1.36497681e-01  1.09734039e+00
 -6.27833213e-01 -1.49995608e+00 -2.40262768e+00 -6.31478663e-01
  9.61568501e-01 -4.03543938e-01  1.14806185e-01  2.57712919e+00
  4.99982656e-01  2.22354940e-01  1.93809058e-01 -1.54036527e+00
 -1.40441253e+00 -3.87403969e-02  1.19365792e+00 -1.65412220e-01
  1.00568158e+00  1.81303705e-01  8.99927961e-01 -9.95596536e-01
 -1.84324215e+00  1.00962842e-01 -3.20052968e-01 -7.06994180e-02
  8.54943981e-01  7.76220010e-01 -7.19705765e-01  6.02246662e-02
 -1.45490010e+00  5.29921294e-01  1.28819039e+00  3.64577599e+00
  1.97489282e-01 -8.59029478e-01 -7.01921784e-01  6.85667003e-01
  1.70054397e+00 -3.60724663e-01  3.61783040e-01 -1.55915031e-01
  1.47261054e+00 -4.31437409e-01 -5.83649187e-01  1.63086083e-01
  1.72131059e+00  1.79789522e+00  2.77717755e-01 -1.71399440e-01
  1.36571548e-01 -1.46193444e+00  3.26075426e-02 -4.64946117e-01
 -7.09786133e-01 -7.92229538e-01 -1.03205167e+00 -2.04950943e-01
  4.17704744e-01  3.66565786e-01 -1.00393712e+00  4.81091071e-02
 -1.89002720e+00  9.64098763e-01  9.36735904e-02  1.41838504e+00
 -8.33390301e-01 -3.73893167e-02 -4.84647136e-01  1.54292825e+00
  9.55391729e-01 -9.46349520e-02 -7.34771168e-01  5.54042153e-01
 -5.24614432e-01  2.06273902e+00 -5.92304245e-01 -8.62210555e-01
 -8.03682266e-01  1.09499035e-01 -2.71649553e+00 -8.83611173e-01
 -2.78209529e-01  5.96380224e-01 -7.92409028e-01  2.42234619e-01
  1.17052477e+00  1.21019752e-01  1.84062477e-01  4.33648584e-01
  1.32437904e-01  6.98856139e-01 -7.50772379e-01  5.16552791e-01
 -2.08311239e-01 -6.13053510e-01  9.44921760e-02  1.23739264e-01
  7.27508784e-01 -1.03102439e+00 -1.53438474e+00  4.31505680e-01
  1.44292613e+00 -5.32424384e-01 -3.67017858e-01  1.09870543e-01
 -1.51904093e+00  3.23639386e-01 -1.58849986e+00 -4.55057234e-01
  4.13699674e-01 -1.50088874e+00 -2.60588232e-01 -1.95758844e-01
  1.42058993e+00  9.28291493e-01  2.31329167e+00  7.08966798e-01
  6.91534852e-01  1.56472278e-01 -1.73815232e+00 -6.28261304e-01
 -2.04908128e+00 -9.97404056e-01  3.58824811e-01  1.05015310e+00
 -1.22761399e+00 -8.02427982e-01 -1.98933867e-01  1.36196293e-01
  9.74288627e-02 -4.39313325e-01  7.50300817e-01 -1.54771580e-01
  2.39099862e-01 -6.87210366e-01  9.79215686e-01 -1.55783789e-01
 -5.45808195e-01  3.04616452e-01 -1.75874736e-01 -1.74337916e+00
 -1.28907232e-01 -1.30136851e+00 -4.40578774e-01 -1.65924755e+00
 -3.51147897e-01  3.24604673e-01  5.61153132e-01 -1.59004052e+00
 -2.62607992e-01  6.92325281e-01 -1.96283015e+00 -2.72704075e-01
  1.34027517e+00  1.48310003e+00 -2.77140555e-01 -1.48458771e-01
 -6.90333543e-02  1.95794864e-02 -1.00013496e+00 -2.81522379e-02
 -2.14887749e+00  3.80664368e-01  1.31966052e+00  1.91260517e+00
  8.90157138e-01  3.38605538e-01  2.26640701e-01  2.20793785e+00
 -1.03419023e+00  1.00044445e+00  2.71261277e-01  2.27286486e+00
 -5.06311704e-01 -3.80244882e-01 -4.83982325e-01  5.34564026e-01
  3.29324956e-01 -1.68485037e+00 -1.70397677e+00  9.67391097e-01
 -1.64915153e+00 -4.07892292e-01  5.43057019e-01  1.39606003e-01
 -3.78332061e-01 -1.95399819e-01 -4.50546067e-01 -3.03329010e-01
  1.00587930e-01 -2.53111930e+00  2.34020114e-01  1.01424844e+00
 -4.44453804e-01 -1.28886331e+00 -5.80003583e-01 -4.23264698e-01
 -1.02072204e+00  1.29643630e+00  6.75215371e-01 -6.02916050e-01
 -8.90159747e-01 -6.77364943e-01 -2.79264133e-01  4.13431593e-01
 -8.55792757e-01  9.99033762e-01 -1.25570392e+00 -7.32571379e-01
  4.00766697e-01 -5.47032238e-01 -6.66439995e-01 -1.24482387e+00
 -1.18327971e+00  1.12205814e+00 -1.73659351e-02 -1.24369023e+00
 -2.20775964e+00  7.85739284e-01  3.07523094e-01 -1.13436130e+00
 -1.09470251e+00  1.58630798e+00 -7.26350125e-01  6.98515513e-01
 -2.13501567e-01 -5.17731002e-02  2.86629631e-01  9.24752344e-01
 -4.73354350e-01 -2.34665544e-01  7.82257303e-03  6.75052840e-01
 -1.88550296e+00  2.34555048e+00 -8.53617795e-01  3.22470444e-01
 -5.25167359e-01  2.31605566e-01 -1.81676512e-02 -2.56024339e-01
 -5.49029094e-01  8.85359410e-01  4.05226825e-01 -2.00277694e-01
 -8.80784693e-02 -4.24142629e-01  9.25680684e-01 -1.66468718e+00
 -7.90759073e-01 -1.71831561e+00  5.94436978e-01 -1.99152197e+00
  2.69005753e-01 -2.03059654e-01  7.64757506e-01  7.25149671e-01
  7.58809653e-01 -9.39137875e-01  2.10275381e-01 -6.97257866e-01
 -4.30741786e-01  6.41953575e-01 -5.40892769e-01 -7.35792491e-01
  6.52307405e-01 -9.28707040e-01 -1.12466276e+00  1.21701361e+00
 -4.15527628e-01 -2.45484976e-01  1.49905718e-01  2.38923885e-01
  7.29636867e-02  9.54162723e-01 -6.11976418e-01  1.25960859e+00
  1.58857327e+00 -1.25922625e+00 -1.03917114e+00 -8.25545094e-01
  1.20490196e+00 -1.20599637e+00  1.32665191e+00  1.15091334e+00
 -5.61358081e-01 -5.17834547e-02 -2.37461227e+00  2.37224368e+00
  1.36146433e+00 -1.75543294e+00 -1.75221953e+00 -7.66872186e-01
 -1.17989423e+00 -4.05408172e-01 -1.80155576e+00 -1.25463301e-01
 -3.25244997e-01  9.47738519e-01 -5.12053852e-01  2.23697561e+00
  4.15140714e-01 -1.88464547e+00 -1.85895997e+00 -1.79613903e+00
  3.84350871e-01 -1.59878269e+00  6.27818759e-01  7.41038717e-01
  1.14884894e+00 -8.99116295e-01 -4.71447952e-01  3.94828881e-02
  3.24803083e-02 -8.08700464e-01 -8.94399409e-01 -3.07675994e-01
 -2.19060874e+00 -4.64968904e-01  6.69855918e-01  4.12615145e-01
 -1.05829612e-01 -3.67481867e-01  1.90250432e-01 -9.81312632e-02
  3.99101857e-01 -1.79301396e+00  2.41598195e-01  5.53933271e-01
  1.36575581e+00 -7.87241150e-01  9.54867262e-01  1.64212840e+00
 -1.20849380e+00 -7.35299198e-01 -1.52001150e-01 -4.21129613e-01
 -1.32768436e-01  3.60835765e-01  4.34390185e-01  3.63477257e-01
 -6.86859734e-01  6.81182617e-01  8.37216634e-01 -1.95702537e-01
 -7.52492943e-01  1.37189776e+00  8.55728061e-01 -1.39639610e-02
  1.37327131e-01 -1.71573336e+00 -1.48103796e+00 -5.69752324e-01
 -5.53572553e-01 -1.92010833e+00 -2.16091196e-01  1.54538470e-01
  6.04136754e-02  3.05505546e-01 -1.00778374e+00 -3.85290947e-01
  1.16828152e+00 -6.67416128e-02  3.44332497e-01  1.69202579e+00
 -4.00510012e-01  6.31714320e-01 -1.42093815e+00 -1.18099744e+00
  4.96799711e-01  2.22805749e-02 -1.07659956e-01 -4.17814961e-02
 -6.34844489e-01  1.47474993e-01  5.43485149e-01  1.08418553e+00
 -2.66905167e-01  1.19126513e+00 -7.51052692e-01 -2.25305332e+00
  5.33567691e-01  6.75072012e-01 -8.30211290e-01  1.12677725e-01
  1.37415678e+00 -1.88147660e+00  1.77732784e+00 -8.67924975e-01
 -1.38519434e+00  4.53564905e-01 -6.87932113e-01  2.74053778e-01
  5.20410613e-01 -7.62405886e-01 -7.59503253e-01  1.11522049e-01
  1.80213231e+00 -3.07751498e-01  9.04772948e-01  1.89463109e+00
  2.04263305e+00  1.02424993e+00  2.45485967e-01  9.52105171e-01
 -2.21715302e-01  1.16883826e+00 -3.13248023e-01  1.18280664e-01
  1.95018416e+00  3.71751423e-01 -4.96481336e-01 -2.29337776e-01
  1.01747549e+00 -3.89272796e-01 -5.82029139e-01  1.25169498e+00
  4.84887378e-01  2.76164174e+00 -1.06623402e+00  2.00283460e+00
 -1.42465663e+00  3.79881452e-01  2.11460716e+00  1.02643783e+00
 -1.06078487e+00  7.14282780e-01 -1.21610510e+00 -9.02271401e-01
 -9.76530882e-01 -7.31028820e-01 -5.76995329e-01 -1.52553543e+00
  5.80329897e-01  2.19319848e+00 -6.52532283e-02  1.47253398e+00
  1.68017587e+00  2.78422043e-01  4.28549982e-01 -1.48658975e+00
 -8.06118174e-03 -7.04516928e-01  1.00494033e+00  4.00948737e-01
  1.77436381e+00 -6.29931354e-01 -7.11166049e-02  1.34317360e-01
 -5.43725292e-01 -2.92185856e+00 -1.13283806e+00  6.28805322e-01
 -5.81834942e-01  5.22487349e-01 -6.44666722e-01 -2.10126623e+00
 -4.71929141e-01  2.49767352e+00 -1.61612698e+00  7.06767833e-01
 -9.82660089e-02 -1.01590103e+00  2.18061300e-01 -3.94894795e-01
 -7.96597977e-02  4.30354278e-01  5.30316341e-01 -4.00736176e-01
 -7.16382674e-01  2.50107971e-01  1.68093015e+00  9.63711183e-02
  8.95241571e-01  1.96784335e+00  1.68136029e+00 -9.93317809e-01
 -1.48685888e+00 -1.00416943e+00  6.46677504e-01 -3.72606171e-01
  9.47805726e-01 -1.55508613e+00 -1.19815559e-01  4.70277885e-01
  5.09466120e-01 -3.13766385e-01 -8.58285846e-01  3.16945594e-01
  1.92421706e-01  2.13374331e-01  1.10789252e+00  1.20763822e+00
 -1.43750427e+00 -2.27883997e+00  1.28140792e+00 -1.78082317e+00
  3.56933628e-02 -9.44320852e-01 -1.56619468e+00  1.77740648e+00
 -2.32807115e+00 -3.95639087e-01 -4.13355362e-02  7.58444148e-01
 -2.74160969e-01 -8.76185828e-01 -1.08678020e+00 -7.94879993e-01
 -8.96093989e-01 -8.10515087e-01  1.86567820e+00 -5.03954091e-01
  2.70934445e-01  7.16668882e-01 -2.90272303e-01 -7.31448553e-01
  1.55111229e+00 -1.25380941e+00 -8.31116848e-01 -3.56994010e-01
  1.45143912e+00 -1.61591901e+00 -2.92028463e-01 -2.79824249e+00
  5.27560657e-01 -2.45671996e-01  1.79705304e+00  9.54245882e-01
 -9.29137709e-01  1.70833104e-01 -5.05906096e-01 -1.14060880e+00