 1.00180705e+00  1.63521907e+00  1.04178487e+00 -9.54151175e-01
  6.94980061e-01  7.82424788e-01 -2.42527486e-02 -1.23239563e+00
 -4.53196482e-01 -9.86410920e-02  2.29191193e+00 -6.03176368e-01
 -1.07416177e+00  2.57095937e-01 -2.74488362e-02  1.85157759e+00
  2.83238302e-01 -2.82216573e-01  1.29865189e+00  6.46882374e-01
  1.42270012e-01  3.85225269e-01  8.16669675e-01  1.35146157e+00
 -5.37400894e-01 -2.91135573e-01 -9.34691615e-01  1.59338442e-01
 -9.69444575e-02 -4.81692186e-01 -1.19854498e+00 -5.73656015e-01
  2.33975024e-01  3.26838113e-01  7.35670891e-01 -5.73468254e-01
  2.14275419e+00  1.75353690e+00  2.90751517e-01  7.65855153e-01
 -1.22942428e+00 -3.00138422e-01 -2.17264753e+00  6.64445022e-02
  6.31898859e-01  9.65951026e-01  7.37083815e-01 -2.11488184e-01
 -1.28809390e-01 -8.26117798e-01  3.75678328e-02  3.57376762e-01
 -1.54214596e+00  8.44305145e-01  4.11166011e-01 -8.20121006e-01
 -5.50981719e-01  2.33645745e+00 -1.65381561e+00 -8.11909010e-01
 -9.74164310e-01 -1.38333692e-01  6.12999306e-01 -2.57870325e-01
 -6.54537351e-01  1.68638206e-01  5.22341492e-01  2.52824640e+00
  1.74149070e+00  1.28321715e+00 -7.71491438e-01 -7.57140351e-01
  1.93959781e+00 -8.41684207e-02 -8.65798229e-01 -7.16565413e-01
 -2.20032175e-01  9.65552721e-01 -6.37335351e-01  6.25123613e-01
 -7.46008607e-01 -7.32586758e-01 -1.18941782e+00  1.20424952e+00
  2.35459600e+00  1.27821530e+00  1.39788699e-01  7.12847250e-01
  7.74726166e-01  6.97396361e-01  1.55513287e-01 -1.33629129e-01
 -1.97941429e+00 -2.55362796e-01  1.57789161e+00  1.08044703e-01
  1.93426469e+00 -4.89745015e-01  4.33589357e-01 -4.64056884e-01
  6.58564556e-01  6.99997252e-01 -5.15235411e-01  1.57482579e+00
 -5.31689855e-01 -1.71220570e+00 -4.75796120e-01  1.10898172e+00
 -3.81613405e-01 -2.59480451e-01  7.53165149e-02 -3.14045364e-02
  7.06846952e-01 -4.14504479e-01  7.25479346e-01  4.66313466e-01
 -2.33021601e-01  2.63242122e-01  7.87062771e-01  6.73741053e-01
  9.31504893e-02  1.34331854e+00 -3.47262547e-01  3.33292584e+00
 -4.35816777e-01 -7.11190885e-01  1.06544345e+00 -1.06569910e+00
 -7.81331235e-01 -6.74233225e-01 -1.03539938e+00  6.41235842e-03
 -8.83649022e-01 -2.25745381e+00  1.59304682e+00  1.70160788e+00
 -1.54324791e+00 -7.47349905e-01  1.23802873e+00 -4.55334262e-01
 -1.22049616e+00  1.80484915e+00 -9.65491042e-01 -2.39985539e-02
  8.67246441e-01  3.10481104e-01 -2.37287610e-01 -9.74120599e-01
 -2.68472474e-01 -1.90357117e-01 -1.47611033e+00 -9.73974530e-01
  6.20596410e-01  8.01618821e-01 -1.03316172e-01 -7.60144943e-01
 -1.95974497e+00  3.85756459e-01 -1.57484261e+00 -9.34138366e-01
 -1.20059030e+00 -1.18260999e+00  6.78926681e-01 -7.68416981e-01
 -9.77846723e-01  1.23960372e+00  9.73711601e-02 -2.46973432e+00
 -1.03350247e+00 -8.29747315e-01  1.06437457e+00  5.23486888e-01
  8.94347172e-01  8.76897745e-01  1.00718161e+00 -4.08627963e-01
 -1.91099033e-02 -4.87317928e-01  2.81651420e-01  3.15688211e-01
 -2.10339396e+00  1.61870015e-01  4.12596649e-02  6.03621658e-01
  2.87387983e-01  1.52214635e-01  8.43142343e-01  1.06076795e-01
  2.24302162e-01 -3.68754387e-01 -9.45677735e-01  2.22971222e+00
  1.36513298e+00 -2.95490357e-01 -2.72817500e-01 -6.47175205e-01
  1.24855113e+00 -2.35159728e+00 -2.06311364e-01 -6.52948772e-01
  1.85428037e+00  8.71640441e-01 -9.07752100e-01  1.43630808e+00
 -4.94863352e-01 -8.79911911e-01  2.27298049e+00 -8.85581329e-01
 -1.31315881e+00  6.01858503e-01  1.37556104e+00  4.54450314e-01
 -1.66657089e+00 -7.18403955e-01 -1.88841659e-01 -3.66418487e-01
 -1.21117512e+00  1.07387854e+00  3.30939448e-01  7.87633851e-02
 -1.47102736e+00 -8.83419909e-01 -1.59565543e-02 -1.29212920e+00
 -1.18067180e+00  8.45140825e-01  9.01570376e-01  1.05457583e+00
 -2.88084768e+00  1.03550987e+00  5.42564417e-01 -7.21631933e-02
 -6.17776487e-01 -3.23720609e-02  3.28572243e-02  3.82474091e-01
 -1.23613077e-01  7.60068632e-01 -1.32130156e+00 -3.38705795e-01
 -2.04955453e+00  7.47762441e-01  8.28736140e-02 -1.49653741e+00
 -9.62285160e-01  4.36554322e-01  3.73769963e-01 -2.89110559e-01
 -1.37396716e+00  2.43125621e+00 -1.44083087e+00  5.80179131e-01
 -1.47452633e+00  8.19158805e-01  1.59632051e+00  5.21580115e-01
 -1.33032850e+00  4.06412223e-01 -1.28031670e+00  2.83315819e-01
 -7.72136940e-01 -1.15115120e+00 -3.54278890e-01 -2.79057547e-01
 -1.75797164e+00 -1.47487715e+00  1.30980830e-01  7.20044436e-01
  1.32663413e-02  2.99033229e-02 -3.67155486e-01 -5.59314055e-01
 -1.04516662e+00  6.82419474e-02 -3.88020561e-01 -5.91123987e-01
 -4.93992686e-01 -6.51880697e-01  1.02839356e+00  6.20898862e-01
 -4.32770066e-01  1.16524360e+00 -5.34826841e-01  1.17343528e+00
 -3.56636749e-01  8.31177017e-01  5.39556894e-01 -1.33805758e-01
  5.31279155e-01 -5.67038736e-01 -5.97303880e-01 -6.31142699e-01
  1.69135594e-01  2.79326008e-01 -1.57680204e-01  6.52773537e-01
 -8.62733953e-01 -5.52169693e-01  6.96719933e-01 -4.90180290e-01
  1.14597563e+00  4.35631628e-01 -4.53263591e-01 -3.22143325e-01
  1.58268978e+00 -9.63032452e-01  2.52443727e+00  6.75211067e-01
  7.94575595e-01 -2.48659974e-01  4.51036833e-01 -2.98170016e-01
 -6.92074369e-01 -6.91416548e-03  9.09569248e-01  2.19944611e+00
  3.18381645e-02 -7.58413905e-01  6.08060440e-01 -1.48426783e-01
 -1.45764248e-01 -1.78133565e+00  9.21636343e-01  2.86529986e-01
  3.06161295e-01 -4.09032876e-01 -4.08995012e-01 -8.06782016e-01
  1.58576238e+00  6.07232481e-01 -1.28609878e+00  5.34387535e-01
  9.92890394e-01  1.29302792e+00 -2.35861631e-01  2.60970043e-01
 -3.82200313e-01 -3.07865505e-01  1.82492224e-01 -1.64262812e-01
 -1.24558340e+00 -3.57412006e-01 -1.04983057e+00 -7.54093060e-01
 -1.53386417e+00  8.33748469e-02  9.57231138e-01 -5.28978549e-01
 -2.51113724e-01  6.51832528e-01 -5.71930473e-01 -9.44650757e-01
  4.23536439e-01  2.24488036e-01 -1.39418814e-02  1.45637413e+00
 -1.65134537e+00 -2.16942965e-02 -1.43319625e+00  5.88774715e-01
  8.96412353e-02  1.62174366e+00 -3.17230207e-01 -8.08972188e-01
  9.86059322e-01  1.53003156e+00 -1.16565741e+00  1.11650647e+00
 -1.23933832e+00  1.33351198e-01  1.04144006e+00 -1.28549623e+00
  5.06294264e-01  7.88910006e-01  3.77058555e-01  1.70408511e+00
  3.02932948e-01  5.03184576e-01 -4.08879815e-01 -3.72764712e-01
  1.61152421e+00 -6.42921398e-01  2.74517308e-02 -1.80504764e+00
 -5.39193658e-01 -9.20260645e-01  2.74453083e+00  9.27355724e-02
 -6.65732888e-02  1.00868100e+00 -2.16421323e+00 -1.89889618e+00
 -1.56329555e+00  1.13070346e+00 -1.34552610e+00 -7.13985939e-01
 -6.85935480e-01 -1.87163667e+00  5.64983794e-01 -6.21497716e-01
  2.45037383e-01  1.14199293e+00 -4.23822440e-02  7.06281640e-01
  2.55091470e-01  1.46673072e+00 -7.40742811e-01  7.18211073e-01
  1.81246817e-01 -1.54669538e-01  5.44578521e-01 -1.19697778e+00
 -4.27084499e-01 -7.86060855e-01  9.57835898e-01  1.05032277e+00
 -8.02155581e-01  1.06479112e+00 -1.48327513e+00  3.23827613e-01
  6.54045388e-01 -8.66475246e-01 -9.33596047e-02  5.17439445e-01
 -1.08447198e+00 -5.09594281e-03 -9.35379189e-01  1.25701767e-01
  1.46450298e+00 -5.84085080e-01 -9.15622501e-01 -9.32055845e-01
  6.29535082e-01  6.35538753e-01 -1.23913128e+00  1.33337809e+00
 -5.01474972e-01  1.04946067e+00 -5.43156909e-01  6.05357101e-01
  3.34085869e-01 -7.79458922e-03  4.71160684e-01 -9.26315721e-01
  2.31419643e+00 -1.78818229e-01 -1.43122613e-01 -5.17275818e-01
  6.64866104e-01  4.01029379e-01  6.82405852e-01 -3.14116912e-01
 -3.78619049e-02 -8.30339339e-01 -6.00550459e-01 -4.24972791e-01
  8.13341660e-01 -5.08093869e-01 -5.62168868e-01 -7.02290175e-01
 -2.42277314e+00  1.69205074e+00 -3.59151754e-01 -7.84954531e-01
 -4.98037625e-01 -6.29720265e-01 -1.81808022e-01  5.82134592e-01
  7.78926229e-01  3.78288725e-01  5.48514724e-01 -5.98464272e-01
 -4.63106046e-01  7.15080229e-01  8.08968000e-01  3.81811524e-01
  1.38307114e+00 -1.14345136e-01 -2.70322844e-01 -5.71192201e-01
  1.23103147e+00 -7.77858536e-01 -7.60301055e-03  2.89991528e-01
  2.76224095e-01 -8.51492544e-01 -1.51079570e-01  9.46265779e-01
  1.44483968e+00  6.39796917e-01 -1.59393773e-01  1.15085971e+00
  8.60190452e-01 -2.29956046e-01 -1.81979646e+00 -4.14851842e-01
 -2.54292567e-01 -6.34193090e-01 -1.05468281e+00 -1.31364326e+00
 -6.88975265e-01  1.26377725e+00 -5.20942323e-01 -1.21580580e+00
  1.79983158e-01 -1.29448240e+00 -9.93779346e-01  1.45196722e+00
 -1.36164455e-01 -3.11232045e-01 -1.25081184e-01 -1.03596546e+00
  4.43342793e-02  1.02095565e+00 -1.22631540e+00 -5.32013415e-01
 -9.53416015e-02  5.51037865e-01 -1.41070050e+00 -4.70533439e-01
  1.99517597e+00  1.78082665e+00 -3.37738687e-03 -9.99279832e-01
 -5.71035404e-01  3.27554387e-01 -6.38581405e-01 -1.45705330e+00
  2.16249370e-03  1.86750942e-01 -3.91282374e-01 -1.47576450e+00
 -7.77717313e-01 -1.54120158e+00 -8.88801233e-01  9.91325909e-01
 -5.14400899e-03 -2.16139172e+00  2.48182974e+00  1.43048450e+00
  2.46468861e-01  6.21443552e-01 -8.80140561e-03  1.28994355e-01
  7.51019547e-01  2.32363610e+00 -1.21486308e+00  4.40205213e-01
 -8.42090151e-01  1.79041174e+00 -4.16311634e-01 -6.05406359e-01
  3.00999741e-01 -7.56180774e-02 -3.18462201e-01 -3.85783074e-01
 -4.10019227e-01 -3.33797075e-01 -4.83628322e-01 -5.53583682e-01
  2.62089123e+00 -5.16438934e-02 -1.14990824e+00  1.29050772e-01
  1.91255985e+00 -2.32429186e+00  7.92855354e-01  9.16624868e-02
  1.38921753e+00 -2.17047083e-01  1.33995356e+00  9.73023715e-01
  6.79134257e-01  2.37980535e-01 -2.16768999e-01 -3.31715698e-02
 -1.09559832e+00  3.38623641e-01 -3.43228209e-01 -1.42657549e+00
  2.36304204e+00 -1.66063430e+00 -1.63756175e-01 -4.59519696e-01
  5.17115318e-01  1.08769963e+00  2.40621392e+00  1.98298942e+00
 -5.38221281e-02  9.17580179e-02  5.99235788e-01 -3.03739315e-01
 -5.78311548e-01  6.57925819e-01  9.69538982e-01 -3.28680136e-01
  9.23205702e-01  1.57814361e+00  7.38617627e-01 -3.91160089e-01
  6.88055270e-01  2.24186322e+00  6.46186198e-01 -3.72961987e-01
 -2.64662635e-01 -1.14236470e+00  1.15667391e+00 -9.19352909e-01
  9.17634085e-01  2.34245913e+00 -3.39482321e-01 -6.12761314e-01
  1.41418600e+00  4.97899640e-01 -8.12186531e-01  1.45559293e+00
 -2.09069950e+00 -4.56225775e-01 -2.48616932e+00 -5.20695807e-01
  4.91061925e-01 -9.43989586e-01  5.57599109e-01  7.43793462e-01
  7.04777907e-01  1.19875876e+00 -2.23072682e+00  6.68839223e-01
 -4.02947939e-01  5.38809935e-01 -3.51693038e-01  8.95068756e-01
 -9.29281579e-01  1.17220103e+00 -2.63773524e+00 -1.01867535e-01
  5.97365063e-01 -2.00622493e+00 -4.45974915e-01  7.14528055e-01
 -6.77062944e-01 -4.86405012e-01  1.92011975e-01  2.50467825e-01
 -4.37535132e-02 -2.25413454e+00  1.37323724e+00 -3.37051529e-01
  1.33482740e+00  2.71969804e-01 -9.39219377e-01 -2.28194136e-01
 -3.61384693e-01  9.29797909e-01 -1.78565155e-01 -6.19070283e-01
  3.81295407e-01  6.75940199e-01 -1.08415319e+00  3.52627998e-01
  6.45558618e-01 -3.38687780e-01 -8.70395366e-01 -3.07105625e-01
 -1.05702962e+00 -4.69221362e-01 -2.52457181e-01  1.14591251e+00
  9.22175149e-01  8.70080630e-01  2.10188698e+00  4.75761667e-01
 -1.10920320e+00  2.20023860e-01  2.43529230e+00  1.41447949e+00
  8.80505078e-01  2.35312354e-01 -1.47133004e+00 -5.98924695e-01
 -8.19394532e-01 -1.67737933e+00  2.92202755e-01 -1.07464828e+00
 -3.73270970e-01  5.19584461e-01  6.42724838e-01  1.51713802e+00
 -9.78948044e-01  2.34855903e-01 -5.00305779e-01 -6.70247525e-01
 -8.93039883e-03 -7.83767184e-01  2.43236548e+00 -2.43794641e-01
 -1.18234073e-01 -6.01404266e-01 -1.13066138e+00 -3.16494335e-01
  8.00234033e-01 -1.90347240e+00  6.35947400e-01  3.14914987e-01
  2.27455166e-01  5.15197056e-01 -5.01901331e-01 -4.54983775e-01
  4.31618268e-01 -1.32089576e+00  3.32439125e-01  1.53725464e-02
  8.73218523e-01 -1.54445393e+00  9.80618529e-02 -1.66642004e+00
  8.06263712e-02 -1.18150662e+00 -2.65200155e-01 -1.22590971e+00
  2.79815328e+00 -1.34511858e+00  1.21048005e+00  1.07549662e+00
 -4.98180292e-01  1.90079086e+00 -5.33343306e-01  1.25716194e-01
  6.02141546e-01  8.77463340e-01 -1.73816768e-01 -7.00756448e-01
  7.51015413e-01  2.30997128e+00  5.60433906e-02  4.75237885e-01
 -1.15279030e+00 -6.68286861e-02  1.96545797e-01 -5.30864725e-01
  7.36583329e-01 -2.21216367e-01  3.42053361e-01 -5.40696346e-01
 -5.66691378e-01  5.49304617e-03 -6.19199223e-01  2.65959199e-01
  5.81440082e-01 -2.37700297e-01  8.29416010e-01 -1.64278380e+00
 -2.03088415e+00 -1.04358003e+00 -6.43642211e-01  7.19057441e-01
  6.19333585e-01  6.71596032e-02  1.73478991e+00 -7.92225344e-02
  7.21883217e-02 -1.01491235e+00 -3.82767176e-01  1.09745244e+00
  2.84455616e-02  5.63241054e-02  3.54362279e-01  8.97846207e-01
  6.15397909e-01  4.46159232e-01 -1.20451932e+00 -1.99795169e+00
 -2.00829960e+00 -2.03306338e+00 -1.28351736e+00 -1.23824890e+00
 -1.74561098e+00 -8.40383554e-01 -1.51353185e+00 -1.04804114e+00
 -1.60893963e-01 -2.49448784e-01 -5.10388789e-01 -1.48781445e-01
 -7.83348111e-01  1.11602166e-01  1.93249115e+00  9.64433240e-01
 -4.49176125e-01 -9.65629619e-01  1.00670770e+00 -8.56610344e-03
  2.09386813e+00 -1.22683612e-01  3.11986068e-01  1.39916655e-01
  1.76494503e+00 -1.11584319e+00  1.13156613e+00 -5.69513022e-01
  2.11630917e-01  1.25055312e+00 -2.00123460e-01  1.08433213e+00
 -1.06248366e+00 -3.09583201e-01 -1.79562343e+00  5.32582781e-01
 -1.02870781e+00  3.91010700e-02  1.58203532e+00  3.00636277e-02
  4.00826493e-01  1.88882728e+00  5.23255157e-01 -2.31492749e-01
 -8.41641286e-01 -7.12661113e-01  1.49111591e+00  1.49227553e-01
 -5.91056985e-01 -5.30306025e-01 -1.10586499e+00 -2.32228877e-01
 -1.68923586e-01 -2.88544292e-01 -2.22516065e+00  2.42518467e+00
  2.20346196e+00  3.74375026e-01  3.91234020e-01 -9.43849345e-01
 -2.47074743e-01  9.93247862e-01 -6.41948567e-02  1.54906048e+00
  7.55843859e-01 -6.12627472e-01  4.69365269e-01 -9.21596353e-01
 -5.71962831e-01 -2.16332631e+00  1.39876226e+00  5.14444660e-03
 -3.44026130e+00 -2.29414593e+00 -7.01096348e-01 -1.58460368e+00
 -6.16671101e-01  1.46488338e+00  1.13665506e+00  4.95320193e-01
 -2.18467188e-01 -4.92653096e-02 -5.07680019e-01  1.03426172e+00
 -7.64194716e-01  1.19971777e+00 -7.89515687e-01 -1.68385120e-01
 -1.86896888e+00 -5.45001575e-02  5.98217737e-01 -2.09559664e+00
 -1.06853282e+00 -1.06386223e+00  2.75080146e-01 -7.15984984e-02
 -1.95605364e+00 -5.88467087e-01 -1.52732976e+00  1.19734937e+00
 -1.57053556e+00 -6.78651200e-01 -1.13848817e+00 -1.32533234e+00
 -4.99972862e-01  5.55374729e-01  3.74475413e-01 -4.91950464e-01
  2.80358579e+00  9.27542766e-02 -4.06734632e-01  3.30648838e-01
 -6.66050547e-03  5.38987798e-01 -4.65555104e-01 -1.35495790e+00
 -5.64768657e-01  7.52351712e-01  1.32671909e+00 -5.25973054e-01
  4.26169650e-01  1.05676607e+00  1.39928912e+00 -7.40969271e-01
 -2.87652394e-01  4.59730870e-01  6.91602638e-03 -5.91403901e-03
 -1.93417896e+00  2.40793405e+00  2.35419287e-01  4.72419504e-01
 -1.10260648e+00  1.78547839e-01  3.79833764e-01  3.03428871e-01
 -1.51203636e+00 -5.51341940e-01 -1.06507505e+00  1.67081135e+00
 -2.68252198e-01  7.82361737e-01  1.83428578e-01  1.59323320e+00
 -1.34145866e+00 -3.88537753e-01  1.37378426e+00  1.15516319e+00
  4.26695763e-01  7.98006662e-01 -9.17837344e-01  3.24008452e-01
  2.00366266e-02  5.28360869e-01  5.09248383e-01  4.61921002e-01
  9.86534834e-01 -5.47921014e-01  1.19166727e+00  7.17667073e-01
 -2.20296102e-01  6.57894360e-01  3.53943019e-01 -9.49463786e-01
 -1.85141476e+00  5.81397024e-01  8.11254495e-02  9.18855318e-01
  3.41190086e-01 -7.96031204e-01 -3.01180998e-01  2.25442756e-01
  2.15466312e+00  1.75616985e+00  2.02357676e-01 -2.78563462e+00
  8.94349599e-01 -3.74130643e-01  7.61468256e-01  1.17529819e+00
  2.60944587e+00 -7.54755746e-01  1.27665231e-01  1.13702315e+00
 -1.29830922e+00 -3.96904901e-01 -5.10329502e-01 -6.73891336e-01
 -2.24928038e+00  8.39002086e-01 -1.04804108e+00 -5.42398111e-01
  2.60546049e+00  1.27360420e+00 -1.75144247e-01 -1.03164014e+00
 -1.75144691e+00  4.64457447e-01 -1.69252175e-01 -1.42125627e+00
  2.64350030e-01  2.23061891e-01 -4.01806896e-01 -6.72312583e-01
 -6.81294818e-01  1.48752315e+00 -1.13860829e+00 -8.64340880e-02
  7.60662706e-01  6.17479573e-02  3.65318596e-01 -1.02565418e+00
 -7.49017441e-01 -5.46997544e-01 -9.30894787e-01  2.27395542e-01
  8.24483143e-01 -7.80615446e-01  1.87490728e+00 -8.09029298e-01
 -1.05644660e+00 -7.19468359e-01  1.80998894e+00 -1.14248554e+00
 -5.25516068e-01  2.05666057e+00  1.72025044e+00 -9.03318332e-01