 1.37878813e-01  1.92851645e+00  1.59588519e+00 -1.46814491e+00
  8.15290805e-01 -9.28984642e-01 -1.47709940e+00  1.01663964e+00
 -1.46528063e+00 -1.05342626e+00  1.03847267e-01 -6.65217463e-02
 -1.80172564e-01  1.61125543e+00 -1.60089066e-01 -6.03045099e-01
 -2.26008197e+00  4.63283425e-01  3.49848814e-01  3.12294199e-01
 -1.44634611e+00  1.14355312e+00  5.53744706e-01 -1.02993873e+00
 -8.30100465e-01  1.97138825e+00  5.85129563e-02  1.32378511e+00
  3.91343481e-01  1.35077303e-01 -3.38828251e-01  2.65767249e-01
 -4.62594248e-01  1.26286488e+00 -4.71442109e-01 -1.65389603e-01
  2.63990906e-01  3.13388949e-01 -1.06354063e+00  6.49539323e-01
  6.09527819e-01 -1.11973878e+00 -1.37837191e-01  8.58318403e-01
  3.76806688e-01  2.11079321e+00 -7.95580357e-01 -2.03806838e-01
  4.53945495e-01  1.93856686e+00 -4.43865850e-01  4.04658168e-01
 -9.82935629e-01  8.32039028e-01  7.13648381e-01 -7.55446165e-01
  1.22643443e-01 -6.49231504e-01 -1.18574568e+00  2.18377222e+00
  3.33044860e-01  8.17549362e-01  3.95741638e-01  4.16604596e-02
  1.70616295e+00  3.78808824e-02 -1.95002060e+00 -4.20801691e-01
 -8.62774753e-01 -1.04267330e-01 -1.12872130e+00 -1.20452395e+00
  1.40257760e+00 -7.22474493e-01  4.13006480e-01 -1.05221998e+00
 -1.33640894e+00  4.79954769e-01  1.66436128e+00  2.88795976e-01
 -4.25740199e-01  7.58471724e-01 -1.15984337e+00 -1.46611585e+00
 -2.81982857e+00 -1.66496031e-02 -5.05940274e-01  1.34139194e+00
 -1.05083031e+00 -2.12120213e+00 -1.81745548e-02 -6.10420216e-01
 -5.62027424e-01 -1.36081092e+00  1.36076004e+00  6.14907549e-01
  1.20829045e-01  9.75956382e-01  4.60640842e-01  2.19958135e+00
 -1.10532167e+00 -1.09974540e+00 -2.38100687e-01 -3.28747874e-01
 -2.00214425e+00  1.52862227e+00  2.00231044e-01 -1.39951592e+00
 -2.21969210e+00 -3.53778883e-01 -4.26449156e-01  9.49081245e-01
 -3.98336664e-01 -5.64365930e-02  7.01344071e-01 -9.93086285e-02
  1.10088759e+00  2.46352120e-01  1.74356178e-01  2.40786697e-01
  1.08947734e+00  1.90723906e+00 -1.59516033e+00  1.49485206e-01
  4.76372137e-01 -3.27501564e-01  5.25631181e-01 -2.36207180e+00
  2.95586268e-01 -8.26932496e-01  1.89045520e+00  3.44576412e-02
  1.04763861e+00  9.92979080e-01  8.50310705e-01  9.81470153e-01
  1.27268674e+00 -8.88202735e-02 -2.29121031e+00  3.70619549e-01
 -4.01675680e-01 -1.10191723e+00 -1.98524139e+00  2.99095712e-01
  1.24170681e+00 -1.42152273e+00  1.02648077e+00 -1.39584586e+00
  4.50116801e-01  7.65001645e-01 -3.92654260e-01  3.81350722e-01
 -2.93547989e-01  7.69197211e-01 -1.99280655e-01 -8.38244591e-01
  7.96240496e-01  1.63223551e+00  1.64712235e+00 -7.07510383e-01
  6.75847341e-01 -1.33056139e+00  5.13753508e-01  7.16054100e-01
 -1.19505411e+00 -1.25866947e+00 -7.47300626e-01  4.53167775e-01
 -8.04481546e-01 -8.15080782e-01  2.00493025e+00  3.87264137e-01
  2.12536321e+00  3.75390758e-01 -1.49643115e+00  2.87691412e-01
  9.80672224e-01 -8.93781866e-01  1.80912875e+00 -2.64390022e-01
 -8.43516742e-01 -1.33045649e+00  1.83855070e-01 -9.41979434e-01
  9.46757203e-01  4.76792087e-01 -1.41023530e+00  1.58204404e-01
  1.20716007e+00  6.30408909e-01  1.11912707e+00  3.14297818e-01
 -1.36258495e-01  3.42937436e-01 -8.91719051e-01  6.05476059e-01
  8.01484689e-01 -1.69951347e+00 -8.31081227e-01  2.76697579e-01
 -1.25566400e+00  5.38542944e-01 -5.50590155e-01  5.84551457e-01
 -3.13485197e-01 -8.17504236e-02  4.09127407e-01  4.45865622e-01
  1.90172801e-01 -2.44185463e-01 -1.12967736e+00  8.59734201e-01
 -1.17599842e+00  1.39052397e+00  4.09750222e-01  1.25651256e+00
  9.37456126e-01 -4.51789816e-01 -1.23019215e-01  7.05716298e-01
 -2.16366226e-01 -6.53433580e-01  5.01872773e-01 -1.31866786e+00
 -3.51951345e-01  1.23899286e+00 -2.43831354e+00 -7.16730674e-01
 -6.22535648e-01  7.04993173e-01 -1.45987542e+00  6.04035300e-01
 -8.69346409e-01 -9.46275123e-01  4.43011581e-01  7.79271130e-01
 -1.63531661e-01  2.45706464e+00  5.18028642e-01 -2.73082421e-01
  1.04480335e+00 -5.30122305e-01  2.53155905e-01 -1.01252644e+00
  1.24405493e+00  1.04740667e+00  1.33011003e+00  5.81182358e-01
 -8.22964782e-01  5.77611336e-02 -2.73754585e-01  2.65680809e+00
  1.30642237e+00 -3.91574743e-01 -4.15155186e-01  6.65473676e-01
 -7.00548606e-01 -1.39983469e+00  3.02920391e-01 -4.73368397e-01
  8.53946715e-01  7.70357127e-01  1.35976747e+00  1.29629638e+00
 -3.62984424e-01  8.14433760e-01  6.87807969e-01  8.84098695e-01
 -8.33742152e-01 -2.48114116e-01 -7.93525708e-01 -5.62471166e-01
 -1.56363555e+00 -1.61530576e+00  2.24507863e-01  1.02203793e+00
 -5.95450298e-01  5.93841727e-01 -1.49653508e-01 -8.59208037e-01
 -1.11331323e+00  7.49455311e-01  9.46702494e-03  2.35845843e-03
  9.20757788e-01  6.28873269e-02  7.31808611e-01  1.00281450e-01
  3.91361912e-01 -7.47586249e-01 -1.36417238e+00 -1.54807834e+00
  7.17860866e-03  3.54047468e-01 -6.22808299e-01 -5.75081338e-01
 -6.25482086e-01 -8.31543306e-01 -1.67641918e+00 -1.25739007e+00
  1.20569699e+00 -4.93307088e-01 -1.01326087e+00 -5.10324575e-02
  3.60078847e-01 -1.66653136e+00 -1.41991662e+00  9.60177026e-01
  5.86633382e-01  3.70969265e-01 -4.99104526e-01 -4.62370208e-01
 -9.15698970e-01 -2.17416868e+00  6.06428865e-01  2.40597607e-01
  1.58303338e-01  1.27215274e+00 -1.07026728e+00  6.75542695e-01
 -1.56599030e+00  1.56800550e+00  4.94582445e-01 -1.11227983e+00
  1.51928146e+00  4.23436816e-01 -1.19704146e+00 -7.39247365e-01
 -1.96473256e-01 -2.93936179e-01 -2.86739530e-01  1.18120259e+00
 -2.20595520e-02 -5.29091544e-02 -1.36341580e+00 -3.24240884e-02
 -2.84676095e-01 -1.48529858e+00  1.19628844e+00  1.39778284e+00
  6.22614885e-02 -7.80264799e-02  3.53407064e-01 -4.02816931e-01
  9.95575916e-01  2.26818817e-01 -4.63231265e-02  9.53073976e-01
 -1.14636839e+00 -1.76081451e+00  4.44307724e-01 -2.73512742e-02
 -1.28975450e+00  3.11346598e-01  1.11045452e+00 -1.32838519e+00
  1.33601117e+00  9.02322138e-01  1.55253731e+00 -1.78662861e+00
 -1.01815009e+00  2.78900193e-01 -5.63936123e-01  8.97296913e-01
  1.24562388e+00 -6.90675751e-01  1.16632099e+00  1.29993688e-02
 -3.33998775e-01 -9.15802214e-01 -2.60912837e-01 -2.60166982e-01
  7.45655713e-01 -1.94987756e+00  8.47208409e-01  1.31331019e+00
 -2.91707654e-01  7.09679597e-02  1.31138985e+00 -8.09888697e-01
 -1.65765138e+00 -1.62116796e+00  2.87042065e-01  9.20669743e-01
  9.29045726e-01 -4.19155629e-01 -1.35846384e+00  1.99195708e+00
 -5.30823123e-01 -3.38978276e-01 -5.52377306e-01 -1.38387803e-01
  2.16569918e+00 -1.61734926e+00  2.54579446e+00  1.53648287e+00
 -7.62117700e-01 -1.01236606e+00  1.47193821e-01 -6.90231442e-01
 -4.49502848e-01 -2.23036689e+00 -6.17579996e-01 -1.33979577e+00
  2.74729638e+00  1.12155130e+00 -1.64286410e+00 -8.52413972e-01
  6.83340869e-01 -1.72583265e+00 -7.54415856e-01  1.03681328e+00
  3.07611995e-01  1.43532858e-01 -1.89912158e-01  3.91402532e-01
  7.71711074e-01 -8.67348922e-01 -2.66213241e-01  6.72212917e-01
  1.30606352e+00  1.73930829e-01 -6.43836253e-01 -2.22682115e+00
  5.27812346e-01 -1.18547876e+00 -1.02239576e+00 -1.61324186e+00
 -5.59534328e-01 -4.97309686e-01 -6.24353339e-02 -1.32789048e+00
  1.55950674e+00 -4.13957026e-01 -5.70201105e-01 -4.15128488e-02
  5.58895572e-02  5.07860083e-01  9.66399104e-01  8.94233295e-01
  1.73361074e-01  3.78905785e-01  8.44194447e-01 -1.24390131e-02
 -1.07471722e+00  7.40631859e-01 -6.31750378e-01 -8.50546486e-01
 -4.40150290e-01 -7.05084536e-01  2.25160292e+00 -1.29536912e+00
  8.90836117e-01  1.86996862e-01 -4.29089109e-01 -5.71491547e-01
 -1.59230512e+00 -9.36160084e-01  2.08907431e-01 -3.16568666e-01
 -2.42857287e-01 -1.08312656e+00  7.57197479e-01  2.12056148e-01
  6.69288288e-02 -2.50558501e-01 -3.66980308e-01 -5.15096513e-01
 -1.95239238e+00 -7.67260778e-01 -8.09795814e-02 -2.13364221e-02
 -1.94345687e-01 -1.44915101e+00  4.83132309e-01  2.72885923e-01
 -3.06451980e-01  1.26888723e+00  1.23257881e+00  1.45743459e+00
 -1.74607043e-01  4.41720354e-01  1.21457896e+00  1.16071937e+00
  1.69352495e+00 -4.05268397e-01  3.13684090e-01 -4.04546171e-01
 -8.87104933e-01  7.54928868e-01  1.13495826e+00 -3.02701452e-01
  6.90173925e-01  2.64743148e-01 -1.76496254e-01 -2.65813271e-01
 -8.75866990e-01  6.74118196e-01 -1.21110321e+00  1.17439628e+00
  8.20541365e-01  4.95273741e-01 -4.92539130e-01 -4.63044442e-01
  1.01337362e-01 -5.76777572e-01  3.29927759e-03 -1.44392281e+00
  1.48201100e+00 -8.29259750e-02  1.25799188e+00 -1.04846604e+00
 -1.16041082e+00 -8.26717418e-01 -3.74754581e-01 -2.14868825e-01
 -1.12211190e+00 -4.00620407e-01 -1.03379724e+00 -1.09441914e-01
 -1.29766633e+00 -3.16365589e-01  1.28673226e+00 -4.69880027e-01
  9.34593447e-03 -9.62476742e-01 -3.40499410e-01  1.62594353e+00
 -1.41349513e+00  5.28647047e-01  1.37081407e+00  8.46892598e-01
  1.28184855e+00  1.37365274e+00 -1.43243359e+00 -1.77893865e-01
  6.66925888e-01 -1.89955640e-01  1.06758347e+00  6.75977793e-01
  1.18812527e+00  4.96777504e-01  9.06040813e-01  7.77888294e-01
  9.29941584e-01 -6.99049622e-01  4.35764843e-01 -4.30121346e-01
 -1.61922571e+00  8.61948357e-01 -3.08657909e-01 -2.76895627e-01
  3.39835994e-01 -1.17239316e+00 -1.08201192e+00 -3.05214441e-01
 -3.21026782e-01 -7.28900192e-01  1.42061603e+00  5.40859733e-01
  1.13799660e+00 -5.00659466e-01 -5.83347093e-01  8.63917171e-01
  7.51617717e-01  5.44918314e-01 -1.96177942e-01 -6.62603275e-01
 -1.28693945e+00  1.63028880e+00 -2.90397630e-02  5.76900068e-01
 -1.65623187e+00 -2.11405766e+00  5.06245247e-01  1.02054551e+00
  4.74459016e-01 -7.89275195e-01 -5.43127508e-01  9.80547533e-01
  1.32260881e+00 -1.61046344e+00 -1.22213309e+00  2.24404720e-01
  6.86385643e-01  1.15918483e+00 -5.84044946e-01 -6.62046232e-01
  1.67060214e-01 -2.56517948e+00  1.86528348e+00  2.95704634e+00
  1.09633666e+00  6.88589618e-01  1.77628085e-01 -6.86334093e-01
 -4.21690808e-01 -1.07379521e+00  1.34776567e-01  1.60677563e+00
 -2.80776512e-01 -1.09366085e+00 -1.14239210e+00 -1.13222999e+00
 -1.11305508e+00 -3.70924376e-01  8.21673846e-01  5.73092576e-01
 -1.86825103e-01  5.83174533e-03  1.02366694e+00  1.51337165e+00
 -5.99404021e-01 -6.89327486e-01  1.54405901e+00  3.90234685e-02
  3.64779436e-01  5.67466947e-01  1.25673346e+00  3.49218544e-01
  1.19476392e+00 -9.33599525e-01  1.38195394e+00  1.39516010e+00
 -9.84023075e-02 -1.35584459e+00  9.41659475e-01  1.82302684e-01
  9.49471574e-01 -1.14869668e+00  1.86948551e+00 -1.97901409e+00
 -3.31191771e-01  8.60711830e-02  6.10087017e-01  7.06331951e-01
 -5.98041651e-01 -3.79475987e-01  9.28769345e-01  7.26087818e-01
 -1.96994253e+00 -2.48128873e-05  1.60269630e-02 -6.10083111e-01
 -4.70424769e-01 -6.60248009e-01 -7.73799699e-01  3.80871194e-01
  4.85783553e-01  1.04286501e+00 -6.17611552e-01  1.05118222e+00
 -9.07249843e-01 -5.31237194e-01  4.49472317e-01 -6.57100031e-01
 -2.55304499e-01 -1.19330605e+00 -1.32547400e+00 -1.83047591e-01
 -9.74520462e-01  1.98497778e+00  8.33500491e-01  9.58752575e-02
  1.18643980e+00  7.24507417e-01  6.06010550e-01 -5.21689790e-02
  1.63390580e-01 -1.35243432e+00  9.46615365e-01 -1.83713958e-01
 -1.14032330e+00  7.45680759e-01  3.90454170e-01 -8.45974730e-01
 -3.29075236e-02 -6.10403508e-02 -9.18913380e-01  5.17099543e-02
  8.09301733e-01 -5.48165462e-01 -2.27325006e+00  5.58740321e-01
  7.89860362e-02 -1.52197948e+00  4.77248124e-01  2.39553683e-01
  1.71416878e+00 -7.47908879e-01  3.28553492e-01 -2.29379130e+00
  5.17318445e-01 -1.20289795e+00  3.70165927e-01 -6.66289708e-01
  5.29265520e-01 -3.12351835e-02 -5.52884366e-02  1.31618965e+00
 -3.76922012e-01 -4.37844866e-01  3.82224925e-01  1.11794860e+00
 -2.96528989e-01  8.35341715e-01 -7.33104423e-01  4.46607282e-01
 -1.76036360e-01  4.64577118e-01 -3.58347917e-01  3.41499435e-01
 -6.17660392e-01  5.97105853e-01 -1.22615649e-01 -6.02417472e-02
 -1.53136968e+00  7.82043098e-01 -3.86587093e-01 -6.38198647e-01
 -2.63838751e+00  8.98201336e-01 -1.64329860e+00 -2.57903358e+00
  2.23808786e+00  9.90934907e-02 -1.29701246e+00 -2.82800610e+00
 -4.58794690e-01 -2.55654996e-01 -3.02803243e-01  3.49016244e-01
  1.01794504e+00  3.44965497e-01  7.42851309e-01 -9.28929695e-01
  3.26575675e-01 -9.29712273e-01  1.64465878e+00 -1.40589534e+00
 -4.28957082e-01 -2.57088362e+00  6.33816000e-01  4.10794160e-01
  9.10085492e-01 -1.22998912e+00 -6.87688117e-01 -5.37803869e-01
 -8.02057497e-01 -6.58317307e-01 -4.81856746e-01 -1.57118866e-02
  1.14003970e+00  2.06580398e-01 -1.00520992e+00  3.75679450e-01
 -6.78281053e-01 -6.91580462e-01 -3.06535963e-01 -4.72050789e-02
  1.25341468e+00  1.86619736e+00 -2.25440806e+00  5.00998216e-01
 -1.60267755e+00 -2.56453559e-01  1.15992895e+00  6.37269641e-01
  8.47309776e-01  1.01153841e+00  6.76485722e-01  7.83699374e-01
 -2.68809382e-01 -5.67194869e-01  4.37686851e-01 -1.20427705e+00
  1.69654963e+00  5.96533643e-01  1.14332501e+00 -7.21149109e-01
  1.16037493e+00 -1.34890772e+00  1.89487781e-01 -1.04963220e+00
 -1.52919083e+00 -1.34041885e+00  4.91539833e-02 -3.49914294e-01
  7.78016923e-01 -4.31049726e-01 -4.96901113e-01 -5.69366426e-01
  5.41162102e-01 -1.02339280e-01  3.92428190e-01 -1.28901491e-01
 -4.87920249e-01  1.60738048e+00  9.53008984e-02  1.52090022e+00
 -2.40131120e-01 -1.80914971e-01  2.67435869e-01 -4.72732327e-01
 -4.73049245e-01 -1.15244633e+00 -1.24978934e+00 -9.48113252e-01
 -2.65439132e-01  3.39944328e-01 -3.55294824e-01 -3.13122518e-01
 -1.66780468e+00  1.61799941e+00 -6.01610809e-01 -7.49791156e-01
 -2.26308113e+00  8.05122835e-01  1.33516413e+00 -8.25846486e-01
 -2.10784073e+00  1.09589550e+00 -1.77595963e+00  2.26584934e-01
  1.19858936e+00 -3.13965145e-01  1.30346094e+00  2.31648215e-01
 -2.19852417e-02  1.54069569e+00 -8.99297395e-01 -9.01504832e-01
  8.32825715e-01  8.47058160e-01 -1.52028390e+00 -1.95980655e-01
  1.77490277e+00 -1.39298475e+00 -1.29688680e+00  1.75623400e+00
  3.05504823e-01 -7.38109357e-01 -3.95863248e-01 -9.01736139e-01
  2.71608286e-01 -5.43259470e-01 -9.11472912e-01  4.66582178e-03
  1.09410591e+00  1.80064307e+00  5.79702506e-01 -5.34802897e-01
  9.79795068e-01 -2.53326581e+00 -1.31645750e+00 -4.61092530e-01
 -1.82320867e-01  6.32579835e-02 -1.34754467e-01  1.48182601e+00
  4.50720619e-01 -2.74227693e-01  3.77818140e-01  1.76657937e+00
  1.36322997e+00  6.76336703e-01 -1.62661723e+00  5.38630198e-02
  8.94300976e-01 -2.33871922e+00  1.13114833e+00  7.19102450e-02
 -6.42335432e-01 -4.72237482e-01 -7.30893859e-01  1.47718533e+00
  7.03942457e-01  6.80970358e-01  6.36935510e-01 -1.01969911e+00
 -1.78890511e+00  1.33671218e-01 -5.10492099e-01 -1.75870297e+00
  8.27416361e-02  6.57530109e-01 -4.35376309e-01  6.04627814e-01
 -3.77166987e-01 -1.00403601e-01  7.09996777e-02  9.63190247e-01
 -1.26653040e+00 -1.75738294e-01  1.31089802e+00 -1.30936926e+00
 -6.75374426e-01 -5.59274326e-01  1.31750125e+00 -1.26950935e+00
  3.34383708e-01 -6.85316215e-01  5.21022272e-01 -4.93119840e-01
  1.28631783e+00  6.48902295e-01 -1.35878211e+00  4.57076301e-01
 -2.09982189e+00 -6.67736721e-02  9.28565900e-01  1.04842462e+00
 -9.82854168e-01  5.57811203e-01  1.15630576e+00  4.77012199e-01
 -1.41987974e+00 -2.77794332e-01  5.75995650e-01  9.01810227e-01
 -2.72456420e-01  5.88337057e-01 -2.30709105e-01  1.21183321e+00
  1.00990731e+00  1.66449211e+00 -4.77619406e-01  6.09955351e-01
  1.02617389e+00  5.30449925e-01 -6.08401867e-01  3.88867790e-01
  3.89274236e-01  4.98783089e-01  5.70662134e-01  5.83768981e-01
  2.08800242e+00  6.03931485e-01 -1.67197040e+00  6.03059908e-01
 -6.64793746e-02 -3.90762072e-01  1.25645137e+00  2.83651704e-02
 -1.67769898e+00  2.35362985e+00  3.44122792e-01  1.45157778e+00
 -2.01494581e+00  6.56805923e-01 -2.67634570e-02 -2.18285473e+00
  5.62077062e-01 -2.31367466e+00  6.74180049e-01  1.13658457e+00
 -4.44297324e-01  1.56658233e+00  5.98209192e-01 -2.02243380e-01
  5.29507549e-01 -1.12859548e+00  1.67873887e-02  1.69893388e+00
  3.56502931e-01  9.06023167e-01  2.65813754e-01 -1.74093214e-01
  7.60212535e-01  7.24170183e-01 -6.35610827e-01 -9.46239818e-01
  9.47033574e-01  7.66784419e-01  1.21179634e+00  1.91773983e-01
 -1.73032029e-02 -7.83317604e-01 -4.48846562e-01 -7.91005006e-02
 -1.72700788e-01 -1.68745984e+00  1.29247891e-01  5.69990187e-01
 -5.27027727e-01  1.41878090e+00 -1.38391013e+00 -2.46863380e+00
 -1.01151764e-01  1.39599199e-01 -9.10488066e-01  2.47341888e-01
  1.36913508e+00 -1.23313965e+00  7.12558690e-01 -8.28374714e-01
 -1.20355920e+00  7.45521371e-01 -4.78759672e-01 -5.13035112e-01