 1.40351357e-01  2.57683806e-01 -6.85864821e-01 -2.03928744e+00
 -5.54044594e-01 -6.60535929e-01 -7.59256752e-01  1.58611206e+00
  4.53303488e-01  2.96747540e-01  1.70389838e-01 -1.81996096e+00
  1.71113787e-01  2.52821438e-01  3.28193669e-01 -9.11740297e-01
 -1.10988855e+00  4.13291789e-01  2.09830412e-01  1.29219360e-01
  1.11301038e+00  8.06270282e-01 -4.54029466e-01 -3.31333383e-01
 -5.86765021e-01 -2.13272517e-01 -3.01769554e-01 -1.08303918e-01
 -7.64905579e-01  7.41968042e-01  1.20973524e+00  7.58451230e-02
  1.91785138e-01 -1.32604582e+00  4.37312865e-01 -3.42617968e-01
  1.17114696e+00  1.59788222e+00  5.84559769e-01  2.56889313e-01
 -1.06788126e-01  9.57171246e-01  7.91223857e-01 -2.95098098e-01
  6.23398970e-01 -8.90069757e-01  1.42093176e-01  1.40713404e+00
  2.07646669e+00  2.55619222e-02  1.34880216e+00  7.36758221e-01
 -1.74280042e+00 -1.25242219e+00  9.93792625e-01  1.66029645e+00
 -1.33202474e+00 -1.49234450e-01  9.76718554e-01 -9.96554918e-01
  3.74951382e-01 -1.43204276e+00 -1.34699370e+00 -2.16406050e+00
 -2.70635091e-01 -2.25969353e-01 -4.57436163e-01 -2.86000614e-01
  1.74235399e+00  6.82538939e-01 -1.30256084e+00 -6.76803673e-02
  1.02030846e+00 -3.11610624e-01  9.47640420e-01 -3.48819808e-01
  7.19029807e-01 -3.23784752e-01 -3.78984185e-01 -5.49055669e-01
  1.72564053e+00  3.06114030e-01 -8.68740002e-01  7.51673758e-01
  3.77483984e-02  7.95002609e-01 -8.43641367e-01 -4.00088539e-01
  1.11211186e+00  1.28390212e+00  6.09922809e-01 -3.12665528e-01
  1.21226630e-01  3.47885461e-01  4.00905756e-01  1.59593850e-01
  1.48877723e+00  6.11486813e-01 -6.22752214e-01  1.06008720e+00
  1.02326198e+00  1.11864251e+00  3.51200533e-01  2.07329552e-01
 -9.51769518e-01  3.88264706e-01  1.50741969e+00 -1.70676021e-01
  6.05770277e-01 -1.63403246e-01 -8.30312658e-01 -9.49008242e-01
  5.73118720e-02  7.87188451e-02  1.15726438e+00 -9.67762796e-01
 -4.37466781e-01 -1.82102202e+00  1.40624187e+00 -3.04305710e-01
  6.20626595e-01  7.10029727e-02 -1.64470931e+00  7.82462048e-01
  3.79273797e-02  9.81004604e-01  1.17702956e+00 -1.28839690e+00
  4.71371026e-01 -1.13920503e-01 -1.38164919e-01 -4.92488502e-01
 -3.84549971e-01  8.82370651e-04 -1.56723839e+00 -1.33045283e-01
 -1.52139348e+00 -6.83003158e-01 -8.66379676e-01 -1.16860879e+00
  2.47071734e-01 -3.86944211e-02  2.30630816e-01  7.76822038e-01
 -1.14486320e+00 -2.80282655e-02 -2.26485279e-01  1.44954183e-01
  8.97658341e-01 -2.06130265e+00 -3.91012507e-01 -9.55286708e-01
 -1.15151546e+00  1.14141831e+00 -1.08820528e-02  1.44905483e-01
  1.37830662e+00 -9.04533001e-01 -1.51007290e+00 -8.25423934e-01
 -1.15489748e+00 -1.67183902e-01 -1.53627641e+00 -1.12466960e-01
  1.81828260e-01  2.08427125e+00  9.73566416e-01  9.68948405e-01
  5.05113720e-01  6.36512032e-01 -3.16144169e-01  3.31796114e-01
 -7.24273986e-01 -7.50481993e-01 -8.46430411e-01  3.71152968e-01
  2.68042757e+00  1.11367578e+00  4.37608138e-01  2.87513676e-01
  1.26720971e+00 -6.79402476e-01 -9.03193776e-02 -3.90823034e-01
 -1.77307395e-01  9.20293873e-01 -4.77570111e-01  6.48385416e-01
 -9.55661065e-01 -3.09015285e-01  1.77608287e+00 -6.43399594e-02
 -4.90273667e-01 -2.69065078e-01  5.57380127e-01 -4.17650425e-01
  1.98197652e+00 -7.49075927e-01 -9.86179652e-01 -1.78815954e+00
  1.74153451e-01  1.02034993e+00  5.38042999e-01 -2.73984445e-01
 -9.32020174e-01 -8.43082109e-01 -3.86740750e-01 -2.27526281e-01
  1.52830378e+00  7.18939151e-01  1.63443880e+00 -7.16018549e-01
  3.50056427e-01 -1.19252646e+00 -1.99035748e+00 -2.34122239e-01
 -9.35281291e-01 -4.51928072e-01 -8.07244369e-01 -3.46266576e-01
 -6.46463948e-01  1.96434684e-01  6.12830731e-01 -1.96951783e+00
 -9.47773270e-01 -1.50042522e-01 -3.14802293e-01  4.87223803e-01
 -1.13714056e+00 -6.90927556e-01  9.78873090e-01  8.43054568e-01
  1.53320543e+00  6.78084213e-01 -4.25713840e-02 -7.65595800e-01
  6.32238626e-01  5.33819380e-01 -9.72826875e-01 -4.65077013e-01
  1.37061589e-01  1.40362463e+00  4.58220258e-01  4.55304538e-01
  1.52830365e-01 -4.47306425e-01 -2.04985688e-01 -1.25314950e+00
 -1.26999268e+00  3.21033314e-01 -1.55906636e+00 -6.38649867e-01
 -1.22807344e+00 -5.40314385e-01 -1.99160246e+00  1.78810957e+00
  1.51100807e-01 -1.00620634e+00  3.31283879e-02  2.87148791e-01
 -5.45708755e-01  7.32531677e-01 -5.19757932e-01 -4.15581661e-02
  1.24000747e+00 -7.93137705e-01  8.90517166e-01  8.56383577e-02
 -7.01175013e-01  5.70116835e-01 -1.69602997e-01 -2.58214983e-01
  1.83789483e+00 -2.76761874e-01  1.11120204e+00  3.31285384e-01
  1.48744442e+00  4.51943478e-01  9.95942974e-01  7.36907819e-01
 -8.87073266e-01 -9.12477916e-02  5.47359488e-01 -1.31094964e-01
 -9.49685770e-01  8.34774380e-01  4.88291786e-01 -6.29568658e-01
 -1.04718385e+00  5.64839682e-01  2.61708437e-01  1.10823362e+00
  6.20646062e-01 -1.96500417e-02  3.17484453e+00 -1.67722768e+00
 -4.24172491e-01 -8.08031662e-01  8.61129941e-01  2.72647374e-01
 -6.90028171e-01  1.60286030e+00 -7.23739029e-01  1.61985313e+00
 -4.48725775e-01  1.11329546e-02 -5.92255994e-01  5.39466042e-01
  5.37928541e-01 -1.85101930e+00  2.20389199e+00  1.62862716e+00
  1.34606591e+00  2.02992217e-01  6.82177263e-01  1.16742679e+00
 -6.14993767e-01  6.59461596e-01  3.86724185e-01  2.09310401e-01
 -1.01189914e+00 -8.45881979e-01 -1.33407789e+00  1.81053998e-01
 -5.30431689e-01 -1.95981023e-01 -7.60692085e-02  9.08999101e-01
 -1.71871278e+00 -2.01852925e+00  4.68491787e-01  1.21739506e+00
  6.65331636e-02  1.42729118e-01  2.35009622e-01 -6.26687849e-02
 -7.09424322e-02  1.83866136e-01  1.19652284e+00 -2.16161628e-01
  1.45208289e+00 -1.36843800e-01 -1.25731278e+00 -5.06260307e-01
  7.99304014e-01 -1.62707105e+00 -1.65553938e+00 -6.32839675e-01
  7.96437247e-01 -9.67111026e-01 -1.04307046e+00  1.69446694e-01
  5.34943287e-01  1.87291177e+00  2.01619098e+00  1.21612571e+00
  6.29878354e-01  5.38057022e-01  9.26681113e-01 -1.63818462e+00
 -2.91182094e-01 -6.96491795e-01  1.28192398e+00 -3.72761640e-01
 -3.11832460e-01 -2.51905868e-01 -1.48550792e+00 -5.96887371e-01
  3.50327545e-01 -1.15948158e+00 -7.05940771e-01 -6.04582521e-01
  7.16892384e-01 -1.99894327e+00 -6.92824961e-01 -1.91938617e-01
 -5.35812006e-01  1.08799573e+00  9.43608015e-01 -4.52674839e-01
  3.97700209e-01  9.03694688e-01  1.56441479e+00 -1.59365178e+00
 -1.15144664e+00 -4.24635823e-01 -4.42338095e-02 -1.63923166e+00
  1.73382843e+00 -1.01255312e+00  7.30544620e-01  1.27925729e+00
  3.02978997e-01 -3.13630766e-01 -2.26837276e-01  6.68048200e-01
  7.81576253e-01  4.28566540e-01  1.24096417e+00  3.21614347e-01
 -5.36975221e-01 -2.45714545e+00 -8.45725051e-01 -4.92260626e-01
 -3.82336609e-01 -1.42777693e+00  7.32679145e-01 -6.29720357e-01
  7.87493677e-02 -1.79351181e+00 -8.15523805e-01 -1.00323040e+00
 -1.40079224e+00  8.90080271e-01 -7.07968811e-01  4.71946103e-01
  6.95438444e-01  9.03222909e-02 -5.40869740e-01 -1.57218821e+00
 -3.86609971e-01  2.43184702e+00 -9.52245299e-01 -3.14020917e-01
 -9.19268578e-01 -9.57697569e-02 -1.51569697e-01  1.42158930e+00
 -2.21929050e-01 -5.96289054e-03  3.66400905e-01 -1.36649143e+00
  3.93405475e-01 -1.41523252e+00 -1.46177528e+00 -4.35183993e-01
 -9.47692773e-01  1.04715435e-01 -4.83670408e-01  1.10547768e+00
  5.84431630e-01 -8.33964790e-01 -4.38605718e-01 -2.55012225e+00
  6.24958559e-01  2.31848414e+00  2.81271975e-01  1.20730814e+00
 -9.45713411e-01  5.69732111e-01 -2.09732846e+00  3.14783238e-01
 -5.54057970e-01 -3.96508733e-01  4.37924537e-01  1.43034126e+00
 -1.60699832e+00  1.63016045e+00  6.44036309e-01  8.66177619e-01
 -2.39742735e-01  5.57623437e-01  1.33495612e+00  1.53358023e+00
 -8.71145259e-01 -8.22447283e-02  4.85609750e-01 -1.26840852e+00
 -7.91064354e-01 -2.11013562e-01 -4.51005399e-01 -8.08773037e-01
 -8.37031367e-01  1.64357095e+00  7.08597245e-01 -2.69075194e-01
 -1.64807900e+00  1.27907234e+00 -1.15339391e+00  1.97794357e+00
  1.15304670e+00 -9.46143255e-01  4.10126239e+00  4.80354365e-01
 -5.44175335e-01  2.49456800e-01  1.10882602e+00 -3.62653826e-01
  1.79001458e+00 -1.58427311e+00 -7.69872493e-01 -1.71690412e-03
  1.34053179e+00  8.67011094e-01  1.65822681e-01 -4.58578599e-01
  2.03523715e-01 -3.99451972e-01 -3.20877664e-01 -5.89195401e-02
  1.46939384e+00 -6.52382057e-02  1.07853799e-02  8.58731207e-01
 -1.03353054e+00  7.91536931e-02  4.05435126e-01  5.12514999e-01
 -5.56868554e-01  6.35721016e-01  5.02714070e-01  1.08523726e+00
  1.11959306e+00  1.73302034e-01  6.79878516e-02  1.84075862e+00
  5.43781645e-01  1.01916003e+00 -4.28102830e-01  3.55831055e-01
 -1.20626686e+00  3.85787779e-01  1.84988660e+00 -3.47639685e-01
  1.02473721e+00  1.30117187e+00 -1.54376778e+00 -1.42620336e+00
  5.53692721e-01 -1.16833994e+00  2.44870609e-01  1.94903245e+00
 -9.82143449e-03  7.66166120e-02 -9.53098894e-01 -3.01939460e-01
  3.63809999e-01 -1.25088217e+00 -6.56754916e-01  1.35876711e+00
  8.99377003e-01 -7.57768024e-03 -6.38147416e-02  1.42353168e+00
  4.88268030e-01 -1.37971859e+00 -3.85830000e-01  2.66923480e-01
  5.51183795e-01 -5.35682557e-02  1.90640494e+00  5.14638797e-01
  1.29116000e+00  6.14807373e-01  1.30043902e+00  4.82051444e-02
 -1.76138740e+00  2.44929669e-01 -6.90596028e-01  2.30929199e-01
 -1.79978713e-02 -8.88004475e-01  4.34623630e-01  9.63790375e-01
  1.11812851e+00 -1.82037799e+00 -4.67256257e-01  9.70732907e-01
 -1.60740383e-01  1.31586939e+00  1.59945212e+00 -9.09877859e-01
  6.72391495e-01  1.96373952e-01 -4.20922998e-01  7.71903867e-01
  2.89213911e-01 -5.17753633e-01 -1.13609109e+00  5.42031020e-01
  4.78865224e-01  2.86885090e+00  4.72068702e-01 -5.05760394e-01
 -3.01431258e-01 -6.95290705e-01 -1.27783205e+00  7.26555377e-01
 -1.14677520e+00  1.06913983e+00  1.58955868e-01 -9.70264134e-01
  2.26160668e+00 -3.46155751e-01 -4.69674752e-01  6.67786079e-01
  1.81983063e+00 -2.21572172e+00  5.21980478e-01  3.87609866e-01
  1.47739172e+00 -7.28502695e-01 -9.22527632e-01  5.25639123e-01
  1.70412327e+00  8.69703854e-01 -1.95931243e-01  1.29933740e+00
 -2.51881778e-01 -1.00830193e-01  4.63884508e-01  1.70513403e+00
 -1.17797657e+00 -7.18536330e-01 -4.03672252e-02 -4.76945083e-01
  7.71831432e-01 -6.80554793e-01 -7.01371041e-01 -1.16692618e+00
 -5.85446199e-01  2.59994276e+00 -3.58570329e-01  4.88595455e-02
 -8.40973533e-01 -1.22723325e-02 -6.89928071e-01  2.31864943e+00
  1.55164349e+00 -2.05935964e+00  1.58089232e+00 -4.02447666e-01
 -2.52322427e-01  1.91584828e+00 -3.33163637e-01  1.64119997e+00
 -1.78710299e+00  7.94426824e-01  1.11245503e+00 -4.26310143e-01
 -1.88450834e-01 -9.27973587e-01 -1.19169011e+00 -6.00911742e-01
 -2.66111524e-01  9.68081730e-01 -1.16834322e+00  2.02868374e+00
 -6.76420661e-02  5.34423271e-01 -8.37714910e-01  2.19498233e-01
  1.19791263e+00  2.77294214e-01 -4.19431762e-01 -3.45740322e-01
  5.92669847e-01  2.65372238e-01  6.35132550e-01  2.26776725e-01
 -4.19605762e-01 -8.38853155e-01  5.44565522e-01  1.83382875e-01
 -3.28598486e-01  2.14998045e-01 -1.84196698e-01 -1.30036939e+00
 -8.87929344e-01 -1.49244747e+00  9.90341572e-01 -1.11236875e+00
  1.23099844e+00 -9.74809500e-02  4.18873877e-01 -3.23610830e-01
  2.17266452e+00  1.94956499e-01 -9.09612339e-01 -3.53063662e-02
  1.11512951e+00 -2.35939872e-01 -1.43923831e+00 -2.22942669e-01
 -2.02898883e-01 -3.21709792e-01  5.37253231e-01  7.59786499e-01
 -1.11428703e-01 -5.10944402e-02 -7.94322797e-01 -2.69483245e-01
 -1.68683650e+00  2.00603719e-01  7.46997246e-01  2.07279587e-01
 -1.71236593e+00 -6.00878664e-01 -1.36610811e+00 -5.75558484e-01
 -1.15852476e-01  4.73758594e-01  6.53546807e-01 -2.27334944e-01
  1.68970842e+00  1.59627564e+00 -5.82381929e-01  3.22325948e-01
  1.30297337e+00  8.32293294e-02 -3.75437608e-01 -8.18434693e-01
 -4.22404384e-01 -1.34000854e+00 -8.54836224e-01  4.99842275e-01
  1.25859270e+00  1.80781565e-01  2.87321601e+00 -2.82199607e+00
  8.40014261e-01 -2.82952588e-01 -3.08290796e-01 -1.85840030e-01
 -1.73661053e+00  8.37767151e-01 -3.04105077e-01 -1.28144364e+00
  2.32294500e+00 -1.06963891e+00 -2.32481068e-01  7.23582223e-01
  3.42796484e-01  1.45999720e+00 -1.33183798e+00  8.57836329e-01
 -2.84541186e-01  9.62448500e-01 -9.50075252e-01  1.18516221e+00
 -1.20096460e+00  5.41306310e-01 -1.39123037e+00  1.62142657e+00
  2.05141676e-01  1.38115785e-02  3.56177719e-01 -8.28172028e-01
 -4.13349935e-01  5.03352596e-01 -2.22004766e-01 -5.75423628e-01
 -2.09000970e-01 -7.07530317e-01  1.97655867e+00 -1.13198507e+00
 -2.16048156e+00 -4.68782050e-01 -1.75242922e+00 -9.40722802e-01
 -1.00473186e-02 -2.59581122e-01 -3.53414520e-01 -1.73548174e+00
  1.19566114e+00  1.30202064e+00 -7.80697995e-01 -1.08646158e+00
  5.77851908e-01 -1.09588147e+00  3.66808665e-01 -1.02445969e-01
 -1.43266129e+00  3.32913031e+00 -5.09312474e-01  2.16291374e+00
 -7.90981407e-01 -4.11643976e-01 -2.78548932e-01 -2.44036608e-01
  5.03139502e-01  2.81517139e-01  4.71818048e-01  1.31558781e+00
  1.60112771e-01  1.03254595e-01  1.68533459e+00  1.52388754e+00
  3.50465902e-01 -7.54865962e-02 -2.45719742e-01 -3.20189596e+00
 -7.23435091e-01  1.36855051e+00 -1.95681145e-01 -2.53187606e-01
  7.61602544e-01  3.40593456e-01 -8.85761462e-01 -7.28812653e-01
 -1.02602280e+00 -4.47231827e-01 -4.76434640e-01  1.54176599e+00
  5.27906132e-01  1.06927074e+00  3.30598336e-01  1.16632008e+00
  9.44974357e-01 -3.29641035e-01  5.08358724e-01  3.10050435e-01
 -1.30439306e+00 -1.86162275e+00 -1.39224532e+00 -1.38352151e+00
 -1.89252009e+00 -4.44124604e-02  8.02572872e-01 -7.99887477e-01
  1.50049629e+00  2.42700562e-01  5.45967599e-01  1.38616806e+00
  2.04288946e-01  3.32751470e-01 -8.80331660e-01  1.25579150e+00
  1.24179496e+00 -3.05932515e-01 -2.37236665e-02 -4.39413894e-01
  6.24804935e-01 -1.51999869e+00  5.26744418e-01  4.23630306e-01
 -6.51605126e-01 -3.41564517e-01  1.22316443e+00  1.16968417e-01
 -4.99344019e-01  1.08183999e+00 -3.94772592e-02  1.36145216e-01
  1.08040985e+00 -5.84908493e-01  8.24195975e-01 -2.15066993e+00
 -1.03361315e+00 -9.12935894e-02 -1.12153466e+00  1.31001962e+00
 -6.56869625e-01  1.21250898e+00 -1.46251059e+00 -4.17766282e-01
  1.15624568e+00 -3.03720181e-01 -6.13964618e-01 -7.40079934e-01
  2.04869833e-01  1.54933950e+00 -9.25427997e-01  1.17831745e+00
  8.38911243e-01 -2.15335364e+00  1.13025603e-01 -5.92234226e-01
  2.10351440e-01  6.77164630e-02  1.57640888e+00  5.17979915e-01
 -1.08803148e+00  5.34020657e-01 -1.50739909e-01 -7.76071330e-01
  5.68715343e-01 -7.09184963e-01  9.77865452e-01  4.68515647e-01
  1.01409599e+00  2.26980755e-01  9.53779690e-01 -9.32589520e-01
  2.43940997e-02  3.34983621e-01  1.41285943e+00  8.93387132e-01
 -8.57292018e-02  5.29388634e-01 -1.04855744e+00 -1.69676887e-01
  2.25012811e+00  1.59630329e+00 -1.83549045e+00 -8.72653095e-02
 -4.07609364e-01 -2.65581321e-01  8.83843248e-01  1.71642031e-01
 -1.02703403e+00  1.01923503e+00  1.08113913e+00  1.53655106e+00
  5.81470511e-01 -6.95153961e-01 -1.36865791e+00 -1.31734778e+00
  7.11967904e-01 -7.58308175e-01 -3.33050379e-01  2.55050777e-01
 -3.85641521e-01 -6.06799751e-01  1.20080656e+00 -5.97105156e-01
 -1.57670864e+00 -2.05527524e+00 -1.46055689e-01 -1.40783102e+00
  3.16987394e-01  1.53088922e+00 -1.16832277e+00  7.89864864e-01
 -1.00343653e+00 -7.89406742e-01 -2.07671599e+00 -1.80434436e-01
 -1.54835639e+00  1.04651119e+00 -1.02316845e+00 -1.53786302e+00
  4.88970753e-01  1.72066688e-01 -2.32981363e-01  1.31264046e+00
 -5.85467296e-01  2.05794701e-01 -2.72213627e+00 -1.57593570e+00
  5.40855061e-01  1.31836836e+00  2.02866375e+00  3.33132958e-01
  8.89272282e-01 -1.97452431e+00  4.99900483e-01 -6.26856989e-01
 -1.10239142e+00  3.83502580e-01  3.25378701e-01  2.61520680e-01
 -7.09948644e-01  2.04718431e+00 -1.88718940e+00  1.38771976e+00
 -4.69795291e-01  1.16587605e+00  8.79050978e-01 -4.88231615e-01
 -2.54304059e-01  4.95616172e-01 -4.89013550e-01  8.86515667e-01
  1.67888443e+00  6.32869247e-01 -7.94314435e-01  2.55666477e-01
 -3.78134294e-01  1.06453637e+00 -3.11998386e-02 -5.15211613e-01
 -1.70498039e+00 -4.09777051e-01  5.04401410e-01  7.06503491e-01
  6.70000417e-02  2.94647480e-01 -2.16420649e-01 -1.01304748e+00
 -3.67372712e-01  5.07989840e-04  2.15619975e-02  1.14675627e+00
 -3.06562028e-02  2.10871134e-01 -6.99228352e-02 -4.31128243e-01
 -1.69548337e+00  2.20456690e-02 -8.85738367e-01 -6.64256831e-01
  3.44370326e-01 -9.79549704e-01  9.02712250e-02  1.45803477e+00
 -1.73812743e-02 -1.56349788e+00 -1.05545283e+00  1.33309116e+00