-4.43744178e-02 -3.25903669e-01 -5.34029982e-02 -8.84544354e-01
  1.86968808e+00 -2.14108751e+00  1.16841085e+00 -7.79421057e-01
 -8.32453659e-01 -8.62561866e-01  1.17322488e-01  6.92592339e-01
  3.42239291e-01 -1.56270736e+00 -5.19798363e-02 -3.65267502e-01
  1.13910936e+00  8.93363393e-01  6.83564161e-01 -7.84897379e-01
  6.15098559e-01  8.56091841e-01  2.88723936e-01 -1.71908993e-01
 -1.38730957e+00 -1.36642880e-01 -4.13669912e-01  1.00808302e-01
  4.14436621e-01  8.70210734e-01 -4.63390785e-01 -1.60278207e-01
  4.86807145e-01 -2.37327636e+00 -1.14040499e+00  9.86067357e-01
 -1.21836466e+00 -2.16511000e-01  2.16798132e-01  2.28121771e-01
 -4.76178278e-02  1.74271097e-01  5.03802866e-02  7.84101757e-01
  9.63665567e-01  1.69240199e+00  3.02017668e-01 -7.34138514e-01
 -5.41519955e-02 -5.30313158e-01  6.92808336e-01 -1.10889418e+00
  4.11724636e-01  4.22268723e-01 -7.33836487e-01 -4.35041483e-01
  4.92207506e-01 -1.07875133e+00  1.50966042e+00 -7.83506261e-01
  3.35650496e-01  1.17478792e-01 -9.29027373e-01  1.92755854e-01
  4.98512406e-01 -2.30035185e-01 -3.16914675e-01 -5.64256725e-01
  1.06799681e+00 -6.59017376e-01  4.70448703e-01 -2.09155184e+00
  1.34878661e+00 -8.54415800e-01 -1.36461350e+00  1.20627682e+00
 -9.44597915e-02  8.52312458e-01 -3.12598035e-01  1.17224704e+00
 -4.69842298e-01 -3.59170144e-01  3.06279703e-01  5.95337805e-02
 -7.42562566e-01  4.86553968e-01 -3.40338056e-01  3.93188049e-02
 -8.48382822e-01 -1.58354167e+00 -1.40008476e+00 -3.12504402e-01
 -1.21765989e+00  2.08211408e+00 -9.05894855e-01 -1.05666753e+00
  1.60854348e+00  3.05124686e-01  4.49927736e-01 -1.28474371e+00
 -3.61897223e-01  2.35349001e-01  2.69354992e+00 -1.07362373e+00
 -1.57744782e-01 -5.75469125e-01 -5.28306954e-01 -1.30838238e-01
  5.03943804e-01 -1.73873622e-01  7.94989266e-01 -1.78391310e+00
  1.17502160e+00  3.30428315e-01  5.96154782e-01  1.57543616e+00
  4.71635533e-01 -8.08179294e-02 -7.95897454e-01  3.28869931e-01
 -1.99868815e-01 -2.00669224e-01 -9.37045270e-01 -1.84837179e-01
 -1.87154574e+00 -5.15643806e-01 -2.10824189e+00  2.74378457e+00
  9.07261855e-01  6.15307170e-01 -1.30142593e-01  2.21794988e-01
 -7.97191272e-01 -8.28512759e-01 -3.32517712e-01  1.32021282e+00
 -1.14109719e+00  1.06025181e-01 -8.48468786e-01 -1.16760929e+00
 -1.54744781e+00  1.82353787e-01 -4.99966151e-01  1.34733217e+00
  6.43025522e-02 -1.37629620e+00 -1.68100242e-01  3.61881981e-01
 -2.50483186e-01  3.26079321e-01 -5.40753206e-01 -8.19528774e-01
  1.14362390e+00  8.34761535e-01  1.14719389e+00  8.79595181e-01
  1.05357767e+00  1.26753511e+00 -1.19319650e+00 -6.90407332e-01
  2.82960883e-01  6.24421098e-01 -1.46699340e-01  7.68337625e-01
  2.57833520e+00 -2.98479795e-01  1.28203124e+00  9.89747241e-01
 -5.77954570e-01 -3.63216540e-01 -9.29718350e-01  1.06305672e+00
 -2.74683210e-01  3.15500403e-02 -1.02951372e-01 -8.68203547e-01
  1.06432142e+00  7.30854359e-01  7.24958212e-01 -9.08268635e-01
 -1.59043525e+00  2.20443598e-01 -1.54458290e+00  1.61656057e+00
  9.85748954e-01 -1.63835699e+00  3.51077710e-01 -3.15913273e-01
  6.86834009e-01 -9.57550253e-01  1.30390940e-01 -1.16820531e+00
 -1.30556684e+00  1.96157467e+00  7.09173942e-01  3.95520995e-01
 -1.48777494e+00 -6.40905936e-01 -3.64663244e-01  5.59893692e-01
 -1.69423723e+00 -5.64854445e-02 -2.03561130e-01 -1.01611540e-01
  2.37920477e-01 -6.63667559e-01 -1.26921476e+00  1.76945299e+00
 -1.94940834e+00 -4.58601256e-01  6.35894596e-01 -1.52690309e-01
  2.21011001e+00  6.24519379e-01  1.17455789e+00 -6.55757167e-01
  9.12461974e-01  3.10144006e+00  1.07688001e-01 -7.08950096e-01
  5.33113648e-01 -1.02969156e+00  2.24908989e-01  4.18819059e-01
 -5.86744708e-01 -1.27994647e+00  8.54807109e-01 -5.76264123e-01
  7.76358536e-01 -5.31291280e-01  7.96125428e-01  6.81282094e-01
  3.80117405e-01  9.27571899e-01  4.37438642e-01  2.74292936e-01
 -1.89341724e+00 -1.08683231e+00 -1.50519974e+00 -2.04590730e+00
 -6.75724662e-01 -1.52328181e+00  6.41364569e-01  2.07670279e+00
 -8.96628716e-01  4.11310795e-01  7.52104331e-01 -1.38995993e-01
 -5.99679340e-02 -6.97243869e-01  2.57854186e-01  2.45250147e-01
  6.19797419e-01  1.60556604e+00 -5.59721420e-01  7.16539825e-01
 -2.02624020e+00  3.74450446e-01  1.01961380e+00 -3.90434570e-02
  4.20007823e-01  1.49081273e-01  1.76018476e+00 -5.12141877e-01
 -6.08783855e-01 -3.28033445e-01 -4.90176157e-01  1.27147629e+00
 -1.00901789e+00  8.71319085e-01  9.86976910e-01  8.30817917e-01
  2.33837125e-01 -2.13286261e+00 -1.30847809e+00  1.07174529e+00
  3.57044698e-01 -5.70374888e-01 -1.50474576e+00  1.24043819e+00
  1.24691519e+00  1.35570739e+00 -6.47420544e-01  1.91499655e+00
  1.13330257e+00  5.19367633e-01 -2.74297446e-01  4.03312182e-01
  2.78403569e-01 -3.88630803e-01  1.48668085e-01  6.78709551e-01
 -6.65469769e-01 -1.37088641e+00 -1.14880303e+00  8.30962852e-02
  1.01380959e+00  4.14638195e-01  1.13820229e+00 -7.71918771e-01
  1.18395802e+00  1.71124360e+00 -3.29871297e-01  9.24303929e-01
 -1.23844911e-01 -8.02190815e-01 -9.47288651e-01  6.50789770e-01
 -1.93965459e+00 -1.16996545e+00 -2.82344611e-01 -9.38655534e-01
 -8.96802896e-03  1.35094185e-01  2.45109288e+00  4.33076645e-01
 -1.64246482e+00 -5.80849054e-01  1.38428899e+00  9.84950903e-01
 -5.79016413e-01 -2.60083606e-01 -1.19779798e+00  3.62660661e-01
  4.27380928e-01 -4.07155449e-01  1.53882782e+00  3.64427645e-01
 -1.22026243e-01  1.72061984e-01  9.03608632e-01 -1.96740519e+00
  2.13919173e-01  4.91828498e-01 -3.00203354e-01  3.76513518e-01
  4.87507964e-01  2.54039287e-01 -1.14174735e+00 -6.94744185e-02
  5.60598694e-01  1.80082089e+00  5.35670854e-01 -1.31361444e+00
 -1.35171211e+00 -1.16166091e-01  1.09380422e+00  1.50471640e+00
  5.03433560e-01  2.11755770e-01 -4.32098855e-01 -1.58532981e-01
  9.92561701e-01 -1.00788061e+00 -1.29485676e+00 -1.47599543e+00
 -2.71453056e+00 -1.09230993e+00  1.35865526e+00  8.53593044e-01
 -8.34447814e-01  3.25082752e-01 -5.66023448e-01  6.99204546e-01
  7.15330589e-01 -1.55026343e-01  8.28619380e-01  6.79735260e-01
 -3.80466599e-01 -5.40955669e-01  1.92367903e-01 -6.87337679e-01
 -2.41918520e+00 -8.63808058e-01 -1.05672607e+00 -5.25017501e-01
  5.25515523e-01 -1.88524446e+00  2.25752282e-01  9.73470636e-01
 -1.24714716e+00 -1.59418504e+00  7.29238724e-01 -4.99982587e-01
 -9.44507090e-01  5.40552655e-01 -8.93601702e-01  2.27194857e+00
 -1.05691652e-01  1.96388781e+00 -2.09297470e-01 -4.98992079e-01
 -1.94421521e-01  5.32972721e-01  4.00751050e-01 -3.74156910e-01
 -6.22436727e-02 -3.55478789e-01  1.89131625e-01 -1.05181057e+00
 -1.00651044e+00  1.77416316e+00 -6.26774414e-01  9.23181640e-01
  8.39497338e-01 -4.47988994e-01  2.57433361e-01 -8.76518449e-01
  8.16823338e-01  4.39392730e-01  1.35172736e+00 -3.05387296e-01
  1.10801468e+00 -1.04685383e+00  1.11872882e+00  7.54268851e-01
  1.58364511e-01  3.65269773e-01 -2.37146800e-01  4.94008818e-01
 -1.24437330e+00 -1.00895933e+00 -1.34685150e+00 -5.50139439e-01
 -9.13269384e-01 -1.27346275e+00  2.11268171e-01  1.46466488e+00
  2.49911366e-02 -1.86398105e+00  8.95117784e-02  1.20455961e+00
 -7.26971062e-01  2.17245278e-01 -6.52271279e-01 -9.04994165e-01
 -4.15464517e-01  1.17138233e-01 -9.44489595e-01  4.24556559e-01
 -1.99343421e-02  6.47761310e-02 -4.75917405e-02  3.46163537e-01
  1.00390618e+00 -7.78491406e-01 -5.42894642e-01 -2.76163035e-01
  1.11455389e+00  4.39333155e-01  1.34300322e+00 -1.19952345e+00
  6.19350817e-01 -7.28045303e-01  1.53998199e+00 -2.25375886e+00
  7.92260966e-01 -4.94092520e-01 -1.29956203e+00  3.06006531e+00
  1.74639583e-01 -1.41326754e+00  1.17965093e+00  2.18383566e-02
 -1.50826703e+00 -6.53915976e-02 -8.08169457e-01  1.77956364e+00
 -5.66373979e-01  3.73727259e-01  9.69288394e-01  6.66034759e-01
  3.00632489e-01  7.17616640e-01 -2.62461646e-01  3.81297064e-01
 -1.78304179e+00  8.23952790e-02  1.45241775e+00  4.87704709e-01
 -1.42409138e+00 -5.86953807e-01  4.21202730e-01  1.15308027e+00
  2.52846726e-02  2.76476722e+00 -1.22862652e+00 -1.92851664e+00
  4.59109595e-01 -1.16830958e-01 -2.77047428e-01 -1.35729965e+00
 -1.62142152e+00 -1.80621553e+00 -1.93723000e+00  2.49316052e-03
 -1.01051345e+00  9.57603143e-02 -1.19554672e-01 -1.99330059e-01
 -3.12592684e-01 -2.66872287e-01 -1.02468374e+00 -1.21817033e+00
 -1.36073711e+00 -7.13757633e-01 -9.88430746e-01 -7.66498498e-01
  1.26134951e+00 -1.92435255e+00  1.82570494e-01 -2.52159514e-01
  1.44798970e+00 -7.25553132e-01  3.65581385e-01 -9.86117073e-01
 -2.79435419e-01 -8.37404384e-01 -8.51085855e-01  1.77643335e+00
 -7.39137223e-01 -8.92780734e-01  4.30402991e-01  9.76092193e-01
 -6.56319707e-01 -2.53551034e+00  1.54767194e+00  8.81009201e-01
  1.30598319e+00  1.09216320e+00  9.45034798e-01 -5.67409663e-01
 -2.02141156e+00 -7.82897439e-01  1.49524364e+00  1.23645284e-02
 -1.55426401e+00 -3.18144057e-01  1.78400361e+00 -2.33621218e-01
 -1.21507924e+00 -7.39838484e-01  1.38034871e+00 -9.38289074e-01
  5.19760770e-01  2.11409503e-01  2.81987145e-03  7.23677572e-01
  4.83151122e-01 -1.41594356e+00 -2.95516543e+00  1.49786962e+00
  4.92402818e-01 -2.18380763e+00  3.51628979e-01  7.30071290e-01
 -1.07995402e+00 -3.17186425e-01  3.54111005e-01  3.53899395e-01
  1.50713833e+00  5.34187473e-01  2.98050181e-01 -1.12668908e+00
 -2.14430333e-01 -1.07867108e-01  3.06452968e-01  2.44987154e-01
  7.22676284e-01 -1.62544833e+00  5.77949540e-01  7.43126315e-01
  8.21362539e-01  6.15396748e-01 -1.41889927e+00 -7.42657567e-02
 -3.63228174e-01 -3.98555808e-01  1.77276707e+00  5.36927962e-01
  4.89925161e-02  2.59257396e-01  1.76024523e+00 -3.23470664e-01
 -9.16784057e-01  4.53645804e-01  6.60643845e-01  4.25160998e-01
  1.88132084e+00  1.52455240e+00 -8.78472421e-01  8.20632159e-01
 -1.78852404e-01 -9.48811577e-02 -1.69454026e-01  8.12607981e-01
  4.09362597e-01  1.88575563e-01  8.56702887e-01 -1.56855083e+00
 -4.09768388e-01  1.22622526e+00  2.28936926e+00  1.25914273e+00
  1.46182711e-01  8.46220789e-01  2.03462518e+00  6.05451303e-01
 -1.81136288e-01 -8.43034118e-01  2.93906617e-01 -5.98381762e-01
  1.53284708e-01  6.79858560e-01  4.62372621e-01  4.71015407e-01
 -1.45285574e+00 -5.17922755e-02 -8.57772005e-03 -3.09318942e-01
 -3.42337410e-01 -2.20185932e-02  3.34876632e-02  3.45204878e-01
  2.61605814e-02  4.04610640e-01  1.20615429e+00  6.10184608e-01
 -1.04255965e+00 -2.37708578e+00 -5.89556196e-01  1.90514344e+00
  1.10115486e+00  2.38625646e+00 -1.56365879e+00 -7.20198303e-01
  5.56831124e-01 -5.90789913e-01 -1.07160159e+00  4.31979899e-02
  1.85085588e-01 -4.65273255e-01 -4.20888032e-01  2.86765170e-02
 -2.43206464e+00  1.21529481e+00 -8.43124792e-02 -5.68816947e-01
 -8.86991909e-02  2.54402746e-01  1.11525914e+00 -7.26109937e-01
  3.40672567e-01  6.14660312e-01 -1.24674827e+00 -4.24119325e-01
  1.26408527e-01 -6.80294172e-01  1.13567773e+00  1.43364097e+00
 -5.62042208e-01  7.41237731e-01 -8.79047974e-01 -8.10677319e-01
  2.62313164e-01 -5.80146827e-01 -1.66050028e+00 -1.16854436e+00
  1.45671324e+00 -6.14732202e-01  1.07645282e+00 -1.68219779e+00
  1.03100964e+00  7.39691034e-02  8.92371772e-02  4.94028129e-01
 -2.45739744e-01  4.26175620e-01 -5.35488024e-01  8.37655798e-01
  8.58225129e-01 -1.20065388e+00 -1.21330755e+00 -5.70593700e-01
  1.32391937e+00  2.23650022e-01  9.50425166e-01  1.60587242e+00
  8.32448435e-01  6.95158932e-01 -4.65380419e-01 -8.37712497e-01
  3.34177158e-01 -1.35954473e+00 -2.17520427e+00 -1.28665700e-01
 -8.65312943e-01  2.31596385e-01  8.82770034e-01  1.25372124e+00
 -8.76838808e-01  1.34141319e-01 -6.15421548e-01  1.24847934e+00
 -7.74775486e-01  3.03942201e-01 -4.37638180e-01  7.12490189e-01
  4.96035385e-01  8.25377327e-01  4.99622356e-01  1.73475655e+00
 -6.22912468e-01 -1.20495062e+00  9.49174542e-01 -1.81848467e+00
  7.76607425e-01  8.27725533e-01 -4.00605258e-01  8.59949574e-01
  3.17307928e-01  2.67341784e-01 -7.83728000e-01  6.54293102e-03
 -7.68046682e-01 -9.25609877e-01  6.34749594e-02 -5.53210656e-01
 -6.73614637e-01 -4.34833344e-01  8.13591285e-01 -1.15175619e+00
 -1.26887499e+00 -6.16966128e-01  6.19845834e-01 -3.42580715e-01
 -9.28377673e-01 -1.26100098e+00 -5.81407737e-01 -3.12245660e-01
  6.17372885e-01 -2.74340492e-01  9.53914418e-01  9.10351108e-01
 -8.95818450e-01  5.04453397e-01  1.68339413e-01 -1.72400999e+00
  8.44453531e-01 -5.27354705e-02 -5.08583026e-02 -6.11189171e-01
 -3.87911367e-01 -3.20579038e-01 -2.78236039e-01  1.19356108e+00
 -7.56771939e-01  1.02131031e+00  1.08193694e+00 -1.30807003e+00
  1.34222978e+00 -7.84550785e-01 -6.32088518e-01  6.63435754e-01
 -1.33839304e-01  1.55133628e+00 -1.79737936e+00  1.51045508e-01
 -1.79813770e+00 -8.65103901e-01  4.91756256e-01  6.03805747e-01
 -1.41202617e+00  4.04544888e-01 -1.40193791e+00 -1.76681045e+00
 -3.95517361e-01  8.28600382e-01  5.39930965e-01  9.60407413e-01
 -7.60408402e-01  7.43813822e-01  1.88277422e+00  1.12164810e+00
 -2.49810520e-01 -1.32336105e+00  8.65963029e-03 -7.35269394e-02
 -1.09946311e-01 -2.12936308e-01  1.08382374e-01 -5.50440304e-01
  8.77281644e-01 -9.71713090e-02  1.18305589e+00  2.59020403e-01
  7.08744143e-01  6.91445272e-02  5.92643370e-01 -3.91186060e-03
 -2.19599775e-01  1.13052404e+00 -1.85746824e+00 -1.44914777e+00
 -1.58746851e+00  1.37495225e+00  1.51989323e+00 -1.16629481e+00
 -1.21549524e+00 -4.72414294e-01  1.56373232e+00  1.04452287e+00
 -1.96421558e+00  1.00057435e+00 -1.53743949e+00 -8.57900307e-01
 -4.39845049e-01 -9.31880313e-01  4.23179919e-02 -6.52330714e-01
  5.70344409e-01 -8.16206667e-01  1.54016582e+00 -7.72552814e-02
  2.44640808e+00 -1.85260648e+00  4.95884171e-01 -1.00518531e+00
 -2.73391760e-01 -5.46261365e-01 -5.28660346e-01 -9.77291289e-01
 -1.47038291e+00 -7.76090334e-01  1.68834657e+00  5.06032860e-02
  9.67310734e-01  3.62549198e-02 -2.06124419e-01  3.85385524e-02
  2.14619833e-01 -2.07322212e+00  3.48564718e-01  2.10657160e+00
 -3.99983242e-01 -9.01123819e-01 -2.56162347e+00  2.19207772e-01
  2.63217190e-02 -9.73305938e-01  1.83522486e+00  2.61642711e-01
  1.74865763e+00 -1.10942257e+00 -8.36338322e-01 -6.09657462e-01
  1.17856962e+00  4.00604450e-01  2.92881100e-01  1.43116762e-01
  1.57920969e+00  7.72494814e-01  2.22677375e+00 -1.90403984e+00
 -2.02130333e-01  2.31994893e-01 -6.21388971e-01  2.16972438e-01
 -1.34819885e-01  4.51933476e-01  2.41105573e+00  8.06461997e-01
  1.85909213e-01  7.24535926e-01 -1.99921669e-01  1.54682016e-01
 -7.86253893e-01  1.41480627e+00 -8.20286621e-02 -4.70777351e-01
 -1.50867563e-01 -6.89948125e-01  6.50179275e-01 -1.22504459e+00
 -1.21594609e+00  9.15625745e-01  1.84569217e-02  1.27775698e+00
  9.42845545e-01 -3.28878676e-01 -1.31694615e+00 -1.24728661e+00
  8.33944594e-01  1.32969896e+00 -6.84827332e-02 -2.35004045e+00
 -2.10262814e-01 -1.84019834e-01 -9.37293554e-01 -3.67159506e-01
 -7.40077218e-02  1.22729245e+00 -1.68330846e+00  1.70003883e-01
  1.17915253e+00 -1.55097834e+00 -9.48453110e-01  1.05421302e-01
 -9.57986355e-02 -1.71006754e+00  5.84739186e-01  1.61420745e+00
  4.24616666e-01 -9.56193613e-01 -2.15993809e+00 -1.75927796e-01
 -4.00573944e-01  1.05732803e+00  7.47849778e-03 -2.14643943e-01
  1.16808286e+00 -6.11321793e-01 -1.24739458e-01 -1.15299291e+00
  8.54194953e-01 -1.78200128e-01 -3.78731241e-01  1.59756581e-01
 -2.84620183e-01 -1.11989549e+00 -9.10214149e-01  2.95367684e-01
  8.56896077e-01  7.51290178e-01  1.07497612e+00  1.31075467e+00
  2.08817882e-01 -2.19842665e+00  1.10149490e+00 -1.29425407e+00
 -1.14059324e+00  7.15158532e-01  6.47171279e-01 -1.38727172e+00
 -7.90877772e-01  6.11874036e-01 -6.24688865e-01 -4.85297694e-01
  1.03686570e-01 -6.09506860e-01  9.48883663e-01 -1.26015351e+00
 -7.74242608e-01  3.95858418e-01  1.14681618e+00  1.23088657e+00
  7.64439520e-01 -8.15175281e-01 -7.18009807e-01  1.25789546e-01
 -5.52947637e-01  1.11180218e-01 -6.63005317e-01 -1.01351867e+00
  2.00478867e+00  1.94060278e+00 -8.75349727e-01 -2.00421787e-01
 -7.73272851e-01  1.46272479e-01  8.99187233e-01  2.17274219e-01
  4.81936841e-01  7.88939693e-01  9.51680647e-01 -8.90769292e-01
 -1.57618423e+00 -1.91732649e+00  9.97811123e-01 -4.09250079e-02
  9.11456311e-01  9.41203143e-01  9.93006747e-01 -2.60334145e-01
  8.15511746e-01 -8.22054971e-01 -8.44462775e-01 -6.35846980e-01
  1.67343379e+00 -4.26827194e-01 -2.13404766e+00 -8.45570704e-01
 -5.30856641e-01  7.81302574e-01 -1.72922902e+00 -7.58391946e-01
  7.62384773e-01  9.93721652e-01  1.10151248e+00 -2.80918668e-02