-5.81550935e-02  1.50677316e-01  1.32791534e+00 -4.39948560e-01
  9.22887400e-01 -1.60172792e+00  7.25332718e-01  9.34301759e-01
  1.11739851e+00 -1.32000973e+00 -1.84102664e+00 -7.16608950e-01
  5.62443307e-01  9.26678696e-01  2.52207416e-01 -1.44495602e-01
 -3.21898525e-01  6.31417886e-01  1.59058865e-01 -8.01386405e-01
  1.40842103e+00 -8.09953435e-01 -7.23590447e-01 -4.46801351e-01
 -2.82757705e-01 -1.52675438e+00 -5.91178468e-01  2.40765220e-01
  1.43728931e-01 -1.64612825e+00  9.49555612e-01  2.77480656e-01
  1.07891922e+00  8.49299775e-01 -4.15552662e-01 -2.13214807e-01
 -4.72327577e-01  2.73619733e-01  3.24992492e-01 -7.54012222e-01
 -3.47199072e-01  1.85176161e-01 -9.20492606e-01  1.47611719e+00
  1.80809578e+00 -8.59360082e-01 -4.85963814e-01 -8.85121147e-01
 -1.30394110e+00 -2.06670642e-01 -9.54578386e-01 -7.82467665e-01
  3.22670407e-01  4.86312093e-01 -9.63325849e-01 -1.76670155e+00
 -6.23010558e-01 -5.07781476e-02 -1.15746553e+00 -7.58961298e-01
 -5.81878830e-01 -1.23261200e+00 -6.38278525e-01 -1.34899858e+00
 -9.03146504e-01 -5.64073886e-01  6.42614626e-02  4.40914063e-02
 -5.94670609e-01  1.14195360e-01  3.58523428e-01  2.27162583e+00
  1.47391437e+00  1.24359626e+00  1.03213851e+00 -1.67980317e-01
  1.32324813e-01  1.54455317e+00 -9.60010733e-01 -7.65029330e-01
 -6.52959763e-01  5.14851011e-01  3.77890312e-01 -4.84471239e-01
 -1.82183984e+00 -4.15354261e-01 -1.27710363e+00 -8.10467255e-01
 -1.25373988e+00 -3.84967286e-03 -1.44829796e-01  7.91897675e-01
 -1.37733431e-01 -1.15380170e+00  6.25227218e-01 -3.91671810e-01
  6.99136088e-01  5.57836282e-01 -1.80456571e+00  7.18975243e-01
 -7.95945601e-01 -8.01215946e-01  1.82977990e-01 -1.12999799e+00
  1.04793733e+00 -1.44163676e+00 -1.66225725e+00  3.84631917e-01
 -3.50471903e-01  2.76681505e-01  2.70055372e-01 -9.29747868e-02
 -2.83418277e-01 -2.09392697e-01 -9.46565811e-02 -7.09985321e-01
  6.32094614e-01  7.96400545e-01 -1.09095789e+00 -7.34599158e-01
  1.43078393e+00 -1.51565973e+00  4.53487111e-01  9.02785513e-03
 -3.68023916e-01 -1.53790084e+00  1.60653660e-01 -1.47644325e-01
 -2.60125698e-01  6.31746989e-01 -3.32907281e-01 -8.05961356e-01
 -4.95627662e-01 -8.68226326e-01  5.32350728e-01  1.48528397e+00
  1.33774561e+00  2.96390396e-02  4.15470548e-01  4.12261293e-01
 -8.31806661e-01  1.78634140e-01 -7.22232406e-01 -9.20713044e-01
 -8.37065637e-01  3.72569220e-01  1.60762105e+00 -5.38341047e-01
  4.29709652e-01 -7.25266368e-01  1.42261838e-02 -5.59169107e-02
  2.17954534e+00 -4.78282168e-01 -1.74799191e+00  1.86737738e+00
 -2.36006902e-01  9.91451569e-02 -8.76155960e-01 -1.69180194e+00
 -6.26236977e-01  9.05875736e-01  2.71738967e-01  3.49266590e-01
 -1.62179002e+00 -1.90266607e+00 -2.68489717e+00  7.72175141e-01
 -2.12436690e+00  9.06446710e-01 -6.28545919e-01 -1.11091648e+00
  6.38288143e-01  1.09151330e-01 -1.04320411e+00 -6.44644228e-01
 -3.28447972e-02  9.55335469e-01  1.11232826e+00  3.63011868e-01
 -8.90889907e-01  6.56000385e-01 -5.82615088e-01  1.78039341e+00
  6.69266851e-01  1.35572171e+00 -3.48557121e-01  3.18732812e-01
 -1.52704368e+00 -1.65698649e-01 -9.50650418e-01 -1.02740840e+00
 -1.55726034e+00 -1.33258612e-01 -1.10424124e-01  1.33665112e-01
 -1.33355905e+00 -1.85191896e+00  1.74735754e+00  1.82590891e+00
 -3.85039737e-01  1.06506292e+00 -1.39579210e+00  1.32797516e+00
 -4.10110645e-02 -3.31248741e-01 -7.17118213e-01 -8.36817814e-01
  6.26761713e-01 -3.91625939e-02  2.08315393e+00 -2.03870803e-01
 -9.21518368e-01 -2.10173330e+00  1.73345890e+00  5.62795013e-01
  6.10703784e-02 -2.55247580e-01  7.29581539e-01 -4.87360072e-01
  5.13046917e-01  1.17029349e+00 -1.29379111e+00  5.66008922e-01
 -4.63612167e-01  1.96879056e-01 -6.14156558e-01 -2.02882301e+00
 -8.55871656e-01 -1.38999968e+00 -1.62519249e-01  6.40772617e-02
 -8.77280039e-01 -3.11798668e-01  1.09376668e+00  3.05428332e-01
 -3.09549371e-01  3.40129397e-02 -2.01406672e-01  4.26165387e-01
  1.73527464e+00 -8.50527378e-01 -7.61903097e-01 -1.13491274e-01
 -9.40582180e-01 -3.22807903e-01  1.81522276e+00 -1.94309428e+00
 -1.83199774e-02 -2.48477654e+00  1.16102795e+00  2.26750242e-01
  8.72034587e-01 -1.18433604e+00 -1.02371698e+00  3.61677071e-01
 -6.02874012e-01 -4.09654884e-01 -1.96097064e-01  1.23945035e+00
 -1.43104446e+00 -1.53474356e+00  7.36367771e-01  3.83877814e-01
 -4.23351128e-01 -3.73203633e-01  4.23214362e-02 -5.05443561e-01
  9.68700745e-02  1.00403651e+00  6.50600391e-01  9.61458991e-01
 -2.34264105e+00  1.67982342e+00 -6.29785444e-01  1.36201751e+00
  3.21175823e-01  1.49872949e+00  1.26688271e+00 -7.11933559e-01
  7.76724336e-01 -2.32856402e-01 -1.15382880e+00  2.22190911e-01
 -5.61250833e-01  8.81266920e-01  1.15565490e+00 -1.86855814e+00
 -2.41648016e-01  1.62334646e+00 -1.05307433e+00  1.75539750e+00
  6.82935471e-01  2.13888161e-01 -2.21670673e+00  2.52875253e-01
  1.24793114e+00 -1.80472861e+00  1.33802520e+00  1.50936682e+00
 -1.07503263e+00  2.68943783e-02  3.40909709e-01  1.86768250e+00
 -2.55295160e-01  9.53632808e-01 -5.40081780e-01 -4.02696624e-02
  1.01152965e+00 -1.28570243e+00 -9.53550925e-02  5.64031134e-01
  7.70438621e-01  6.34666640e-01  2.23765418e-01 -8.65351566e-01
 -4.29714733e-01  2.00426004e-02  5.39684938e-01 -5.54489242e-02
 -5.24061778e-01  7.82007058e-02 -1.99106012e+00 -5.36458374e-01
 -1.82462787e+00  1.09421892e+00  6.00807643e-01  1.06067317e+00
  1.32952898e+00 -6.21945160e-01 -8.04670146e-01 -2.58185170e-01
 -1.07528344e+00 -8.38976583e-01 -6.89970559e-03  2.49466790e-01
 -1.73689260e+00  9.01521860e-01  5.29148244e-02 -4.46081288e-01
 -3.22633787e-01 -2.12052801e+00 -8.49674660e-01  1.87052016e+00
 -5.01350066e-01 -1.38513855e+00 -3.50274292e-01 -1.04832770e+00
  7.88948552e-01 -3.65513564e-01 -1.01923590e+00 -5.24198330e-02
  5.86258689e-01 -8.13478529e-02 -6.58594824e-01 -7.43538306e-01
  1.06057519e+00 -2.86558546e+00 -1.58656545e+00 -7.80877541e-01
 -5.02275104e-01  8.97546968e-01 -9.89803929e-01  9.10025079e-01
  3.30969215e+00 -2.68148537e-01 -6.24684983e-02  1.16944106e+00
  9.20118202e-01 -1.56442887e+00  2.48781122e+00 -9.06726400e-01
 -3.37762170e-01  2.15245667e+00 -2.06013043e+00 -1.15002315e+00
 -5.43812444e-01 -4.81263379e-01 -1.74341342e-01 -6.80569271e-01
 -2.45390535e-01  7.14970307e-01 -5.49373366e-01  6.39849160e-01
  2.16721330e+00 -3.71926638e-01 -7.90761658e-03  1.59853237e+00
  7.66108499e-01  1.84630144e-01  1.35684605e+00  9.59022558e-01
  5.92357903e-01  9.56088538e-01  8.03264387e-01  7.65240355e-01
  4.10486663e-01  8.99221325e-01 -1.80992482e+00 -1.33841135e+00
 -1.39219191e+00  1.86021289e+00 -2.09572584e+00  1.45840162e+00
 -9.04034818e-02 -2.84657114e-01 -8.42444735e-01  3.52410737e-01
 -4.19664589e-01 -1.15315408e+00  6.85362996e-01 -7.05925555e-01
 -5.55922723e-01  7.16084557e-02  2.62155728e+00  1.49056426e+00
 -1.81656050e+00  1.47397290e-02 -1.72455638e+00 -1.03866504e+00
 -5.21374276e-01 -4.00538189e-01 -3.91058829e-01 -1.15760018e+00
  1.52099275e+00  4.76294396e-02 -4.65721175e-01 -1.12270646e+00
  7.48844400e-01 -1.65601467e-01  3.03642309e-03 -8.45091839e-01
  6.73939816e-01  1.14459397e+00  6.47766121e-01  5.61264328e-01
 -2.56634768e-01  2.07548648e+00  1.40405112e+00  1.45805057e+00
  2.65341569e-01 -8.15219560e-01  2.88093672e-02 -9.19561769e-01
 -2.76873530e-01 -9.37682556e-01  1.27945978e+00 -5.07254987e-01
  3.32688906e-01 -2.17120884e-01  3.17531690e-01 -2.57841949e-01
  1.08749110e+00  3.35350055e-01 -7.82187053e-01  3.08089440e-02
 -2.11585429e-01  5.44130507e-01 -4.63707700e-01  9.62931114e-01
 -1.25138825e+00 -2.50563669e+00 -4.85808125e-01 -6.32568819e-01
 -1.79685742e-01  6.41629767e-01  1.34145593e+00 -8.71918550e-01
  2.18626598e+00 -7.60263126e-01  1.06931512e-01  6.08709291e-01
  1.20631851e+00 -7.31123333e-01  8.94018850e-01  2.10960215e+00
  8.27886827e-01  1.65131519e+00 -1.69937201e-01  3.01886705e-01
 -6.62411432e-01  1.37186876e+00  1.25203869e+00 -5.70150827e-01
  2.18404775e+00 -3.20307137e-01 -9.18620002e-01  1.29716177e+00
 -1.26187811e+00  1.81351799e-01  8.05896222e-01 -9.19144550e-01
  1.26903527e+00 -2.22694501e-01 -7.53448627e-02  1.20347158e+00
  3.25469124e-01 -1.54909436e-01  6.69103454e-01  2.49938771e-01
 -1.69700144e-01  9.05942546e-01  2.43215932e-01 -9.70422641e-01
 -6.20435189e-01  2.85546235e-01  1.14863651e+00  4.25034279e-01
  8.87480364e-01 -4.05085378e-01 -4.69982086e-01  4.18418846e-01
 -2.30067888e-01 -2.58022451e+00 -1.20699447e+00 -2.13721354e+00
 -4.30155788e-02 -3.87470556e-01 -2.69234239e-01 -8.12349088e-01
  5.29096913e-01  6.60174681e-01 -1.32747331e+00 -7.61059355e-01
 -1.16083493e-01  2.56770290e-01 -6.79548839e-01  3.39211842e-02
  1.97644871e+00 -7.69294077e-01 -1.31392363e-01  2.95713693e-01
 -5.61138760e-01  8.26774633e-01 -1.32030705e+00  1.16409618e+00
  1.84853280e-01 -4.36869932e-01 -6.45246136e-01  4.63179598e-01
 -9.50698671e-01  5.36121118e-01 -8.56841808e-01  4.38622506e-02
 -1.16055690e+00  7.17161290e-01 -1.26587839e-01 -7.58671243e-01
  1.45024330e+00  5.92172759e-01 -1.38114411e+00 -8.30809146e-01
 -1.33643008e+00  3.73507965e-01 -6.18210405e-01  1.06209778e+00
 -8.86762524e-01 -1.14682318e+00  6.13762322e-01  5.71196719e-01
 -9.14098753e-01 -3.93863630e-01 -1.10086401e-01 -1.13677140e+00
  8.84535285e-01 -9.74687720e-01 -2.45672741e-01 -3.56583883e-01
  2.54785150e-01  2.95581650e+00  1.22464602e+00 -4.47283084e-01
  6.49430741e-02  4.30635332e-01  6.56448651e-01  1.18214054e+00
 -1.92302845e-01 -1.48215360e+00 -4.83075638e-01 -1.92300362e+00
  3.83984100e-01 -1.06039255e+00  1.91665907e+00 -1.12986839e+00
  1.11469955e+00 -2.11494478e-01 -9.74241504e-01  6.73491611e-01
 -1.60416438e+00 -1.36280974e+00  6.76079311e-01 -1.20597509e+00
  2.23813645e-01 -3.68086376e-01 -9.46222757e-01 -1.50792098e+00
 -1.69120302e-01  1.04939617e+00 -2.88280789e-01 -3.07332203e-01
 -5.02424631e-01 -9.16605948e-02  4.28338196e-01 -1.07511681e+00
 -1.48531291e-01 -9.67800692e-01  7.62626914e-01  2.01961516e+00
 -5.14382626e-01 -9.16179668e-01  4.56339609e-01 -3.38449961e-01
  9.13869250e-01 -8.67012022e-02  2.87132260e-01  6.27366119e-02
 -8.95418340e-01 -6.72195037e-01  1.55847049e-01  4.06385130e-01
 -3.17794022e+00  4.31696334e-01  1.56232845e+00 -1.76579476e+00
 -6.09218232e-01 -2.07948699e+00 -5.81548591e-01 -1.78121028e-01
 -9.10333140e-01 -4.87985479e-01 -4.44056946e-01 -2.64184383e+00
 -1.03945583e+00 -1.02588578e+00  5.92257517e-01  1.40937330e+00
 -7.33197391e-01 -1.32758912e+00 -1.04767632e+00  1.41760519e+00
 -7.49803206e-01 -1.32176551e+00 -1.41177046e+00  7.21007019e-01
 -4.55355741e-01  9.64103987e-01  8.56319820e-02 -1.43219763e+00
  4.92471722e-01  9.24229439e-01 -2.69452613e-01 -7.09336757e-01
 -8.69550984e-01  5.61702073e-01  2.19704299e+00 -1.10052930e+00
 -1.15902513e+00  1.16946184e-01 -9.69880976e-01 -1.71723964e+00
  8.27125502e-01  8.54786235e-02  3.48783591e-01  5.84437323e-01
  3.82427004e-01  7.77559120e-01 -1.33960500e+00 -2.50060421e-01
 -7.89687754e-01  5.78862734e-01 -1.08493431e+00  9.60715165e-01
  1.01742817e+00 -1.69035823e+00  8.25130439e-01  1.60079943e+00
  1.90146326e-01  1.84810398e+00  7.53365963e-01 -1.28985139e+00
  1.59841266e-01  9.35077002e-01 -1.75803973e-01  5.77781094e-01
  2.48643680e-01 -7.72890677e-01 -9.97715282e-01  8.77325890e-01
  6.38070669e-01 -1.76462487e-01  1.13169828e-01 -9.43769893e-01
 -6.21955615e-03  8.09962516e-02  9.32088305e-01 -1.02416552e+00
 -3.57053763e-01 -1.21305278e+00 -5.83257485e-01  1.07580402e+00
 -3.11048012e-01 -1.52333550e-01  1.16327226e+00  1.47388125e+00
  5.22316973e-01  1.17037472e+00  4.66897830e-01 -3.91900129e-02
 -8.21413999e-02 -5.37702064e-01  2.74759815e-01 -7.40807391e-01
 -4.20131545e-02  1.29786344e+00 -8.76313679e-02 -8.02793021e-01
  1.29598532e+00 -7.52928890e-01 -2.18402650e-01  7.17192141e-01
 -1.57224584e+00  7.59001081e-01 -1.67636173e+00  1.37443914e+00
 -9.85937956e-01 -2.81210286e-01 -9.49563950e-01  8.49555488e-01
  1.48069564e-01  9.47195996e-01 -1.25180460e+00 -3.03152349e-01
  5.76091889e-01  2.84612700e-01  6.04646580e-01  1.00651236e+00
 -7.11952744e-01 -6.09687320e-01  3.94647390e-01 -4.91477563e-01
 -3.89142144e-01 -4.02382673e-01  2.65485038e-01 -3.66659538e-01
 -1.34441903e+00  7.59617780e-02 -5.65012097e-02 -2.50569967e-01
 -3.41138475e-01 -7.25882593e-01  4.89486542e-01  2.00430774e-02
 -3.97639921e-01 -8.04315928e-01  3.18199639e-01 -6.67291001e-01
 -7.09221022e-01  1.47236282e-01  2.24241174e+00 -1.57765042e-02
  8.68463400e-01  5.60550238e-01  3.15230385e-01 -6.89826329e-01
 -1.15028016e+00  1.37017131e+00 -1.44063821e+00 -6.77931637e-01
 -1.83409755e+00  1.34309504e+00 -1.37594374e-01  1.25153439e+00
  1.14715060e+00  4.60202504e-01 -4.51058219e-01  1.44848650e+00
 -1.02200887e+00 -1.27812391e+00  1.55615588e-01  2.30022866e-01
  1.50984263e+00  7.29047158e-01 -5.15721282e-01 -1.12319934e+00
  3.56193653e-01 -5.51500872e-01 -7.28774959e-01  5.03909719e-01
  1.18523967e+00  4.26725089e-01  9.11752902e-01 -8.55654745e-01
 -1.02139983e+00  1.36516240e+00 -1.14243369e-01 -2.67901635e+00
 -1.54573369e+00  1.93478360e-01 -1.26438009e+00  5.15391718e-03
  9.28778425e-01  1.18864237e+00 -1.27668842e+00 -7.58493117e-01
  4.20915849e-01 -9.95401421e-01 -1.43277867e+00  1.62670275e-01
  8.77283938e-01  1.03444493e+00 -2.24872112e-01  5.10150902e-01
 -7.03999075e-01 -1.25659219e+00  4.58047277e-01 -2.54569019e-01
 -1.14318266e+00  5.23669326e-01  2.82928879e+00 -5.43869458e-01
 -1.64415407e+00  4.92581225e-01  1.23561022e+00  3.54222837e-01
  1.16360642e+00  1.43386055e+00  1.14184164e+00  7.76225710e-01
  9.36352703e-02  6.12180982e-01  1.62516279e+00 -4.13407141e-02
  4.32237538e-02 -2.94004169e-02 -5.39455510e-01 -5.17945986e-01
 -1.05077557e+00  1.00810658e+00  6.79901146e-01 -7.88245328e-01
 -1.96318800e+00 -1.46647456e+00  4.01547619e-02  9.37646156e-01
  6.23221638e-01 -5.21833160e-01 -4.33590004e-01 -8.70921003e-01
 -3.36745380e-01 -5.38973783e-01 -1.64719319e-01  1.06596114e-01
 -1.00812985e+00  2.60013258e+00 -1.18276506e+00  4.45135528e-02
  1.23412138e+00  5.37710650e-01 -2.47091405e-01  4.92968688e-01
  1.07582481e+00  1.37511173e-02  1.38901271e-01 -1.06044302e+00
 -7.23702127e-01  1.27894973e+00 -3.12121339e-01  1.19910324e+00
  1.54661804e+00 -5.47251472e-01 -8.50273237e-01 -4.63419410e-01
  2.10246363e-01  6.91015402e-02  3.52163142e-01  7.54779288e-01
  2.01009126e-01 -2.74302770e-01 -6.90673676e-01 -2.07988907e+00
 -9.53999742e-04  1.35152220e+00 -2.42372493e+00  1.00769503e+00
 -1.34918656e+00  1.19980548e+00 -1.64153763e-01  4.33616876e-01
  6.79238395e-01  1.65005309e+00 -5.79981046e-01 -2.27508859e+00
  6.90152730e-01 -1.58231018e+00 -8.41824650e-01  1.85943119e+00
 -1.94596233e-01 -1.27008562e+00 -1.28401138e-01 -1.33409164e+00
  1.60682144e-03  3.49076397e-01  5.42917349e-01  3.41555793e-01
 -1.93249350e-01 -6.31608734e-01  1.54092921e-01 -1.33985695e-01
 -1.67233668e+00 -3.17572597e-02 -6.70998457e-01 -7.07079130e-01
  9.93563183e-01 -2.77037610e-01  1.81940407e+00 -2.65794405e-01
 -2.86316848e-02 -8.70543736e-01  6.22618382e-02 -8.16270529e-02
  4.86410573e-01  1.00733302e+00 -3.73814022e-01  7.19489821e-01
  8.76858945e-01  1.46073510e+00 -2.64746415e-01  1.05460928e+00
  1.93651744e+00  1.77476810e+00 -6.45904341e-02  9.83738562e-01
  4.01597807e-01 -3.92142902e-01  9.63464532e-01  8.34777982e-01
 -1.72535417e+00 -1.14609183e+00 -1.22395452e+00  2.87575675e-01
 -7.52738264e-02  6.94923031e-01 -6.86412413e-01  4.81958659e-01
 -2.06016187e+00 -2.94799575e-01  2.35084132e-01 -8.32639572e-01
 -2.64621580e-01  4.74075675e-01 -1.09716476e+00 -1.09535974e+00
  8.01400526e-02 -2.00263255e+00  2.10047564e+00 -1.25572919e+00
 -8.99881576e-02 -1.10325750e+00  7.04741540e-01  4.49303099e-01
  6.71203360e-02  1.62970764e+00 -6.69723667e-01 -3.87408258e-01
  8.43545179e-01 -3.69334314e-01 -1.32409214e+00 -9.00836205e-01
 -6.89739397e-01  3.12064797e-01 -1.04235666e+00  1.25050729e+00
 -7.66693679e-01  1.90137401e+00 -1.11789198e-01  5.62998440e-02
 -4.59714435e-01 -1.61377992e+00 -1.54143262e+00 -2.85284790e-01
 -9.02412535e-02  1.05520373e+00 -8.31673686e-01  3.40524001e-02
 -2.99873893e+00 -4.95875270e-01 -1.18757427e+00  9.30568317e-01
  5.28050723e-02 -8.46552199e-01 -1.19861968e+00 -2.73951518e+00
 -1.57477338e+00 -1.17420176e-01 -2.85509127e-01  1.87873339e-01
 -9.63978913e-01 -7.44805024e-01  3.54855504e-01  2.51955927e-01