 1.57896917e-01 -2.07190391e-01  1.97183540e-02 -4.49674570e-01
 -3.02972514e-01  3.63962104e-01  5.38704541e-01  1.36589635e+00
 -1.55339575e+00  5.55914670e-01  7.85707168e-01 -1.27204702e-01
  1.03250158e+00 -8.48068340e-01 -1.19272214e+00 -6.94057720e-01
 -1.26102867e+00 -8.61812128e-01  2.71275912e-01  1.55221857e-02
  6.84587745e-01 -7.88365540e-01  1.28359775e+00  8.60617762e-01
  8.99422717e-01 -3.05621625e-02  1.64459185e+00 -1.94819031e-01
  4.65007744e-01  7.41959310e-01  7.06393183e-01 -1.24359330e+00
  1.36145924e+00  1.35263986e-01 -3.28798537e-01  4.78321969e-01
 -4.13060480e-01  1.44559599e+00  2.03743670e+00 -7.23093807e-01
  1.34023639e-01  1.86642785e+00 -5.86705267e-01 -1.17766327e-01
 -1.68777483e+00  7.68448084e-01  1.50044743e+00 -7.05737342e-01
  7.49199843e-01 -4.62823878e-01  5.26730129e-01 -5.02281868e-01
  1.44021177e+00  1.81642033e+00  6.82181792e-01 -9.78793004e-01
 -2.90460138e-01  5.45104287e-02 -1.27135997e+00 -1.45097189e-01
  1.36054599e+00 -4.74659423e-01  4.40620472e-01  1.09829166e+00
  7.70078540e-01 -5.34059486e-01  4.41246827e-01 -1.23273989e+00
  2.37930622e+00  1.26226031e+00 -1.64342231e-01  5.36983727e-01
 -1.85202098e-01  2.41610405e-02 -1.21310735e+00  1.49728031e-01
  1.44181821e+00  6.50419119e-01 -2.90964757e-01  6.05194019e-01
  3.51986189e-01  1.26277423e+00 -6.32058906e-01  2.95087000e-01
 -2.81007367e+00 -9.95550580e-01 -4.91800437e-01  3.01503086e-01
 -5.30732255e-03  7.50563552e-01  1.55411449e+00  1.05623545e+00
  1.23668844e+00  1.04826241e+00  4.66610555e-01 -8.93409243e-01
  1.03550875e+00  7.87286833e-01  4.21371496e-01 -7.19681042e-01
 -9.97641919e-01  9.90364929e-01 -1.76035691e+00  8.66007518e-01
 -4.07169148e-01  3.61132076e-02  2.26985270e-01  4.61957015e-01
  2.75580537e-01 -6.57103834e-01  7.45873722e-01 -1.30838951e+00
  8.68825524e-01  1.93432606e+00  3.10964278e-01 -3.93600965e-01
 -5.56910606e-01 -4.03979825e-01  1.06092845e+00  6.91027319e-01
 -3.44758798e-01 -6.48430662e-01 -8.06329145e-01  7.18811229e-01
  1.26520179e+00 -2.12062884e+00 -5.75840129e-01  1.14181830e-01
 -1.14500202e+00  3.69905457e-01 -2.04857809e-01  5.31534177e-01
 -1.93381134e-01 -1.41771371e-03 -3.65691332e-01  7.40287250e-01
 -9.94214151e-01  4.91972935e-01 -1.16445150e+00  1.34216645e+00
  1.24951018e-01  4.08408367e-01 -6.91804292e-01  3.98463715e-02
 -3.61823902e-01 -7.16718722e-01 -1.73491037e+00 -2.33742695e-01
  6.60829544e-01 -4.16807725e-01 -1.08814557e+00  9.60120887e-01
 -1.51040843e+00 -1.07145662e+00  4.12546274e-01 -1.38754166e-01
 -9.67689168e-01  7.02955634e-01  1.90728731e+00  7.57170596e-01
 -8.23476681e-03  8.76660327e-01 -1.19506111e+00  1.73639905e-01
  3.11405261e-01 -6.15733765e-01 -3.03869674e+00  1.18002380e+00
 -6.12929751e-01  1.13195870e+00  1.93490726e+00  1.24810198e+00
 -2.49992823e-01  5.47039734e-01 -4.52194565e-01  7.26933619e-01
  5.50667566e-01 -8.91842090e-01 -1.90858349e-01  9.02497376e-01
 -6.55794692e-01  1.25106122e-01  1.51557373e+00  1.15850104e+00
 -1.22409218e+00  1.54645964e+00 -8.05616256e-01 -1.79733546e-01
 -1.25146825e+00 -5.87590888e-01 -1.45442813e-01 -7.85495652e-01
  5.19390382e-01  6.31439042e-01 -1.21473507e-01  5.33389624e-01
 -8.57926379e-01 -1.26498828e-01 -4.05945885e-01 -2.11069969e-01
  1.18394768e+00  4.21324734e-01  5.24829742e-01  2.10570660e-01
  3.26669090e-01  1.12473120e+00  4.63586753e-01  2.91826290e-01
 -1.56030513e-01 -8.39880161e-02  1.08483703e+00  3.14469806e-01
  6.80491567e-02 -4.87096511e-01  1.20632863e+00 -3.52210769e-02
  9.70623557e-03 -6.34892621e-01 -1.03701158e+00  2.20300877e-01
  1.07863694e+00 -5.52273036e-01  2.52309815e-02  4.57856056e-01
  9.82677556e-01  8.39560897e-01  2.25750285e+00 -2.34192674e-02
  4.04512757e-01 -6.47557368e-02  7.51636396e-01 -1.54310815e+00
  2.47577279e-01 -6.53456840e-01 -7.08117164e-01  1.33515519e+00
 -6.40336531e-01  6.23795412e-02  3.84882351e-01  3.43649124e-01
  3.85942382e-01  1.26445170e+00  1.91685902e+00 -2.38401353e+00
  2.00484387e+00 -1.46421930e+00 -5.52766570e-02  8.00943927e-01
 -6.14417540e-01  1.70376838e+00  8.99754929e-01 -2.53099053e-02
  1.17137592e+00  1.19826502e+00 -1.44174485e+00  1.42852097e+00
  5.97386007e-01  6.96782338e-01  4.15134514e-01 -1.43524308e-01
  6.09057416e-01  4.38880823e-01 -5.01264562e-01  5.48852233e-02
  6.09010642e-01 -4.17595408e-01  6.12281346e-01 -7.39101303e-01
 -3.82598226e-01 -1.92756363e-02 -6.56750923e-01  1.33090360e+00
  1.59954671e-01 -6.73823459e-01  1.04094490e+00 -2.49489325e-01
 -1.00362625e+00 -2.04978936e+00  7.79350391e-01  2.00897965e+00
 -4.48550257e-01  6.80778832e-02 -3.82017438e-01  8.58521935e-01
  8.61973011e-01  7.52731936e-01 -4.01380142e-01 -2.49076102e-01
  4.71277836e-01 -1.01042201e+00  1.26113481e-01 -1.54245478e+00
  9.06933950e-01 -5.98095633e-02 -3.35377558e-02  4.61390724e-02
  1.03996424e-01  6.29733324e-01 -3.73802647e-01 -3.49413785e-01
  1.40714190e+00  1.77426849e+00  3.00332418e-01  1.19794425e+00
  1.76651233e+00 -5.91821703e-01  1.66998821e-01  7.02013119e-01
  5.84457233e-01 -1.36151822e-01 -7.48760880e-01 -1.72109990e+00
  1.03176033e+00 -1.03050197e+00 -5.33095703e-01  9.67511400e-01
 -1.74061809e-01  1.54657914e+00 -2.40392002e-01 -7.50012029e-01
 -6.89173060e-02 -1.82805387e-01 -1.37075099e+00 -1.13523343e+00
 -3.94352587e-02  2.41692397e-01 -2.32947549e+00 -1.51829735e+00
  1.44912674e+00 -9.88522125e-01 -2.54548124e-01  3.30317532e-02
  6.53072795e-01 -2.35604380e-01  7.82738997e-01 -9.13005523e-01
  1.95393263e-01  6.38869697e-01 -1.18033385e-01 -1.39238175e-02
 -2.02261324e+00  9.91124261e-01  2.70084091e-01 -1.75469230e+00
  1.15638919e+00  5.20358526e-01  1.02349211e+00 -1.22940382e-01
 -4.95141856e-01  1.31420601e+00  5.69931618e-01  2.96572494e+00
  9.19219369e-01  1.07028718e+00 -1.21180176e+00  1.49691912e+00
 -8.44765322e-01 -1.67274103e+00 -5.81507913e-01  1.59496156e-01
 -4.91902683e-01 -1.84434687e+00  2.12299769e-01 -5.27661014e-01
  1.49499456e+00  1.63295065e+00  2.35204563e-02  2.89306104e-01
  1.27807256e+00  1.27089995e+00  5.56136360e-01  8.01245475e-01
 -1.14693465e+00 -1.06368341e+00 -9.25749659e-01 -7.23402449e-01
  1.20812365e+00  6.72867409e-01  6.80669767e-01 -5.67936862e-01
 -8.24275122e-01  1.29406812e+00 -1.71688571e+00  9.44066654e-02
  1.31518355e+00  9.23667117e-01  6.24254977e-01 -4.21220606e-01
  3.81440668e-01  1.12998368e+00  8.54840095e-02 -1.38608379e+00
  1.96588915e+00 -1.06376621e+00 -1.16998180e-01  1.35865901e+00
 -7.12143058e-01 -5.22383760e-01 -9.72543662e-01  1.94816770e+00
 -8.43567219e-01 -9.28407390e-01 -1.43923527e+00 -1.32532446e+00
  1.56608991e-01  1.83756860e+00 -1.28246986e+00  9.93867500e-01
 -8.15891403e-01  1.09836312e+00  4.31882321e-01  8.56036884e-01
 -8.48116121e-02  7.22161589e-01  4.77320157e-01  1.11921859e+00
 -2.03751877e-01  3.20380893e-02 -7.36474656e-01  7.20450829e-01
 -1.25483970e+00  9.48404163e-01 -8.38751959e-01  3.92978626e-01
  9.41813940e-01 -2.65205711e-01 -5.70667481e-02 -2.36826500e-01
  5.13532171e-01  9.44238618e-01 -6.73222683e-01  5.31815256e-01
  1.72109521e-01 -8.18751891e-02 -6.48736136e-01 -4.19726283e-01
 -6.41702672e-01  1.14294388e-01  9.95338280e-01 -6.00506041e-01
  2.89071156e-01 -2.49145602e+00  7.49303288e-01  8.64356042e-01
  1.07597631e+00 -4.23513715e-01 -3.79931362e-01  2.99977757e-02
  7.17693747e-01  6.28104854e-01  1.49142759e+00  6.34329660e-01
 -7.57467759e-01  1.03922604e+00  3.97590191e-01  2.14640671e-01
  3.55445286e-01 -7.72396187e-01  6.11178399e-01  1.23554841e-01
  1.16853008e+00  9.73131424e-01 -6.90554257e-01 -9.45763962e-01
 -2.87254126e-01  1.50639863e-01  2.77850490e-01  1.57388919e+00
  5.94048410e-01  2.30901235e-02  4.86255709e-01 -1.31755321e+00
 -1.54066084e+00 -1.36670639e-01  2.88526601e-01 -1.01918063e+00
 -4.46555100e-01  1.09648798e+00  5.23728864e-01 -1.60488888e+00
  1.05706689e-01  1.52997436e+00  1.69258820e+00  7.89947663e-01
 -4.92094764e-01 -8.26962684e-01 -2.02368217e+00 -8.48248230e-01
 -8.21832083e-01 -1.52331800e+00  1.51855167e+00  1.78763940e+00
 -2.76547682e-01  7.39196795e-01  7.65680677e-02  3.05988074e-01
 -2.82458436e-01  3.43163115e-01 -5.42615748e-01 -1.02628912e+00
  3.73420104e-01  3.32589322e-01 -1.73609929e+00  5.89719309e-01
 -1.25083580e+00  7.76300557e-01  6.48008540e-01 -1.77590162e-01
  9.87381934e-01 -2.33362157e+00 -6.14532887e-01 -1.97596155e+00
 -6.21945157e-01  1.53757936e-01 -8.01942755e-01  3.08364243e-02
 -9.14722703e-01  6.19783749e-01  1.51486373e-01 -1.05249015e+00
  1.78715678e-01 -9.86049884e-01  1.40355209e+00  1.17561454e+00
  4.87979817e-01  3.18626804e-02 -2.03718052e-01 -4.95650396e-01
 -1.44331265e+00  4.23789884e-01  4.91261252e-01  4.86103684e-01
 -4.94487409e-01 -1.03144007e+00  7.61645823e-01 -2.45352476e-01
 -5.29260247e-01  3.82285922e-01 -1.96800740e+00 -1.98564188e-02
  3.46929559e-01  3.70580246e-02  2.39918391e-02 -1.14597740e+00
  7.05343899e-01  9.16383673e-01 -2.74251629e-01  2.78714531e-01
 -7.82155930e-01  3.80267867e-01 -1.79318142e+00  8.78589632e-01
  1.05693397e+00  5.04285024e-01 -1.04157762e+00 -2.26496543e+00
 -1.02011745e+00  2.92415105e-01  5.00966613e-02 -4.09285955e-01
  7.84600291e-01 -3.00623842e-01 -1.61398204e+00 -3.28536765e-01
  6.68110124e-01 -1.23648929e+00 -8.79472063e-01 -6.79691223e-01
  3.70215778e-01 -5.95249068e-01 -7.23898174e-01 -1.28252190e-01
  1.22633446e+00 -1.14528316e+00 -4.35784037e-02 -2.74169363e-01
  1.36781489e-01  1.27968657e+00  1.03579620e+00 -1.29819900e+00
  2.77187298e-01  5.08361158e-01  1.79921413e+00  5.42364445e-02
  2.01629860e-01  1.13155536e+00 -1.22658502e+00  5.87221755e-01
 -3.60709612e-01  5.43855207e-01  2.51044006e+00  1.23632758e+00
 -7.58772686e-01  6.53474899e-01  9.47363490e-01 -4.11595721e-01
  5.47681681e-02  1.95759493e-01  7.18685727e-01 -6.65932747e-01
 -5.25663602e-01  1.06417091e-01 -1.64821584e-01  3.65784937e-01
 -9.39565895e-01 -1.15476005e+00  2.20872995e-01  1.55749878e+00
 -7.78261843e-01 -5.00434450e-01  1.81928286e+00 -1.14635932e+00
 -6.63076869e-01 -1.15547680e+00  5.65786003e-01 -8.56583267e-01
  5.46848469e-01 -1.45312818e+00  1.32677469e+00 -1.23201428e+00
  6.68526493e-01  1.18554012e-02  1.69238223e-01 -2.34158694e-01
  4.36193455e-01  5.22108914e-01 -9.51841795e-01 -3.47870528e-01
  1.60491644e+00 -2.40285372e-01  9.03118350e-01  4.03066407e-01
  3.19442841e-01  7.94403405e-01 -1.21173135e+00 -1.92057520e+00
 -7.61742442e-02 -4.41622975e-01  7.26042503e-02  1.91429356e-01
 -1.13468835e+00  4.94769890e-01  1.61809038e+00  1.33673108e+00
 -1.67747974e-01 -5.86924676e-01  7.19515094e-01  1.67077819e+00
  4.65892226e-01 -1.05513608e+00 -1.07544751e+00 -1.91193803e+00
 -6.15956803e-01  4.78092303e-01 -2.88005198e-01 -1.80912296e+00
  8.47152435e-01  1.15245955e-01 -2.55416041e-01 -5.94887990e-01
  2.17911661e-01 -2.27384049e-01 -1.29974262e+00  1.35335764e-01
  1.08688172e+00 -6.18138257e-01 -6.39753968e-01 -5.12844062e-01
 -1.48775208e-01  1.29259771e+00 -1.27114566e+00  7.18106673e-02
 -1.01187621e+00  6.28737634e-02  1.41644703e+00  8.37159319e-01
  8.38643689e-01 -2.12050132e-01  3.52792954e-01 -7.30304451e-01
  6.95729314e-01 -1.59954918e+00 -1.01188294e+00  2.38192509e-01
 -6.54874263e-01 -9.52751136e-01  8.08279483e-01  8.37491175e-01
  2.79617653e-01  1.07721115e-01  3.87469445e-01 -1.60802338e-01
  1.45549216e+00  1.21659208e+00  1.51088979e+00  7.33492929e-01
 -8.95125234e-01 -1.17187392e-03  1.30951565e+00 -5.56304991e-01
  1.70678391e-01  6.38283256e-01  3.85650750e-01  9.73684245e-02
 -1.09423674e+00 -1.38749268e+00  3.21370764e-01 -9.99924010e-01
  6.25873751e-01  9.44375279e-01  6.43724637e-01 -2.34799576e-01
  1.43934800e+00  7.39368952e-01  3.39170663e-01  1.01642172e+00
 -6.34625289e-01  1.14284861e+00 -1.62215275e+00  5.05233899e-01
 -1.71888388e-01  4.99838384e-01  9.15004274e-01  7.06271632e-01
 -1.03911186e+00 -2.24313149e-01 -1.11204584e+00  1.29344946e+00
 -2.30357905e+00 -1.23249703e+00  1.07225719e+00  1.21217634e+00
 -4.63452902e-01  8.86349883e-01 -2.42583858e-01 -2.67453706e-02
  2.98909137e+00  1.74775514e+00 -5.48544445e-01 -1.66687013e+00
  1.08545295e+00  1.10634080e+00  1.29281361e-01  1.21472281e-01
 -1.25935343e+00  1.15897965e+00 -7.45032775e-01  9.53903639e-01
 -1.26586806e+00 -1.14500848e-02 -1.00372823e+00 -1.68475138e+00
  8.19939535e-01 -5.04281840e-01  1.13415666e+00 -1.91191108e+00
 -2.47491278e-01 -2.97943930e-01  3.47967336e-02 -2.92258889e-01
  6.60159895e-01  2.00476447e+00  7.05577842e-01  1.12270545e+00
 -4.01890079e-01  3.65328033e-01 -1.33074887e+00 -2.49892806e-01
 -4.26398908e-01 -5.44393202e-01 -4.90698206e-01 -7.69410330e-01
 -3.45414506e-01  5.14884462e-02  6.22871194e-01 -2.32079815e-01
  1.99907693e+00 -1.25943079e+00  1.94587872e+00  9.49065502e-01
  1.50996132e+00 -8.56651773e-01  7.70309458e-02 -9.17702354e-01
  1.03557633e+00 -1.51516769e+00  1.09009147e+00 -4.90644231e-01
  1.38192600e-01  7.79346285e-01  1.32192269e-01 -7.28136614e-01
 -9.12243122e-02  6.73273752e-01 -1.67218429e+00 -3.96793378e-01
 -1.91931397e+00  9.98777337e-01 -8.97305345e-01  1.40475872e+00
 -1.57529301e-01 -1.16485573e+00 -3.00433654e+00  1.10591444e+00
  7.04750538e-01  1.22637874e+00 -1.38538633e+00  6.23184969e-01
  1.67533542e+00  1.01157261e+00  4.94070710e-01 -2.80644597e-01
 -1.90759526e-03  5.41797516e-01 -1.22042915e+00 -1.57900865e+00
 -6.79716046e-01  2.46804249e-01  8.68912017e-01 -1.55255053e+00
 -1.94130933e+00  1.39745350e+00 -7.22303418e-02  2.15319221e+00
  2.01716138e-01  6.64737877e-01  4.28011073e-01  1.10280193e+00
  2.38491734e+00 -6.49162124e-02 -6.60858080e-01  6.48759908e-01
  1.85364742e-01 -5.20060086e-01 -1.33525719e-02  6.65959829e-01
 -4.84838687e-01 -1.77050942e-01 -7.04836267e-01  4.15844321e-01
  5.39445818e-01  4.48971663e-01  8.45777427e-02 -1.07604424e+00
  1.62077712e-01  6.54361176e-01  2.02909090e-01  8.40295333e-01
  9.87037634e-01 -1.15639272e+00  1.59366248e+00  1.48985356e-01
 -2.41459968e-01 -1.58439837e+00 -1.26950092e-01  2.08386644e+00
  2.88097571e-01 -5.73668927e-01  1.74170510e+00  6.33063326e-01
  7.59693843e-01  1.32321244e+00  9.43051466e-01  3.24640349e-01
  6.61118090e-01 -2.04520361e+00 -1.12961839e+00  9.45800157e-01
  8.33394341e-01 -6.03692493e-02 -2.05366752e-01  1.77027683e+00
 -4.78543353e-01  6.14252749e-01  1.16803647e+00 -8.81235537e-01
  2.92861958e-01 -1.92401994e-01  7.53621786e-01 -2.11705281e-01
  6.01481077e-01  8.03782585e-01  1.80224562e+00  1.86640815e+00
  6.98865821e-01 -1.77032403e+00  5.65127357e-01  2.15035731e+00
  1.25598551e+00 -1.15508940e+00  6.73850254e-01 -5.58898692e-01
 -2.78164173e-02  1.32959173e+00  1.36960050e+00 -2.29823712e-01
 -1.26764281e+00 -7.25226309e-01  9.55751041e-01 -8.73879810e-01
 -5.95775754e-01 -1.13012784e+00 -1.98384644e+00  7.19842460e-01
  1.04548265e+00 -2.96967600e-01  1.94672396e+00 -1.50015409e+00
  1.02371563e+00 -3.93618180e-01 -3.77881267e-01 -9.17536416e-01
 -4.23337629e-01 -5.09983776e-01  6.10720476e-01 -4.06281212e-01
  8.81460699e-02 -6.71689250e-01  1.31382996e-01 -1.58474605e+00
 -7.45110214e-01  1.47972116e+00 -6.91774468e-01  1.86542081e+00
  1.81640248e+00 -2.05121091e-01 -3.59715648e-01  2.71457094e-01
 -5.87285588e-01  9.51836770e-01 -8.58911292e-01  1.72073906e-01
  9.79545730e-01  4.29751472e-01  3.52432316e-01 -6.81039401e-01
  6.26824008e-01 -3.06569941e-01  2.93775769e-01  1.34425586e+00
  5.91435278e-01 -1.45738556e+00  6.93658404e-01 -4.99576145e-01
  1.08161098e+00  1.03479292e+00  2.64358719e-01  1.27922007e+00
  1.33401092e+00  1.03501340e+00 -1.27095521e+00  3.35201526e-01
 -1.89601258e+00  4.63078044e-01  1.85692919e+00 -1.54954962e-01
  1.59368413e-01 -7.80777667e-02 -4.67981659e-02 -1.71577870e-01
  1.65975466e+00  1.74111891e+00  1.06704520e+00 -6.61130907e-01
 -9.63222462e-01 -1.65625709e-01 -1.09441370e+00 -1.42174682e+00
 -4.66791093e-01 -2.21319464e-01 -4.29951387e-01  4.01221076e-01
  2.69623607e-01 -6.43086452e-01  7.17077668e-01 -8.01618058e-01
 -5.31829894e-01 -1.04980526e+00 -5.01685896e-01  4.05990743e-01
  4.44448301e-01 -1.40103303e+00  2.04217780e+00 -1.12787757e+00
  5.22037454e-01  1.82970494e-01 -1.58734783e+00 -1.81300893e-01
  8.29928284e-01  1.29625844e+00  4.42404401e-01  6.82459513e-01
 -5.26879395e-01 -8.86311581e-02 -2.43385672e-01  2.25179385e+00
 -2.83949993e-01  1.81375768e+00 -2.48217353e-01  1.06366224e+00