 8.90151587e-01  7.97273888e-01 -6.58255481e-01 -7.54585787e-01
  2.19481359e+00  5.33860853e-03  8.33983617e-01 -2.60532712e-01
 -2.48700641e-01  3.62124253e-01 -7.47899919e-01 -7.98743746e-01
 -7.67567965e-01 -5.87092669e-01  2.61840300e-03  1.43968707e-01
 -1.04783641e+00 -5.14983667e-01 -9.42691671e-02  4.18153908e-01
  1.64988205e+00  9.89271329e-01 -7.61781792e-01 -9.11367148e-01
 -1.25519444e+00 -2.64099093e+00 -3.05099894e-01  1.64046124e+00
  1.25700013e+00 -1.28386070e-01 -7.13093522e-01  1.77458972e-01
 -1.31134888e+00 -7.08083356e-01  6.19173259e-01 -1.19678700e+00
  7.41921402e-01  3.72810970e-01  1.62518419e-02  6.23028060e-01
  1.62609607e+00 -4.80740973e-01 -2.55574844e-01  5.70609478e-01
 -8.45904272e-01 -4.01632782e-01  5.02957660e-01  3.59985272e-02
  1.70172766e-01  1.22194680e+00  6.87998918e-01  1.14632202e+00
  5.05072107e-01  5.85584850e-01 -3.22113980e+00 -1.22827162e-01
 -5.39756729e-02 -1.63880168e+00  1.62248116e+00 -3.58096287e-02
  1.78756097e-01 -1.85421509e-01 -6.70200417e-01  1.52685769e+00
 -1.45441227e+00  1.02881768e-02  6.43133139e-01 -8.78078301e-01
  1.10020538e+00  4.12913831e-01  1.41473439e+00  9.09297752e-01
  6.17993293e-01  1.36737745e+00  1.01704753e+00  6.34886363e-02
  8.58722417e-01  4.39040279e-01 -7.14493313e-01  1.35464614e+00
 -1.80813569e-01  7.06495662e-01  7.11891398e-01 -4.24088856e-01
 -2.89167211e-01  2.20148948e+00 -1.54967192e+00  4.05817200e-01
 -1.67842330e-01  1.68337611e+00  1.38546604e+00  4.64728787e-01
  1.46188015e-01  2.51416596e-01  3.50238560e-01  1.17067271e+00
  1.29174930e+00  7.13033755e-01  6.07872615e-01  5.03248793e-01
 -8.29717923e-01 -8.00252085e-01 -1.22061727e+00  7.88433712e-01
 -2.57180836e-01  3.56758871e-01  2.54925733e-01 -1.36721982e+00
 -4.55906404e-01 -1.00344721e+00  1.10017049e+00  3.78519354e-01
  1.22237586e+00 -1.49314639e+00  5.10388709e-01 -1.17571092e+00
 -2.20985259e-01  6.58474120e-01 -1.61526534e-01 -1.91510883e+00
 -1.75563748e+00 -6.85030357e-01  3.29290550e-01  6.80939535e-02
  5.44173740e-01  4.69221098e-01  7.07807973e-01 -2.16731231e+00
 -2.51760034e+00 -6.52615305e-01 -1.55208339e+00 -2.10662752e-01
 -1.81469397e-01 -1.31239075e+00 -1.39372586e+00 -1.30503649e-01
  4.50829343e-01  3.94728213e-02  2.82270842e-01 -1.11539159e+00
  1.18955031e+00  1.87867900e-01 -9.54612532e-01 -5.52324123e-01
 -7.64996341e-01  7.83105279e-01 -1.78868345e+00  1.30120022e+00
 -1.04959884e+00  8.52293796e-01  1.38517203e+00 -8.38112197e-01
 -1.78574667e+00  1.20442283e-01  7.22649096e-01 -2.24554686e-02
 -1.15406090e+00 -3.16273570e-01  3.47424336e-01  2.23211407e+00
  8.82685091e-01 -3.46909393e-01 -7.73943373e-02 -4.17353792e-01
 -1.37067515e+00 -1.30754793e+00 -3.84591993e-01 -7.45206818e-02
 -1.29602754e+00 -8.41835925e-01  1.05098534e+00  9.68497546e-01
 -5.20471234e-01  3.57294516e-01  1.09879316e-01 -1.06001731e+00
  1.77539356e+00 -1.51257639e+00  1.49581016e+00  1.02021709e+00
 -1.15247798e+00  2.04036369e+00  4.97806822e-01  5.82662903e-01
 -1.63458930e+00 -6.27883823e-01 -6.25203520e-01 -1.13995835e+00
  6.04878980e-02 -2.78170567e+00 -4.62655302e-01 -1.30102440e+00
 -1.95440456e-01  1.73026932e-01 -1.30893764e+00  6.90201685e-01
  1.29583415e+00 -2.91132819e-02  1.02734710e+00 -1.77674799e+00
 -9.62833743e-03 -5.35523260e-01  1.08036676e+00  5.81241978e-01
  9.67305042e-01  1.49281148e+00  2.80537075e+00  4.46325091e-01
 -4.83949896e-01 -8.12032454e-01  7.44515087e-01 -1.20481145e+00
  8.00215545e-01  3.17114122e-01 -6.35117218e-01  3.00468352e-01
 -1.80714046e-01  9.70100515e-01 -7.11116107e-01  1.37777486e+00
 -9.64442095e-01 -7.57859931e-02 -2.91411729e+00  6.14599978e-01
 -3.53015841e-01  2.67123830e-01  1.80113750e-01 -5.41591941e-01
  3.94361087e-01 -3.29457864e-02 -5.70341486e-02 -9.23376942e-01
 -4.45676732e-01 -4.47140263e-01 -2.81342836e+00  1.71910402e+00
 -5.76444206e-01 -3.08949545e-01 -1.14964195e+00  3.57917452e-01
 -1.30410893e-01 -5.64638572e-01 -5.87787481e-01 -7.55520939e-01
 -1.64510806e-04  1.81025952e+00 -1.77760595e+00  1.52670938e+00
  2.44699580e-01 -1.51357922e+00 -1.34564953e-01 -2.78623687e+00
 -1.04024056e+00 -1.75813520e-01  7.04590653e-01 -4.17236376e-01
 -1.39141076e+00  1.16838501e+00  2.50490482e+00 -3.99982509e-01
  5.19737797e-01  2.56334039e+00  2.37591950e-01 -8.63127635e-01
 -5.71845144e-01  1.43781086e+00  1.11751616e+00  1.53703345e+00
  1.44597028e+00  4.46141370e-01  6.63047511e-02 -9.56066133e-01
 -4.23711434e-01 -9.49088296e-01  1.07140855e+00  1.54477098e+00
 -1.18140410e-02  1.71023427e+00 -9.77773834e-01  7.18317925e-01
  9.52730962e-02  1.08741082e-01  4.27216526e-01 -9.04972001e-01
  5.08835233e-02 -1.29022977e+00 -7.67493124e-01  1.06827953e-01
  3.73592029e-01 -2.18038371e+00  1.39270044e+00 -6.88639675e-02
 -2.53094623e-02  1.06249079e+00 -8.04600637e-02  5.33446954e-01
  1.46386342e-01  1.88873251e-01  5.58945557e-01  1.51826196e+00
 -1.51998642e-01 -1.71321837e-02  8.92632129e-01 -6.07636684e-01
  1.33844186e-02  5.02909595e-01 -1.11867663e+00  7.82674253e-01
  1.18556184e+00 -7.59229933e-01 -3.76421949e-01  1.94239189e-01
 -1.19598383e+00  1.63935066e+00 -5.61682962e-01 -7.28626436e-01
  5.65623302e-01  2.52647990e-01  4.34269135e-01  1.02840088e+00
  3.75286994e-01  1.17889703e+00  7.53435071e-01 -5.17438151e-02
 -1.07189846e+00  5.43026694e-01  4.75499694e-01 -1.30382883e-01
 -2.19452170e-01 -2.15280385e+00  1.90136390e-01  1.55915162e+00
  1.09432024e+00 -1.64753544e-02 -5.20721489e-01 -8.66809804e-02
 -5.52659869e-01  1.25769648e+00 -7.35579440e-01 -6.12370265e-01
  4.30740401e-01 -3.76161097e-01  3.59810611e+00  1.23854045e-01
  3.17269974e-02  6.86075226e-01 -3.15489154e-01 -4.10357542e-02
 -1.91179295e-01 -1.69841553e-01 -1.84126463e+00 -4.43953701e-01
 -1.85983807e+00  1.95110093e-01 -9.00641936e-01 -1.07360075e-01
 -4.81059090e-01  1.61157272e+00  1.29633246e+00  1.21096594e-01
 -8.48957601e-02  1.30356513e+00 -8.56114425e-01 -4.94706165e-01
  1.24510014e+00 -3.40690080e-01 -3.72032391e-01 -4.52288694e-01
 -4.12647757e-02  1.16838839e-01 -6.78120397e-01 -1.13909590e+00
  2.49411036e+00  9.47289889e-01 -4.18773218e-01  1.55233837e+00
  1.50158369e-01  1.82399134e+00  1.11986541e-01  3.63984995e-02
  1.71555078e-01 -4.37935491e-01 -4.35102490e-01 -3.09218856e-01
  9.81608617e-01  3.41240337e-01  4.03473834e-02  3.85857890e-01
 -5.22932324e-01 -1.92288777e-01  1.45496201e+00 -1.65172134e-01
 -1.76757370e+00  2.71345809e-01 -6.86244634e-02 -1.17638152e+00
 -1.57090883e+00  4.98624175e-02  3.50548834e-01 -1.55781955e+00
  7.93679559e-01  1.40213549e+00  5.02441531e-01  8.38639062e-01
 -1.29759789e+00 -5.30443273e-01 -8.56169111e-01  3.68864506e-01
  5.10451156e-01 -1.52313194e+00  2.13659445e+00  6.14203732e-01
 -1.44453796e+00 -9.31216405e-01 -1.90126403e+00  1.03579388e+00
 -6.64304094e-01  3.19046533e-01  2.56509501e+00 -4.10220979e-01
  1.04786594e+00 -2.07992337e+00  2.69549699e-02  4.26420897e-01
 -2.85172820e-01 -2.58301957e-01  1.94389125e-01  5.53594792e-01
 -1.24840899e-01 -7.14471690e-01 -1.66083715e-01 -1.81979512e+00
 -1.59604320e+00  1.31980950e+00  8.93215203e-01 -2.30399543e-01
 -8.07753644e-01  1.27307331e+00 -2.37131599e-01  4.83049171e-01
 -9.31625845e-01 -4.72233379e-01  4.16442754e-01  2.11407782e-01
  9.35530692e-01  1.62477558e+00 -6.17003361e-01 -2.54062840e+00
  6.34443173e-01  4.68004883e-01 -6.60548462e-01  1.64989386e-01
  1.32666070e+00  1.31376092e+00  7.95662561e-01  3.91955779e-01
  9.56878076e-01 -7.24932835e-01  2.66052368e-01  2.51209703e-01
  1.01442680e+00  1.85177084e-01 -5.19135587e-01  5.17266311e-01
  6.76301011e-01 -6.37121535e-02  7.01093336e-02  9.96526487e-02
  1.29586888e+00 -8.95400841e-01 -9.30922911e-01  2.28780963e-01
  7.84317263e-01 -1.02750421e+00  3.10345709e-01 -2.10798830e-01
  4.24748317e-01  6.88212577e-01 -1.28242779e-02  2.91820798e-01
  1.82978491e+00 -5.54608127e-01  1.92453867e-01 -1.57538323e-01
 -6.18221921e-01 -1.85288900e-01 -8.46707402e-03  1.72521138e+00
 -6.94574538e-01 -5.87810473e-01  1.27050800e+00 -1.49251069e-01
  1.89455880e+00  2.73454475e-02 -1.93252334e+00 -1.48226849e-01
  2.57729872e-02 -5.30004232e-02  5.86525150e-02  7.40613125e-01
  2.33394190e-01 -2.56273522e-01  5.22757037e-01 -1.67684769e+00
  8.61922050e-01 -1.74534675e+00  1.65826544e+00  5.21097871e-01
 -8.39001081e-02 -9.15446475e-01 -1.74613921e+00  5.84359606e-01
 -2.54109233e+00 -2.89987450e-01 -1.40413542e+00 -1.22561776e-01
 -1.04088155e+00  2.21109333e+00 -5.88543488e-01  6.28779707e-01
 -8.90613232e-01 -1.68118206e+00 -1.20662423e+00 -3.32128748e-01
  6.49828300e-01 -2.72156962e-01  4.68362940e-02 -1.39607841e+00
 -4.90879841e-01  5.62414469e-01 -1.20196637e+00 -7.72085308e-02
 -1.37597753e-01 -5.95414268e-01 -1.33505968e+00 -4.92082519e-01
 -1.91115632e+00 -4.19958078e-01  2.09778843e+00  9.98635343e-01
  2.22942290e+00 -6.77723513e-01  3.98499419e-01  8.13695479e-01
  7.22521451e-01 -8.05797745e-01 -2.04833708e+00 -2.32670603e-01
  1.01576642e-01  3.93223123e-01 -1.55877167e+00  8.09775514e-01
 -4.30059566e-01  2.00673749e+00 -1.06028686e+00 -2.05754904e+00
  1.02032367e+00  1.10810635e+00  6.56401435e-01  7.33544123e-01
 -9.07192157e-01 -6.18433803e-01  1.93626436e+00  7.60052991e-01
 -1.28093904e+00  2.27244047e+00 -5.35544756e-02 -1.45726249e+00
 -1.73845974e+00 -1.01341211e+00 -1.91488408e+00  3.30202866e-01
 -7.02778654e-01 -7.16376264e-01 -1.33201525e+00  1.26018578e+00
 -3.22699520e-01  1.09009459e+00 -3.11014732e-01  1.56889098e-01
 -5.17985561e-01  1.40972054e+00 -1.22093564e+00 -1.46013917e+00
 -1.03284062e-01 -1.08361391e-01  1.88348888e-01 -8.62837889e-01
  1.02665404e-01  1.17619186e+00  1.30576808e+00 -1.22013044e-01
  5.40031269e-01  3.67445779e-02  7.89375274e-01  7.18935083e-01
  1.51312362e-01 -1.43423651e+00 -4.13309837e-01 -7.88835081e-01
  1.19828170e-01 -3.91925909e-01 -1.33713329e-01 -8.10622607e-01
  4.52860814e-01 -3.04467438e+00 -2.89894556e-01 -1.04424734e+00
 -7.92151866e-01  8.37788611e-01  4.88226890e-01 -3.46393625e-01
 -8.56731573e-01 -3.88912229e-01  1.45490401e+00  7.07823739e-01
  1.03686195e+00 -5.49724844e-01  1.22491969e+00  1.86182655e-01
  3.01519469e-01 -6.69317140e-02 -6.23526232e-01  1.11965418e+00
  6.39931406e-02 -8.33301328e-01  1.60871040e+00  1.40032771e+00
  3.21068440e-01  2.81912731e-01 -7.84814947e-01 -1.61638276e+00
 -4.39602194e-01 -2.00429619e+00 -6.27870266e-01 -7.36028471e-01
 -8.81751724e-02 -2.96066638e-01  2.72124192e-01  2.65222361e-01
 -3.48236306e-01 -2.35055035e-01 -1.51500713e-01 -1.99066858e-01
  8.68437529e-01  6.01562836e-01  3.53164702e-02 -1.95563387e-02
  2.28457339e-01  7.67499174e-01 -1.14877217e+00  6.76569204e-01
  4.37731756e-01  1.03496281e+00  1.68550231e+00 -4.70703048e-01
  6.63760108e-01 -5.71662241e-01 -1.18087060e+00 -1.02525887e+00
  4.58502802e-01 -5.40634295e-01  5.60937639e-01  1.17527245e+00
 -6.05709403e-01 -2.93835364e-01 -3.36231218e-01  7.97436006e-01
  8.68710832e-01  1.18942017e-01 -1.56592483e+00  1.25487704e+00
  1.29393497e-01  9.58222639e-01 -2.92199388e-01  2.49520608e+00
  1.55375401e+00 -2.88902568e-01  1.47176350e+00 -3.76745490e+00
 -2.37114226e-01 -7.65439879e-01  5.03061845e-01  6.24511451e-01
 -3.14442018e-01  1.04551040e+00 -1.84792463e+00 -1.45410956e-01
  5.09134576e-01 -4.48759766e-01 -7.50730902e-01  3.11093058e-02
 -1.30094115e+00  6.82241948e-01 -5.27124622e-01 -8.77190998e-01
  2.78801919e+00  4.53390114e-01 -3.00325105e-01  9.95233530e-01
 -6.89664192e-03 -1.94432266e-01  1.70568847e+00 -9.52899908e-01
 -2.16336914e-01 -7.51807170e-01 -2.95936321e-01 -1.38454157e+00
  4.03838849e-01  8.77712906e-01  2.13771174e-01 -2.12732065e-01
  1.74078299e-01 -7.23069237e-01 -1.40725092e+00 -1.48986648e+00
 -1.06670501e-01 -2.12766085e+00  5.78250178e-01  1.39049460e-01
  7.66629077e-03 -1.38859744e+00 -1.73040935e-01 -8.02906321e-01
  5.40577183e-01  9.10470970e-01 -1.38053814e+00  7.27433689e-01
  9.48459928e-02  3.35530401e-01 -1.15126244e+00  1.41461438e-01
  5.28126963e-01  9.62837749e-02 -1.54303719e+00 -4.96861907e-01
 -1.39748308e+00  9.74372928e-01 -8.92832422e-01  1.94276106e-01
 -1.27375005e+00 -2.63221236e-01 -3.74727774e-01 -5.58083879e-01
  2.34698175e-01 -1.11147690e+00  1.69024878e+00 -8.19188964e-01
 -7.32035373e-02 -1.11849180e+00  1.70897912e+00 -1.25372234e+00
  4.52719669e-01 -1.04573508e+00 -1.50078229e+00  2.98546885e-01
 -1.48617827e+00 -1.12262134e+00  7.59284037e-01  1.11281231e-01
  1.10855373e-01 -3.00240694e-01 -5.73276211e-01  6.08657367e-01
 -8.46157174e-02 -3.17720334e+00  1.84977440e-01 -9.93408583e-02
  9.24703031e-01  8.39592030e-01 -2.42286051e-01 -5.46820903e-02
  1.01096717e+00  2.44964984e-01  2.35424560e+00 -1.46609180e+00
  1.45051565e-01  4.87982964e-02  4.36823015e-01 -4.63755523e-01
  1.64733551e-01 -1.61523259e-01  1.95658457e+00 -8.01761116e-01
 -9.86971435e-01 -1.40949113e+00 -1.33356179e+00 -7.11426687e-01
 -1.36078431e+00  1.87503744e+00 -1.44917347e-01 -1.30385569e+00
  8.38529394e-02  2.22690590e+00 -2.03707822e+00 -4.01625727e-01
  2.81420972e-02  1.42370642e+00 -1.71925740e+00  9.26042880e-01
 -1.44683514e+00  8.19328908e-01  7.65918912e-01  1.34006182e+00
 -8.25462271e-01  8.53165191e-01 -1.10577060e+00  6.65917720e-01
  8.53710973e-01 -9.03570304e-01  4.06194302e-01 -1.23199935e+00
 -7.83784449e-02 -1.20365731e+00  2.10464817e+00  7.84666367e-01
  1.55290112e+00  8.56513803e-01 -6.88345737e-01 -5.57627350e-01
  2.70000895e-01  2.97398187e-01 -1.02057365e+00  4.08336156e-01
  3.51012759e-01 -9.56172791e-01 -3.00975008e-01 -6.75762848e-01
  1.77098180e+00 -3.66207813e-01 -2.65110789e-01  8.37400179e-01
 -4.67207261e-01 -7.71304304e-01  2.65478155e-01  8.83004465e-02
  4.54739091e-01  1.46534192e+00  4.51473524e-01 -2.18680678e-01
  9.59192137e-02  1.52282383e-01 -3.02049885e-01 -3.58878461e-01
 -3.76686931e-01 -1.43081317e+00  1.20936557e+00 -2.96551917e-01
 -9.68349909e-02  3.01520882e-01 -1.74782620e+00 -2.02889380e+00
 -7.54606970e-01 -7.93171066e-01  3.69157441e-01 -5.16319539e-02
 -7.50189909e-01 -1.17965210e+00  6.07011189e-02 -3.21692017e-02
  8.64998715e-01 -7.71314353e-02 -4.81717974e-01  1.07165592e+00
  3.17819617e+00 -1.85977794e-01 -1.34358706e-01  1.51812866e+00
  9.10661885e-01  1.58313469e-01  1.07381688e+00  3.31670142e-01
 -3.42235848e-01  7.79197251e-01 -6.37476379e-01  6.71637929e-01
 -3.79350183e-01 -8.49811905e-01 -5.77568220e-01  1.13250940e+00
 -7.29497894e-01  1.53575358e+00  1.06223947e-01 -5.63660056e-01
  7.57825882e-01  2.44689112e+00  1.96357502e+00 -1.16367141e+00
 -2.20794714e-01  3.14005976e-01 -1.51767443e-01  4.44732232e-01
 -1.40969154e+00  8.39125344e-01 -1.18499576e+00  1.65121105e+00
 -8.59454102e-02 -1.79141253e+00 -1.35325681e+00 -1.70165742e+00
  6.13674135e-01 -5.14635249e-01 -1.71966814e+00  4.94059603e-01
  4.19360641e-01 -5.57484474e-01 -6.27580689e-01  2.97329302e-01
  2.58205879e-01 -8.30566389e-01 -1.40793241e+00 -1.94204802e-01
 -8.63085770e-01 -2.97754319e-01 -3.93675857e-02  2.20101984e+00
  1.17073111e+00  1.56253007e+00  1.21475201e+00 -1.17527070e-01
 -2.12819944e+00 -6.16465085e-01  1.83625949e+00 -1.33194083e+00
 -6.29381071e-01  1.30105667e+00 -1.59864776e+00 -3.06216626e-01
  5.36265851e-01  2.13905534e+00  7.69711490e-01 -2.45058371e+00
 -4.73557169e-03  1.01895898e+00  1.69093652e+00  3.16683975e-01
  1.59982874e+00  1.36758320e+00 -2.83101792e-01 -9.42474802e-01
  9.60810347e-01  3.14257043e-01 -1.57101122e+00  6.08116973e-01
  1.35805117e-02 -4.07781989e-01 -1.37441208e+00 -2.33637801e-01
 -1.77703274e-01 -1.02551653e-01  3.98174034e-01 -9.33731639e-01
  1.02791895e+00  5.72236041e-01  4.55934507e-01 -4.54009470e-01
  4.30056300e-01  1.63965186e+00 -7.45985278e-01  1.16586500e-01
  1.24203858e+00 -5.67507304e-01 -3.02560877e+00 -2.43948364e-01
  4.41269056e-02  1.36800231e+00 -2.56954088e+00 -1.73871635e-01
  1.52874502e-01 -3.08039532e-01  6.85495474e-01 -6.61364107e-01
  5.85490714e-01  5.59930674e-01 -7.19626759e-01 -5.06180554e-01
  6.82154592e-01 -4.65556458e-01  2.24763156e-01 -1.86403674e+00
  1.29304040e+00  2.11341990e-01  3.34144386e-01  7.28866440e-01
 -8.78866876e-01  2.03414311e+00 -1.06504222e+00  3.77486874e-01
  1.95029310e+00 -5.89444570e-02 -2.03671526e-01 -9.78552343e-01
 -5.09554630e-02 -1.45542485e+00 -7.11177124e-01 -7.31773696e-01
  3.05840785e+00  1.56128902e-01 -4.21913407e-02 -5.23690785e-01