-5.78160549e-02  4.82793236e-01  8.96530162e-02 -1.44375616e-01
  4.22878787e-01 -1.23257751e+00  6.16971426e-01 -2.16339030e-01
 -4.11932738e-01  1.25644009e+00  2.40609483e+00 -2.07398713e+00
  1.24433761e+00  3.02423560e-01  1.12808279e+00 -5.00881362e-01
 -1.12167359e+00 -6.84654051e-01  2.24175952e+00 -1.45739473e-01
  2.34012560e+00  1.86395825e-01 -5.57236015e-01  6.76550265e-01
  4.96384609e-01  1.95075678e-01  8.56445803e-01  1.47987983e+00
 -1.71763389e+00  1.71804440e+00  7.42721012e-01 -2.30326740e-01
  8.86178428e-01  6.65277903e-01 -1.19584167e+00  8.37983321e-01
 -8.23946643e-01  1.02963359e+00  1.62002528e-01 -1.07973177e-01
  5.69658129e-01  5.66297466e-01  9.77694425e-01  6.06609775e-01
 -4.50199005e-01 -4.37607613e-01  1.15378953e+00 -1.07298060e+00
 -2.15413749e+00  1.12303403e-01  5.78979895e-01 -7.79049658e-01
 -3.88387768e-01  1.10421057e+00 -1.41886941e+00  1.93400010e+00
  2.31945638e-01 -1.31612375e+00  9.13903216e-01 -6.01676875e-01
 -1.49893511e+00  1.76177392e+00  9.97831140e-01  1.54942826e+00
  5.99797530e-01  1.15056464e+00  1.61722987e+00  3.63060706e-01
 -1.27482431e+00  1.92804797e+00 -2.35260037e-01  1.99904815e-01
  3.05688097e-01 -2.01641817e-01 -7.14938708e-01  1.11664847e+00
  6.52170932e-01  1.64726427e+00  1.75879772e+00 -4.96220616e-01
 -2.11845100e+00 -2.07058464e-01 -3.67220383e-03  3.93450396e-01
  5.69721919e-01  1.96796721e-02 -1.46130759e+00  5.99069697e-01
  4.69171832e-01 -2.05110986e-01 -4.69080508e-01  2.80106358e+00
 -4.32344037e-01  1.02570190e+00  1.76356766e+00  1.31571144e+00
 -1.08587413e+00  3.53330887e-01 -7.52230292e-01 -2.11934939e-01
  1.24501440e-01 -9.25186648e-01  4.56294740e-01 -1.62441414e+00
  2.85652063e-01  1.91160587e+00  1.20875759e+00 -6.92715003e-01
  7.55267405e-01 -7.83614652e-02 -6.96877512e-01  1.00298216e+00
  2.25263793e+00  7.81543811e-01 -3.45947931e-01  3.26303373e-01
 -1.01452464e+00  8.90649399e-03 -3.35715322e-01 -1.10326221e+00
  8.95825524e-02  1.68427205e-01  1.25938242e+00  4.00422066e-01
  7.20296278e-01 -2.14482918e+00  9.36397147e-01 -1.91198055e+00
  1.36456729e+00  3.21423984e-02  4.63263094e-01 -2.10506399e-01
 -6.18622062e-01 -4.66292431e-01  1.09972609e-01  2.00968642e-01
  8.47783589e-01 -8.72919308e-02  4.85561969e-01 -2.24105849e-01
 -4.83479649e-01  6.97001235e-01  1.29888578e-01 -4.56202251e-01
 -1.22435636e+00 -1.50453638e+00  9.19337592e-01  1.12154497e+00
  6.00742813e-01 -1.15797709e+00  4.91669621e-02 -5.17254229e-02
  1.44641733e-01  2.04242747e-02  5.82408676e-01 -4.05221667e-02
  1.07266553e+00  1.55341006e+00  4.68432871e-01 -8.48264262e-02
 -2.41763976e+00  1.73299581e+00 -2.27251471e+00 -3.09566700e-01
 -9.44702902e-02  1.78324843e-01 -7.68980418e-01  1.75012159e+00
  7.47417883e-01 -5.78817494e-02  1.31214063e-01  6.62514953e-01
 -8.13541916e-01  1.92338353e+00  1.91731767e+00  6.47161247e-01
 -1.35665720e+00  4.59779120e-01 -1.19085763e+00  1.60276504e+00
 -7.58122290e-01  1.28511950e-01  1.19341868e+00 -6.54466802e-01
  1.22903159e+00 -9.21946397e-01  7.73287496e-01  3.01374914e-01
 -1.86091790e-01  7.21013084e-01  1.86164740e+00  7.34329027e-01
 -1.09229331e+00 -7.86127196e-01  1.00750063e+00  5.99256238e-02
 -6.67290824e-01 -1.35473829e-01 -3.59836671e-01  2.18566991e+00
  1.27193665e-01  4.97940678e-01 -2.79484020e-01 -1.25959463e+00
 -1.21326099e+00 -1.31849233e+00  3.06481641e-01 -8.33772887e-01
  4.45603715e-01  1.08345172e-01  1.46406204e-01 -4.49831990e-01
  6.37756067e-01 -1.36347736e+00 -1.14011299e+00 -7.45603159e-01
  5.21274946e-01  2.54769240e-01 -3.36536668e-01  8.50482554e-01
 -1.12527112e+00  6.55943579e-01 -2.06087869e+00 -7.51719398e-02
  5.32132574e-01  1.93197065e+00 -1.98682062e+00 -9.43003350e-01
  1.46451635e+00  1.11130557e+00 -5.39835998e-01 -1.40892393e+00
  4.08347993e-01 -9.22138886e-01 -1.28008997e+00 -3.67831722e-01
  1.33515366e+00  5.00988307e-01 -2.35242121e+00 -1.96974183e-01
  1.10447308e+00 -3.75544178e-01 -6.90634088e-01  5.48682052e-01
 -2.86768290e-01 -2.35249781e-01  7.10070581e-01 -1.91537582e+00
  8.67524424e-01 -1.11849901e+00 -4.18193842e-01  8.46786356e-01
  7.45983617e-01  7.86286057e-01  4.30468350e-01 -3.12651349e-01
  1.17085723e+00 -1.53654262e+00 -1.00055562e+00  8.85984288e-01
 -1.06499823e+00 -6.00716419e-01  7.72950877e-01  1.46950517e+00
 -9.74978213e-01 -7.39519104e-02  1.50835908e+00 -3.00081310e-01
  3.46553797e-01 -5.20483023e-01 -6.34773063e-01  1.04631670e+00
  1.97932811e-01 -1.50916282e-01 -3.06689631e-01 -9.17858299e-02
  6.17919932e-01 -1.96597529e-01  5.56336972e-01 -1.04353619e+00
  1.22915434e+00  7.08681195e-01 -9.16200657e-01  2.30013670e-01
  1.77022971e+00  6.49492294e-01 -9.56665527e-02 -1.12979776e+00
 -1.16393410e+00 -1.39367287e+00 -1.95284353e-01  7.72633293e-01
  2.02571177e+00 -1.00952604e-01  5.01816209e-01  1.80851364e-01
  1.68044456e-02 -4.36755751e-01  8.08410701e-01 -7.58440957e-01
 -1.56396312e+00 -9.78725142e-01  5.83929275e-01  4.52764550e-01
 -4.05204814e-01  1.78749358e+00 -5.73394577e-01 -6.84039132e-01
 -1.97874107e+00  7.03047316e-01 -1.97073035e-01 -1.36177222e+00
  4.54533326e-01 -9.39246861e-01 -1.50304721e+00 -4.27589513e-01
 -1.42258298e+00  1.73981541e-01 -1.30904107e+00  1.05695619e+00
  1.81147518e+00  1.24604325e+00  3.53473256e-01 -2.35760265e-01
  9.37351707e-01  1.09934937e+00 -2.22262471e+00  2.38176466e-01
 -2.61438360e-02 -6.90855346e-01  1.88269693e-01 -1.07892306e+00
 -1.82556466e-01 -1.04531699e+00 -1.70352681e-01  1.01545034e+00
 -1.68170721e-01 -2.35047383e-01  9.79707069e-01  2.11450320e+00
  6.50411330e-01  1.33787953e+00 -8.20986907e-01 -7.20622318e-01
 -1.10785438e-01 -6.78047787e-01 -1.60241184e-01 -7.51935543e-01
 -7.66312174e-01  4.28855632e-01 -7.64319356e-01 -2.80174959e-01
  9.30742047e-01  1.02222954e+00  4.67014064e-01 -1.52011457e+00
 -9.15044878e-01 -1.30689037e+00  4.28074946e-01  8.24970454e-01
  7.60306203e-01  7.77180823e-01 -1.52721081e-01 -1.54162197e+00
  1.22794698e+00  1.77250936e-01  4.84462231e-01 -7.48044396e-01
  1.47373611e+00  3.52398533e-01 -2.03904258e+00  1.05540784e+00
  1.04003116e+00  7.88232501e-01 -4.42586863e-02  9.42969414e-01
 -1.21918220e+00  2.41513516e+00 -5.38861621e-01  5.87600152e-01
 -1.92700257e-01 -1.02979492e+00 -1.08819454e+00 -6.77060156e-01
  1.66844644e+00  1.03209048e+00 -3.43905294e-01  2.36100976e+00
 -1.84761919e+00 -1.47871894e+00 -8.64378753e-01  1.43265643e+00
 -2.95915880e-01  5.29232060e-01 -2.88739093e-01 -6.88198249e-02
 -3.36278273e-01 -1.29967498e+00 -8.93996024e-01 -4.08839893e-02
 -1.12690427e+00  8.33498233e-01 -4.59313436e-03 -2.13209757e+00
 -2.61386854e-01  1.14026430e+00  1.38103201e+00  1.64230203e+00
 -1.20807777e+00 -2.56796767e-02 -4.51852595e-01 -9.13141378e-01
  1.21618890e+00  9.66906431e-01  1.03189656e+00 -1.55834261e-01
  1.06379291e+00 -1.90111180e+00  1.31615698e-01  2.23620074e-01
 -2.74564247e-01  3.85571679e-01  1.96387540e+00  1.32652077e+00
  4.06270616e-01 -1.08543359e-02 -5.43300838e-01 -3.45636525e-01
 -3.12109765e-01  4.40402566e-01 -1.07715132e+00 -3.14917488e-01
  4.75707929e-01  1.61349750e+00 -1.87624557e+00  4.98104276e-01
 -8.31414959e-02  1.70576976e+00  1.38680001e+00  6.12853656e-01
  1.08426649e+00 -7.03159167e-01  3.61533659e-01  3.14628798e-01
  1.03007242e+00 -1.09568464e+00  1.34999289e-01  3.14705130e-01
 -5.01279814e-01  7.95529895e-01  4.51948598e-01  1.30519686e+00
  1.49317259e+00 -1.11504387e+00  1.30130424e+00  4.30184897e-01
  5.19044895e-01  2.00866748e-01  1.43811934e+00  8.20833726e-02
 -1.57395456e+00 -2.04541319e+00  4.92704908e-01 -1.35963919e+00
 -1.36174229e+00 -4.99722800e-01 -6.07865996e-01  2.34553145e+00
 -9.69601436e-01  1.31551753e-01  8.73568188e-01  6.97414546e-02
  1.85736116e+00 -9.13201473e-02 -6.40820064e-01  9.24012525e-01
  8.12167082e-01  7.30512721e-02  1.33662612e+00  8.27905261e-01
  2.39048568e-02 -1.53817107e+00  9.49953794e-01 -9.17132525e-01
  6.21749269e-01 -6.69224994e-01  1.22212809e+00  7.01140960e-01
  1.51150889e-01 -4.06593877e-01  6.63749674e-01  3.24079884e-01
  8.52187838e-02 -9.51711454e-01  4.52913639e-01 -9.24940065e-01
 -5.65422753e-01  6.20229044e-02 -2.53229662e+00 -4.65638838e-01
  1.21924461e+00 -1.74447411e-01 -3.28407464e-02  1.24165393e+00
  1.54662319e+00  7.08012767e-01  6.75282172e-01 -9.21167690e-01
 -1.43021753e+00  1.82288799e+00  4.40582244e-01  9.70435440e-01
 -1.22786959e+00  1.01242674e+00 -4.76819549e-02  4.32166408e-03
 -2.60222975e+00 -3.15223340e-01 -9.12650057e-01 -4.46531595e-02
  7.71081935e-01 -8.56685500e-01  7.48789532e-01 -4.95713681e-01
 -7.46692514e-01 -1.17591635e+00  3.59483342e-01 -7.68019309e-02
 -1.12037677e+00 -1.26555226e+00 -5.06521421e-01 -2.28937743e+00
 -1.04180473e+00 -5.09834692e-03 -3.52466363e-02 -5.38199828e-01
  4.44959594e-01 -1.50394992e+00  3.05681602e-01 -6.00773644e-01
  5.60457934e-01  7.03856535e-01 -2.28646339e-01  1.64689294e-01
 -6.12838346e-01  4.38372020e-01 -9.09026230e-01 -4.92878215e-01
 -1.33114377e+00 -1.78128750e+00 -7.34052129e-01 -3.23311353e-01
  3.15513028e-01  1.13594338e+00 -2.08658871e+00 -2.23720636e+00
 -1.59201474e+00 -3.13815244e-01 -6.16257576e-01 -4.52365617e-01
  5.97748326e-01  4.54807936e-01 -1.06541968e-01  6.75303028e-01
  7.59627309e-01  4.92587265e-01  8.60161487e-01 -7.61028267e-02
  2.44013644e+00 -2.58218052e-01 -7.28022704e-01  4.50052806e-01
  3.05132180e-01  1.67123779e-01 -1.64166243e+00  3.56911122e-01
  1.10821695e+00 -1.11599492e+00  9.75016056e-01  1.24141532e+00
 -5.21261168e-01 -1.52180986e-01 -1.00292142e+00 -1.41982312e+00
  5.56318893e-01 -2.08206911e+00 -7.76577175e-01  2.45935534e-01
 -3.62415742e-01  1.10123079e+00 -9.11910958e-01  2.06870633e+00
 -1.00920053e+00 -1.07020195e+00 -8.30152898e-01 -1.00953261e+00
  1.02887549e+00  3.89679863e+00 -5.36274903e-01 -1.21345061e+00
  2.92441272e-01  1.36558434e+00 -1.98009625e-01 -1.10962128e+00
 -6.16174456e-01 -7.53827891e-01  1.20995034e+00 -1.91986962e+00
 -4.95063384e-01 -3.06130879e-01 -1.15943520e+00 -7.91146768e-01
  3.14679040e-01 -1.28056707e+00  2.85512163e-01  1.12031124e+00
  6.60484317e-03 -5.87714228e-01  1.06776136e+00 -1.21232114e+00
  6.98175979e-01 -1.76749072e+00 -1.81976746e-01 -1.01269517e+00
 -1.45400941e+00  1.40857575e+00  1.90541174e-01  1.41486550e+00
 -4.29413996e-01 -1.22674514e+00 -3.43602947e-01  4.66121848e-02
 -1.25870562e+00  6.67092273e-01  1.49485948e-01  1.42346280e+00
 -7.32469797e-01 -6.22239840e-01 -1.31293113e+00 -5.90360193e-01
 -4.98791458e-02 -9.23445057e-01  3.85682883e-01 -1.49882202e-01
  2.65656646e-01 -9.90239883e-01 -8.82059189e-01  1.08442592e+00
  5.50750296e-01 -1.73350269e+00 -5.78334751e-01 -1.67390217e+00
 -4.95987379e-01  1.57836735e+00  1.75735570e+00  8.40968822e-01
 -7.53423111e-01 -8.95617836e-01  5.19686430e-01 -4.00931968e-01
 -8.93490351e-02  4.60571829e-01 -1.31502250e+00  6.45117601e-01
 -9.12938950e-02  1.44346487e+00 -1.26968187e+00 -1.41346005e+00
  2.54804307e-01 -4.94302448e-01  1.36020016e-01 -2.28658568e-01
 -1.55803346e+00  1.24446397e+00  1.17623659e+00  2.30275813e+00
 -1.80489686e+00  1.21874135e-01 -7.83968506e-01  9.23940199e-03
  1.08758636e+00  9.45178503e-01 -4.16455077e-02 -7.89157238e-01
  4.07196979e-01  8.70647220e-02 -1.66824804e+00  7.95730486e-01
 -3.90377539e-01  2.79501308e-01 -1.43924354e+00 -1.19740161e-01
 -6.60203061e-01 -4.75961136e-01 -4.19578570e-01 -5.43644788e-02
  6.42636785e-01 -1.24570160e+00  2.29773653e-01 -7.06509245e-02
  1.99855172e-02 -2.81864523e+00  1.60437311e+00  1.20171175e-01
  6.79666406e-02 -3.88440666e-01  1.96245344e-01 -1.92007023e+00
 -1.50545788e+00  1.54454363e+00  1.80107570e+00  4.60575824e-01
  1.50825977e+00 -2.16304509e-02  1.44239709e+00  5.90657224e-01
 -2.13222609e+00  1.28146953e+00  2.86993210e-02  8.18863316e-01
  9.64243242e-01  1.17498943e+00 -2.21074417e-01  9.32722608e-01
  7.87515681e-01  2.27974177e-01  2.16312694e-01  1.62491628e+00
  5.98781954e-02  1.38316619e+00  1.63408301e-01 -8.39192067e-01
  7.75482080e-01  7.05784994e-01 -2.98142691e-01 -9.51711218e-01
  1.33955179e+00 -7.06903990e-01 -1.15669199e+00 -2.44865527e-01
  7.35742078e-01  4.80928154e-01  2.10778113e-01  1.31587067e+00
 -9.34752695e-01  8.60825195e-01  1.49580776e+00  5.28743968e-01
 -6.10637840e-01 -2.14592512e-02 -8.23474930e-01 -8.36099028e-01
 -1.46630574e-01 -1.63368459e+00 -1.11173540e-01  4.55157888e-01
 -5.63633263e-01  1.83826212e-02 -7.27513161e-01  1.05686625e+00
 -2.90227056e-01 -7.74043128e-01  1.73324845e-01 -2.54374995e-01
  5.37411314e-01  2.64590703e-01 -1.11498008e-01  3.43437337e-01
  7.01671820e-01 -1.20611489e+00 -4.40737691e-01  2.23068459e-01
  1.66520482e+00  6.35170116e-01 -1.10254576e+00  1.49913890e-01
 -9.58663029e-01 -1.05180826e+00 -4.28617280e-01  1.51380633e-01
 -8.59414075e-01 -1.28109292e+00 -5.44393059e-01  9.22706019e-01
 -1.63006661e+00 -1.37099624e+00  9.67350139e-01 -1.02574768e+00
 -1.18711694e+00 -6.26333507e-01 -7.97807154e-01 -1.95967593e+00
  1.95590553e+00 -2.08849035e-01  5.57433952e-03 -1.12995017e+00
 -1.43176955e-01 -1.60257900e+00  1.01272538e+00  2.30955169e-01
  2.82431507e-01  1.49914328e+00  2.40720473e-01  8.61788798e-01
 -3.83747084e-01 -2.73869302e-01 -1.05741493e+00 -1.00749622e+00
 -7.35146055e-02 -1.28367529e-01 -6.31435387e-01 -1.93396851e-01
 -4.32462347e-03 -1.25419334e-01  1.13182275e+00 -6.06637767e-01
 -1.93472853e-01 -4.95156759e-02  1.72709820e+00 -1.16487747e-01
  1.79363235e+00 -1.28297935e-01  1.26196089e+00  1.40922677e+00
 -5.94934623e-01  1.53799832e+00  9.73616046e-02  1.96415251e+00
  1.94535931e+00 -6.11332088e-01 -3.77023443e-01  1.05999020e+00
 -1.16414118e-01 -7.18198308e-01 -6.74083485e-01  7.50594889e-01
 -7.72922894e-01 -7.99223657e-01  5.70474207e-01  6.14900478e-03
 -2.86990951e-01 -1.95985061e+00 -2.21233146e-01 -3.24868820e+00
  8.08015441e-02  4.28937455e-01 -6.30234832e-02 -1.26450303e+00
 -1.11969235e+00 -7.29599858e-01  2.20093436e-01  2.42621443e-02
 -2.34083618e+00  2.29027188e+00 -3.43082043e-02 -8.17611002e-01
  4.02328356e-01  1.07998431e-02 -7.23852389e-01 -9.08254491e-01
  8.72333175e-01 -1.34113287e-01 -1.28246503e+00 -6.66205415e-01
  1.92947217e-01  2.78913407e+00  1.94342542e+00  2.57062902e-01
  1.04629812e-01  7.89708031e-02 -6.78509756e-01  1.09919495e+00
  1.11752373e-01  1.84235682e+00 -4.16478263e-01  5.64949585e-02
  1.90612813e+00  3.20697606e-01 -6.52346682e-01  1.14997065e+00
 -9.88555193e-02  1.50797697e-01 -4.73454295e-01 -1.41130230e+00
 -3.45561189e-01  6.00500491e-01 -3.74243958e-01  1.44062035e+00
 -3.93741591e-01  7.60806416e-01  1.66797919e-03  9.78175967e-01
 -6.69174602e-01 -1.90821226e-01  3.92687044e-01 -1.41851283e+00
 -2.28093085e-01 -3.55117760e-01 -2.86216016e+00 -8.59704284e-01
  1.04133314e-01 -1.42109488e+00  1.23113284e+00 -1.02811114e-01
  4.99439652e-01  1.12208501e+00  1.70077047e+00  2.15437623e+00
  1.49250166e-01 -4.85250274e-01 -8.59751052e-01 -1.60370296e+00
 -1.05731890e+00  3.31689701e-01  2.00132456e-01  9.46789912e-01
  2.33470483e+00 -3.44756348e-01 -9.77717303e-01  5.30633154e-01
 -8.22489831e-01 -2.37408951e+00 -9.91257647e-01  3.50121613e-02
  1.45946710e-01 -8.38765293e-01  1.30973386e+00 -6.03040472e-01
  6.08613759e-01  8.75907347e-01  6.31121870e-01 -6.90626646e-01
 -6.43859413e-01 -9.59968273e-01  4.55931205e-01 -6.31707029e-01
 -1.33701884e+00 -1.78716906e+00  7.28727121e-01 -1.71044134e+00
 -1.76685111e-01  1.41505099e+00 -5.38709415e-01 -5.44629552e-01
 -5.63429884e-01  5.33805043e-01 -9.17676971e-01 -1.46428825e+00
  1.61430013e-01 -5.63734296e-01 -6.01413641e-02 -5.51035674e-01
 -3.77360131e-01  7.63643543e-01  2.72990778e-01 -1.58035735e-01
  1.97110757e+00  4.24406286e-01  3.51356397e-01 -5.86093897e-01
  1.85277354e+00 -5.52297880e-01  6.22449579e-01  1.28377403e+00
 -1.08112952e+00  4.72248858e-01 -1.96700897e+00  1.64955723e+00
 -5.07770554e-01 -8.89667152e-01  1.36988155e+00  1.19985474e+00
 -1.41765044e+00 -8.54009813e-01  5.13957558e-01  1.81000127e+00
  5.25102136e-01 -1.33385039e+00 -6.04291112e-01  7.55339255e-01
  4.65320496e-02  5.05715285e-01 -5.45405263e-02  1.51913890e+00
 -3.12553729e-01 -1.65403571e-01  5.55310776e-01  2.54316162e-01
  5.06012763e-01  2.25736343e-01 -9.77295511e-01  5.04474666e-02
 -1.42992847e+00 -4.58402476e-01 -2.72617819e+00 -8.58458504e-01
 -9.19256230e-01  6.74137198e-02  4.01815233e-01  1.09889970e+00