-9.55022966e-01  4.36852413e-01 -8.19150046e-01 -2.40481162e-01
  2.12278066e+00 -5.80436346e-01 -2.77036864e-01  3.41589672e-01
 -1.42414960e+00  1.19960826e-01 -1.85863384e+00  7.15171174e-01
 -5.22448428e-01 -6.70046175e-01 -2.89901479e-01 -4.81004469e-01
 -7.35847416e-01  8.31945822e-02  1.30720196e+00  8.12755599e-01
  9.18454786e-01  9.11115846e-01 -4.02342015e-01  5.44230332e-01
 -2.52531918e-01 -6.67911774e-01 -3.75109366e-01  2.09204721e+00
  7.11601183e-01  1.97355144e-01  5.28580186e-01 -2.75798135e-01
  1.64758822e-01 -9.96203116e-01  3.55204030e-02  3.56997990e-02
  1.58834282e+00  7.86911205e-01 -5.94067560e-02 -3.15763384e-01
  1.03593592e-01 -2.42394233e+00  5.18477237e-01 -6.62381386e-01
  5.12862447e-01 -8.37000816e-02 -1.10311382e+00 -1.19408342e+00
  7.56458906e-01 -1.48435941e+00 -1.31229184e+00  5.95467360e-01
 -6.64203506e-01  1.11811360e-01 -4.45008993e-01 -8.01357536e-01
  8.70875271e-01 -1.19472863e-01 -9.31912622e-01 -5.29111336e-01
  2.71250823e-01 -3.09070473e-01 -2.74688394e-01 -4.10922862e-01
 -2.00679248e+00  1.09167264e+00 -1.52874122e+00 -1.43168575e+00
 -2.45344233e+00 -6.51997424e-01  4.54105178e-01  3.81437960e-01
  6.97093565e-01  1.98295101e-01  7.67393086e-01  1.55904014e+00
 -3.39122799e-01  1.46381882e+00 -1.27241865e-01 -1.12380008e+00
  4.54681980e-01 -1.05270976e+00  2.16053704e+00  1.21251997e+00
  6.64341218e-01 -5.15776751e-01  2.43383736e-01 -3.73055990e-01
 -6.68801672e-01 -9.63300968e-01  1.94683423e+00  8.53769082e-01
  9.08982186e-01 -1.75712000e-01  1.15184890e+00 -2.04157301e-01
  9.88837275e-01 -6.76723358e-02 -6.45856213e-01 -5.08764324e-01
  4.17454224e-01  1.52190082e-01 -3.22461520e-01  3.60719329e-01
  2.25347815e+00 -7.79311298e-01  1.51900021e-01  5.91619839e-02
  1.59821069e+00  4.50073288e-01 -2.88787459e-03 -1.15604928e+00
  8.32331017e-01 -2.21261854e-01  3.25030045e-01  4.65872333e-01
  1.03823893e+00  5.83938945e-01 -7.04828988e-01 -3.28510085e-01
 -2.77329022e-01 -1.69928466e+00  1.42608632e+00  6.96277402e-01
 -2.06257395e-01 -1.45588698e+00 -1.20672997e+00  1.28684675e+00
  3.38873143e-01  3.79066947e-01  2.93089267e-01 -1.31156151e+00
  1.62761898e-01 -1.73783302e+00 -9.75837785e-01 -1.57992836e+00
  9.61146864e-01  8.50992952e-01  4.86749259e-01  2.17071202e+00
 -1.88191261e+00 -1.24237807e-01  1.22082741e+00  1.71430679e-01
 -8.33496287e-01  9.57013236e-01 -1.05432683e+00  1.45640991e+00
 -7.72563189e-01 -2.70271960e+00 -1.28348158e+00 -4.54725125e-01
  1.40455968e+00  7.47118935e-01  4.88581090e-01  1.52482752e-01
  1.43776302e-01 -8.50988087e-01 -5.01033466e-01  5.99646799e-01
 -1.45993331e+00  8.29697950e-02 -4.75329321e-01  1.48006773e+00
 -1.74346217e+00 -2.01305972e-01  4.32096551e-01  7.83274509e-01
 -7.97512048e-01  7.74527893e-02  1.14294908e+00  1.68918040e-01
 -1.61092209e-01 -1.66784313e+00  5.39826776e-01  3.40049035e-02
 -8.28825215e-01  2.52563642e-01  2.98539153e+00  7.35846392e-01
  6.23458041e-01 -1.47880303e-01 -6.97489406e-01  7.68557863e-01
 -5.33640514e-01  7.18999212e-01 -8.40555527e-01 -1.08576947e-01
  5.29634243e-01  3.51480626e-01  4.05611529e-01  1.03537940e+00
 -1.44799930e+00 -1.70106582e+00 -1.13108597e+00 -4.49891745e-01
 -4.37516348e-01  1.74328325e+00 -9.16769228e-01 -8.95415772e-01
  8.90807043e-01  4.39020727e-01 -1.66565630e+00  4.74267894e-01
 -9.19157138e-02  8.38301329e-01  5.51099868e-02 -3.82344007e-01
 -4.39876634e-01  6.47169721e-01 -1.76111659e-01  1.89945635e+00
  4.87573845e-02 -2.29293728e+00 -6.17509412e-01  8.29775593e-01
 -6.15368162e-01  4.16065689e-01 -8.55597398e-02 -2.24248035e+00
  6.89631111e-01  1.14757423e+00  9.15856539e-01 -1.42867563e+00
 -6.85993699e-02 -3.66037639e-01  5.20774812e-01  1.91809427e+00
 -3.74749491e-01 -8.44932351e-02 -2.76766291e-01  8.08490524e-01
 -1.67785128e-01 -2.95036567e-01  2.15548919e-01 -1.45378040e+00
 -3.83952917e-01  7.28257401e-01 -3.04769338e-01  5.47312480e-01
 -1.34165733e+00  9.74067889e-01 -7.25578615e-02 -1.60396101e+00
 -1.95780322e+00  1.96147608e+00  2.23950092e-01 -7.83849887e-01
  1.04212483e+00  4.84281339e-01  2.19210897e+00 -3.93266786e-01
 -8.79029770e-01  1.54398095e-01  9.36209480e-01  1.86206950e-01
  1.25703409e-04  5.60984230e-01  1.84626184e-01  1.30675556e+00
 -9.23924959e-01  1.71088020e+00 -6.52420794e-01 -5.08719796e-01
 -1.90544544e-01 -1.14202452e+00  2.43818994e-01  2.69047424e-01
 -4.38688537e-01 -1.02157318e+00  4.30339017e-01 -3.82869410e-01
 -1.51257688e+00 -2.35945969e-01  6.49210018e-01 -1.22517236e+00
 -8.30662952e-01 -1.03871974e+00 -1.27493784e+00  6.23023468e-01
 -2.94806380e-01 -1.45715124e+00 -6.02203608e-01  7.47531762e-02
  3.16778836e-01 -1.21237643e+00 -1.12363522e+00  1.05345404e+00
  1.23234406e+00  2.20240673e+00 -1.34352178e+00 -8.99904754e-01
 -1.70535721e-01 -3.62589402e-01 -1.58763908e+00  5.50625034e-01
 -1.16810364e+00  8.89269845e-01  7.36125674e-01 -4.80751476e-02
  1.21905236e+00 -1.76667493e+00  2.22306764e+00  1.02829607e-01
  1.66646771e-01 -3.82840075e-01 -1.02245320e+00 -5.21273225e-01
 -7.30665350e-01  7.78346981e-01  8.29361746e-01  5.18769546e-01
  1.21558677e+00  1.15610249e+00  1.85675768e+00  1.45148791e+00
  1.63652208e+00  5.97251996e-01 -1.68981938e+00 -2.19081585e+00
  1.32835945e+00 -5.65208439e-01 -3.21583054e-01  1.86406182e-02
  1.52296680e+00 -4.11275625e-01  3.66140082e-01  1.05604786e+00
  5.97146757e-01 -3.90432207e-02 -1.80661880e+00  4.07690491e-01
 -3.30105728e-01  4.52983961e-02  7.35058737e-01 -6.53631338e-01
 -2.54615884e+00  7.84157391e-01 -8.77793770e-01 -9.78582300e-01
  4.86313304e-01  4.88196327e-01 -1.06346601e+00  4.04985594e-01
 -9.63877401e-01  9.79442312e-01 -1.03325919e+00 -1.90761661e-01
  5.58110834e-01  2.08328525e-01 -3.03227666e-02 -4.73305367e-01
 -1.08550052e+00 -2.90266930e-01  3.51544996e-01 -6.77870914e-01
  1.62086116e+00 -1.04831804e+00  1.28300150e+00  3.03859464e-01
  1.77910505e+00 -9.93591016e-01 -2.61534410e-01  9.26508621e-01
 -1.15934402e+00  5.00594592e-01  1.53663594e+00 -2.02065136e-01
  2.50754425e-02 -4.22138313e-01  1.12235819e+00 -1.10284381e-01
 -7.99779778e-01 -4.05481226e-01 -7.11132595e-01 -2.02172167e-01
 -7.65400203e-01 -6.17258810e-01  1.09031665e+00  1.22954169e+00
  7.62679959e-01  2.91062205e+00  1.20274583e+00  3.31324824e-01
  1.21396599e+00  4.79458115e-02  4.01719730e-01 -1.96393321e-02
  4.37870618e-01 -1.49983611e+00 -9.78884408e-01 -1.99204885e-01
 -4.41394444e-01 -5.30164877e-01 -2.12882499e-01 -1.24919198e+00
  1.46683224e+00  6.42382235e-01 -3.10019014e-03  3.34648041e-01
  7.31732684e-02  6.61330431e-01  2.32662319e+00  8.19597196e-01
  1.78464014e+00  2.18519756e+00 -7.98688435e-01  3.05389564e-01
 -3.94184577e-02 -1.03689686e+00  4.17329809e-01  1.49975058e+00
  6.57635555e-01  1.68255558e+00  1.61113371e+00 -2.25174537e-01
  2.15332292e-01  1.09511943e+00  2.30955208e+00 -2.82265057e-01
  7.85129936e-01 -7.11539250e-01  2.31894291e-01 -1.27185459e-01
  6.02269952e-01 -1.07945655e-02  2.56184729e-02  7.45571311e-01
 -1.00948230e+00  1.33820536e+00  1.77600009e+00  8.08289557e-01
 -7.93723950e-01 -1.33602779e+00  1.85144723e+00 -1.24492820e-01
  6.17063164e-01 -1.13553280e+00  1.19811203e+00  1.10009476e+00
  1.17012240e-02  1.09753017e-01  2.08641795e-01  9.10847885e-01
 -2.00360599e+00 -1.45274874e-01 -7.66301979e-01 -2.89105635e+00
 -3.23490134e+00 -6.66564737e-01  2.95161100e-01 -8.72691608e-01
 -1.38318831e+00  4.57178957e-01  5.80712668e-01 -1.44795567e+00
 -2.10432685e+00  2.12734653e-01  3.64976448e-01 -5.82115366e-01
  1.46243811e+00  3.28465407e-01 -7.92394039e-01  2.19643037e-01
  5.59516465e-01 -1.75789639e+00 -3.91605782e-01  3.45305762e-01
 -2.76588533e-01 -5.60045326e-01 -1.50377397e+00  1.16177040e+00
  5.66453391e-01  2.40654497e-01 -8.84990367e-01  4.98266986e-01
 -1.35123800e+00 -2.84920700e-01  1.50691943e+00  5.48725565e-01
 -1.44389581e-02  6.42820006e-01  1.74771673e+00 -1.01316430e+00
  4.39263257e-01  6.52330565e-01  7.64171641e-01 -4.67581168e-01
  2.26991507e-01 -7.20418615e-01  1.21528076e+00 -9.40452002e-01
 -9.18453296e-01  1.27252832e-01  1.13333097e+00  1.35423967e+00
  7.53336340e-01 -3.58205593e-01  9.67305812e-01 -1.45378298e+00
  7.58318555e-01  3.05398475e-01 -1.34436055e+00 -9.27009782e-01
  4.36017802e-01 -3.99454490e-01 -1.69740979e-01 -2.72021681e-01
  2.69722832e-01  1.15663326e+00  9.42384569e-01 -5.48546725e-01
 -1.25675129e+00  2.13664169e+00 -7.69602308e-01 -9.09597576e-01
 -3.09261482e-01 -1.02904233e+00  9.78663429e-02  1.98901198e+00
  5.82052183e-02 -4.96142363e-01  3.11485714e-01  3.71561642e-01
  3.19040800e-03  1.32115648e+00 -2.66468880e+00 -1.23370363e-01
 -3.25243740e-02  6.26434466e-01 -5.95993608e-01  1.51511335e+00
  4.97684124e-02 -1.49857424e+00 -1.44620305e+00  5.38348429e-02
  2.52728641e+00  3.77882340e-01  2.29271356e+00 -7.60977192e-01
  1.12700687e+00 -7.96903577e-01 -1.98925883e-01 -1.04875574e+00
 -8.74650329e-01  1.72461380e+00  7.42662598e-01  1.95562003e+00
 -3.20605777e-02  1.58138631e+00  1.30941147e+00 -2.59792020e+00
  1.70195584e+00 -3.91350784e-01  4.44848644e-01  5.85614280e-01
 -5.49111225e-01  2.04147737e+00  1.09454004e+00 -9.84637982e-01
  2.86713747e-01  2.83564602e-01  1.06016581e-01 -1.12980723e+00
  1.57576850e+00 -6.86962263e-01  4.01478818e-01  5.56069763e-01
  3.39546891e-01  1.18543507e+00  2.63870314e-01  3.49423013e-01
 -7.46943579e-01  7.09226993e-01  1.33801925e+00  9.99014755e-01
  3.04597585e-01  1.95393355e+00 -2.12170970e-02 -1.00567345e+00
 -2.65901112e-01 -1.86663894e+00 -2.75956253e-01 -2.94429582e-01
 -4.93391433e-01 -2.30411651e-01 -6.24977733e-01 -1.36442246e+00
 -1.62557948e+00  1.49414131e+00  1.22496143e+00  1.17282640e+00
 -1.15177914e+00  2.91799301e-01  1.18801598e+00 -2.42173199e-01
 -4.48189010e-01  6.29473081e-01  1.85377746e-02 -1.67178582e-01
  1.06795814e+00 -8.05597120e-02  9.56168521e-01  3.58727050e-01
 -2.13020154e+00 -1.97207578e+00  8.33688049e-01 -2.59006321e-01
 -2.44632685e+00 -1.18481541e-01  1.62676981e+00  6.49128044e-01
  9.43352704e-02 -2.78212286e+00 -5.10248598e-01  3.15347360e-01
 -1.90055214e-02  6.01459956e-01  2.39813005e-01 -9.05036014e-01
 -3.06450649e-01 -1.97472552e-01 -2.42190461e+00 -3.09752148e-01
 -6.97633525e-01 -2.56892754e-01 -4.31963874e-01 -1.31664753e-01
 -5.58291316e-01  5.89123455e-01 -6.60654809e-01 -2.36584967e-01
 -1.68295824e+00  6.20663066e-02 -1.71478639e+00  4.51029171e-01
 -8.85358821e-01  7.17375369e-01  6.38043966e-01 -2.76393087e-01
 -1.38306721e+00  3.63800375e-01  1.44078137e+00  9.31914169e-02
  2.05461115e+00 -1.60762623e+00 -7.97158516e-01 -1.52367258e+00
 -8.31445110e-01  3.15987449e-01 -1.26488255e+00 -1.10744135e+00
 -9.53799347e-01  1.81145995e+00 -2.73614954e-01  2.49903483e-01
 -1.18935816e+00  1.19211883e+00  4.01790532e-01  1.01036243e+00
 -1.36571316e+00 -6.39956868e-01  3.78135937e-01  9.88141041e-01
 -1.07658773e+00  1.55947336e+00 -2.25987598e-01  1.21501839e-01
  7.21032613e-01  5.49865502e-01 -7.48291298e-01 -1.03081702e-02
 -1.70365215e+00  9.08250464e-01  7.46429701e-01 -1.05286210e-01
  9.15309446e-01  4.02841737e-01  2.69756592e-01 -7.59545613e-01
 -3.20849014e-01 -1.46558558e+00 -1.71554795e+00  6.39012667e-01
  5.70946156e-01 -1.45406324e+00  2.22196825e-01 -1.92829474e+00
  2.69734267e-01 -9.51889401e-01  8.57736141e-01  7.71617051e-01
 -1.98354878e+00 -9.15659199e-01 -6.08506412e-02 -5.85859957e-01
 -5.05723013e-01  2.20458519e-02 -3.88263336e-01  1.70754175e+00
  8.52046932e-01  1.65531655e-01 -1.86161142e-01  7.99904707e-01
  1.22338428e+00 -7.97581066e-01 -1.12243854e-01  9.01464470e-01
 -3.40032516e-01  9.28601664e-01 -7.39944271e-01  1.69585321e+00
  1.75563684e+00 -1.84786180e-01 -2.43910496e+00 -7.79042904e-01
  1.04378653e-01 -2.42909016e+00 -6.75106805e-01  1.08923837e+00
  1.29774372e+00 -3.25756553e-01  3.84082735e-01 -1.05485975e+00
  1.02532662e+00  2.90702402e-01  1.12389326e+00  1.58759533e+00
 -9.42083466e-01  1.00851170e+00  3.99343627e-02  6.96384665e-01
  1.11829526e+00  4.18034342e-01  5.29703240e-01 -3.60381438e-01
 -3.45197680e-01  1.44937316e+00 -7.97962030e-01  1.60262543e+00
  2.11666075e-01 -1.80462679e+00  8.99007839e-03  7.15772034e-01
 -1.01951625e+00 -4.31027886e-01  3.94042769e-01  1.13843645e-01
  2.49885540e+00 -9.33251557e-01  5.93898900e-01 -1.87754304e+00
 -2.26411899e+00 -1.74184579e-02  4.15997940e-02  5.16919954e-01
 -1.12307225e+00  2.25240760e-01 -8.03282995e-01 -7.83265397e-01
 -7.94517414e-03 -6.74775399e-01  1.12417055e+00 -7.04907510e-01
  1.03155999e-01  1.35318465e+00 -4.97367845e-01  8.86422754e-01
  2.33552389e-02 -8.10926315e-01 -1.34056884e+00 -7.88958960e-01
  1.47403224e+00 -4.27219042e-01  7.54342885e-01  2.98225780e-01
 -3.09368196e-01 -7.50698529e-01 -6.13019816e-01  1.12288380e+00
 -7.37639472e-01 -8.67439316e-01  1.01460098e+00 -9.12121391e-02
 -8.59711750e-01  9.98831258e-01 -8.85322087e-01 -4.01281018e-01
 -7.35567941e-01  3.60078248e-01 -1.38249657e+00  2.02948148e+00
  1.04875370e+00 -6.20003839e-01 -2.09933106e-02 -1.34808153e+00
  4.66736384e-01  2.93853852e-01 -4.91342377e-01 -8.20877552e-01
 -1.30624281e-02 -4.79591042e-01  2.71345220e-01 -1.16865844e+00
 -8.73272769e-01  2.01079154e-01 -5.79204635e-01  7.60808065e-01
 -1.12149403e+00 -5.37500105e-01  1.05250641e+00  1.24942154e+00
 -6.25064343e-01 -6.57103974e-01 -1.52905094e+00 -8.14695692e-01
 -1.08665625e+00 -1.83916250e-01 -8.81738037e-01  4.95592581e-01
  1.00784694e+00 -2.36713757e-01 -6.86813792e-01 -6.15496257e-01
 -8.01630644e-01  5.29625453e-01 -1.30041467e+00  6.87489203e-01
 -4.79659862e-02  1.20631312e+00  1.17213760e+00 -1.16715415e-01
  3.16137631e-01 -1.47666159e+00 -1.23278413e+00 -4.99970578e-02
 -9.50317896e-01 -3.69044552e-01  7.86931915e-01  1.69234632e+00
  6.23871837e-01  7.76891780e-01 -1.33669996e+00 -3.23888769e-01
  3.82034244e-01 -1.67437461e+00 -8.08080097e-01  1.98292005e-01
  5.20620560e-01 -1.01812351e+00  3.41401977e-01 -1.52824393e+00
 -3.02469118e-01 -4.71559774e-01 -4.08800874e-01  4.73777853e-02
 -1.19005271e+00  1.56906764e+00  7.88878639e-02  1.25570887e+00
 -9.34381802e-01 -1.19187233e-01  3.69529732e-01 -8.76810359e-01
 -9.67269377e-01  6.75817663e-01  1.84926879e-01 -2.66565707e-01
  9.35675244e-01  1.82567488e+00  6.72598812e-01  1.24729953e-01
  7.09518980e-01  4.41840786e-01  1.35206328e+00  7.36880925e-01
 -4.79525437e-01 -2.83012409e-02  5.05393456e-01  7.68673011e-02
 -5.14869884e-01  7.78773890e-01  2.30001454e+00 -3.43743399e-01
 -1.16723184e-01  8.16886877e-02  1.21525014e+00 -9.88449830e-01
 -1.25557132e+00  2.25694720e-02  2.89496394e-02  3.46764077e-01
  3.14707275e-01 -1.30652361e-01 -2.25118621e-01  1.89020490e-01
 -5.43033110e-02 -7.04812847e-01 -8.69491961e-01  1.63881227e-01
 -4.50876357e-01  1.64791567e+00  1.09226174e+00  1.16243599e+00
 -1.57845083e+00 -9.98215719e-01  2.58084119e+00 -6.62213126e-01
  2.56410070e-01 -4.49177101e-02  8.27880608e-01 -1.07396490e+00
  3.00329180e-02 -3.75956476e-01 -9.49816864e-01  4.03427003e-01
  4.39754860e-04 -9.97127623e-01  8.43824081e-01 -5.31529144e-01
  2.25226610e-01  8.65376949e-01  7.24599574e-02 -9.20232510e-01
 -1.27211925e+00 -1.83277659e+00  8.24914884e-01  1.81212261e+00
  3.17710785e-01  1.74762805e+00 -7.35356642e-01 -2.85989393e-01
  3.46969755e-01 -1.00952463e-01 -4.19053012e-01 -2.24026892e+00
  3.31084589e-01  1.27027710e+00 -5.15371740e-01 -6.69006369e-01
  1.48299895e+00  4.64339181e-01 -1.42929811e+00 -1.49175962e-01
  1.55198255e+00  1.99321179e+00  2.67629386e+00  1.07244223e+00
 -5.28179046e-01  7.56267428e-01  1.45434621e+00  1.16496923e+00
 -7.98525138e-01  7.66663224e-01  1.11169329e+00 -6.78152080e-01
  9.68028178e-01  6.56074685e-01  3.66284172e-01  6.93021682e-02
 -2.93336273e-01 -3.14053788e-01 -1.36854084e+00  1.09080964e+00
  1.29621215e+00  2.81769152e-01  1.44628926e+00 -7.47817363e-01
  5.37894208e-01 -1.05401986e+00  1.26051694e+00 -8.88634731e-01
 -1.40408935e+00  2.43351873e+00 -4.67555623e-01  9.81862718e-02
 -1.92209686e-01 -1.12973913e+00  6.30771288e-01  1.80680361e-01
  5.58576298e-01 -7.34493165e-01 -1.77873523e+00 -1.96207761e-02
  7.60159636e-01 -5.17706782e-01  6.42456122e-01  4.33943790e-01
  6.59626703e-01 -1.47478829e+00  5.34770301e-01 -1.00022935e+00
  6.77562088e-01 -5.51000280e-01  1.25189858e+00  1.19557539e+00
 -2.81078462e-01 -1.98923574e-01 -3.47140804e-01  3.87718062e-01