 7.40424379e-01 -1.33702766e+00 -1.07350241e+00  8.21859845e-03
 -1.20973902e+00  6.68941346e-01 -1.14269919e+00  1.63805046e-01
  1.55851154e+00 -2.45716840e-01  9.27282339e-02  6.68231481e-01
 -4.67798343e-01  4.54975421e-02 -2.99913353e-01 -5.69535267e-01
  1.06493688e-01 -2.18624815e-01  6.93218344e-01  2.15062087e+00
  1.57208621e+00 -1.60356520e+00  4.88665735e-01 -5.54672139e-02
  3.99045978e-01  1.51605940e-01  9.87004590e-01 -7.16899340e-01
  1.96087029e+00 -5.85330530e-01  1.62498832e+00 -9.74078268e-01
  2.38667342e-01  5.54407104e-01 -6.34537697e-01 -1.45915131e+00
 -6.23822849e-01  4.45826219e-01  6.88820639e-01  9.91190231e-01
 -6.23309389e-01 -1.03788146e+00 -7.49182279e-01 -7.88106569e-01
  7.37934951e-01  3.52590574e-01 -1.03173650e+00 -1.68480214e+00
 -9.51627353e-01  3.06206948e-01 -1.66885978e+00 -4.71739096e-01
 -6.32601911e-01  1.90982543e+00  1.15195866e+00 -1.16151367e+00
 -7.18217147e-01  1.55974823e+00 -4.38497444e-02  4.29970150e-01
 -7.55946526e-01  1.98709264e+00 -6.03425456e-01 -3.54723036e-01
  7.45096904e-03 -8.92531095e-01 -1.00000570e+00  8.40186276e-01
  5.06919159e-01 -4.72955839e-01 -2.33776504e+00  7.71487989e-01
 -4.15827285e-01 -2.66735931e-01 -8.54263978e-01 -7.73145192e-01
 -1.91230123e+00 -4.01466577e-02 -1.13479012e+00 -1.86371880e+00
 -1.21287362e-01  6.28115618e-03  5.60410570e-01 -1.69912739e+00
  1.71720101e-01  1.07260555e-01  1.58486640e+00 -2.94846709e-01
 -3.54105416e-01  2.63975937e-01  8.38773793e-01 -1.07096904e-01
  7.59218338e-01  4.53821639e-01 -6.81683947e-02 -3.50598953e-01
 -3.70281370e-01  9.69966675e-01  1.35531461e-01  1.30694027e-01
  1.01815942e+00  1.71485348e-01 -3.54280154e-01  8.78480201e-01
  1.59788688e+00 -1.60521729e+00  4.21803026e-01 -4.91708594e-02
 -2.97083900e-01 -1.35085085e+00  5.26676812e-01  1.97073077e+00
  8.56786682e-01  1.53586209e+00 -4.94805519e-01 -2.96775331e-01
  4.74063676e-02 -1.61788832e+00 -9.10378656e-01  8.23241028e-01
  7.37126094e-01 -8.54702149e-02 -1.47722504e+00  3.20233931e-01
  1.03449781e-01 -1.61902883e+00  2.03878568e+00 -1.41273389e+00
 -7.42083824e-01  5.30538294e-01 -6.44595920e-01  5.05226288e-01
 -6.52400105e-02  3.84550154e-01 -3.26222029e-01 -5.29958798e-01
 -1.78226096e-01  5.59558799e-01 -1.96729140e-01  1.64679361e+00
 -2.69399166e-01 -1.43669038e+00  1.37666111e+00 -4.55640371e-01
 -8.30073575e-02  1.41807670e+00  6.27113892e-01 -1.04368571e+00
 -5.87540282e-01  1.02273618e+00 -8.08914681e-01 -3.67646231e-01
 -3.61722404e-01 -3.80715014e-01 -9.41831391e-01  4.20002121e-01
  2.03960552e-01 -1.37644476e+00 -4.84518424e-01 -1.42206037e-01
  1.35914390e+00 -1.58082344e-01  1.10895882e+00  4.25342387e-01
  3.15333394e-01  1.04642691e+00 -6.96859731e-01 -9.58464683e-01
  6.02072596e-01  1.70781737e+00 -1.60881654e+00 -1.28195028e-01
 -6.57161486e-01 -1.68729393e-01  1.33563799e+00  2.34171292e-01
  1.41401230e+00 -1.32486785e+00  6.37534450e-01 -2.19392117e-01
 -7.68601428e-02  2.33968977e-01 -2.09588874e-01  1.75455640e+00
  9.93114069e-01 -4.10033022e-02  1.39790758e+00  2.75340381e-01
  1.44764668e+00 -1.27488208e+00  4.24302397e-01  1.06607214e+00
 -8.62037956e-01  6.87528332e-01 -8.18157198e-02 -8.14464320e-01
  7.75521619e-01 -6.49639484e-01 -9.32014469e-02 -9.77205206e-02
  2.92301614e-01 -1.42997084e+00 -1.33139755e-01 -9.99538115e-01
  2.51650406e-01  6.71296184e-01 -7.41295058e-01  2.96299828e-01
  1.00838564e+00 -6.65776442e-01 -2.93146976e-01  2.02238733e+00
  2.73123271e-01 -3.21976918e-01 -1.64606743e+00  9.15314380e-01
  4.97240001e-01  1.16893833e+00 -8.54353104e-01 -4.06903086e-01
 -2.58397478e-01  2.45468751e-01 -7.89091583e-01  1.23491610e+00
 -1.29368333e+00 -5.60000724e-02 -7.08748161e-01  1.58631165e+00
 -5.37542594e-02  3.14242041e+00  6.80588462e-01  1.56696700e+00
 -1.16718261e-01  2.28509478e-01  1.23666305e+00 -1.43759176e-01
 -1.44987144e+00 -1.03255785e+00  7.04887875e-01 -4.38513347e-01
 -4.89381961e-01 -4.04132659e-01 -1.14506744e+00 -2.24494831e+00
 -1.24481750e+00 -2.67369944e+00  2.21311535e-01 -4.63016028e-01
 -1.91463684e-02  1.82533996e+00  2.64949625e-01  1.52619611e+00
  4.06841473e-01  2.17358480e-01 -2.46748276e+00 -1.25357658e+00
  1.87959574e-01 -2.32582032e-01 -1.14618620e+00 -1.20529878e+00
  5.01547070e-01  4.55396427e-01  1.17619466e+00  2.58205026e-01
  4.20894140e-01 -7.99982364e-01  8.56287455e-01 -3.97899856e-01
  7.69638432e-01  2.46695637e+00 -3.42395679e-01  1.42633338e+00
 -6.10468440e-01 -1.13616280e+00  7.84532840e-01  8.38254725e-02
 -4.28511026e-01 -3.66212155e-01  2.49661017e+00 -3.72434714e-01
  9.23106183e-01 -6.56081400e-01 -1.56577852e+00 -1.79441588e-01
 -1.99233416e-01  2.19067349e-01  5.40844605e-01 -5.25026755e-01
  1.58277991e+00  1.50882930e-02  2.69312390e-02 -2.22567161e+00
 -9.16942742e-01  1.14039049e+00 -8.01204990e-02 -1.32444839e-01
 -4.03891806e-01 -1.38135784e-01 -5.66369820e-01 -5.91728762e-01
 -7.53878107e-01  1.67888830e+00  5.96227730e-01 -9.24040284e-01
 -3.63028434e-01  7.11527789e-01 -5.09471269e-01  1.29233372e+00
 -1.74913673e+00 -1.97471415e+00 -2.32653572e+00  5.63739674e-01
 -7.40115678e-01  3.11082831e-01 -5.71307869e-01  1.34898517e+00
 -1.13076789e+00  4.54637786e-01  2.69330153e-01 -2.27838826e+00
 -9.32449545e-01  3.15626451e-01 -4.11000778e-01 -1.35618165e+00
 -3.79724692e-01  1.16562620e+00  1.82643520e+00  1.08768735e+00
  9.25642278e-01  1.41533552e+00  1.31728307e+00  1.35955385e-01
 -4.80957292e-01 -5.09169377e-01  2.15428197e-01 -2.23198457e-01
 -2.02732745e-01  1.10810394e-01 -1.64556178e+00 -1.79707753e+00
  2.65382485e-01 -1.29307744e+00 -1.77172695e-01 -8.89762498e-01
  4.46371931e-01 -3.35089261e-01 -2.40373053e-01  1.47432516e+00
 -1.00385445e+00  8.32916828e-01  6.76821908e-01 -9.60083716e-01
 -1.98544606e+00  5.61666334e-01  4.15022115e-01  8.62220990e-01
  5.30416159e-01  2.27469545e-01 -2.78961215e-01  5.43832179e-01
  1.08012345e+00  4.71509421e-01 -8.69946266e-01  9.36375642e-01
  1.72627064e+00 -1.07335398e+00 -9.28365815e-01 -7.80127712e-01
  1.51492999e-01 -2.12509157e+00 -2.23845300e+00  4.77876672e-01
 -1.60919244e-01 -1.32081530e+00  1.20103306e+00  4.80984944e-01
  1.92361271e+00  1.44338727e+00 -5.28109512e-02 -5.68957271e-01
  1.67750623e-01  1.32408225e+00  3.98975056e-01 -8.28026338e-03
  5.37106866e-01 -7.66667925e-01  4.41782206e-01 -8.24980516e-01
 -4.86419011e-01  1.89574861e+00  1.73694950e-01  8.60749915e-01
  1.20829609e+00 -2.71691108e-01  1.21315129e+00  1.70616977e+00
  6.98111787e-02 -2.43995101e-02  4.30307378e-01  9.63050578e-01
 -4.31234148e-01  2.33658343e-01  1.24842756e+00 -1.05153206e+00
 -4.68959249e-01 -1.00031739e+00 -6.83621153e-01  1.64953356e-02
 -1.07358205e+00 -1.13847746e+00 -1.09588524e+00 -1.57618572e+00
 -1.17681837e+00  5.75742260e-01 -1.01689842e+00  2.03265767e-01
  2.36538239e-01  1.72114871e+00  9.28179672e-01 -3.43131271e-01
 -3.43844942e-01  9.40695870e-01  1.43824001e+00 -3.50465932e-01
 -3.44217449e-01 -1.54617726e+00 -7.66407754e-01  7.27573816e-02
  1.74406131e+00 -1.07801764e-01 -7.91386282e-01  5.82626860e-01
  2.22900036e-01  8.20711701e-01 -2.24364056e-01  4.24561826e-01
  1.11827636e+00 -2.14617176e+00  1.13540268e+00  8.29862962e-01
 -6.07423016e-01  4.95447737e-01  9.44442118e-01  2.52016466e-01
 -3.09922499e-01 -1.00111262e+00  2.76597300e-01  5.65762637e-02
  2.40377116e+00  5.65021206e-01  1.43038701e+00  4.98407727e-02
 -7.94797362e-02 -1.71708438e-01  4.41114715e-01  1.07003906e+00
 -2.39999160e-01  3.61976887e-01 -3.31757506e-01 -1.04823396e+00
 -1.11114900e+00 -3.47160443e-01  2.86301485e-02 -3.93698525e-01
  1.95323250e+00 -1.93969053e-01  1.32145340e+00  1.98580335e+00
 -1.69103825e+00  3.22473277e-01  9.79547173e-01  2.94443271e-01
 -1.68378413e+00 -2.26686286e-01  8.70152046e-02  6.49599854e-01
 -5.69242835e-01  1.09200971e+00  6.77387418e-02 -7.47238225e-01
  1.68747274e-01 -6.29586327e-01 -9.82372599e-01 -8.77297918e-01
  6.97067202e-01 -3.68283129e-01  5.47166917e-01 -2.04940049e+00
  5.66461881e-01 -2.04480596e-01 -8.32281345e-01 -1.32618530e+00
  1.50838014e+00  2.51270495e-01 -9.61651193e-01  2.98289332e-01
  7.22088522e-01  9.66586920e-01 -1.20716705e+00 -1.33790996e+00
  2.68143153e-01 -2.06615180e+00  1.10864903e+00 -8.07144661e-01
  9.16953642e-01 -6.49269303e-01 -2.20836926e+00  8.12508521e-01
 -1.61340842e-01  1.23366621e+00 -7.91240595e-01 -4.23983979e-01
 -6.78036744e-01  1.84505033e+00  5.06521517e-01 -6.43488736e-01
 -1.50355889e+00 -1.48018568e+00  7.29210786e-01  6.36430975e-01
  2.19657108e-01  3.08367020e-01  5.70694716e-01  2.05798113e+00
  1.05122859e+00  3.71685866e-01 -1.55539970e-01 -1.91958200e+00
 -9.96899075e-01  6.89142217e-01  6.55359543e-01 -1.63367446e+00
  1.94664589e+00 -8.97590631e-01  8.42044489e-01  4.20711572e-01
 -7.15119966e-01  8.17440116e-01 -7.61243397e-01 -3.88133126e-01
  2.01137975e-01  5.54093939e-01  6.18018450e-01  3.99855975e-01
  1.64530012e-01  1.08824093e+00 -1.03307487e-01 -1.68589813e+00
  2.08288828e+00  4.33499527e-02 -1.12264004e+00  9.40582920e-01
  1.24868648e+00  1.71813319e-01  6.90110564e-01  5.92713625e-01
  8.39456650e-01 -8.50428822e-01  5.78948053e-02 -7.56759104e-01
  2.39478419e-01  9.83827227e-01 -2.92232325e-01  2.65652301e+00
 -1.39881389e+00  9.84268451e-02  2.55973799e-01 -4.54025219e-01
  3.58611819e-01  9.25724251e-01  9.51396975e-01  4.89085206e-01
 -8.99391016e-01 -1.51133785e+00 -1.84857367e+00 -4.27510878e-01
  9.96438075e-01  9.07553261e-01 -1.27042043e+00 -2.77243943e-01
 -3.86357790e-01  1.01929815e-01  1.34573039e+00  1.42797363e+00
 -1.14753690e+00 -1.18566463e+00 -7.41143787e-02 -7.07053723e-01
  7.17778044e-01 -1.02813678e+00 -7.64106396e-01 -1.51098311e-01
 -4.69173315e-01  1.63503867e+00 -2.74785234e-01 -5.16718068e-01
 -8.46268542e-01  7.88835977e-01 -3.84441275e-01  1.30088062e+00
  1.39337688e-01 -4.46015543e-01 -3.71885586e-01  4.72583057e-01
  6.78340376e-01 -9.18925321e-01 -1.45046242e-01 -5.14683898e-01
 -6.17554798e-01  1.35927725e+00  5.53472540e-01 -1.79595889e+00
  7.98650714e-01 -7.22254461e-02  1.72594248e+00 -6.31806745e-01
  1.63889948e+00  9.22994946e-02 -1.86742069e-02  2.00418288e+00
  7.94986240e-01  2.27932212e-01 -3.04343341e-01 -4.95402283e-01
  3.94483145e-01  1.08099882e+00 -1.55273961e+00 -1.53793516e-01
 -3.20066322e-01 -1.07802545e+00 -5.29308190e-02  9.29737635e-01
  1.25560064e+00  6.10281136e-01  1.09013071e+00  1.44766758e+00
 -1.20625655e+00  4.98256491e-01  6.00986143e-01 -1.59551530e+00
 -1.10007791e-01  2.38898014e+00 -1.39661412e+00 -1.18880996e+00
 -3.95616163e-01 -2.23947801e+00  1.19590903e+00  1.02777776e-01
 -1.82845647e-01 -1.77355119e+00 -9.20639588e-02  1.56546124e+00
 -7.07020520e-01 -3.60244652e-01  1.35361939e+00  1.59027130e+00
 -8.15161142e-03  8.69914683e-01 -4.23918342e-01 -1.49242224e+00
  1.50591475e+00 -6.43188067e-01 -6.04052168e-02 -4.96686050e-01
 -6.28700742e-01  8.44860292e-01  1.83404511e+00  2.62590921e-01
  1.51287592e-01 -2.15734597e-01 -3.62186235e-01 -1.49031522e+00
 -1.88544950e-01  1.43184921e+00 -1.34294756e-01  1.22325339e+00
 -6.48980900e-01  2.78279766e-01  1.71356644e-01  1.71582888e+00
 -5.57738017e-02  4.60947583e-01  9.64719036e-01 -1.03503066e+00
  5.99622093e-01  4.52226284e-01 -1.55075155e+00 -6.68812773e-01
 -2.51623687e+00  1.35149249e+00  1.06013671e+00 -3.62088308e-01
  2.44537000e+00  5.23214225e-03  1.41151103e+00  1.11405017e+00
  3.39969324e-01 -1.67588325e+00  4.74191592e-01 -4.84413405e-01
  6.35700517e-01  5.02999956e-01 -3.59661257e-01 -2.97579099e-01
  1.28293585e+00 -5.14590061e-01  4.81663524e-02  3.68506584e-01
  7.46910582e-01  1.35219445e+00  3.38368137e-01 -3.44103783e-01
  3.96483270e-01  1.28917323e+00 -1.61087108e+00 -4.10164909e-01
  1.21007563e+00 -1.02511567e+00  1.00337325e+00 -1.77522635e-01
 -1.07754554e-01 -1.57526942e+00  4.83892312e-02 -6.33960129e-01
  1.62361281e+00  1.09641996e-01 -1.61003801e+00 -8.93408839e-01
 -2.94056635e-01 -5.54186114e-01  5.71493024e-01 -8.80656397e-01
  2.90294655e-01  9.36204661e-01 -1.12494000e+00 -3.36540106e-01
 -8.60766277e-01  1.63079897e+00  9.71433490e-02 -1.19072261e+00
 -1.31465762e+00  2.66118509e-01  3.79923367e-01 -6.15091809e-01
 -8.92212030e-01  7.53702670e-05 -3.80816766e-01 -5.24253305e-01
  1.08087235e+00 -1.42616459e+00  3.78896480e-01 -1.38057769e+00
  2.89821458e-01  2.09428784e+00  1.29854086e+00 -6.61747180e-01
  7.82905017e-01  6.26761776e-01  1.32227117e-01  6.26066993e-01
 -1.96897569e-01 -1.01188091e-01 -1.49646840e+00  1.95424008e-01
 -1.84118279e+00  3.18079473e-01 -1.57044915e-01 -1.28820708e+00
  1.52158133e+00 -7.56124632e-02  6.13550209e-01  1.24461953e+00
 -9.97897488e-01  5.61115429e-01 -7.85374285e-01 -8.59044824e-01
 -1.01360481e-01 -9.08532146e-01  4.90806041e-01  1.62093325e-01
  2.57944198e-01  1.21957595e+00  3.27389738e-01  3.85762085e-01
  1.90188837e+00 -7.37917289e-01  1.36085673e+00  3.49661505e-01
  8.25021646e-02 -1.83253527e+00 -1.87630258e-01  6.38558617e-01
 -2.99621751e-01 -1.49620482e+00  1.33189383e+00 -1.44206556e-01
 -2.04368908e-01 -1.33466681e+00 -8.66757079e-01  6.65015346e-01
  8.56408525e-01  6.71918243e-01 -2.10695088e-01  2.08623001e+00
  1.44213013e+00  9.58008750e-01 -4.76227097e-01 -9.09854499e-01
 -6.63286706e-01  1.14622938e+00  1.34302821e+00 -5.90317237e-02
 -1.99070363e+00  8.91411778e-01 -1.00448387e+00  1.41435833e+00
  1.07686760e+00 -1.88617985e+00  1.22912858e+00  8.52330617e-01
 -5.26343776e-01  1.47355217e+00  3.34391032e-01  3.39655025e-01
  6.37091863e-01  2.81291168e-01  6.17371678e-01 -9.55940724e-01
  1.09163184e+00  1.79917186e+00  6.65818216e-01  6.85522144e-01
  1.98130300e-01 -1.05092376e+00  8.75771004e-01 -1.41758979e+00
 -8.00445728e-01  8.30718592e-01  1.65901099e+00  2.56649578e-01
  4.97860649e-01 -3.82119848e-02 -1.12406241e+00  7.59617819e-01
 -1.10727490e+00  2.47207007e-01 -3.34360287e+00 -2.29284081e-01
  1.31705654e+00  4.00042265e-01  1.16776332e+00  2.40998859e-01
 -1.39434209e+00  6.01070244e-01  1.30843453e+00 -1.30158762e+00
  2.15203752e+00  6.59517085e-01  9.29508924e-01 -4.36224382e-01
 -9.01823437e-01  4.61320043e-01  3.76001231e-01 -5.18175091e-01
  4.32052933e-01  1.28865857e+00  7.69459016e-01 -8.20354752e-01
 -2.07869464e-02  6.10033232e-01 -3.84220288e-01 -6.08562555e-01
 -2.71024269e-01  2.05878878e+00  1.37540272e+00 -4.73980696e-01
 -1.43319264e+00 -1.55519473e+00  1.30978185e+00 -6.06023728e-01
  1.70554010e+00 -4.37990772e-01  6.56772135e-01 -2.01352550e-01
 -3.75282219e-03 -1.38644626e+00 -2.37745434e-01  4.77431633e-02
 -1.65082073e-01  1.62745994e+00 -1.09758467e-01 -3.79883234e-01
  2.17506803e-01 -6.02227451e-02 -2.82573330e-02  1.43639875e-01
  4.14266542e-01 -6.55105629e-01  4.45700176e-01 -1.21134366e+00
  1.77553171e+00  8.70863846e-02  1.67936177e-02 -1.56142525e+00
 -6.04960158e-01  1.08928484e+00 -2.90691647e-01 -3.41823276e-01
 -5.21727067e-01  1.72965930e-01  2.20808131e+00  5.77593729e-01
 -3.15671422e-02  6.83826592e-01  1.08567572e+00 -8.53376376e-01
  7.98554399e-01  1.07277993e+00 -3.56814372e-01 -4.28450420e-01
 -7.22257690e-01 -3.51239235e-01  1.39625259e+00 -5.89836960e-01
 -1.01418657e+00  8.60886289e-01  5.86359876e-01  1.14143415e+00
 -2.30386638e+00 -3.60116907e-01 -3.98567291e-01 -5.43702940e-01
  5.75634946e-01  1.93235190e+00  1.02519902e+00 -7.46199683e-01
  5.07348752e-02  5.78052886e-01  8.02443608e-01  5.82234368e-01
 -6.57649248e-01 -2.13737761e-01 -1.46874342e+00  7.23201318e-01
 -4.78368467e-01 -1.23966908e+00  1.37143209e+00  1.39930764e+00
  9.26802820e-01 -1.55721971e-01 -4.77047727e-01  1.16803804e+00
 -1.70275947e+00 -1.86931972e+00 -1.00298383e+00  1.50008739e+00
  1.10784449e+00 -4.25986476e-01  1.16474615e+00 -8.71742770e-01
  1.41908416e+00  8.60036567e-01 -8.36312544e-01 -3.89197733e-01
  1.01377652e-01 -3.52282362e-02 -1.59548833e-01 -1.62961081e+00
 -1.16037717e+00 -2.18757129e+00 -7.04700341e-01  2.28587459e-01
  3.95900875e-02  7.28620532e-01  4.78139578e-01  4.16984090e-01
  5.00797707e-01  6.65763315e-01  3.48724165e-01  5.78281807e-01
  4.65712015e-01 -7.26306906e-01 -8.79875748e-01  1.05965404e+00
 -2.16693356e-01  4.68718563e-01 -1.21417342e-01 -1.35958776e+00
 -5.19005322e-01  9.42167306e-01 -1.97818840e-01 -2.46357285e-02
  4.48465929e-01 -8.23241927e-02  1.23539964e+00 -5.86402445e-01
 -1.50838721e+00  1.00169403e+00  4.58565528e-01 -5.77936347e-01