 2.77812820e-01  3.31261552e-01  5.41923322e-01 -1.08265844e+00
 -4.82024768e-01  3.31715245e+00  1.17294973e+00 -1.98961965e+00
 -1.41824469e+00  4.68692665e-01  2.54505425e-01 -4.58419140e-01
  9.71073459e-01 -2.46183611e-01  1.72784627e+00  1.98482753e+00
 -1.00843617e+00  1.82312411e-01  1.98718336e+00 -5.62059964e-01
  5.25737401e-01 -2.63132130e-01  2.70397864e-01 -4.31147885e-01
  6.06713184e-01 -1.12006208e+00 -6.26552179e-01 -1.24721712e+00
  1.24908464e+00 -4.88272743e-01  2.35576328e+00  6.96460503e-01
  1.25089954e+00 -3.31344110e-01 -1.18073908e+00 -6.34959732e-01
 -1.26060815e+00  2.06836112e-01 -2.01897064e+00 -1.02613050e+00
  6.63688098e-02 -4.42767580e-02 -1.16123153e+00 -7.79626473e-01
 -7.71089732e-01  5.41395804e-01 -4.28348766e-01 -2.73288009e-01
 -1.06619432e+00  1.18483528e-01  6.97421754e-01 -5.21284310e-01
 -9.16690499e-01 -1.03384115e+00 -1.72760439e-01 -1.19997633e-01
 -5.99109113e-01 -1.57363627e-01  1.68160312e+00  5.12445308e-01
 -6.21548690e-01  1.36411972e+00 -3.71094136e-01 -1.41143409e+00
 -1.79199970e-01 -1.43580153e+00 -1.56035187e+00  3.06322056e-01
 -8.13803352e-01  1.40006200e+00  7.51296947e-01 -3.53008470e-02
 -1.56193058e+00  9.14498857e-01 -2.64191770e-01 -8.47466151e-01
  6.88917405e-01 -7.24450279e-01 -2.00335188e-01  1.28164587e+00
 -1.56733541e+00 -2.51388343e-01  1.45915554e-01  4.61822026e-01
  1.93279916e+00 -9.60578560e-01 -1.75149536e+00 -1.02686053e+00
  6.91998994e-02 -2.15477037e-01  1.77160861e+00  7.32818016e-01
 -2.68897218e-01  6.99775405e-01 -6.27971021e-01 -4.67118096e-01
  7.99654096e-01 -9.22594410e-01  3.17419631e-01 -4.64627525e-02
 -1.29011869e+00  6.50018796e-01 -1.44596148e-02 -1.97349238e+00
 -4.49694574e-01  3.42400617e-01 -1.60958653e+00 -1.24396637e+00
 -2.10490045e-01  5.76181295e-01 -5.52750671e-01 -1.34623625e-02
 -2.07433030e+00 -1.61998248e+00 -2.35993313e+00 -2.45654723e+00
 -6.24803502e-01  3.78245643e-01  4.69606904e-01  7.58247996e-01
  9.59232923e-02 -4.43211563e-01  2.05378706e-01 -1.47281573e+00
  2.04425625e-02  7.09455062e-02 -1.67367534e+00  1.60816094e+00
  1.04138311e+00  1.06742329e+00 -1.41781351e+00 -6.55413205e-02
 -7.46758225e-01  9.49886267e-01  2.23524830e-01  5.30101072e-01
 -6.19861212e-01 -3.02261872e-01 -1.02395797e+00 -5.47483675e-01
  2.01795515e+00  2.68840052e+00 -1.33995648e+00  1.42090787e+00
  2.83653067e-02 -8.61681279e-01 -1.64780608e+00 -3.17020624e-01
  2.07866260e+00 -5.55360697e-01 -2.46215086e-01  4.37098824e-01
  1.14813935e+00 -5.12724809e-01  1.55707660e+00 -7.75484020e-02
 -1.03628084e+00 -9.26875252e-01  6.94471983e-01 -5.59103104e-01
 -9.29759238e-01 -7.50974090e-01  3.63113261e-01 -9.35135438e-02
  8.79725409e-01 -5.13391355e-01  4.67387183e-01 -2.98437449e-01
  7.29353506e-01  1.71425506e+00 -7.10257849e-01  9.46819388e-01
 -6.92080144e-02 -7.77712461e-02  5.69987279e-01 -2.05983686e-01
  2.27629694e-01 -3.46824115e-03 -2.26218225e-02  1.74644885e+00
  2.01588775e+00 -3.32040554e-01  3.90788687e-01  1.27267978e+00
 -2.72706307e-02  3.81737026e-01  1.27147421e-01 -2.96717272e-01
  8.88126351e-01  1.12111903e+00 -1.01016858e+00  8.74489097e-01
 -6.44194824e-01 -5.78057246e-01 -7.91105616e-01  6.67015644e-01
 -6.96966850e-01 -1.55037874e-01  1.50124735e+00  9.88658745e-01
  4.29565603e-01 -7.27216459e-01  1.10312067e+00 -1.48126231e+00
  4.40994296e-01  4.09104253e-01 -1.55766507e+00 -1.11651483e+00
  5.11338377e-01 -9.79849024e-01 -5.39613138e-01  1.20585826e-02
  2.17760383e-01 -1.45626610e+00  6.14005940e-01  1.71907483e+00
  1.34980985e-01  1.88689749e+00  1.96859362e-01  8.75647522e-01
 -6.83909079e-02  6.21332582e-01 -1.07633810e+00  3.60415659e-01
  1.36327503e+00  1.20239669e+00 -1.40089673e+00  1.65865081e+00
 -1.31315539e+00  1.19203935e+00  2.00833434e-01  1.57677605e+00
  1.28029923e+00 -1.04092440e-01 -1.27852435e-03 -4.42605659e-01
 -5.60576926e-01 -8.52695937e-01  2.13270905e-01 -3.33104752e-02
 -2.57375760e-01  4.91005009e-01  1.37079521e+00  5.22845064e-02
  4.88182147e-01  7.58159569e-01 -4.95053792e-01 -1.92163108e+00
 -1.63446680e+00 -1.30107827e+00  9.21035102e-01  8.56964354e-01
 -5.20577255e-01 -1.28600932e+00  7.91328136e-01 -7.45875821e-01
  1.01769483e+00 -1.02323233e+00  1.30876649e+00 -8.07591672e-01
 -1.65637866e+00  2.21841743e-01 -1.42900015e-01  1.07705422e+00
  1.42708264e-01 -1.33711776e+00 -2.09556529e-01 -1.59452334e+00
 -9.66214292e-01  9.51105118e-01  4.04441123e-01  5.29500690e-01
 -2.56255785e+00  3.12577451e-01  1.11529063e+00 -1.17461930e+00
 -7.50433162e-01 -8.09470146e-01 -1.36592231e+00  6.24057727e-01
 -7.57131410e-01 -1.34530227e-01 -1.00052238e+00 -1.27316447e+00
  5.17719196e-01 -1.95626999e+00  6.86541008e-01 -6.07111905e-02
 -5.23796588e-01  2.97656559e-01 -1.27456354e+00 -5.21273872e-01
 -2.82752302e-01  8.31363304e-01 -4.85192167e-01  8.07447336e-01
 -9.41011590e-01  1.08575118e+00 -1.25030840e+00  4.85798029e-01
 -8.19562569e-01  6.34862904e-01 -1.43842194e+00  1.58521866e+00
 -3.10066972e-01  5.14378104e-02  9.45682876e-01 -2.56891645e-02
  5.27714169e-01 -1.43830621e-01 -3.45304491e-01 -1.76061851e-02
  1.53022740e+00 -2.74523300e-01  8.40636608e-01  4.64544841e-01
 -1.15836915e+00 -2.74269453e+00 -2.60584603e-01  8.82873574e-01
 -5.94712764e-01 -2.19003407e+00 -2.04182705e+00  5.26028573e-02
 -4.67021310e-01  1.27739394e-01  3.26589783e-01 -1.02113545e+00
  3.33659237e-01  1.41042129e+00  4.80106025e-01 -1.14276392e+00
 -1.34668436e+00 -9.12353990e-01  7.02183894e-01  1.97606261e-01
 -1.86244332e-01  5.85819230e-01 -5.60482852e-01 -8.85263591e-01
  5.63183429e-01  1.12625152e+00 -1.81382802e+00  8.18398564e-01
 -1.39367476e+00 -8.40346801e-01 -6.64789596e-01  1.28986482e+00
  6.40607367e-01 -3.42976061e-01 -1.02911474e+00 -4.15072966e-01
  2.64438042e-01 -2.11281890e-01  6.74434343e-01  7.78378784e-01
  1.48895943e+00 -1.88809437e+00  2.30232550e-01  1.66758598e+00
  8.37668409e-01  5.68989509e-01  2.05456814e+00 -5.90635924e-01
  1.11562833e+00 -4.98279011e-01  1.12493583e+00 -1.11376046e-01
  3.36765119e-01  3.16779192e-02  3.31648093e-01  9.48820098e-02
 -1.48381207e+00 -1.93293423e-01 -2.49859289e-01 -2.17926247e-01
 -2.29335549e-01 -5.52723936e-01  3.85838112e-01  5.07740263e-01
 -2.25423647e+00 -8.07448575e-01 -8.23264342e-01 -2.65380609e-01
  7.75886358e-01 -2.68985902e-01  7.04265270e-01 -5.55659774e-01
 -5.97567643e-01 -2.68178017e-01 -8.37237912e-01  1.53026654e+00
 -7.46114480e-01  1.15337399e+00 -4.52555139e-02 -6.45834582e-01
 -5.61271946e-02  8.31929580e-01 -1.87708980e+00  6.01408930e-01
 -6.17792486e-01  2.91802509e-02 -6.16333345e-02 -4.07008859e-01
 -6.71732539e-01  4.81927172e-01  4.87845156e-01 -2.56357151e-01
 -7.61313746e-01 -3.58750932e-01 -4.42972437e-01  1.17371230e+00
  1.73123836e+00 -7.22481112e-01 -8.21740053e-01  5.54636141e-01
 -1.33950744e-02  1.56695865e+00 -7.41623819e-01 -1.94774203e+00
  1.63959575e-01 -4.23587998e-01  5.38568893e-01 -3.14546272e-01
  5.87453264e-01  9.50474967e-02 -1.37290828e-01 -1.43844389e+00
 -4.56835079e-01 -1.78661524e+00 -1.54301334e+00 -6.19421028e-02
  1.52615276e-01 -4.77010460e-01  3.20291991e-01  1.43093312e+00
 -1.19915886e+00 -1.52186769e+00  6.49653671e-01 -1.18839804e+00
  1.11652587e-01  9.53253980e-01 -6.42164554e-01 -7.06705089e-02
 -1.39776464e+00 -5.92237287e-02 -3.26294420e-01  8.65799251e-01
  1.75913392e+00  1.20858113e+00 -2.11679647e+00  1.12683980e+00
 -1.02554057e+00 -1.00311351e+00 -5.42403261e-02 -2.19841628e-01
 -1.47114868e-01 -9.10685560e-01  9.24843121e-01  9.37267649e-02
 -7.49096758e-01  2.79737024e-01 -3.97776337e-02  1.01713885e+00
  4.60597743e-01  1.51832700e-01  3.61122725e-01 -1.28126369e+00
 -4.02519633e-03  5.53296647e-01  1.46051277e-01 -4.59176415e-01
  7.33440522e-02  4.39266454e-02 -3.54137316e-01 -2.59042850e-01
 -1.24207241e+00 -8.06912076e-01 -1.37882139e+00  4.55151884e-01
 -2.70760857e-02  8.31061987e-01  9.90403811e-01  5.43670680e-01
  3.47630880e-01 -5.66030230e-01  1.23090861e+00 -2.91318038e+00
  1.13680098e-01 -6.44057307e-01  1.27580140e+00 -3.45314978e-01
 -1.38290535e+00 -1.94281676e+00 -7.14990464e-01 -8.40026327e-01
 -1.93020168e+00 -4.98208026e-01 -4.32022164e-01  3.02122386e-01
 -3.43300584e-01  3.38588594e-01  2.72510557e-01 -3.64409720e-01
 -1.25428841e+00  9.91434440e-03  2.37041446e-02 -3.05467339e-01
 -1.24059998e+00 -5.39534384e-01 -1.09265917e+00 -1.37002825e-01
  4.36861933e-01  1.59328103e+00  2.06073612e+00 -3.95040077e-01
  6.57617120e-01 -1.86951085e+00  4.01273401e-01  1.10321823e+00
  1.35417669e+00 -5.55861239e-01  1.17783183e+00 -1.44690654e+00
  6.63578890e-01 -2.08791511e-01  6.98430751e-01 -1.79843339e+00
  2.98598106e-02 -1.62394991e+00 -8.11924066e-01  1.62599059e-01
 -1.58144526e-01  8.08939109e-01  5.85219165e-01  1.22767101e+00
  1.12404101e+00 -5.41030789e-01  1.13457330e+00  7.89452582e-01
 -7.29979069e-01 -5.81807296e-02  8.81420226e-02 -1.10974367e+00
  1.86327089e+00  1.38106746e-01  4.82939636e-01 -6.24977805e-02
  1.57338041e+00 -1.07866504e+00  2.91989796e-01  2.70260393e+00
 -2.50625988e+00 -9.80225480e-01  5.31394048e-01 -7.53082046e-01
  4.57881581e-01 -2.04502838e+00  1.06419785e+00  1.68923976e+00
  6.67595258e-01 -3.83602157e-01  6.70780969e-01  1.56067620e+00
  1.87870683e-02 -1.19040982e+00  1.07462740e+00  1.51828058e-01
 -1.66647622e+00 -1.66107785e+00 -2.04720063e+00 -6.29763020e-01
  1.24627691e+00  1.18481406e+00  2.63452367e+00  6.61316689e-02
  7.22557647e-02 -1.07872442e+00 -2.92216438e-01 -2.42833024e+00
  7.36974842e-01 -1.99721537e+00  5.20105935e-01  1.44269571e+00
  8.74311638e-02  1.91850933e+00 -3.28814216e-01  8.08792981e-01
  6.03488701e-01 -7.74176724e-01 -8.46029731e-02  1.21474397e+00
  1.02888505e+00  1.00848426e+00  2.10824953e+00  2.16592534e-01
 -7.05633464e-01  1.60384204e-01 -3.45613982e-01 -1.32729284e-01
  8.31555262e-01 -9.83048522e-01  9.42640995e-01  2.74457979e-01
  1.27098442e-01 -4.66648444e-01 -1.02974300e+00  4.43596360e-01
  1.94378686e+00 -4.73662215e-01  4.66896220e-01  1.01146242e+00
 -2.47628697e+00  8.07289325e-01  1.26054758e+00 -1.60421028e+00
 -1.98939233e+00 -2.27381295e-01 -2.38187679e-01  1.87280864e-01
  2.31058551e-01 -1.22524286e-01 -1.77987164e-01  9.19517379e-01
 -3.23777989e-01  7.59521461e-01  8.82549010e-01 -2.29194079e-01
  3.34020905e-01  2.31216448e+00  8.13017169e-01  5.50113366e-01
 -2.37105537e+00 -1.94453078e+00 -2.07949136e-01 -5.77698117e-01
 -1.28559728e+00 -1.53681212e+00  7.49448404e-01 -5.98679123e-01
 -3.90243021e-01  2.14934902e-01  4.54232498e-01 -1.18094381e+00
  7.14056339e-01  1.82301032e-01  1.77309995e+00  6.18059927e-01
 -1.44069575e+00  8.79673883e-01  1.68526908e+00  2.25454912e-01
 -1.55083944e+00  5.05995280e-01 -8.73465673e-01  2.04816162e+00
 -2.25125033e-01  1.51532463e-02 -1.53882377e+00  5.38513659e-01
  1.32966599e+00  4.01980139e-02 -5.79940370e-01  1.38250751e+00
 -1.66103250e+00 -4.07057130e-01 -7.43660503e-01  1.62177614e-01
  6.03418280e-01 -4.66240602e-02  2.92067316e-01  7.51727942e-01
  1.00963176e+00  1.01143760e+00 -1.73282177e+00 -5.80178296e-01
  1.86357215e+00  3.07919161e-01 -1.32897373e-01 -1.00205270e+00
  2.66268089e-01 -2.02570088e-01  1.17718166e-01 -1.23646085e+00
  1.32636986e+00  1.17370354e-01 -1.49018264e+00 -1.47939186e+00
 -4.47380445e-01  2.01797503e+00  4.69734185e-01  2.27878464e+00
 -1.05622318e+00  2.45151138e-01 -1.24629060e+00  2.51294227e-01
 -1.83524025e-01  9.75421114e-01  2.53753760e-01  2.09075378e+00
  2.98951482e-01 -2.53837012e-01 -7.53989268e-02 -8.04583417e-01
 -6.69445746e-01  9.80246630e-02  1.37396045e+00  6.24037890e-01
 -2.97014827e-01 -1.72864290e+00 -9.47602337e-01  1.16226311e-01
  3.32385163e-01 -4.02192497e-01  1.69882793e-01  1.02157798e+00
  1.28074260e+00  1.76365989e+00  2.07531902e+00  5.86616530e-01
  1.05694221e+00  1.73930215e-01  8.04051006e-01  1.20882845e+00
  2.04639299e+00 -6.48603384e-01  2.72986194e-01  5.44706599e-01
  6.01902985e-01 -2.49529913e-01 -8.04604336e-01 -3.37574166e-01
 -7.38600894e-01  1.59077378e-01  3.84692977e-02  1.12638522e+00
 -4.08685861e-02  4.61833402e-01  3.02146819e-01  2.70669824e-01
 -7.68515749e-01  7.25047723e-01 -6.44410316e-01 -1.09826952e-01
  2.55255937e-01 -4.49208850e-01 -1.38633016e-01 -2.03185719e+00
  9.27605243e-01 -6.05749960e-01  4.16990278e-01  8.74830689e-01
  5.68450612e-01  1.93994553e-01 -3.10016262e-01 -1.11108417e+00
  1.81830364e+00 -7.24038236e-01 -7.09227399e-01 -3.30732678e-01
 -8.72829650e-01  2.77900302e-01 -1.94956776e+00 -1.82655263e-01
  4.26710143e-02  1.93233659e-01  9.89826475e-01  1.92004593e+00
  4.92445646e-01  1.14523454e-01 -1.38140900e+00 -7.71079481e-01
  1.17670653e-01 -9.96779933e-01  2.52459221e-01 -5.78683884e-01
 -8.07443059e-01 -3.33076960e-01 -2.97179387e-02 -3.59521167e-01
 -2.46931632e-01  4.66735035e-02 -6.23603303e-01  7.11242447e-01
  2.70925440e-01  5.35906891e-01  8.32752696e-01 -7.29621886e-01
  2.22983004e-02  1.12186874e+00 -6.04517157e-01  3.14915345e+00
 -8.18587305e-01 -3.53773740e-01  1.53748935e-01  2.13319104e+00
  3.11059852e-01 -5.63827741e-01  3.70353441e-01  2.67658176e-01
  1.72628329e-01 -1.97450379e-01 -1.11699517e+00 -1.29097211e+00
 -4.49503373e-01  9.98275156e-01  2.45029064e-01  2.87907254e+00
  8.52800608e-01  5.51546107e-01 -2.16954956e+00  2.03782997e-02
 -1.72746591e-01  8.29721421e-01  8.73173966e-01  3.15867093e-01
 -1.41693154e+00  1.24621997e-02  1.28126695e+00  8.02685946e-01
 -7.26201557e-01 -6.88457078e-01 -2.06721964e+00  9.18014458e-01
  4.90059083e-01 -6.23269676e-01  2.26273322e+00  5.62218530e-01
  1.93039559e+00  9.49338476e-01 -1.69566024e+00 -1.11049212e-02
 -2.15776492e-01 -2.26714301e-01  7.21603650e-01  1.98832436e+00
 -6.01730512e-01 -1.40510630e+00  1.06483019e+00 -1.06028631e+00
  1.84732426e+00  2.07987761e-01  1.33554526e+00 -2.35237864e+00
 -9.43312929e-01  1.43126318e+00 -7.05751609e-01 -7.43563081e-01
 -1.42442656e-01  1.00915588e+00  5.00108285e-02  5.38932598e-01
 -5.71230084e-01 -6.47008766e-01  1.57796090e+00 -6.36553827e-01
  1.68161165e+00  2.25243151e+00 -1.01345458e-01 -4.41494298e-01
 -6.20663341e-01  6.96174801e-02  2.03861747e-01  5.55088296e-02
 -1.33663372e+00  3.76460798e-01 -1.29190148e-01  1.11111703e+00
 -3.37308680e-01 -1.74228318e-01 -6.89241054e-01  2.49104299e+00
  5.42257573e-01 -1.28348112e+00 -1.38361461e+00 -7.81742066e-02
  4.55041013e-01  2.14519067e-01 -2.08186651e-01  7.86228317e-01
  2.69751550e+00  5.24805034e-01  5.21844638e-01 -3.42311650e-01
  2.14522940e-01  1.31827387e+00 -2.47078039e+00 -8.56029562e-01
 -6.34859032e-01 -6.29286681e-01 -5.06327713e-01 -2.97354442e-01
  1.93413523e+00  1.70263570e+00 -4.59373304e-01 -1.39500839e+00
  3.00178895e+00 -3.72104834e-02 -1.13273546e+00 -6.27219817e-01
  1.29741037e+00  7.16709751e-01 -3.75971548e-01 -1.07111809e+00
  1.17027602e+00 -5.69160814e-02 -6.21379665e-01 -1.20351053e+00
  1.84649933e+00  3.11931477e-02  9.81205851e-01  4.22636052e-01
 -8.51061593e-01  6.92908218e-01  3.62284404e-01 -6.03841591e-01
 -1.33110274e+00 -1.08106344e+00  2.23880690e-01 -1.32760805e+00
 -1.74273559e+00  2.13149255e+00 -1.16464142e+00  1.61994468e+00
  6.32311138e-01  1.99250988e+00  1.23433005e-01 -1.07060326e+00
 -1.29584508e+00  2.36028081e-01 -6.41219735e-01  3.95613511e-01
 -8.26656755e-01  2.97205852e-01  1.08114806e+00  2.53847784e-01
  8.73484499e-02 -4.98817263e-02 -1.76660699e+00 -1.44026120e+00
  1.35880917e+00 -8.74558627e-01  1.25028481e+00  1.59249277e+00
 -6.56930940e-01 -1.07485092e-01  1.83387937e+00  2.13354523e-01
  1.27188509e+00  1.07963322e+00 -1.83843223e-01 -1.91321016e-01
 -5.94587346e-01  7.49043930e-01 -5.32169104e-01 -4.74579287e-01
  3.98205438e-01 -4.55223199e-01  8.27546814e-01  1.13134692e+00
 -1.79811693e+00 -1.42707704e+00 -2.19349817e-01  1.82776191e-01
 -1.12690890e-01  1.12374398e+00  7.53355339e-01 -1.45206950e+00
 -7.49195561e-01  1.79556131e+00 -1.53450377e+00  1.27854840e-01
 -9.44475943e-01 -2.33513361e-01  2.04509916e+00  2.18462877e+00
  6.40982789e-01 -1.44280553e-01 -9.67472682e-01 -1.63787206e+00
  1.50392275e+00  4.19946067e-01 -2.48702937e-01  9.75778279e-01
 -6.52958004e-01 -6.03141711e-01  1.61646280e+00 -5.47260257e-01
  4.36622738e-01  1.08172536e+00 -9.60052014e-02 -3.32178472e-01
  1.50564254e+00 -1.38788942e+00 -6.59501070e-01 -3.67642874e-01
 -1.97445756e-01 -1.52620414e+00  2.73400335e-01 -5.47781703e-01