 1.96324855e-01  3.14146790e-01  1.07979057e-01 -2.35146567e+00
 -7.11407699e-02  1.79266920e-01 -1.03945998e+00 -5.33226887e-01
 -2.77742959e-01  1.23763416e+00 -7.66923565e-01 -1.09418712e+00
 -1.71567396e-01 -6.37105614e-01  9.72404670e-01  4.75346196e-01
  7.78959974e-03  1.05092969e+00  2.14213150e+00  2.86997820e-02
 -5.69471424e-01  1.30193133e+00  1.70325567e+00  1.35901831e+00
  2.06296886e-01 -1.22391259e+00 -2.36427081e+00  1.62423766e+00
 -3.44749144e-01  2.91530197e-01  9.25264571e-01 -1.64296415e+00
 -1.06014170e+00  1.06230743e+00  8.78325431e-01 -9.81705459e-02
 -1.36907951e+00 -2.23177056e-01  1.08445435e+00  2.74305130e-01
  4.48712011e-01 -4.15637326e-01  8.00696223e-01 -1.42017475e+00
  6.76159155e-01  6.11571126e-01 -9.98484027e-01 -1.71829051e-01
  9.38513656e-01 -8.96171704e-01  2.29501393e+00 -4.45285270e-01
 -1.62832553e-01 -6.29364369e-01 -1.06218524e+00  8.51020151e-01
 -2.29097138e+00  1.24802417e+00  1.03761429e+00  5.26563132e-01
  1.19212052e+00  8.71072917e-01  2.09714533e-01 -1.45620946e+00
 -1.13066829e-01  6.21911187e-01  3.02432627e-01 -9.41351841e-01
  1.13466106e+00  1.32165500e+00 -6.26905409e-02  1.27217129e+00
 -2.79933948e-01  1.24154203e+00  1.38213094e+00  1.36769723e+00
  1.28949595e+00 -4.39213448e-01  1.39184251e+00 -1.74683430e+00
 -1.11463728e+00  1.49292869e+00  9.14006731e-01  8.77600354e-02
  1.95303980e-01 -1.87204808e+00  4.77233542e-01 -8.22519348e-01
 -2.17444983e-01 -1.20592467e+00  1.67624560e+00  1.59682674e+00
  1.22894209e+00  7.95977422e-01 -6.85480076e-01  3.65003409e-01
  5.96052714e-01 -1.02873805e+00  6.19066310e-01 -1.24760071e+00
 -1.59445011e+00  6.06235900e-01 -1.10493687e+00  7.74222934e-01
  2.61382179e+00  1.13950475e+00 -1.37465962e-01 -2.33985776e+00
 -9.54657021e-01  1.86165416e-01 -8.57686485e-01 -4.27805769e-01
 -6.48793933e-01 -6.45880767e-01 -2.46662375e+00  8.80438299e-01
  3.43494131e-01  1.86896089e+00 -6.81992452e-01  5.11386125e-01
  1.96569837e-02  7.05485970e-01 -1.83989725e+00 -1.07480306e-01
  2.22074146e-01  1.01337152e-01 -6.76539073e-01 -3.39830011e-01
  1.16355615e+00 -3.58661111e-01 -8.16303018e-01 -1.15807963e-01
 -3.13123835e-01 -9.46527324e-01  7.63211119e-01  1.07882995e+00
 -1.24913546e+00 -1.24464111e+00 -8.20540980e-01 -1.11641369e+00
  2.77089512e-01  1.00742922e+00 -5.10653760e-01 -1.74066462e+00
 -1.03562701e+00 -1.77955369e-01  2.80809090e-02 -1.09115671e+00
  5.14161780e-01  8.62266700e-01 -2.30809818e+00  1.61259097e+00
  1.09864184e+00 -3.53579596e-01  2.12015264e+00  9.11897194e-01
 -1.35192640e+00  6.28562953e-01  1.06552902e-01 -3.42967214e-01
  1.23113900e+00 -8.82118236e-01 -9.93057281e-01  5.47559697e-01
  9.88742393e-01 -7.88706554e-01 -4.12979080e-02 -4.51726845e-01
 -4.72526566e-01  8.55365430e-01 -2.55317836e+00  1.36403434e+00
  7.83432335e-01  1.65667238e+00  3.83698658e-01 -1.21464131e+00
 -2.10969098e-01  5.49693742e-01  1.76478031e+00  1.04663885e+00
  7.90001440e-01 -7.56544039e-01  1.14780008e+00  1.18564939e-01
 -9.74554321e-01 -1.71260659e+00  6.57290841e-01  1.54461727e-01
 -8.37100348e-02 -6.07172953e-01 -2.00717868e+00  7.59414138e-01
  7.24898834e-02  1.38908762e+00 -1.94195802e+00  1.58942872e+00
 -1.23220532e-01  1.04896413e-01  1.15497427e+00 -2.27671066e-01
  4.22526651e-01 -6.34919610e-01 -2.18150528e+00  2.88564173e-01
  1.21991559e+00  5.26484749e-01 -1.49430353e+00 -3.47953330e-01
  5.98329884e-01  3.70860245e-01  8.91393468e-01 -9.54241184e-02
  1.91306934e-01  4.97122470e-01  1.80002446e+00  6.77720327e-01
  4.18018705e-01  8.20247540e-01 -4.50196603e-01  1.27345349e+00
 -1.04939336e+00 -5.88722931e-01 -9.74708309e-01 -6.76910297e-01
 -8.76657886e-01 -1.65068853e-01 -8.75493122e-01  2.01685986e-01
 -1.23072179e+00  1.34800859e+00  1.41571126e-01  1.32682024e-01
  2.60689433e+00 -8.55150542e-01  1.53960335e+00  3.74332806e-01
  2.36628748e-01  7.96369137e-01 -2.46540633e-02  7.96790083e-01
  1.39105498e+00 -1.45678248e-01 -1.17934556e+00 -8.29352685e-01
 -7.44884954e-01  2.74129369e-01 -1.06583251e-01  3.36876648e-01
 -1.82196744e-01  2.38885036e-01  1.99952782e+00 -2.85777199e-01
 -1.54929230e+00  1.71771270e+00 -1.27367329e+00  5.85514956e-01
  7.01502302e-01  2.12044641e-01 -8.61943577e-01 -1.09245448e+00
  5.90234747e-01  7.83806098e-03 -1.70183317e+00  2.51910499e-01
 -5.31842966e-01  5.06789233e-01  7.91388044e-01  2.90388584e-01
 -1.93426582e+00  5.99057571e-02  1.40259211e+00  7.10274797e-01
 -1.38721927e+00  7.23560731e-01  4.44888487e-02 -6.88754021e-01
  7.45629229e-01  1.60907277e+00 -2.58213676e-01 -6.76802478e-01
 -1.31669480e+00 -1.29549816e+00 -1.53785772e+00 -2.34913630e-01
  3.64720260e-01 -1.09544599e+00  9.18536798e-01  1.46456451e+00
 -2.18017786e+00  1.27310149e+00 -1.47893181e+00  3.57112616e-01
 -1.80174946e-01 -3.48607980e-01  2.60508947e+00  1.45855272e+00
 -1.17564333e+00  2.96539006e-01  2.17292609e-01  1.82818689e-02
  7.21488019e-01 -7.66407055e-01 -1.35226312e-03 -7.09434108e-01
 -1.55095591e+00  1.61656521e-01  1.07155387e-01  5.86918915e-01
 -9.49126842e-01 -9.52855472e-01  3.65617199e-01  3.23766872e-01
  1.22231840e+00 -4.45639084e-01 -1.89832490e+00  1.11130644e-01
 -1.29716924e+00  6.69836173e-01  8.22036047e-01  1.07275891e+00
  9.03496732e-01 -1.67083812e-01  9.05059102e-01  1.03796925e+00
 -8.54167399e-02 -1.68422792e-01  8.88748652e-01 -1.60856908e+00
  1.66014717e-02 -2.01745851e+00  1.44016821e+00  5.04310427e-02
 -4.14979959e-01 -5.04826932e-01 -3.15601461e-01 -6.68961214e-02
  3.80024869e-01 -2.17333166e-01  2.45808308e-02 -1.60793471e+00
  9.74001937e-01  1.57709128e-01  8.08723768e-02 -1.56190480e+00
  4.49108403e-01 -7.58634480e-01  9.84305633e-01  1.12788768e+00
 -6.34931212e-01  1.86931310e+00 -3.16911312e-01  7.97072498e-01
  2.08778400e-01  6.73540868e-01  9.82823466e-01 -1.54974837e+00
 -2.94377306e-01 -9.14631542e-01 -2.12775939e+00 -2.01819777e+00
  5.81029217e-02  3.07926945e-01  1.96821195e+00  1.03384960e+00
 -1.09739137e+00  2.00849208e-01  1.61036214e-01 -9.19209702e-01
  8.20888161e-01 -5.04602043e-01  3.41913215e-01  7.84327427e-03
 -1.02525545e+00 -1.35827578e-01  3.02514977e-01 -1.20838430e+00
  1.48739492e+00  2.56702451e-01 -5.37697956e-01 -1.15255936e+00
 -1.88940421e-01  5.40499807e-01 -1.77126832e+00  7.05774603e-01
  1.16226810e-01  1.20896440e-01 -4.48794794e-01  7.05251593e-02
 -7.24198989e-01 -1.05280007e-01  4.74337149e-02 -3.14043675e-01
  8.62678883e-01 -1.96269146e+00 -6.35621839e-01  1.63244822e+00
  3.69450404e-01  9.47255415e-01  8.15537909e-02  6.28339979e-01
  2.48948384e-01  8.30998885e-01  1.67732739e+00  8.54546999e-01
 -3.46044443e-01 -1.47850267e+00  9.70686259e-01 -9.15385474e-01
 -1.44196716e-01  4.98684748e-01 -1.51009184e+00  1.19048646e+00
  2.24870432e-01  3.04543317e-03  4.06494319e-01 -7.37984187e-01
 -2.50363098e-01  6.39146379e-01 -5.14108310e-01 -1.34816446e+00
 -1.63890119e-02 -1.06387543e+00 -5.92859308e-01 -4.92354430e-01
 -1.32012354e-01  1.10693995e-02  1.83475173e-01 -9.03879611e-01
 -9.03225675e-01 -2.62750383e-01 -1.24133532e+00  2.29036300e+00
 -9.02596454e-01  1.92041399e-01 -2.14308757e-01  2.97254474e+00
 -9.42937827e-01 -3.63606109e-01  1.38666253e+00  1.64933824e+00
  8.42075085e-01 -2.21457786e-01 -3.02259538e-01 -1.99962536e+00
 -9.14693879e-01 -2.86209974e-01  2.78209247e-01  1.18881173e+00
  1.65150568e+00 -1.28933726e+00 -1.14346835e+00  4.77156153e-01
 -4.70586036e-01 -1.77323593e-01 -7.07491196e-01 -1.83072732e-01
  4.62195810e-01 -3.48803681e-01 -1.25228064e-01  3.73863109e-01
 -2.79989074e-01  1.20395621e+00 -5.44653540e-02 -1.07141804e+00
  1.79684988e+00 -2.37552198e-03  9.75771198e-01  7.19905508e-01
 -1.25432510e-01 -4.95430870e-02 -2.67322902e-01 -8.28671926e-01
 -1.00253901e+00  1.05978361e-01  1.91580818e+00 -2.23750493e-01
 -6.54860844e-01  6.52445546e-01 -6.39819276e-01 -1.51188746e+00
  1.04611316e+00 -1.09207336e+00 -1.03834053e-01 -3.38508373e-01
 -8.12973644e-01  6.75427468e-01  1.98295128e-01  1.18777309e+00
 -2.23024862e-03 -4.72956292e-01 -2.18245567e+00 -1.06745156e+00
 -8.06425491e-01  1.08785334e+00 -2.21387718e-01 -2.35473874e+00
 -1.00483519e+00  4.46727764e-02  1.60296234e-01 -1.05579607e-01
  4.29643747e-01 -8.12446989e-01  3.09157657e-01 -2.82689574e-01
 -6.75948260e-01  2.07791497e-01  7.86471531e-01  1.30969043e+00
  6.97764639e-01 -4.61536165e-01 -5.40441053e-01  5.39322010e-01
 -7.75599283e-01  1.92999472e-01 -1.05234405e+00 -2.50437489e+00
  2.92876286e-03 -6.99136236e-01 -6.23097782e-01  8.49180761e-01
 -3.13694060e-02 -2.78773742e-01  2.41098274e-01 -6.44468887e-01
 -1.13382020e-01 -6.46533003e-01 -7.08960869e-01 -3.14533339e-01
 -7.15670567e-01 -1.79063716e-01 -1.45071600e+00  6.78611435e-01
  2.18926129e+00 -7.78962187e-02  2.69956540e-01  6.82233854e-03
 -1.83588316e+00 -3.34880625e-01 -8.22315250e-01 -4.22716996e-01
  3.35194764e-01  4.65994956e-01 -1.23491734e+00 -2.32647276e-01
  5.85952386e-01  1.23095993e+00 -1.48559418e+00  1.06097048e+00
 -2.41714932e+00  5.79724848e-01 -1.64921207e+00  5.68829875e-02
 -3.47871932e-01  1.70157769e-01 -1.00158144e+00 -6.95346127e-01
  1.64452794e+00  1.32792046e-01 -1.56704037e-01  9.88440083e-01
 -1.71557179e+00 -5.78086963e-01 -5.37715566e-01  1.02687964e+00
  8.30754653e-02  8.35650846e-01 -1.05781744e+00  1.06697230e+00
 -7.84959521e-01  1.88724054e-01  5.09738158e-01 -1.79720168e-01
 -5.54656156e-01  7.90098930e-01 -2.19168875e-01  4.38193800e-02
  1.04393042e+00  4.34856938e-02 -1.00897620e+00  1.32809363e+00
 -3.62868074e-01 -1.99124378e+00  3.41875014e-01  4.33983391e-01
 -9.27103553e-01 -1.10268073e+00 -1.24616123e+00  6.93428301e-01
 -5.60493430e-01  1.29200821e-01  1.66542875e+00 -5.94520398e-01
  1.09283886e+00 -5.05369276e-01  7.27730973e-01  5.90769706e-01
 -2.18574763e-01  1.26466587e-01 -5.49746818e-01  2.81128350e-01
  1.66633946e-01  3.64524223e-02 -8.18839716e-02 -1.25045943e+00
  1.15073636e+00  1.78050565e-02 -8.38490095e-01 -3.70053520e-01
  9.52942079e-01 -9.02264691e-01 -6.99920633e-01 -4.62663201e-01
  5.14681780e-01  2.84397236e+00  6.42508000e-01 -3.80507281e-01
 -2.92811411e-01  3.55130265e-01  5.33497832e-01  4.29235160e-01
 -1.04561674e+00  2.89122542e-01  9.92864227e-01 -2.20307788e+00
 -6.08978281e-01 -2.88191209e+00  5.91474736e-01  5.17204379e-01
  2.94490106e+00  6.87335163e-01  1.69171507e-01 -2.41839534e-01
 -6.50070503e-01  4.23064494e-01 -5.84308686e-02 -1.07384184e-01
  5.80497411e-01  8.83985762e-01  5.89213684e-03 -6.38363535e-03
 -6.89751004e-02  3.31678765e-01 -6.17024416e-01  1.38046269e-01
  1.50434230e+00 -4.58441950e-01  2.43229857e+00  6.04286843e-01
  1.46858663e-01  5.28391898e-01 -1.27104310e+00 -5.44117065e-01
  1.81459624e+00  8.24505333e-02  9.57102469e-01  1.39929008e+00
  2.35615373e-01 -2.77645969e-01 -6.29220559e-01  3.57260291e-01
 -5.55112494e-02  1.77801931e+00 -9.13479654e-01 -2.48730473e+00
  2.79352682e+00  2.30532322e-01 -9.18107824e-01 -4.55706755e-01
  1.60829930e-01 -4.14504322e-01  8.49939498e-01  3.79202186e-01
 -6.01181695e-01 -1.25018154e+00 -4.49160193e-01 -1.81208467e+00
 -1.85164845e-01  1.29911474e+00 -5.05208643e-01 -1.26344255e+00
 -1.17860069e+00 -9.74267798e-01 -1.25298332e+00 -1.46638629e-01
 -3.55857266e-01  7.70272201e-01  2.54122218e-01  1.69505163e+00
  4.47127234e-01 -1.03940695e+00 -1.00210216e+00 -1.58679288e+00
 -5.10262896e-01 -6.10759145e-01  1.65603196e+00  1.16069939e+00
 -8.17602105e-01 -7.97599340e-01 -2.03170981e+00  1.14994222e+00
 -1.10315816e-01 -9.23130362e-01 -1.19069831e+00  1.00597767e+00
 -8.24594334e-01 -3.19150942e-01  1.29109543e+00 -9.20768390e-01
 -9.08459050e-01 -8.73259372e-01  7.01138512e-01 -4.11278787e-01
  2.18573121e+00 -1.12740047e+00 -1.20495865e-01  5.06907121e-01
  1.71902705e-02 -5.27321708e-01  7.64790395e-01  5.75225055e-02
  1.37761306e+00  1.66892044e+00  1.12755385e+00  9.42760355e-01
  1.86113347e-01 -6.94678740e-01 -2.34944519e+00  5.13270563e-01
  2.63594875e-01 -1.08446867e+00 -3.42091623e-01  4.71641776e-01
  2.76474384e-01  7.70851100e-01 -2.79601158e-01  6.13911706e-01
 -3.57742077e-01 -6.70902303e-01  9.28130253e-01 -7.02008383e-01
  1.05692050e+00  6.50329751e-02  8.60060770e-01  1.89584848e-01
  1.21409349e+00 -1.52592490e+00  2.82337007e-01  2.34669767e-03
  4.72972038e-01  1.64847522e+00  1.08130927e+00  1.18923575e+00
  1.30860804e-01  9.53801250e-01  2.02952097e+00  9.51241499e-01
  2.47727126e-01 -3.28253997e-02  1.36578807e+00 -4.18376063e-01
  7.93261391e-01  2.35658841e-01 -1.77535920e+00  5.66857969e-01
 -1.41755135e+00 -1.01643810e+00  1.06817039e-01 -5.51888346e-01
 -3.55424142e-01 -3.21214726e-01 -2.80630541e-01  2.13521016e-01
  5.65438131e-01 -6.48191051e-01 -6.17443987e-01  6.45082730e-01
  7.90398631e-01 -8.03947357e-01  1.47983835e+00 -3.78267245e-01
  4.92603625e-01 -6.98808533e-03  4.43149699e-01  4.89464632e-01
 -1.56647978e+00 -1.92855280e+00  1.86532336e+00  1.07241396e+00
 -1.62603272e+00 -4.45163277e-01  8.24538203e-01 -1.59173479e+00
 -1.04034647e+00  9.53211442e-01 -2.41172412e-01 -1.23572681e+00
 -1.27029521e-01  2.52686208e-01  2.98875670e-02 -1.17789720e-01
 -1.21757645e+00 -5.28960015e-01 -4.65136173e-02 -6.78531574e-01
  6.62998579e-02  6.41574230e-01  3.21677561e-02  6.89956506e-01
  4.35864070e-01 -4.21867365e-01  1.70046634e+00 -6.64514085e-01
 -5.99463213e-01 -3.49706046e-01 -6.22426421e-01  1.92373560e-01
 -5.23477308e-02 -1.81160373e-01 -1.17462318e+00  5.93953130e-01
  2.12272619e-02  1.53735278e+00  1.11206692e+00  3.99821003e-01
 -1.13359604e+00 -7.38660890e-02  3.88621472e-02  1.88238372e+00
 -3.74449702e-01 -1.10370727e+00 -1.98713251e+00 -2.32418804e-01
  1.09707271e+00 -2.04558569e+00 -5.22502850e-01  8.44209574e-01
  2.03568339e-02  2.60082140e+00 -1.69665779e-01 -1.24209455e+00
  5.37254876e-01 -2.23651880e-01  1.67576016e+00 -8.67677328e-01
  5.99158207e-01  5.29123227e-01 -4.53299366e-01  1.50218043e+00
  8.44840265e-01 -1.03907163e+00 -1.43887289e-01  1.01204962e+00
  1.34666486e+00  2.52199667e-02 -2.08993000e+00  1.20401078e+00
  1.75658943e+00 -8.24394534e-01 -5.65641785e-01  1.39700176e+00
 -2.84038831e-01 -3.88101866e-02 -1.04733129e+00 -5.02599981e-01
 -7.34696053e-02  5.49282330e-01 -9.73880924e-01  3.81045299e-01
  1.31840415e+00 -9.95408597e-01  2.99601520e-01 -1.24303292e-01
  1.32331734e+00 -8.40915401e-02 -4.23799641e-02 -3.75835463e-01
  2.11832183e-02  2.42709008e-01 -1.66785885e+00 -1.03220423e+00
  7.92290108e-01 -7.89448242e-02 -2.25474461e-02  1.36287096e+00
  8.37260005e-01  2.05721361e+00 -3.47849186e-01 -2.17681490e+00
  1.84577909e+00  5.14270279e-01 -8.22767348e-01 -1.03671225e+00
  1.21140105e+00  2.05253799e+00  4.27767257e-01  1.68630452e+00
 -2.65880346e-01  2.66337884e-01 -1.20326388e+00 -2.52626973e+00
  1.41840540e+00  6.47662891e-01 -6.31233157e-02 -1.10472764e+00
 -2.82208953e-01 -1.33476200e+00 -1.93704479e-01 -1.23709891e+00
 -1.80854455e+00 -6.95722180e-01  6.74804759e-01 -1.30628953e+00
 -1.09046687e-01 -6.71700595e-01 -6.35454432e-01  1.37226688e-01
  1.13078614e+00  1.81708887e-01 -1.22479052e+00 -1.34183327e-01
 -1.14023294e+00  4.84282237e-01 -1.81965586e-01 -1.42759961e+00
 -2.58072049e-01  3.39247783e-01  9.72252333e-01  8.23050092e-01
  7.74734619e-01  3.50407414e-01 -6.48999846e-01  3.24690233e-01
 -8.84998594e-01  4.91376895e-01  2.19204719e+00 -1.35426655e+00
  6.74409717e-01 -3.39561330e-01 -5.49001690e-01 -4.29349302e-01
  3.71996927e-01 -8.01394595e-02  1.00182251e-01 -3.56212884e-01
  1.00873991e+00  3.51699658e-01 -6.77921255e-01  1.98908170e-01
 -3.09830460e-01  1.62523891e+00  9.46775222e-01  1.21322799e+00
 -1.19889047e+00  5.69717448e-01  4.69995186e-01  1.04426326e+00
  1.30713346e+00 -7.93307805e-02 -2.80164904e-02 -8.42419885e-01
 -2.44731765e+00  1.03053275e-01 -2.94917747e-01  9.20756871e-01
  1.35423965e+00  1.48475625e+00  1.65943576e-01  1.33223378e+00
  1.82690887e+00  2.03292631e+00 -3.56004643e-01 -1.17312228e+00
 -2.57330171e-01 -8.75481447e-01  8.63354462e-01  8.77716156e-01
  4.23196521e-01 -2.17596700e-01 -1.00853814e+00  1.29259010e+00
 -3.93211485e-01  3.69401728e-01 -5.04854637e-01  1.84559150e-02
  1.66885042e+00  1.68376364e-01 -9.64822838e-01 -4.77552080e-01
  3.19514460e-01 -4.08215753e-01 -1.38916083e+00 -8.83651355e-02
  2.10795020e+00 -2.88342351e-01  6.06331262e-01  3.41470233e-01
  5.17928798e-01  7.27056200e-01  1.21127648e+00 -1.22289116e-01