-8.65412419e-01 -1.03491771e-01  9.07184023e-01  1.07983901e+00
  4.61649461e-01 -1.57040217e-01  2.32401627e-01 -2.22218970e-01
  2.27538716e+00  6.71823750e-01 -2.34500757e-01 -9.36984341e-02
 -1.50435361e+00 -3.45245936e-01 -5.72299802e-01  2.03795681e+00
 -8.89648116e-01  7.65392829e-01 -1.46688143e+00 -9.96829899e-01
 -1.48132121e-01  9.21587926e-01 -1.25139344e+00 -2.69100632e-01
 -8.15675361e-01  6.91536355e-01  3.67961951e-01 -6.83502692e-01
 -4.03354837e-01  8.49523232e-01  2.50845211e-01 -5.54012220e-01
  5.45962057e-01  1.20449976e+00 -1.25636543e+00  3.67630425e-02
 -1.40384663e+00 -2.52388061e-01 -9.54132279e-01  1.31025783e+00
  5.26926623e-01  1.08563022e+00 -1.07631000e+00  1.05412265e+00
 -2.05126439e+00  2.21845171e+00  2.30839432e-02 -2.05511946e+00
 -1.48055122e+00 -2.34738999e-01 -1.27426968e+00 -7.95861786e-01
  1.67074936e+00  9.42071169e-01  1.55398779e-01 -5.37785794e-01
 -3.17604210e-01  3.10275040e-01  6.78806601e-01  2.07351171e-02
  2.53064463e-02  1.06638904e+00  3.30727257e-01 -1.72206733e+00
 -2.92775652e-01  1.00946187e+00  7.66531637e-01 -3.06194352e-01
  1.33120525e+00  3.92667459e-01 -7.26577703e-01 -9.46347622e-01
  6.89829574e-01 -1.33333058e+00  5.59881972e-01  5.59352077e-01
 -9.43406288e-01  1.98336477e+00 -5.20593868e-01 -9.53020443e-03
  1.52605767e+00  7.96385528e-01  3.61975188e-01  9.16178418e-01
 -1.58439824e-03 -6.98308894e-01  1.02033101e+00 -7.37755533e-01
  4.35236980e-01  1.36226158e-01 -3.94859619e-01 -7.37608886e-01
 -2.17930946e-01 -7.56682763e-01  5.03052092e-01  6.06829140e-01
 -3.11598366e-01  1.43146036e-01  7.67258673e-01  4.40949502e-01
  1.35841996e+00  2.69041804e-01 -5.50705626e-01 -2.16054941e-01
  1.75775744e+00 -1.71061819e+00  8.27692944e-01  5.66125507e-01
 -1.24109030e+00  1.74623132e-01  3.65563185e-01 -3.22787675e-01
 -1.03855862e-01 -1.39753638e+00  8.97747007e-01 -6.91871710e-01
 -2.65351676e-01 -6.41508656e-01 -6.41476826e-02 -1.67160353e-01
  1.56718449e+00  6.38830132e-01  2.08482055e+00 -3.30397151e-02
  4.71958822e-01  1.67874107e+00  4.17812304e-01  1.78687194e+00
  4.86076065e-01 -1.10701348e+00 -2.40716430e-01 -2.00784702e+00
 -5.52563474e-01  1.24424141e+00 -8.46014579e-01  7.65311265e-01
 -3.04570308e+00 -1.76645024e-01 -1.84041834e-01 -8.34771179e-01
  1.65253836e-02 -3.85010963e-01 -2.81029819e-01 -6.73711557e-01
  1.80243763e+00  8.78070948e-01  1.91875505e-01 -4.10226533e-01
 -2.30005242e-01 -1.29972243e-01 -4.00281933e-01 -6.06579607e-01
  1.32282637e+00  9.31715301e-01 -5.06495237e-01 -1.28228562e+00
 -8.38761169e-01 -1.25079105e+00 -5.43241206e-01  1.55436704e+00
  1.88900643e+00  5.02357307e-01 -1.02075930e+00 -2.35049724e+00
 -1.47041651e-01 -2.88956102e+00 -2.11256121e+00  6.44675954e-01
  8.21861457e-01 -1.08142718e-01  4.55480024e-01 -1.28291637e+00
 -1.19361453e+00  2.27059067e+00 -8.49536930e-01  3.20083591e-01
  3.25246949e-01  6.05820746e-01  6.12757728e-01 -5.45234590e-01
  4.64344807e-01 -1.58120010e+00  1.37059991e+00 -4.97095058e-02
  1.92093765e-01  1.57231904e+00 -1.49810177e-01  4.23661687e-02
 -2.86608961e-01 -1.31200058e+00 -1.47953277e+00  9.06632569e-01
 -1.23613856e-01 -2.90489013e-02 -9.32703102e-01  5.16150459e-01
  1.25931723e+00  2.84541236e-01  9.88852508e-01 -2.06934765e-01
 -4.24054886e-01 -3.52509577e-01 -9.19071016e-02  4.98040794e-01
  5.61839447e-01 -1.60050013e-02 -4.58210727e-01  1.33697766e+00
 -4.15767931e-01  5.17493543e-01 -3.54627900e-01  1.27016776e+00
 -4.99690550e-01  8.41477060e-01 -6.66202563e-02  1.39621658e+00
 -5.68220340e-01  6.59070409e-01  2.76061601e-01  1.22785060e+00
 -2.84452780e+00 -2.99542550e+00  1.53499690e-01 -1.71708871e+00
  9.79194254e-01  5.46508512e-01 -1.13593903e+00  1.63773989e-02
 -5.28453690e-01  4.45065188e-01  4.86110485e-01  1.27040805e+00
 -3.59058484e-01  3.86206169e-01  3.67736818e-01 -1.49956384e+00
  1.41998499e+00 -3.23924240e-01 -1.68658472e+00  2.15206879e-01
 -1.66248070e-01 -1.60242561e-01  8.77152916e-01 -3.06395545e-01
 -7.87328081e-01  6.78515249e-01 -8.63178807e-01 -1.01010675e-02
 -9.59345024e-01  1.82845135e+00 -2.22271528e-01  4.52669239e-01
  1.17590809e+00 -1.24444402e+00 -5.66572282e-01 -5.52812923e-01
 -8.09755606e-01  1.12519699e+00  3.49234072e-01  4.00820185e-01
 -1.04498456e+00 -2.47151541e-01  1.24510640e+00  2.87988002e-01
 -1.70296013e+00 -8.30880436e-01 -1.35897864e+00  4.58665985e-01
  8.83055320e-01 -3.55826073e-01 -1.38042635e+00  1.15313793e+00
  1.28837589e+00 -7.03484819e-01 -1.71386395e-01 -8.94088849e-01
 -6.39336114e-01  9.41023754e-01  9.37010442e-01  1.66337948e-01
 -6.37355505e-01 -1.06760751e+00  5.90365939e-01 -2.69691275e+00
  1.55170435e-01  4.88643833e-01  8.86630213e-01 -1.10754529e+00
 -5.90560149e-01 -1.34284398e+00 -7.56430293e-01 -2.99218676e-01
  1.03500455e+00 -1.06811420e+00 -5.09480727e-02  7.06536459e-01
  6.73519365e-01  3.61403830e-01 -9.93320090e-01  3.51883231e-01
 -8.86196918e-01 -9.88346363e-01  2.59950543e-01 -1.50266661e+00
  7.52221454e-01 -1.42480431e+00 -2.97630377e-01 -2.77622557e-01
  3.95039729e-01 -1.69760515e+00 -1.49117916e+00  1.25949467e+00
 -1.07627670e+00  2.37128192e+00 -4.97134789e-01  5.90008631e-01
 -2.10149862e+00  6.51223185e-02  2.55509383e-01 -6.99963659e-01
 -2.11572877e-02 -6.37418715e-01 -7.45316738e-01  1.53963990e-01
 -2.36643587e-01 -2.16638443e+00  2.27674956e+00  1.13444490e-01
  3.92558915e-01  6.62772345e-01  6.75500442e-01  7.59717743e-01
 -1.96192786e-01  6.59023455e-01  5.01379456e-01 -7.12749805e-01
 -1.73926329e-01  1.76130554e+00 -1.14448543e+00  6.81479389e-01
  1.47818726e+00  1.57950745e-01 -2.30040944e+00 -5.50325106e-03
 -4.90106983e-01  2.21633890e-01 -7.43844513e-01  7.03758112e-01
  1.62530610e-02  1.81188456e+00 -1.12999643e+00  7.09684978e-01
  8.65217961e-01  6.98595528e-01 -4.53864343e-01 -7.34857358e-01
 -1.19489571e+00  2.33486318e+00  8.35835752e-01  3.14781446e-01
  1.32784590e-01  1.53668491e+00 -1.23235396e+00  1.11858233e+00
 -5.14032067e-01 -1.20038776e+00  1.22321820e+00 -1.30728991e+00
 -6.87595244e-01 -1.68984051e+00 -1.10625482e+00 -6.44395425e-01
 -3.50293200e-01 -1.00792737e+00 -7.45246381e-01  2.61345552e-01
 -1.38085098e+00  3.89238071e-01 -3.06079207e-02 -7.70556136e-01
  1.07678870e-01 -1.40390979e+00 -3.25366965e+00  7.88392060e-01
 -6.42375260e-02 -1.08550186e+00  5.22486964e-01 -2.44264881e-01
 -8.36642436e-01 -5.01607453e-01  3.58734179e-01  9.06277416e-01
  5.04610173e-01  5.76005086e-02  3.08095389e-01  3.01940870e-01
  1.10154486e+00  6.28292283e-01 -2.55939406e-01  7.85102481e-01
  6.75375778e-01 -7.55746010e-01 -1.83224214e-01 -1.57995925e-01
 -1.27268449e-01 -8.93518921e-01 -1.05464456e-01  1.39988759e+00
 -7.28523254e-01  1.39054121e+00 -1.46279414e+00  8.05681464e-02
 -3.92610318e-01 -9.62015535e-01  1.58561606e+00 -4.43439098e-02
  1.10295591e-01  2.15282381e+00 -7.75374380e-01 -3.30061634e-01
 -2.97696716e-01 -3.63409656e-01  1.75164859e-01  1.25945903e+00
  1.30012432e+00  8.02934433e-01  8.03021508e-01 -1.13308095e+00
 -3.16037795e-01 -8.52706833e-01 -8.00982294e-01  6.76217597e-01
  7.96136319e-01  4.29176790e-01  7.38417946e-01  1.74919808e+00
 -1.17840498e+00  3.49585646e-01  2.54365114e-02  1.09330198e+00
 -1.78088644e-01  1.06606467e+00 -1.98134124e-01 -1.58409911e-01
  2.60455210e-01 -6.91074951e-01  1.10738760e+00  1.65586382e-01
 -4.34295372e-02 -1.01044544e+00  1.52935797e+00 -3.95043507e-01
 -5.01367491e-01  3.25124483e-01  5.78363050e-01  6.67866860e-01
 -9.43364404e-01 -3.85331684e-01  7.09785698e-01 -1.76613146e-01
  2.95310320e-01  1.71360395e+00 -2.10745942e+00 -1.51660117e-01
 -2.66612054e-01 -6.02825125e-01  1.22129162e+00  1.02735413e+00
  4.14424863e-01  6.47213369e-01 -4.08741240e-01  4.41942270e-01
  1.76014618e-01 -6.88781933e-01 -4.92520601e-01  1.42035323e+00
  1.99381824e-01  1.44650560e-01  5.17636946e-01 -1.34578051e+00
  3.67261387e-01 -7.39911679e-01 -3.37169117e-01 -1.08989357e+00
 -5.58441447e-01 -2.47595890e+00  1.71191936e+00 -2.54424146e-01
  2.54605183e-01  1.22553123e+00  1.23035018e-01 -5.62906551e-01
 -6.61647758e-03 -7.06666503e-01 -8.62265944e-01  1.42352080e+00
 -9.95573672e-01 -3.57154957e-01 -3.09361027e-02  1.49477976e+00
  1.37048540e-01 -3.15945204e-01 -3.59570751e-01  4.30853460e-01
 -1.97468614e+00  8.59469967e-01  1.12821070e+00  2.57281597e-03
 -1.28924712e+00 -2.72722273e+00 -3.00829925e-01 -1.47697652e+00
 -1.06043856e+00 -6.61231748e-01 -6.41586745e-01  4.81417271e-01
 -2.41369956e+00 -1.82427820e+00  1.34358577e+00 -6.42775700e-01
  3.61445838e-01  1.34581752e+00 -1.30626225e+00  4.32288272e-02
  4.19363959e-01  2.10984982e-01 -3.41865520e-01  3.67800486e-02
  5.56035692e-01  4.60574436e-01  1.33821707e+00  1.72500867e-01
  3.98080861e-01 -1.46945308e+00  1.96414970e+00 -7.88371965e-03
  9.38665851e-01 -3.09708118e-01 -3.13187608e-01  1.90698517e-01
 -7.50637244e-01 -3.78653905e-01  9.55296042e-01 -1.47701582e+00
  1.18035233e+00 -2.36001778e+00  4.01953798e-01 -5.90614519e-01
 -2.76697126e-01 -2.87520406e-01  3.01237177e-01 -5.92589919e-01
  9.61936362e-01 -1.23768922e+00  1.55156010e+00 -8.48402934e-01
  6.77795315e-01  2.65008072e-02 -1.37080319e+00  1.21905825e+00
  4.73329463e-01  1.40978257e-01  1.86215081e+00  2.30196771e-01
  3.93411635e-01  3.12051757e-01 -2.32337863e-02  8.85556325e-01
 -2.60730003e-03  1.63676090e-01 -9.15533661e-01 -1.97238385e-01
 -2.46626569e-01 -6.98030170e-01  2.17272521e-01 -1.21955383e+00
  6.95887627e-01 -1.44104868e+00  7.81865809e-01 -2.01326459e-01
 -2.60063022e-02 -1.02914810e+00  9.32993554e-01  6.24324895e-01
 -8.77865659e-01 -1.32358486e-01 -1.43003458e-01 -5.92370616e-01
 -1.13343622e+00 -7.09761551e-01 -1.41569111e+00  4.34307068e-01
  2.27211395e+00  8.36711094e-01 -9.80178706e-01 -1.42652537e+00
 -2.31184226e-01 -3.32863780e-01  5.67341740e-01 -7.89514978e-01
 -5.79603012e-01 -6.11300831e-01 -5.22968709e-01  5.45433405e-01
  1.06554875e+00  5.07672325e-01  3.49026406e+00 -2.43356998e-01
  2.05025408e-01 -7.99398623e-01 -1.15082018e+00  8.38282249e-01
 -7.24728561e-01 -4.37615847e-01  3.41961597e-01  3.93721048e-01
 -8.06566563e-01 -5.48056962e-01  9.21198169e-01  1.51182332e+00
 -2.94553292e-01  1.04312550e+00  1.12130997e+00  8.09636849e-01
  4.61104153e-01 -2.14031529e+00  2.84555892e+00 -2.45731884e+00
  3.21634873e-02 -6.99098356e-02 -4.48066578e-01 -1.75588490e+00
  1.07096349e+00 -1.82562321e+00  1.49014360e+00 -2.88874443e-01
 -1.04518282e+00  1.89418255e-01  2.17092058e+00 -5.38535502e-01
  1.14872415e+00 -1.86675391e-01  6.05144127e-01 -5.78560236e-01
 -2.23990501e-01  1.29105711e-01 -1.74058884e+00 -4.83418745e-01
  2.76059071e-01 -3.70705879e-01 -2.03603491e-01 -1.80789830e-01
 -3.90066932e-01 -4.87114721e-01 -2.21106687e-01 -6.24489057e-01
  1.31997309e+00 -1.38759051e+00 -1.27041460e-01 -8.73712506e-01
  4.52043218e-02 -2.21452158e-01  8.90405907e-01 -2.24191727e-01
  5.22364189e-01 -7.33463732e-01 -1.12575679e+00 -5.04336769e-01
  1.84839465e+00  4.37397926e-01 -7.89891043e-01 -6.41704968e-02
  1.14162756e+00 -2.00179407e+00  2.98662592e-01  5.02531328e-02
 -5.56812750e-01 -6.90912390e-01 -1.89654106e-02  1.29022521e+00
 -5.68981526e-01  3.44881096e-01 -1.64335496e+00  1.57616117e+00
  3.01324638e-01  6.39364266e-01  7.89225988e-01 -3.36895446e-01
  8.23082433e-01  1.11281230e+00  2.30881900e-01  1.03139517e+00
 -4.98722123e-01 -1.30460958e+00 -3.90840816e-01 -4.02174730e-01
  2.21733190e-01 -3.93415167e-01  1.53193667e+00  6.05534233e-01
 -1.07427166e+00  1.63160288e-01 -1.30577770e-01  1.65454947e-01
 -1.47445294e+00  6.92522172e-02 -1.18413162e+00 -1.00535895e+00
  1.95598684e-01 -1.08230119e+00  3.36210013e-01 -1.72989970e-02
  2.12483387e-01 -3.14193281e-02  9.39101331e-01  1.46864757e+00
 -6.69160945e-01  2.33643938e+00 -1.62764790e-01  1.71334965e-01
  9.48371916e-01 -4.98891130e-01  1.08229461e+00  5.63198303e-01
  2.57431107e-01  8.09561124e-02 -5.21158420e-01  1.22503539e+00
  8.52835527e-01 -1.23922839e+00  8.66398841e-01  1.97803223e+00
  1.69316488e+00  1.63225836e+00 -6.44270063e-01  1.00070100e+00
 -2.96882472e-01  1.06844916e+00  6.41730325e-01 -3.58852985e-01
  7.12875418e-02 -1.25326668e+00 -8.89074618e-01 -4.90029776e-01
  1.16753979e+00  6.47813571e-01 -1.79271550e+00  7.77701140e-01
 -7.74247963e-03 -1.00586159e+00 -8.54084724e-01 -4.07627768e-01
  8.31179017e-01  1.80437340e-01  6.22796128e-01 -1.62637169e+00
 -5.24673285e-02  3.31333166e-01  6.56381293e-01 -2.61017729e+00
  1.26546406e+00  7.49263362e-01  6.79191900e-02  9.73040899e-01
  1.62107487e-01  4.12173658e-01  4.76065438e-01  5.93817314e-01
 -6.74676818e-01  2.65492508e-02  5.03916152e-01 -3.29135217e-01
  7.98081359e-01 -1.69824616e-01 -2.21141768e-02 -1.06665139e+00
 -3.63805766e-01 -7.16446687e-01 -1.31393527e+00  9.29690565e-01
 -3.95452147e-01 -2.27768815e+00 -1.35815944e+00  1.05063286e+00
  8.20750647e-01 -1.78690409e-01  3.00383152e+00 -5.37001332e-01
 -2.03166294e+00 -2.57245862e+00  1.22144494e-01  4.03646060e-01
  1.48769077e+00 -3.65857667e-02  8.98932819e-01 -4.75185759e-01
  1.09631654e-02 -4.28886577e-02  1.03255747e+00 -5.62894383e-01
  8.39679128e-02  7.47265847e-01 -5.94647274e-01  2.04954280e-02
 -7.97970293e-01  1.09253082e+00  3.83795440e-01 -1.29854370e+00
 -1.29738853e+00 -2.83852966e-01 -5.94403038e-01  2.75247947e-01
 -6.89757041e-02  2.29559287e-01 -3.11567179e-01  1.15514313e+00
  3.26978285e-01  5.09228864e-01  2.10569041e-01 -1.17389213e-02
 -1.60432437e+00  1.32598412e+00  4.58984392e-01  4.65072873e-01
 -7.43489454e-01 -3.64398193e-01  8.09039515e-01 -6.57975723e-01
 -1.05743443e+00  2.52916116e-01 -1.61780790e+00  2.12535062e+00
 -7.52725827e-01  2.38775480e+00 -4.17120025e-01  1.49237331e+00
  1.07229808e+00 -1.34928234e+00 -2.23615288e+00  7.37376249e-01
  1.03842836e-01  1.31442447e-01  2.38083350e+00 -1.75117655e-01
  2.76339631e+00 -2.01592115e+00 -4.07562306e-01 -3.32090510e-02
  8.94481227e-01  1.02655819e-01 -4.46229076e-01 -2.66893836e-01
  6.64917750e-01 -8.15035205e-01  8.18917036e-01  6.14854208e-01
  5.10933731e-01  3.25318344e-01  8.67416892e-01 -5.47626582e-01
 -3.96592524e-01  4.69892304e-01 -5.58956617e-04 -1.01132995e+00
 -1.64103338e-01 -4.22999613e-01 -1.55508365e-01  4.25952616e-01
 -1.14541606e+00 -7.96295274e-01  4.60158683e-01 -6.12864445e-01
 -8.35073940e-01 -3.59435570e-01  2.83630717e-01  3.40258705e-01
 -1.21961498e+00 -1.06786983e+00 -2.72301063e-01  3.38807381e-01
  2.21510896e+00  1.22723541e-01  6.00408891e-01  1.31966713e+00
 -4.95539734e-01  1.09497781e+00 -8.84684829e-01  6.65169221e-01
  3.08762164e-01 -7.37886827e-01  1.54472734e+00 -1.03839136e-01
 -8.09951176e-01 -1.07206107e+00 -7.73304966e-01  9.96154222e-01
 -1.09338174e-01  5.60672273e-01  7.88908963e-01 -1.35690634e+00
 -8.89958440e-01 -5.21004987e-01  6.07518272e-01 -8.87797359e-01
  1.25192260e+00  8.22987115e-01  6.21352936e-01 -1.89521902e+00
 -6.33467021e-02  7.36920175e-01 -4.55549701e-01  5.83875099e-01
 -8.65749755e-01  1.05420352e-01 -3.05557302e-01  1.04658664e+00
  5.26798074e-01 -7.85957478e-01 -5.73561347e-01  5.30661855e-01
  4.23876111e-01 -1.06051892e+00  6.23744392e-01  1.05987059e+00
  8.52523305e-01 -6.10044591e-01 -3.01077418e-02 -1.31673649e+00
 -8.72567893e-01  3.59216538e-01  5.90443286e-01  8.17404988e-01
  9.85586802e-01  9.90724258e-01  1.02094413e+00  2.71091206e-01
 -1.95457581e+00  1.25423094e+00  7.48182524e-01  1.84581544e+00
  7.38054664e-02  3.28616527e-03  2.10970666e-02  1.59356199e+00
  1.21330585e+00  7.20130191e-01  1.23125041e+00  2.09858253e+00
  1.23819312e+00 -2.04403068e+00  9.12244588e-01  8.29064421e-01
 -5.39049467e-01  6.16157265e-01  9.80374252e-01 -1.04302737e+00
  2.15964400e-02  1.16511327e+00  9.49310880e-01  3.01365639e-01
  2.08632109e-01 -7.74260761e-01  1.14710737e-02 -1.13224604e-01
 -1.08219457e+00 -1.66253578e+00 -1.01078455e+00  6.10194908e-01
 -1.14077467e-01  1.46042008e+00  3.90873306e-01  5.48255474e-01
  8.08560803e-01  4.33456731e-01 -6.31399290e-01  6.34561168e-02
  9.75899871e-01  1.41998095e+00  1.27787617e+00  1.80033369e+00
  4.24542405e-01  7.85479804e-01  3.98560810e-01  1.90715012e+00
 -3.95033921e-01  1.56717281e+00 -3.56992777e-02  3.90626965e-01
  7.71018910e-01 -9.20614906e-01 -8.80412167e-01  6.38314631e-02
 -2.27397094e-01  1.25681818e-01 -1.98753163e+00 -2.95420890e-01
  4.70601395e-01 -1.42944914e+00 -9.99993086e-01  4.26381879e-01