 6.93339811e-01  1.45285729e-01 -6.94669543e-01  1.51872260e-01
 -7.67076032e-02 -1.01832838e+00  8.34866852e-02  6.46935378e-01
 -2.24454071e+00  4.52595385e-01 -3.47520805e-01  1.12560198e-01
  4.38855558e-01  1.00147394e+00  1.57836933e+00  2.17586565e+00
  5.38031419e-01 -3.84934875e-02 -1.06612023e+00 -9.04872421e-01
  2.27533748e-01 -8.82799190e-01 -6.62831612e-01 -1.30095178e+00
  3.58624602e-01 -1.20609550e+00 -1.26222168e+00 -4.85785884e-01
 -4.32813029e-01  1.42474328e+00  1.49051147e+00 -9.89148009e-01
 -1.45947058e+00  7.87140544e-01  1.18021673e+00 -8.85041162e-01
  4.70565496e-01  5.23020479e-01 -1.75942338e+00 -1.54782602e+00
  3.82884515e-01 -1.42247035e+00 -2.26759656e+00  1.25015288e+00
  5.40723473e-01  7.65558470e-01 -3.93808405e-01 -2.17644489e+00
  3.85844013e-01  6.65767475e-01  7.87353568e-03  1.90233917e-01
 -5.39180260e-01  2.50700223e-01 -1.93167151e-01 -8.92849635e-01
 -1.20048547e+00  3.60012615e-01 -3.96318508e-02 -5.10951493e-01
 -2.29426362e+00  1.00376796e+00  1.06001064e+00 -3.94664696e-01
 -7.81234467e-01 -1.59015252e+00 -1.81630589e+00  3.35518020e-01
 -5.57294224e-01  1.72351917e+00 -1.57211761e-01 -1.24853826e+00
 -1.75418170e+00 -1.72016600e+00 -1.10304219e+00 -5.63480901e-01
  3.11418771e-01 -7.58104439e-01  4.81521645e-01 -2.26217392e-01
  7.93488791e-01  2.18667496e-01  1.99197260e-02 -1.36376899e+00
  1.65197459e+00  6.38345060e-03 -1.26002134e+00 -6.50564721e-01
  1.40870807e+00  9.00652594e-01  1.08177120e+00  1.56791907e-01
 -1.93055205e-01  3.48623015e-01 -1.93426643e+00 -5.45936767e-01
 -4.50660374e-01 -2.32929445e+00 -1.79154796e-01  7.93360855e-01
  5.39456733e-01  9.40825103e-01 -8.53276764e-01 -3.61199083e-01
 -1.17850612e+00  3.45613438e-01  2.13740851e+00  6.96109016e-01
 -2.35609214e-01 -7.01727321e-01 -2.38279770e+00  1.81688775e+00
  2.61047981e-01  1.61141767e-01  1.44457145e+00 -1.86295610e+00
  6.37238946e-01  9.94511334e-02 -7.47237640e-01 -4.40481666e-01
  1.22579608e+00  2.52394957e+00  9.28783334e-01  1.50821645e+00
 -4.06864192e-01  1.44373022e-01  2.03578507e+00 -9.51645427e-01
 -9.99697029e-02  1.65153591e+00  5.21544356e-01 -2.76883897e-01
 -5.63306582e-01  1.07974917e+00  1.02715670e+00  9.46198412e-01
  1.22821803e+00  1.25031472e+00  1.40522799e+00 -7.60027582e-01
  2.74839582e-01 -1.85350718e+00 -4.45680168e-01  1.56744572e+00
 -1.19273145e-01  1.03910503e-01  1.02143411e-01 -1.86016648e+00
  1.53013296e+00 -5.24668760e-02 -4.93149079e-01 -7.62900810e-01
  1.41626301e+00 -1.25541887e+00 -1.28192764e+00 -5.27128078e-01
 -3.02431571e-01  6.54584258e-01  1.99419850e+00 -9.20348972e-01
  1.42249821e+00  6.37688343e-01  2.04936986e+00 -1.22276234e+00
  9.21369021e-02 -6.89087978e-02 -8.01786923e-01 -7.87265056e-01
 -1.84146791e-01 -3.21024687e-01 -1.27892052e+00  2.22662286e-01
 -1.67387964e+00  1.72867421e+00 -1.06420791e+00  3.37913128e-01
  1.48168712e+00 -1.80129909e+00  5.26804259e-01  1.65940742e+00
  1.41056328e+00  5.24432165e-01  1.66198844e+00  6.48494020e-01
 -2.12665865e+00  2.38497721e-01 -3.31790617e-01  2.18834816e-01
  9.81135864e-01  5.05676708e-02  1.85936860e+00 -5.92154023e-01
  1.28304593e-01  7.43150963e-01  4.88956438e-01 -3.50726176e-01
  2.31075861e-01 -9.98284371e-01 -2.48365846e+00 -1.90741929e+00
  1.37168072e+00  4.43718379e-01  2.36716361e-01 -7.11835365e-01
  1.15599049e+00 -5.02082624e-03  9.61155405e-01 -1.56670992e+00
  1.10482055e-01 -8.81246532e-01 -2.38776098e-01 -1.68044225e+00
 -1.01451771e+00  4.74268806e-01  1.78569396e+00  1.53832487e+00
  5.54062960e-01  1.07079233e+00  3.13644352e-01 -1.87895638e+00
 -1.66154250e+00 -7.94242964e-01 -2.52331422e-01 -6.27706147e-02
  1.09347638e+00  8.08148044e-01  2.32762854e+00  8.34209170e-01
  1.01238268e+00  1.17580511e+00 -1.30926897e+00  7.04206370e-01
  5.32293210e-01 -1.57257761e-01 -1.01945993e+00  5.80774359e-01
 -2.08129669e+00  1.44727513e+00 -3.18278780e+00 -6.44205939e-01
 -3.03692043e-02 -9.31152771e-01 -1.05408257e+00  1.97792021e-01
 -5.68490930e-01  2.69376590e-01  5.09217925e-01 -4.14651594e-01
  1.80418913e-01  6.22758348e-01  8.25471041e-02  2.19520576e-01
  1.53708619e-01 -1.13369691e+00 -1.40384509e-01 -1.64302221e+00
 -9.43110537e-01 -4.28334223e-01 -7.03522742e-02 -2.84680524e-01
 -5.06538980e-01  1.82491860e+00 -3.25373803e-01 -4.72705788e-01
  1.11502855e+00  2.91443390e-01  4.59299153e-01  2.12172534e+00
 -7.32723393e-01 -1.93278070e-01 -1.60529853e-01 -9.56464148e-01
 -8.01655210e-01  7.27056983e-01  2.43168281e-01 -2.00750484e-01
 -1.75773170e-01 -4.43801507e-01  3.45741858e-01  5.10915267e-01
 -3.03822042e-01  2.84006304e-01 -1.18678616e+00 -8.07857726e-01
  4.37290972e-01  7.31301780e-01  1.15715202e+00 -2.71906092e-01
 -8.05345664e-01  1.37355617e+00  4.09159525e-01 -1.81197807e+00
 -1.49896894e+00 -4.07403520e-01  2.14059503e+00 -3.06682342e-01
  2.58599849e+00 -2.08100950e-01 -1.25258309e+00  1.13877568e+00
 -2.40567966e+00  2.57096894e-01  1.79101603e+00 -5.00479236e-01
  1.73601923e+00 -6.82467695e-01 -1.54477576e-01 -1.03575283e-01
  3.32773508e-01 -1.01118345e+00  1.91739247e-01  1.30736383e+00
  1.10021670e-01  1.08948816e+00  2.87105480e-01  1.05960463e+00
  1.24562765e+00 -7.44095349e-01  1.90294150e+00 -1.39589232e+00
  1.27082441e+00  1.12086998e+00  5.65791344e-01 -1.87967855e+00
 -1.53376608e+00  1.32161892e+00 -8.96775072e-02  8.06402335e-01
  1.74239160e+00 -9.36491333e-02  1.25736551e+00 -2.65226714e-01
 -6.98140736e-01  6.20687437e-01  3.29143505e-01 -1.27098400e+00
 -2.55569921e-01  4.83108062e-03  1.43618307e+00  3.20914253e-01
 -5.16156055e-02 -6.68379918e-01 -1.23043142e+00 -1.04031648e+00
 -3.36051501e-01  4.63559297e-01 -1.73069186e+00 -1.46840052e+00
 -2.81509627e-01  3.48067016e-01 -4.04619733e-01 -9.17059005e-01
  1.12448886e+00 -2.41392011e-01  4.69580179e-01  4.95098676e-03
 -7.20531508e-01  1.56455071e-01  1.48307429e+00 -4.81263224e-01
 -8.02239048e-02  1.21231751e+00 -1.66584558e+00 -2.33512554e-01
 -8.44228696e-01 -5.63715551e-01  3.90936630e-01 -1.15454680e-01
  3.93356426e-02 -1.83297490e-01  1.15808671e+00 -4.21364642e-01
 -1.09031599e+00 -2.11191516e-01  1.66788499e-02 -7.28607057e-01
 -6.27388480e-01  2.51982051e-01  1.35938680e+00 -1.46659829e+00
 -3.51362934e-01  6.30372990e-01  7.75070287e-01 -5.86977885e-01
 -2.58447461e-01  2.24998648e-01  9.28733362e-01 -2.79745857e-01
 -1.51453112e-01  2.21296003e+00  1.08966158e-01 -1.03697042e+00
 -2.98788884e-01  2.40879182e-01 -3.96624990e-01 -2.78163744e+00
  1.68551894e+00 -2.36617253e-01 -2.95169784e-01 -1.05914294e+00
  5.55572212e-01  4.39501689e-01  3.47913358e-01 -6.69903460e-01
  1.54987773e+00 -6.85101848e-01 -3.30560113e-01 -8.94218565e-01
  8.22009331e-01 -1.23705215e-01  1.35274101e+00  1.23615600e+00
  1.32129341e+00 -9.47985425e-01 -1.53996092e+00 -9.28393901e-01
 -1.84012337e+00  1.06289732e+00  1.01414836e+00 -9.86562366e-01
  3.56896661e-02 -1.20743754e+00  2.00193032e-02 -3.20814859e-01
  3.77507596e-02  1.92674231e-01  3.32749193e-01 -4.73118588e-01
 -3.03791797e-01 -1.89722208e+00 -7.93330316e-01 -2.47147006e-01
  3.21534436e-02 -3.04403176e-01  3.68911722e-01 -2.18379463e-01
 -1.31396624e+00  1.93609910e+00 -1.87733980e+00  6.16893637e-02
  4.04024181e-01 -2.03953945e-01 -1.33052623e+00  2.00910546e+00
  1.84213014e-01  1.52282097e-01 -1.80811394e-02 -1.01935283e+00
  1.91778800e+00 -3.67311013e-01 -7.65782780e-01  1.67288798e+00
 -1.02534863e-01  2.93937555e-02 -2.14222619e+00 -1.07067919e+00
  1.18587903e+00  1.78872488e-01 -9.71400571e-01 -1.78019419e-01
 -8.06537515e-01  1.01662001e+00  1.10751237e+00 -1.42761638e+00
 -6.30598678e-01  3.42221525e-01  5.11906357e-01  1.35242171e+00
  2.02838745e+00 -1.88165097e-01 -1.27331603e+00  7.87530377e-01
  1.08430009e+00 -4.52372343e-01  9.35544870e-02  5.06461563e-01
  3.24132525e-01 -1.91309723e-01 -3.01022633e+00  2.13922500e+00
 -3.90106761e-01 -2.23711848e-01 -1.06836282e+00  1.90873117e+00
  5.16480251e-01  3.38454747e+00 -8.22052923e-01  6.10842743e-01
  2.09460698e+00  1.66830519e+00 -2.02591374e-01  9.66278547e-01
 -1.22545705e-01  3.70626275e-01  6.31872107e-01  7.67275662e-01
  3.63928820e-03  2.70712303e-01  2.21044532e+00 -1.16247871e+00
  3.82034679e-01 -8.71775514e-02  2.73449605e-01  7.59365498e-01
 -8.63955626e-02  8.83354672e-01 -1.49254037e+00 -1.40913023e-01
  1.25527761e+00  3.24414186e-01  4.38103274e-01  3.36778220e-01
 -9.07441458e-01  5.44274104e-02  2.24192286e-01 -5.13729047e-01
 -8.23715645e-01 -9.21069061e-01  2.93896349e-01 -9.43094762e-01
  2.59740691e-01  1.52200621e-01 -1.20414035e+00  2.87898983e-02
 -1.41078713e+00 -3.07010187e-01 -1.72558554e-02 -1.57356394e+00
 -3.58118626e-01  4.23178515e-01 -3.94424754e-01  1.14878588e+00
 -8.00858944e-01  7.03785719e-01 -1.97780945e+00 -1.63653645e+00
  7.14787481e-02  1.72191471e-01 -1.02831973e+00 -1.86071577e+00
 -1.84287497e+00 -8.01883317e-01 -6.77095985e-01  6.19629542e-01
  3.59947157e-01 -3.49474622e-01  1.54171922e+00 -1.43136796e-01
  4.75756421e-01 -2.94988261e-02  4.71962488e-01 -8.75216704e-01
  1.47064498e+00 -5.36189895e-01  3.59406068e-01 -6.67258508e-01
  1.40457692e-01  2.04306504e-01 -1.29608949e+00  1.28541751e-01
  5.25636821e-01  1.08366601e+00 -9.12800006e-01  1.73111391e+00
  5.11617386e-01  1.72608355e+00  5.33854401e-01 -2.99582672e-01
  7.52920216e-01 -1.35066277e+00 -1.67740788e+00  6.95509413e-01
 -4.82140045e-01 -4.19331167e-01 -2.67404202e-01  1.00515823e+00
  7.69501097e-01  1.10161288e+00  3.89105884e-02  4.88181246e-01
 -1.39288691e-01  9.61792123e-02  6.66382535e-01 -2.49310287e-01
 -8.76338805e-01  7.42369446e-01  5.34122980e-01 -1.16718687e-01
  6.91751368e-01 -1.64160739e+00 -1.75255045e+00 -1.70425920e+00
  1.12267980e-01  1.15062662e+00 -9.65571980e-01 -5.08357790e-01
  3.20200064e-01 -1.08544108e-01  1.04909564e+00  9.93035060e-01
 -1.52669438e+00 -5.94620600e-02  1.13689113e+00  3.82143305e-01
  6.30724120e-01 -8.77842358e-01 -2.94708000e-01 -2.00801842e-01
  9.08792042e-01  3.61860224e-01 -5.06535923e-01 -8.62069747e-01
  7.31414290e-01  4.03229658e-01  2.80621143e+00  2.66108679e-01
 -1.21896524e+00 -3.72914421e-02 -1.49810712e+00  5.17124696e-01
  1.46558880e+00  3.33062658e-01  1.99365221e+00  5.70437450e-01
 -4.12727135e-01  9.98543868e-01  8.96468180e-03  9.52832335e-01
  2.75163402e-01 -9.90321020e-01  9.02720360e-02 -9.25716939e-01
  5.97631654e-01 -9.97353275e-01 -1.33488250e+00 -3.76548020e-01
 -1.47481850e+00 -1.51990705e+00 -1.48470780e+00 -1.33973980e+00
 -6.11258966e-02  2.14011722e+00  1.32370795e-01 -1.12238358e-01
 -3.65326444e-01  3.60172592e-01 -2.21221309e+00  3.76896959e-03
 -2.05822861e-01 -2.80566401e-02 -1.10443960e+00  4.27517840e-03
  1.49594856e+00  2.10590664e+00  4.59884717e-01  3.89809915e-01
 -1.95041669e+00  5.06356890e-01 -2.23889140e-01 -1.49749845e-01
  1.65092918e+00 -2.58095530e-01 -1.93164620e+00 -2.89615397e-01
  7.02602726e-01  1.04713640e+00 -5.52895140e-01  1.08835545e-03
  8.84236475e-01  1.22477625e-02 -6.23101055e-01 -1.26203369e+00
  6.09792312e-01  2.24992765e+00  1.30647339e+00 -6.49942896e-01
  2.96775264e-01 -6.33682699e-01  7.51256485e-01  3.64329451e-01
 -7.36782050e-01 -1.11906300e+00 -1.42707884e+00 -1.22631416e+00
 -9.52897787e-01  1.78658199e-01 -1.38483438e+00  9.96737935e-01
 -4.23440893e-01 -1.94289773e+00  5.50605450e-01 -1.40719984e+00
  1.89117483e-01  9.96422109e-01  4.77022019e-01 -3.28056929e-01
 -7.32487282e-01  6.09910419e-01  3.28205213e-01  1.20409713e+00
 -8.00022203e-01  9.94307775e-01  4.66194622e-01  2.09270626e-01
 -5.05164586e-01  8.46603689e-01 -1.32766155e+00  8.82076518e-01
 -1.46533728e+00  1.97158729e-01  1.46439776e+00  1.72651574e+00
  7.23612930e-01 -8.14315787e-01 -1.00275863e+00  6.70951498e-01
 -1.93034889e-01  6.19540662e-01 -3.88282693e-01  1.23864485e-01
 -2.01334077e+00 -4.96007300e-01  2.08466002e+00 -5.12810384e-01
 -2.02761634e+00 -3.78406500e-01  5.98392666e-01  2.21192557e-01
 -4.21608691e-01  1.47463807e-01 -1.84775842e+00  6.37894429e-01
  1.24291695e+00  1.09207252e-01  1.20097424e+00 -8.80428054e-01
 -6.55327875e-02 -1.25281874e+00  1.63662885e+00  1.39201481e+00
 -1.09734402e+00 -7.43488669e-01  1.91671917e+00  1.69883702e+00
 -9.84502396e-01 -1.96895135e+00 -5.78709208e-01 -8.45573650e-01
  8.99432267e-01 -8.06721831e-01  2.42800849e-01 -2.89098228e+00
  4.09176253e-01 -4.37202971e-02  1.92377575e-01  6.22843401e-01
 -1.00367830e+00  4.94692851e-01  2.67715398e-02  2.44305464e-01
  1.48443404e+00  1.66270106e+00 -4.16281635e-01  1.26767769e+00
  8.03337567e-01 -1.56232374e+00 -9.19825438e-01 -9.88722388e-01
  2.77578996e-01  1.57266765e+00 -8.33631769e-01 -1.52626389e-01
  1.85863356e+00 -1.34787993e+00 -5.95514114e-01  7.24007366e-01
 -1.08672249e+00  7.05580872e-01  1.21589277e+00  1.24051947e-01
  9.07528919e-01 -1.37372445e+00  8.33183482e-01 -9.63622526e-01
  4.48266567e-01  4.15413866e-01 -1.63291785e+00  5.83043075e-01
  1.66324989e+00  1.53707407e-01  8.25213740e-01  1.16548428e-01
  1.15725290e+00 -9.40222287e-01  3.05488262e-01 -1.39266770e+00
 -1.40264031e+00 -2.48552091e+00 -5.85449442e-01  3.13159994e-01
  6.76340632e-01 -2.63739371e-01 -9.44977815e-02 -2.54639602e-02
 -1.48581372e+00 -9.72867506e-01 -4.07377462e-01 -9.01417628e-01
  1.36740879e-02  1.16860866e+00 -6.38208347e-02  1.00511773e+00
  1.36770454e-01 -6.44530885e-01  6.02832911e-01  6.62163160e-01
  1.58828495e+00  1.32739209e+00  5.77260750e-01  4.87307109e-02
 -6.37332238e-01  8.15889496e-01 -8.82579574e-01  4.68318047e-01
  4.48154675e-01  6.88132537e-01  1.40464026e+00  7.17543472e-01
 -1.84257073e-01  8.54089870e-01 -7.60933396e-01  6.74086135e-01
  7.14257940e-01 -3.01216473e-02  2.38740492e-01 -1.00422180e-02
 -1.03132866e+00 -9.36283888e-01  1.11387665e+00  6.45548296e-01
 -2.12228396e-01 -6.06781207e-01 -1.10226703e+00 -9.72997203e-02
  1.36875796e+00 -2.57565232e-01  8.46365989e-01 -2.67846226e-01
  1.82648132e+00 -1.12388772e+00  2.12608893e-01  2.29497143e-01
 -1.01307090e+00  7.55529356e-01  6.32049082e-01 -1.01049989e+00
 -1.16929131e+00  5.10589388e-01 -5.39654943e-01  3.13328178e-01
 -1.12524201e+00 -1.49196000e-01 -2.68413160e+00  9.23102660e-01
  7.14550232e-02  1.52691995e+00 -1.79644982e-01  3.62928078e-01
  8.46512254e-01  5.61088559e-01 -1.52985925e+00  3.27929065e-01
 -5.68023290e-02 -1.44851555e-02  6.21130258e-01  1.48953227e-03
  2.02703170e+00 -1.64780372e+00  1.67029436e+00 -1.12526506e-01
 -9.90891733e-01  2.94444316e-01 -5.57087138e-01  7.93495690e-01
 -7.66232698e-01  5.05592314e-01  1.38817311e+00  7.15040461e-01
  1.51727553e+00  2.10623765e-01  9.30741650e-01 -2.32751586e-01
 -1.49531985e+00 -1.16465003e+00 -1.56543408e+00 -1.09639129e+00
 -1.16371319e-01 -2.40486813e+00 -9.85460893e-01 -1.68870505e+00
 -1.05724174e-02 -4.96292604e-01  1.56559206e+00  4.89043245e-01
 -1.31216160e+00 -4.27458397e-01 -1.01686485e+00 -2.53828883e+00
 -6.25130112e-01  3.85304655e-01 -1.17327704e+00  3.75070365e-01
 -9.66162316e-01  1.08396148e+00  5.62233653e-01  2.51246112e+00
  7.57256220e-01 -9.59344293e-01  5.30315417e-01  2.08399066e+00
  1.25017147e-01  5.71283459e-01 -7.18842299e-01  1.09036948e+00
 -1.56748238e+00  7.98927996e-01 -3.79054050e-01 -7.96540831e-01
 -9.05779070e-01  1.93656845e+00 -2.60687188e+00 -4.81535832e-01
  1.28072017e-01  6.82575585e-01  7.90277865e-01  1.14063264e+00
 -5.75360798e-02 -1.01853828e+00 -2.96996544e-01  2.29794595e+00
  5.50730299e-01 -1.48741792e+00  3.33409529e-01  1.48179033e-02
 -9.48284480e-01 -1.56712383e-01  2.54486682e-01 -2.78907334e-01
  1.17471358e-02 -4.30280415e-01  4.08010216e-01 -1.41788947e+00
 -3.95480363e-01  2.41850796e+00  1.55313714e+00  1.20500678e-01
 -8.16106985e-01 -1.08571995e+00  9.00346077e-01  6.77597396e-01
  2.03850889e-01 -1.50904626e+00  1.64307388e+00 -5.58305534e-02
 -1.71311569e-01 -1.49336408e+00  1.92034778e+00 -5.86784483e-01
 -1.69318768e+00  1.16241460e+00 -3.32750573e-01 -8.13471972e-01
 -1.36999978e+00  1.98988769e-01 -2.49856668e-01 -1.03253309e+00
  1.06126014e+00 -3.26692075e-01  2.17908885e+00  1.53431304e+00
 -7.20504232e-01  5.00240000e-01 -9.12612500e-01  2.48042518e-01
  2.09668707e-01 -2.77294667e-01  6.94535447e-01 -1.27990142e+00
 -4.48513274e-01 -6.70203921e-01  4.82336208e-01 -2.39971358e-01
 -4.80890071e-02  5.59134554e-01  4.72245471e-02  3.75860476e-01
  9.84411622e-01 -2.10193229e-01  1.44381963e+00  1.05969010e+00