-0.34218384  0.16822609  0.04207341 -0.27215907 -3.05630631  0.65927646
  0.86976956  0.56922275  0.75260665 -0.24845505 -1.64115901 -0.21374304
  0.02451982  0.40903041 -0.39367032 -1.55904503  1.01629276 -0.47363173
  0.57149456  0.0387293   0.03820227 -0.74375924 -0.04249742  1.51257617
  1.17766225  2.46681345  0.95687882 -0.43473598 -1.34858753  0.71451421
 -0.76254312 -0.31855063 -0.45326104  0.59841709  0.00836349 -1.00927802
  0.96444308 -1.3265874   1.22195817  2.02392436 -0.99900088  2.80959679
  1.23388057 -1.15377799 -1.07378641 -0.2366411   0.67269995  0.93671668
  1.34365616 -0.8723107   1.94593388 -0.30890917 -0.47567478  0.07394066
 -0.23652597  2.38249382  1.69086689 -0.53836182 -0.61000162  0.4443599
  0.4558879  -0.51255385 -0.52484456 -0.56477453 -1.44024587 -0.84234059
 -0.38322355  1.7321977   0.55071811 -1.59839375  2.02949517  0.25190168
 -0.35484725 -0.42634943 -0.58557102 -0.0912023  -0.49999876  0.97911148
 -0.67870725 -1.49842003  0.22913667 -1.72136336 -1.07963922  0.15748515
  0.91288658  0.6723088  -1.04385045 -0.76747671 -0.36697911 -0.85251063
 -0.17233457  0.66460672  0.69472911  1.6859406   0.46324383 -1.95624376
 -1.00479501  0.76742174 -0.33544552 -1.49658896 -1.32298187 -0.33256939
 -0.14439177 -0.96940496  0.17069127  0.22215649 -0.34691535 -0.97269545
 -0.83257981 -1.17028454  0.26249009  0.77003184 -0.59206909 -0.13130795
  0.69831266 -1.1875429  -0.23355977 -0.059146    0.61720693 -0.36529381
  0.83668839  0.5309567  -0.11496817  0.26371363  1.74814863 -1.61927217
  0.91034748  0.1332764  -2.13488351 -1.84362674 -0.43781999 -0.130452
 -1.02577502  2.22188259  0.34649674 -0.83292992  0.69316712 -1.09598354
  1.10469291  0.13776072  1.28172323 -0.31853738  1.01567682  0.86829196
  1.2368631  -0.70172004 -0.66553299  2.15441635  0.59244693 -1.3066934
 -2.19390239  2.14555321  0.37266303 -1.03628002 -1.08955896  0.10881808
  0.45014022  1.11535734 -0.83205267  0.40882878 -1.56893282  0.7344235
 -1.13259578 -1.9900822  -0.18695504 -0.55176305  0.23149246  1.1943391
 -0.99350291 -0.10253122 -0.14618675  0.70361618 -0.26990983 -1.4620731
  0.58323552 -2.51280217 -0.05113361 -1.14117823  2.05566158 -0.14726596
  1.29892475  0.43270968 -0.91336144  0.08094473  0.69199612 -0.68231134
 -0.09853064  0.84166154  1.52277536 -0.21987601  0.37812357  0.7461864
  0.07838365 -1.8050789  -0.44063244 -0.72206849  0.53396192  2.78593114
 -1.99015152  0.73739771 -0.12898787 -0.21401885  0.0200152  -2.29709094
  0.36256129 -0.76425654 -0.69885728 -0.23109238 -0.83870659 -1.40790526
  0.62235108  0.3682745   1.02373453 -0.61640451  0.06702219 -0.43397199
  0.97584153 -0.7354853   0.23375324 -1.00036246 -0.87846499  0.0350109
  0.72395189  0.09594276  0.98447056 -1.08521769  1.3627794   0.38742743
  1.90829902 -0.37364615  0.10379638 -0.94863344  0.6213359   0.23532872
 -1.14309911 -0.31068708  0.24002985 -0.43669381 -0.53756138  1.53239316
 -2.37410234  1.30190581  1.37637809  0.26239511  0.73951632 -0.01068215
 -1.8973167   0.2309425  -0.15480058 -1.12962697  0.15843751  2.19926689
 -1.30198573  1.916492   -0.01453337  0.15555011  2.07081862  0.25293476
  0.0930513   0.47336698 -1.46644813  0.02489054 -0.04940535  0.75872179
 -1.94320271 -0.34972052 -0.9028684  -0.63794783  1.49898568  2.10272571
 -1.20629699  1.27530169  0.24640034  1.43818969  0.52712816  0.33325255
  0.56903053  0.12480096 -0.44057476  1.42039298 -0.88485995 -0.22726635
 -0.28364888  0.60461901  0.07320165 -0.84426055  0.90778303 -1.63557951
  0.97650325  0.23555781 -0.4444096  -0.56109994  1.34181481 -0.06541756
 -0.35542337  0.33998624  0.49953354  0.2118892  -0.71859594  1.04432412
  0.31109051  0.7460199  -1.34257631 -2.05304488 -1.82638856  0.69403565
  0.43740406 -1.39948938 -1.7462841   0.39763518  0.66246443  0.14409102
  0.4449552   0.03884567  1.35493992  0.83039633  0.05851587 -0.84085198
  0.56574794  0.17952496 -0.00938891 -0.83312282 -0.32457555 -1.13403591
 -0.59731985 -1.03284444  1.07290927 -0.9924455  -0.48561416  0.54365473
 -0.14108668 -0.04133425 -1.91789449 -0.41279031  0.69523951 -1.62652262
  0.24870415 -0.14438879  0.14667218 -1.58385343 -0.39297985  0.53409243
 -0.39916005 -0.1102561  -0.19257521  1.03927676  1.61243982 -1.20527821
 -0.56598473  0.38645235  0.69061466 -0.03829802 -1.11816793 -0.83236196
 -0.64936428  0.6144879  -0.51561051  1.00517619  0.47932307 -0.61586833
  0.78877924  0.8553088   0.46347332  1.9492668   0.68378251  0.618569
 -0.3493315   0.09126676  1.02453657  1.46221617  0.0335073   0.249465
  2.16299458 -1.45164305  0.79144599 -1.40428478 -1.66190395 -1.82547175
 -2.21783506 -0.92677339 -0.62776352  1.14908165 -0.68131771  0.46890487
 -0.45329789 -0.00761341 -0.73630553  0.1017625   0.66399608 -2.22520236
 -0.208368   -2.44623786  0.08867371 -1.01480582  1.55974743 -0.06815794
 -0.55975063 -0.299039    0.57581649  0.36555007 -0.74382817  0.42042797
  1.09746827  0.39864366 -0.35082521 -2.67190517 -0.95333924 -0.46830849
 -1.40034597 -2.36007945  0.64951996 -1.23242505 -0.47609937  0.14928003
  0.48895494  0.19999215  0.51773402  0.24095502 -1.47560941  0.81639989
  1.00980398  0.6524223  -0.60690847 -1.44374391  0.52145061  0.10249513
  0.91403408 -1.05861885 -0.07069873  0.40735534  0.81180806 -0.93076228
  0.36528544 -1.79309115 -0.17281211  0.57983055  0.80151977  0.95245159
  2.53992703 -1.07151785  1.13094784 -0.12352953 -0.2501171   0.41466319
  1.28525524  0.25892929  0.77381412  0.05924871  0.08238418 -0.74483985
 -1.01134505 -0.55945497  0.69065577  0.03270632  0.22240223  1.91838847
 -0.19534737 -0.44389174  0.36835423 -1.6157595   0.97122537 -1.05215119
  0.82223341 -0.60651015 -1.11818808  0.28550028  0.91056185  0.31748942
  0.67916111 -1.95896899 -0.30791261  1.69951253 -1.95073596 -0.65333533
 -0.23631373 -0.06880867  0.73195494 -0.5222715  -0.4448615   0.9098462
  0.28291928 -1.17639709 -1.30383646  0.24926446 -0.30518779 -1.21573485
  1.02483274  0.6646659   0.8793753  -0.27420217  0.55244608  1.14288564
  0.03285712 -0.04973748 -0.84496695  0.30621739 -1.51939374  1.3685442
 -1.31247429  0.64582105  0.21837158 -1.61342671  1.31623629  1.81321493
  1.02208689  0.79766762  0.2477803  -0.97208915 -0.35495619  0.13723192
 -0.36492433  0.10539556 -0.25422594  2.51075887  1.43007992  0.42508537
  1.06677548 -1.35985955 -0.29135355 -1.34238961  0.31130221 -1.95299785
  0.61148656  0.1925777   0.36049662 -1.59310339  2.21207677  1.56800722
 -0.84846249  0.18499474 -0.91208961  0.58030966  0.63986895  0.92749007
 -0.47324467  1.67987779 -0.30326263  1.62404287  1.04973435  1.48835926
 -0.78808477 -0.43039357 -1.4738328   1.18279545 -0.67624352 -1.0712823
 -2.43931769 -0.84117266  0.88810421 -1.00142364  0.78452526 -0.29736592
 -2.19784469  0.53741332  0.7096425  -1.31921058 -1.06967034  0.58596919
  2.12110144 -0.09196911 -0.21741142 -0.47198196 -2.3671916   1.25345709
  0.1342884  -0.16270899 -0.47818505 -1.60744061  0.27196535  0.08991266
 -0.88369911  1.8272927  -1.22412812 -0.14563596 -0.45843258  0.78677995
 -0.32739596  0.11011412 -1.53392565 -1.12894361  0.8499524  -0.33255806
  1.8933705   0.78865049 -0.11088134 -0.73561257  0.87114922  0.25284095
  0.00547682  0.65081052  0.50022203  0.35588378  1.41545037 -0.26908149
 -0.10568104 -0.76455433  2.01642351 -0.16562117 -1.73733109 -1.08993031
  1.28132136  2.00029477 -1.74108709 -0.80861241 -0.5271683  -1.48705355
 -1.73898562 -1.42286723 -0.6685281  -0.08111029 -0.36498662 -1.22820144
  0.29745818  1.23260022  1.72900311 -0.16332251  0.22294345  0.18889657
 -0.09349103 -0.32317136 -0.19437164  0.48737522 -1.73293072 -1.17052495
 -0.58442371  0.28095438  0.69510973  0.35327023  0.29371855 -0.23088096
  0.1212992   0.01929449 -1.07252903 -1.02509965  0.37957178 -0.19510557
  0.06846034 -0.2152024  -1.19383152  0.71995785  1.42014834  0.63040717
 -0.10477104  0.87254259 -1.84759995  0.26971005  1.55913968 -1.64798356
 -0.35842543 -0.63106187  0.53216969  1.08045412  0.88588894  0.40478623
 -1.44392817 -0.92782889  0.59646073 -0.0070579   1.25224542  1.37589916
 -0.45133301 -0.17017081 -0.1231528  -0.04475881 -1.01461973 -0.67621302
 -0.49021366  0.66795002  0.82563267  0.43129127  0.08448752  0.42686475
  0.03375023 -1.7069813  -0.62426879 -1.09695514 -1.32244704  2.37673129
  0.99114193  0.83413699 -0.27946383  1.07071546  0.05121866 -0.04014325
  0.14868991  0.55048165 -0.45182797 -1.17260876  0.1898577   0.09970225
 -0.55651771 -0.02383247 -1.74306243  2.15897024  0.21532053 -1.41922778
 -1.13223292 -0.58247619  2.69373988  0.47032737 -0.21908178  0.23425976
 -0.24214667  0.17517602 -1.81683933 -0.91524064 -0.82299676 -0.57841749
  0.21736451 -1.11231829  1.25607412 -0.2312216  -0.83052512 -0.18712411
 -1.71105348 -1.00936838  0.98807176  0.68754641  2.27954198 -0.09714146
 -0.26069147  1.69354554  0.61867767 -0.24278791  0.10423292 -0.75802834
 -0.0204001  -0.64657844 -0.21001385  0.72343639 -0.56503759 -1.58237859
  0.51525744 -0.43153169  0.45884865  0.23178252  0.63517532  0.36420068
  0.59047433 -0.63503539  0.13996395  0.51323288 -0.46689805 -2.21019398
  0.0392634   1.30023555 -0.67370493 -1.56805988  0.08824774 -1.57567446
 -0.69204486  0.46280613 -0.77965164 -1.07409422  0.13036098 -0.76545799
  1.32671208  0.0407278  -0.86085333  0.98436019  1.08424138 -1.30017301
 -1.80998421  0.54271162 -1.0383545   0.1672882  -0.07647194 -0.31002631
  0.83017249 -1.49500138 -1.19327324  0.00681118  0.19261005  0.27532775
 -1.00166292  0.12356126  1.80086375  0.29642015 -0.66816443 -3.8544597
  0.46622046 -0.22009698 -0.0952236  -0.06370879 -0.20705415  0.48783165
  1.029909    0.39883896  0.39417528 -0.52346867 -0.9789436   0.81414262
 -0.42741424 -0.25149241 -0.66280876  0.99213834 -1.27815607  0.13421829
  0.85525384 -1.25889876 -0.5012852   1.05370853  0.66133259 -1.0570059
 -0.15416991 -1.76122148  1.70661092  0.61478538  0.58563966  0.04773042
  0.13055367 -0.97529859  1.13327478 -2.00508711  0.00405893 -1.7626285
  0.0979187   1.43615543  0.09236467 -0.76334227  1.81603252  0.60428173
 -0.84731642  1.38547688  0.62034604 -0.77916879  0.36386356 -2.04299599
 -1.92929597  0.11982616 -0.51805032 -0.10135254 -1.26550179  1.20656601
  1.07402613  1.12151352 -0.75618279  0.59937713 -0.91137637  1.31682526
  0.21251111 -0.14167054 -0.63068466 -1.54314233  1.46632262  0.79062597
 -0.55379416  0.17024323  0.73162469  0.00474363 -0.83462537 -0.27984508
 -1.06977754  0.00601024 -0.08641079  1.12210084 -0.00960887 -1.43163797
 -0.2598554  -0.38759081  1.16317537  0.20001047 -0.82153194  0.52744617
 -0.78424162 -0.18399731  0.66731732 -1.42008974  1.35725488  2.48142348
 -0.39299464 -0.50245616  1.12725248  0.59617429 -0.54602128  1.20646207
 -0.62939859 -0.21196018 -0.23009293 -0.3256512   0.62246684 -0.13805711
 -1.63257814 -1.6656556   0.55915723 -0.76519639 -1.44234733 -0.80385109
  1.26303871 -0.57332431 -1.60101583 -1.66849713  0.79168632  0.27357131
 -0.26923087  0.09900708 -0.10801878 -0.92575048  2.19655414  2.32069617
 -0.15684562  0.0793607  -2.80487356  0.95064254  0.32367309 -1.09325757
 -0.74363606 -1.96263413 -0.08425983  0.54671664 -1.23446589  0.21043976
  0.39301578 -0.52915888 -0.41802394 -0.14953526 -0.40078585 -0.25901933
  1.55528304 -0.71838013 -0.53855331 -0.21820143 -0.5264397  -2.45888367
 -1.0431848  -0.37107633  0.76830901 -0.62431984 -0.92270772 -0.84413402
 -1.51959356  1.86182161  0.84151585  0.17894304  1.83541262  1.50754908
 -1.0310595  -0.39789682 -2.48478736 -0.20038681  0.84827212 -0.47332417
  1.4930899  -0.68850436 -0.09496629 -0.10349757  1.41612542 -0.71464836
 -0.4813047  -0.01976191  0.87739784  2.63149805  0.21264414  0.09605591
  0.41911435 -0.05011303  0.13003498 -1.58887392  1.12060247  0.3960976
 -0.5431861   0.44828271  0.19545898 -0.5947391   1.45231838  1.09046596
 -1.14614874  0.99045988  1.28252139  0.40565428  0.49344316  0.77749902
  1.79000494 -2.31361539 -0.48394221  0.01938596  0.14290037  0.59259578
 -0.13013812  1.57798741 -1.17170718  2.62734029  0.21401233  1.90737276
 -2.7405117   1.19962868  1.10103225 -2.58609023  0.49836673  0.52715133
 -0.24935147 -0.16265449 -0.59034214 -0.17280571  0.61024917  1.60304151
  0.86707779  0.0249244  -1.58248384 -0.70178072