-8.41153960e-01 -1.02845833e+00  1.62127773e-01  3.17656232e-02
  3.48129264e-01  2.70805091e-01 -1.20148791e+00 -7.17966649e-01
  1.02094434e+00  8.48355228e-01 -1.09350513e-01  6.31657374e-01
 -1.90211567e+00  2.22606372e-01  5.06191042e-01  9.37774980e-01
 -3.06152542e-01  5.22076850e-01 -2.11533168e-01  1.24350902e+00
 -6.01009558e-02  8.82429054e-02 -1.98535795e+00  1.89168503e+00
 -7.28506208e-02  1.07489159e+00 -8.29731083e-01 -9.74406524e-01
 -8.24676943e-01 -5.57409048e-01 -1.08179958e+00 -1.95688984e+00
 -3.16785668e-01  9.61037957e-01  3.61033297e-01 -1.21592761e+00
  2.72279479e-01 -8.75416957e-01 -4.61297662e-01  1.23186070e+00
 -7.65013628e-01 -1.06894079e+00 -9.41224598e-01  2.67311770e+00
  1.70497245e+00  1.32208893e+00 -1.88208880e+00 -8.61894799e-01
  2.07560233e+00 -3.07473563e-01  2.26293971e+00 -7.02331931e-01
  5.17564267e-02  6.20342403e-01  6.35838443e-01 -2.09573237e+00
 -3.65842283e-01 -1.45918924e+00 -5.81330105e-01 -9.03906173e-01
  6.43000475e-01 -2.27324259e-01  1.64720047e-01 -5.91316155e-01
  7.59126507e-01  2.98344587e+00 -2.54263881e-01 -1.46864189e-01
  1.35575986e+00 -6.53085858e-01 -1.49623638e-01  8.70246703e-01
 -1.68657312e+00  5.76834869e-01 -3.82927468e-01 -2.23236770e-01
 -4.70787437e-01  5.52048290e-01  1.25984431e-01  5.27457883e-01
 -2.98555908e-02  1.24819577e+00 -1.83119249e-01 -6.42951674e-01
 -7.68644166e-01 -6.37124280e-01  4.81680114e-01 -5.07448859e-01
  6.23928390e-01  1.64942475e+00  5.08110955e-04  1.61318177e+00
 -7.52033860e-02 -9.06155271e-01 -1.95580734e+00  5.32770376e-01
  1.19510587e+00  5.69156208e-01 -2.51239877e-01  1.92930918e+00
  1.11385493e+00 -6.85401271e-01  7.52633904e-01 -1.80830615e-01
 -6.14776961e-01 -1.22818979e+00  2.83433753e+00 -1.44368730e+00
  6.37663428e-01  1.25886190e+00 -1.94734629e+00 -4.00057356e-01
 -1.28113873e+00  1.57875546e+00 -2.06328871e-01  5.40348007e-01
  6.28676256e-01 -1.34730632e+00 -8.58100821e-02 -4.08020669e-01
 -3.80922139e-01 -1.43870870e-01  5.18236264e-01 -1.49696498e+00
  1.63088331e+00 -1.26739537e-01 -7.84090718e-01  1.72848793e+00
  6.22838159e-01  1.35567975e+00 -1.02649827e+00  2.06013051e+00
  1.50668716e+00 -2.22488438e+00 -7.12366480e-02 -5.64437246e-01
  6.01744679e-01  7.18642084e-01  3.37408562e-01 -7.33730109e-01
  3.64887983e-01 -2.36379776e+00 -2.27279540e-01 -2.11954273e+00
  7.61307993e-01  1.76398832e-01 -8.78840567e-01 -1.78211737e+00
 -4.49224312e-01  2.26583942e-01 -1.09390840e+00 -1.19738861e+00
 -3.79657515e-01  1.30489279e-02 -7.47134657e-02  8.02523289e-01
  8.84871548e-02 -5.81877324e-01 -5.57780783e-01  4.37261904e-01
  2.94548194e-01 -1.17139244e+00  1.34238954e-01 -1.69444862e+00
  1.87813976e-01 -7.74919821e-01  1.63717278e-01 -1.14427054e+00
 -1.55724908e+00 -8.59171642e-01 -3.66277589e-01 -1.13151700e+00
 -2.14250767e+00  9.12336985e-01 -1.41195316e-01 -5.34718478e-01
  1.92757684e+00 -1.05905783e+00 -7.67261191e-01  4.59502954e-01
  9.42602406e-01  4.60498567e-01  3.09728798e-01 -2.35318119e+00
  1.01401449e+00 -1.56533598e+00 -5.60689462e-01 -4.33790503e-01
  7.50196680e-01  1.00058520e+00 -2.33050732e-01  1.70958680e+00
 -7.77631312e-01 -1.01581195e+00  7.65444398e-01 -1.00961225e+00
 -3.34075971e-01 -6.09934159e-01  1.32843764e+00  1.33690464e+00
 -1.36603925e+00 -5.44557209e-01 -1.39539895e+00 -9.51870958e-01
  1.04528499e+00 -3.04395598e-01  3.56011537e-01  1.95371689e+00
 -1.90657949e-01 -2.20093745e-01 -1.03686229e+00 -7.89961791e-01
  4.48182153e-01  1.25703434e-01  5.55803629e-01  8.63320772e-01
 -6.76128614e-01  1.83769137e+00 -8.34891447e-01  1.68555964e+00
  7.53971739e-02 -1.26728789e+00 -5.87954009e-01 -1.96630784e+00
  2.15260513e+00  2.93971930e-01  1.63849022e+00  1.22815540e+00
 -4.80862196e-01 -2.88321121e+00  1.27909048e+00 -2.92240630e-01
  1.23571684e+00  1.16860972e+00 -5.69593477e-01 -8.55202296e-03
  8.53942671e-01 -7.35779331e-01 -2.02614134e-01  1.24459755e+00
 -2.00952094e-01 -6.67872618e-01 -8.59641220e-01  1.19256150e-01
 -7.74296082e-01  1.24439656e-02  1.46222368e+00  9.80807879e-01
  8.08119751e-01 -1.28857702e-01  7.35303284e-01  3.83936874e-01
  9.73692096e-02  6.80899565e-01 -2.91405128e-02 -4.94501150e-01
  1.82793228e+00  1.19811216e+00  1.78985959e+00  1.26535978e+00
  2.30349278e+00 -9.30727931e-01 -1.55622076e-01 -1.66834611e-01
  1.56751112e+00  4.51333797e-01 -4.79828139e-01 -1.66120754e-01
 -2.54768735e-01 -4.38444367e-01  9.45894505e-01  9.85009920e-02
 -2.29029926e-01 -3.75927065e-01  5.83816675e-01  8.52189600e-01
  1.16593447e-01  8.37241140e-03 -1.91427323e+00 -1.68511925e-01
 -1.21434525e+00 -5.67804180e-02  2.66680079e-01 -1.63363885e+00
  6.01611052e-01  4.28599444e-01  6.77398839e-01 -2.93107466e-01
  1.57360717e+00 -1.58556697e-02  2.80129816e+00  1.30951296e+00
 -6.65306165e-01 -5.21085310e-01  2.68152084e-01 -7.68480782e-01
 -8.05967586e-02  4.11028367e-01  3.75935423e-01  8.57133004e-01
 -1.13166212e+00  2.09199655e-01  4.08941735e-01  6.16222687e-01
 -3.74003680e-01 -1.04590345e-01 -4.43708706e-01 -4.88943303e-01
 -4.22418194e-01  4.60011466e-01 -4.22265699e-01 -6.81930091e-02
  8.31230038e-01  3.55567280e-01  1.06620264e+00  2.14634711e+00
  1.32979272e+00  1.03043342e+00  1.60556620e+00 -2.80025072e-02
  1.61266198e-01 -1.54372786e+00 -7.01135563e-01  2.12898710e-01
 -5.47761601e-01 -2.92484890e+00  1.23006298e+00  5.36790364e-01
 -1.06304267e+00  3.00499067e-01  1.06646037e+00 -5.70724688e-01
 -6.73846310e-01  1.76384407e+00  1.27256728e-01 -1.03701083e-01
 -4.73435155e-01 -1.22169167e+00 -2.50691390e-01 -2.87966630e-01
 -1.06465427e+00  1.08654835e+00 -1.93770702e-01 -2.89566355e-01
  4.92351882e-01 -1.08059723e+00 -1.73549967e-01 -1.25078770e+00
 -1.27639674e+00  1.63428034e+00 -3.36267693e-01 -2.64663884e-01
 -1.62330433e-01  1.66387138e+00  7.89363964e-02 -8.01202742e-01
 -3.35166024e-01 -7.91899640e-01  1.91253029e-01  3.63849879e+00
 -4.02469608e-01 -1.19446144e+00  1.23037028e-01 -8.77058895e-01
 -1.24162035e+00 -4.98562876e-01  6.44735800e-01 -4.82123128e-01
 -5.12762821e-01  3.08402794e-01 -9.74823201e-01 -1.74621093e+00
  9.29071333e-01 -1.70524463e-01  1.30965735e+00  2.37726021e-01
 -5.10102592e-02  8.04072726e-02 -3.52076066e-01  2.11117838e-01
  1.59706155e+00  9.05826013e-02  3.24298234e-01  2.27015914e-01
 -1.72540547e+00  1.49910133e+00  1.24171391e+00 -1.68400605e+00
 -2.67119066e-02 -1.03463369e+00 -9.43472410e-01 -1.45422459e-01
  9.98727885e-01 -1.55591763e+00  1.20645421e-01 -1.51541633e+00
 -7.86694430e-01  1.22024065e+00  2.98774955e+00  9.83041454e-02
  8.46297785e-01 -1.01512011e+00 -1.45995392e+00  4.45112450e-02
  1.29433835e+00 -3.14427749e-01 -1.47619046e+00  1.92861777e+00
  6.51207498e-01 -8.14126660e-01  8.51342530e-01 -1.64195931e-01
 -1.75603412e+00 -5.91143819e-01 -1.53340588e-01  1.48008887e+00
  1.35265299e+00 -4.58515861e-01 -5.93152012e-02 -7.96172478e-01
  2.75284960e-01 -2.16512342e+00 -5.89673137e-01 -2.52646234e+00
  1.39318013e+00 -4.79330956e-01 -1.73174062e+00  4.18866742e-01
  1.29275623e+00 -1.66708217e-01 -6.24400646e-01 -2.38570536e-01
 -1.35187021e+00  1.32507837e+00  2.53641703e-01  1.20879111e+00
  1.42330322e-01 -1.65119018e-01 -7.71549897e-02 -1.43911706e+00
  4.47429349e-01  6.64087286e-01 -1.59226691e-01 -1.66913675e+00
 -4.99448204e-01  1.55299295e+00  2.59222289e-01 -1.39974958e+00
  3.99300218e-02  6.53666330e-01  1.45090832e+00 -1.21518054e+00
 -5.01493342e-01 -8.85672010e-01  1.01061751e-01  5.74321706e-02
 -1.78028871e-01  1.86196628e+00 -4.85845828e-01  1.82438129e-01
  6.15221676e-01  1.16131763e+00  5.66031576e-01 -2.71771151e-01
  6.82180119e-01  6.89280886e-01  1.30903733e+00  2.61907323e-01
  3.38220539e-01 -1.01533389e+00 -1.91877733e+00  1.31119456e-01
 -1.22044491e+00  1.01680732e-01 -6.49613242e-01 -4.17088160e-01
  2.86782986e-01  5.33597074e-02 -8.33990289e-01  2.47810588e-03
 -1.38748550e-01 -2.98814455e-02 -1.67005650e+00  8.50688823e-01
 -1.70937537e-01 -7.74675340e-01  1.33698133e+00  3.80814872e-01
 -2.06373065e-02  3.85171683e-01  7.11129391e-01  8.87094876e-01
  7.89280059e-01  8.54478579e-01  1.03711966e+00  1.02885560e+00
  4.92486062e-02 -7.54082907e-01 -2.18470128e+00  1.25938945e-01
  1.35594651e+00  8.45443195e-01  1.18539847e+00  7.34532284e-01
 -3.07896819e-01 -1.38073543e+00 -1.97159494e+00 -9.53353412e-01
  1.39297842e+00  9.63367164e-01  7.39209353e-01 -4.54162743e-01
 -1.16677635e+00  1.17290502e+00  1.39906137e+00 -6.05257803e-01
 -2.79474323e-02  6.63446851e-01 -7.10607364e-02  1.83442225e-04
  1.36893008e+00 -2.84872971e-01 -1.20740866e-01  1.17259342e+00
 -1.07365623e+00  7.86789181e-01 -2.05857682e-01  9.88085405e-01
 -4.12975689e-01 -5.41055357e-01  3.07445946e-01 -7.24019765e-01
 -2.75117369e-01 -2.15136887e+00 -9.83380105e-01 -3.34429965e-01
  9.46908917e-01  1.53590361e+00 -5.70205054e-01  1.53765550e-01
  1.19317716e-01  1.35112447e+00 -6.40996492e-01 -7.78101369e-03
 -5.14833399e-01  1.13852679e+00  6.77709089e-01 -1.45221242e+00
  1.54145176e+00 -7.39837014e-01 -7.07020829e-02  1.48761230e+00
  9.23327742e-01  1.64649897e+00 -6.06658956e-01  4.20166356e-01
  6.50711653e-01 -6.81349223e-01  1.18249189e+00 -4.05464938e-01
 -9.40210479e-01  1.73887624e+00  1.17215095e+00  2.88400878e-01
 -9.07452713e-02  1.37801137e+00  1.43356544e-01 -1.81809201e+00
  5.69669782e-01  2.58373832e-01 -1.12139177e-01  4.50613624e-01
  9.69173411e-01  1.97453576e+00 -1.57325796e-04  5.58315789e-01
  2.08816945e+00  2.29255167e+00  1.32538817e+00  1.63985795e+00
 -1.86225414e+00 -8.19451994e-01 -1.11208167e+00  6.59852219e-03
 -2.15071579e+00  2.83821666e-01 -3.83965109e-01  3.59653322e-01
 -6.12181211e-01 -1.07442524e+00  2.46534952e-01 -6.98467923e-01
  4.74882219e-01 -4.24642052e-01  1.72084491e-01  4.73375925e-01
  6.52104101e-01  1.49644285e+00 -3.07127176e-01  1.09789174e+00
  5.86928325e-01  1.43617816e+00  2.75855867e-01 -1.68826840e+00
  4.37035294e-02 -2.14194288e+00 -2.97779951e-01 -9.11298558e-01
  2.40435773e-01 -7.77900435e-01  2.98196786e-01  3.37413340e-01
  1.98729648e-01 -8.57268645e-01  1.48646146e+00 -4.89452598e-01
 -6.56844224e-01 -3.19862106e-01 -1.13195466e+00 -5.81180913e-01
  1.58833016e+00  9.29452023e-01 -2.25703154e+00 -9.32125984e-01
  1.11940014e+00  8.03787754e-01 -1.09034017e+00 -2.17261179e+00
  5.38124440e-01  1.16858363e+00  8.05251283e-01 -5.65368185e-01
 -7.32136055e-01 -1.26397184e+00 -2.18674323e+00 -1.12179654e+00
 -1.03427147e-01  3.81493627e-01 -1.08110900e-01 -4.34764837e-01
 -1.79841906e+00 -1.89272682e-01  5.13669076e-01  1.21658723e+00
  5.24888049e-01  1.29017661e+00  1.09279261e+00  2.54493048e-01
  4.94047747e-01 -8.83794586e-01  1.04805984e-01  1.66230633e+00
 -8.87479522e-01  2.56590373e-01 -7.19353262e-01 -5.10511032e-01
  2.64767511e-01 -2.62916823e-01  3.45613295e-01 -8.29068095e-01
 -2.07356767e+00 -1.56873838e-01  4.89265805e-01 -2.67029495e-01
  1.06161179e+00  2.72952428e-03 -1.69801300e+00  9.39419456e-01
  1.97262164e+00  8.73597667e-02  3.96748470e-01 -1.15953329e+00
 -7.76801194e-02  1.52069223e+00 -8.08696242e-01  1.40109312e+00
  5.20114824e-01 -5.58695355e-01  6.30550733e-02  2.37147895e-01
  7.59452088e-01 -1.63705193e+00 -2.19905392e+00 -7.50695486e-01
 -7.34492788e-01 -1.92729573e-01  3.36830775e-01  1.28752599e+00
  7.61725687e-01  4.59762083e-01 -2.49833649e-01 -1.67853935e+00
 -1.50346778e+00 -5.05078600e-01  6.27476916e-01  2.70590792e-01
 -1.75762820e+00 -6.52166929e-01 -1.78648149e-01  3.36883380e-01
  1.48563512e-01 -3.55048332e-02  1.93993305e+00  1.00875011e+00
  5.98229993e-01 -1.20440982e+00 -5.22417613e-01 -1.75929705e+00
  5.11753290e-01  1.57810554e+00 -1.51352540e+00 -4.65374856e-01
  8.53996032e-01 -6.33608615e-01  9.93384325e-01 -5.08746612e-01
  5.33042063e-01 -1.21911300e+00  3.96322204e-01  3.64000454e-01
 -5.16918344e-01 -3.16818852e-01  1.24940258e+00 -2.33627787e+00
  9.43831775e-01  3.24926440e-01 -1.39091510e-01  1.79237069e+00
 -1.44003822e+00  7.16121507e-01  1.10038512e+00 -2.78647729e-01
  2.24208666e+00 -3.28673297e-01  7.09089263e-01 -1.11140738e+00
  9.29523783e-01  1.93677745e+00  9.23284322e-01  9.70050964e-01
  1.55351994e+00 -2.76362567e+00  8.03540171e-01 -5.71255088e-01
  7.38865533e-01  2.19473906e-01 -5.00727301e-01 -9.98031785e-01
 -1.03023601e+00  5.75429351e-01 -1.20750127e+00  1.00115877e+00
  5.46600412e-01 -4.00433872e-01 -4.79993630e-01  1.26709926e+00
  1.90359429e-01 -1.94086257e-01  1.58107344e+00 -2.84704740e+00
 -2.03313699e+00 -1.49629018e+00 -7.09237271e-01 -8.93797516e-01
 -7.63616033e-01  2.21718737e+00  1.84780936e+00 -9.14906611e-01
  9.53725376e-01 -3.90292878e+00 -1.23745167e+00  1.59891503e+00
  1.06833533e+00  7.20965609e-01  1.34037512e+00 -9.72067885e-01
 -4.47068944e-01 -3.19021662e-01 -5.87286856e-01 -4.74228286e-01
 -2.53500013e-01 -1.13725173e+00 -8.69125485e-01 -2.16757528e-01
 -4.24508268e-01 -3.24180633e-01  6.09388326e-01 -1.15198959e-02
  2.97742653e-01  2.12218062e-01  3.57548728e-01  1.57866013e+00
 -2.00556975e-01  1.05611045e+00 -9.26459265e-02  2.80152180e-01
  1.12501080e+00 -2.98859349e-01 -8.19500105e-01  1.02626781e+00
  1.12398978e+00  4.18816804e-01 -9.96616100e-02 -3.10797552e-01
  1.75640771e-01  1.19380885e+00  1.24308699e+00  1.60691116e+00
  1.47889347e+00  1.21740983e+00  5.36722695e-01  5.46010095e-01
  1.42385364e+00 -7.07230931e-01 -1.00906292e+00  2.64496305e-01
 -3.78251714e-01 -1.55243287e-01  1.02829072e+00  1.75147421e+00
 -1.55782332e+00 -1.29816685e+00  1.54864052e-01 -5.69702274e-01
 -9.77065360e-01  6.08679102e-01 -7.39032200e-01 -2.16860983e+00
 -2.41637755e+00  2.42230182e-01  2.32453939e+00 -9.41296659e-01
 -1.57875039e+00  1.08458758e-01  4.36748913e-01 -7.78995508e-01
  1.49958528e+00  8.37216168e-02 -1.68528996e+00 -1.01588106e+00
  5.46969318e-01 -4.67640096e-01 -5.11253734e-01  5.93385769e-01
  1.34758919e+00 -1.09357835e+00  6.89592908e-01  1.54640465e+00
 -1.81634073e-01 -3.71591185e-01  1.31498204e-01 -9.09362542e-01
 -4.33840623e-01 -5.09235435e-01  7.45258698e-01 -4.97794657e-01
 -3.21509550e-01 -2.68599369e-02  6.15810625e-02  1.14153645e-01
 -5.08172141e-01  2.81486559e-01 -6.88091221e-01  1.30857682e+00
 -8.88175540e-01 -5.78251496e-01 -7.12217581e-01  1.00673830e+00
 -7.29102503e-01 -3.60642196e-01 -6.16583951e-01  4.01123902e-01
 -5.06695341e-01  5.61930261e-01  9.80675815e-01  2.26217421e+00
 -1.99290263e-01  6.76430684e-01 -4.84749887e-01 -1.77730569e-01
  1.44694650e+00 -2.83078104e-01 -4.37673581e-02 -1.06063393e+00
 -3.87960885e-01 -4.39823490e-01  2.94580478e-02  1.37280001e+00
  6.79543854e-01  1.58044919e+00  1.02716624e+00 -2.44686071e-01
 -2.22716568e-02  8.61421512e-02 -9.17738010e-01 -6.36732251e-01
  1.18435277e+00 -1.15821747e+00  1.40295359e+00 -2.89502107e-01
 -1.00426138e+00 -1.16055518e+00  1.06809782e+00  1.20202380e+00
 -4.86174885e-01  6.11462462e-01 -6.81933353e-01  6.43283738e-01
 -1.38599411e+00  2.20324493e+00  5.89663213e-01  3.82621141e-01
  4.20843884e-02  1.05778893e+00  1.23118009e+00 -1.41666898e+00
  3.28227068e-01 -5.43544893e-01 -1.53238830e+00  5.18065322e-01
  1.66493897e+00 -1.67772294e+00  5.01683791e-01  1.20559321e+00
 -2.43320712e-01  3.41837769e-01  1.64200331e+00 -1.83794380e+00
 -3.54127395e-01 -4.64100214e-01 -7.33233771e-01 -1.67099527e+00
 -2.46511122e-01 -3.13113493e+00 -1.13809030e+00 -7.40848115e-01
 -5.79825412e-01  4.76485421e-01 -1.07159045e+00 -9.04136280e-01
 -7.92242331e-01  4.06724348e-01 -8.89314304e-01  5.26942924e-01
  1.08051880e+00  8.55637660e-01 -1.68448402e-01 -4.21486093e-02
  1.47329840e+00 -1.21887271e+00  1.01459835e+00  8.55783135e-01
 -9.43557659e-01 -1.39179582e+00  9.56831623e-01 -1.47954406e-01
  4.31176028e-01 -7.78956438e-01 -6.67352871e-01  1.67977936e+00
 -1.86959746e+00  4.92881494e-01  6.46598354e-01  1.94526748e+00
  2.59998818e-01 -8.26928189e-01  5.40827894e-01  1.88042081e-01
  1.03071489e-01  7.28879200e-01  5.44280509e-01  6.30239172e-01
 -3.67305269e-01  7.38006069e-01  1.68828014e+00  2.34863451e+00
 -9.78984521e-01  1.71712952e+00  8.56001920e-01  1.97553723e-01
 -1.50126670e+00  2.89307510e-01 -8.89938966e-02  1.54854763e+00
 -9.30261966e-01  1.50773466e-01 -2.82344738e-01 -7.15089211e-01
  2.43633452e-01  9.86461726e-01 -2.75523446e-01 -1.15187239e+00
  1.17610510e+00 -1.59188037e+00  1.37524796e-01 -1.11319531e+00
 -1.57745610e+00  1.06301781e+00 -1.07962795e+00  6.03564900e-02