-5.42687226e-01  6.92762781e-01 -2.04988950e-02  2.44118941e-01
  5.42666027e-01  7.80541857e-01  1.38395031e+00 -1.35227055e+00
  1.78147298e-02 -6.57280672e-02 -1.42997433e+00 -1.95343760e+00
 -1.55935354e+00 -1.42819181e+00  3.46399869e-01 -8.15855190e-01
  2.54121763e-01  7.65867120e-01 -1.50223099e+00 -4.94504509e-01
 -3.33513523e+00 -4.12146036e-01 -7.83528482e-01 -4.38402590e-01
  1.33214122e+00  6.64306288e-01  6.97189973e-01  4.09731767e-01
  8.73566668e-01 -4.61451873e-01 -5.25878557e-02 -9.01549840e-02
  6.38716409e-01  1.34658214e+00 -9.82357506e-01 -5.48540063e-01
 -1.61633278e+00 -1.42952343e+00  3.74312636e-01  6.10887782e-01
 -6.33049787e-01  1.17487280e+00 -1.12205005e+00 -7.00873160e-02
  8.72198777e-01  1.92563511e+00 -8.48112562e-01 -2.30701605e-01
  1.20087436e+00 -2.77877431e-01 -3.76289194e-01 -2.23927019e+00
 -6.58964868e-02  6.61235442e-01 -8.22563152e-01 -4.79898293e-01
 -3.60109350e-01  1.93528572e+00 -5.66237243e-01 -1.41620347e+00
 -8.68062546e-01 -8.86891145e-01 -1.03976983e+00 -3.52176580e-01
 -1.23379304e+00  1.16445577e+00 -3.15505829e-01 -1.29587195e+00
 -8.79187006e-01  2.25934468e+00 -4.15868643e-01 -2.01067440e+00
 -3.26709412e+00 -1.74006384e+00 -2.82960018e-01  5.25228434e-01
 -1.15925989e+00  1.31587575e-01  1.05101152e+00  2.16618608e-01
  1.77057603e+00 -4.21765563e-01 -2.17173130e-01 -2.99895543e-01
 -1.08076340e+00 -9.77778038e-01 -1.34076561e+00  6.06929075e-01
  1.56325059e-01 -1.06435456e+00  1.54744899e+00  1.17603278e+00
 -1.14317157e+00  3.03976106e-01  7.14755713e-01  3.54539777e-01
 -1.61423993e+00 -1.93283376e+00  1.17141339e+00  8.67112589e-01
 -1.72679193e-01  3.80708731e-01  6.72887790e-01 -2.83230797e-01
 -2.16295760e+00 -1.18824056e+00 -1.49406245e+00  4.08156887e-01
  9.60408388e-01 -1.03501837e+00 -1.74878957e+00 -1.54011487e-01
 -5.28702730e-01  1.05022440e+00  9.17859336e-01  1.14003714e+00
  1.28623720e+00  1.53510471e+00  4.50386856e-01  7.35312787e-01
  1.94249777e+00  1.83060358e+00  1.09109762e+00  3.04547569e-01
  5.79077086e-01  6.34160583e-01 -7.46258375e-01  1.52069735e+00
  1.19558387e+00 -3.49425466e-01 -1.43983239e+00  2.71585978e-02
  3.02046688e-01  1.20165232e+00 -1.46054518e+00 -1.35555248e+00
  1.18880807e+00 -4.97804587e-01 -3.74248632e-01  8.60185603e-01
  7.12909260e-01  3.75044951e-01 -7.75982229e-02 -1.10204661e-01
  6.98533051e-01 -1.54894568e+00  3.72347804e-01 -5.65835447e-01
  1.61453261e+00 -1.29981190e+00  2.27578766e+00  6.44252201e-01
 -3.82300858e-01  4.81775190e-01 -1.81549416e-01  7.21322430e-01
  4.81659985e-01 -6.53503773e-01 -1.38762569e+00 -2.91836256e-01
 -5.84485486e-01 -9.85152778e-01  7.37229462e-01 -8.15180797e-01
  4.80776673e-01  1.42289626e+00  1.54909076e-01  3.16077901e-01
  1.13605531e+00  3.41629144e-01  6.10724283e-01 -6.54930144e-01
 -1.04601666e+00 -4.69923534e-02  1.93012527e+00 -2.72718646e-01
 -2.85248877e-01  2.02183531e-01 -4.27486181e-01  1.23849013e+00
 -6.32011008e-01 -2.20094526e+00 -2.08740434e+00  3.14321479e-01
  1.12271065e+00  1.43062446e+00  6.60291844e-01 -4.79396263e-02
  6.55476648e-01 -2.03995506e-01  9.52673777e-01  8.57626708e-01
 -1.06665023e+00 -9.05890248e-01 -2.50503018e-01 -3.99564903e-01
 -2.09679958e+00  7.68866483e-01  6.65941066e-01  2.07970217e+00
  2.79862568e-01 -7.47035689e-01 -8.43432686e-01  6.00877143e-01
  6.06066654e-01 -8.04699559e-01  9.37270986e-01 -8.32297166e-01
 -3.00078898e-01 -3.78116879e-01 -3.13876218e-01 -1.70424403e-01
 -9.75840468e-01 -3.81073237e-01  1.39057472e+00  1.54041040e+00
 -4.85696484e-01  8.32787101e-02  8.63110684e-01 -2.43468327e+00
  1.38703390e+00  1.66024084e+00  1.82586240e+00  5.76344070e-01
  5.40379429e-01  1.11276104e+00  1.59185968e-01  1.97942398e+00
  7.40098035e-01  9.51675856e-03 -1.61907710e+00 -6.31578163e-01
  7.94994693e-01  1.14158960e+00 -1.48621082e-02  1.03403067e+00
 -4.41299649e-01  2.48311128e-01  1.96670650e+00 -2.76987309e-01
 -8.78223336e-01  1.92204914e+00 -3.84486796e+00 -3.04407904e-01
 -7.32614969e-01 -1.69572773e+00  1.83920526e+00 -7.26247534e-01
 -1.88787848e-01 -1.13507084e+00 -7.44566556e-01 -9.70905052e-01
  8.07346098e-01  1.21952360e+00  5.18045042e-01 -2.06950389e-01
 -8.36039125e-02  9.44028173e-01 -5.99904105e-02  6.12273349e-01
 -1.33824305e+00 -9.61154377e-01 -1.06012153e-01 -4.55970446e-01
  1.93521418e-01  4.60114306e-01  9.37916035e-01  2.84867961e-02
  7.70469238e-01  1.24646752e+00 -1.77671032e-01  5.65530988e-01
  6.98175728e-01 -2.39894614e-01  2.05050236e-01 -1.07127880e-01
 -2.26593895e-01  3.86365234e-01  3.30667689e-02  4.38341766e-01
 -3.68734041e-02  1.14444388e+00  1.13087355e+00 -6.91853725e-01
  1.33032856e+00  1.09525776e+00  1.25092874e+00 -4.16841282e-01
  1.47916407e+00 -2.37889432e+00 -4.21496911e-01 -8.26787990e-01
  3.84706014e-01 -8.41706344e-02 -1.16859634e+00 -1.03497578e+00
 -1.95554263e+00 -4.18682363e-01  5.17739405e-01  2.76627752e-01
  6.15766720e-01  1.36378393e+00 -7.33139128e-01 -8.83394924e-01
  1.00972248e-01  2.13952776e-01 -3.41903773e-01  1.27775412e+00
 -7.46709774e-01 -1.12844091e+00 -9.84737777e-01  5.15963014e-01
  2.64128282e-01 -8.31241036e-01  1.91492477e+00 -5.34045464e-01
  4.78493353e-01 -1.55093062e+00 -3.92277930e-02 -3.76744070e-01
  6.11608433e-01 -2.21390918e+00  7.84891601e-01 -4.44235774e-02
 -4.05869616e-01 -2.17444393e+00  6.56762500e-01 -2.13627089e-01
  1.43393551e+00 -2.13681300e+00 -1.00386908e+00  1.58218836e+00
 -8.42327373e-01 -8.36143743e-01 -1.05226307e+00  6.55684467e-01
  1.06908852e+00 -4.13530644e-01  3.05132227e-01 -8.52707373e-01
 -1.10795342e+00  2.96088571e-01 -6.36179833e-01 -5.98083663e-01
  2.92615317e-01  2.02090270e+00  5.14801640e-01  4.93284012e-01
 -6.23617146e-01 -2.52602153e+00 -5.18864252e-02 -2.25965471e+00
 -1.09157429e+00  2.39825874e-01 -3.78516036e-01  8.08569092e-01
  1.07809546e+00 -5.05550507e-01  1.27570865e-01 -8.38665529e-01
 -3.05801419e-01  1.28517938e-01  2.29542386e+00 -6.41471505e-01
  2.22890953e-01 -1.35845219e-01 -2.31210767e-01  2.32005786e-01
 -1.39563885e+00  6.09370421e-01 -2.40175058e-01 -8.30410992e-01
 -5.48921242e-02  1.05119043e-01 -1.04622261e+00 -2.46578837e-01
 -7.22664691e-01 -1.23070243e+00  6.39320680e-01  8.36484121e-01
  1.74880121e+00  6.90463855e-01 -1.04622504e-01 -5.29755508e-01
  1.83698982e+00  4.25600845e-01 -6.93499787e-01 -7.83859706e-01
  1.18620375e+00  8.74937459e-01 -4.34277914e-01  9.18490235e-01
 -1.67411847e+00 -2.36303546e+00 -7.75182492e-01 -1.27845797e+00
  1.77448632e+00 -5.97042791e-01  1.10756533e+00  3.85913511e-01
 -3.05907337e-01 -1.00939929e+00  7.28196029e-01  8.84700033e-01
 -6.60316076e-01 -1.24220943e+00  3.30536981e-02  2.20210175e+00
  2.04713269e+00  5.06592446e-01 -1.88500226e-01 -2.82472439e-01
  8.71488166e-01 -4.44623491e-01 -2.99565761e-01 -1.61610762e+00
 -5.94673115e-01  1.76807393e+00  8.53824586e-01  3.86130480e-01
  3.80665694e-01  1.29625414e+00 -8.16504240e-02  1.27166383e-01
  1.67158748e-03 -1.90019100e+00  3.10723739e-01  1.23376552e+00
 -9.46444865e-01  3.12501448e-01 -2.34970677e-01 -1.17786466e+00
 -6.94688620e-01 -1.59606252e+00  5.72899976e-01 -1.24695254e+00
  3.00647639e-01 -1.05129447e+00 -1.06525067e+00  3.10690280e-01
 -3.37903456e+00  1.74599987e+00 -4.03147594e-03 -1.34659792e-02
 -2.35799043e-01  1.52824785e-02 -1.20430027e+00 -2.70013673e-02
  2.27894505e+00 -3.25801751e-02  6.11737481e-01  1.69986514e+00
 -1.67686095e+00 -8.16968355e-01  2.41898484e-01  1.34217707e-01
 -5.19366752e-02 -2.85385711e-01 -1.64125148e-02 -7.31768010e-01
 -1.01505490e+00 -1.23817313e+00  9.81803169e-01  1.97307316e+00
 -2.07211061e-01 -1.64638471e+00  2.32184394e-01  4.48645385e-02
  1.52289958e+00 -7.66190857e-01 -4.41624715e-01 -2.04034744e+00
 -4.26342009e-04 -1.91820141e+00  1.13993684e+00 -2.06116224e+00
 -2.24119680e+00  4.75427938e-02 -7.46562827e-01 -1.62216807e+00
 -7.66687780e-01  2.84853859e-01  2.53442611e-01  5.21415679e-02
 -9.36160572e-01 -5.12191077e-01 -1.37956523e+00  4.76341701e-01
  5.43150114e-01  1.18004174e+00 -4.89487651e-01  1.32042079e+00
 -5.61025765e-01  3.11354826e-01  1.27885133e+00 -1.03242073e+00
 -2.35526125e+00 -7.24717526e-01  1.23063856e-02  2.38642837e-01
 -2.37011342e-01 -7.34833185e-01  1.64674289e-01 -5.79406678e-01
  2.55703200e-02 -6.10924863e-01  7.06813290e-01  1.75921891e+00
  3.33005496e-01 -7.77443741e-01  1.05071025e+00 -6.85804473e-01
 -5.61788597e-01 -1.54935046e-01  1.60545850e-01 -8.18612931e-01
 -3.90842949e-01  6.14134989e-01  1.98564407e-01  1.22351470e+00
  9.31656232e-01  7.03647538e-01  8.31365003e-01 -4.65132148e-01
 -2.70742074e+00 -2.22227284e-01  7.89991408e-01 -6.00404123e-01
 -2.41882725e-01 -8.78106814e-01  1.35092742e-01  2.75048301e-01
 -2.15589785e-01 -7.56288422e-01 -1.05867231e+00  1.26151740e+00
  5.14357890e-01 -1.73850062e+00  7.59847385e-01 -7.61583283e-01
 -2.02921675e+00 -1.99753176e-01 -5.18431683e-01 -1.46076366e-01
 -1.28798593e+00 -1.25161657e+00  3.97698057e-01 -8.84802646e-01
 -2.51115773e-01 -6.00525211e-01  1.75821294e+00  8.18483191e-01
  9.36270437e-01 -1.80152636e+00  6.96137269e-01  2.73333678e-01
 -7.01223592e-01 -1.34166274e-01 -2.05579068e-01  6.70648473e-01
  1.20338805e+00  1.19996594e+00  1.22044711e+00  2.88401929e+00
 -1.25346792e-01  1.31168081e+00 -1.61575746e-01  6.11092110e-01
 -1.14900479e+00 -5.32167209e-01  2.00874270e-01  8.12938303e-01
  1.28617876e+00 -7.30116393e-01  6.72719185e-01  5.13474880e-01
 -1.05828941e+00 -1.18549233e+00  7.69539212e-01  1.01802365e-02
  1.12035323e+00  8.54333866e-02 -4.12599147e-01 -9.04815876e-01
  1.67540872e-01  1.48087809e+00 -2.17156537e+00  4.86148468e-01
 -6.10759788e-01  9.54175734e-01 -1.19905007e+00  1.72543039e+00
 -5.02174254e-01  7.80079633e-01 -1.46032738e+00 -6.68501923e-01
 -4.22496274e-01  9.68181014e-01 -1.45604577e+00  3.70325927e-01
  1.39258278e+00 -1.07458293e+00 -3.52568126e-01 -6.38945020e-01
  1.20062803e+00  1.32355425e+00  8.91833694e-01  4.23603467e-01
  7.37684331e-01  1.52015240e-02 -5.35959667e-01  1.35627566e+00
  1.01352196e+00 -1.45622858e+00  7.53367173e-01 -2.42644724e-01
  1.71704260e-01 -8.03389364e-01 -1.06796004e-01  1.52994875e+00
  8.62276908e-01 -5.11716175e-01  2.44734261e-01 -9.31767548e-01
  4.87946870e-01 -1.67084417e+00 -2.85416602e-01 -5.29802854e-01
 -1.20694377e+00  9.21496792e-01 -1.91675271e-01 -6.97508270e-01
 -8.14129883e-01  4.86027200e-01  5.75025511e-01  5.14691763e-01
 -4.38675868e-01 -1.25182061e-01 -1.44530241e+00  1.66852069e-01
 -6.72383198e-01  4.79177882e-01 -1.11619413e+00  1.32263099e-01
  6.96214842e-01  2.96808557e-02  2.00674480e-01 -1.82345858e-01
  1.18356953e+00  3.13741547e-02 -1.68373200e+00 -1.76561030e+00
 -5.69148185e-01  1.98114373e+00  1.63516038e-01  6.58679235e-01
 -6.44128459e-01  6.50793592e-01 -7.40195313e-01  4.82236598e-01
  8.04260550e-01 -7.19332359e-03  2.34910786e+00  1.29832306e-01
  4.81158904e-01 -1.21384937e+00  2.76763935e+00 -1.41241127e-01
 -1.46651823e+00  7.68882697e-01  5.76960726e-01  7.16452407e-01
 -8.01759332e-01  7.29539346e-01  3.97928700e-01  5.54078562e-01
 -1.90605463e-01 -1.36959100e-01 -1.74231736e-01 -1.18165141e-01
 -8.52946427e-02  1.86666079e-01 -7.08581736e-01  2.15002051e-01
  1.21634036e-01  1.70260926e+00  2.05999416e-01  1.04687751e-01
  9.04985356e-01  1.73749125e+00 -5.54201973e-02  5.61621540e-01
 -1.39597232e+00 -6.76415490e-01  1.81442310e-01  8.51829852e-01
  6.27167024e-01 -1.67602188e-01  2.40450876e-01 -3.67107924e-01
  1.14287148e+00  3.28106309e-01 -4.23455179e-01 -5.87261447e-01
 -1.19373216e-01 -4.01337476e-01  1.95829954e-01 -4.76093173e-01
  6.77173119e-01 -2.02863929e-01  6.87836580e-01 -9.34674007e-01
  1.23063137e+00 -9.39556669e-01  4.68128394e-01  8.41978943e-01
  6.33814427e-01  8.00799532e-01  1.81987037e-01 -2.15370978e+00
 -2.03075246e-01  1.23229858e+00  6.08814998e-01  3.94287064e-01
  8.46817923e-01  2.01976694e+00  1.98170222e+00 -1.16547919e+00
  1.43804477e-01  1.80058819e-01  4.00490642e-01  1.94410543e-01
 -1.42588608e+00  5.28973940e-01  3.69087429e-01  8.23740581e-01
 -4.30646183e-01  1.95901156e+00  5.34457620e-01 -3.28966586e-01
  1.52004132e+00 -9.39090266e-01 -2.27174597e-01 -1.06419098e+00
 -3.24307831e-01  2.57455334e+00 -6.86011268e-01 -3.54130797e-01
  9.40419347e-01 -1.40000559e+00 -1.51620674e-01  1.61878257e+00
 -4.05853865e-01  7.51905879e-01  4.42466500e-01 -1.92585869e+00
  1.98393923e+00  9.27219766e-02 -3.95631373e-01 -4.04898599e+00
 -2.12239678e+00 -3.72392204e-02 -2.12547015e-01  8.09589816e-01
 -9.79275939e-01  3.15469667e-01  5.60908846e-01  5.81608935e-01
  1.11365488e-01 -7.67870185e-01 -5.44132525e-01 -1.14865365e+00
  5.13615185e-01 -1.97445750e-01 -3.93015383e-01 -8.59989033e-01
  6.31967880e-01 -9.37035671e-01 -1.17069834e-01  4.02184349e-01
  8.00620873e-01 -5.59563084e-01  1.78745351e+00  9.22471504e-03
 -8.95809376e-01  1.30234729e+00 -2.06808515e-01 -7.05187961e-01
 -1.33061752e+00  6.08981924e-01  1.36540356e+00  8.81746757e-01
 -7.04242087e-01  1.07932316e-01 -1.33123102e+00 -9.60864731e-01
  1.38864646e+00  1.52343021e+00 -3.38554036e-02 -1.72408759e-02
  1.05167360e-02  1.67962533e+00  1.17206459e+00 -1.75957110e+00
 -3.85773473e-01 -1.27343904e+00  4.65191536e-01  6.16906328e-01
  5.14136957e-01 -1.74432610e+00 -3.00275492e-01  1.21381380e+00
 -4.19593275e-01 -1.51137254e-01  5.06356932e-01 -9.54911201e-01
  3.73249026e-01 -6.95382922e-01  8.11203898e-01  9.39549638e-01
 -7.39889628e-01 -4.11462182e-01 -5.04048472e-01  1.08511775e+00
 -5.58218739e-02 -1.67310418e-01  1.22789539e+00  4.13417385e-01
 -1.37993624e+00 -8.55392517e-01  1.25696419e+00  1.96418158e+00
  7.38730802e-01  2.66335205e+00  2.19299718e-01 -3.99453951e-01
 -2.13331653e+00  4.07594517e-01 -5.81585685e-01 -7.23948427e-01
 -7.79253121e-01 -6.19010244e-01  1.36799355e+00  6.13465791e-03
  9.65461325e-02  8.51162122e-02 -7.92145945e-02  1.71348797e-01
  1.00838272e+00 -1.24010992e+00  7.63182666e-01  8.05312474e-01
 -7.40799040e-01  1.11735972e+00  8.10379681e-01 -5.05932525e-01
  1.74179991e-01 -1.43252826e+00  2.59617317e-01  1.20219930e+00
 -2.09774737e-01 -5.92035800e-01 -6.51473398e-01 -1.59673098e+00
  3.60438066e-01  5.94125906e-01  7.12110527e-03 -2.03869598e-01
  9.94185299e-02  1.78097512e+00 -9.12431887e-01  7.95244656e-01
  6.60238365e-01  7.47878850e-01 -8.72955954e-01 -1.00547029e+00
 -3.30333866e-01  8.48742036e-01  7.20202388e-01 -5.71508533e-01
 -5.22717269e-01 -2.22252023e+00 -1.20837104e+00 -2.08067572e+00
  1.23214417e+00  3.41256569e-02 -1.25251445e-01  7.94407700e-04
 -1.96089218e+00  2.29587073e-01  1.51027588e+00  6.18899615e-01
  4.28067377e-01 -7.48436644e-01  1.76428815e-01  6.89851906e-01
 -2.51769287e-01 -1.38342708e+00 -2.09952852e+00 -8.34157976e-01
  1.23515481e+00  1.14060560e+00 -5.42818717e-01 -4.91950888e-01
 -1.22528058e+00 -4.14365790e-01 -9.21706097e-01 -3.62559610e-01
  1.42152290e+00 -6.17906605e-01 -2.55555931e+00  6.18881354e-01
 -9.31595536e-01  7.53166791e-01  5.35955211e-01  1.32948139e+00
  7.56401631e-02 -1.62280821e+00 -6.78532689e-01 -2.63206929e-01
 -5.28108016e-01  1.84523301e-01  5.44723204e-01  2.08933850e-02
  1.84743233e+00  8.87176636e-01 -3.30750840e-01 -1.27311221e+00
 -7.39386407e-01  1.71362621e+00  6.99045961e-01 -2.18896739e-01
  1.73766485e+00 -9.57442957e-02  2.01593331e-01 -8.34699504e-01
 -4.88802254e-01 -5.37094829e-01 -1.82967804e+00  3.63222864e-01
  1.74360803e+00 -3.26237436e-01  1.07235453e+00  5.39383731e-01
  8.40264992e-01 -2.47678386e-01 -5.44256897e-01 -1.24895826e+00
 -2.77253693e-01  2.42428904e+00 -3.67779752e-01 -6.86608913e-01
  7.55612510e-01  1.51367682e+00 -1.79907958e+00  6.14500790e-02
 -6.61683026e-01  4.34968595e-02  1.59139131e+00  1.35083657e-01
 -9.03583701e-01 -5.70707264e-02  9.58104637e-01  4.08475991e-01
 -1.32748421e+00 -1.07673584e+00  2.24547890e-01  5.39256654e-01
 -8.66123872e-01  9.28469502e-01  1.33627608e-01 -4.95219088e-01
 -1.76671889e+00 -1.14106126e+00 -9.95950460e-01  2.19760084e-01
  2.21383201e+00 -2.82193810e-01 -2.82960620e+00  2.85241888e-01
 -2.42482317e-01  1.19347962e-01 -1.62987544e+00 -1.85207487e-01
  1.16347343e+00  4.14792602e-01  3.69806006e-02  1.68833283e+00
  2.63889912e-01 -3.70647521e-01 -1.68972473e+00 -1.51477135e+00
  1.18212911e+00  6.38021501e-01 -2.24030359e-02  1.47608202e+00
  9.73809829e-01  2.66839248e-01  1.21032810e+00 -3.54831560e-01