-4.54346554e-01  1.60038046e+00 -9.03839412e-01 -1.44142134e+00
 -8.76097249e-01 -1.79835993e+00  1.00548517e+00  3.95227784e-01
 -4.83705634e-01  8.09052500e-01  9.51679383e-01 -4.13851019e-01
  9.45219294e-01 -1.18545201e+00  5.93247629e-02 -1.86591426e+00
 -1.66688634e-01  3.05647731e-01 -1.61215653e+00  5.79206763e-01
  2.49929830e+00 -1.01668069e+00 -1.15610010e-01  1.52794913e+00
 -5.76970768e-01  1.00614530e+00  2.30010898e+00 -2.54858827e-02
  4.07315473e-01  5.57107378e-01  7.60904606e-01  1.92869579e-01
 -6.65542750e-01  2.13636274e-01  8.34109120e-01 -1.11238043e+00
  1.72130360e+00  8.53026868e-01 -7.60068870e-01  1.02432759e+00
  1.94220342e-01  1.15604361e+00 -4.19082152e-01 -5.02524582e-01
 -1.06196750e+00  6.93246004e-01  2.24471809e-01 -7.40623270e-01
  3.32695365e-02 -2.36701333e-01  1.87451081e-02 -3.28353004e-01
  5.01149263e-01 -8.45940709e-01 -1.72115651e+00 -2.84419500e+00
 -6.33646823e-02  1.36479533e+00  4.25506850e-01 -7.80823104e-01
 -5.95847790e-01 -5.50112678e-01  1.54606079e+00 -2.32471191e-01
  4.14483084e-02 -1.82941378e+00  3.74145829e-01  1.04023978e+00
  1.08092510e-01 -1.17583947e+00 -4.69619781e-01  1.00262497e+00
  5.74096088e-01  3.33439780e-01 -5.81876779e-01  1.04136640e-01
 -1.64396393e+00 -1.19629064e-01  1.25891643e+00 -1.92246457e+00
  3.83045403e-01 -1.05246280e+00 -5.61116015e-01  1.20580735e+00
 -1.31946576e-01 -3.65559883e-01  3.83880257e-01 -1.62508501e+00
 -5.24047756e-01 -2.65978240e-01  9.27252039e-01  4.14175768e-01
 -2.01714722e+00  3.07276694e+00  1.19176203e+00  1.16886590e+00
 -2.34157920e-01 -3.36967423e-01  9.37403469e-01 -6.66449927e-01
 -2.11007759e+00 -2.90156145e-01  5.03542531e-01  4.35073130e-01
 -1.33743314e-01 -4.72800995e-01  2.06871315e-02  1.43356824e-01
 -1.00269866e+00  2.32963144e-01 -2.66793851e-01 -1.84938712e-02
  1.23121522e+00  5.06943056e-01  1.41380848e+00  1.05985369e+00
 -1.84614076e+00 -7.23325783e-01  3.38525503e-01  2.93107024e-01
 -4.55842444e-01 -1.14152447e-01 -1.40250657e+00 -5.91221706e-01
  1.06824216e+00 -1.09676635e+00 -1.44854361e-01 -1.45398505e+00
  1.19791017e+00 -1.37560511e-01 -3.61749651e-01  9.50229204e-02
  1.25183378e-02  8.29851535e-01  3.35497976e-01  4.91132104e-01
  7.07245756e-01  1.00636247e+00  1.53257400e+00  1.32393134e+00
  2.84097014e-01  2.08208081e-01 -6.81745863e-01 -2.75759088e-01
  3.16948834e-01 -2.24083495e+00 -1.06666143e+00  8.69810543e-01
 -5.31346686e-01  4.08691066e-01  2.09121506e-01 -1.21489516e+00
  8.08433363e-02 -2.55799863e-02 -7.85980288e-01 -4.16211743e-01
  1.09015600e+00 -4.28981702e-01 -1.62280124e+00  4.62426435e-01
 -1.25909366e+00  4.50283817e-01  3.50842268e-01  1.57872009e-01
  2.20581455e+00  2.97601667e-01 -3.61653824e-02  8.57404521e-02
 -1.07393998e+00 -9.13787754e-01 -3.20107637e-02  3.47255824e-01
 -2.11526959e-01 -7.31380539e-01  1.60057926e-01 -4.80837580e-01
 -1.02651893e+00  4.58368680e-01  2.37706897e-01  1.41596095e+00
  6.80433604e-01  1.31304060e+00 -6.01469288e-01  1.49766937e+00
  1.69780556e-01  1.48725764e+00  3.60933665e-01 -1.75850964e+00
  8.65892548e-01  1.05297138e+00 -2.16386735e-01  2.07334759e-02
  1.77273353e+00  2.57897140e-01  7.35883633e-01 -6.62024964e-01
 -4.97905858e-01  1.38354571e+00 -5.90022519e-01  7.94070668e-01
 -9.68990666e-01  7.81698804e-01 -2.10027089e+00  6.10148289e-01
 -3.70015422e-01 -1.57550678e-01  5.69070302e-01 -3.55196765e-01
  2.18366426e+00 -2.88176357e-01  7.89691452e-01  1.67177135e+00
  1.20182587e+00  1.41375535e+00  4.65551356e-01 -1.17866860e+00
 -1.05101137e+00 -1.10020806e+00  7.70793657e-01  5.25492970e-01
  6.25200339e-01  9.79767192e-01  3.45667069e-01 -4.08232656e-02
  2.48819961e-01  1.02778547e+00 -5.70961167e-01 -2.70997923e+00
 -1.26806767e+00 -1.36040141e+00 -8.63092448e-01  1.78337695e-01
  4.19988274e-01  1.18851569e-01 -3.04343567e+00 -4.31305863e-01
 -1.10154841e-01  2.73700870e-01  8.94858168e-01  1.70026823e-01
 -1.30387975e+00  3.30081078e-01 -2.00929274e+00  2.08398792e-01
 -1.10015673e+00  2.31702417e+00 -1.06724122e+00 -4.11478430e-01
  1.21840689e+00  2.18211555e+00 -6.74355612e-01  7.46575282e-01
 -1.48956264e+00 -2.77485289e-01 -1.45508600e+00 -9.16555389e-01
  1.61516374e+00 -1.36676698e+00 -2.32482420e-02  1.47600256e+00
  4.98971632e-01 -3.16735225e-01  3.67166981e-02  4.67556842e-01
  5.02521784e-01  1.24345864e+00  1.35897799e-01  7.14193804e-01
 -6.86575605e-01 -8.20608375e-01  3.29512321e+00 -2.39870804e-01
 -1.88287662e+00  8.29857787e-01 -2.39647731e-01 -7.37546821e-03
  5.62232928e-01  1.32075767e+00 -5.28796365e-01  1.14239502e+00
  4.80186013e-02 -7.42557659e-01  6.85106614e-01 -8.99718844e-01
 -5.87722609e-01 -1.18034483e+00  1.34896855e+00  6.24553371e-02
 -4.44512680e-01  1.02516987e+00 -2.05834068e-01  4.14215779e-01
  2.89599607e-01  7.51507892e-01  1.75010308e-01  9.98862986e-01
  1.50272167e+00 -9.69487672e-01 -1.10019458e-01  1.15509194e+00
  1.39289966e+00 -1.44877535e-01  1.94959874e-01  9.02180588e-01
 -2.37230642e+00 -2.96017307e-01 -1.00659343e-01 -1.38938909e-01
  2.08077143e+00 -5.55202123e-01 -5.43692986e-01  3.71866189e-01
  9.56282566e-01 -6.37934425e-01  7.80751892e-01 -3.38306265e-01
  2.12786113e+00 -1.15907538e+00 -6.48068018e-01 -7.42038260e-01
  2.27894437e-01 -8.93874165e-01 -8.58023176e-01  1.46953544e-01
 -5.01322732e-01 -1.28251100e-01 -8.87055442e-01 -2.94276548e-01
 -3.28286831e-01  2.18728600e+00  3.11634899e-01 -7.46341574e-01
 -2.82632851e-01  6.05331256e-01  6.44286683e-01  1.12153172e+00
  1.12251366e+00 -4.63640105e-01  1.41422439e+00 -1.31631751e+00
  1.75010619e+00  2.22998604e-01 -2.56077584e-03 -1.22504831e+00
  2.15573113e-02 -4.70592220e-01 -3.08896122e-01  5.35475317e-01
  2.76237665e-01  3.72969996e-01  1.88732038e+00 -2.36130789e+00
  1.19474620e+00  1.10348495e+00  5.59923170e-01 -1.06261510e+00
 -1.06658456e+00 -5.65861958e-01  1.98520479e+00  5.32103098e-01
  1.48266404e+00  4.65106557e-01 -5.74663735e-01  3.57175061e-01
  4.57462997e-01  2.13597223e+00  6.97309735e-01  1.20189148e+00
  5.00622319e-02 -5.65470564e-01 -7.70847865e-01 -3.32891455e-01
  6.61529445e-01 -3.18389139e-01 -1.07211522e+00 -1.22930222e+00
  1.88915769e+00  3.03127460e-02  1.49300235e-01 -3.19594310e-01
 -6.51482237e-01  6.06092095e-01  1.48237356e+00  1.05887745e+00
 -2.25168214e+00 -2.38311123e-01 -7.93118156e-01 -4.19373692e-01
  4.45360917e-01  1.48688398e-02 -2.47277991e-01 -2.18323992e-01
  7.32110097e-01 -1.07168685e+00  3.01481395e-01  3.00145709e-02
  6.55720239e-01 -3.17634447e-01  1.44050488e+00  2.22815514e+00
 -1.15172659e+00 -6.60897345e-01  8.07160258e-01  2.32385265e-01
  6.88457792e-02 -3.12216004e-01 -1.08846370e+00 -1.54523911e+00
  2.99636415e-02  2.54571587e-01 -1.06537779e+00 -2.36879801e+00
  1.24916764e+00  9.36482629e-01  6.92232457e-01  8.18997638e-01
 -1.03732637e+00 -1.34924300e+00 -1.33059406e+00 -1.33402045e+00
 -7.13000926e-01 -3.05191564e-01 -1.80593429e+00 -5.17817055e-01
 -1.14605311e+00  8.98377604e-01 -3.32442958e-01 -1.38495394e+00
 -2.73845153e-01 -1.11815135e+00 -2.49813193e+00 -1.63634950e+00
  3.19863292e-01 -9.85531263e-01  5.14303542e-01 -1.39206436e+00
 -1.29939064e+00 -1.04332250e+00 -4.93372913e-01 -4.62936584e-01
 -7.02240351e-01  4.32425244e-01  3.74731016e-02 -7.56765606e-01
 -1.37014641e+00 -1.44093230e+00  5.03595953e-01  1.37630454e+00
 -2.24173194e-01 -4.25979705e-01  2.06377148e-01  2.37927628e-01
  1.37184422e+00  3.17907529e-01 -1.21456459e+00 -2.03513156e+00
  9.01976568e-01  2.86381274e-01 -7.76416047e-02  1.54811989e-01
  1.25568426e-01 -7.15245060e-01 -4.63761351e-01 -3.26342457e-01
  1.12040419e+00 -3.62580462e-01  4.30037081e-01  6.30580315e-02
 -1.87357538e+00  2.82556793e-01 -1.67692092e+00 -2.02605377e+00
  1.13726568e+00 -7.90598695e-01 -1.64128162e+00  2.61811373e-01
  1.22793024e-01 -5.51520865e-01  1.01298194e+00  2.86996673e-01
 -4.24382782e-01 -7.27216398e-01  1.28480505e+00 -5.11530294e-01
 -9.93888128e-02 -1.93011735e+00  5.98766014e-01  5.44031135e-01
  2.84169333e-01  7.01425535e-02 -1.68299518e-01  7.65286833e-01
  1.38745773e+00  6.89364397e-01 -6.46631056e-01  6.69271154e-01
  4.49066802e-01 -6.52576300e-01  1.24576269e+00 -1.21280053e+00
 -1.45104682e+00 -2.24185490e+00  1.66984844e+00 -5.64135095e-01
  3.85491482e-01 -4.94313325e-01  1.02296096e+00 -5.86730083e-01
 -1.54822681e+00  7.42345533e-01  1.37882872e-02  1.39000378e+00
  1.11222858e+00  6.42137714e-01 -8.54782943e-01  2.95094149e-02
 -2.48900829e-01  4.75986139e-03 -1.15306521e+00 -5.45687247e-01
  6.61213510e-01 -2.68782966e-01  2.39756391e+00 -1.63163398e+00
  2.05846132e-02  1.52361300e+00 -1.24240302e-01  9.06941619e-01
 -3.16914881e-01 -1.28910474e+00 -2.78385186e-01  6.81565260e-01
 -6.16313459e-01 -7.24028667e-02  9.08163638e-01  1.23786184e+00
  8.81851257e-01 -1.48456807e+00  5.35429622e-01 -2.21765619e-01
 -1.00754473e+00  1.34727578e+00  1.66750651e+00  6.12471770e-01
  7.55005067e-01  1.32321684e+00  1.07979173e+00  6.30338758e-01
 -1.01234850e-02 -1.14016555e+00  4.75065191e-01 -7.09475869e-02
 -5.32543374e-01 -1.28280819e+00  6.70801108e-01  1.89003011e+00
 -9.82161592e-01 -2.50982587e-01 -8.57823641e-02 -4.34527360e-01
  4.64852306e-01 -1.65462495e+00  7.72392220e-01 -1.23005246e+00
  1.52775683e+00 -6.35776358e-01  1.12931117e+00 -7.02277513e-01
 -1.03180509e+00  7.03519035e-01 -1.02327156e+00 -1.13277667e+00
  2.23938209e+00  1.02215489e+00 -1.53628003e+00  4.32993357e-02
  7.13469992e-01  8.15511106e-01 -1.07317457e+00  4.16545707e-01
 -8.58792571e-02  8.77685701e-02 -2.46339617e-01  1.99721881e-01
  3.19457329e-01 -1.41636936e+00 -1.31731641e+00 -3.53134949e-01
  9.82255604e-01 -3.05690479e-01  6.06327504e-01  2.64419711e+00
 -1.23391316e-02 -4.31875679e-01  1.29414171e-01 -1.23452773e+00
 -2.60870177e-01 -1.06408069e-01  5.17086771e-01  1.14732448e+00
  6.59163647e-01  3.40111585e-01  2.18995088e+00  5.53351636e-01
 -8.75194857e-01 -5.75780105e-01 -5.38906314e-01 -1.06479689e+00
 -9.63280018e-01 -3.48476460e-01  1.35404350e+00 -1.63063884e+00
 -6.53752650e-02  1.40855078e+00 -4.79136303e-01  1.09991423e+00
  1.12499361e+00 -1.10276322e-01  6.62831194e-02 -3.96666065e-01
  6.37770522e-02 -1.72896277e+00  1.25564430e+00 -5.86791267e-01
  3.41400239e-01  1.27188915e+00  1.64976977e+00 -5.96856912e-01
 -5.96277690e-01  5.38440851e-02 -1.38168640e+00 -5.61200873e-01
  5.47302610e-01 -1.95492798e+00  1.66541049e+00  1.93298464e+00
 -2.51429895e-02  3.56265133e-01  2.06525901e+00 -3.50411355e-01
  1.36710220e+00  7.04852698e-02  5.72140208e-02 -1.80664984e+00
  1.34496876e+00 -5.40005791e-01  6.90365063e-01 -2.99471974e-01
 -5.32179967e-01 -1.02260392e+00  1.55066381e+00  9.32895203e-01
 -1.07526369e+00  1.02063390e+00 -1.76690154e-01 -3.85523676e-01
  2.96797405e-01 -1.27170975e+00 -4.02365052e-02 -2.19299135e+00
  1.96098015e+00 -1.15019150e+00  1.25576525e+00  4.22300637e-01
 -3.14125344e+00  1.11169472e+00  6.95701747e-01  1.23299032e-01
 -1.56454682e+00  8.51152690e-01  9.15265215e-01  9.91344377e-01
  9.49654490e-01  2.28723598e+00 -6.20072498e-02  1.78621921e-01
 -8.10245366e-01 -3.68866521e-01  9.14670814e-02  1.79964674e+00
 -6.21501306e-01 -1.19357429e+00  5.47845533e-01 -1.25400774e+00
  2.49871595e-02 -4.79190147e-01  1.27108849e+00  1.09914611e+00
 -9.48222894e-01 -1.07714762e+00 -9.05382475e-02  1.07331805e+00
  6.08015193e-01 -1.51309142e+00  1.73887935e+00 -9.39159931e-01
  8.27685860e-01 -7.79166697e-01  7.63565522e-01  1.02687308e+00
  5.64868831e-01 -3.70420330e-01 -7.42193928e-01  1.18755451e+00
  2.08961734e+00 -1.17784308e+00  1.04814019e+00  3.19042864e-02
  5.97587420e-02 -6.38207558e-01 -7.36019824e-01  4.53115328e-01
 -2.73851433e-02 -3.70872342e-01 -3.40180477e-01  5.83400206e-02
 -1.69816999e+00  1.28821917e+00  4.67500722e-01 -4.28224789e-01
  2.47618473e+00 -1.49327814e+00 -3.56772612e-02  3.99570589e-01
 -5.61459717e-01  1.54412090e+00 -2.10466227e-01 -1.50483752e+00
 -1.60095646e+00 -9.67953362e-01 -3.55191615e-01 -1.33627173e+00
 -1.46186868e+00  8.25490060e-02 -2.17608346e-01  8.92015783e-01
  1.37920352e-01 -3.67420895e-02 -9.05712852e-02  1.17079642e+00
 -3.44097885e-02 -8.99809457e-01  6.50995661e-01  7.27942234e-01
  2.31270342e+00 -4.67530124e-01 -4.07520128e-01  1.00963671e+00
 -9.70825121e-01  1.28663751e-01  1.58448361e+00 -1.05826992e+00
  7.09319661e-01 -4.21760383e-01 -2.79709365e-01  8.75355432e-01
 -1.13765686e-01 -9.62800219e-02  3.63323550e-01 -4.09813077e-01
  1.80318046e+00 -1.79167931e+00  1.17074085e+00 -9.88434794e-01
 -4.80831457e-01  1.26824201e+00  2.18282856e+00 -1.38788486e+00
 -2.38226914e-01  1.71928950e-01 -5.82876889e-03  1.09867136e+00
 -6.37472284e-01  4.74559830e-01  5.79046019e-01 -1.90626486e+00
  4.91261681e-01  3.52281777e-01  1.69947625e+00  1.01835133e+00
  4.73637109e-01 -1.62365154e-01 -7.71248203e-01  2.44205841e-01
 -3.07135686e-01 -1.35228503e+00  2.60811637e-01 -2.52680832e+00
  1.82897691e-01  7.21126402e-01 -2.18003642e+00 -9.20532544e-01
 -2.07836729e-01  1.55827805e+00 -1.91456677e-01 -1.11210830e+00
  1.60184722e+00  7.34300811e-01  2.89685618e+00 -1.05939030e+00
  4.53473162e-01 -1.20509866e+00 -9.59087183e-03 -1.42931750e+00
  1.24740175e+00  1.01740323e+00  1.06356782e+00  3.39470440e-01
 -4.72639798e-01 -1.15509282e+00  1.56271854e+00 -1.27195538e+00
  8.64766489e-01  3.79769448e-01  7.83789694e-01  8.91240133e-03
  3.22578199e-01  5.76319856e-01  2.20713553e-01 -1.76691019e+00
  5.04846850e-01  1.61134070e-01  3.48042793e-01  8.59837839e-01
 -6.14868313e-01 -1.12448796e+00 -3.99924337e-01 -1.10917619e+00
  1.23133165e+00  8.52101607e-02 -2.84825325e+00 -9.42054959e-01
  8.10166654e-01 -6.07841683e-01  5.03419086e-01  1.50114986e+00
 -1.48933609e+00  5.13624259e-01 -2.28138913e+00  3.60476444e-01
 -8.23118597e-01 -4.60959368e-01  4.83522671e-01  1.14359532e+00
 -1.43333214e-01  1.84514355e+00  5.55869939e-01 -9.62048764e-02
  1.17414651e-01  2.56790415e-02  3.16704710e-02 -2.13224601e+00
 -5.39778924e-01  1.01634331e+00  2.41264113e-01  6.69837785e-01
 -1.27450388e-01 -1.73678354e+00 -1.54308471e+00  3.37118397e-01
  4.09749064e-01 -3.14008939e-01 -9.14453172e-01 -2.56494586e-01
  1.39720807e-01 -2.10230742e-01  1.37067977e+00 -3.35357502e-01
  3.02714187e-01  2.88082391e+00 -2.47943825e-01 -9.87085406e-01
  9.72640158e-01 -6.29020563e-01  1.26414650e+00  1.90741891e+00
  1.92063390e+00 -2.71142317e-01 -7.36767484e-01 -8.25237495e-01
 -3.32356742e-01 -6.50767256e-01 -2.93118230e-01  6.01564118e-01
  1.65226421e+00  6.18875297e-01 -2.09443305e-01  3.18037074e-01
  1.71363250e-01  3.08587180e-01  6.76114226e-01 -1.14227769e+00
  1.59733959e+00  1.20494005e+00 -1.48217072e+00 -4.82331584e-01
 -7.00519115e-01  1.46822690e+00 -1.50336947e-01  3.23538924e-01
 -1.32460552e-01  8.96578515e-01  1.63722049e+00 -1.90167027e+00
 -2.45796582e-01  9.73138388e-01  1.72883768e-01 -9.03118508e-01
 -1.74055078e+00  2.10661717e+00 -4.98677409e-01  9.18884576e-01
  6.05589825e-01  5.98206801e-02 -5.67682695e-01 -1.73796136e-02
  9.95174258e-01 -1.26214487e+00 -1.28951138e+00 -4.40438211e-02
 -1.02356082e+00 -8.42171513e-01  8.05241079e-01  1.67779665e+00
 -1.17285848e+00  5.00399397e-01 -9.31427111e-01  1.01670402e-01
 -4.67880783e-02  1.71743643e+00 -1.49920327e-01 -1.90991402e-01
 -2.35395755e-01 -3.60141229e-01  4.35216821e-01 -9.87844718e-02
  1.69507076e+00 -7.36218415e-02 -2.50380369e+00  4.14547845e-01
  5.51002557e-01  3.86298286e-02  1.07286676e+00  9.76623716e-01
 -1.21312792e+00  7.97535862e-01 -8.78520704e-01  5.26378172e-01
 -4.38194799e-01  2.68147322e-01  5.94839300e-01  1.34367536e-01
 -3.44042460e-02  1.40083489e+00  4.86298627e-01  1.40041302e+00
 -7.08885541e-01 -3.23780684e-01 -1.55329392e-02  1.62261738e+00
 -9.08657578e-01 -5.25191068e-01  1.49407282e+00  9.93768563e-01
 -5.06741115e-01 -1.01857595e-01 -5.58686826e-02 -1.34430325e+00
 -1.34764281e+00 -1.94588106e-01 -4.08973069e-01  5.84042120e-01
 -4.38462872e-01  1.79463537e+00 -1.10943328e+00 -7.62474866e-01
 -1.34465472e+00 -9.09789427e-01 -1.93358120e+00  2.28976374e-01
 -5.16941823e-01 -2.04704397e+00 -5.64894376e-01  2.27070704e+00
  1.81200754e-01 -4.39789867e-01  2.04108595e-01  1.26039044e+00
  8.21359999e-01  1.00895941e+00 -2.41211317e+00  1.05864970e-01
  1.18964503e+00 -3.15325901e-01  1.06206036e+00  1.41551839e+00
 -6.71223568e-01 -7.47750952e-01 -3.50002947e-01  7.32506701e-01