-3.80699253e-01  2.39511109e-01 -6.43106907e-01  1.61428651e+00
 -4.89283016e-01 -3.72863332e-01 -6.46508858e-01 -5.28701519e-01
  1.37350253e+00  1.26973941e+00 -1.68135881e+00 -4.01010082e-01
  4.78970704e-01  1.31328876e+00  1.52539932e+00 -6.17367085e-01
  6.08814813e-01  1.20138386e+00  4.30807662e-01 -3.52467839e-01
 -1.97034469e+00  1.90122470e-01 -2.57507870e-01  1.74108118e+00
  7.58021863e-01  1.99067744e-01  9.10497255e-01 -4.16580746e-01
 -6.79056020e-02  1.56195149e-01 -1.60719444e-01  1.35966940e+00
 -8.00339204e-01  1.07147740e+00  4.10113480e-01  1.82802188e+00
  6.37936974e-01  2.10850613e-01  1.17148415e+00 -1.12939176e+00
 -5.88645476e-01 -6.30207568e-01  1.62527010e+00 -7.52689980e-01
  8.91164978e-02  1.09121355e+00 -7.72184066e-02  4.63429097e-01
  1.17495614e-01 -5.00283752e-01 -8.18077544e-02  1.31176884e+00
  3.11510128e-01 -4.60900915e-01 -1.73797086e-01  9.62043916e-01
 -5.84664262e-01  1.03505957e+00  2.65850901e+00  1.33584172e+00
  6.37039171e-01 -1.85752279e+00  9.44967418e-01 -3.83556426e-01
 -6.02282733e-01  1.00658623e+00 -2.07219718e-02 -1.00400797e+00
 -8.84518336e-01 -1.06773738e+00  4.55896337e-01  1.21387323e+00
 -2.21754750e-01 -4.47515778e-01  3.78476424e-01 -2.69699961e+00
  6.63150719e-01  3.43814685e-01  3.40081295e-01  5.02821381e-01
 -3.59977403e-01 -2.03171341e+00 -6.26072793e-01 -7.02162347e-01
  2.79368650e+00 -1.49938784e-01  6.97900096e-01 -1.28801755e+00
  2.61304267e-01 -2.92489232e-01  2.18150070e+00 -3.03526692e-01
  2.49257934e-01 -1.99033604e+00 -9.07684398e-01 -1.11832331e+00
  1.22618833e+00 -2.51568529e+00 -2.44443238e-01 -8.47342715e-02
  2.49208961e-01 -4.71842873e-01  1.51053568e+00  7.23790690e-01
  1.96440804e+00 -1.30254271e+00 -1.94659288e-01 -9.00930523e-02
 -1.54946369e+00  2.22613575e+00 -8.70166554e-01  2.26314914e-02
  4.85381958e-01 -4.14565905e-01  4.98116860e-01  1.22541969e+00
  1.32764311e-01  2.21429948e+00  8.90915699e-01  2.97027956e-01
  1.60355580e-01  7.51033011e-02  5.88170316e-01  5.77664509e-01
  3.21152033e+00  4.44411467e-01 -1.55793309e+00  3.06679325e-01
  1.09559149e+00 -4.52017886e-01 -8.08795442e-02 -1.63981487e+00
 -1.91923901e+00 -8.14323998e-01 -3.06093029e-01  2.23197958e-01
  1.64883229e+00  5.18151007e-01  4.20881956e-02  1.99393372e-01
  6.93294671e-01 -1.02788049e+00 -4.98816891e-01  1.34878732e+00
 -6.12675004e-01 -8.07346201e-01 -1.14506166e+00 -1.18050902e+00
  3.40979504e-01 -5.88545641e-01 -1.23331642e-01 -1.09398533e+00
  2.33620959e-01  1.10424422e+00 -2.21470195e+00 -3.62197398e-01
  1.16303542e+00 -5.44546373e-01 -6.77996467e-01  3.00430199e+00
 -1.35076068e+00 -6.81736737e-01  6.00236986e-01  4.25016293e-01
  1.73214069e+00  1.10164712e+00 -1.27821252e+00 -6.70029091e-01
  1.73267679e+00  6.86634921e-01  1.41659568e+00 -9.02248303e-01
  1.15610019e+00 -2.19572815e-01 -2.40600477e-01  6.56598458e-01
  1.24483706e+00  5.03884844e-01 -3.51352622e-01  4.25832592e-01
  2.46271807e-01  6.57144354e-02  2.75493266e-01 -5.27169897e-01
 -9.49788523e-01 -6.62637348e-01  7.35325427e-02 -2.12939626e+00
  2.25805232e-01  1.39019552e+00 -1.22157239e+00  8.73845454e-01
  5.71940554e-01 -6.35183666e-01  1.72215578e+00 -6.05483749e-01
  1.77486901e+00 -1.69703180e+00 -3.73365250e-01  4.16410613e-01
 -2.76782036e-01 -3.11822326e-03 -1.13249668e+00  4.69893317e-01
  1.08848091e+00  9.56334352e-01  2.49692207e-01  1.59218781e+00
  2.36855709e-01  2.79396778e-01 -1.21367201e-01 -4.06488020e-01
  4.94295760e-01  4.55755926e-01 -1.08988136e-01 -8.45127940e-02
 -9.13948427e-01 -8.83586669e-01 -1.04409841e+00  1.42677042e+00
 -1.97295959e+00 -6.53304203e-01  1.07495323e+00  2.92892977e-01
 -4.12579931e-01  3.75196068e+00  6.53114328e-01  1.23082304e+00
 -7.04996852e-02 -3.68133394e-01  5.83838557e-01 -7.21211598e-01
  5.92715259e-02 -1.44008519e+00  1.21902244e+00  1.79982606e+00
 -2.90063969e-02 -7.33387309e-01 -1.07196611e-01 -3.51965872e-01
  3.55069105e-01 -1.39996338e+00  4.47996519e-01 -2.07640745e+00
 -1.99498158e-01 -1.21198674e+00 -7.67060405e-01  1.45444753e+00
 -1.31980781e-01  8.83467633e-01 -4.92166543e-01 -1.06933449e+00
 -6.54396053e-01  3.43250968e-02 -9.07925839e-01  1.05292099e+00
  1.21789287e+00 -1.11404881e+00 -1.15022516e+00  2.61053913e+00
 -5.76235116e-01 -2.23109795e+00 -6.19848503e-02  4.83339553e-01
 -4.31529826e-01 -9.65420841e-02 -4.23788756e-01 -2.81142663e+00
  1.08303466e+00  5.73047754e-01  2.16343699e+00 -1.00693411e+00
 -1.23035415e+00 -8.56826165e-01 -1.13781748e+00 -4.02248593e-01
 -1.61703651e+00 -5.78431472e-02 -2.87580768e-01 -2.01526339e+00
 -3.53627864e-01  1.29395350e+00  1.25973269e+00  7.05939821e-01
  7.13288006e-01  3.23411800e-01  8.43131563e-02  4.10650347e-01
  4.68315478e-01  9.65666115e-01 -1.25566677e+00 -7.22652699e-02
 -1.61736746e+00  3.55840411e-01  6.28923088e-01  2.92379915e-01
 -6.88017918e-01  2.32252878e-01 -2.16483050e+00  9.25077583e-01
  4.23951885e-01 -7.29902285e-02  3.73491938e-01 -2.39461175e+00
 -1.29391029e+00 -3.00563987e-01 -4.41494050e-01 -1.30050288e+00
 -3.13422458e-01 -9.40271517e-01 -6.59712512e-01  9.12939550e-01
  1.51898695e+00  1.75720928e+00 -9.51990118e-01 -5.22380769e-01
  3.35368408e-01 -1.45992293e+00 -2.77885582e-02  5.61956096e-01
 -9.56955418e-02  5.71780174e-01  3.21399641e+00 -1.19962198e+00
 -3.49650051e-01 -5.76587011e-01 -2.05696784e+00  4.60938305e-03
  3.89575607e-01 -1.23082068e-01 -1.29681256e+00  1.39848809e-01
  4.24460746e-01  1.10372359e+00 -1.10852677e+00 -1.77627947e+00
  4.36698179e-02 -1.08121459e+00  7.24288615e-01 -1.10170236e+00
  1.21232907e+00 -1.30902378e+00 -7.89684797e-01 -3.79610496e-01
 -5.15727418e-01 -4.92651452e-01 -1.61374514e+00 -1.26922674e-01
 -1.14785126e+00  1.07747954e+00 -7.68572074e-03  1.02522341e+00
  5.37127728e-01 -1.36466780e+00 -9.26949335e-01  1.23866752e-01
  1.87217576e-01  1.74578596e+00 -3.66395980e-01 -1.70019335e+00
  1.02569338e+00  6.82467253e-01 -8.03834488e-01 -7.33206789e-01
 -2.75136590e-01 -1.23213785e+00  1.01036516e+00 -1.52933316e+00
 -6.27994515e-01 -2.58603845e-02 -7.55435968e-01  8.94459904e-01
 -8.04216829e-01  5.53673126e-01 -2.08029412e+00 -3.34627097e-01
  1.04794963e-02 -1.98458802e+00 -2.55170473e-01 -6.98740266e-01
  3.83438494e-01 -1.05542640e+00  1.35754265e-01 -3.47124010e-01
  2.41030219e+00 -1.82362501e+00  5.93057437e-01  9.90686590e-01
  5.27371618e-01 -5.60316607e-02 -3.68648929e-01  8.10484792e-01
 -1.13323022e+00 -2.36358376e+00 -3.74270336e-01 -1.19333254e+00
  7.94420961e-01 -5.81368336e-01 -6.45879044e-01 -8.49392011e-01
 -8.85371933e-01 -1.49732205e+00 -5.89716337e-01 -9.86459703e-02
 -1.08250869e+00 -2.25612244e-01  3.04747057e-01 -2.54785915e-01
 -6.93904470e-01 -9.57956825e-01 -1.02963517e+00  3.65020776e-01
  8.55947812e-01 -4.92162719e-01  7.18662911e-01 -7.03257274e-01
  1.05418891e-01  1.05586092e+00  1.76448258e+00  8.42859270e-01
  5.80090948e-01 -6.30142699e-01  1.89945875e+00 -7.38826559e-01
  2.14049997e+00 -1.46944368e+00 -1.71320143e+00 -3.78645219e-01
  6.94206674e-02 -1.74500977e-01 -1.65963040e+00 -1.53102133e-01
  3.59915202e-01 -8.88486791e-01 -9.11518067e-01 -3.63838582e-01
  7.83536392e-03 -1.33765104e-01 -1.05688242e+00 -5.05229331e-02
 -8.14831378e-01 -4.21583318e-01 -2.94000631e-01 -8.29806089e-01
 -2.18664060e+00 -4.43735646e-01 -6.24071989e-02  5.49729585e-01
 -1.43123284e+00 -8.80786749e-01  3.50443249e-01 -1.95933232e-01
 -2.78570366e-01 -2.85404788e-01 -1.26065855e+00  2.26774742e+00
 -6.09250241e-01  1.31276801e-01 -5.52910027e-01  2.36570468e-01
 -1.76482084e-01 -4.08761831e-01  6.67377022e-01  6.17255887e-01
 -7.88759866e-01  1.80160877e-02 -1.28277234e+00  7.61000419e-01
 -1.44271195e+00 -5.94310469e-01  3.37943693e-01  2.94452575e+00
  9.79170545e-02  1.43825817e+00  1.28990080e+00 -1.37416152e+00
 -9.20643511e-01  1.68408109e+00  1.47734126e-01 -2.79548843e-01
 -3.19961838e-01 -7.05248597e-01  3.35424687e-01  2.27167181e-01
 -1.54962835e+00 -6.84807945e-02  5.04955971e-01  1.67442293e+00
  2.03053972e-01  8.04964229e-01  2.16798453e-01 -8.15527798e-01
 -3.77386294e-01 -5.45382135e-01 -1.78592268e+00 -2.36041733e-01
  2.05353162e+00  5.86646955e-01  1.54894050e+00 -8.88870977e-01
  2.44146099e+00 -6.42614078e-01  1.64504934e+00  6.47114136e-02
  9.94348740e-01  3.70278692e-01  1.73271336e+00  6.93926395e-02
 -9.35066395e-01  9.01903978e-01 -5.60994470e-01  6.32014235e-01
  1.11629923e+00  1.82606036e+00 -9.71148129e-01  6.28659382e-01
  1.03054826e+00 -1.39899120e+00 -1.28394004e+00 -4.47672554e-01
  5.87472841e-01  4.55935444e-01  1.95995813e+00 -4.49369798e-02
 -6.98102492e-01 -9.96329461e-01  8.02929853e-01  8.00040777e-01
  2.33797865e-01  1.58964790e+00  4.80118344e-01  2.53729594e+00
  7.88923587e-01  4.07196552e-01 -6.41418003e-01  1.34265388e+00
 -8.48183694e-01 -5.23157653e-01 -4.92303091e-01 -2.52910728e-03
 -1.44539925e+00  9.33842143e-01 -7.54171098e-01  9.88581478e-01
 -9.66368845e-01  2.81866212e+00  5.58169017e-01 -1.92827482e+00
  1.44897903e+00 -7.31421158e-01  4.19686914e-02  5.46999590e-01
  1.12629175e+00 -1.22974482e-02 -9.64599001e-01  5.51439428e-01
  1.38259057e-02 -1.96798210e+00  1.46685468e+00  2.35046045e-01
  1.05222943e+00 -1.13730356e+00  8.20399368e-01 -1.83665763e-01
  1.72535367e-01 -1.20519160e+00 -1.04220332e+00 -1.63818125e-01
  1.28082549e+00 -1.39248031e+00  8.18906102e-01 -9.50229285e-01
  9.71421996e-01  8.35090719e-01  1.05894541e+00 -9.59933073e-01
 -1.21588304e+00  8.39964957e-01  1.43898538e-02 -1.01009109e-01
  3.23327330e-01  1.15509508e+00 -1.42682982e-01  9.84582173e-02
  1.10659590e+00 -1.89859797e-01  4.62635271e-01 -1.32809606e-01
 -1.12976097e+00 -4.95390268e-02 -1.86233117e+00 -2.12935608e+00
  1.38489413e+00 -7.58978251e-01 -1.32632770e+00  9.10235750e-01
 -1.09045814e+00 -4.72693343e-02 -1.98199741e+00 -2.92709278e-01
 -1.33563085e-01  9.14004102e-01  1.13301945e+00 -1.87664108e+00
 -4.61498435e-01 -3.50506082e-01 -1.36881413e+00 -4.90264726e-01
  2.35832975e-01 -4.93293630e-02 -1.05920301e+00 -2.89075435e+00
  3.94228664e-01 -7.34570772e-02 -1.67782779e+00 -3.71702001e-01
  9.52557858e-01  8.72841504e-01  2.10196992e-01 -5.29439857e-01
 -8.87235752e-01  4.13106396e-01 -1.25048044e-01 -7.15163029e-01
 -1.17820390e-01  5.66645943e-01 -5.41066765e-01 -4.20210138e-01
  4.14508568e-01 -1.24825330e-01 -5.42202526e-01  9.07173681e-01
 -1.15937192e+00  4.02082349e-01  1.96302801e+00  4.96394525e-01
  5.36681452e-01 -1.83934670e+00 -2.28429556e-02  9.05213355e-01
  7.29715930e-02  6.39516307e-01  4.99241140e-01 -1.93374467e-01
  1.79291329e+00 -3.44478488e-01  4.39799329e-01  3.45714923e-01
 -1.98881170e-01 -1.98226017e+00 -6.08092284e-01 -2.27373822e-01
 -1.10664850e+00 -1.27865204e+00 -1.19371675e+00  1.73248793e+00
  5.85476688e-01 -1.17316411e+00  1.85987529e-01  3.09488095e-01
  7.68070790e-01  3.70726524e-01 -7.47360397e-01 -1.77217238e-01
  1.61000275e-01 -1.23957891e+00  1.70892825e+00  7.68557528e-01
  4.85151416e-01 -7.22396514e-01  1.07442695e+00  2.50778064e-02
 -6.73301631e-01 -7.34235471e-01  7.47547047e-01  1.11815925e+00
  1.23286801e+00 -3.98305705e-01 -4.66841625e-01 -6.15812764e-01
 -4.54068953e-01 -1.18400300e+00 -9.78184855e-02 -2.38955297e-02
 -3.33665212e-01  5.74562870e-01 -5.66078105e-01 -1.12188630e+00
  2.28669393e-01  5.78718464e-02  1.30823067e+00  3.17891299e-01
 -3.14123587e-01  5.15696119e-01  6.35327259e-01  2.12906171e-01
  8.37253182e-02  8.24378999e-01 -1.80685067e-01 -7.02209008e-01
  7.78259738e-01 -2.58133347e-01 -6.89527833e-01  1.77192132e-02
 -1.44208351e+00  3.16746499e-01 -1.21791431e+00 -1.62541466e+00
 -3.44435373e-01  2.38067810e-01  6.84173258e-01 -3.83123371e-01
  5.53677403e-01 -4.36942159e-01 -8.38695994e-01 -1.86534909e+00
 -7.54999621e-01 -1.09849064e+00  5.53665040e-01 -7.03800227e-01
  6.83303684e-01  6.35248109e-01  8.98664587e-02 -1.66829119e+00
  4.79612307e-01  1.18695965e+00  2.02789640e-01  9.00848192e-01
  7.89910374e-01 -1.00788610e+00  1.39660206e+00 -2.00410031e+00
  9.25070066e-01  1.19293776e+00  9.32140868e-01 -1.63972337e+00
  8.68230699e-01 -1.72448808e+00  4.09144537e-02  5.58685455e-01
 -5.15410674e-01  1.67379880e+00 -6.76475871e-01 -2.11374540e+00
  1.78927837e+00  4.03177248e-01  4.68061357e-01  4.65176913e-01
 -2.95895381e-01  1.78427052e+00 -3.01107407e-01 -7.50203182e-01
  7.78593923e-01  1.21028622e-02  4.68891241e-01  3.87548489e-01
  1.33442076e+00  1.53622188e-01  1.20709880e+00  4.49536128e-01
  2.59495635e-01 -8.66106400e-02 -4.65616456e-01  7.38881896e-01
  4.78620503e-01 -1.73521326e+00 -1.18272070e-01  7.14076822e-01
  7.43736144e-01  2.28219273e-01  8.71033226e-01  1.26696183e-01
  1.40989041e+00  4.62911432e-02  5.63503412e-01 -5.66618907e-02
  1.12923676e+00 -2.14882720e-01  5.22416649e-01  9.86237988e-01
  1.04531314e+00  1.87422180e+00 -1.19447217e-01 -2.62971508e-01
  3.23370361e-02  4.54244286e-01  4.21167517e-01 -6.26476594e-01
 -1.25572321e+00  3.91175371e-01  2.12141827e+00 -8.82579367e-01
  2.15098374e-01  5.74966933e-01 -1.43861353e-03  1.03681615e+00
 -1.99181550e-01 -4.45623249e-02  7.19783433e-01 -1.10655624e+00
 -2.79008884e-01 -1.91362201e+00 -3.95129427e-01  3.99178482e-01
  1.94076805e-01  6.98706527e-01  8.21226029e-02 -3.36973944e-01
  6.39968598e-01 -9.38901081e-02 -8.09828161e-01 -4.30419062e-01
  3.64091939e-01  3.66060720e-01 -1.25698170e+00 -4.79141462e-01
  5.32446226e-01 -2.71386211e-01  1.51058993e-01  2.87606383e-01
 -1.47229892e+00 -9.47993602e-01  1.05759428e+00 -2.03307871e+00
 -6.77746880e-01  1.05808346e+00 -2.31762826e-01 -1.02305225e+00
  5.10673666e-02 -1.14851852e+00  3.49002776e-01 -1.47220248e+00
 -1.16532289e+00  1.80495266e+00  4.54086507e-01 -4.31488363e-01
 -4.27238016e-01 -2.40284839e-01  2.01846441e+00 -2.21093776e-01
 -2.71651541e-01 -6.08099538e-01 -9.90897051e-01 -1.25769203e+00
 -8.45775442e-01  4.20324949e-01  1.93542210e-01  8.01900115e-01
  1.35064470e+00  5.84843413e-01 -1.15853357e+00 -1.81256697e+00
  7.30110916e-01 -7.05874018e-01 -1.18309313e+00 -6.86211990e-01
  1.26716350e+00  9.85488908e-01  5.98757936e-02 -1.51816469e+00
 -1.26862608e+00 -3.65906494e-01  7.76495143e-01 -5.32462211e-01
 -4.43402016e-02  1.02293404e+00  9.92696405e-01 -6.17418017e-01
  3.06838720e-01  2.58929433e-01 -2.41566704e-01 -2.02716072e-01
 -1.63943336e-01 -8.31962953e-01 -7.86847800e-01 -4.54934230e-01
  1.25988025e+00 -2.57015786e-01 -1.29740135e-01 -1.65883597e+00
 -2.09812534e-01 -1.82629131e+00 -6.09092210e-01 -2.96054065e-01
  3.30146638e-01  1.93172932e+00 -3.21500300e-01  6.43364095e-01
 -1.55415844e-01  2.64887620e-01 -1.96443088e-01  1.60799252e+00
  1.29869381e+00 -3.95164872e-01  3.89584331e-01  1.68965950e+00
 -7.43099796e-01 -8.91502089e-01 -1.11077473e+00  1.42872346e+00
  8.22442950e-01 -8.29718033e-01  5.68686587e-01  3.40264811e-01
 -5.67281173e-01  5.73559077e-01  1.50441676e+00 -8.65929628e-01
 -1.75026039e-02 -1.14185098e+00  1.11294377e+00 -1.45940625e-01
  2.64279161e-01  1.63209111e+00  2.23732422e+00 -8.35037955e-02
 -1.73823971e+00 -2.21626558e-01  3.10608039e-01 -3.74714497e-01
 -1.54897871e+00  2.09417175e+00  6.28906442e-01  7.46143207e-01
 -2.94553617e-01 -1.03401880e+00 -9.68613125e-01  1.00975577e+00
 -8.33176309e-03 -3.16023303e-01  8.32704344e-01 -4.34263144e-01
 -1.39633726e+00  1.82662683e+00  1.68864113e+00 -1.22713846e+00
 -1.74374382e+00  2.26006211e-01  1.99963724e+00 -1.16562830e+00
 -1.12017646e+00  4.64964146e-01 -3.11238994e+00 -2.42776797e-01
 -9.13386181e-01  3.79033063e-01 -5.03283121e-01  9.63750169e-02
 -1.29345678e+00  2.02074570e-01 -5.98209157e-02  7.11098473e-01
  1.03183277e+00  1.42125132e+00 -6.19969072e-01 -1.54025839e+00
  5.39706975e-01  9.48061482e-02 -5.04762798e-02  4.02900315e-02
  1.03699672e+00 -7.15073432e-01 -4.49894510e-01  4.20634775e-01
 -7.62144456e-01  3.23308851e-01  4.83896100e-01 -1.13736584e+00
  4.79951814e-01 -3.08813805e-01  6.99934462e-02 -1.90074826e+00
  3.94813771e-01  6.21184317e-01  9.27932581e-02  5.30213715e-01
  5.11571475e-01  1.17811262e+00  1.84626096e+00 -2.20376593e-01
 -3.14544400e-01  3.21491569e-01 -1.16647865e-01 -3.95947233e-01
 -1.22342154e+00 -9.38271504e-01  1.09700951e+00  5.59955768e-01
  7.68021833e-01  1.28906529e+00 -1.58171756e+00  5.52795439e-01
  1.15572221e+00  5.70120864e-01  5.68749492e-01 -9.78000172e-01
  4.76418771e-01 -1.89357506e+00  4.69483578e-01  9.87846827e-01