-4.46184768e-02 -5.46641219e-01  3.71095719e-01  5.22915549e-01
 -5.51266082e-02  1.47411356e+00  5.58606751e-01  1.63532929e+00
  8.50672496e-01  1.21239702e+00  2.06144571e+00 -4.71978527e-01
 -2.03554963e-01 -5.77380530e-01 -7.65172226e-01  4.92365867e-01
 -4.98403356e-01  1.01966680e+00 -1.07610040e+00  8.95166355e-02
 -7.59170852e-01 -9.86936656e-01 -7.08739975e-02  5.82440045e-01
 -8.83711788e-01  1.09942157e+00 -1.85190407e+00 -3.81514888e-01
 -3.60454730e+00 -1.87030003e+00 -1.15409074e+00  8.63417716e-01
 -2.03629426e+00  4.17472653e-01  7.61716393e-01 -1.20870424e+00
  8.28555010e-01 -1.30445712e+00  9.65252954e-01 -1.37351725e+00
 -2.10689583e+00 -8.59135745e-01  6.06882535e-01  6.31625952e-01
  4.12211975e-01  7.14032542e-01 -1.09605342e+00 -7.06591588e-01
  5.93266556e-01 -1.87947933e+00  1.76369168e-01  7.44150774e-01
 -2.25697249e-01 -4.90350336e-01 -2.58616915e-01  1.02687230e+00
  3.77025772e-02 -3.15758279e-01  2.23448009e+00  1.33386525e+00
  2.84119862e-01  4.78505601e-02 -1.39766380e-01  6.07999646e-01
  4.57677845e-02 -9.00697516e-01  1.66014245e+00  8.53303563e-01
  9.68581044e-01  3.47728094e-01 -1.97237466e-01  3.86578792e-01
 -7.14511351e-01 -1.24666991e+00 -1.15946043e+00  1.61768233e+00
  4.92390686e-01 -2.64471590e+00 -9.90593245e-01  1.36631006e-02
  1.59449867e+00 -2.64959737e-01 -6.15904342e-01 -9.75132643e-01
  5.20180435e-01 -4.44700835e-01  5.07859405e-01  1.78394745e+00
 -1.27941487e+00  5.66228368e-01 -4.87013644e-01  1.43280914e+00
  1.35494215e+00 -5.95893367e-01  3.29958850e-01 -4.32157320e-01
  1.31270322e+00  1.42813699e+00  1.98518968e-01  8.53671954e-02
  2.42317980e-01 -1.45780497e+00  1.47158888e+00 -7.85217427e-01
  9.97908178e-01  2.08402883e-01  4.36926085e-01 -1.02888201e+00
  4.40680344e-01 -1.02718409e+00  1.11417317e+00 -3.22929118e-01
 -1.07219894e+00  1.09551079e+00  6.47431716e-02 -5.11594627e-01
 -8.82973573e-01 -1.62826291e+00 -7.02395554e-01  4.30418414e-03
  7.01231195e-02 -4.67043473e-01 -7.22576291e-01 -5.94830894e-01
 -1.45828668e+00 -7.71228271e-01  3.22678642e-01 -1.05178800e+00
  7.40185327e-01 -3.41397638e-01 -1.08780072e+00  5.80246405e-02
  9.00963950e-01  1.26085406e+00  4.18751459e-01  6.21186003e-01
 -2.98779863e-01  1.08402661e+00  2.09460640e-01 -9.42738883e-01
  1.85342745e+00  6.93448624e-01  2.34050306e-01  1.06517211e+00
  3.95391968e-01 -2.56093436e-01 -6.65861044e-01 -3.98409800e-01
  2.49001291e-01  5.96768207e-02 -5.51406330e-01  1.20312542e+00
  5.45380249e-01  7.04721076e-01  2.98483983e-01 -1.65069036e+00
  1.43140302e+00 -3.11756061e-01  6.84754806e-01 -6.01007703e-01
 -8.25686782e-01 -1.28843049e+00  1.03068318e+00  4.58895014e-03
  1.27272166e+00  1.44916054e+00 -8.54210404e-01 -3.31124693e-01
 -1.20676603e+00  5.23668712e-01 -3.44888983e-01 -1.21779072e+00
  3.90710610e-02 -1.77356851e+00  7.79420008e-01 -3.81636977e-01
 -5.58274181e-01  5.44501892e-01 -1.62171869e+00  8.93428469e-01
  1.53330735e-01  1.55718416e+00  5.67977156e-01 -1.08520317e+00
 -2.69855584e-01 -3.37192807e-01  1.38336392e+00  1.19056734e+00
 -8.56979638e-01 -2.52504904e-01  4.06485294e-02 -2.02025526e+00
 -9.44612540e-01 -6.03336898e-01 -5.72557629e-01  2.37942822e+00
 -8.30026184e-01  2.69752884e-01 -1.47217349e+00 -2.02901257e+00
  2.02701646e+00  1.57370457e+00  2.33286910e-01 -3.05604929e-01
  7.24774882e-01  1.76820786e-02  2.79760808e-01  2.22603284e-01
  1.61702668e+00 -1.13437910e+00  5.97929394e-01 -1.53579319e+00
 -9.53670831e-01  1.17018377e+00  1.05844595e+00  6.40662458e-01
 -3.61889973e-01 -1.52942651e+00 -1.13431683e+00  4.56017882e-01
  5.88642632e-01 -7.01497748e-02 -5.19962898e-01 -1.50752812e-01
 -1.27423813e+00  8.84843449e-01  6.23739826e-01 -9.93471269e-01
 -3.10157595e-01 -7.57350043e-01  4.95103477e-01  6.91562069e-01
 -1.47875858e+00  1.67367364e+00  3.42353013e-02 -9.10304864e-02
 -2.76874408e-01  3.88517835e-01 -1.80524524e-03  6.91565030e-01
 -8.55753013e-01  6.47739709e-01 -7.28178169e-01  2.69524413e-01
  4.89317683e-01  2.21334858e-01 -9.49184812e-01  4.55094846e-01
  2.33052490e-02 -3.74299864e-01 -3.91377573e-01  6.40737314e-01
 -9.71571583e-01 -8.96537651e-01 -8.91808114e-01  2.12491065e-02
 -6.37184856e-01  1.85498881e-01  2.68987275e-02  7.72922443e-01
 -2.20755213e-01  1.54561704e+00 -1.54103321e-01  2.58580424e-01
 -1.69892780e+00  6.13315182e-01  2.16111994e+00  1.81740612e+00
  1.91959354e-01  1.03759966e+00 -2.22903581e-01 -2.27430516e+00
  7.77206756e-01  3.08396856e-02  4.26512076e-01  2.07802443e-01
  4.08371794e-01 -4.28867416e-02  1.80801989e+00 -4.34030719e-01
  1.76746567e+00 -1.91290237e-01 -8.97040103e-01  1.63598163e+00
  8.88113699e-01  7.32316261e-01 -9.42461445e-01  1.00087039e+00
 -1.72087268e+00  1.14300000e+00 -7.28575511e-01 -5.14138229e-01
  6.53398310e-01  2.45555158e-01  2.19380595e+00  1.55997957e-02
  2.33704781e-02  1.24376537e+00  1.11211872e+00 -2.03957760e-01
 -7.11638774e-01 -1.37705921e+00 -8.45060696e-01  2.54283048e-01
  7.03361724e-01  8.35749066e-01 -1.73799912e+00  1.69522093e-01
  3.77119935e-01 -2.26145040e+00 -2.28327269e-01 -5.89999370e-01
  1.79667160e+00  5.70463581e-01  1.57653251e+00  2.36756181e-01
 -1.29168984e+00 -3.55071786e-01 -1.78393665e+00  2.80533679e-01
 -1.15514154e+00 -7.90288758e-01 -3.80709798e-01  1.86556846e-01
  1.02662072e+00  9.80434967e-01 -6.95458177e-01  6.53571615e-01
  1.38826416e+00 -1.54345863e+00  9.23557967e-01 -9.32076854e-02
 -1.07957853e+00 -2.51081904e+00 -2.19056049e-01  8.32768556e-01
 -1.91820614e-01 -9.25589824e-01 -1.77779364e+00  1.37140960e+00
  1.80481404e+00  5.29769346e-01  5.21419208e-01 -1.19493831e+00
  1.88085832e-01 -3.88573788e-01  6.65365351e-01  3.14345542e-01
 -8.80019346e-02  7.58548139e-01 -2.51172738e-01 -1.52524053e+00
  2.24802862e+00  4.51508293e-01  1.04158083e+00 -7.30586214e-01
 -1.45249590e+00  2.41042656e+00  1.52432080e-01  3.59783647e-01
 -5.89369661e-01  3.48871202e-01 -1.86518251e-01  1.21500541e+00
 -1.11015296e+00  7.30776651e-01  1.03437481e+00  7.65586478e-01
  1.25864576e+00 -3.60049406e-01 -6.15785133e-01 -7.56110482e-01
 -1.43391752e+00  1.92071781e+00 -1.93746475e-01 -1.04932128e+00
  1.01771211e+00 -1.56634402e+00 -8.05797135e-01 -4.86174240e-02
  1.19190732e+00  3.00396866e-01 -4.83616591e-01  5.80677714e-01
  1.96442985e+00 -1.29532082e+00 -1.31153284e+00  1.12545511e+00
  1.44275144e+00 -6.61788620e-04 -4.03134414e-01  2.71666925e-01
  7.06710728e-01  4.03734358e-01 -2.17454074e+00 -1.03474273e+00
  1.62015095e-01  3.50332733e-01  1.55570446e+00  3.79464553e-01
  9.34545564e-01  1.50314341e+00 -6.21908663e-01  6.14034726e-01
  1.61823031e+00  1.70494286e+00  2.05859283e+00 -1.58508666e-01
  2.27353359e-01 -1.35767738e+00  7.16033319e-01 -3.79503870e-01
 -3.21692567e-01  7.64380404e-01  9.75933216e-01  2.65486409e-01
 -7.57858449e-01  3.26429730e-01  4.16719170e-01  4.48805951e-01
 -3.62505664e-02  1.86467783e+00  5.51265995e-01  1.25643373e+00
  2.76250277e-01  3.48029300e-01 -1.26792324e-01 -1.65920244e+00
  1.67328099e-01 -1.42777239e+00 -1.30863533e-01 -6.66941937e-01
  2.58250678e+00  1.19525240e+00 -1.64919438e+00 -1.14122305e+00
  5.53389760e-01  3.53600575e-01  9.79596799e-01  1.05659853e+00
 -7.73568429e-01 -1.26446597e+00 -3.36481817e-01 -7.05301757e-01
  1.60045140e+00  1.30689006e+00  5.43971294e-02  2.00249147e+00
  2.25401942e+00 -3.33389013e-01 -1.38510830e+00 -1.70354859e+00
 -4.16831990e-01 -2.35916511e-01  7.90889107e-01  3.48237054e-01
 -1.07411232e+00 -2.62266813e+00 -7.26046967e-01 -4.60952264e-01
  1.03406587e+00  5.48240633e-01  2.88872541e-01  2.55143700e+00
 -6.36133673e-01  9.51146047e-01 -9.14580947e-01  1.87383055e+00
 -7.73221449e-01 -1.66575542e+00  5.34136412e-01 -3.72422471e-01
  6.23927207e-01  1.31966457e+00  6.38193883e-01  2.96851585e-01
  8.39843427e-01 -1.08231175e+00 -2.86865947e+00 -5.41501375e-01
 -1.98047590e+00 -3.89482240e-01 -8.79429871e-01  3.70657755e-01
 -2.63903683e-01 -3.51580521e-01 -8.35528984e-01 -1.23903053e+00
 -5.47171876e-01  1.52204583e+00  1.21419876e+00 -1.40510869e-01
 -1.96565891e+00  4.68965636e-01 -4.07035380e-01  6.44337543e-01
 -1.13619389e+00  7.16127249e-01  2.73233405e-01  9.12373813e-02
  5.28830047e-01  1.16071656e+00  1.51551659e+00 -2.20413641e-01
 -2.36064276e-01  4.39464005e-02  8.20001443e-01  6.27180760e-01
  6.49913605e-01  4.43647683e-01  2.15588211e+00 -8.15720620e-01
  8.65263738e-01  1.28212945e+00 -2.69473612e-01  1.77031347e-01
  3.90485534e-01 -7.48160632e-01  8.37005585e-01  8.51855243e-01
  2.76120385e-01 -1.25006555e+00  7.28155461e-01  1.31202139e+00
  5.41716264e-01 -3.79179370e-01 -1.29113247e-01  3.16284388e-01
 -7.02537243e-01 -3.58879031e-01 -1.26936008e-01  6.68016999e-01
 -1.58781605e+00  2.26977118e+00  2.57772743e-01  1.57833089e-02
 -2.72863671e-01  2.19576762e+00 -5.63828573e-01 -1.98417399e+00
 -4.28812080e-01  2.49781128e+00 -4.34539002e-01  1.13934355e+00
  2.59916485e-01  1.38165898e+00 -9.83146879e-01  2.85948984e-01
 -7.73288218e-02  1.70729152e+00  6.81851446e-01 -4.47033628e-01
 -8.01529545e-01  4.42052623e-01 -1.26361911e+00 -9.41916234e-01
  9.65822229e-01  4.26534273e-01 -1.24032984e+00 -1.07871328e+00
 -3.98290785e-01  8.83771399e-01  1.60144611e+00  2.29138917e-01
  7.76080637e-01 -7.04143548e-01 -2.47639652e+00  1.84224786e-02
  1.35706771e+00  5.05226893e-01 -1.58487708e+00  4.09393531e-01
  6.33154610e-01  3.38091208e-01 -1.05354441e-01 -1.37018361e+00
  6.02923171e-01 -1.36809825e+00  9.39401188e-01  6.21429618e-01
  5.89835033e-01  4.53575219e-01 -1.55954533e+00 -3.92173662e-01
  5.82725007e-01 -1.24664895e-02 -8.22875341e-01 -9.13520883e-01
  3.09245199e-01  1.83779219e+00 -3.57002788e-02 -1.89715104e+00
  1.36452055e+00  1.25356439e+00  1.00273896e+00  4.97247668e-01
 -8.40196487e-02  9.66131026e-01  1.57831128e+00  8.36387304e-03
 -9.79658507e-01  1.53943359e+00 -1.46254236e+00  1.56821641e+00
 -1.24496730e-01  1.04912329e-01 -5.38443910e-02 -7.55914935e-01
 -1.27252415e+00  5.85280350e-01  1.53888971e-01 -7.00983344e-01
  1.51108415e+00 -5.45696380e-01  2.50355081e-01  5.64405412e-01
  2.13428851e+00 -5.53379673e-02  1.79762888e+00 -8.68807899e-01
 -6.61891677e-01 -8.23323146e-01 -1.39334168e+00 -1.14018795e-01
  1.39409533e+00 -1.43582071e-01  1.09304956e+00  1.05616641e+00
  3.86589386e-01 -4.88864803e-02 -6.54484565e-01 -1.58408363e+00
  8.02827262e-01  1.44528940e+00 -5.59260429e-02  7.52778664e-01
 -1.11641583e+00 -2.32498393e-01 -1.88672829e-01 -8.73591458e-01
 -5.27995525e-02 -8.00046907e-01 -4.03453064e-01 -5.68871244e-01
 -8.69806367e-01  1.92406561e+00 -1.14066438e+00 -3.56615117e-02
  1.95723041e+00  1.58522577e+00 -3.71911187e-01  3.07132585e-02
 -1.17654383e+00  1.14375878e+00  1.01010700e+00 -6.01633798e-01
 -8.51568883e-01 -1.52486460e+00 -1.49369946e+00 -3.13103431e-01
 -7.79206591e-01 -6.64781382e-02 -6.67932661e-02  2.71278653e-01
  5.63972823e-01 -6.23203725e-01 -4.00875706e-01 -1.60613087e+00
 -1.34791828e+00 -8.36313746e-01 -9.82811700e-01 -2.64713870e+00
 -1.03130642e+00 -6.73885078e-01 -4.66483606e-01 -1.25549309e+00
 -3.57602989e-01 -3.67467227e-03  1.48301698e+00 -8.19990167e-01
  2.34038118e-01  4.41361037e-01 -2.09502919e-01 -1.09666672e+00
  3.41406909e-01 -2.34244046e-01 -2.03609790e-01 -5.04602325e-01
  1.00304846e+00  1.37628237e+00 -7.25253056e-01  6.27042171e-02
  1.12470011e+00 -7.55631655e-01 -1.12783043e-01  1.48422803e+00
  7.79557433e-02  7.34901365e-01  6.87663793e-01 -1.65671317e+00
 -1.38071604e+00 -1.01115072e+00  3.23180338e-01 -2.57864031e+00
  5.45247577e-01 -2.53877783e+00 -4.15306498e-02 -5.17972266e-02
  1.50211137e+00  2.78577488e-01 -1.17859090e+00  4.13029911e-02
  1.27820817e-03 -5.89338807e-01  8.98233497e-01  5.97181937e-01
 -5.01644391e-01  3.59758554e+00  7.15196706e-01  7.77896540e-01
 -8.84049896e-01  7.92205481e-01 -1.42522505e+00 -8.69501678e-01
  2.82219977e-02  2.63056032e-01  1.52230915e-01  4.27020109e-02
  1.47592830e-01 -4.86687002e-01  1.22510160e+00 -7.91208214e-01
  8.54260218e-01 -1.22862058e+00 -5.81206693e-01 -8.32429240e-01
 -9.70442108e-01  1.01518112e+00  3.14836391e-01 -1.42471286e+00
  1.77598822e+00  5.94062615e-01 -9.53892428e-01 -1.49868074e-01
 -3.31059563e-01 -9.34699272e-01  3.96356351e-01 -1.77195735e+00
  1.11195686e+00 -1.15159200e+00  1.33100846e+00  8.38790455e-01
 -8.50614603e-01 -3.53853274e-01  1.02143198e+00 -2.50475296e+00
 -8.77113178e-01  2.50313892e-02 -1.95235458e+00 -9.16742580e-01
  7.55237069e-01 -4.22669021e-01  8.29697440e-01 -4.21276161e-01
  8.91773108e-01 -8.05228617e-02 -7.60558035e-01  1.35822401e+00
 -5.10636133e-01 -1.06083245e+00 -1.47369081e+00 -8.12106590e-01
  1.78298738e-01 -2.81542145e-01  1.68264932e+00  2.24618932e-01
 -1.43155651e+00 -8.22117749e-01 -2.95215313e-01  2.94063987e-01
 -3.20066656e-01  2.59705959e-01  3.43066449e-01 -9.48738235e-01
  4.43436795e-01  1.35917333e+00 -3.30360430e-01 -3.62699085e-02
  1.22603904e+00  3.12540571e+00 -2.11193181e-01  9.66456791e-01
  1.55808827e-01 -1.43555914e+00 -1.18644396e+00  2.05931653e-01
  7.84317831e-01  6.93859501e-01  1.57110947e+00  1.19010648e+00
  4.37660633e-02 -4.79770187e-01 -7.56492524e-01 -1.70965158e-01
 -1.48678768e-01 -6.16919073e-01 -3.75179538e-01 -1.41758180e+00
 -1.66923264e+00  4.20047636e-01 -7.30987612e-01  1.54408725e+00
  6.70470310e-01 -1.67043135e-01  1.73900568e+00 -1.03173092e+00
 -7.69565542e-01  2.83443892e-01 -1.19287417e+00 -1.60057572e+00
 -1.63375937e+00  6.28903838e-01  2.16662450e-01  4.51159565e-01
 -1.00063937e-01 -8.65454873e-01  1.37539894e+00 -1.15056508e-01
 -3.75190234e-01 -1.01617437e+00  1.20797012e+00  1.70578179e-01
 -9.70678619e-01 -3.77871327e-01  4.18935551e-01 -3.13709329e-01
 -2.70177924e-01 -1.42578066e+00 -1.00593997e-01  3.65955511e-01
  1.35294457e+00  1.13556840e+00  3.83895331e-01 -2.42398280e-01
  1.25244144e+00  1.07957992e+00  1.99761045e+00 -8.86005757e-01
 -9.29524146e-01  3.68271361e-01 -1.12483490e-01 -2.74517237e-02
  9.90655515e-01 -8.88136419e-01 -2.09189598e-01  4.66053168e-01
 -6.16504043e-01 -2.83585653e-01 -1.13221964e-01  1.47955890e+00
  1.84301038e+00 -1.68168201e+00 -8.22859742e-01 -1.40930409e+00
 -3.18427766e-01  6.14848274e-01  6.31891825e-01 -2.21666636e-01
 -6.42367942e-01  2.45136164e+00  8.28371610e-01 -1.59759552e-01
  5.12323687e-01  6.10301908e-01 -3.93088717e-01 -5.29245534e-01
 -1.87374560e+00  6.00976548e-01  1.74082843e+00  7.70012272e-02
 -5.63290753e-01 -1.57918827e-02  1.45469281e+00  5.31023121e-01
  3.80134546e-01 -1.83676372e+00 -5.55813195e-01  8.76896881e-01
 -8.25158602e-01 -4.94350994e-01  1.97782421e+00  3.79158713e-01
  1.26339660e+00 -4.78842353e-01 -1.60013067e+00  2.51712835e+00
 -4.44859384e-01  8.88602216e-01 -4.13537354e-02 -8.18746956e-01
 -1.08147706e+00  9.13888647e-01 -4.55009835e-01 -4.58630006e-01
 -1.94055394e-01  1.26981524e+00 -1.38127279e+00  8.40011347e-02
  1.45347781e+00 -3.31396943e-01 -1.08229013e+00 -1.69996978e+00
  1.12874893e+00  5.38916302e-01 -9.23260790e-01  1.03593741e+00
 -8.93971226e-01  1.97144717e+00  9.66327425e-01 -1.07778971e+00
 -1.01977089e+00  2.16745862e-01 -1.67640353e+00  3.51401082e-01
  2.81544483e-01  2.26793250e+00  7.28579518e-01 -5.76783708e-01
 -2.71206735e-01  7.61521064e-01 -8.71232731e-01 -3.52543474e-01
 -2.19988934e+00 -1.61975323e+00  5.40999506e-01  4.66838819e-01
 -5.56707157e-01  2.29005068e-01 -1.24418534e+00 -1.01226732e+00
  1.21652170e+00 -7.27650693e-02  1.13449885e+00  1.16981647e+00
  6.59047971e-01 -8.23841890e-01  9.10944429e-01  1.50724645e-01
  4.19502426e-01  5.04393468e-01 -5.83589931e-01 -1.41595063e+00
  1.22343911e+00  5.56329442e-01  9.89504461e-01  6.72291631e-01
 -1.63249968e+00  4.17010823e-01  1.23927498e-01  1.15807869e+00
  7.99537276e-01 -1.52392733e+00 -6.17371075e-01  2.13796085e-01
 -6.56439695e-01 -1.71892108e-01 -5.23701666e-03  1.08081179e+00
  3.06463935e-01  9.81295383e-01 -3.30647569e-01 -1.39050414e+00
 -4.12667518e-01  8.43554607e-01  9.22797616e-01 -8.24865457e-01
 -4.27797521e-01 -2.73142977e-01 -1.34479814e-01  1.00497512e+00
 -9.87483425e-01 -1.48085333e+00 -1.51254373e-01  3.77094601e-01
  2.64039466e+00  1.68487463e+00  2.07545338e+00  1.89212466e+00
 -1.68828980e+00 -1.21092946e-01 -1.93691311e+00 -1.77458911e-01
 -1.78115270e+00  3.93502923e-01 -3.76389745e-01  2.33803973e+00
 -3.55389533e-01 -9.76600621e-02 -1.35437110e-01 -1.00899866e-01