-1.31984324e+00 -9.80379295e-01 -2.49271897e-01 -9.52054922e-02
  1.76360724e+00  7.14468557e-02  5.32338043e-01 -1.74720381e+00
 -1.15221561e+00  5.09835243e-01 -4.10951701e-01 -1.03939217e+00
  2.04388392e-01  1.24830259e+00  5.31517305e-01  4.60677035e-02
  2.20506734e-01  3.52021415e-01 -7.78898051e-01  1.36343192e+00
 -6.51748695e-01  1.16949406e+00 -1.79580246e-01 -1.04986294e+00
 -3.24672059e-01 -4.76417866e-01  2.23496432e-01  1.62014619e+00
  1.27471778e+00 -5.48648911e-01 -4.86070112e-01 -3.63206538e-02
 -1.12533153e+00 -7.01576353e-01 -1.53201629e+00 -5.31127299e-01
  1.77339745e-01 -1.94626852e+00  6.64059626e-01 -4.32287250e-01
  1.21592274e+00 -1.11777297e+00  6.86184598e-01  5.35562933e-01
  1.04334817e-01 -1.11066083e+00  5.68239188e-01  9.26687244e-01
 -7.82440982e-01  8.15292570e-01 -1.88750602e-01  7.78067446e-01
 -1.39205880e+00  7.49678820e-01  4.14816023e-01 -8.09810519e-01
 -3.35894235e-01 -1.83534641e+00  5.09631577e-01 -1.92329162e+00
  9.92130165e-01  3.63758998e-02  7.55573533e-01 -7.63851711e-02
  8.19957036e-01  4.43995416e-01 -4.80547394e-01 -1.48518625e+00
  4.73711659e-02 -1.30001339e+00  8.92860376e-02  2.74484583e-01
 -7.97017875e-01 -6.11902955e-01  4.47739734e-01 -1.70758575e+00
 -1.16037944e+00  1.55314731e+00  7.81292525e-02 -1.26773940e+00
 -6.79118545e-01 -6.56102176e-01 -1.32686923e+00  1.93620612e+00
  4.49848763e-02 -3.35776706e-01 -5.59111939e-01 -8.30681761e-01
 -1.39305714e+00  3.16526574e-01  2.03123727e+00  3.51720968e-01
 -4.20219850e-01 -8.28774512e-02  1.55906844e+00 -2.49617687e+00
 -2.64603328e-01  1.38862607e+00  7.72363204e-01 -4.20885025e-01
 -4.52046076e-01  3.64932611e-01 -1.49718727e-01  1.22617381e+00
 -5.62854347e-01  1.91929284e-02  3.18325920e-01 -8.29770927e-01
  3.90432992e-01 -2.30627423e+00 -1.08507439e+00 -5.99500005e-02
 -1.17859463e+00  7.24491925e-01  4.43306567e-01 -8.81280159e-01
 -2.13765510e+00  3.95961263e-01  1.35581960e-01 -6.80500467e-01
 -4.04232299e-01 -7.50521950e-01  2.21297494e-01  2.96389561e-01
 -1.01790909e-01  2.01534052e+00 -1.88530705e+00 -5.05764481e-01
 -1.02779634e+00  7.41142227e-01  6.79561591e-01  1.25113300e+00
  1.15018291e+00 -2.84017296e-01 -2.94325225e+00  6.62065100e-01
 -6.62156704e-01  1.03137999e+00  2.79736083e+00  1.89043762e-01
  8.96682117e-01  1.43170840e+00 -5.84313277e-01  1.99184952e-01
  8.69278761e-02 -3.34775979e-01  2.54687296e-01  2.40682806e+00
 -6.78975282e-01 -6.38801952e-01 -1.49017013e-01  4.04257908e-01
 -1.97149178e+00 -5.25469309e-02 -3.85189437e-01  1.46052169e+00
  5.30671398e-01  2.40647415e-02  7.91451500e-01  1.26528475e+00
 -4.27557331e-01 -3.14325106e-02  1.50381110e+00  6.84745718e-01
 -6.31010957e-01 -9.02556889e-01  1.17071675e+00 -6.70257535e-01
  1.05816040e+00 -1.26253644e+00  1.63037950e-01 -9.44132886e-01
  1.86507349e+00  1.11843642e+00 -2.17901258e+00 -5.48573887e-01
 -1.71692944e+00 -2.35051612e-01 -5.32907905e-01  7.28064880e-01
  2.12774794e+00  5.71254885e-01 -2.35892806e+00  4.36734866e-01
  7.84123391e-01  1.46654701e-02 -2.57819720e-02 -1.08290774e-01
 -2.60381856e-01  1.09936830e-01  1.63488619e+00 -1.42177041e+00
 -1.18412314e+00 -3.74020885e-01  5.34877339e-01 -9.80945964e-01
  1.62602472e+00 -7.65105997e-01  2.26569153e+00  3.19257074e-01
 -1.42796060e-01 -4.87728997e-01  4.33826597e-01 -5.17730604e-01
  8.19549704e-01 -5.78884377e-02 -1.23048920e+00  2.99311663e-01
 -6.24607354e-01  6.81381045e-01 -5.20486036e-01  1.45229332e+00
  9.45008057e-02 -7.24831226e-01 -2.41142854e+00 -5.55084311e-01
  8.20825874e-01 -8.97312963e-02 -1.32226414e+00 -1.56330927e-01
 -2.15510783e-01 -3.14579802e-02 -1.80834870e-01 -5.20307240e-01
 -1.28655190e+00  6.94082610e-01  8.22853533e-02 -1.31518979e-01
  6.76851425e-01 -9.22593092e-01  1.44381745e+00  1.62260495e+00
  1.07158850e+00  5.80063253e-01  1.42894115e+00 -2.21491134e-02
 -5.52945237e-01  6.73760144e-01 -9.91746025e-01  1.01388867e+00
 -2.75141615e-01 -4.26240945e-01 -1.18647823e+00  2.36345236e+00
  9.69631817e-01  1.15325852e+00  6.99602933e-01 -7.16493684e-01
 -1.90408657e+00 -7.70523567e-01 -4.02548873e-01  3.13956157e-01
  9.71717499e-01 -1.27319277e+00  1.57242488e+00 -5.00748272e-01
 -1.30489098e+00  1.27604608e+00  5.83304899e-02  7.40799483e-02
  1.53714335e+00 -1.51364247e+00 -2.67453178e-01 -4.16157206e-01
  6.23200715e-01  4.80528502e-01  8.66759948e-01  5.76714696e-01
  7.53713227e-01 -2.89110168e-01  2.12222618e-01  7.19932010e-01
 -5.12122462e-01  6.63524519e-01  2.61782574e-01  1.61708311e+00
 -7.17987908e-01  1.37100740e+00  3.77096976e-01 -1.05072580e+00
  7.58864759e-01 -8.62772053e-01  8.17280167e-01  1.53785461e+00
 -1.52343289e+00 -2.81474690e+00 -1.38233838e-01 -1.65407172e-01
  1.02750917e+00 -3.81653077e-02 -4.06758111e-01 -1.79180248e-01
  7.48678374e-01  1.68726326e+00 -1.30190719e+00 -1.63193992e+00
  1.10276860e-01  9.54060344e-01 -5.32696855e-02  2.54912128e+00
  8.36095307e-02  6.66876185e-01  4.86054952e-01 -1.13455104e+00
 -7.35962984e-01 -1.05555093e+00  1.04725683e+00  6.58812235e-02
 -7.86548611e-01 -7.63806946e-01 -3.31772706e-01 -2.19691614e-01
  1.46900559e+00  2.98247162e-03 -8.14002115e-03  3.07887914e-01
  1.15568504e+00 -9.87273868e-01  3.66355422e-01  1.45309646e+00
  1.20620746e+00  2.99602159e-01 -6.28749628e-01  2.41315799e+00
  5.45502569e-01  5.22428897e-01  2.77140851e+00  1.44833984e-01
  1.25878253e+00 -6.89704787e-01 -1.08806997e-01 -1.58010955e+00
  1.56457622e+00  9.97033835e-01  4.98977934e-01  3.21903080e-01
 -1.10308006e+00 -1.07194450e+00 -5.16190092e-01 -1.43384243e+00
  1.09569292e+00 -1.36318009e-01 -2.87631540e-01  8.35246891e-01
  4.59861506e-01  7.35093407e-01  3.36554482e-01  4.98471846e-01
 -7.60471994e-01  9.21140715e-01  7.17408668e-01 -2.19979157e+00
  1.69385711e+00 -1.15854313e+00  1.16587446e+00  3.35010316e-01
  1.01290208e+00  2.05653185e-01  1.39944167e+00  1.32288333e+00
  1.93861087e-01 -1.43438865e-01  5.59681640e-01  5.40452523e-01
 -2.18715080e-01 -9.45091459e-01  8.68136326e-02 -1.19829196e+00
 -2.18382781e-01 -7.94289387e-01 -6.26169702e-01  1.05628377e+00
  1.25110743e+00 -6.09212774e-01 -4.05029623e-01  1.11781371e+00
  9.29938879e-02  1.71216437e+00  9.19228296e-01  8.35764099e-01
 -6.80357098e-01 -7.79729306e-01  2.74600917e-01 -1.65850840e+00
 -1.32049332e+00  9.75654666e-01  5.21988535e-02 -7.79009903e-01
  6.36529456e-01  1.95386304e-01 -4.95332495e-01 -2.51141560e+00
  2.25724327e+00 -3.40918224e-01 -2.81095246e-01  2.33399605e+00
  8.24332862e-01 -6.71802528e-01  1.16727055e+00 -9.46999344e-01
 -1.43730699e+00  4.69152713e-02  2.32257533e-01 -2.07625759e-01
  1.16807711e+00  8.01737102e-01  9.70795909e-01  3.82749894e-01
  1.58268673e+00 -1.16542465e+00 -9.86685331e-01 -1.38889734e+00
  3.42082503e-01 -1.01214260e+00 -5.90539734e-01  9.52368217e-01
 -2.95622738e-01  7.15072061e-01 -3.31649211e-01  1.12188240e+00
  1.09680112e+00 -1.21601461e+00  1.72212141e+00 -4.45276838e-01
 -7.69594101e-01 -7.83569283e-01  1.05394768e+00 -4.12403154e-01
 -6.26002321e-01 -8.34316419e-01  1.09007448e+00 -1.50604477e+00
 -8.16208125e-01 -1.20026213e+00 -1.65811614e+00  7.17760747e-02
 -5.62013771e-02 -8.64260076e-01 -3.38106979e-01 -4.55773048e-01
 -4.85684492e-01  5.48487995e-01  1.20456278e+00  7.54423224e-01
 -1.78660373e+00 -3.57917143e-01 -1.34053152e+00  5.38347566e-02
 -1.76086406e+00 -1.09489518e+00 -7.48468599e-01  8.90634874e-01
 -5.67784956e-01  5.14880800e-01  5.73830128e-01  3.14128413e-02
  4.71234221e-01  9.64021240e-01  6.07937192e-01 -1.91809769e+00
 -1.24407079e+00 -8.50695167e-01 -1.17175358e-01 -2.00491987e-01
  4.41483165e-01  2.02520737e-02  1.90413011e+00  9.34443027e-01
  1.34529751e+00 -1.80382503e-01  4.76125613e-01  5.65871543e-01
  1.11581570e+00  2.86890982e-01 -2.07987588e-01  1.33049567e+00
 -2.64441408e-01  9.86999416e-01 -4.50285610e-01 -3.31389515e-01
  2.79139876e-01  9.06661695e-01 -9.85266608e-02  1.00152112e-01
  3.37820332e-01 -6.01453746e-01 -1.34837901e-01  1.39659595e+00
  1.40225701e+00  1.56359458e+00 -8.21609969e-01 -1.82200534e+00
  1.07801059e+00 -8.43192091e-01 -3.02044169e-01 -9.93867152e-01
  5.39095924e-01 -1.41128135e-01  1.57838435e+00  4.52714356e-01
 -2.18108027e-01 -9.53565006e-01 -7.13185198e-01  1.23352287e+00
  2.17470471e+00  1.74478966e+00  1.01637560e-01  7.79882242e-02
 -1.91222549e-01  3.21661586e-01 -5.27405212e-02  2.36321632e-01
 -1.94468784e-01  6.61047833e-01  2.12543628e-01  2.16022834e-01
 -2.42004173e-01  9.80336896e-01 -8.78889271e-01 -2.09475716e+00
  2.75579587e-01 -1.16784123e+00 -2.26895153e-02 -5.61686297e-01
  1.31923451e+00 -9.80987747e-01  1.19151769e+00 -7.14711361e-01
 -6.25826621e-01 -1.25413910e+00  4.09555399e-01 -3.92754176e-01
 -4.77816608e-01  6.71041407e-01  3.09647071e-02 -8.69092100e-01
  2.54600308e+00 -1.08137720e+00 -3.01963856e-01  4.57199220e-01
  2.72933766e-01  5.47562577e-01  8.81852156e-01 -8.30764592e-01
 -1.06014215e+00  2.94412136e-01 -6.98739705e-01 -5.62308235e-01
  3.57233386e-01 -1.10897872e+00  5.78298409e-01  2.22915240e-01
  1.15730061e+00  2.07148748e+00  7.05087183e-01 -1.53234771e+00
  5.83798327e-01 -1.04485659e+00 -2.77441480e-01 -7.67835197e-02
  1.17046894e+00  9.15936688e-02 -2.89164688e+00 -7.98958055e-01
  9.20926183e-01 -4.54510167e-01  4.38862358e-01  7.34292629e-01
 -5.16275842e-01 -1.07776339e+00 -5.57486593e-01 -6.16519657e-01
  1.06507876e+00 -1.14466018e+00  7.42441575e-01  9.64386938e-01
  1.70559825e+00 -1.02009370e+00 -1.92207854e+00  1.39248560e+00
  3.82046675e-01  1.51880188e+00 -7.19458955e-01 -9.22117292e-01
  9.62832279e-01 -6.02346822e-01 -4.81233836e-01 -6.91267168e-02
  4.27742498e-01 -6.16568079e-01  2.99417728e-01  1.74563415e+00
  7.73412139e-01  1.60626045e+00  1.86765919e+00 -4.78008196e-01
 -4.09343399e-02  9.21321140e-01 -2.92700486e-01 -3.66165279e-01
 -1.24862452e+00 -8.39962243e-01 -2.44507282e-01 -5.19516424e-02
 -8.08993489e-01  3.58221160e-01  1.67681546e+00 -7.72520365e-02
 -1.27371579e-01 -1.02436585e+00 -1.22519614e+00  4.94042409e-01
  5.45600764e-01 -4.51384744e-01  1.21237886e+00 -3.42105332e-01
 -7.49639820e-01 -3.67154699e-01  4.50941275e-01 -1.65523115e+00
  7.28895295e-01 -5.61590063e-01 -1.35046854e+00  8.11674236e-01
  1.33837476e+00  1.12469085e+00 -4.87784113e-03  4.49617600e-01
 -1.71552786e-01 -4.85258891e-01  4.96961062e-01  1.34565572e+00
  2.22763922e+00  1.10036673e+00 -4.79055751e-01  8.52451938e-01
  5.31132856e-01  2.85267141e-01 -1.56389582e+00 -3.87575498e-01
  8.03717983e-01  8.04650266e-01 -7.83767564e-01 -1.25352321e+00
  4.42535907e-01  7.53046845e-01  1.82427321e+00  3.19512679e-01
  7.48522652e-01  3.00767064e-01  7.47833999e-01  5.88032340e-01
 -1.13336042e+00  4.48131135e-01  3.82661030e-01  2.29646130e-01
 -1.13490669e+00 -8.08180037e-01 -3.03941065e-01 -4.73917435e-01
 -4.64249765e-01  3.10908992e-02 -1.72527982e+00  2.86685048e-01
  4.52542901e-01  1.11296386e+00  2.13848937e-02  1.13488591e-01
 -2.94181116e-01 -8.42969363e-01 -7.19286101e-02 -1.97229473e-01
  8.98539973e-01 -2.98268851e-01  6.45589007e-01 -9.10861925e-01
 -6.73625203e-01 -2.29711676e-01  1.17411966e+00  9.34025452e-01
 -1.36349882e+00 -5.58862695e-01  7.58482378e-01  2.10523849e+00
 -1.27600221e+00 -2.25242473e-02 -1.27451324e+00  2.19063746e+00
  1.15034583e+00  6.06052830e-01 -1.37868629e-01 -1.29826252e+00
  1.32905645e+00  1.49791092e-01 -1.02824424e+00  9.78260239e-01
 -1.53210465e+00  7.28387491e-01  1.42945043e+00  1.45830341e-01
 -8.65133109e-01  2.33824523e-01  8.90005126e-01  1.49570661e+00
 -5.38566584e-01 -6.43005729e-01 -1.23244972e+00 -1.40541341e+00
 -1.25360089e+00  1.09943553e+00 -7.47192028e-01  1.14483637e+00
 -1.22748860e+00  8.35192225e-02 -7.84255152e-01  1.69913362e+00
  7.28322045e-01  9.21728541e-01  2.09263852e-01 -1.08436801e+00
 -2.68149938e+00  1.44520052e+00 -3.60162234e-01 -1.73227308e+00
 -3.30803451e-01  5.92332531e-01 -1.32035369e+00 -7.70446830e-01
 -4.96070036e-01  1.06437036e-02  3.71450875e-01  1.31257689e+00
  8.19603702e-01 -7.79972666e-01  1.52967885e+00  1.21180274e-02
  4.17761214e-01 -3.26004147e-01 -1.07110248e+00  7.46229684e-01
 -1.17479825e+00 -1.18087336e-01 -1.91079857e+00  3.60288510e-01
 -3.20721533e-01  8.90373033e-01 -3.12922781e-01  1.90822905e+00
  7.38315271e-01 -1.73854165e+00 -4.68192935e-01 -1.58839703e+00
 -6.08523281e-01 -3.63334144e-01 -5.77247582e-01 -2.19942988e+00
  1.20928454e+00 -1.68789493e-01  1.15847438e+00 -2.35262944e-01
  6.93103381e-02  6.21823657e-01 -1.30273254e+00  2.30579078e-01
  7.65832170e-01 -9.88496848e-01 -1.37112507e+00 -1.78629389e+00
  5.26827645e-01  7.98864093e-01  9.57738016e-01 -1.08823168e+00
 -5.62073475e-01  2.08510379e+00 -1.51830637e+00  1.22220253e+00
 -1.29047766e+00 -7.41979108e-01 -8.66230448e-02 -9.80681477e-01
 -2.06234246e+00  6.22041009e-01 -7.20318589e-01  3.13422792e-01
 -1.18954841e+00  1.38445697e+00  2.44604645e-01  1.00243508e+00
 -2.86143426e-01 -2.26515824e+00 -9.55349216e-01  8.13534052e-01
 -6.82683682e-01  9.34013546e-01 -1.93760733e-01 -1.82267072e+00
 -2.58122069e-01 -5.05632481e-01 -4.06553606e-01 -1.33593774e+00
 -7.14095476e-01 -7.99170557e-01  1.09792214e+00 -2.70575357e-01
  2.70790042e-01  7.70981585e-01  2.81434164e-01  4.59208819e-02
 -4.70686819e-02 -5.63288315e-02  2.37723879e+00  1.99248917e-01
 -6.45576931e-01 -1.52510756e+00 -1.06416122e+00  2.30616402e-02
  5.01478837e-01 -5.05000200e-01 -7.09351738e-01  1.48311379e+00
  1.93636066e-02 -2.38001479e-02  1.35100398e+00  7.16017041e-01
 -2.94138378e-01 -2.02922068e-01  4.12405220e-01 -4.35702405e-01
  1.04341808e+00 -2.49874453e+00 -9.81935298e-01 -1.19269922e+00
 -1.86681172e-01 -1.04995305e+00 -1.23247454e+00  1.09462025e+00
  8.73538279e-01 -5.22725658e-01  6.75287379e-01  3.58313238e-01
  6.31696817e-01  6.81309587e-01 -9.08571848e-02 -7.11554226e-01
  1.10247914e+00 -4.29534785e-01 -2.63764771e-01 -1.13283755e+00
  1.98252051e+00  1.81910409e+00  1.23419226e+00 -1.11382733e-01
 -1.27300743e+00 -9.76026841e-01  1.45466797e+00 -3.04784480e-01
  2.83544657e-01 -1.12901966e+00 -7.65219281e-01  7.12968859e-01
 -2.30666021e-01  1.06667512e+00 -4.96748170e-01 -3.15572973e+00
 -1.76911013e+00 -9.97990608e-01 -1.75170262e+00  1.34559780e+00
  6.35715258e-01 -7.65196364e-01 -4.90637196e-01 -8.45819151e-01
  1.55831143e+00  3.01195009e-01 -1.24490200e+00  1.03940655e+00
 -2.82196661e-02  2.23261791e-01  1.71682216e+00  6.29409750e-01
 -1.00276342e+00 -6.40881091e-02  3.72892910e-01 -3.08827142e-01
 -2.87665980e-01 -1.40492290e+00 -1.99532328e-01 -4.85012791e-01
 -1.33504758e+00 -1.05542949e-01  1.53383529e-01  3.95990310e-01
 -2.87830660e-01  1.17181210e+00  9.74191493e-02  2.70485254e-01
  1.52654198e+00  1.01570923e-01  9.97963580e-01  9.61249481e-01
  7.96325883e-01 -4.77641747e-01 -1.67621729e-01 -2.17818685e-01
 -1.21755155e+00 -9.51335780e-01  4.54155320e-01  1.33946859e+00
  5.48230858e-01 -1.59674986e+00 -2.01139639e+00  1.57989610e+00
  2.88811299e-01  1.16579883e+00  6.13839271e-01 -8.98979150e-01
  1.32102277e+00  2.34944690e-01 -1.45239885e+00  3.93797424e-02
 -4.97228160e-01 -9.36088448e-02 -2.05248159e+00  3.02022157e-01
 -2.70454256e-01  1.08939331e+00  1.47760275e-02 -5.52536293e-01
  1.13480130e-01  1.29595249e+00 -1.06302369e+00  6.97355056e-01
  2.23148856e+00  8.42549640e-01 -2.79040370e+00  3.06450882e-01
  8.37310655e-01 -4.07131685e-01  1.22016465e+00 -9.62201873e-01
  3.52100391e-01 -1.14056080e+00  3.95659137e-01  2.03053093e+00
  1.05614235e+00 -3.67409740e-01  4.87972895e-01  6.51964028e-01
  1.19445360e+00 -4.54787965e-01 -1.33999504e+00 -8.15008973e-01
 -9.69197129e-01 -2.90736230e-01 -5.99633211e-01  1.71415109e-01
 -6.62272598e-02  1.38397229e-01  3.60255757e-01  1.13174017e+00
 -4.79725081e-01  5.65739095e-01 -2.34047443e-01  9.92394903e-01
 -6.73223944e-01 -5.91556193e-02 -1.17272094e-01 -2.71914692e-01
 -2.78555590e-01  1.21480399e+00  7.44290469e-01  3.83086794e-01
  5.15960986e-01 -3.90223064e-01 -2.13822891e-01  5.54852085e-01
 -1.13168880e+00 -3.15037929e-01 -2.01841325e-02  6.61327070e-01
  6.33712508e-02  1.87107362e+00 -6.11607230e-01  1.21143737e+00
  5.80625410e-02  4.44148604e-01 -4.45553193e-01  4.90396247e-01
  6.61075454e-01  2.05989830e-02  7.93100541e-01 -1.63668670e-01
 -1.46496278e+00 -1.77952607e+00  1.64222986e-01 -1.30380628e+00
  6.99237221e-02  1.48213840e+00 -4.21970931e-02  2.85291171e-01