 3.88089057e-02 -7.56409116e-01  1.11420130e-01 -2.01590360e-01
  1.54666887e+00  1.49306550e+00 -2.05768280e+00  1.03270086e+00
  1.41406622e-01 -1.06971683e+00  2.05612945e+00 -1.55495160e+00
 -1.47952399e+00  4.19798346e-01 -1.46568491e+00  1.18399686e+00
  2.03504636e+00 -5.65234038e-01 -2.34080328e-01 -1.74748424e+00
  5.30024806e-01  2.18578016e+00  4.49250090e-01 -2.25076214e+00
 -1.18471303e+00 -5.41572212e-01 -5.04990917e-02  1.18722673e+00
 -4.59726215e-01  1.43358140e+00  4.55442619e-01 -3.59506224e-01
  4.39823797e-01  3.63829365e-01 -1.90421020e+00 -1.71760109e+00
  5.95919665e-01 -2.02560673e+00 -1.27488723e+00 -2.90967921e-01
 -3.95007375e-01  1.02823648e+00  9.36430376e-01  1.11860907e-04
  1.82702495e-01 -2.32837673e-01  3.32813027e-01 -2.24360410e-02
  2.21151613e-01 -4.48336950e-01 -1.35375097e+00  2.52038597e-01
 -2.71663427e-01  2.60340524e-01 -1.02978194e+00 -1.80496747e+00
 -1.26915137e+00 -2.32100215e-01 -1.34737280e+00  7.16167117e-01
  3.39877738e-01  5.05313987e-01 -1.62019560e-01 -1.75912542e+00
 -4.07126534e-02  7.74806693e-01  4.39186154e-01 -9.79312956e-01
 -1.66848213e+00  2.36523793e-01  1.34640903e+00 -5.41173880e-01
  1.61115980e+00  5.84990491e-01 -1.66296300e+00  1.01218664e-01
  1.31649396e+00 -8.56331544e-01 -1.96857027e-01 -1.48395243e-01
  5.17808882e-01 -1.05172703e+00 -2.95937019e-01  6.08474326e-01
 -1.13110422e+00  3.53324347e-01  1.40417122e+00 -6.09082841e-01
 -1.11633740e+00 -2.22719882e-01  4.37796454e-01 -3.93904007e-03
  1.70403328e+00 -8.88009960e-01  8.45848324e-01  6.40235702e-01
 -1.12590578e+00 -9.45356189e-01 -5.13374722e-01 -6.76262574e-01
 -8.06904956e-02  6.18274619e-02 -2.25665318e+00  1.75941685e+00
 -6.34888953e-01  1.32837691e+00  8.29824991e-01  5.15166130e-01
 -1.99404082e-01 -5.31968883e-01 -9.54858574e-01 -6.32885916e-01
  8.34282406e-01 -9.48531985e-01 -6.54666346e-01  7.13145058e-01
 -5.22207839e-01 -3.27983460e-02 -1.32574809e-01 -4.44109812e-01
 -1.43285421e-01  1.77479526e+00  1.65713631e+00 -5.97672363e-01
 -9.08959826e-01  4.11148012e-01  1.38041534e+00 -5.68161615e-01
  2.36021181e-01 -1.07422281e+00  2.95943564e-02  5.81933654e-01
  3.45722294e-01  6.76917376e-02  1.71020738e+00  1.52128993e-01
  3.32488611e-01  7.80073944e-01 -9.54788405e-02 -2.96649761e-01
 -3.43984570e-05  2.53243776e-01  1.20355929e+00 -1.62680044e+00
  2.20810258e-01  1.39259678e+00 -6.28599368e-01 -7.50266466e-01
 -9.77800506e-01  2.50085315e-02  7.17438829e-01  1.65555758e-01
 -2.54716442e-01 -1.98081934e-01  8.84543136e-03 -5.67072526e-01
  1.59317184e+00  1.03136257e+00 -1.77025842e-01  2.60183953e+00
  1.12816902e+00 -2.77423643e-01 -4.64275947e-01 -3.88231641e-01
  3.44480604e-01 -3.09118268e-01  4.64948540e-01  2.21868243e+00
  1.82314220e+00  6.10989287e-01 -4.93701140e-01  5.42929252e-01
 -1.06170727e+00 -1.40383580e+00 -1.81264908e+00  2.55479300e-01
  1.90420006e-01  1.92081846e-01  1.31345336e-01  7.25348185e-02
 -1.18054373e+00  1.09730564e-01 -1.15963046e-01  1.06273481e+00
  1.91015457e+00  1.23140740e+00 -1.95661393e+00 -1.62094452e+00
  4.48402851e-01  1.33559111e+00 -1.66691292e-01 -9.88755194e-02
 -7.17896932e-01  1.27128530e+00 -5.25006431e-01 -1.03638738e-01
  1.45810394e+00 -1.32609345e+00  1.59800419e-01 -3.82018872e-01
 -1.52294002e+00  2.66894311e-01  1.95858504e+00 -6.92299560e-01
 -1.86704944e-01  1.74851486e-01  8.79286372e-01 -1.06491780e+00
  2.54001163e-01 -2.02945740e-01  8.13316884e-01  8.01872910e-01
  6.56850726e-01 -7.31573409e-02  5.98420265e-02 -2.00300480e+00
 -1.96652629e-01  1.34760528e+00 -1.48172993e+00 -1.01266411e+00
  6.10717637e-01 -1.50133794e+00 -1.20754921e-01 -2.00135301e+00
  6.04550607e-01  2.60834795e-01 -6.36621852e-01 -2.47659973e+00
  5.71125944e-01 -2.09893904e-01 -5.01264309e-01 -3.86313741e-02
 -6.02063314e-01 -2.44993124e-01 -3.17760746e-01  1.82114563e+00
  2.05074407e-01 -1.76642851e-01 -1.09079864e+00  2.82589393e-01
  7.74166567e-01 -8.45556603e-01 -1.09889716e+00 -9.25195382e-02
 -6.63506623e-01 -5.91330056e-01 -2.27221681e-01  6.85480534e-01
  5.42470056e-01 -1.38707836e+00  6.53874770e-01 -2.10422258e+00
 -5.12903137e-01  1.73198829e+00 -1.16855735e+00 -3.70580408e-01
 -5.08077693e-01  2.57980706e-01 -1.22155693e+00 -9.32587080e-01
 -1.26360555e+00 -1.78237321e-01  3.26697665e-01 -5.32375760e-01
 -8.74788478e-01 -6.12512591e-01  2.46206318e+00 -3.24103602e-01
  5.13680627e-01 -5.43941186e-01 -9.50059093e-01 -1.15241620e+00
 -5.17063289e-01 -8.16891842e-01  5.97509960e-01 -4.34545759e-01
  1.18753270e+00  8.18764132e-01 -1.61564315e+00 -2.08405174e+00
 -1.87655542e+00 -1.31233340e+00  4.35352065e-01 -1.03691102e+00
  7.74214013e-01 -7.53380819e-01  2.46048695e+00  4.73727252e-01
 -8.15440180e-03 -1.63435063e-01 -9.69790501e-03 -4.39408786e-01
 -3.33379046e-01  1.21224206e+00 -2.91935113e-01  4.10008403e-01
 -6.21554176e-01 -5.69328110e-01  1.22514180e-01  6.92719303e-01
  8.38269614e-01  2.31163633e+00  6.52659045e-01  9.20180647e-01
 -1.09674827e+00  7.69609333e-01  6.58935051e-01 -9.89598483e-01
 -7.85599685e-02  5.58602799e-01  3.10719896e-01  5.11703937e-01
 -6.75526119e-01 -4.61503352e-01  1.23360736e+00  3.62494624e-01
 -1.31872897e+00 -1.26553119e+00  8.07702679e-02  6.98335107e-01
 -3.72574587e-01 -4.58782206e-01  1.26258859e+00 -8.17414053e-01
 -2.72279202e+00  1.18780260e+00  5.94427961e-01 -1.06900522e-01
 -2.20963451e+00  1.09207880e+00 -1.49029614e+00  1.16390987e+00
 -3.96209830e-01 -2.08662597e+00  9.85229424e-01  6.98758803e-01
 -1.42172496e+00 -1.12668731e+00 -5.22227115e-01  6.10634705e-02
  1.23219470e+00 -6.25008257e-02 -9.17937507e-01  2.70838505e-01
  2.56345937e+00  1.11769441e+00  2.29240069e+00 -1.08045303e+00
 -1.30859355e+00 -3.98945443e-01  1.08868303e+00 -1.33282360e+00
 -1.90295867e+00  1.15793187e+00  7.13486615e-01  4.36111347e-01
  5.43548809e-01  1.99827285e-02 -5.43174918e-01 -7.18111714e-01
 -1.51316924e-01 -9.82732756e-01  1.72498024e-01  3.15223282e-01
  1.26279856e+00  9.59014791e-02 -1.29311840e+00  1.21323146e+00
  5.03465189e-01 -1.47952563e-01 -2.45569038e-03 -1.68072504e+00
 -2.31660948e+00 -1.70941987e-01 -3.27838607e-01  6.21922555e-01
  7.80405945e-01 -2.13330790e-01 -9.38864703e-01  2.62052984e-01
  3.70722985e-01 -1.17750193e+00  9.73678760e-02  9.38863152e-01
  7.33565747e-01 -2.97045159e-01 -1.80096286e+00  1.17667946e-01
  1.43254359e+00 -1.23629698e+00  1.27310052e+00  6.50176373e-01
  8.77325292e-01  5.98814821e-01 -3.67951528e-01  4.97707790e-01
 -5.95747425e-01  4.68903503e-01 -1.00730252e+00 -4.32671818e-01
  4.93814534e-01  4.49363332e-01 -2.52876073e-01  9.36998548e-01
 -1.92229097e+00  1.17064814e+00 -3.71235283e-01  9.84323443e-01
  1.43019978e-01  1.27861306e+00  3.98473813e-02 -9.12407862e-02
  1.69144146e+00 -8.94558341e-01 -9.01234099e-01 -1.23417496e+00
 -6.66232104e-01 -1.58363764e+00  1.63044265e-01 -5.79270851e-01
  1.61756428e+00 -8.94940531e-03 -1.17073953e+00 -8.11362945e-01
  1.86948066e+00 -2.18457822e+00  6.85623267e-01 -3.71807624e-01
 -1.32718540e+00  1.69717061e+00  4.60586917e-01 -8.10636193e-01
 -3.42702379e-01  7.71920874e-01 -1.04202062e+00  3.67996542e-02
 -9.31057017e-01 -9.18048380e-01 -1.25143683e+00  1.13629127e+00
 -1.68716611e-01  1.75987135e-01 -6.55425923e-03 -1.46043184e+00
 -9.32143216e-01  2.62345959e-01 -2.00536423e-01 -8.87498050e-01
 -9.52128686e-01  4.51355417e-01  1.09783055e+00  3.18597637e-01
 -5.58028364e-01  7.07573863e-01 -1.39837800e+00  8.53712574e-01
 -7.62199204e-01  2.92106521e-01  9.39659464e-01  5.65941350e-01
  6.05186324e-03  2.21128302e+00 -1.08273206e-01  1.12277821e+00
 -1.29060382e-01  1.62926527e+00 -4.28694976e-01  2.56088141e-01
  4.16227437e-01 -2.49103838e-01 -3.71276360e-01  1.41196100e-01
 -3.49176047e-01 -4.73854709e-01 -7.27041605e-01  3.11299290e-02
  9.78342273e-01  1.04090596e+00 -1.70116702e+00 -6.91785039e-01
  1.00592952e+00 -4.00457200e-01  2.23631884e+00 -4.43391766e-01
 -3.80976659e-02 -2.42633964e-01 -2.02022447e+00  8.25479513e-01
 -2.39777775e-01 -9.94527515e-02 -2.61586317e-01 -3.16586892e-01
  9.37651173e-01 -2.39452117e+00  1.59287807e+00 -1.19758015e+00
  3.05031693e-01 -1.72642811e-01  5.24554452e-01  7.01623038e-01
 -1.30179619e+00  9.29061727e-01  3.33516213e-01 -1.79720569e+00
  9.57292529e-01 -4.70040126e-02  1.90188830e+00 -4.52943038e-01
  7.59889789e-01  1.52214244e-01 -7.60497105e-01  1.78847755e+00
  3.70574692e-01 -5.53235871e-01 -1.66321670e+00 -5.44638416e-01
 -3.62887008e-01 -2.59868502e-01  8.73765647e-01  2.69989361e-01
 -5.32399295e-01 -6.69948433e-01 -1.97406718e+00 -3.62557926e-01
 -1.86936056e+00  2.29006180e-01 -6.20066213e-01 -6.66702448e-01
 -1.31281487e-01 -6.92122848e-01  1.79880572e-01  2.46599987e+00
 -1.97610197e-01  2.30787813e-01 -1.29853964e-02 -1.03194772e-01
  1.24883876e+00  6.02940399e-01 -3.86360870e-01  5.96781421e-01
  1.87652224e+00 -9.24755553e-02 -1.28911071e+00 -3.77127904e-01
 -1.53491788e+00 -7.95466394e-01 -1.22623281e+00 -5.18290477e-01
  3.70970089e-01 -6.82432893e-02  1.04318935e+00 -1.89717893e-01
  1.36301336e+00  7.17540770e-01 -6.29956017e-01  1.77728278e+00
  1.87702416e+00 -4.24136033e-01  4.24891308e-01  9.97957016e-01
  5.06113563e-01  5.99699906e-01 -9.36390957e-01 -3.67985916e-01
 -2.92021904e-01  5.63867762e-01 -7.38067045e-01 -1.26370598e+00
 -2.87852393e-01  3.89275412e-01  1.75276735e+00 -1.83266763e+00
 -1.58318085e+00  3.09130410e-01  5.54856719e-01 -1.66045949e+00
 -1.41207287e+00 -5.22705923e-01 -3.68077171e-01  7.68867431e-01
 -2.16815551e-01  1.44431814e+00  1.03716168e+00 -5.54118120e-01
  2.13848008e+00 -3.77770258e-02 -2.73756896e+00 -4.35230489e-01
  4.72554732e-01 -1.85589126e+00  2.59248830e+00 -6.91972606e-01
  6.70732589e-01 -5.07239687e-01  3.88181709e-01 -5.35912012e-01
 -5.00357387e-02  1.35306487e-02 -1.28207218e-01 -3.25941762e-01
  2.97486216e-01  1.71783001e+00 -1.08037990e+00  1.19505059e+00
  8.27916913e-01 -1.32134287e+00 -7.16896638e-02 -2.10545646e+00
  8.48909802e-01 -1.28289108e-01 -2.23224064e-01 -2.21912595e-01
 -9.57560476e-01 -1.02107679e+00 -1.33201301e+00 -8.32118087e-02
  8.73460632e-01  1.63363626e+00 -3.44967612e-01  1.43574011e-01
 -1.20667320e-02 -8.92893012e-01  1.04089541e+00  1.62113308e+00
  1.51659813e-01  1.16346716e+00 -3.44390577e-01  2.68132044e-01
  5.32895217e-01 -1.74996875e+00  6.82588547e-01 -3.05454948e-01
 -1.26762696e+00 -2.72557976e-01 -7.76470457e-02 -6.42635089e-01
  2.77893905e-01 -6.13412633e-01  1.27523231e-01  1.00782348e-02
 -4.59578236e-01  1.20323232e+00  1.67646061e+00 -8.83921382e-01
 -5.52997710e-01  1.75821403e+00  4.83330867e-01 -1.94718953e-01
  5.46341419e-01  2.98065220e-01  3.85405734e-01 -6.53895809e-01
  1.15927201e+00  3.41524256e-02  1.09114107e+00 -6.30420656e-01
  1.56561156e-01  1.46605634e+00 -4.45117123e-01 -8.80178894e-01
 -2.51635854e-01 -1.78206069e-01  1.08220482e+00  7.44250665e-01
  1.01850638e-01 -8.85780164e-01 -7.12718437e-01 -9.80345876e-02
  9.74810818e-02  4.98781282e-01 -1.85002935e-01  8.10233955e-01
 -3.52052410e-01  1.04850148e+00  1.07689464e+00  1.11730539e-01
  1.20211099e+00  3.51947701e-01 -1.02185550e+00 -1.35769722e+00
  2.61077740e+00 -8.39045160e-01  2.86251398e-01 -5.73928706e-01
 -7.10737419e-01 -1.18693887e+00 -7.01509304e-01 -3.63404461e-01
  3.68976771e-01 -7.59483481e-01  5.10659208e-01 -1.99017848e-01
  1.03238711e+00  4.46072260e-01  1.63453242e+00  3.17473401e-01
 -6.15089539e-01  2.11398607e-01  4.23996775e-01  8.26082259e-01
  7.00763692e-01 -3.36532911e-01 -9.56392847e-02 -9.04137809e-01
 -8.43207624e-01  1.55380563e+00 -6.63364606e-01 -1.13778927e+00
 -8.20349060e-01 -1.73861992e-01 -1.29584779e+00  9.68868137e-01
 -2.92859501e-01 -1.05238950e+00 -7.95521803e-01 -9.88507938e-01
  5.42912872e-01  9.14688512e-01  1.61762341e-01  5.09815127e-01
 -1.55342991e+00  1.71507814e-01  5.16324866e-02 -4.71183505e-01
 -8.03346713e-01 -8.54207699e-02 -2.05462308e+00 -1.58643679e+00
  1.78536568e-01 -1.85685163e+00  1.42361405e+00  2.20086636e-02
  3.61581117e-01  1.61555548e+00 -4.91186756e-02  5.14550860e-01
 -4.16229398e-01 -2.66509598e+00  1.61666943e+00 -1.31876693e+00
 -2.38286418e-01 -1.78340767e+00 -4.66585753e-02  5.39516747e-01
 -1.13103460e+00  1.02973866e+00  2.92613898e-01 -1.29154154e+00
 -1.05106097e+00  8.25347143e-02  3.69584199e-01  3.87457810e-01
  2.43444494e-01  7.62741066e-02 -1.93999439e+00 -4.37061004e-01
 -1.99206103e+00  7.56024695e-01 -1.10895046e+00 -1.91126453e+00
  7.53189119e-03 -1.02033174e+00  1.47329512e-01 -5.08613455e-01
 -9.12036840e-01 -2.08895226e+00  1.25006524e+00 -6.34379894e-01
 -6.34901056e-01 -7.66412197e-01  4.50856878e-01  9.33377482e-01
 -1.99575737e+00  1.01367788e+00  1.27475071e+00 -1.55506121e-01
  5.87565805e-01  5.18458479e-01  9.97282052e-01 -8.22545393e-01
 -5.81490594e-01 -1.13685728e+00  1.89706314e+00  2.60557658e-01
 -2.40071215e-01  1.31011382e+00 -1.18154585e+00 -6.44276983e-01
  2.04432054e+00  1.15053696e+00 -8.18652589e-01 -6.30301537e-01
 -6.07580782e-01 -5.66945170e-01 -3.07809571e+00 -5.43693302e-01
  1.72131066e-01 -1.68254480e+00  1.90839014e-01  1.15003545e+00
 -1.79067953e-01  9.93313931e-02  1.53375703e+00  4.94601961e-01
 -4.29518108e-02  1.19279474e+00 -1.73419657e+00 -2.05450709e-01
  1.91658714e-02  3.97864756e-01 -7.12232815e-01 -1.04644246e-01
  1.38209178e+00  5.51875675e-01  1.18795709e+00  1.59790568e-01
 -7.26413760e-01  3.17537107e-01 -3.77079153e-01 -1.51225973e+00
  1.17778372e+00 -4.27535929e-01  7.59973027e-01 -6.06716861e-01
 -2.00212285e-01 -9.70097338e-02  6.69163889e-01  6.32414723e-01
  5.97389504e-01  8.51981586e-01  1.25725836e+00 -4.05394581e-01
  7.75468812e-01 -1.00055085e+00 -9.97989222e-01 -9.12576324e-01
  3.24065679e-01  5.71600393e-01 -4.98526557e-01 -2.96786140e-01
 -6.52451706e-01  2.10449796e+00  6.94759809e-01 -2.97926186e+00
 -1.88457785e+00  1.15675396e+00  1.06545444e+00  6.86456221e-01
 -7.70662180e-01  6.37776363e-01  5.89267131e-02  1.33805000e+00
 -1.95782185e+00 -1.34778943e+00  3.38432322e-01  4.58042749e-01
 -1.84197203e-01  1.12662294e+00  1.20331683e+00  5.13363097e-01
 -8.25149226e-01 -1.17500393e+00 -1.09580359e-02 -3.93786770e-01
  1.37721990e+00 -5.83710262e-01  2.77000783e-01  2.29679443e-02
  6.32153709e-01 -1.67591958e-01  4.14036924e-01 -1.93497290e+00
 -4.47559639e-01  9.58062598e-01  9.64804764e-01 -5.15099722e-02
 -2.86721244e-01  1.12345492e-01 -7.95289172e-02 -5.51145868e-01
  1.69180841e+00  5.31513751e-01  6.64720094e-01  8.41649615e-01
 -3.30844573e-01 -6.82194625e-01 -6.28888154e-01 -1.80948032e-01
 -1.00114321e+00  8.11912642e-02 -1.44433917e-01 -3.32451063e-01
 -1.59116684e+00  1.08565696e+00 -1.09863130e+00  6.44859495e-01
 -9.98194418e-01 -8.36115492e-01  8.90061427e-03  1.75057235e+00
 -4.71446597e-01 -7.89116904e-02  1.36901682e-01 -2.49727373e-01
 -5.90696581e-01 -2.18477308e-01  2.41547505e+00  9.49445355e-01
  1.02019443e+00 -1.50297657e-01 -1.35167091e-01 -4.66013896e-01
  7.89087777e-01 -8.75698850e-02 -1.49890854e+00  2.21967668e-01
  1.16226980e+00 -8.85463185e-01 -7.02228958e-01  3.82254379e-01
 -1.50561830e+00 -1.27032238e+00  1.67769296e-02 -1.11301073e+00
  9.93813024e-03 -2.28184004e+00 -2.58860159e-01  1.51107853e+00
 -1.12750111e+00 -1.40340939e-02 -2.39388022e+00  3.26473610e-01
  1.70447929e-01  9.29920233e-01  7.01612571e-01  1.25755913e+00
  2.35193584e-01  1.79268774e-01 -3.54718118e-01  1.09300029e+00
 -1.25411709e+00  1.65326593e+00  1.16347359e+00 -5.61939157e-01
  4.51035855e-01 -7.68035173e-01 -1.29763674e+00  3.16287096e-01
  1.27527886e+00  4.29682892e-01  5.83990045e-01  6.71341758e-01
 -9.14566029e-01 -1.12462387e+00 -1.18556894e+00  2.30623841e-01
 -7.11496435e-01  7.78734679e-01 -3.52336540e-01  2.66887063e-01
  7.68524090e-01  2.59542627e+00 -1.40560191e+00 -5.29723389e-01
  7.60123716e-01  6.18859719e-01  9.86973746e-01  5.38876822e-01
 -1.07877400e+00  2.02245453e+00  4.40447540e-01 -7.64674481e-01
  5.49394767e-01 -1.27316085e+00  1.53893800e-01  5.96833973e-02
  1.01710087e+00 -2.60408365e-01 -1.19673886e-01 -2.56712801e-01
 -5.39809518e-01  5.41218835e-01  7.00833236e-01 -6.24975920e-01
 -6.72143725e-01 -1.23619610e-01 -1.37441927e+00 -7.09743856e-02
  6.06674292e-01  4.35221626e-01  8.13638952e-01 -1.09724279e+00
 -3.98318431e-02  1.12541802e+00 -3.57768970e-01 -1.49779748e+00
 -2.13217557e-01 -1.79095428e-01  1.16943802e-01  4.12503001e-01