 1.55685876e-01 -5.96066381e-01  5.30511184e-01 -1.54446400e+00
  2.76117860e-01 -1.99994099e-02 -2.16223437e+00 -4.19512230e-02
 -1.61633056e+00  1.90112171e-01  3.00009278e-01 -3.11140144e-01
  3.53581351e-01  7.67211804e-01  5.98350552e-01 -1.42012349e-01
 -1.95713072e+00  7.00107649e-01 -3.21166246e-01  8.68632062e-01
 -5.81131818e-01  1.26076964e+00 -3.47122878e-01  9.69936881e-01
  1.76748339e+00  1.54013874e-01 -1.06454133e+00  8.97592670e-01
  6.59429977e-01  7.22487599e-01 -4.01242300e-01  2.63440821e-01
 -1.87709012e+00  1.47054355e+00 -2.58094031e+00 -8.00314243e-01
 -1.56723326e+00 -3.11527382e-01  5.03171461e-01 -1.99470576e-01
  3.70497603e-01 -4.00298723e-01 -3.72126765e-01 -2.91990634e+00
  1.18773594e+00 -1.57703473e-01  1.79887435e+00  9.88602509e-01
  1.42239747e-01 -1.16258842e+00 -4.01704721e-01  4.20027412e-01
 -3.40831085e-01  1.54493327e-01  1.25203638e+00  1.17798407e+00
  6.00308572e-01 -1.07210067e+00 -2.71257196e-01  1.27254648e-01
 -7.28942864e-01 -1.80988716e-01 -1.36977398e+00  1.64630309e-01
  5.78253696e-01  9.46285280e-01  6.75253493e-03  5.08209208e-01
 -1.16777099e-01  1.40157648e-01  1.65491353e+00 -1.44051135e+00
  1.31821165e-01  3.36267492e-01 -3.99136092e-01  7.45933909e-01
 -2.08861543e+00 -3.13297158e-01 -1.07580863e+00  1.94475408e-01
  2.43681612e+00 -1.48095153e+00 -6.76997174e-01  4.11602344e-01
  1.57783057e+00  1.83044087e+00  1.83811447e-01 -7.10390423e-02
 -1.08646621e+00 -5.27169033e-01  2.36776379e+00 -2.98339806e-01
  3.97166779e-01  4.08838194e-01  3.63576399e-01  4.29310267e-01
 -1.01498382e-01  1.99086891e-01  4.80289777e-01  1.44023776e+00
 -6.83438514e-01 -1.19953486e+00 -3.29540300e-01  3.76146259e-01
  2.51706180e+00 -2.56022069e-01 -5.94112833e-02 -1.71203757e+00
  5.26652778e-01  1.60623426e-01  5.52988111e-01 -3.02454665e-01
  6.92495808e-01 -4.64252163e-01 -5.47916117e-01  4.33072461e-01
  2.02113404e+00  5.63971699e-01  2.85326543e-01 -1.68254880e+00
  1.72816664e+00 -2.92407153e-01 -1.35224353e+00  1.20948967e-01
  1.02697956e+00 -3.80607131e-01 -7.08084403e-02 -3.46622795e-02
 -2.45016478e-02 -1.39332547e-01  6.18173975e-01  1.75296695e+00
  1.42536352e-01  8.22790477e-01 -4.26693579e-01  1.05283122e+00
  1.35040019e-01  8.45137507e-01 -6.02698458e-01  2.17654606e-02
  1.14503192e-01  1.61712805e+00  7.01649349e-01 -1.18286388e+00
 -3.17316115e-02 -1.39667863e+00 -8.12875220e-01  4.00016121e-01
  9.04176728e-01  1.15601025e+00 -1.77390938e-01  1.01623900e+00
 -8.45809359e-01  4.30744105e-01 -4.23471013e-02  3.55776411e-02
 -1.07781555e+00 -6.68836891e-01  4.23603673e-01  1.94156638e+00
 -1.17966879e-01  1.47735032e+00 -1.27776632e+00  6.33127246e-01
  2.26692560e-01 -3.73419732e-01 -2.11611243e-01  7.01096771e-01
 -4.24289025e-01  2.47967994e+00  3.42649673e-01 -1.10582814e-01
  2.65721565e+00 -5.01412320e-01  7.48002198e-01  2.95859308e-01
 -1.53183687e-01  1.33636106e+00 -4.54131669e-01 -1.35274232e+00
 -5.83052520e-01 -1.40163702e+00 -3.59977339e-01 -1.61299643e+00
 -8.34172976e-01  4.57110983e-01 -6.51961955e-01  8.03782521e-01
  8.86146192e-01  1.03788993e+00  6.26940281e-01  1.29885652e+00
  5.27488107e-01 -1.77259759e-01  6.33884191e-01  9.32503252e-02
 -5.72870136e-01 -1.77269342e-01 -4.60949426e-01 -1.50916899e-01
 -3.21487572e-01  6.15167825e-01 -8.50573516e-01 -4.70193412e-01
 -1.43422152e+00  1.60346568e+00 -3.70790224e-01 -1.49436273e+00
  2.38140299e+00 -4.15916358e-01 -4.23618748e-01 -1.29089257e+00
  1.26412801e-01 -1.05539637e+00  7.87184998e-01  2.42678705e-02
  5.83561174e-01  1.27840012e-01  1.19708221e+00  2.48738806e+00
 -2.03844582e+00  9.15490213e-01 -1.76882639e+00  4.08800327e-01
  1.19793941e-01 -3.98107117e-01  7.92866277e-01 -6.53229151e-02
 -1.81238121e+00  1.48349297e-01 -1.53567121e+00  7.08803838e-02
  3.07161058e-01  2.19818240e-01  9.37842327e-01  3.12178007e-02
 -1.06292615e+00 -1.90356586e+00  1.75928265e+00 -2.19952926e+00
 -5.43097466e-03  5.48861048e-01 -7.12861961e-01 -8.77648856e-01
 -4.58122383e-01  1.01292981e+00 -1.83741435e+00  7.93222908e-01
  6.13246798e-01  1.00686948e+00 -5.94546162e-01 -2.83488210e-02
 -1.88117100e-01  4.33902567e-01 -1.28512503e+00  1.89382011e+00
  4.20990605e-01 -2.07689928e+00  4.48169740e-01  4.84229276e-01
  2.19097669e-01  3.25110131e-01  6.94647374e-01  9.83344559e-01
  7.43787584e-01  3.26715390e-01 -9.58194531e-01 -1.04797578e-02
 -8.74001440e-01 -1.66850096e-01 -7.37936244e-01 -2.15240162e+00
  7.61821625e-01  6.11371389e-01 -2.31859444e-01 -6.22252666e-01
 -2.85453420e-01  1.68807059e-02 -6.24696718e-01  1.33625729e+00
  7.55859890e-01 -2.40515861e-01 -1.47776324e+00  5.34498310e-01
 -1.02621331e+00  1.50138487e+00 -7.71751223e-01 -5.62576265e-01
  2.52732940e-01 -1.62721877e+00 -3.41197984e-01  4.32555368e-01
 -1.95672096e+00  8.63779563e-01  1.39939051e+00  2.51966486e-01
  1.24736823e-01 -1.39673256e+00  2.41997300e-01 -7.45957461e-01
 -8.77484556e-02 -8.84937157e-01  1.00807661e+00 -7.22905268e-01
 -6.52552451e-01  2.80400951e+00 -3.92198587e-01  6.44230610e-01
  3.43362366e-01  1.59467086e-01  1.40760224e-01 -7.97255044e-01
 -4.32770424e-02  3.75824519e-02  1.81419815e-01 -2.36038568e-01
 -6.65865710e-01 -6.13833272e-01 -1.51902753e-01 -6.53237502e-01
 -2.95585041e+00 -4.70291806e-01  1.48361303e-01 -1.47116333e+00
 -2.98171480e-01  6.68400814e-01  2.48273638e-01  1.93456064e-01
 -6.71220153e-01  1.02706171e+00 -5.12608576e-01  1.42301792e+00
  1.85985127e+00  5.85129996e-01  2.22574962e+00  6.11462094e-01
 -6.35915569e-01  1.09795566e+00  1.09053373e+00  1.13643737e+00
  1.66866428e+00  1.96851643e+00 -5.61537542e-01  5.57544850e-01
 -1.28953710e+00 -1.22026572e+00  7.73034751e-01 -5.88222672e-01
  6.69373394e-01  1.28734501e+00 -2.58337868e-01  2.06904430e+00
 -8.84209470e-02  9.16357089e-01 -2.97370101e-01  1.09895679e-02
 -6.33503453e-01 -1.26734491e+00  2.66821185e-01  3.74028013e-01
  1.63987739e+00  1.22044702e+00  4.46520724e-01 -1.48056717e+00
  3.97869871e-01 -1.32077921e+00  2.25050245e-01  1.31727260e+00
  5.27474488e-02  5.14709403e-01 -2.14138923e-01 -9.30028709e-03
 -2.22445624e+00  6.52406565e-01  1.51540176e+00  6.11096313e-01
  3.27744530e-01  9.97454383e-01  5.91534276e-01 -1.99024444e+00
  6.85167588e-02 -5.70067408e-01  1.05754696e+00  5.58850156e-01
 -1.72296416e-01  1.52301968e+00  7.82233008e-01  1.07107160e-01
 -1.44941818e+00 -4.73311963e-01  7.36876180e-01  8.22783075e-01
 -1.90720139e-01 -1.40185582e+00  8.93904256e-01 -2.67982012e-01
 -5.85890888e-01  2.92942773e-01 -4.88810757e-01  2.19864580e+00
  9.56172765e-02  1.05304480e+00 -1.49493924e-01  7.98194774e-01
 -2.61607405e-01 -3.89272812e-01 -8.33340284e-01  5.18960019e-01
 -4.91732858e-01  5.98585623e-01 -1.84839716e-01  1.81071848e+00
 -1.38212468e+00  4.34661011e-01  1.51591892e+00 -1.14581953e+00
  9.09542768e-01  1.24534565e+00 -1.98684113e+00 -5.66645864e-01
  6.51197824e-01 -1.33574224e+00  4.02621132e-01  7.29509158e-01
 -1.15151081e+00  7.35589513e-01 -1.66467625e-01 -2.88872625e-01
 -7.36813120e-01  1.30130819e+00 -5.61020880e-01  7.63487437e-01
 -6.86031258e-01  6.03192746e-01  8.37280566e-01 -4.51409682e-01
 -1.61510278e+00 -4.59400425e-01 -3.49142713e-01 -1.46711809e+00
  1.57063059e-01 -7.84197094e-01  5.83786599e-01 -1.98745573e-01
  7.61696330e-01 -4.97812564e-01  8.75480511e-01 -4.19301149e-01
 -9.54850429e-01  4.75395975e-02 -6.59680354e-01  1.46906409e+00
 -5.01998420e-01  1.18047304e+00  2.01865593e+00  5.56846722e-01
 -6.61653393e-01 -6.70530120e-01 -1.10996023e+00 -3.27172971e-01
 -8.52053984e-01 -1.56324883e+00  1.36685858e+00  6.14709642e-01
  5.58681325e-01  1.01743239e+00 -3.74710201e-01  5.31574168e-01
 -1.08620161e+00 -1.23133395e+00 -1.45973513e+00 -1.70644909e+00
 -3.89967610e-01 -6.15766382e-01 -1.45631101e-01 -4.25333708e-01
  3.33834506e-01 -2.16787395e-01  9.95293141e-02  2.20681743e+00
  4.22136597e-01  1.00364585e+00 -7.05222594e-01 -7.38171894e-01
 -5.70107322e-01  1.33592207e-01 -2.65663345e-01  2.83092689e-01
 -1.46281670e+00 -2.02489363e+00  8.52357144e-01  4.85811912e-01
  2.94035144e-01  2.59040852e-01  1.12528129e+00 -4.70482791e-01
 -1.16141473e+00 -2.21349242e-01 -4.45955360e-02 -9.00981161e-01
  4.41928557e-01  6.85775211e-01 -2.86948021e-02  1.01282036e-01
  1.11914410e+00  5.36693885e-01  2.25685814e-01 -1.93079197e+00
  1.07300211e+00 -1.73214335e-01 -5.49359964e-01  7.31690948e-01
  8.99165115e-01  3.45181732e-01 -5.37281892e-01  3.76490942e-01
 -4.87490509e-01  1.22938757e+00  4.44056772e-01 -7.41610584e-01
  8.23553982e-01  1.06927167e+00 -3.58979655e-02  1.23233370e+00
 -1.62372543e+00  4.63842097e-01 -1.50505335e+00 -1.50538038e+00
 -1.47045486e+00 -9.23095351e-01  1.01870616e+00 -3.95686530e-01
  8.96970720e-01 -3.73716206e-01  1.25075367e+00  1.86126599e+00
  1.31406523e+00  3.16786082e-02  3.39526170e-01  1.25092139e+00
  7.16715189e-01  8.00249777e-04  1.50845482e+00  3.58099391e-01
  4.21261484e-01 -9.15889955e-01 -5.46509487e-01 -3.73947896e-02
 -1.10095801e-01  2.11287177e-01 -1.19410209e+00  2.17832570e-01
  7.50176766e-01 -1.14782140e+00  1.28205865e+00 -1.26061886e+00
 -1.00000065e+00  7.33602959e-01  1.02107289e+00 -1.24218348e+00
 -7.31820830e-01  1.14309834e+00 -2.29908072e+00  6.60977646e-01
 -1.57346087e+00 -8.04216423e-01  1.96677613e+00 -3.94932552e-01
  1.72412286e-03  8.98061660e-01 -5.80605271e-01  4.41730866e-02
  3.59480411e-01  6.33138574e-01  2.17474012e+00  5.76591663e-01
  1.14388394e-02 -6.12919688e-01 -4.18863997e-01  1.57101748e+00
  5.05448722e-01  2.37634649e-01  2.12938813e+00  9.33693728e-02
  7.03400719e-01  1.13000749e+00 -7.03536444e-01  4.17577519e-01
 -8.33374569e-01  1.13574789e-01  8.89670610e-01 -1.18826136e+00
 -1.24558196e-01 -7.78317437e-01 -1.06529612e+00  1.43331097e+00
  1.46379213e+00  2.57800061e-01 -1.12837709e+00 -2.24619596e-01
 -2.74219658e-01 -3.26253634e-01  4.18614802e-01  6.63274010e-01
 -1.32280180e+00  3.83611895e-02  5.10816507e-01 -2.46626622e-01
  5.71715477e-01 -5.01618707e-01 -1.07363669e+00  2.19971511e+00
  2.00908799e+00  1.91124842e+00 -4.56894092e-01 -1.00233407e+00
 -3.08348324e-01 -2.38853995e+00  4.03545615e-01 -1.74661993e-01
  7.76942644e-01 -1.70216375e+00  8.58598457e-01 -1.35942914e+00
  2.88581616e-01 -1.07740629e+00 -5.02047191e-01 -1.56437637e-01
  1.02535706e+00 -8.44410345e-02 -3.84938808e-01  7.41678382e-01
 -1.75703048e+00 -1.26257874e+00  1.56137068e-01  1.20039422e+00
 -8.76015450e-01 -1.08763587e+00 -2.38615950e-01 -1.14934004e-01
  5.00523319e-01 -7.25682035e-01  4.56722918e-01  1.26675410e+00
 -1.13109276e+00  1.62414758e+00 -1.25226467e+00 -1.80345680e+00
  1.47231648e+00  3.11907287e-01 -1.04502937e+00  2.07877177e+00
  4.06932902e-01  3.69065966e-01 -1.43365945e+00 -6.24589881e-01
  1.79170110e+00  1.57386123e-01 -1.39602695e-01 -1.84471497e+00
  1.85476021e+00  2.88668145e-01  2.33283084e-01 -6.00503597e-01
 -2.61377431e+00  2.33418932e-01  1.76984219e+00  5.86740054e-01
 -4.15433753e-02  4.27675640e-01 -3.17393317e-01 -1.84470628e+00
  1.05697066e+00  4.61642193e-01 -7.94894473e-01 -2.49476631e+00
 -1.11938579e+00 -6.14248593e-01 -2.55049399e-01  4.39180171e-02
  1.13251839e+00 -2.97706565e-01  1.06073624e+00  1.05199757e+00
 -6.21091108e-02 -6.68265719e-01  3.64328188e-01 -1.22487424e-01
  4.73231269e-01 -3.67159192e-01 -5.03310893e-01 -5.35994930e-01
  8.88205328e-01 -3.20298820e+00  1.54378153e+00 -2.58186611e+00
 -9.34453926e-01 -5.09191543e-01  1.31041827e-01  2.54109961e+00
 -5.44931225e-01  7.62719386e-01  4.38787795e-01  1.51739217e-01
  5.51801686e-01 -6.49389028e-02 -7.52511009e-02 -1.47787184e+00
 -5.64972265e-01  1.02750646e+00  4.80305518e-01  1.41084022e+00
 -7.56358851e-01  5.89862713e-01 -2.58318846e-01  1.63280236e+00
  9.22776332e-02  6.65872183e-01  8.09588673e-01  1.00075542e-01
 -9.33223494e-01 -6.58661883e-01  2.36674710e+00 -1.46998315e+00
  1.83703573e+00 -3.62806597e-02  4.16952603e-01 -1.68955969e+00
  3.34738028e-01  6.48498678e-02  2.12352889e+00 -6.84433806e-01
  3.87510724e-01 -2.12546478e-01 -6.97582679e-01 -6.16850907e-01
  9.84672717e-01  9.12397067e-01 -3.00059412e-01 -1.94195361e+00
 -3.39720425e-01  2.03456274e-01  2.24438053e-01 -7.13799361e-01
  9.70539932e-01 -4.05496844e-02  7.16885218e-01  6.03631701e-01
  1.15863513e+00  3.37730217e-01 -1.64367721e+00  2.00737468e-01
  2.09738788e+00 -9.49880683e-01 -1.68392065e+00  1.96455009e-01
  4.57384140e-01  5.48264429e-01 -1.22243807e+00 -8.67823255e-01
  7.90307824e-02 -1.18517893e+00 -1.89698151e+00  7.01492780e-01
 -6.43788870e-03  1.63230265e+00  4.64386316e-01  8.55582018e-02
 -2.87097628e-01 -9.50697921e-01 -7.85906763e-01 -1.27357233e+00
  1.10720755e+00 -6.83264943e-01  7.11798551e-01 -1.16912612e+00
 -3.72459993e-01 -4.10514395e-01  9.34591417e-01  2.72663441e+00
 -1.17120613e+00  1.73420343e-01  1.21602139e+00 -3.74442000e-01
  1.73904810e+00 -4.79444856e-01 -5.17740606e-02  2.08522547e-01
  1.20710054e+00 -3.67856468e-01 -1.18807221e+00 -7.85520291e-01
  5.93287020e-01 -1.87161824e+00  1.06057635e+00  1.49485931e-01
 -8.44959775e-01  2.89015374e-01  6.64086640e-01 -5.16651668e-01
 -6.69613936e-01  6.64990035e-01 -1.22849027e+00 -7.67297473e-01
 -1.11180832e+00  2.66290471e-01 -4.70872212e-01 -8.01158840e-01
 -4.84344344e-01  3.55900086e-01  1.16420697e+00  4.07469217e-01
  3.18900944e-01 -8.49187371e-02  6.49427771e-01 -1.13974806e+00
 -7.26948524e-01 -2.16722514e-01 -2.66223045e-02 -3.90715082e-01
  3.25959899e-01  1.78760817e+00 -5.33665718e-01  6.92258847e-01
 -1.23425464e-01 -1.19495909e-01 -3.18462717e-01 -1.73924515e-01
 -5.35265366e-01 -5.99372488e-01 -3.22517951e-01  6.30168112e-01
 -3.07436494e-01 -1.18546653e+00 -1.69786423e+00  7.75102451e-01
  1.51218425e-01  4.63992939e-01 -2.55071310e-01  7.25347755e-01
 -2.13934828e-01 -2.09576329e+00  1.05772695e+00 -7.58758993e-02
 -8.14893787e-01  5.18028259e-01 -2.61172303e-01 -1.34765118e+00
  1.06642964e+00 -3.36360066e-01 -2.50634622e+00  7.31445885e-01
 -1.14360706e+00  1.11140183e+00 -6.54325426e-01 -4.03261025e-02
 -7.96209439e-01  4.21313201e-01  3.14133853e+00  6.21016108e-02
 -9.95738061e-01 -6.30516188e-02 -3.14704954e-01  1.37652886e+00
  1.55425668e+00 -3.52601989e-01 -2.72671110e-01  2.14412761e+00
 -6.85280623e-01 -3.53319893e-01  3.86705891e-01 -1.91833004e+00
  8.02139100e-01  1.40375676e+00 -1.32598916e-01  6.54249643e-01
  2.63582308e-01  1.10769962e+00 -1.09732980e-01  1.52205015e+00
  4.46595231e-01 -1.55534093e+00 -1.55144562e-01  1.47373067e+00
  1.64172105e+00 -1.23634311e+00  1.41220296e+00 -7.01540470e-01
 -1.28280004e+00  1.78689147e+00 -1.08125362e+00  2.46834013e-03
  1.05164510e+00  2.57495371e-01  2.17574001e-01  1.07513017e+00
 -5.40196582e-01  7.01842211e-01  1.20669863e+00 -5.93767091e-01
  1.17270358e+00  8.36311236e-01  1.89435227e-01 -2.50059714e+00
 -2.01559907e-01  1.07535132e+00 -1.07909564e+00  1.15848381e-01
  8.58267868e-01  1.84217355e+00 -1.13319727e+00 -5.33537014e-02
 -8.46925905e-01  2.18716702e-01  1.18986265e+00 -7.86881607e-01
 -2.08933476e-02  6.41783927e-01 -4.29000626e-01  1.26577972e+00
 -2.82925560e+00  1.69676236e+00 -7.69101556e-01 -1.05449162e+00
 -1.25853624e+00  3.78990742e-01 -1.69889423e+00 -1.12500843e+00
  4.56320653e-01  1.49353410e-01 -8.11008951e-01 -8.77327260e-01
 -3.40502861e-01 -5.38675491e-01 -3.02241726e-01 -1.37735314e+00
 -3.04845917e-01  4.23208296e-01  4.75021192e-01  5.62201268e-01
  1.69714431e+00  3.36926617e-01 -1.39055009e+00  1.49313977e+00
 -9.99550724e-01 -1.10209145e+00 -2.99832179e-01  9.11740738e-01
  1.77809287e-01  1.23653816e+00 -1.96423162e-01 -1.01242082e+00
  8.58331366e-01 -8.75920718e-01  1.03062228e+00 -1.03094156e+00
 -1.68649049e+00  6.17342987e-01  1.56907529e+00  2.14811164e-01
 -1.33997760e-01  3.31480010e+00  1.29703432e+00 -5.16181844e-01
  7.50516754e-01 -1.23878597e-01 -8.29195647e-01 -9.26054418e-01
 -1.58433343e+00  6.21779736e-01 -2.39968372e-01  1.00693490e+00
  1.04074179e+00 -6.21554775e-01  1.21272706e+00 -7.34710116e-01
 -2.69427324e-01 -1.37442561e-01 -2.06754148e-01  6.31940889e-02
  3.31247018e-01 -6.35252194e-01 -6.48726518e-01 -1.11739154e+00
 -2.46712087e-01 -1.08016126e+00  4.06938074e-01  6.84331672e-02
 -2.01140706e-01  9.13845449e-02 -3.04341677e-01  6.79979898e-01
 -1.63865633e+00 -5.25401206e-01  1.53157698e+00  1.40389404e+00
  9.89914468e-01  1.18412792e+00 -4.82491542e-02 -9.25892956e-01