-5.75851177e-01 -1.72513762e-01  3.47400574e-01  6.50071408e-02
  3.42869320e-01  1.23862754e+00  9.96658389e-01  1.43683285e-01
  1.02467235e+00  4.71509105e-01  8.69485140e-01 -4.97901953e-01
 -5.57765603e-02  3.03978728e-01  1.88164038e-01 -6.05966192e-01
  1.70746789e+00 -2.15885204e+00 -1.57462206e-01 -2.29965012e-01
 -1.31544166e+00 -8.17486305e-01  5.80916688e-01 -1.02171060e+00
  9.41833937e-02  2.07647225e+00  1.51729598e+00  4.48162276e-01
 -5.45768745e-01  6.27934557e-01  2.15928188e-01 -5.31321477e-01
 -4.89465317e-01  4.88339113e-01  1.21119131e+00 -9.61262861e-01
  5.03940926e-01  6.18570121e-01  4.96248620e-01  5.42304690e-01
  3.24009684e-02  2.07382734e-01  5.18369735e-01  6.49174367e-01
  1.22569357e+00 -1.05298658e-01  1.60555341e-01  5.40283114e-01
  4.38457957e-01  1.23796649e+00  1.57479057e-01  1.25511354e+00
  1.91760055e+00 -1.44898355e-01  5.18694722e-01  1.15130106e+00
  4.88834472e-01  1.61732041e+00 -1.36029866e+00 -3.33402998e-02
  8.08332510e-01 -1.01819187e+00 -1.00834509e+00 -6.14467481e-01
  1.91819905e-01 -8.61570547e-01 -9.72667512e-01  1.68854740e-01
 -3.64514644e-01 -5.96811213e-01  2.28107712e-01 -1.24399566e-02
  5.70290278e-01 -7.49018409e-01 -8.09225373e-01  9.43240904e-01
  1.66852747e+00 -7.39941355e-01 -2.47664066e+00 -4.73305071e-01
 -4.63485208e-01 -4.97335918e-01  1.68095946e+00 -5.10531264e-01
 -8.50541498e-01  6.18639293e-01 -5.46958532e-01 -1.06599543e-01
  1.03368260e+00 -1.46684466e+00  5.18546687e-01  7.47846696e-01
 -1.18623285e+00  2.15476068e-01  3.76930347e-01 -6.27904180e-01
  1.45354232e+00 -2.06680449e+00 -1.09146973e+00  1.70601975e-01
  3.37847653e-01  1.15991588e+00  6.23465850e-01 -4.29083681e-01
 -5.44082751e-01  9.19946415e-01  1.58220747e+00 -1.16409644e-01
  5.69018471e-01 -3.08922551e-01  3.73392032e-01 -5.94620156e-01
 -9.45923551e-02 -1.06493006e+00  1.77551170e-02 -4.88062538e-01
 -3.93779919e-01 -4.33468335e-01  1.83996529e-01  7.37152502e-01
 -5.75515746e-01  1.40024279e+00  4.78752399e-01 -1.08828872e+00
  8.19534600e-01 -8.33568797e-03  2.81043624e-01  1.13394438e+00
  4.00249984e-01  1.11435564e+00 -8.94495940e-01  3.03511873e-01
 -3.37216647e+00  3.21065399e-02 -8.41715670e-01  9.13864334e-01
  6.73987482e-01 -4.07897146e-01  1.44891575e+00  1.30863130e+00
 -9.15648321e-01 -7.29276896e-01 -1.11018030e+00  1.67153427e+00
 -7.75587650e-01 -9.32290934e-01  6.69356428e-01 -1.20164874e-01
  4.29391075e-01  2.96391810e-01  1.67969603e-01 -1.12905047e-01
 -9.44399560e-01 -7.49279084e-02 -4.08337740e-03  1.77726214e-01
 -5.50236516e-02 -4.02611458e-01  4.87485819e-01 -1.14485677e+00
 -1.37504210e+00 -1.76798755e+00 -1.73802538e+00  1.33424914e+00
 -1.33551783e+00 -8.03499687e-01 -1.37458778e+00 -1.47844118e+00
  3.57433511e-01 -2.03125727e+00 -3.91313924e-01  1.16468337e+00
  6.86154125e-01  4.52584907e-01 -4.41335879e-01 -6.30176212e-01
 -9.51098493e-01 -1.14451158e+00 -6.60736841e-01  2.25454578e-01
 -2.34480138e-01 -9.29761019e-02  6.33726558e-01  7.56637222e-01
 -1.91893200e+00 -1.88522599e+00 -1.80816704e-01 -6.48046701e-01
 -3.99792585e-01 -8.94837307e-02 -9.30927708e-01  1.50419243e-01
  4.19133353e-01 -8.24547931e-01 -1.51335419e+00 -9.24964877e-01
  3.41091817e-01  3.64654174e-01 -6.49236357e-02 -4.58721212e-01
 -4.00848169e-01 -3.10568266e-02  1.67773454e-01 -3.85946768e-02
 -4.79659155e-02  1.38423595e-01  3.77083652e-01  1.53268052e+00
  1.95538108e-01  1.93941779e-01  2.13551142e-01  1.47751330e+00
  2.92000146e+00  3.12370898e-01 -5.90434286e-01  1.84782946e-01
  6.57333263e-01 -1.37251869e+00 -7.67011738e-02 -2.51745300e-01
 -1.41422193e+00  9.16251544e-01 -1.08847097e+00 -6.65300862e-01
 -4.75959884e-01 -7.20980880e-01  5.02994171e-01 -1.06092758e+00
 -1.04011779e+00 -3.73338333e-01 -2.96111266e-01 -5.30746457e-01
  7.71728978e-01  2.51234295e-01  2.96334878e-01 -2.45301832e-02
  8.01210740e-02 -6.47932697e-01 -3.10198550e-01  1.68346795e-02
 -7.40963510e-02  3.11693148e-01  2.48411248e-01 -6.04915117e-01
  9.22792086e-01 -1.02250227e+00 -6.42255155e-01  1.53196947e+00
  2.89946889e-01  9.60731589e-01 -7.80047985e-01  2.02603919e+00
 -5.36938728e-01 -1.74300700e+00 -1.99784475e+00  1.63888516e+00
 -4.38407359e-01  2.17410020e-01 -7.97036020e-01  1.29207521e+00
  2.74558707e-02  7.66942511e-02 -1.82222541e-01  1.70269730e+00
  1.23317986e+00  7.59061722e-01  2.11723601e+00  1.53089703e+00
 -7.63895987e-01  1.63999417e+00  1.74373172e+00  2.21197870e-01
 -5.59794691e-02  1.86729208e+00  5.64932614e-01 -2.33967139e+00
 -5.07702036e-01  2.61830440e-01  3.57219253e-01  5.35514523e-02
  7.83624242e-01  1.05142515e+00 -2.68040582e-01 -1.27497374e+00
 -8.17429197e-01  7.66867059e-01  1.38712352e+00  2.66669690e-01
 -9.25901778e-02 -1.27544665e+00 -1.38104764e+00  1.38408799e+00
 -1.53760524e-01  7.74881992e-01  1.10958073e+00  1.27751850e-01
  3.11825602e-01 -6.60283366e-01 -7.45429894e-01 -1.11731135e-01
  4.29514708e-01  5.20107736e-02 -2.77260966e-01 -1.13836595e+00
 -9.71774116e-02 -1.31256014e+00  1.26078049e+00  5.64094250e-01
 -1.30512219e+00 -2.18564310e+00 -2.03718136e+00 -9.99193486e-01
 -2.40688940e+00 -7.78120849e-01 -2.39459733e-01  1.44356456e+00
  1.49554804e+00  1.18842502e+00  7.52421396e-02  1.42901627e+00
  7.91054782e-01 -2.07581569e-01 -5.31965687e-01  1.20739503e-01
  5.28969233e-01  9.30540870e-02  1.48066733e+00 -2.37376195e-01
  4.17178021e-01  1.45159097e-01 -3.08032085e-01  4.25087027e-03
  7.40141636e-01  1.61190159e-01 -1.31518273e+00  6.40567641e-03
 -5.35135855e-01  2.58406835e+00 -1.39870628e+00 -1.19335577e+00
  6.72931906e-01 -4.57643250e-01  3.23757699e-01  3.13116873e-01
 -9.07240162e-01  7.35503137e-02  1.56170091e+00  1.83462740e+00
 -6.55574231e-01  4.05509020e-02 -4.65800298e-01 -1.09025210e+00
  1.12010562e+00 -1.53422089e+00 -4.30497740e-01  7.03733414e-01
  9.22156079e-01 -1.08221592e+00 -2.77662691e+00 -7.32021007e-01
  2.49349602e+00  2.34359723e+00 -2.98855521e-01  4.52281173e-01
 -3.11051644e-01  5.11379027e-01  1.04938527e+00 -1.74879266e+00
  1.06249946e+00 -1.88950807e+00 -9.31876895e-01  2.04414720e+00
 -1.36790877e+00 -1.37747059e+00 -2.30239564e-01  8.77468185e-02
 -8.71943480e-01  9.43716218e-01  5.78532410e-01 -1.01535488e+00
  7.18328804e-01  6.19619229e-01  1.10882356e+00 -2.88041226e-01
  7.91243543e-01 -7.47157318e-01  2.48190069e-01  5.97778100e-01
 -2.59332457e-02  4.09165667e-01  1.30186195e+00 -4.10995302e-01
 -6.64192297e-01  9.67458963e-01 -1.65020897e+00 -2.12506544e+00
 -7.68825081e-02  4.39210727e-01 -2.79659562e-01  2.56988968e-01
  5.91301327e-01 -3.74801649e-01 -2.57021653e+00 -5.10456303e-01
  2.14425113e+00 -1.31574455e-01  7.91808709e-01 -3.47807181e-01
  1.15894787e+00  1.49294421e+00  7.55631226e-01  4.79041943e-01
  1.05981108e+00 -7.30273245e-01 -2.67110509e+00 -1.74576475e-01
 -1.13540366e+00  5.61151626e-01 -4.19686525e-02 -8.00218156e-01
  7.88607475e-01 -6.29544147e-01  1.58458407e-01  1.60121471e+00
 -8.71359061e-01 -1.16123045e+00  1.79888384e-01  5.61201416e-01
  1.04132100e+00  1.08031996e-01  1.20171454e+00 -2.07316779e-01
 -5.59943447e-01  1.48388686e+00 -1.13143344e+00 -5.55385871e-01
 -2.11925881e-01  1.93744689e+00  1.10920321e-01 -1.82071319e+00
  4.17942800e-01  4.21233436e-01 -1.38468769e+00  1.39261874e+00
  1.00067099e+00 -9.34916014e-01 -1.44356007e+00 -3.07514958e-01
  7.52671594e-01 -9.88781392e-02 -5.61994469e-01  2.02130743e-01
 -8.20643601e-01 -3.83165703e-01 -6.37172930e-01 -8.67309413e-01
 -2.09554398e+00 -2.13090700e+00  5.83448309e-01 -1.75143946e+00
  4.93143424e-01  9.89482993e-01 -2.59084180e-01  1.38021388e+00
 -3.35679079e-01 -1.18729822e+00 -2.36231820e+00  1.31548741e-01
  2.96598141e-01  2.22391803e+00 -3.09712669e-01 -9.16992857e-02
 -5.22269319e-01 -5.53094995e-01  1.36788639e-01 -2.16247143e+00
 -1.00022161e-01  1.85796707e+00  2.67778283e-01  1.60277759e+00
  1.44680634e-01  3.54282744e-01 -1.60216721e+00  5.90840278e-01
 -1.91001372e+00  1.75074584e+00 -8.47891362e-01  7.55695600e-02
  2.31737214e-01 -9.58566265e-01  3.51989434e-01  4.06059765e-01
 -1.28420919e+00  1.81107406e-01 -1.86259294e+00 -6.04431435e-01
  3.85710801e-02  2.83275516e-01 -8.39803855e-01  1.36091245e-02
  9.16615501e-01  5.13376256e-01  7.25278868e-01 -9.52922138e-01
 -6.14906739e-01  1.09601625e-02 -5.06745339e-01  6.59310827e-01
 -1.09331916e+00 -3.00208197e-01 -2.78882422e-01  8.56702674e-01
 -2.40901737e+00  5.06303780e-01  1.29079447e-01  1.12700051e+00
  3.34536182e-01 -1.05754978e+00 -3.19364431e-01  1.86826712e+00
  3.01037458e-01  4.73348895e-01  3.74146635e-01  8.49679977e-01
 -1.44626811e+00  5.95143735e-01  1.26920937e+00 -1.32900075e+00
  1.71836512e+00 -7.32634464e-01  3.71968001e-01 -4.73062893e-01
 -1.15781528e-02 -1.02896226e+00 -1.22237452e+00  2.34841285e-01
  1.30942529e+00  9.58071467e-01  7.14648419e-01  1.66488166e+00
  1.22402346e+00 -1.59822335e+00  6.67756903e-01  6.30399159e-01
  8.18436671e-01  1.42691606e+00 -1.78562653e-01  8.35199262e-01
  2.59660496e+00  9.70212016e-02 -8.33352765e-01  6.16544520e-01
  1.08645495e+00 -1.74351135e+00  8.05237064e-01  5.13231417e-01
  1.08295534e+00  4.75599588e-01  2.84288178e-01 -1.98332430e-01
  1.74261600e+00  9.14848827e-01  2.39449870e+00  9.51482594e-01
 -5.50081912e-01  4.83710254e-01 -6.24155395e-02  2.46560738e-01
  3.70022110e-01 -8.23022526e-01  9.70286826e-01 -3.81483724e-02
 -9.26665751e-01  3.30565785e-01  2.07683975e+00  5.39075412e-01
  3.74784617e-01  7.84801123e-01  1.45732019e-01  8.14880043e-01
 -1.16321584e+00 -1.11302077e-02 -1.75706156e+00 -6.37916844e-01
 -7.63932506e-01 -9.14269200e-01 -2.91361829e-01 -1.79206199e-01
 -1.93168072e-01 -4.95498694e-01 -1.35038501e+00 -1.13286440e+00
 -5.97578677e-01 -1.33166348e+00 -1.12469595e+00  8.77274304e-01
 -1.28882846e+00 -1.19667092e+00 -1.18389890e+00 -1.78388495e-01
  1.47620914e+00  1.76535805e+00 -4.80353071e-01 -1.33893390e+00
 -7.61979499e-01  1.16331054e+00 -1.80436870e+00  2.30144525e-01
 -1.55504983e+00  2.01007468e+00 -8.46759721e-01 -7.48402982e-02
 -1.30866981e+00  2.46124865e-02 -1.64370502e+00 -1.30573747e+00
  3.30834054e-01 -6.65000352e-01  1.51951227e+00  3.54116990e-01
 -2.26997561e+00  4.75576120e-01  5.37666015e-01 -4.92043203e-01
 -1.36482120e+00  7.61949557e-04 -1.86117628e-01  2.68984177e-01
 -5.01660499e-01 -1.26290688e+00  5.59281695e-01 -2.53718563e-01
  1.89730169e+00  2.24407129e+00 -1.08024197e+00 -9.23409751e-01
  5.62837556e-01 -6.41139778e-01 -5.10889495e-01 -1.57255196e+00
 -3.34575620e-01 -2.49855652e-02  2.04756755e+00 -3.60273937e-01
 -8.94264466e-01  3.91089780e-01 -6.80194093e-01 -3.16198575e-01
 -3.17092700e-01 -7.94831699e-01  8.48102402e-01 -1.46921362e+00
  1.15129458e-02  5.31094556e-01 -1.07601196e+00  8.63941009e-01
  1.90086039e+00 -2.17191512e-01 -8.99329259e-01  1.79227103e+00
 -1.86943543e+00 -9.95295149e-01  7.44162483e-02  6.94661689e-01
 -1.40572865e+00 -1.07095966e+00 -4.74497296e-01  1.92605330e-01
 -2.32669573e+00 -1.13587379e-01 -2.86750046e-01 -4.04467194e-01
 -6.91532151e-01  7.39868045e-01 -5.21649527e-01  1.09248567e+00
 -1.32882035e+00 -8.21494412e-02 -3.95877792e-01  8.05784303e-01
  7.85721048e-01 -2.65914004e+00 -2.53656772e-01 -7.25866181e-01
  4.24992603e-01 -1.97484778e+00 -3.49581653e-01  9.07804427e-01
  1.20563203e-01  6.56284653e-01  1.01309296e-01 -2.15536050e-01
 -3.37229827e-01  3.61015302e-01 -3.26133989e-01 -1.27860244e-01
 -1.68446580e+00  2.51635185e-01  8.62334334e-01  1.82748109e-01
 -4.32390170e-01  1.13172066e+00 -8.86129862e-01  6.84581325e-01
  1.27155426e-01 -2.38253926e-01  1.20286800e+00  7.24881880e-01
  1.72486121e+00  1.50969032e-01 -8.40278459e-01  6.39894508e-01
  7.08968790e-01 -3.67330366e-01 -1.50994946e-01  1.19943054e+00
  6.70922527e-01  5.72061138e-01 -1.35354805e+00 -9.19657670e-01
  1.09481123e+00  2.28440841e-01  6.83555565e-01  9.43482358e-01
 -9.25896493e-01  9.09491715e-01 -1.09433454e+00 -2.78452981e-01
 -3.65864614e-02 -4.09496292e-01 -2.35481502e+00 -1.57922902e+00
 -1.93414170e+00  7.14096028e-01 -1.78660397e+00  6.65008505e-01
 -5.80555823e-01 -5.27760611e-01  7.37745791e-01  7.87566692e-01
  5.70186757e-01 -7.68121184e-01 -3.61475230e-01  1.24633917e-01
  2.35174371e-02 -7.59888181e-01  6.38745971e-01  3.79865529e-01
  1.64626634e+00 -9.71096339e-01 -1.09537331e+00  1.66563365e-01
  6.81246465e-02 -8.51492271e-01  1.42484464e+00 -3.03490533e-02
  4.12298560e-01  5.36868403e-01  3.56559169e-01 -9.92740767e-01
 -1.88937827e+00 -2.29903264e-01  1.77547879e+00 -6.14927524e-01
  1.01032498e-03 -5.48437279e-01 -8.81633448e-01  3.76416654e-01
 -1.13962399e+00  2.48927641e-01  9.98613520e-02  3.59268633e-01
  1.02196827e+00 -1.40670977e+00 -1.99360275e+00  1.49332596e+00
 -2.49852425e-01 -1.39431247e+00  4.87440440e-02  1.51313688e+00
 -2.44409152e-02 -1.84943561e+00  5.15311787e-01 -1.44652304e+00
  5.77167864e-01  6.31380248e-01 -8.93448187e-01 -4.16247074e-01
  9.65080747e-01  2.86744697e-01  3.78588174e-01  5.38008579e-02
  1.98672368e-01 -5.88625191e-01  1.20897100e+00  3.59162639e-01
  5.11401128e-01  3.84947047e-01  1.98596735e+00  1.78510160e+00
  4.14621406e-01  6.84707627e-01 -1.27021206e-01  3.71880725e-01
  6.71287762e-01 -6.52233346e-01  1.30347245e+00  1.95740525e+00
  4.71722811e-01 -5.56728748e-01 -2.48008164e-01  8.59243482e-01
  1.88893638e+00 -1.51813956e-01  3.79531767e-02 -1.62222742e+00
  2.88712911e-01 -3.87214969e-01  7.74612678e-01 -2.61721667e-01
  5.93480388e-01 -1.31978993e+00  1.43293543e+00 -2.12665439e+00
  5.05028489e-01 -1.24017818e+00 -6.99303781e-01 -5.44880287e-01
 -8.18629944e-01 -7.64629405e-01 -1.25312817e+00  1.02267006e+00
 -4.45801238e-01  1.44574947e+00  2.85911572e+00  2.07565193e+00
  4.36530971e-03  2.67515715e+00 -2.56696818e+00  1.36443247e+00
 -2.06278229e-01 -3.08556123e-01  5.67867307e-01  1.03854100e-01
  2.49902334e-01  7.64888927e-02  2.29696644e-01  7.86546982e-01
  3.26932858e-01  6.51756992e-01  1.09731811e+00 -2.53340139e-01
 -1.14214571e-01 -3.02795015e-02  5.38657326e-01  4.71866736e-01
  9.48810679e-01  1.41713770e+00  1.51555899e+00  1.78342889e+00
  1.98271471e-01 -1.06824126e+00 -1.18941505e+00  8.21019782e-01
 -9.34667267e-01 -5.19383344e-03  1.16040699e-01  4.14748540e-01
 -6.08717558e-01  5.20125659e-01 -2.07133781e+00  4.65136633e-01
 -9.59734202e-01 -6.91704031e-01 -3.99899630e-01 -4.54620262e-01
 -9.25762545e-02 -8.45504693e-01  1.48660732e+00 -8.14359210e-01
  1.64827565e+00  5.63060994e-01  3.16958019e-01  5.63162573e-01
 -1.30956907e+00 -4.31682172e-01 -3.15012811e-01  7.90969843e-01
 -1.43841014e+00 -5.34687770e-02  2.21918903e+00  1.59547566e+00
 -2.12227127e-02  4.81592592e-03 -3.76347729e-01  2.41450229e-01
 -2.03659432e-01 -4.12357104e-01  4.24112765e-01 -6.08118621e-01
  4.62172465e-01 -3.91267791e-01  1.08014931e+00 -3.21607709e-01
  1.43051588e-01 -2.70664016e+00 -5.62305677e-02 -1.06484057e+00
 -6.05324462e-01 -9.87859460e-01 -1.89749511e+00 -3.46599599e-01
  2.56983689e-01 -9.92201303e-02 -5.02877667e-01 -1.57956969e+00
 -8.58018626e-01 -1.24226094e-01 -1.13601851e+00 -1.10850010e+00
  2.26212867e-01 -7.94997994e-01 -6.61511564e-01 -1.71053047e+00
 -1.05181754e+00 -1.74216681e+00 -9.57407065e-01 -9.32833516e-01
  5.63380336e-01  1.72981754e+00 -1.33845275e+00  6.70917984e-01
  7.29183739e-01  2.17832508e-02 -1.09085045e-01 -7.90628198e-01
 -5.95246859e-01 -5.00493213e-01 -9.51616418e-01 -7.34446703e-01
 -4.72069580e-01 -1.76428859e-01 -6.46851437e-02  6.52835238e-02
  2.48954635e-01  1.44162645e+00  5.15739849e-01 -8.28886453e-01
  9.36191220e-01  8.32996328e-01  1.22158764e+00  8.23972645e-01
 -1.01785791e-01  6.32445789e-01  1.61429666e-01  2.04333781e-01
 -5.67050237e-01 -1.22158188e+00 -1.99084309e+00  9.72351766e-01
 -5.41997144e-01 -1.30958180e-01 -9.67377322e-01 -8.40280535e-01
  8.96357055e-03  3.09434794e+00  6.68052731e-01  6.64282585e-01
 -1.06066593e+00  9.40378871e-01 -3.65798907e+00 -4.78468484e-01
  3.19910781e+00 -7.73156333e-01 -1.16010157e-01 -1.03071055e+00
 -6.24532295e-01  2.59813446e-01  3.64094619e-01  1.32403910e+00
 -4.50037969e-01  7.27923113e-01 -5.95720708e-01 -2.73364199e-01
 -1.06682397e-01  5.27194640e-01 -1.51354190e+00  7.34902372e-01
  1.85424116e+00 -1.64294491e+00  2.71464597e-01 -1.26139814e+00
 -4.40557108e-01 -5.11304554e-01  7.73102417e-01 -3.18796491e-01
 -8.52422973e-01  7.18911594e-01  1.08052700e+00  9.90725688e-01