-5.05435490e-02 -1.36507351e+00  4.58093144e-02  9.14926365e-02
  2.01763027e+00 -2.50722442e-01 -6.23560801e-02  5.36366725e-01
 -7.16195025e-01 -2.34971717e-01 -2.80879884e-01  4.91270947e-01
  7.22231606e-01  4.97121902e-01 -1.17686283e+00  1.97166766e-01
  5.22506368e-01  8.50550318e-01 -7.08311253e-01  6.14523997e-01
  9.29902859e-01 -7.77514353e-01 -3.50285558e-01 -5.31313582e-01
  4.71116198e-01  1.35982953e+00 -3.15575531e-01 -1.08440993e+00
  5.40116890e-01 -1.36858861e+00 -3.88064734e-01  4.20723831e-02
  4.08022101e-01 -1.73637808e+00 -4.27083598e-01  1.51579350e+00
  3.56618369e-03 -5.57604507e-02  5.86532304e-01 -3.96978433e-01
  6.77346548e-01 -7.63035586e-01  8.66834658e-01  1.95403800e-02
  8.18096279e-01  1.25265636e-01 -4.63756275e-01 -6.13517053e-01
  1.26214576e+00 -1.28824893e+00  3.07075813e-01  7.23535704e-01
 -3.75443099e-01  8.18155585e-01 -2.77152953e-01 -5.05037144e-01
  3.67392568e-01  4.83692695e-01 -7.65023507e-01  1.57101505e+00
 -1.54107205e-01  5.90792593e-01 -1.87896820e+00 -1.36059537e+00
 -1.25963503e-01 -9.14584413e-01 -1.31390379e+00  7.19953565e-02
  1.89761764e+00  1.11246707e+00  1.97232138e-01 -7.59965433e-02
  2.79881104e-01 -9.55045950e-01 -5.13082191e-02  1.64912205e+00
 -1.27695431e+00  3.08746886e-01 -2.84002283e-01 -1.43878838e-01
  5.45230669e-03 -2.53832130e-02  6.14135373e-01 -3.08975281e-01
  4.44127182e-01 -9.02592199e-02  3.51659025e-01  5.60479160e-01
  1.01741064e+00 -8.72052918e-01 -4.03232028e-01 -3.88569446e-01
  2.45153982e-01  2.71021739e-01 -2.33286690e-02 -5.27133397e-01
 -1.09132044e+00 -1.86514919e-02  1.26314466e+00  9.01836552e-01
 -7.50889737e-01  2.65173554e-01 -7.91106130e-02 -1.16670954e-01
  8.76670672e-01 -3.19089001e-01  4.64931880e-01  5.72694316e-01
 -4.76829792e-01  4.40890405e-01  1.87789935e+00  1.33764940e+00
  1.17224324e+00  1.21109700e+00  3.90498274e-02  4.76327868e-01
 -1.98049119e-01 -1.10743620e+00  7.38278906e-01  9.56374505e-01
  1.37287024e+00 -9.73717359e-01  1.16391763e+00 -4.74471631e-02
 -5.76753199e-01 -5.43792057e-01  2.81199662e-01 -3.28702070e-01
  6.80877833e-02 -3.33431788e-01  1.61319726e+00 -2.17580547e-02
 -1.57600774e+00 -1.17740954e+00  1.00586110e+00  9.86726412e-01
  5.90888841e-01 -9.68303875e-01  3.16286545e-01 -1.04783852e+00
  8.65879088e-01 -1.64674387e-01  7.35611400e-02 -3.68843499e-02
 -1.13646053e+00 -3.10025935e+00 -1.11088552e+00  7.32827730e-01
  1.33963437e-01  1.37169609e+00 -4.48830196e-02 -5.14023728e-01
  6.20817168e-01 -8.67303973e-02  7.51435433e-02 -4.96442855e-01
 -1.46046207e+00 -2.41773238e-01  8.07617648e-01  7.71631325e-01
 -1.37987660e+00 -1.78004255e-01  4.51608872e-01 -7.24961512e-01
  7.96948822e-01 -4.91200574e-01  6.07180725e-02 -6.21171457e-01
  3.99878691e-01 -6.91674345e-01  7.25838089e-02 -7.51665787e-01
 -1.34726465e+00 -3.62953273e-01 -5.41054810e-01  1.01633670e+00
  8.89403364e-01 -4.79937903e-01 -1.12059005e+00 -8.41152506e-01
  7.79958947e-01 -1.92768305e+00 -1.75032691e+00  1.82878942e-01
  1.30382308e+00  5.99139335e-01  4.23775767e-01  3.62013889e-01
 -6.90131165e-01  1.95531921e+00  1.98859203e+00  3.15299668e-01
  3.91510794e-01  6.60608540e-02 -1.11419996e+00  1.99261506e-01
  1.21269538e+00 -6.02545103e-02  7.08494143e-01  1.24927701e+00
  3.15894131e-01 -2.75627276e-01  8.52215674e-01 -8.35448011e-01
  2.18769977e+00  8.42754854e-01  1.20538650e+00 -1.86476991e+00
 -9.75257615e-02 -6.27980215e-01  1.48183522e+00  2.85322240e-01
  1.41913161e-01  1.20863814e+00 -3.88361791e-01  1.66080509e+00
  6.29018362e-02  4.35506331e-01 -1.59358815e-01 -2.03336234e+00
 -4.13944600e-02  1.65046349e+00 -2.26139942e-01 -8.24870646e-01
 -2.02183827e+00  3.28031369e-01  4.19034558e-01 -1.28134851e+00
 -1.87087429e+00  3.59344529e-01 -1.66837412e+00 -5.81138825e-01
 -1.46862997e+00 -3.68182510e-01 -2.43543460e+00  3.40159045e-01
  2.21069660e+00  5.42047672e-01 -5.69480368e-01  1.91278299e+00
  5.41052220e-01 -3.10345598e-01 -4.62715386e-01  4.48660262e-01
  3.63255466e-01 -1.25100647e+00  9.66099155e-01  7.72074668e-01
  5.46342609e-01  1.30149085e+00  2.14397824e+00  4.26632804e-01
 -1.09564024e+00 -1.08201011e+00 -3.39243014e-01 -1.68206130e+00
  2.53378769e-01  1.98144439e+00 -1.23984804e+00  1.29209115e+00
  1.23411238e+00 -5.45584637e-01 -1.38232612e+00  9.37442908e-01
 -1.53338597e+00 -1.07983865e+00 -8.30591507e-01  7.64317365e-02
 -5.21155417e-01 -1.39739502e+00 -4.88138800e-01 -6.40525261e-01
 -1.44859871e+00 -4.41148035e-01  1.21024290e+00  8.03325649e-01
 -1.19366754e+00  2.85709925e-01 -5.32630757e-01  2.20455968e+00
  4.62228931e-01 -9.14536149e-01  1.02166224e+00 -8.87435527e-01
  2.62021032e-01 -1.47115069e+00  1.63518670e+00 -6.93266562e-01
  2.49211863e-01 -1.17717889e+00  5.28207146e-01  5.40068134e-01
  7.49139922e-01 -3.61949356e-01  4.15142251e-02  6.21553999e-01
 -7.37497344e-01 -3.07333453e-01 -8.25646833e-01 -1.72056462e+00
  7.39986138e-01  1.65662850e+00  6.75408864e-02 -1.63794783e+00
  7.75771103e-01  1.68817976e-01 -3.24499189e-01  7.24899569e-01
 -5.52186013e-01 -1.16135473e-02 -2.66660130e+00  1.32386256e-01
 -1.05083932e+00  1.40887441e+00 -8.38440587e-01  6.84798900e-02
  1.26944476e-01 -5.72015529e-01 -9.69746964e-01  6.37676269e-01
  1.63511247e+00  5.21679510e-01 -8.82947720e-01 -2.33042120e+00
  1.44664890e-01 -2.93037944e-01 -3.25132628e-01  2.75317041e-01
 -1.40493265e+00  2.41912607e+00  8.65531230e-01 -1.08571636e+00
  1.05121712e-01 -3.37885658e-01  8.70971669e-01  1.26342662e+00
 -9.26364609e-01  1.96188706e+00  2.33724702e-01  3.76232794e-02
  9.51219604e-02 -1.11152524e+00  7.74207197e-01  8.15080562e-01
 -3.56993292e-01  2.67455750e-01 -9.12136556e-01  2.35315542e-01
  4.53973881e-01  1.53393774e+00 -5.73339788e-01 -1.02693633e-01
 -9.96767409e-02 -5.47678745e-01  6.75142235e-02  1.65669031e+00
  4.51418096e-01  5.74934277e-01 -4.35918950e-01 -3.71029164e-01
  5.09075003e-01 -3.31891657e-01 -5.87310128e-01  2.84190460e+00
 -1.37746258e+00 -1.34617454e-01 -6.54230274e-01 -6.23034874e-01
 -1.07062875e+00  1.27276959e+00  5.14790678e-01  5.56412521e-01
  3.03193734e+00  6.86237346e-01  7.14981142e-01  2.46655661e-01
  1.00149635e+00  8.52616213e-01 -1.23429653e+00  8.34471609e-01
  7.46006010e-01  1.59764524e-01  1.00064685e+00  5.25618600e-02
  5.65823205e-01 -2.61895968e-01  4.03635176e-02  6.85251095e-02
  1.08447960e+00  1.07759704e+00 -1.44934545e+00 -7.13208033e-01
 -5.47607230e-01  1.86310036e-01 -3.66123888e-01 -3.51698902e-01
  9.93629576e-02  1.84036082e+00  1.24907262e+00 -3.77571704e-01
 -9.74456781e-01  5.55337190e-01  3.39544650e-01 -1.25963472e+00
  4.17761469e-01 -4.75506570e-01  1.19788276e+00 -1.04098735e+00
  1.34184174e+00 -7.88683800e-02 -1.04590461e+00  1.11135179e+00
 -2.21903409e-01  1.46916611e-01  4.93146204e-01 -2.01376133e-01
  1.13446760e+00  1.07297799e+00 -1.18753644e-01  2.27163784e-01
  1.22787099e+00  1.73000475e-01  1.70478057e-01  5.42682368e-01
 -2.22125759e+00  7.63341957e-01 -4.97084211e-02  8.21174706e-01
 -5.20352182e-01  1.21610868e+00 -2.64438685e-01  1.19570834e+00
 -2.05640446e-01  3.94364399e-02 -1.66095335e+00 -1.71715336e+00
  1.40729669e+00 -1.39790744e-01  1.09890315e-01  1.36668350e+00
 -1.16495010e+00  5.20042144e-01 -9.71929060e-01 -1.10444364e+00
  3.34665265e+00 -6.58312587e-01  9.72140559e-01  1.06988583e+00
 -1.45943764e+00 -1.17809044e+00 -1.02500893e-01 -2.30121370e+00
  1.33851505e+00 -2.53024945e-01 -9.42251861e-01 -1.72646685e-01
  3.30834913e-01 -6.57448757e-01 -4.83780166e-01  2.92988749e-01
 -4.01228357e-01 -4.29374325e-01 -3.41531230e-01  9.86831884e-01
 -7.03062598e-01  1.11368629e+00 -6.52276908e-01  1.63180466e-01
 -1.64214847e+00  5.11793833e-01 -6.04129863e-01  9.66262123e-01
  4.22005155e-02  1.18536673e+00 -1.61290591e+00 -2.70079970e-01
  1.13111789e+00 -5.09445224e-01  2.47652789e-01  6.61464043e-01
  1.58947752e+00  9.14941211e-03 -8.11593226e-01  4.78266640e-01
 -7.24656906e-01  2.43864315e+00 -2.40481028e-03  4.88635815e-01
  4.55792514e-01 -9.08464171e-01 -4.81372866e-01 -8.47874064e-01
 -6.24298444e-01  6.51264056e-01  8.30707027e-01 -1.26582627e-02
  3.12015908e-01 -3.81834551e-01  4.86800980e-01 -1.02084458e+00
  1.02815634e+00  1.01671333e+00 -7.40929384e-01  2.08330413e-01
  8.64440977e-01  5.20413630e-01  1.50151318e+00  4.07399526e-01
 -9.65425765e-01  8.33494310e-01  4.01143494e-02  1.02986572e+00
 -1.68763747e+00  2.58701149e+00  6.41376536e-01 -3.47006286e-01
  9.22230726e-01  3.16622390e+00  1.17413640e+00  7.61789654e-01
 -3.15371727e-01  5.13726697e-01 -1.37944785e+00  3.79124940e-01
  1.18609964e+00  2.06920771e-02 -9.78617527e-01  4.51931335e-01
 -1.43515669e+00  6.91390477e-01  1.22064503e+00 -1.76973106e+00
 -5.12364679e-01 -1.31590048e-01 -1.82889981e+00  1.15930615e+00
 -6.52336676e-01  8.00945597e-01  4.65564015e-01 -5.71674267e-01
  6.41069277e-01 -8.27819566e-01 -1.34496055e+00 -1.34840680e+00
 -1.23300222e+00  1.36769157e+00  7.35794803e-02  1.16138447e+00
 -6.49726366e-01 -1.84924090e-01 -2.69019272e-01 -6.77999920e-01
  1.30860194e-01 -2.01189370e-01 -5.98199697e-01  2.41142011e+00
  2.84994434e-01  9.44897424e-01 -4.76547785e-01 -1.80163738e-01
  3.69818460e-02  1.03612187e+00 -1.23043333e-01 -1.73581900e+00
  1.90346020e-01 -7.11705948e-01 -1.60786421e-01  6.55326715e-01
 -2.02099402e-01  9.75729538e-01  1.40491111e-01 -1.88919851e-01
  9.28571374e-01 -2.21802691e-01 -1.39109314e+00 -9.96185981e-01
 -2.92376026e-02  1.93408808e+00  2.51462347e+00 -4.66665113e-01
 -7.66254571e-01  1.21747381e+00 -6.65989730e-01 -3.47938416e-01
 -8.25005692e-01  4.15682963e-01  3.75955385e-01  1.65094570e+00
  1.09534564e+00 -1.23786489e+00  1.00011380e+00 -7.93864576e-01
  2.50052192e-01  4.61946167e-01 -6.10094392e-01 -1.46643744e+00
 -8.90277374e-01 -4.45744878e-01 -5.17205092e-01 -1.13114375e+00
  4.15586164e-01 -3.92721990e-01 -1.97245229e-02  3.25067224e-03
  1.24294525e+00 -1.44779787e+00  1.02524639e-01  7.28265149e-01
 -3.94342447e-01  1.01299599e+00 -5.91599148e-01 -1.03940282e+00
  9.11465223e-01 -2.42114423e-01  1.17274744e+00 -1.13246999e-01
  5.69160779e-01  1.16533363e+00 -1.32773817e+00 -1.15227078e+00
  1.25014281e+00 -1.69269022e+00 -8.22761473e-01 -1.45381709e+00
  9.36842652e-01  2.84378048e-01  5.73706035e-01  2.18870117e+00
 -2.01033362e-01  9.78357838e-01  9.07868481e-01 -9.62689532e-01
  1.40262760e+00  9.45123183e-01  1.61031782e+00 -5.20206834e-01
 -1.79020593e+00 -1.78370285e+00  1.03141521e+00  1.55458754e+00
  1.62963560e+00  2.13970073e+00  1.04739499e+00 -3.99379067e-01
  1.06408945e-01 -9.04559026e-01  5.52074187e-01  8.25882517e-01
  1.28268118e+00 -6.06047638e-01  3.55820761e-01  6.35886102e-01
 -1.71229756e+00 -5.19378506e-01 -1.49945600e+00  1.21479621e+00
 -1.64714135e+00  6.08779646e-01  8.96428247e-01  1.67831824e+00
  4.52359613e-01 -9.33586044e-01  4.93312338e-01  6.37102467e-01
  1.15298107e-01  6.60518474e-01 -1.16054012e+00  1.01550752e+00
  2.62579780e-01 -5.73858780e-01 -1.06806942e+00 -6.51310928e-01
  1.36913379e+00 -1.09970318e+00  8.49277935e-01  5.29219340e-01
  8.19559714e-01 -6.61240310e-01  8.22068758e-01 -1.57547136e+00
  1.13394470e-01 -2.11699763e+00 -3.56459620e-01  1.38386104e-01
  1.34003558e+00  1.93939795e+00  1.94808298e-01  1.27298042e+00
  1.71968752e+00 -6.57858025e-01 -1.97108965e+00  2.04295936e-01
  7.57075187e-02 -9.28724536e-01 -3.23430193e-01  1.40473087e+00
  1.38414823e+00  7.22293385e-01 -1.35338452e-01 -2.97275585e-01
 -1.11140817e-01 -1.22743810e-01 -5.93172339e-01 -1.28878389e+00
  7.68814611e-02 -1.50305839e+00 -9.90986142e-02 -7.70488680e-01
  9.09404206e-01  1.63275213e+00 -8.63836559e-01  4.72951707e-01
 -1.11089917e+00 -1.04165401e+00  2.95831021e-01 -4.51869841e-01
 -1.38667714e-01  1.87222374e+00  9.29893290e-01  9.98024522e-01
  4.92641911e-01  6.76753685e-01 -1.61726690e-01 -4.31357995e-01
 -2.09620105e+00 -1.41859557e-01  2.10915994e-01  6.54207909e-01
 -1.43660880e+00 -1.22298605e+00  9.07065033e-01 -1.50780021e+00
  1.34573336e-01  1.23503614e+00 -4.18180412e-01  1.64507663e+00
  7.01871488e-01 -5.17037937e-01 -5.93617755e-02  1.17574932e+00
  6.65557606e-01 -3.70545092e-01  1.29683773e-01  1.31424909e-01
 -4.11364100e-01  2.17413546e+00  2.03580861e+00  1.96798303e+00
  5.23891277e-01  1.57756689e+00  8.66475949e-01 -1.33566594e+00
  1.49670710e-01  5.00391003e-01 -1.24923875e+00 -4.43287582e-01
  2.35106020e-01 -2.20527663e+00  1.51462350e+00  4.91664588e-01
  1.02957934e+00 -7.15823402e-01  1.09317531e+00 -2.55291116e-01
 -3.46715654e-01  2.91135159e-01 -8.00830868e-02  2.22637424e-01
  1.69649084e+00  1.13284633e+00 -2.09885085e+00  1.03892159e+00
  1.41848498e+00 -1.95760362e-01  6.81461578e-01 -2.93000799e-02
  1.06742094e-01 -5.35580357e-01  1.42714396e+00  5.53826522e-01
 -3.41339644e-01  2.24337298e-01 -2.74793335e-01 -2.80390993e-01
  3.14548045e-01  5.01938702e-01  2.86576786e-01  1.86696565e+00
 -8.68582776e-01  7.24553844e-01  8.68736829e-01  4.95071988e-02
  1.66616415e+00 -9.46532366e-02 -1.88270976e-01 -1.58240271e+00
  5.35453301e-01 -5.03262973e-01  2.60091850e+00  3.05124072e-01
 -5.60547689e-01  1.15750451e+00  6.52628153e-01 -1.40217370e+00
  1.05004240e+00  1.48221876e+00 -2.40311066e-01  1.90553418e+00
  1.03066794e+00 -5.12179568e-01  5.59127995e-01  1.28865901e+00
  5.12520297e-01  6.01801021e-01 -5.89609171e-01 -1.66475328e+00
  1.35234726e+00 -1.20779481e+00  1.20971260e+00 -8.30360813e-01
 -1.19477238e+00  1.74453902e+00 -9.51278176e-01 -6.42642829e-02
  1.23373084e+00  4.71849894e-01  1.11746765e+00  8.29817453e-01
  9.63787860e-01 -2.53142133e-01 -1.44013511e+00 -1.42735183e+00
 -1.26519907e+00  7.56189402e-02  1.27999421e+00 -5.07139225e-01
 -7.59726696e-01 -1.16786405e+00 -1.12956800e+00  1.08082856e-01
  5.76378110e-01 -6.26424175e-01 -3.52974450e-01 -2.25937041e-01
  9.03802992e-02  5.73117031e-01  9.09953968e-01  7.33293396e-01
 -1.80447085e-01  1.25685281e+00 -1.29122201e-03 -1.49621985e-01
 -2.40075898e+00 -1.27649483e+00 -1.40204495e-01  5.57854653e-01
  2.45644326e+00  2.41133611e-01 -1.05438537e-01  5.20385940e-01
  6.20142429e-01  3.15419785e-02 -1.48776245e-01 -2.50747991e-01
 -6.05532984e-01 -1.40990116e+00 -6.24116782e-01  7.57393366e-01
  4.43494131e-01  1.37941712e+00 -8.28017715e-02 -6.98577680e-01
 -4.54786209e-01 -1.62644130e+00  3.63473008e-01  2.34545868e+00
  1.17375611e+00 -3.51920899e-01  1.19579888e+00  1.49929914e+00
  1.01045974e+00 -6.96508754e-01 -1.26878182e+00  1.11363646e+00
 -1.29452065e+00 -1.50055228e+00 -1.51390757e+00 -8.50982641e-01
 -7.16797802e-01  1.32925181e+00 -5.41692868e-01  3.66349106e-01
 -6.29465380e-01  6.79233799e-01  4.56717003e-01  1.67397212e-01
  8.77783277e-01 -2.50463665e+00  3.69889390e-01  6.10379727e-01
 -1.37832422e-02  5.32955751e-01  1.19975713e+00  4.87299124e-02
 -9.12709569e-02  7.57490287e-01  1.76150352e+00 -8.11731831e-01
 -7.38042163e-01  1.74904269e+00  1.20564637e-01  6.63030464e-01
  4.94390888e-01 -1.19079899e-01  3.93008028e-01  1.05271966e+00
  1.35901794e+00  3.22763411e-01 -1.87851336e-01 -1.04870562e+00
 -1.05835106e-01  1.09291187e+00 -1.25499776e+00 -6.16568893e-01
 -1.40406105e+00 -3.02188258e-01 -1.72436374e+00  2.07716499e+00
  4.36326466e-01  7.09369991e-01 -6.79914572e-01  6.94418848e-01
 -5.13026802e-01  5.39930861e-01 -4.69645035e-01  4.98017515e-01
 -5.78679247e-01 -7.70728645e-01  6.39831947e-01  1.31877403e-01
 -5.08717566e-01 -1.33183052e-01 -2.49629256e-01  4.80112327e-01
 -8.88665861e-01  1.49692270e+00 -1.47270657e+00  1.17069722e+00
  1.06833161e+00  9.96975654e-01  4.29253932e-01 -9.88591958e-02
 -1.24361837e+00  1.33164258e+00  1.03246850e+00 -9.86392224e-01
 -4.08290694e-01 -8.01981048e-01 -4.77315002e-03 -1.57039958e+00
  3.08682629e-01 -1.89742387e-01 -9.87047850e-01 -1.99745402e-01
  3.59392725e-01  1.17576106e+00 -4.19954826e-01  9.38564865e-01
 -1.39678677e+00  8.88271670e-02 -5.34190165e-01  5.25173303e-04
  5.30995449e-01  7.20624186e-01  5.87596067e-01  1.46966964e+00
  3.18620997e-01 -1.44675296e-01 -1.13803887e+00 -4.79548120e-01
  2.05409028e-02 -1.99106103e+00 -2.44125326e-01 -3.81441002e-01
  5.92329201e-01 -2.48743770e-01 -5.11689552e-02 -1.02453073e+00
  1.91624643e+00  1.33788468e+00  1.84794981e+00 -8.05657142e-01
 -3.60308609e-01  2.31259864e-01  1.91516889e+00 -3.07353558e-01
 -1.17455584e+00  9.76828375e-01  1.13380990e+00  1.39954792e+00