 1.83674012e+00 -3.28688412e-01 -6.77982414e-01  8.88013652e-01
 -4.46440265e-01 -7.66700494e-01  9.93814947e-01  1.37094916e+00
 -1.73194591e+00  2.30496475e+00  5.33260712e-01 -8.04077696e-01
  2.23739475e+00  6.49696693e-01 -1.19961717e+00  2.32346715e-01
 -1.87171222e-02 -2.42322014e+00 -1.24051292e+00  1.38711187e+00
  1.34963422e+00 -1.45925800e+00  1.45153404e+00 -2.26187450e+00
 -9.19600704e-01 -1.54505387e+00  7.36317763e-01 -2.82449504e-01
 -9.59439830e-01  7.42999327e-02 -1.60289798e-01  1.40478056e+00
  1.37324435e+00  1.13006373e+00 -1.46952577e+00 -6.78773718e-01
  1.44530012e+00 -1.25955530e+00  6.16225963e-01  6.68589050e-01
  6.50835119e-01  5.37956024e-01  1.00644467e+00  1.70878739e-01
  8.37371430e-01  1.05005234e+00  1.50664162e+00 -1.25148865e+00
 -1.02944201e+00 -4.57045032e-01 -3.53753900e-01  3.20989298e-02
 -7.44994036e-01 -1.81469858e-01  2.93542632e-01  2.30355152e-01
 -1.82407842e+00 -1.04771283e+00 -5.74633255e-01  6.30977357e-01
 -1.73161576e+00  2.70543301e+00 -1.37132335e-01 -5.57135000e-01
 -1.07227090e+00 -3.23769150e-01  3.12512444e-02 -5.25896734e-03
 -1.83150346e+00 -3.84111452e-01  3.47151861e-01  4.35721267e-02
 -6.45977822e-01 -1.23373028e+00  7.35885519e-01 -4.15175144e-02
  3.88747636e-02  3.32264759e-01 -6.38091842e-01  1.92405021e-01
  1.02921338e+00 -7.31025267e-01  3.49938775e-01  1.36935146e+00
 -3.99816360e-01  8.71493431e-02 -1.90969324e+00  1.17171575e+00
  3.36799872e-01 -8.53683214e-01 -2.65246953e-01 -6.97837513e-01
  9.20034367e-01 -9.58086403e-01 -1.82511715e+00 -3.73046949e-01
  6.99570562e-01 -4.75289552e-01  2.57442447e-01  8.42027235e-01
 -7.95048621e-01 -2.36637803e+00  1.03529546e+00  8.12583439e-01
 -1.44052565e+00  9.67929769e-01  4.18776096e-01  2.15737333e+00
  1.21775699e+00  1.56936804e-02  1.15619425e-01  1.17092529e+00
 -1.19873732e+00 -4.69613550e-02 -6.00273922e-02 -1.56038785e+00
 -1.22208475e+00 -6.67953699e-01  1.11871014e+00  4.35709084e-01
  4.51872773e-01  7.46662265e-01  8.09934118e-01  7.28592599e-02
 -5.19858019e-01 -1.09019597e-01 -8.23016782e-01 -5.66859737e-01
  2.73554468e-01 -6.01215544e-01  5.64418773e-01 -1.59787337e+00
  4.74128765e-01  5.71982006e-01  2.57214301e-01 -7.51709634e-01
  6.67327529e-01  1.69008052e-01  3.26575226e-01 -5.97866540e-02
  2.18270070e+00  4.22634814e-02  4.25258557e-01  1.36227835e+00
 -3.52622779e-01  7.72699213e-02 -7.48368137e-01  1.44572889e+00
 -3.08765111e+00 -8.10644837e-02  1.19904458e+00 -6.78279629e-01
  7.88895945e-01  1.36411122e+00  3.22622052e-01  1.36926760e+00
  1.40597445e-01  1.75148316e+00 -5.61679706e-01  1.02706050e+00
  1.28083778e+00 -3.04281052e-01 -4.05820086e-01 -1.40440625e+00
  1.98565897e-01  5.53721181e-01  1.90921929e+00  1.05973347e-01
 -1.35526813e+00  4.07708233e-01  4.64124737e-01 -7.52274741e-01
  1.24532198e+00  1.26260683e+00  1.77751173e-01  4.90895558e-01
  1.62728969e+00 -2.22165565e+00 -8.54688991e-01  2.50895429e+00
 -1.12447562e+00 -1.49551108e-01 -1.46471654e-01 -9.47811508e-01
 -1.00712799e+00  3.69408561e-01  2.05158376e-01 -5.85866621e-01
  7.14026012e-02  1.41914588e+00  1.53287957e+00  6.96230451e-01
  5.45468654e-01 -5.82560245e-01  9.76736730e-01 -1.24315675e+00
 -7.13795897e-01 -5.58903378e-01  6.27916681e-01  1.51812510e+00
  3.94089860e-02 -1.57511876e+00  4.77589308e-01 -4.65539192e-01
  6.38685728e-01  9.59553871e-03 -8.59258142e-01  9.64008123e-01
  1.23843975e+00 -8.60645681e-01  6.66792108e-01  1.96614072e+00
  1.95895323e+00  6.64569243e-01  8.63266411e-01  9.75315380e-01
 -2.44044754e-01  7.60419147e-02 -3.61260189e-01  2.66699759e-01
  4.87833374e-01 -3.87761663e-01  3.62572341e-01 -1.02576963e+00
  9.99858241e-02  1.90704476e-01 -8.45851165e-01  1.59505025e+00
  1.19464739e+00 -1.79272270e-01 -4.22359074e-01 -1.40384266e+00
  5.55765213e-01 -8.44989387e-01  1.16768498e+00  2.48130350e-01
 -1.34746932e+00  2.22712637e+00 -5.60624017e-03 -6.52078162e-01
  8.59285944e-01  9.06800095e-01 -1.56225154e+00 -1.19869770e+00
  6.71287920e-01  1.88605627e-01 -4.58840505e-01 -1.13896145e+00
 -1.92754871e+00 -7.78732339e-01  5.01743919e-01  5.35781199e-01
  5.74369407e-01  1.34502071e+00  3.14643571e+00  1.73899809e+00
  4.85953163e-01 -4.16236093e-01  2.17170369e+00  8.28738391e-01
  9.22829499e-01  6.31640112e-01  1.19395422e+00 -1.28239641e-01
  1.39591577e+00 -1.13316774e+00  1.90387418e-01 -2.41523404e-01
 -5.90788938e-01  5.30533829e-01  5.48492411e-01  7.50104865e-01
  1.34489233e+00 -1.19932258e+00 -4.94510041e-01 -8.37570558e-02
 -1.22393192e+00 -1.54667183e+00  1.38426157e+00  4.82621250e-01
  4.66131097e-01 -1.88324079e-01  1.00261524e+00  1.30057062e+00
 -1.11076580e+00  8.96219555e-01  2.64083546e-01 -1.09332857e-02
 -1.93776451e+00 -5.75875527e-01 -1.18592270e+00  3.34539669e-01
 -6.05813287e-02  5.23089956e-03  1.74536106e-01  5.42132697e-01
 -5.02721583e-01 -2.99138141e-01  2.11126245e+00 -1.62565840e+00
  2.44642557e+00 -1.65230331e+00 -8.32615294e-01 -5.98905106e-01
 -1.42545327e+00  1.80511818e-02 -1.41384903e+00  1.63683677e+00
 -5.37198527e-01  1.71562399e+00  9.31895012e-02 -2.22361298e-01
  7.57847882e-02  9.56095366e-01 -1.07517262e-01  3.99898806e-01
  7.18573827e-01 -3.99400585e-01 -8.06014588e-01  5.74700689e-01
 -1.38990276e+00  5.35129843e-02 -1.37042342e+00 -1.10695390e-02
  5.55858041e-01 -1.57681356e+00 -2.80898907e-02 -8.35958541e-01
  1.52655371e+00 -9.18540528e-01  1.46358243e+00 -1.59543065e+00
 -1.16575012e+00 -1.04444252e+00  7.22714932e-01 -1.66200217e+00
 -6.05598797e-01 -1.09776506e+00 -1.91053218e-01 -3.81108497e-01
 -2.62498011e-02  1.53936364e+00 -2.33351335e-01  2.84648284e-01
  8.95536419e-01  5.85289353e-01 -4.04395015e-01  8.06626653e-01
 -9.41506354e-01  9.69415630e-01  4.96928092e-02  3.71443043e-01
  4.51000937e-01 -1.88704213e+00  3.64346291e-01  5.62339433e-01
  1.16849122e+00  2.76675153e-01 -8.67639005e-01 -7.33600165e-01
  1.02651085e+00  1.74655205e+00 -7.71371890e-01 -4.16000915e-01
  1.75610138e+00  7.09241985e-02 -1.58069701e+00 -7.84277534e-01
  2.70796089e+00  1.73816551e+00 -6.69563508e-01 -8.60301474e-01
  6.79009242e-01  1.13916960e+00  2.16454853e+00 -1.03879552e+00
 -2.30677708e-01  2.06926050e-02 -1.04856505e-01 -4.01147053e-01
 -9.12009748e-01 -4.48321118e-01  3.09977257e-01  1.11342930e+00
 -4.67973185e-01 -1.35225513e-01  3.47503557e+00 -6.87284386e-02
  7.49400047e-01 -5.28472993e-01  1.50415402e+00 -1.07558518e-02
  1.78386024e+00 -5.40769628e-01 -7.37439487e-01  6.11682001e-01
  1.17249626e+00  3.73178128e-01 -1.42889845e+00 -6.27731697e-01
  9.60496010e-01 -3.55403567e-01 -9.63103024e-01  5.01949836e-01
  1.05267400e-01  1.28599706e-01 -1.06746335e+00 -3.09796634e-01
  1.05889689e+00  4.61810525e-01 -1.05463423e+00 -1.02488969e+00
 -1.03368307e+00 -1.08748946e+00  7.90466552e-01 -6.37059195e-01
  6.56344037e-01  1.47931103e-01 -9.18124994e-01 -6.62080976e-01
 -1.15900008e+00 -8.79915487e-01  7.33669562e-01  1.98318462e-01
 -1.20756390e+00 -1.40085683e+00 -1.64449798e+00 -2.86191171e+00
  1.65538645e+00  8.88798046e-01  1.64173865e+00  1.07815591e+00
 -1.93630264e-01  3.53095822e-01 -1.67269727e+00  1.49255935e+00
  4.68984648e-02 -1.97020918e-01 -1.85886363e-01  6.57512675e-01
  4.89628101e-01  1.73272822e-01  1.35215296e+00 -1.24323765e+00
 -1.48719700e+00 -1.09581112e+00  9.14634677e-01  3.91144028e-01
 -3.96287924e-01 -8.27279152e-02 -4.97448390e-01  1.55173873e+00
 -7.52503406e-01  3.72086554e-01 -1.09374225e+00  1.81956808e+00
  1.32056435e-01 -7.25715528e-01 -9.08872197e-01  3.41189464e+00
  2.40034242e-01  2.58420727e+00  1.59075304e+00 -6.32697077e-01
 -8.14338226e-01 -8.97419376e-01  1.76036809e+00  5.09215846e-02
  1.75295570e-01 -1.84147340e-01 -4.56420916e-01  1.15696763e+00
 -1.13349146e+00  4.13504830e-01  1.46162958e+00 -2.83340438e-01
  9.70740900e-02 -3.20145640e-01 -1.35305697e+00 -1.64643578e+00
  9.17230537e-02 -8.29662451e-01 -4.78658188e-01  4.40845140e-02
 -1.05219879e+00  2.09894277e+00  1.57137614e+00  2.08538108e-01
 -1.57647465e+00 -5.92309829e-01 -1.99633654e+00  7.16460920e-01
 -4.32381703e-01 -5.54793503e-01  6.88011554e-01 -4.07115138e-01
  3.16998713e-01  2.11837411e-01  1.64369702e-01  1.77237248e+00
  8.04256676e-01 -2.15633890e+00  3.33703869e-01  8.40660643e-01
  1.78389189e+00  4.05552164e-01 -2.18883597e-01  3.98339890e-01
 -6.65661902e-01 -1.70390084e-01  1.21356874e-01 -1.14591096e+00
  8.79504460e-01 -1.65801363e+00  7.48510057e-01  2.43239772e+00
 -1.42599695e+00 -2.00850884e+00 -6.76117295e-01  1.19891009e+00
 -7.02240069e-01 -1.80135698e-01 -1.29780033e-01 -5.66032096e-01
  7.64459326e-01 -7.13712330e-01 -2.98870928e-01  6.16747702e-01
 -9.10008583e-01  2.03946680e+00 -6.69993109e-01 -2.82376272e-01
 -1.63006918e+00  1.16593385e+00  3.17738165e-01  4.72231428e-01
 -5.82724932e-01  5.80301556e-02 -4.90473717e-01 -1.28378496e+00
 -2.24943542e-01  1.20121769e-02 -1.38853768e+00  1.23603206e+00
 -1.35538995e+00  2.40407129e+00 -1.80083142e+00 -3.53633774e-01
  6.12680077e-01  7.70632241e-01  1.08971865e+00  1.21191654e+00
  5.62316714e-01 -7.18997746e-01 -3.13424748e-01  2.37236826e-01
 -3.42694887e-03  1.44618093e-01  1.19765090e+00 -1.46891788e-01
 -1.46500385e+00 -1.28776831e+00 -7.15063155e-02  4.69495019e-01
 -2.18592320e+00 -3.29990254e-01 -9.68452599e-01 -2.47253248e+00
 -4.29657800e-01 -5.85637359e-01  2.92759549e-02 -1.33341891e+00
  2.04174670e+00 -1.54400180e+00 -2.98039318e-01  1.19216755e+00
 -9.28335196e-01  1.29986352e-01 -1.63980828e-01  1.50024978e+00
 -1.47702831e+00 -1.20855977e+00 -5.76329969e-03 -3.14690427e-02
  1.10170489e-01 -4.59394868e-01  6.30276787e-01  2.05160187e-01
 -2.88388702e+00  1.51582784e+00  7.55531509e-01  8.40158136e-01
 -1.62065783e+00  1.10993844e+00 -7.41150281e-01 -7.08445835e-01
  3.19521371e+00 -2.86652130e-01  2.29488001e-01 -5.29058356e-01
 -1.22153858e+00 -7.85925902e-01 -6.81700753e-01  1.61455344e-01
  8.20865574e-01  8.60231995e-01 -8.47557976e-01  1.25878749e+00
  6.05464374e-01 -4.67057923e-01 -1.18012856e+00 -4.22239628e-01
 -1.12249460e+00 -2.05145777e+00  2.50567778e-02  6.10906517e-01
 -1.42780936e+00 -1.06126572e-01  8.19437100e-01  1.66096817e-01
  1.87349728e+00 -5.41220815e-01 -3.43478916e-01 -1.20055014e+00
  4.81309133e-01 -5.69774024e-01  1.40195760e+00 -2.00110307e+00
 -2.05090849e+00 -1.32700320e+00  5.94627655e-01  2.08498551e+00
  4.68950733e-01  5.67925174e-01  2.49550029e+00 -4.53743022e-02
  7.36551461e-01 -5.06495389e-02  3.62356963e-01  8.61484473e-01
 -2.87573998e-01  7.09312040e-01 -1.68593914e+00  3.44183479e-01
  1.14258097e+00  6.87870084e-02 -8.82224483e-01 -6.20162283e-01
  1.03363931e+00  1.09354462e+00  7.61074367e-01  4.21624013e-01
 -1.37116110e+00  3.90400390e-01  6.11765836e-01 -1.46037425e+00
 -6.38531964e-01 -4.88164504e-01 -2.00225081e-01  1.18643069e+00
 -1.98832803e-01 -1.01444715e-01  8.18177077e-01  1.48840694e+00
 -5.61944625e-01  6.49803750e-02 -8.35241191e-01 -6.44457224e-01
 -1.41271644e+00 -7.60552958e-01  4.47870119e-01  7.63302817e-01
 -1.05406987e+00 -1.56861251e+00  1.05646944e+00  1.58387632e+00
 -1.33464217e+00  6.46528954e-01 -4.38452044e-01 -1.82140940e+00
  1.25878183e-01  6.81756027e-01 -7.13035592e-01  7.76027065e-01
 -3.53877401e-01 -9.14018047e-01 -2.57887884e-01  1.19883449e+00
  1.30622800e+00 -6.89691452e-01  1.11146419e+00 -7.73507947e-01
 -2.01591555e+00 -2.61496168e+00 -2.87717283e-02  4.47996799e-01
  1.06334617e+00  6.44329868e-02  1.72568915e+00 -8.14512092e-01
 -1.58220734e+00 -1.43564079e+00 -4.98344238e-01 -1.18423462e+00
 -4.90884882e-01  2.07566357e+00  4.23677465e-01  3.34583409e-01
 -2.99835980e-01  1.20112533e+00 -4.20841026e-01  4.51508935e-01
  3.75383166e-01 -1.22932880e-01  1.10070404e+00 -5.47233517e-01
 -2.95892645e-01  1.61601803e+00  9.10383130e-01 -7.08103625e-02
  1.36418007e-01 -2.34340633e-01  4.16887855e-01 -1.46608328e+00
 -1.13508221e+00  1.17090992e+00  3.81017873e-01 -6.50321806e-02
 -2.17721268e+00 -6.14283570e-02  1.26676064e+00 -1.25519162e-01
  2.41805704e-01 -1.89284989e+00  7.42791288e-01  1.14961683e+00
  4.26983415e-01  1.80267470e-01 -6.73473861e-01 -6.98638183e-01
  1.44262529e+00  1.04861852e+00  7.38921944e-01 -8.78377326e-02
  3.71227474e-01 -9.96274162e-02  1.14902496e+00  1.33336913e+00
  5.09355043e-01 -1.26868630e+00  5.24969907e-01 -8.39708845e-01
  1.30900539e+00  1.21943716e-01  1.51677152e+00  1.23725485e+00
  2.21247030e-01  9.97968073e-01 -9.51542950e-02 -2.47246460e+00
 -1.71210446e-01  3.09523765e-01 -5.10251033e-01 -5.28532822e-01
 -4.68960152e-01 -6.80387504e-01 -1.71498668e+00 -1.43179510e+00
  7.45336543e-01 -1.17273900e-01 -1.89955099e-01  4.26811033e-01
  6.09787389e-01  8.04208278e-01  1.08203837e+00  4.87770328e-01
  1.47552730e+00 -2.75388439e-01 -1.13345173e+00  5.25629141e-01
  2.02090876e+00  5.72987135e-01  1.10071325e+00  2.46627326e-01
  1.29252689e+00 -1.20237240e+00  5.64027464e-01 -7.50386838e-01
  2.19802538e-01 -1.46560375e+00  2.55085047e-01 -3.84598052e-01
 -1.38379969e+00  7.94002942e-01  1.03262999e-01 -6.97839351e-01
  1.74675560e+00 -9.00670922e-01  8.57252064e-01 -5.40824310e-01
 -4.01030769e-01 -1.12254721e+00 -5.54897906e-02 -4.08184972e-02
 -1.14364468e+00 -5.23983802e-01 -1.37814280e+00  2.64421107e-01
  9.01123139e-02  4.25016838e-01 -1.07344835e+00 -1.81259576e+00
  3.77870534e-01 -1.05474325e-01  8.21285683e-01  8.29536282e-02
 -9.26223886e-01  1.49652987e+00 -1.54178556e+00  1.61645597e+00
 -6.00848266e-02  6.30061161e-01 -1.70975161e-01 -9.51396519e-01
 -1.41528343e+00  1.14622671e+00  6.53304202e-01  2.89289010e-01
  1.46588437e-01  1.70587376e+00  2.51669802e+00  7.39644179e-01
 -6.26547041e-01 -1.65327954e+00  3.82669197e-01 -2.87833059e-01
  1.27258906e-01  2.01834885e+00  1.92993506e+00  5.66044437e-01
 -1.33546614e+00 -1.92845528e-01 -7.46018968e-01 -2.38817994e+00
 -2.20107740e-01  1.11763596e+00  5.57788477e-02  6.94630218e-01
  3.57640597e-01  2.21627383e+00 -1.43870051e+00  1.82878680e+00
 -8.31789392e-01  1.41929225e+00 -4.98382690e-02 -3.26838936e-01
 -3.33797664e-01 -2.24396200e-01 -1.06673503e+00  2.34364239e-02
 -1.15646435e+00 -3.38339296e+00 -2.30020476e+00 -7.00055454e-01
 -8.95313271e-01 -4.99026400e-02 -2.68057339e-01 -8.15824814e-01
  6.18493218e-01 -2.95936355e-01  1.95866368e-01 -1.35382933e+00
 -1.46578742e+00 -1.06758073e+00  1.24872446e+00 -8.20050738e-01
  1.07017964e+00 -1.63811435e+00  2.60759197e-01 -6.95132439e-01
 -1.01677568e+00 -2.00303929e+00  8.84921459e-01 -1.05327412e+00
  6.02304168e-01 -1.51558662e+00  1.33836819e+00  1.38446617e+00
 -1.02616387e+00 -5.06926063e-01  5.06945527e-01 -5.03539625e-02
  7.95184961e-01  2.66366851e-01 -1.46532411e-01 -4.39160242e-01
  6.02744318e-01 -8.24186422e-02  1.92513006e-01  8.77035599e-01
 -1.16301637e-01  1.97717012e+00  2.98631368e+00  6.19667852e-02
 -8.15219562e-01 -2.86533935e-01 -1.66206538e+00  2.95076928e-01
  2.38350334e-01 -1.82338024e+00 -6.00308578e-02  7.55945755e-01
 -1.83987768e-01 -9.52364563e-01 -4.38111821e-01 -1.03454886e+00
 -2.10238995e+00 -4.99173630e-01  1.33272138e+00  3.24924936e+00
 -1.82716022e-02  5.35555110e-01 -9.88148282e-01 -1.43691613e+00
 -5.11028690e-01 -5.50712783e-01 -8.23957540e-01 -3.82631597e-01
  4.23542725e-01 -5.41228501e-01 -8.51975580e-01 -5.15809282e-01
 -6.61211851e-01  1.93639267e+00 -3.47135470e-01  1.29927181e+00
  4.39963659e-01 -2.00413724e+00  1.25341194e+00  3.24957354e-01
 -5.94928399e-02  5.91615933e-01  7.21866874e-03  2.07128404e-01
 -3.84526999e-01 -1.55866370e+00 -7.59150463e-01 -5.28150260e-02
  1.51533867e+00 -1.32772438e+00  5.86120528e-01 -1.39299770e-01
  7.42014295e-01 -9.15173293e-01  1.14736630e+00 -8.67483437e-01
 -1.19642589e+00 -2.86879014e-01 -6.54197828e-01  2.05231605e-01
  6.40541554e-01  1.22788147e-01  5.33137144e-01  2.83810031e-01
  1.14872219e+00  1.02948019e+00  8.09631691e-01 -9.50023471e-01
  9.88091992e-01  1.16741577e+00  7.40466268e-01  2.34741339e+00
 -1.84306661e-01 -9.49977374e-01  6.94632317e-01  1.27507141e+00
  2.55286565e-01  2.11274620e+00  1.37096038e+00 -1.25324095e+00
 -3.53450746e-01  8.43792443e-01  1.03480706e+00 -6.38240981e-01
 -1.47249341e+00  7.10374325e-01 -1.96747183e+00  9.58540956e-02
  8.53651193e-01  4.60896280e-01  1.96908371e-01  9.57380472e-01
 -4.40139228e-02 -5.30256779e-01 -5.60880322e-01  4.12977611e-01
 -4.88682718e-01 -1.25000365e-01 -1.03518500e+00  9.27337620e-02