-2.94890159e-01  3.15852447e-01  1.96124239e+00 -8.35033126e-01
 -1.03448152e+00  4.69991464e-01  1.61338587e+00  5.23256624e-01
 -3.72738283e-01 -6.33636891e-01  6.75083503e-01  4.59889523e-01
  9.79208626e-01 -5.43249753e-01 -1.96535476e+00 -1.33019250e+00
  8.87813917e-01  6.51701735e-01  7.38895814e-01 -8.37317593e-01
  9.46394967e-01  6.75934100e-01  8.15377046e-01 -3.68295706e-01
 -6.45050446e-01 -2.23262284e+00 -6.37145080e-01  1.71218075e+00
  2.10405553e+00 -1.61151565e+00 -1.22786006e+00  1.22597042e-01
  7.66724955e-01  5.00264918e-01  2.61073924e-01 -8.58836786e-01
  1.11776359e+00 -1.05681182e+00 -1.55200185e+00 -1.38647383e+00
  9.03514369e-01  8.20699494e-03 -8.89291347e-01 -8.15491251e-01
 -6.13517578e-01  1.04300700e+00  4.02317484e-01  5.38489202e-01
  9.71902692e-01 -7.22446635e-01  1.31588128e+00  1.60285723e-01
  5.44562445e-01 -7.29082261e-01 -4.56931576e-01  6.44662702e-01
  7.66835566e-02 -1.32653209e+00 -2.48080970e-01 -3.56705570e-02
  7.71241437e-01  5.25820266e-01 -3.02671523e-01 -1.00138183e+00
 -4.97614156e-01 -9.30050186e-01  4.59633255e-01 -5.70550983e-01
 -1.54328429e+00 -7.44570995e-01  4.65280204e-01 -2.23930271e-01
 -1.40710586e-01 -1.04590035e-01  8.13647121e-01  1.33089417e-01
 -1.01969658e-01 -4.69559025e-01  1.48054622e+00  1.07115144e-01
 -1.82056198e+00  3.76645794e-01 -1.28520413e-01  6.09032573e-01
  9.67955948e-01 -9.06339789e-01 -3.68197344e-01  1.88311305e-01
  7.11847501e-01 -1.28293215e+00  1.20555300e+00 -1.25125858e+00
 -5.23442216e-01  1.62386470e+00 -1.23701324e+00 -8.84767833e-01
  5.11538259e-01 -2.06075145e+00 -4.74628740e-01 -9.71333331e-01
 -1.08910421e+00 -1.17869141e-01  7.45392778e-02  1.58538381e+00
  1.95107150e+00 -8.32143784e-01  8.77887909e-01  2.42145827e-01
 -3.30682386e-01  2.02993003e+00 -8.92766314e-01 -5.19688636e-01
  4.02705563e-01  1.03504106e-01  8.40830897e-01  1.15745907e+00
  7.68699101e-01  9.70743744e-01 -5.08152732e-01 -1.62697601e-01
 -3.92283217e-02  7.64183433e-01 -1.87578938e-01 -8.59569546e-01
  1.17505600e-01 -4.72480996e-01  4.54242342e-01  1.95429432e+00
 -1.70040631e-01  1.29921169e+00  3.44124446e-01  9.23272898e-01
  1.67121649e+00 -1.15161800e-01  6.56402554e-01  1.03638680e+00
  1.76472811e+00 -1.14157939e+00 -1.19221414e+00  7.30077472e-01
  3.75952625e-01 -3.11513764e-02 -1.54594629e+00  1.09822240e+00
  1.45778147e+00  3.95862310e-01  1.54207122e+00 -5.94164669e-01
  8.87313913e-01 -2.09195534e+00  1.06217961e+00 -5.28252668e-01
 -3.22309246e-01  1.05108093e+00 -1.63813906e+00  8.94684726e-01
 -1.86855827e+00 -1.11948038e-01  7.33747533e-02  6.62800141e-02
  2.01809689e-02 -6.27794342e-01 -1.61842808e+00 -1.48940705e+00
  2.34921036e+00  4.32901695e-02 -7.70852470e-01 -1.16186968e+00
  8.54326076e-01 -9.77967359e-01  4.88942916e-01  6.73148533e-01
 -2.66370383e-02  1.57547209e-01 -1.37721649e+00 -1.69785050e-01
  1.40738250e-02 -1.63726609e+00 -1.56037010e-01  5.90240041e-01
 -1.47097121e-01  4.45128966e-01  1.47469465e+00 -1.00389838e+00
 -1.29599450e+00  4.15499703e-01  3.01696961e-01  6.97571474e-01
 -6.31370394e-01  1.72799966e-01  1.27151349e+00 -5.35662793e-01
 -3.96745356e-03  1.39882493e+00 -7.63742272e-02 -1.00634962e+00
  1.03580936e+00  1.38586122e+00 -8.30113917e-01  8.96964323e-01
  1.33031290e+00 -4.77175217e-01 -4.59582678e-01 -2.31242066e-02
  7.77341378e-01  2.34823764e+00 -6.93535302e-01  2.96789823e-01
 -1.62219161e+00  2.68514820e-02 -3.76317393e-01  2.90884983e-02
  2.86715108e-01  7.21523797e-01  1.52867390e+00  4.93132435e-01
 -4.55891480e-02  1.57587355e-01 -8.06829794e-01  9.77933051e-01
  1.18742130e+00  5.38349229e-02  1.72722618e+00  8.18792035e-01
  4.18159197e-02 -1.34721960e+00 -1.77612647e+00 -5.37801056e-01
 -6.27569536e-01 -1.30225672e+00 -1.08363912e+00  1.17440762e+00
  1.22522556e+00 -6.16840345e-01  1.30390529e+00 -1.86917157e-01
 -7.17521306e-01 -1.47177466e-01 -9.01235588e-01  1.32421295e-01
 -6.79601517e-01  4.13480089e-01 -3.07104673e-01  9.39234577e-01
 -9.74313312e-01 -9.80160183e-02  1.37259870e+00 -1.48485276e+00
 -5.38446474e-01 -6.95164401e-01 -2.00070969e-01  1.04531366e+00
 -6.33164429e-02  4.68039760e-01  1.59172474e+00 -3.02057152e-01
  1.52878248e+00 -1.27200458e+00  1.14225029e+00 -2.52564730e+00
 -2.86613866e-01 -2.22294273e+00  4.79453536e-01  1.72881080e+00
  2.93960429e-01  2.29340399e+00  8.00079391e-01 -1.12031211e+00
  6.90982021e-01  1.72731283e+00  1.13385658e+00 -8.88735228e-01
 -8.97739163e-01  1.21496583e-01  6.75208269e-01 -1.35843030e+00
 -1.32260559e+00 -1.46291903e+00  6.76920037e-01 -1.17199876e-01
  9.27001398e-02  7.04960753e-01 -4.79052771e-01  1.92644193e+00
 -1.24280328e+00 -1.37981740e+00 -5.74652898e-01  7.60045396e-01
  8.35550986e-01  8.69757184e-01 -2.25347712e+00 -1.19842542e+00
  3.35926416e-01 -2.32635319e-01  1.95239486e-01 -1.25613324e-01
  7.44057836e-01 -8.16965644e-01 -9.83540572e-01  2.31520023e-02
 -2.39296467e-01 -1.25955550e+00 -5.45077230e-01  6.27280039e-01
  2.26822318e+00 -2.43991951e-01 -8.32023952e-01 -7.60403080e-01
  1.50600789e+00  5.11352797e-03  8.41564588e-01  8.40540554e-01
  1.15007324e+00  9.14766574e-01  9.23431806e-01 -1.11006407e+00
  5.96777729e-01 -6.58908056e-01 -1.05518157e+00  5.16544435e-01
  2.91211787e-01 -8.48340648e-01  2.11409511e-01  1.03843552e+00
  2.45887922e+00 -2.57881975e-01  3.60897686e-01 -1.05174109e+00
 -4.08042680e-01  7.19875919e-01 -3.43855838e-01 -1.30189042e+00
  1.29806506e+00 -5.02890056e-02 -3.45976229e-01 -1.54121968e+00
  1.14171905e-01 -3.49483774e-02  1.37431120e+00 -7.03614221e-01
 -1.24369637e-01  2.96983458e-02  3.36561675e-01  1.71808423e+00
 -9.96079990e-01  9.74931208e-01  8.95396249e-01 -4.93624430e-01
 -9.52657204e-01 -8.75027450e-02  5.28896175e-01 -5.67025534e-01
  2.83380006e-02  3.65524653e-01 -1.54725789e+00  5.52374966e-01
 -2.21051105e-01  9.55909600e-01  8.67936009e-01 -9.65602964e-01
 -7.25817054e-01  5.06947150e-01 -1.01890572e+00  1.65497801e+00
 -2.59815814e-01  4.02796197e-02  1.04688430e+00  4.20246537e-01
  1.81361841e-01  1.71870273e-01  7.81680536e-01  1.33779776e+00
  1.55324737e-01  9.89030831e-01 -2.14125209e-01 -5.40381717e-01
  7.92539317e-02  1.06825906e+00  1.36164520e-02 -8.58868694e-02
 -4.74523028e-01 -1.06912851e-01 -7.87960196e-01 -2.26529574e+00
 -1.50482591e+00  5.35299762e-01 -1.14610327e+00  1.32254882e+00
  1.37208938e+00  6.96879077e-01  1.51208303e+00  6.45136866e-01
 -7.96738704e-01  1.45143389e+00 -8.91029513e-02 -5.80796245e-01
 -1.55822771e+00 -5.05434548e-02 -2.68696190e-01 -6.37625827e-01
 -1.19416893e-01  2.38806607e+00 -1.69902083e+00  7.78115567e-01
 -2.32171902e-01 -1.13791484e-01 -6.92013294e-01  3.12611346e-01
 -1.18778650e+00  1.40771781e+00  2.70134322e-01  5.38401321e-01
  1.44739454e+00 -1.29683355e-02 -6.89163467e-01 -2.93090910e-01
 -4.79637390e-01  6.65344560e-01  1.15408059e+00 -1.70041003e+00
  1.37636040e+00 -5.41321448e-01 -1.69595461e+00 -7.96031267e-01
 -1.28346693e+00 -1.31313695e+00  5.84825840e-01 -2.00945983e-01
 -5.76415396e-01 -1.23592351e-01  8.13330181e-01 -1.19745967e+00
 -6.10760766e-01  1.00345316e+00 -1.45627435e+00 -1.50214336e+00
 -4.41817327e-01  3.08351355e-01 -1.55950592e+00 -9.00813594e-01
  1.69791839e+00  8.53635560e-01  1.53420431e+00 -5.64611354e-01
 -1.09213369e+00 -3.00906603e-01  1.00274608e-01 -7.79912667e-01
  6.75409268e-01 -4.96268921e-01 -5.84469808e-01  1.11177555e+00
 -8.03256564e-01 -1.19417927e+00 -6.13866601e-01  3.40665999e-01
  1.59207916e+00  6.20987934e-02  1.05141526e+00  9.98446527e-01
 -6.07781189e-01 -3.82004033e-01 -1.13991677e+00  8.58085258e-01
 -1.50168289e-01 -4.32877060e-01 -8.00827875e-01  2.89785596e-01
 -2.03436094e-01 -9.10212982e-01 -3.73650636e-01  1.03168952e-01
 -1.02711761e+00  3.07919232e-01 -1.95831687e-01  4.40305897e-01
 -1.26497624e+00  1.95656834e+00  3.86987106e-01 -2.56609713e-01
 -1.86401361e+00 -2.47628182e-01 -1.03850268e+00  4.10116718e-01
  2.15147334e+00  5.25484446e-01  3.53997994e-01  7.09156987e-01
 -9.13027177e-01 -8.30785823e-01  4.52535937e-01  8.73027071e-01
  1.02452409e+00  1.31766619e+00  1.40586788e-01  6.51691984e-01
  5.82520581e-01 -7.40627895e-01 -6.88630351e-01 -2.45864655e-02
  3.18586859e-01 -1.46476963e-01 -1.21983992e+00  4.63834768e-01
  1.39627763e-01  1.06403704e+00  5.72297281e-01  5.88593942e-01
 -1.24398106e-01  4.64676070e-01  3.00460057e-01  5.01766863e-01
  6.00261034e-02 -1.41031327e+00  1.44788587e+00 -1.50403579e+00
  2.09569671e+00 -1.61413362e+00 -5.96376773e-01 -1.49788360e+00
  5.45020688e-03  4.56793975e-01  1.45843098e+00 -3.36952853e-01
  2.72014575e-01  1.54291197e+00 -3.01269862e-01  5.64040517e-01
  9.05695879e-02  8.63509862e-01 -1.08482422e-01  1.15956345e+00
  1.94672012e-01  6.31756049e-01 -1.08782870e+00 -1.27840265e+00
  4.27661449e-02 -5.10083860e-01 -1.03312466e+00  1.43301857e+00
  1.74370227e+00 -3.35499309e-01  2.17419075e+00 -4.97240026e-01
  4.73442257e-01  1.61196367e+00  8.05391323e-01 -1.84060314e+00
 -2.35062613e-01 -1.07333472e-01  5.94015429e-01  1.48280457e+00
 -1.41341181e+00  1.00083887e+00  6.65792106e-01  2.04337240e-01
 -1.04260682e-01  1.13454062e+00 -1.83041521e-01 -9.26404983e-02
 -3.50145069e-01  1.44764012e+00  1.01512410e+00  2.78608794e-01
 -1.54611911e-01 -5.45164623e-01 -3.12119505e-01  1.59453473e+00
 -4.65080841e-01 -1.57151829e-01 -6.67917353e-01 -3.23711390e-01
 -9.70579905e-01  3.57191546e-01  1.03527981e+00 -5.06728646e-01
  1.50267670e-02  1.64663180e+00  5.58040682e-01 -5.30154767e-01
 -5.18193501e-01 -9.95277798e-02 -7.17545842e-02 -5.16378355e-02
  1.12479471e-01  6.02319531e-01  2.33245323e+00  1.87508238e+00
 -1.16044393e+00 -4.79028660e-02  3.61029452e-01  3.26983425e-01
  1.41205509e+00  5.13068867e-01  5.64018350e-01  2.74786763e-01
  2.01969139e+00  5.81254800e-01 -1.20712447e-01 -6.86728807e-02
 -3.89666869e-01  1.12883317e-01  9.60419284e-01  9.45236682e-02
 -1.10282798e+00 -1.45796562e+00 -2.16952475e+00  3.15035202e-01
 -3.77711799e-02 -5.22031007e-01  1.30849555e+00  8.13017237e-02
 -5.30183820e-01 -8.26724464e-01  5.75936532e-01  3.16116192e-01
 -5.21823228e-01 -3.25607474e-01  1.25027086e-01 -1.66363754e+00
 -4.79162726e-01 -3.24515366e-01 -8.42501820e-01  5.03058993e-01
  1.15124161e-01  6.84014879e-01 -3.06207205e-01 -4.66606365e-01
  1.02417439e+00 -8.65429323e-02 -1.39988092e-01  9.89844811e-01
 -1.37389044e+00  8.24624983e-01 -3.03090867e-01 -7.88642719e-01
  1.20333892e+00  1.23955646e+00  1.78857123e+00  3.60934559e-01
 -1.63316164e-01  5.58104944e-01  2.75125681e-01 -6.13082555e-01
 -1.20834869e-01  6.99859917e-01 -5.92459655e-01  1.79769321e+00
  1.98302431e+00  8.58686064e-01  1.00919523e+00 -1.27087790e+00
 -2.04600451e-01  1.84513011e-01 -1.18388671e+00 -2.86659653e-02
  5.28630587e-01 -5.03143808e-01  7.15896053e-01 -1.61392799e+00
  1.16648205e+00  2.55172173e-01  2.06534800e+00  2.72843993e-02
  3.75204157e-01  1.05511822e+00  1.26484411e+00  2.69373056e-01
 -9.86460327e-01 -5.69351831e-01 -7.99938821e-01  4.26494667e-01
 -6.69876852e-01 -1.24716213e+00 -3.88766684e-01  2.92039180e-01
  1.38005821e+00 -5.73341886e-01  1.91616185e+00  3.01630230e+00
  2.08641532e-01  8.99496889e-01  1.56724545e+00 -7.39997232e-01
  5.99556020e-01 -6.25167530e-01  3.13490476e-01 -2.95195316e-01
  6.21554389e-01  1.70217973e+00  7.24468092e-01 -5.01879321e-01
  6.32461344e-02 -1.40350668e+00 -5.57127826e-01 -2.19522403e-01
  1.60113155e-02  1.36532909e+00  1.09010066e+00  1.74766849e+00
  1.16726267e+00  5.83946088e-01 -1.27073873e+00  1.01667839e+00
 -1.22842051e-01 -7.50056238e-01  8.56485391e-02 -2.50597350e-01
  1.20826894e+00  7.72941284e-01  1.79016483e-02  1.45890178e-01
 -1.38988073e+00  2.02421490e-01 -7.88318234e-01  4.14352961e-01
  5.65742793e-01  1.22364887e+00  1.08361948e+00  2.45173596e-01
  3.03056103e-01  9.94366014e-02 -1.32432370e+00 -2.37609859e-01
 -5.80103480e-01  2.66504907e-01  5.71926567e-02  1.56971462e+00
 -1.65611843e+00  9.25073918e-02 -2.94352919e-01  1.08298350e+00
  4.51597478e-02 -1.09065939e+00 -1.57301467e+00  1.38488601e-01
 -4.54723718e-02  5.68726067e-01 -1.01054675e+00  1.13350634e+00
  1.33409557e-01 -1.09173103e+00  7.29539863e-01 -3.18693880e-01
 -1.73267131e-01 -2.51361922e+00 -8.35731045e-01 -1.74262199e-01
 -1.09212076e+00  4.89038298e-01  2.04072848e+00 -1.15990842e-01
 -1.91303050e+00 -5.19415977e-01  2.20893449e-01 -1.05291544e+00
  1.25709057e+00  6.48766052e-01 -3.69178496e+00  6.91987771e-01
 -1.25274502e+00 -5.68935079e-01 -3.67216518e-01  1.75829826e+00
  2.38662332e+00  1.77370696e-02 -1.22805241e+00  1.24929528e+00
  5.22621419e-01 -1.08516827e+00  3.25445978e-01  4.13055419e-01
  1.53785004e-01 -8.19963701e-01  9.85997611e-01  1.48350886e+00
 -1.59283548e-01  7.61730802e-01 -6.21429756e-01  6.00677642e-02
 -1.46247640e+00 -4.18769295e-01 -9.21735512e-01  8.59407621e-02
  1.14530096e+00 -9.61028854e-01  8.18265245e-01 -2.06527230e-01
  4.04196262e-01 -1.08593879e+00 -5.60815017e-01  5.65122893e-01
 -1.04999015e+00 -2.03679093e+00 -1.74843760e-01  1.12606380e+00
 -6.08989831e-01  4.98843649e-02  5.11187823e-02  1.16766615e+00
 -5.26552473e-01  1.22859444e+00  1.23635406e+00 -7.50477748e-01
 -1.14022800e+00 -5.55902442e-01 -1.54755093e+00 -8.19614632e-02
  5.93071047e-01  2.38327637e+00 -8.37757894e-01 -8.45011809e-01
 -1.03129446e+00  2.22101943e+00 -6.22414088e-01 -9.25750218e-01
 -8.71393007e-01  1.00546440e+00 -8.98560187e-01 -9.52994623e-01
  7.15441389e-01  1.47406249e+00 -1.27090466e+00  1.00080531e+00
 -1.63048368e+00 -2.28747709e-02  1.52934759e+00 -4.80989489e-01
 -7.80946301e-01  1.71772519e+00 -1.50551860e+00 -1.95338937e+00
 -1.37499280e+00  1.25855034e+00  9.69784453e-02 -1.19012287e+00
  8.81794914e-01 -1.97903701e+00  3.80954837e-01  2.95674062e-01
  6.36615286e-01  1.30282871e+00 -1.96585886e-01  5.96029213e-01
 -9.46134760e-01  5.74062160e-01 -6.65918454e-01  2.23329307e-01
  1.13359017e+00 -2.55346453e-01  6.58149052e-01 -5.72313888e-01
 -3.73693941e-01 -7.02589547e-02 -2.48384761e-02 -1.00781788e+00
 -1.91764138e-01 -1.79877479e-01 -1.74717667e-01  3.45437156e-01
  4.29429225e-01 -1.05562949e+00  4.39173195e-01 -2.10533423e-01
  2.82277706e-01 -1.11966707e+00  1.87575680e-01  2.27090340e-01
 -1.99690926e-01  1.73878471e-01  1.98732901e-01 -1.54733184e+00
 -6.59846918e-01 -1.50340140e+00  9.01446784e-02 -4.48484110e-01
 -1.93478476e-02  1.14322464e+00 -1.77734487e-01 -7.82745548e-01
 -5.15971627e-01  1.03341922e+00 -3.74368069e-01 -3.55394049e+00
 -5.95398007e-01  2.11393992e-01 -3.74200902e-01  9.40081185e-01
  2.49218163e-01  1.09787897e+00 -1.17631198e+00  7.98881136e-02
  7.51155215e-01 -1.47374524e+00  5.27344733e-01 -3.03255846e-01
  1.04755784e+00 -1.39682410e+00  1.64233949e-01  7.00243617e-01
 -1.23225411e+00  1.20251245e+00  8.79998713e-01  2.73538350e-01
  8.62408880e-01  7.51320677e-01  2.29774746e+00  2.08987670e-01
  3.62125979e-01 -7.29918412e-01 -2.07388110e+00  4.88831108e-01
  7.82650215e-03 -8.48941150e-01 -1.88708709e-01  2.43698999e+00
 -3.16569470e-01  1.72595140e-01 -1.07686683e+00 -1.91616290e+00
  1.23124570e-01 -1.63706809e+00  1.93845350e-01 -2.13496078e+00
  9.71014588e-01 -6.35589410e-01 -8.73022075e-01 -1.43785906e+00
  9.69750748e-01 -9.13422358e-01 -1.81317471e+00  2.91478327e-01
  8.46740965e-01 -8.91950513e-01  5.10443374e-01 -9.61937646e-01
  4.92832661e-01  9.49975133e-01 -7.98079252e-01 -1.60456274e+00
 -9.25636932e-01 -8.07671855e-01  3.55322660e-01 -4.42020431e-03
  1.88378915e+00 -1.75376563e+00  7.17777547e-01 -1.80552459e+00
  7.70767368e-01 -2.86071506e-01  3.68116111e-01  9.78186657e-02
 -6.71924632e-01  6.36675606e-01  3.79301509e-01  7.48906522e-01
 -2.63301105e-01  7.35811008e-01 -4.06845864e-01 -6.94179200e-02
  1.48995613e+00 -1.68314931e+00  2.31566911e+00 -1.82743031e+00
  1.16011408e+00 -4.54311022e-01 -1.66712851e+00 -1.44664945e-01
  9.94389015e-01  1.41201120e+00 -2.42809962e-03 -1.02017101e+00
 -1.54952362e+00 -1.23114716e+00 -1.46314750e-01  2.07548809e-01
 -1.77349568e+00  2.05629855e-02 -7.13872032e-02 -7.37224984e-01
 -8.95216598e-01  1.60245075e-01 -1.46671994e-01 -5.71740107e-01
 -9.73237181e-01  3.10475233e-01  6.67432275e-01 -1.52616206e+00
 -1.31151711e+00 -7.13409828e-01 -2.54802323e-01 -1.34130829e-01
 -5.11540623e-01 -1.06229845e+00 -2.55158386e+00 -7.99360688e-01
  4.28924720e-02  1.38246845e+00  9.15814512e-01  8.43150846e-03