 1.56724730e+00 -4.22122795e-01  1.58729599e+00  2.10362828e+00
 -5.23275457e-01 -4.06605213e-01 -1.45080745e+00  1.53195051e+00
 -1.46441580e+00 -1.42731353e-01 -5.81362249e-01  8.34081495e-01
  4.57045641e-01 -4.84632091e-01 -8.98110102e-01  5.29728780e-01
  6.75575891e-01 -3.98359331e-01  5.09930731e-01 -6.76584979e-01
 -7.82385538e-01 -1.72032271e+00  3.45254303e-03  6.70597940e-02
 -1.10399177e-01 -1.01858700e+00 -9.50316512e-01  2.29229153e+00
  1.27102926e-01 -2.88738771e-01 -9.17277459e-01  6.25016812e-01
  7.20058230e-01  1.94371917e-01 -6.30075049e-02  6.66397861e-01
  2.59936538e-01  1.66715809e+00 -1.16816085e+00  1.34269136e+00
  6.32593891e-02 -1.15292027e+00 -7.34081236e-01  1.21107552e+00
  4.77746774e-01  3.37379005e-01 -1.51204265e+00  1.44516032e+00
 -9.09287649e-02  1.52187171e+00 -6.02073929e-01  1.20922894e+00
  2.99334406e-02  7.49507819e-01 -3.99310018e-01  1.21996616e+00
  2.14824840e+00 -2.90111268e-01  1.36058100e+00 -1.14460054e+00
 -1.36927301e+00  6.68046026e-01  3.92409505e-02 -1.96227083e+00
  3.74566854e+00 -5.40263506e-01  2.39526204e+00 -2.47017806e-01
 -1.21115810e+00 -5.40709194e-02 -1.08202527e+00 -1.67308643e-01
  1.71072610e+00 -3.55358172e-01  7.02873439e-01  1.61189340e+00
 -2.31970328e+00 -1.04137331e+00  2.12217653e+00  2.58118794e-01
  6.83503495e-01  1.42085290e-01 -1.15294006e-01  1.59479057e+00
  3.60049892e-01 -2.24815387e-01  1.72840033e+00 -2.33255230e+00
  7.28623972e-01 -4.25319731e-01 -1.95555842e-01 -1.77051028e-01
  7.23264485e-01 -1.58276554e-01  2.81390426e+00 -6.10053222e-01
  1.03756709e+00  8.73855477e-01 -6.22484845e-01  1.14484327e+00
 -1.22496099e+00 -3.29017656e-01 -1.94344811e-01  1.34410178e+00
  2.69061654e-01 -1.97006707e+00  1.53030059e+00  8.56791344e-01
  4.55111453e-02 -3.58922236e-01  4.95284578e-01  1.58143805e+00
  1.22590487e+00 -4.90209861e-01 -9.71589619e-01 -7.19194472e-01
 -6.82382998e-01 -8.73701096e-01 -2.61828645e+00 -1.10274995e+00
  9.98982051e-01  1.95412775e-01  2.14271789e-01  2.72054556e-03
 -1.09880478e+00  7.38132161e-01  1.30580300e+00 -5.89208112e-01
 -3.45236230e-01  2.25242272e+00 -6.19073139e-02  7.70343939e-01
 -8.20609629e-01  6.29700719e-01 -2.28603886e-01 -9.03629430e-01
  1.59163668e+00  5.72697175e-01  3.99005412e-01  2.57961425e-01
 -2.61882780e+00  3.80247496e-01 -9.79868590e-02 -1.27376914e+00
 -6.03999303e-01 -1.56364630e+00  2.98196590e-01  3.19990296e-01
 -2.40506372e+00 -2.57612124e-01 -1.03652054e+00  2.07299183e-01
  1.88467293e+00 -3.16319676e-01 -1.16734205e+00  2.24405122e-01
  5.18499689e-01  8.64049955e-01  1.17878342e+00 -2.01676496e-01
  1.78862869e+00 -6.95552808e-01 -5.63442405e-01  5.52195897e-01
  4.54875296e-01 -1.76813427e-01 -1.49207494e+00 -6.10170808e-01
  2.41838707e-01  4.56331622e-01  1.52370352e+00 -1.42568941e+00
  1.77162374e+00  6.17761477e-01  7.32718749e-02 -6.40705074e-02
 -2.15595999e+00  6.88061413e-01  7.49147780e-01  7.68410270e-01
  2.32139737e-01  1.26581936e+00  2.64539427e-01  4.52142329e-01
  1.16882853e+00  3.90530949e-01 -1.00149025e+00 -1.20068833e+00
  1.44947836e+00  1.01299502e-01  5.62992153e-01 -6.11784728e-01
 -3.51020093e-01 -8.41078952e-01  1.46511086e+00 -5.03427114e-01
  7.77903646e-01  2.23429799e-02 -5.24854156e-01 -1.11912454e+00
 -1.37919552e+00 -2.41729110e-01 -1.62296977e-02  4.08967174e-01
  3.72170849e-01  1.83352046e-01 -2.84267751e+00 -6.43928528e-01
  1.43139532e+00  2.42671965e-01  8.43836324e-02 -1.76700356e-01
  1.34475619e+00  2.68925721e-01  1.21306267e+00  6.13879246e-02
 -6.58668120e-01  7.51781233e-01 -8.31166311e-01  6.58159556e-01
 -4.44400821e-01  1.26765062e+00  3.57290477e-01  7.52554302e-01
  1.84003036e+00  3.02321941e-01  5.28244508e-01  2.47824521e+00
 -7.61489280e-01  6.01636076e-01  6.13928763e-01  7.91025139e-01
  1.41533609e-01  8.04206293e-02 -2.16595014e-01  6.55025525e-01
 -8.93837315e-01 -3.87033088e-01 -4.18171925e-01  1.10216661e+00
  7.97516022e-01  1.25147970e-01  3.39619994e-01 -1.97184727e+00
 -2.61241146e-01 -6.38123836e-01 -6.27239055e-01 -1.30160283e-01
  8.02310168e-01  1.38637877e-01  7.94829012e-01  7.10963630e-02
 -1.09092816e+00  1.33969217e-01  1.82132601e-01  3.04661873e+00
 -1.74808004e+00 -1.00475201e+00 -1.29713264e+00  2.04191322e+00
  2.14393183e-01  5.04645522e-01 -7.42529023e-01  1.55796074e-01
  1.42458202e+00 -1.09432863e+00 -9.47652775e-01  1.27514473e+00
 -4.30875428e-01  1.01295721e+00  3.54388204e-01  1.33614470e+00
 -4.72689402e-01  2.03543197e+00  2.22079592e+00 -4.37528436e-01
 -1.70959652e+00  1.91440241e+00  4.80669777e-02  2.56507741e-01
 -2.44694953e-01  1.29757170e+00  7.48076108e-02 -3.74706579e-01
  2.17268436e+00 -6.06127258e-01 -1.21282033e+00  9.37495792e-01
  8.07317702e-01 -1.10342523e+00 -1.77286984e+00  1.47575370e-01
  2.12875750e-01 -1.33049284e+00  1.28509445e+00 -3.53700868e-01
 -1.08012455e-01 -3.16415428e-01  2.18289106e-01  6.94466374e-01
  1.75602123e-01 -1.85942514e+00 -6.47115092e-01 -2.31192923e-01
 -4.02030839e-02  1.41312543e+00  4.37987182e-01 -5.53390242e-01
 -1.46425285e+00 -1.25707098e-02  1.08299956e+00  1.82636862e+00
  1.08827186e+00 -2.81415299e-01 -2.81502067e-01 -7.09180017e-01
  1.23257861e+00 -9.79657614e-02 -8.02891857e-01  9.25779172e-01
  1.96360753e-02 -3.43486042e-01  2.00892638e+00 -1.09683913e+00
 -1.34589243e+00 -1.00271413e+00  1.81059225e-02 -2.49808439e-01
 -1.09608922e+00 -3.89283915e-01  2.20872329e+00 -6.35954881e-02
 -1.09463095e-01  1.02586444e+00  1.59868013e+00  1.08579983e+00
 -6.57335073e-01  5.24555091e-02  4.66099146e-01  1.19742700e-01
 -2.74429837e-01  9.52006888e-01  1.66842364e+00 -8.67770818e-01
 -7.06069658e-01 -9.69922788e-01  9.75738218e-01  1.24387720e+00
 -8.34699178e-01 -1.62412290e-01 -7.73005132e-01  1.65741966e+00
 -5.46016569e-01 -3.65755655e-01  7.72274149e-01 -4.21610614e-01
 -7.99020221e-02 -9.15593264e-01  1.60507160e+00  1.37204148e+00
  3.83813678e-01 -5.88894718e-01  5.06417202e-01  8.07353744e-01
  7.66237839e-02  1.01072111e+00  1.81048531e+00  3.33211857e-01
 -7.28071909e-01 -8.47048365e-02 -1.32665134e+00 -7.39165701e-01
  1.40477111e+00 -9.14742072e-01 -2.23859099e+00  1.07644020e+00
  1.04465948e+00  5.24923404e-01  3.73685163e-01 -7.75936278e-01
 -1.50652083e-01 -5.38602259e-01 -1.18913778e+00 -3.96111870e-01
 -8.50914908e-01 -7.87223592e-01 -1.10871730e+00 -7.05866358e-01
 -2.37063010e+00  5.60101105e-01 -1.04148003e+00  5.38089522e-01
  1.60699275e+00  1.15770219e+00  7.60528391e-01 -2.16732356e+00
 -2.14542182e-01 -1.62450752e+00  6.49468930e-01 -3.69312046e-01
  2.81740460e+00  9.04438548e-01 -7.41828713e-01 -5.27880260e-01
 -3.35323581e-01 -7.78203745e-01 -9.18211335e-01  5.65488980e-01
  1.23289789e-01 -1.09640548e+00  1.10412564e+00  1.21517730e-01
  2.10751031e+00  9.50123861e-01  5.58347822e-01  6.17204923e-01
  1.10203687e+00 -1.68107338e-02  8.51136073e-02  4.71537664e-01
  2.95863779e-01 -1.12343426e+00 -9.61802509e-02  1.58427687e-01
  1.72934325e+00 -1.76915472e+00  1.94098936e+00  1.96436832e+00
  2.34181090e-01 -2.88757972e-01 -8.15575755e-01  6.97133563e-01
  9.32220768e-01  2.21704140e-01  4.41334432e-04 -1.46923170e+00
 -1.10442585e-01 -3.14670692e-02  7.45087794e-01  6.88984462e-02
  5.75596636e-01 -9.77123754e-02  1.41367176e+00  7.41135420e-02
 -1.12399405e-01  1.49183739e+00 -6.63347630e-02  1.31855613e-01
 -3.58748801e-01 -1.09075486e+00  4.99445088e-01 -3.69762361e-01
 -1.85161679e-02 -1.09790799e+00  1.25207579e+00  5.82033226e-02
 -1.87361551e+00 -3.60680457e-02  6.06547940e-01 -1.70342634e+00
 -9.11527952e-01 -2.32918547e-01 -2.01117044e+00 -1.50648528e+00
  1.54762489e+00  6.67902330e-01  2.91381755e-01  5.40801031e-02
  1.63446675e-01 -2.33469853e-01  5.18626638e-01 -1.35110152e+00
 -1.31580134e-01  7.10423172e-01 -2.39260879e-01 -1.17325326e+00
  6.18321807e-01  5.76971446e-01  1.70393219e+00 -5.07842692e-01
  5.36042641e-01 -2.02993607e-02  1.15066100e-02  1.30613572e-01
 -3.93025396e+00  4.12126379e-01 -2.97570084e-01 -3.41105382e-01
 -6.21992358e-01  4.47662303e-02 -1.13637121e+00  4.24747693e-01
 -1.08516272e-01 -3.87421307e-01 -2.31471617e-01 -5.28364105e-01
  9.46100838e-01 -1.58541159e+00  1.39903854e-01 -7.73135399e-01
 -9.35615984e-01 -3.13226866e-01 -1.64280256e+00  2.99856195e-01
  7.94339047e-01  8.45691962e-01 -3.23265586e-01  7.25316919e-01
  1.17170664e+00 -1.25494116e+00  5.82877588e-01  1.91216606e-01
 -1.04261559e+00 -8.35914411e-01 -3.32905450e-01 -7.02310202e-02
 -3.29392785e-01  9.05544104e-01 -4.35792918e-01 -7.37953358e-01
  7.23072485e-02 -1.85557353e-01  5.40153505e-01 -8.57067003e-01
 -1.58961197e+00 -8.21346058e-01 -2.23115339e-01  1.36301483e+00
  1.12439856e+00 -9.78051057e-01 -1.33351314e+00 -5.55075150e-01
 -2.33917493e+00  1.17047872e+00 -4.19937731e-01  1.51963744e+00
 -6.54343037e-01 -1.42367452e+00 -6.46104322e-01 -8.28545897e-01
 -3.09872234e-01  1.33981135e+00  8.52720143e-01  4.25778496e-01
  6.66189942e-03  8.17728393e-01  2.41340160e+00 -5.12743350e-01
 -8.37974992e-01  1.12554988e+00  5.62193493e-01  1.11677958e+00
  1.77645464e+00  1.93347674e-01 -4.96615837e-01 -4.85570867e-02
 -1.39677276e+00 -2.46818450e-01  8.20449011e-01  8.45334200e-01
  1.06068953e+00  5.20132422e-01  4.20377693e-01  9.84282693e-02
 -5.23892348e-01 -5.23116899e-01  2.96179231e-01  4.87148679e-01
  1.43364053e-01 -1.72822321e+00  9.50003565e-01  2.96817688e+00
  1.44573570e-01  9.28597222e-01  1.48611286e+00  9.37573020e-01
  8.28995296e-01  4.92969945e-01  1.77572460e+00  2.18497253e-02
 -3.67342067e-01  1.68648021e-01 -3.48239854e-02 -3.62515558e-01
 -6.79306518e-01  7.43066360e-01 -9.43509352e-01 -1.23635674e+00
  1.24225506e+00  7.69851635e-01 -5.08830334e-01 -1.50422532e+00
 -8.81164544e-01  1.31293797e+00  1.50695756e+00 -1.81845045e+00
  1.00241059e+00  6.83715945e-01  1.06379892e+00  1.98379486e+00
  1.12374218e+00 -1.20824777e+00 -8.13169736e-01 -7.97467290e-01
  6.76990636e-01 -1.61171035e+00 -4.30378105e-01 -5.30886000e-01
  3.69530659e-01 -3.27109292e-01 -7.21224621e-01 -6.25242438e-01
 -2.80033418e-01 -1.99591167e+00 -6.87878174e-01  1.05378036e+00
 -4.21778094e-01 -4.88613594e-01 -1.38986468e-01  1.40247461e-01
  1.09022752e+00 -1.10730959e+00  3.64157827e-01 -3.01438018e+00
 -3.07581776e-01  8.37455605e-01 -5.76386508e-01 -1.00901326e+00
  1.42384720e+00  1.80836362e+00 -5.42604534e-01 -7.45736577e-01
  1.35632582e+00  2.10169480e+00  1.32653887e-01 -8.66395586e-01
  2.15595875e+00 -7.56450085e-01 -1.21973498e+00 -1.38030936e-01
 -2.76729170e-01 -1.85331275e+00 -2.02290125e+00  1.64550658e+00
 -6.34845125e-01  1.09166146e+00  1.34416697e+00 -9.26812644e-02
  1.14470011e+00 -5.70560247e-01  9.54268182e-01  1.20198240e+00
 -1.35329403e-01 -2.94781885e-01 -1.40547342e+00  1.53353542e+00
 -6.31091363e-02 -2.03318203e-01  6.66876637e-01  1.75162753e+00
  4.21455710e-01  1.76701497e+00 -2.37441528e-01 -4.01413536e-01
 -2.83259569e-01  2.26931239e-01 -2.00360882e+00  2.26244995e-02
 -7.69928235e-02  1.51134633e+00 -1.92032441e-01  5.76132552e-01
 -8.09216328e-01 -9.60329564e-01  5.82881163e-01 -3.13540315e-01
 -8.41834180e-01  1.79700464e+00 -6.36023515e-01 -4.29149737e-02
 -1.03578932e-01 -1.72204781e+00 -9.57581973e-01 -8.03776995e-01
  1.66133324e-01  3.80173149e-01 -9.83713661e-01 -9.62845968e-01
 -2.76702822e-01  1.43011319e-01  2.31474852e+00  1.11772698e+00
 -1.13221076e+00 -1.54895390e+00 -1.11694039e+00  5.59940082e-01
  1.49250796e-01  1.41065069e+00 -3.57595763e-01 -5.45894625e-01
  7.60025221e-02  3.65379503e-01 -1.08095728e+00 -4.40900542e-02
 -8.96839872e-02  5.38972503e-01  6.14830988e-01  2.90688644e-01
 -7.77587146e-01 -2.48655025e+00  9.63034836e-01  1.04901255e-01
  5.56164919e-01 -2.15287448e-01 -1.83492917e+00  5.54021721e-01
  4.52083087e-01 -1.30534369e+00 -1.10145565e+00  3.92227445e-01
  1.04513155e+00  1.41850737e+00  2.23059288e+00  3.38463377e-01
  1.02908141e+00  4.19189574e-01 -1.05680893e-01  1.83522006e+00
 -8.99950648e-01  1.79566866e+00 -1.60278026e+00  1.08819178e+00
  8.83447427e-01 -7.28298398e-01 -3.00318328e-02  2.77194715e-01
 -7.93416864e-01  5.98222369e-01  7.23193587e-01 -5.04882549e-01
  1.10689674e-01  5.88017962e-01 -1.20003553e-01  1.22929574e+00
 -4.42471114e-01 -1.75771709e-01  2.84572132e-01 -4.26175840e-01
 -1.32353869e+00 -1.11027856e+00 -1.99281874e-01  6.70769996e-01
  1.62412779e-01 -3.18096292e-01  1.38847829e+00  1.31312841e+00
 -6.51892753e-01 -1.32078007e+00  1.13787175e-01 -4.19869667e-01
  1.43885719e-01 -9.25361538e-01  1.12985420e+00  1.69358814e+00
  7.45630990e-01  2.74381561e+00 -1.32915337e-01 -8.36011532e-01
  2.72984472e-01 -2.78888375e+00 -2.74983239e-01  1.56199299e+00
  8.24915620e-01 -2.28378069e-01 -2.92453531e-01  1.21604978e+00
  5.49811193e-02  8.64719021e-02 -4.43362942e-01  1.56260263e+00
  7.25651577e-01 -1.35835722e+00  5.41772956e-01  3.55915026e-01
  1.47213936e+00 -1.21809390e+00 -1.12688713e+00 -3.81112811e-02
  8.29875281e-01  8.04982991e-01  9.59434828e-02 -1.27648330e+00
  3.20804058e-01  1.32441404e-01  1.92603178e+00  2.72110549e-01
  2.73784873e-02  7.75717289e-01 -8.54246403e-01  4.28786343e-01
 -3.65989976e-01  1.52511350e+00  1.30283023e+00 -6.05625758e-01
 -4.41962503e-01 -2.28235561e-01 -4.43006208e-02  1.04248059e+00
  9.87202922e-01  6.32227888e-01 -1.15314748e+00  1.16992943e-01
  2.77485425e-01  1.69239759e+00 -1.61472576e+00 -2.57015628e-01
 -1.21847348e+00  7.98386230e-01 -2.04451470e+00  1.51262111e-01
 -5.36625353e-02  3.79289474e-01 -1.06673066e+00  6.43953243e-02
 -7.56590383e-02 -1.53705509e+00 -8.16914215e-01  7.30351118e-01
 -6.62095593e-01  3.84812965e-01 -1.52081403e+00 -1.12503945e+00
  5.75119252e-01  7.39035981e-01 -8.03496764e-02  1.43985432e+00
  1.74469983e+00  8.61829552e-01  6.89818202e-01  4.52837190e-01
  1.55448121e-01  3.50846802e-01  6.16323369e-01  6.80640495e-02
 -6.24249833e-01  1.15616050e+00 -2.71555483e-01  5.11533775e-01
  4.35571940e-01 -6.21320436e-01  5.47629179e-01 -8.59472708e-01
 -4.37314410e-01 -4.20660149e-01  2.63759507e-01 -1.30303428e-01
 -6.57044476e-02  2.47540110e-01 -1.09008473e+00  7.33004560e-02
 -4.61462023e-01  1.92382593e-01  1.11409465e+00  3.73300729e-01
  9.46636271e-02  2.22882717e+00 -8.65342591e-01  3.47053570e-01
  7.81569305e-01 -8.94883360e-01  1.21813556e+00 -1.50717921e-01
  1.94205371e-01  1.40093919e-01 -1.37992275e+00 -2.29500277e-01
  1.37948915e+00  8.70440570e-01  7.54065412e-01 -5.07695179e-01
  1.01722877e+00  5.26763663e-01  2.11276564e-01 -9.86003883e-01
 -9.77557146e-01  2.26710915e+00  9.76030825e-02  8.59759089e-01
 -6.76521503e-01 -6.68627346e-02  2.63706334e-01 -7.01600120e-01
  1.19752622e-01  7.54396688e-01  5.32503916e-01 -1.05132562e+00
 -2.38565780e+00  7.61060371e-01  8.23403154e-01 -4.44694146e-01
  1.20343466e+00  4.14263840e-01  5.70487706e-01 -1.15547816e-01
  6.84434279e-01 -1.08695001e+00  1.57424220e+00 -4.86591399e-02
  2.38141264e-01  1.00223941e+00  2.80111340e-01 -1.90504973e-01
 -5.33989793e-01 -7.38613702e-01  1.03385911e-01 -3.54720270e-01
  1.18976356e+00 -1.36874140e-01 -5.84207418e-01  4.32281620e-01
  9.29213951e-01  3.24588854e-02 -3.33989327e-01 -5.90149428e-01
  1.85330255e+00 -9.03633174e-02 -1.76644006e+00  5.28202139e-01
  3.38593070e-01 -3.21762520e+00 -1.01152203e+00  1.54017470e-01
 -1.09998085e+00 -7.18242504e-01  2.71164687e-01  6.68366434e-01
  9.11326033e-01 -8.63937069e-01 -6.47317982e-01 -1.10255016e-01
  6.40585534e-01  1.87730880e-01 -1.20302302e+00 -2.47541352e+00
 -2.91232188e-01  1.04206559e+00 -4.24771967e-01  1.23261941e+00
  4.97931514e-01  9.13476801e-01 -7.23825881e-01 -8.54979067e-02
  3.42177445e-01  2.66211376e-01  1.16635427e+00  6.73356264e-01
  1.04842571e+00 -2.93058962e-01 -8.01296290e-01 -1.43550466e+00
 -1.17678977e+00  9.60971451e-01 -4.88237812e-01  2.17349175e-01
  1.86124384e+00 -1.26207557e+00  1.23860804e+00 -1.77472051e-01
  2.20592909e+00 -1.39255822e-01  1.37114805e+00 -2.38262037e+00
  9.95743812e-01 -1.07875471e+00  7.24589606e-01  1.94127708e-01
  1.37052745e-01 -4.81543861e-01  9.30622146e-01  4.29977556e-01
 -1.09236402e+00 -7.81352256e-01  1.83097584e-01 -1.73078800e+00
 -1.36201761e-01  8.38290736e-01  1.39671991e+00 -1.09108398e+00
  9.41787071e-01  7.11762105e-01 -1.71557231e-01 -4.71812365e-01
 -6.21576699e-01 -1.50747025e+00 -1.49166852e+00  2.15927825e+00
 -1.11546645e+00 -3.38883472e-01 -3.78988436e-03  1.32636263e+00