 1.22473913e+00 -1.59880243e+00  1.15833664e+00 -1.84156890e-01
  4.18222972e-01  5.72517329e-01 -1.54382125e-01  2.74777470e+00
  6.86732493e-01  2.30058319e-01 -1.37758509e+00 -7.91675645e-01
  6.05010963e-01 -3.81506180e-01 -3.61012849e-01  1.51839350e+00
 -3.35393310e-01 -7.09070582e-01  1.50575024e+00  5.49667789e-01
 -1.68227603e-01 -5.15060018e-01 -4.62810359e-01 -8.89311013e-02
 -8.08229242e-02  1.90723830e+00  2.80769116e-01  2.02210779e-01
 -8.26132262e-01  9.61759468e-01  8.69928402e-01  1.16098463e+00
 -1.43717748e+00  5.35976910e-01  1.70098134e+00 -2.37202872e+00
  4.15521036e-02 -1.59435461e+00  2.67723228e-01  8.59334248e-01
 -1.24394115e+00 -4.81693101e-01  6.36295441e-01 -3.97778446e-01
  6.32531674e-01  3.34390025e-01 -7.89827629e-02  1.72334181e+00
 -1.50795216e-01 -5.59082526e-01 -1.10406147e+00 -4.59152759e-01
 -5.70124028e-01 -3.18639690e-02  2.21601595e+00 -4.89766873e-02
  4.91455167e-01  7.01310341e-01 -2.10651997e+00 -2.78053170e-01
  1.39042982e+00  1.23731284e+00  9.58907580e-01 -6.35738426e-01
 -6.05350608e-01 -1.79814541e+00 -3.99807137e-01  9.81089127e-01
  6.25904081e-01 -1.23628534e+00 -6.12425439e-01  9.26442716e-01
 -1.70226935e-01  3.38119492e-01  1.61778770e-01  4.70986710e-01
 -1.14807846e+00  8.34163175e-01 -5.63283635e-01 -1.66661261e+00
  2.13466364e+00  1.56137236e+00 -3.05591857e-01  1.06355218e+00
  1.08920237e+00 -6.05595601e-01 -7.77783722e-01 -1.77184242e-01
  8.23487402e-01 -9.85375064e-01  2.04211904e+00 -2.12810595e+00
  8.30927702e-01 -6.49921292e-01  7.21147982e-01  3.53707714e-01
  1.05226580e+00  7.63369625e-01  2.70296096e-01 -3.63978698e-01
 -1.50629137e-01 -7.44514448e-01 -1.71245227e+00  7.95156636e-02
  7.22451059e-02 -1.09628238e+00 -1.13175463e+00 -1.28432834e+00
  1.26996884e+00  4.32784845e-01 -6.61433604e-01 -1.01948343e+00
  8.54422024e-01 -8.47137545e-01 -3.48074286e-01 -1.64268677e+00
 -1.53916416e+00  6.49969707e-02 -1.08888655e+00 -3.17709572e+00
 -6.12229091e-01 -1.06676428e+00 -1.90240444e-02  1.27178542e-01
  2.80439395e-01  1.67219262e+00 -1.11992211e+00 -2.46796267e+00
  1.63208209e+00 -3.81578861e-01 -4.19361135e-01 -1.62544602e+00
  1.44134293e-01  3.33040129e-01 -2.46159326e-01 -1.10329770e-01
  4.05000534e-01 -7.35950718e-01  5.71834694e-01 -1.64848004e+00
  1.54627391e+00  3.09233033e+00 -6.63065458e-02  1.31627084e+00
  1.00163978e+00 -3.93902602e-01  1.45524278e-01  5.57495589e-01
 -2.84614821e+00 -5.16501744e-01  1.20160741e+00 -7.29996554e-01
  5.32121246e-01  4.79124675e-01 -1.10845951e+00  4.28621176e-01
 -2.63828665e-03 -6.04468615e-01 -6.79763089e-01 -1.28205577e+00
 -8.92489347e-01  8.07483539e-01  3.93549776e-02  9.64556292e-01
  1.00424482e+00  1.85354366e+00  6.12650601e-01  1.35918929e+00
  2.22363576e+00  1.27064151e+00  2.99506220e-01  7.11402496e-01
 -7.43474063e-01  1.47072013e+00 -7.53845402e-01  4.22924751e-01
 -5.85738018e-01 -6.58553387e-01 -8.73132562e-01  9.94599201e-01
 -1.68864697e+00 -1.34382921e+00 -1.14539711e-01 -4.98542045e-01
 -1.92146296e+00  4.71037488e-01 -7.57235150e-01  1.27985086e+00
  6.94756952e-01 -4.42925889e-01  1.42606581e+00  7.83752668e-01
 -2.52228407e+00  3.40171525e-01  4.08178648e-01  6.77321581e-01
  3.38520141e-01 -1.82577917e+00 -9.84404084e-02 -5.97240007e-01
 -1.23163228e+00  5.10116829e-01  3.42820791e+00 -2.05540290e-01
 -1.63204113e+00 -1.03241221e+00 -5.80305632e-01  1.69485382e+00
 -4.17576764e-01  1.10740798e-01 -4.34532927e-01  9.19615934e-01
 -1.95726039e-01 -6.65947528e-02  1.52900630e+00  1.27880464e-01
 -2.06396424e+00 -2.61399233e-01  1.88644781e+00 -8.18226572e-01
  2.16094684e+00 -4.76513377e-02 -1.35669852e+00  6.73951511e-01
  6.95177628e-02  4.46944646e-01 -5.63285788e-01  5.64015695e-01
 -6.23567939e-01 -3.23275719e-01 -8.93429654e-01  1.07755872e-02
 -1.59463437e+00 -3.85330294e-01 -1.33706650e-01  1.12053460e-01
 -7.34132782e-01 -2.18821738e+00  3.02561375e-01 -4.71482302e-02
  1.09354863e+00  2.18516584e-01  6.28100228e-01 -4.94129687e-01
 -8.06078771e-02  1.15844457e+00 -9.67848952e-02  5.93058846e-01
 -3.09081731e-01  1.22697665e+00  7.81911542e-01 -4.73967341e-01
  1.54277518e+00  6.19676177e-01 -7.21441473e-01 -3.18960989e-01
 -1.30918071e+00 -7.87735617e-01  1.60527300e+00 -5.60550862e-01
 -4.83663818e-01 -4.56630406e-01  1.57124336e+00  7.96591560e-01
 -4.18360270e-01  1.39151136e+00  3.43250188e-02  2.82783881e-01
  5.29092627e-01 -7.85710954e-01  5.26789012e-02  8.07662290e-01
 -6.39226761e-01  8.87167928e-01  1.59818288e-01  6.77893377e-01
  2.29094983e-01  7.96578744e-01  7.12995725e-01 -1.55911041e+00
 -2.15426502e-02 -1.02864142e+00  6.13321331e-01 -1.34527033e+00
  3.13833311e-01 -6.52602099e-01  1.19058518e-01 -9.69090539e-02
  1.35352442e+00 -5.61090915e-01 -1.48422827e+00  1.53790487e+00
  6.06661043e-01 -3.86199561e-01 -3.12675426e-01 -4.27730827e-01
  1.69087529e+00  1.73531480e+00  5.46619949e-01 -1.37427972e+00
  8.00672245e-01  3.65189433e-01 -5.06977818e-01  3.76366652e-01
 -4.70874322e-01 -4.83684666e-01 -8.52056137e-01 -4.49568996e-01
 -4.91035535e-02 -8.02894330e-02 -7.16359727e-01  2.35581851e-01
  1.66349816e-01 -1.68821006e+00 -5.88200031e-02  3.89584503e-01
 -9.45016668e-01  4.79494681e-01 -4.05179942e-01 -7.29669112e-01
  1.93986490e+00 -7.46025437e-01  1.27858627e-01  2.69047156e-01
 -4.39695885e-01  1.95467657e+00 -4.46119681e-01 -1.36646933e+00
  1.02612796e-02 -4.64623092e-01 -6.60367931e-01 -3.87775079e-01
 -3.13073197e+00 -1.46158170e-01 -5.75189246e-01  6.58246116e-01
  3.16610919e-01  1.44391142e-01 -8.43867194e-01 -1.71035718e+00
  6.26501585e-01  3.36052596e-01 -9.07677046e-01  9.86462339e-01
 -1.09621374e+00  2.39771889e+00 -4.63384250e-01  1.76675127e+00
  4.03815212e-01  7.64802430e-01 -6.29500492e-01 -9.48356561e-01
  8.03266687e-01 -5.61353680e-01  2.72718471e-01  1.76230931e-01
  2.03414277e+00  1.21134070e+00  5.99918305e-01  1.00148231e+00
 -1.24182810e+00  2.27330813e-01 -9.70168865e-02 -1.15309362e+00
  7.26973868e-01 -1.75879346e+00 -8.52136619e-01  8.10656144e-01
  3.04424663e-01  1.18016878e-01  1.31488413e+00 -1.55262399e-01
 -1.02052622e+00 -6.88386770e-01 -4.99566578e-01  5.20122084e-01
 -1.36583793e+00  1.78339494e+00 -1.82966288e+00  6.74084798e-01
  8.55378938e-02  6.86698633e-01  1.34086395e+00  9.83040671e-01
  1.27024634e+00 -2.06056054e+00  8.22082937e-01 -1.13929550e+00
  2.97077305e-01  5.24965845e-02 -7.00453224e-01  9.30056702e-01
  3.52908091e-01 -6.19514323e-01  2.61091334e-02  4.52186418e-01
  5.76908537e-01  1.20043424e+00 -4.96369711e-01  2.37913920e-01
 -3.93441955e-01 -7.49940589e-01 -1.05756943e+00 -2.52345512e-01
  1.37982607e+00  2.14859442e-01 -2.65482630e-01  2.12039174e-01
 -4.35438179e-01 -9.43767310e-01 -2.04219677e-01 -2.07619670e-01
  1.44806230e+00 -1.66280918e+00 -5.75979308e-01  1.10825798e+00
  2.16959094e+00 -3.66851050e-01  5.22301480e-01 -6.68057945e-01
 -1.78659463e+00  7.32756915e-01  6.35434853e-02  3.37852201e-01
  6.42789134e-01  1.15003779e+00 -8.79992436e-01  9.26306677e-01
  2.76142781e+00 -8.29254342e-02  7.95938219e-01 -3.24933187e-01
  7.24659534e-01  9.55440781e-01 -9.38827370e-01 -1.23958835e-01
  1.40734917e+00  3.69735987e-01  1.27314305e+00 -1.29638034e+00
 -9.05368275e-01 -5.90875694e-02  1.26575368e+00 -6.62417593e-01
 -3.71800201e-01  2.02180425e+00 -2.09448611e-01  5.22424166e-01
  1.35439726e+00  5.33767576e-01  8.33123511e-02 -1.18244145e+00
  6.59010469e-01 -1.08766313e+00 -1.08657861e+00  9.34421620e-01
  7.80362936e-01  1.74255514e+00 -1.83174258e-01  1.30033588e+00
 -5.86909760e-01  1.12506889e+00 -1.01159559e-01 -1.63509342e+00
 -2.51484784e-01 -2.23077496e+00 -1.81788418e+00  5.79967283e-01
  1.33662498e+00  3.40010937e-01  1.06119065e+00 -7.09427347e-01
  1.20472828e+00  1.35618371e+00  8.60099017e-01 -1.37882968e+00
  1.02107640e+00  6.62098362e-02 -5.81780300e-02 -3.60733588e-01
 -8.71018163e-01  5.17682622e-01  1.48093545e+00 -1.46747886e+00
  9.31526003e-01 -5.67366388e-01 -1.80563460e-01 -1.81410835e+00
 -3.93856651e-01  1.15971028e+00 -1.92234803e+00 -2.32815323e+00
 -1.44996848e+00 -4.98439866e-01 -1.01409861e+00  2.10798121e-01
 -1.13887254e+00 -1.45567389e+00 -6.34704646e-01 -1.23892817e+00
  5.83429601e-01  4.84731800e-01 -1.01757982e+00 -6.92062486e-01
  3.74287938e-01 -1.40107134e+00  2.69359548e-03 -4.52138469e-01
  3.53455725e-01 -2.78805486e-01 -5.79562104e-01 -1.69076519e+00
 -6.59682324e-01 -7.23321196e-01 -1.74082374e+00  1.33051260e+00
 -1.34748927e+00 -1.04961095e+00  8.28222122e-01  6.43868462e-01
  2.89577662e-01 -1.29323309e-01 -1.35699435e+00  1.28246751e+00
  1.96276709e+00  1.56353205e-01  5.04494605e-01  1.64306083e-01
 -7.03403887e-01 -1.84163975e-01 -4.21822363e-01  6.64173175e-01
 -7.35427813e-02  1.31595764e-01  1.43789825e+00 -9.24662137e-02
  1.71505487e+00 -1.03487416e+00  8.62652938e-01 -8.13267216e-01
 -2.10856884e+00 -2.09297889e-01  2.54663008e+00 -1.61589103e-01
  9.44772803e-01  5.56242993e-01  2.85208660e-01  4.28581800e-01
 -4.18020717e-01  1.36988547e+00  1.15451195e+00  3.75728722e-01
 -1.37226985e+00  1.22758945e+00  5.79240074e-01  6.59627882e-01
 -8.50536900e-02 -1.81721875e+00  9.35976394e-02  5.28842383e-01
  2.00073255e+00 -2.18713865e+00  7.71339980e-01 -1.43973144e-01
  2.48288063e-01  1.04897854e+00  5.13988018e-01 -7.36193747e-01
  2.68283560e-01 -8.18359640e-02 -4.01390987e-01  5.08782369e-01
 -1.27539490e+00 -1.27428132e+00 -1.49644087e+00  1.42389233e+00
  1.00557175e-01 -5.05946375e-01  9.31112295e-01 -4.28530627e-01
 -5.82202098e-01  2.53718805e-01 -6.41962172e-01  2.26908209e-01
  1.32174215e+00  6.42038575e-01 -1.40470375e-02  5.18468050e-01
  4.39104136e-01 -1.37471635e+00 -2.56310775e+00  1.55069721e-01
  3.03267140e-01  5.50622251e-01 -7.36632432e-01  1.46759364e+00
  7.42643147e-02  1.77290846e+00  1.13289325e+00  1.29315873e+00
  1.05006709e+00  9.80850983e-01 -4.12681987e-01 -1.89087753e-01
  3.61325071e-01 -1.24513353e-01 -1.30050502e+00 -1.58940997e+00
 -5.51257876e-01 -6.69849005e-02 -1.02910109e+00 -1.21964724e+00
 -1.39434870e+00  3.98987287e-01  2.44800244e+00 -4.50925070e-02
 -1.68134884e-01  1.77994165e-01 -1.15617291e+00  1.63384222e+00
  5.36464001e-01 -1.60314498e+00 -3.61555735e-01 -2.56211921e-01
 -9.99731626e-01 -2.40974008e+00 -2.16924907e-01  2.82835849e+00
 -1.72268957e-01  1.74493875e+00 -1.58288635e-01  1.80996615e-02
  2.00035765e-02  4.54883459e-01  3.15725023e-01  2.05462471e+00
  5.50026377e-01 -1.32920253e+00 -7.21838270e-01  1.89995194e+00
 -1.11114024e-01 -5.64251775e-02 -1.10253126e-01 -4.91812292e-01
 -2.99177034e-01  2.35238201e-01  1.07533230e+00  1.02403513e+00
 -3.29431694e-01  4.28745796e-02  1.61391171e+00  1.47133385e+00
  1.23575043e+00  8.56855359e-01  8.66735692e-02 -9.44956978e-01
  1.10070464e+00  1.51702881e+00 -1.04666548e+00  1.07995613e+00
 -5.07991413e-01  8.31341526e-01  8.17150124e-02  1.42401205e+00
  5.77229315e-01 -6.05668986e-01  1.23658989e-01  1.95772282e+00
 -6.08662794e-01  9.48369350e-01  4.10238574e-01 -1.44977432e-01
  1.00567477e+00 -3.79039065e-01  4.39948227e-01 -4.74067888e-01
 -1.91137406e+00 -1.03016721e-01  1.16483672e-01 -6.57802771e-01
  6.21238656e-01  8.50470146e-01 -2.87333722e-01  1.39307356e+00
  7.75238579e-01  1.13197411e-01  1.09324303e+00  1.37518323e+00
  2.06712388e-01  1.44837796e+00 -2.06096987e+00 -2.59182483e-01
 -1.01614766e-01 -8.29954272e-02  5.36974858e-01  5.74047646e-01
 -4.87551234e-01 -9.31740932e-01  2.08831121e+00 -3.66902555e-01
 -1.02710308e+00  4.93890842e-02 -3.92608213e-01  1.16244999e+00
 -2.08282444e-01  9.31758091e-01 -5.47948035e-01 -1.06498168e+00
 -4.02541314e-01  5.63809480e-01 -7.00796187e-01  4.17604195e-01
 -1.53393245e+00 -1.68226642e+00  1.20461073e+00 -2.61935481e-02
 -1.63590870e+00 -8.80739761e-01 -6.67003559e-01 -1.13231946e+00
 -3.09163579e+00 -1.14497435e+00  1.76058178e+00  9.68756353e-01
  8.70374631e-01  1.90608565e-01  6.43468380e-01  9.37681303e-01
  8.57328979e-01 -1.58526118e+00 -3.11661036e-01 -2.40998613e-01
 -1.97669054e-02  6.08357726e-01 -2.29346422e+00 -3.11701576e-01
  3.97321854e-01 -1.38781422e+00  2.45087450e+00  8.68730401e-02
 -6.25696834e-01  5.25150180e-01 -1.09511843e+00  1.77058173e-01
 -5.14030254e-01 -1.58545112e+00  4.42154495e-01  7.75266812e-02
 -1.49325077e+00 -5.51908278e-01 -7.48168954e-02 -7.19997223e-01
 -4.69929076e-01  5.70450921e-01  3.41331284e-01  1.48327818e-01
 -1.30402838e+00 -1.51629180e+00  1.51618549e-01 -1.87872329e-01
 -2.79774319e-01  2.07762276e-02 -1.71328137e+00  2.38481887e-01
  3.63499313e-01 -2.44182757e-01  2.06160455e-01 -5.38249549e-01
 -9.52521961e-01  3.68655368e-01 -7.99001319e-02  6.48805933e-01
 -8.99999642e-01 -1.18584677e+00  2.10800920e+00 -3.89684956e-01
 -1.98402701e-01  5.62504766e-01  6.65021509e-01  2.49016457e+00
 -2.09898316e-01 -1.85670294e-01  1.55897334e-01  2.35615953e-01
  3.20367106e-01  1.70323751e-01  2.23836075e-01  1.96235181e-01
  9.06309430e-01 -2.31145182e-01  1.05976330e+00  1.26221504e+00
  5.62290245e-01  1.08025032e+00 -1.20520250e+00 -1.71039248e-01
 -1.63578462e+00 -2.44691502e+00  2.99607568e-02 -7.42040666e-01
  1.43897620e+00 -4.83338501e-01  1.40318089e+00 -5.59383739e-01
 -1.26313095e+00  1.41670241e+00  9.75183863e-01  1.25623767e+00
  4.75661758e-01 -1.36313331e+00 -2.77867713e-01 -1.14457835e+00
 -1.03119308e+00  1.46645407e+00 -5.36004340e-01  1.80639641e-01
  5.63400204e-01 -1.26322976e+00  1.53179433e+00  5.25384236e-01
  7.09431103e-01 -9.19798594e-01 -2.70378631e-01  3.05422119e-01
 -6.43677994e-01  1.07180259e+00  5.62107623e-01 -1.12315538e+00
  1.17795218e+00  7.80941633e-02  2.64741539e-01 -5.48628900e-01
  9.47914200e-01  3.96714105e-01 -2.34011245e+00  2.35165416e+00
  1.03848009e+00 -1.30784953e+00 -7.40873725e-01  6.38536874e-01
  2.93225094e-01 -6.47154986e-01  2.51661296e+00  4.91835236e-01
  1.31806861e+00  2.39303030e-02  4.00296926e-01  7.36337880e-01
  1.56247465e+00 -6.95063696e-01  2.18111148e-01 -1.12321550e+00
 -8.98013396e-02 -6.49962457e-01 -6.55225642e-01  6.80047461e-01
  2.12436649e-01 -1.18442926e-01  4.41078442e-01 -1.82052217e+00
  1.38609418e+00  1.07332834e+00  3.54937311e-01 -4.97674649e-01
  1.02814887e+00 -1.58378970e-01  2.80571233e-01 -1.21359834e+00
  4.23834151e-01  1.74771245e+00 -7.67184101e-01 -8.43516477e-01
 -1.40056643e+00  5.39942850e-01  5.15849614e-01  1.09254625e-01
  1.17603358e+00 -2.93733274e-01 -7.34234243e-02 -1.06630010e+00
 -1.54180988e+00  9.72437000e-01 -2.21538145e+00 -1.54014494e+00
  3.27260208e-03 -7.25092871e-02 -6.94128300e-01 -5.57045279e-01
 -8.06749224e-01 -9.16812279e-01 -9.72322268e-02 -1.56034389e+00
 -4.41278166e-01  3.44844593e-01 -3.68522323e-01  3.33894097e-01
 -8.04262683e-01  9.21268351e-01  1.20987390e-01  4.11907102e-02
  1.97966249e-01  2.17693307e-01  1.17358291e+00  1.57494847e-01
 -8.17724776e-01 -9.51826502e-01  5.55932490e-01 -1.11220552e+00
  7.95003017e-01  4.29151410e-01  2.71926875e-01  6.05230409e-01
 -1.31271627e+00  5.54099732e-01 -5.41392400e-01  4.56375762e-01
 -2.17061249e-01  3.36807386e-01  5.58484413e-01 -9.87577562e-01
  3.94133889e-01 -1.12201677e-01  3.27626167e-01 -9.99060666e-02
  1.84047190e+00  9.18637674e-01 -1.92561503e+00 -7.47244225e-01
  4.09290969e-01 -7.23396061e-01 -4.37292858e-01 -1.20514207e+00
 -2.01207575e+00 -2.39311094e-01  1.02254799e+00 -8.77628108e-01
  1.81137176e+00  1.19491783e-01  3.57072999e-01  1.41090982e+00
  1.75955819e+00 -4.30223821e-02 -6.84295487e-01  1.77027007e+00
  2.06406460e+00  1.21687328e+00  1.08588036e+00  7.62785895e-01
 -2.07718056e+00 -1.89166680e+00 -7.80392498e-01  1.12445620e+00
  9.75106462e-01 -1.84062188e+00 -1.42880353e+00 -9.62125715e-02
  2.97646021e-01  1.94799115e+00 -1.84117263e-01 -1.39753921e-01
  5.32657094e-01 -1.49271594e+00 -4.03553695e-01 -9.36763231e-01
  3.37740554e-01 -1.86359483e+00  7.71113911e-02 -1.45147620e+00
 -1.14376747e+00  2.39435958e+00  7.05888512e-01  6.43172339e-01
 -1.67474030e-01 -6.13839364e-01  7.37434470e-01  1.70720803e-02
  4.15607409e-01 -1.78071346e-01  1.26328447e-01 -1.12667939e+00
 -1.23729543e+00  2.60380738e-01  2.52288158e-01 -8.01030448e-01
 -2.83582165e-01  1.27750236e+00  1.09883192e-01  2.48164560e-01
 -1.22565863e+00 -2.57516665e-01 -4.44251495e-01 -1.30037936e+00
 -6.24520173e-01  1.21163848e+00  1.41428635e+00 -9.41767446e-01
 -1.95385227e-01  1.47256427e+00  1.08750605e+00 -7.34341175e-01