-0.45122211  0.68830994  0.83377719  0.26423041  0.54564937  0.11224549
  0.44135375  0.92475537  0.57469797 -1.01561788 -0.91426986 -0.67705472
 -1.64507513 -1.82867501  0.33995071 -1.67489356  0.52316591 -0.15470258
 -0.84407009 -1.21562363  2.18212241 -1.1848838   1.52775269  2.22116225
  0.23811394  0.5528685  -1.65375841 -1.63301389 -0.30623584 -0.71418291
 -0.05677082  0.82168342 -0.2704377  -0.73703236 -0.07387912  2.10900504
 -0.48068747  0.90998564 -1.36525888 -0.13415359 -0.66287266 -0.39140694
  0.13747241  1.62690099 -0.0373127  -0.65265089  0.67709574  0.79692089
 -0.77111781 -0.86544498  0.47150846 -1.1306604   0.86415844 -2.12019023
  1.59442555 -0.55574909 -0.55599108  2.01855959 -1.67465051 -0.81902553
  0.04011956 -1.11379323 -0.99184045 -0.65527943 -0.83017778 -0.62237345
 -0.37320283  0.00380281 -0.89142675  0.3855628  -1.26151906  0.47726252
  1.40026041 -0.61437185  1.78381511 -0.92842891  0.48268758 -1.2550424
 -0.52405909 -0.39730956  0.26936337 -0.50682809 -0.34750408  1.7971202
  0.15834193  1.43514178  1.40085749  2.93023679  1.29304399 -1.3004379
 -1.66980081  0.93244652  0.40599961 -0.17525965  2.4141996   0.63682891
 -0.08946517  0.36017457 -0.12722077 -1.09203636 -0.03946157 -1.03690892
 -0.48520449 -0.42075886 -0.73580169 -0.651383    0.116717    0.5312134
  0.13214646 -0.00892823 -1.39295548 -1.13712967 -0.23563166 -0.36325079
 -0.45112594  1.40409936  0.65669119  0.35506877  0.59437859  0.98041163
 -1.79739117  0.08351236 -2.03055551 -2.58085617 -0.38994397 -0.34416793
 -1.41688038 -0.22599977  1.38717863 -0.18058044 -1.00165863 -1.59909981
  0.0423161  -0.21425916  0.07644019  0.63776552  0.92514478 -1.9259281
 -1.18865845  0.19443153 -0.7070895   1.87644856  0.346229   -1.44333453
  0.89752139  0.73849778  1.20200497 -0.09694866 -0.34859163  1.95285445
 -0.82817339 -1.33370286  0.01186216  0.52630512 -2.33137835  1.51050986
  1.0202701   1.22220479 -1.20604247  0.58034048 -0.95105788 -0.30272893
 -0.35151904 -1.39672869  0.81108922 -0.75965681 -0.66493389 -1.11753162
 -1.28193732  0.17592618 -0.76322709  1.48127792 -1.25206019 -1.02779769
 -0.39536294  0.49424878  0.12806083  0.26615975  0.97693365 -0.24048504
 -0.43403107  1.09476855 -0.71262579 -1.91220386  0.84751408  0.5015036
 -0.11652841 -0.40998551  0.45931209 -0.35740037 -1.05842138  0.46739879
  0.56581724 -0.90946782 -0.73932623  0.29093932  1.1105416   0.55648742
  0.00637048 -0.42741517  1.50335119  0.22948325  0.25829181 -0.89862482
  1.35700895  1.42254241 -0.76008375  0.46606082 -0.94121216 -0.97742121
 -0.95970648  0.0496589  -0.86016623  0.43365756  1.39304973  0.1965812
 -0.58605451 -2.46312114  0.97347844  0.51619261 -0.44775729 -0.31413652
 -0.2579743  -0.66180372 -0.06085822 -1.18344401 -2.49239254 -0.53384126
 -0.93563788  0.78122347  0.63543435 -0.54849548  2.00715662 -0.68680759
  1.626013   -0.56012864  1.15855524 -0.16940077 -1.77978138  0.22584643
 -0.16849832 -0.09860404  0.96968948 -1.07275196 -0.17162488 -0.27992705
 -0.58587665  0.09947952 -0.01225633  0.95510733  0.27920936 -0.20324051
 -0.81693778  1.07546636  1.10124314 -0.46020515  0.79380927  0.39525851
  0.9856398  -1.69877357 -1.88801709  0.7303301  -0.73696064 -0.41432019
  1.1949596   0.31268434 -0.03578845 -0.96406857  0.63359862  0.13844528
 -0.21650785 -0.9708924  -0.29523493 -0.17427826  0.21153608 -2.34967455
 -0.52298956  0.41445873  1.53651989 -0.49407146  0.93506447 -0.89483952
 -0.04575263 -0.26146533 -1.02871099 -1.02943757  1.43192009 -1.59721189
 -0.99352673 -0.82045604  0.66594802 -0.05091427 -0.23476683  0.13530416
  1.34089123  0.28774761 -0.24690833 -0.0474224  -0.60049947  0.57394645
 -1.16197967 -1.65246822  1.14463398 -1.44022905 -0.62598209 -0.38998208
 -0.47701    -0.39962824 -0.30690525  1.4508374  -0.36475436  0.25736889
 -0.10171512 -0.96328203 -0.64498751 -1.33275025 -1.66951499  0.3912078
  0.01065424 -0.20739352 -0.78753206  0.11615506 -1.73283872  0.46616333
  0.15670091  0.52183436  0.6112852   1.12885442 -0.31044886 -0.31448628
 -0.25709792  0.3769936  -0.31667371 -0.48766591 -0.14239445 -1.55581737
 -0.50122356  0.30557767  0.04135866 -0.25487435  2.18419499 -2.61619507
 -0.29767779 -0.00940268 -0.6681125   0.44050441 -0.18537703 -0.30237675
 -0.85544223  1.09156391  0.17998488  0.1032826   0.29314051 -0.18463177
 -0.43151554 -3.29184714 -0.63385394 -1.15750638 -0.69104875 -0.92504904
 -0.74185667 -0.149989   -0.26081666  0.15512222 -0.28060623  0.59077879
 -0.9749522   2.14638724  1.21430095  0.18559913  1.5658309  -1.94176357
 -0.19725088  0.64437376 -1.23301816 -0.322238   -2.55455445  1.44736866
  1.27660935 -0.83552043  0.61712924 -1.13202086  1.00522845  2.57974374
  0.44139554 -2.20145251 -1.17905733 -0.50555002 -0.21428673  1.7297186
  0.21631483 -0.02384089 -0.46292414  2.12774061  1.09431213 -0.32771835
 -0.75229085  1.53476863 -0.91229416 -1.04532587 -0.05838418  0.27469915
 -0.00952421  0.03006192 -0.86922136 -0.6141103  -1.04912886 -1.73162603
 -0.54256374  1.32366555 -1.00730845 -0.13397106  0.07397432 -0.28584539
 -1.82340708  0.77753898 -0.71184529 -0.21596466  0.1497391  -0.70844931
  0.10015189 -0.40827367  0.23506361  0.44083765  0.22351076  1.8383841
 -0.87017667 -1.46637291 -0.15241188  0.60859581  0.52348037 -0.26847954
  1.37957929  1.74698832  0.35410511  0.20440599  1.21155501  0.68683839
 -0.82858719 -0.13313092  1.53752576 -0.78542543  0.06810277 -0.32259137
  0.44301168 -0.27735454 -0.11488701  0.10969226  0.83247728  0.19511165
 -0.26178828  1.04279705 -1.39066048 -0.12594799 -0.98399257  0.85486991
 -0.52589405  0.50301204 -0.05367351  0.07521521  1.5085941  -1.6927228
 -0.40241995  0.42616836  0.28503987 -0.16272752 -2.74721944  0.20152419
 -1.72534264 -0.94729524 -0.30866835  1.2806748   0.69028915 -0.57754595
 -0.00840485  0.65651333 -3.10022349 -0.93996351 -1.70943022 -0.05779566
 -0.99758268  0.98006606  0.08532619 -0.59091298 -1.06946972 -0.89396623
 -1.5017403  -0.63641269 -0.76811357  1.01152123  0.12534703 -0.54017831
 -0.45765232  0.32510498  1.21367996  0.20017609 -2.16941116  0.66038094
  1.45609426 -0.15244817 -1.07803718 -0.76323989 -3.35670726  1.12929208
 -0.25635671  0.0642022  -0.51810637  1.05267327 -0.22052546  0.79597996
  0.16890824  0.74796809 -0.81533786  0.85599536  0.68313561  1.05586486
  1.27862074  0.99470968  0.63428091  1.04876145  0.06497212 -0.07804945
  2.0207868  -0.17474056  0.18284706  1.40522767  1.20246498  1.75560632
 -0.01846656 -0.68192741 -0.01163488  0.65210804 -0.22838998 -0.80768851
 -2.72774206 -0.43356742  1.29920608  0.32814353  0.00528113  0.12253114
 -0.71755743 -0.12704224 -0.73381642  0.23990318  0.89153631 -0.2179434
  0.18042235  0.0161032  -0.64923967  0.09576627  1.82625419  0.67652419
  0.39650079 -3.47047951 -0.08603163  0.26188612 -0.3634951   0.18779087
 -0.92273803  0.97189936 -0.52227123  0.58430872 -0.1981652  -0.06774636
  0.06483762  0.47279994  1.68260714 -0.4601205  -1.43588955 -1.82511627
 -0.06474618  0.3557449   0.01555425  0.39731441  0.63524568  1.57322577
 -1.0542005   1.49445872 -0.4603533  -0.15613626  0.4293211   1.47621796
 -0.4320363   0.42856161  0.22111938 -0.25965769 -1.37438792  1.71349051
 -0.51890786 -1.63252122  0.02066793  0.64474696  1.12605634 -0.92963175
 -0.49498099  0.29408192  0.32206534  0.54590159  0.62670394 -1.62470648
 -0.05042492  0.86300516  0.65582037  1.14094801 -0.70450278 -1.51722014
  1.23421124  0.78190942  0.75958326 -0.30977928 -0.13212481  1.19780819
 -0.48309032  0.41271836 -0.52287049  1.3280307  -0.21552326 -0.15564157
 -0.54836583 -3.08092416 -0.39359433 -0.33414246  1.00826787  0.42155667
 -2.22146445  0.99444333  0.35749125  0.08378236  0.37145286 -1.80982017
  1.25432474 -0.39264682  0.25093367  1.19371533  0.69279588  0.92297804
  1.85484472 -1.97252212 -0.87264983 -0.31401316  0.61836111 -0.24760738
  0.37947069  1.42117256  0.08228717  0.39196234  0.00762521  0.91325052
 -0.12563795 -0.42549162  0.70657448 -0.28097654  0.39938896  0.40553217
 -0.09530627  0.10641776  0.39901341 -1.07488142 -1.31764066 -2.27747156
  0.63388719 -0.76247852 -0.39367002 -0.73311556 -0.61651962  0.89778569
  0.58645175 -0.14553187 -1.10704071  1.7946194   0.51119821  0.83210915
 -0.01965249 -1.43650014 -0.20175758 -0.30945683  1.40945479 -0.37264477
  0.49322323 -1.66216031 -0.1763077   1.35968412 -0.60747102  0.31145421
 -0.64940358  0.61987004  1.05430249  0.52148031  1.00942159  1.22565952
 -1.47265083 -0.16280967 -0.34366563  0.77418482 -1.31235213  0.6305435
  1.50943952  1.68050982  0.10391164  1.48048982  0.88239387  0.4324351
 -0.36968682  1.35447589  0.05960865 -0.20307353  0.07938587  0.04812169
  0.12907099  0.5366292   1.38236545  0.33000899  1.07819726 -0.06431697
 -0.04010013 -0.01729103 -0.24781078  0.70280238  0.62938887  0.09283156
 -1.22272402  0.33179447  1.37617599 -1.33733965 -0.61876244 -1.12569159
 -0.23704266  1.12577582 -1.40697469  0.05873926 -0.64082866 -0.9963939
  2.3019621   1.67691837  0.1071384  -0.24294213  1.75945002 -0.18340071
  1.45521796 -0.91885802  1.02447355  0.20484262 -0.62173719  0.06511451
  0.47931619  0.07569281  0.56509715  0.13283263 -0.91753552  0.64874363
  1.64090129 -1.50411801  0.60482855  0.24563373  1.00473831 -0.08158723
  0.48421695 -0.70143984 -0.25574706 -1.32812906 -1.18389809  0.66794936
 -0.48003043  1.48036746  1.91964255 -0.89489038  0.33376644  0.23270717
  0.43908555  2.02472494 -0.62013491  0.55449943 -0.484921   -0.19345573
  0.55800332  2.2556466  -0.38773347  0.6451314   1.58865639 -0.84592605
 -0.45993863 -0.43017605 -1.25370381 -0.23030105  0.59849017  0.25825114
 -0.74640276 -0.21513932 -0.45650796 -0.22484498  1.34202195  0.34980425
  0.65798559  1.39191944 -0.6590676   1.30426452  0.73975124  2.88481635
  2.38312453  0.46160245 -1.28285892  0.69473971  1.63510445  0.88030739
  0.23856134 -0.56182961  1.43551244 -0.2574522  -0.21819886  0.0507903
  0.54115155 -0.68952024 -0.26960659 -0.41414591 -1.05681445  0.09199578
 -0.06617498 -1.4002598  -0.95645101 -1.43387935  0.06192002 -0.15711538
  0.68482768 -1.32070376 -0.63051696  0.23733754 -1.39861306  2.40870489
 -1.6585535  -1.03302587 -0.71987151  1.0934977  -0.1517039  -1.72579152
  0.16871985 -1.6564314  -0.40151811  0.60682768  1.05342268  0.87313883
  0.46981527  0.09759262  0.05681358  0.21756427 -0.99257455  0.65960081
 -0.92315081  0.77946614 -0.60950126  0.74041686 -0.24116543 -0.221305
 -2.02196798 -0.91813567 -0.09025005 -0.39354988  1.48993611 -0.67886379
 -0.27265148 -1.50401008 -1.32968149 -0.4719495  -2.15266549 -0.44903621
  0.66899034  1.41738486 -0.55760327  2.00643309 -2.21360633  1.43084083
  0.14652563 -2.18951376  1.29989451  1.27543473  1.48215353  2.32124263
 -2.01858066  2.00920588  1.30939355 -0.60457574  2.25574084 -0.02025879
 -0.29829509  0.21314716 -0.40793491 -0.20485592  0.71748116  0.59066922
 -2.31786703  0.65276388  1.3354828   0.63566462 -0.18786121  1.09436883
  0.09452712 -1.32636419 -0.37953349  0.32263485  1.36245315  0.15897542
 -0.31961589 -0.53678701  1.1514865   0.31836001  0.39845176 -0.21852354
 -1.23545278  0.23105948  1.00980169 -0.179116   -1.34965621 -1.60976608
 -0.3716646  -0.87051302 -0.93266896  1.1897966  -0.26469357  0.18144669
  2.24286411 -1.78880734 -0.39858129  0.35891036 -1.53190454  0.56504552
 -0.08699239  0.29871168  0.8942977   0.59950427 -1.64869389 -2.08550415
  0.55618779  0.48964631  1.35945079  0.62444751  0.79965585  1.71472707
 -0.9448179  -0.06948958  0.28487061 -1.12959253  0.10390901  0.99586777
  0.3808455   0.46405462 -0.26751822 -0.36588734 -0.14442139 -0.53325562
  0.63004921  0.14011446  1.5871671  -1.60541685  0.00944535 -0.86988702
 -1.72407334  2.0060338  -2.32103882  0.90795713  0.05113507  0.31469793
  0.33258431 -0.50329894  0.06459055  0.88123698  0.49686327  1.36492254
  1.1873067  -0.64642252  0.2677002   1.614983    0.98152776  0.9247461
 -0.79455443 -1.06593044 -0.1043833  -0.76769904 -0.08381664 -0.2187065
 -0.57595828 -0.81651249  0.64083491  0.89039232 -1.05454607  1.28014512
  0.53611495  0.61106115 -0.00577714 -0.35869692  0.41677063 -0.48043835
 -0.41179348  0.5084097   1.24241687 -0.20725331 -0.26729674 -0.25247173
  1.42546386  1.87258655 -1.74951824 -0.86765148