 1.03324782e-01 -1.46782171e-01  7.94571011e-01  1.29849951e+00
 -4.54398667e-01 -4.24065800e-01 -3.53424413e-01 -2.70434643e+00
  5.59834331e-01 -1.48079203e-01  7.51531114e-01  5.83347837e-01
  8.11037747e-01 -8.22047430e-01  4.61695390e-01  5.70135843e-01
  3.65691599e-01 -2.44713561e-01  2.25871328e-01 -7.05205460e-01
  4.60542948e-01  2.91209854e-01  1.12462998e+00 -6.62039811e-01
 -3.38668448e-01 -7.19107516e-01  6.07508442e-01  5.34371957e-01
 -1.30147041e+00  2.64676975e-01  1.79913409e+00 -1.48916367e+00
 -9.70673425e-01  1.11810722e+00 -8.56228950e-01 -1.43243929e-01
 -2.02177698e+00  1.67135241e-01  7.71377956e-02 -1.73615265e+00
 -3.83371174e-01 -4.95715311e-01  5.86632789e-01 -3.17862199e-01
  7.60680278e-01  1.48360217e+00  4.86445974e-01  4.65111407e-01
 -3.33916328e-01 -3.47904354e-01  1.48120336e+00 -1.05247318e-01
 -2.19269462e-01 -1.14822863e-01  9.29358164e-01  2.13367518e+00
  4.45532515e-01 -7.84828091e-01 -7.52113814e-01  5.17315604e-01
 -4.78406203e-01  1.67326463e-02 -2.38010902e-02  1.04630216e+00
 -4.72550815e-01  1.61808997e+00  1.21173565e+00 -9.64764403e-01
 -6.48531557e-01  3.94564744e-01 -1.38110431e+00 -4.78667938e-01
 -3.96682211e-01  2.76389893e-01  1.06177829e+00  3.52375133e-01
 -2.00900750e+00  1.85077004e-01  2.41249017e+00 -2.23716143e+00
 -4.48706816e-01 -1.07006289e+00 -5.48573375e-01 -6.86531488e-01
  2.98871735e-01 -1.64447923e+00 -1.49615043e+00  2.64965562e-01
 -1.07764755e+00 -3.19678416e-01 -1.23104653e+00 -6.36519771e-01
  1.41330213e+00  7.94733990e-01 -3.16721724e-01 -4.56063915e-01
 -1.36380522e+00 -3.83001166e-01  1.08340037e+00  6.71174012e-01
  1.35335768e-01  2.27700247e+00 -9.96357915e-01 -1.28543155e+00
 -1.61995559e-01  2.37189558e-01 -6.22630516e-02  2.86669627e-01
 -1.42069766e+00 -6.98513044e-03  1.11366420e+00 -5.65704440e-01
 -6.34145483e-01 -2.00390831e-01  4.73368846e-01 -4.02753839e-01
  2.30189747e+00 -1.35158445e-01  3.28923162e-01  1.75897226e+00
  6.42388261e-01  1.58087157e+00  5.67572265e-01  2.58211945e-01
  1.50873319e-01 -2.19019382e-01  2.22372407e-01 -2.85866500e-01
 -2.30651742e-01 -6.93304935e-01 -6.74781680e-01  2.02179544e-01
  8.71848058e-02  1.18383050e+00 -8.28368583e-02 -6.72497122e-01
 -2.83810082e-01 -1.33485354e+00  1.42901138e+00 -1.46147041e-02
  1.33897170e-01  7.54629529e-01  1.79914156e+00  7.86638899e-01
 -9.29741356e-01 -1.67419596e+00 -6.78338921e-01 -8.72173233e-01
  4.42707505e-01  5.08772163e-01 -1.97193971e+00 -9.94812054e-01
  4.94440560e-01 -1.60087226e+00  9.55111612e-01  1.82933850e+00
 -1.20050126e+00 -5.02094066e-01  1.08312475e+00  1.12995992e+00
 -1.38856141e-01 -2.10695689e+00  9.24220839e-01  6.77943889e-01
  1.96163797e-01 -7.51988643e-01  9.26317199e-01  3.26152891e-01
 -6.70033044e-01 -1.02153517e+00 -1.29794197e-01  1.03487454e+00
  3.25860721e-01  1.01702189e+00  1.16188137e+00  9.49668381e-01
  1.22737659e+00 -3.54677491e-01  2.29127990e-01  2.42114675e-01
  3.00591247e-01 -7.33564760e-01  6.22016212e-01 -5.36072386e-01
  9.11088159e-01 -2.14324220e-01 -1.14643804e+00 -5.39729698e-01
 -7.91147963e-01 -1.22481379e+00 -4.28110388e-01  1.36703932e-01
  2.05111693e-01  1.91757668e+00 -2.42917783e-01  6.07713767e-01
  7.05032810e-02  6.19874149e-01  1.25630364e+00  1.35360395e+00
 -1.20548689e+00  2.93588225e-02  1.05441666e+00 -5.92640187e-01
  1.29350109e+00 -1.14184863e+00  4.59656828e-01 -2.69585644e-01
 -6.16167280e-01  1.60960101e-01 -5.37135973e-01  1.55186159e+00
 -1.30989253e+00 -4.53011880e-01  1.57904215e-01  6.93377537e-01
 -8.94522007e-01  8.46510230e-01  1.65483293e-02 -1.06941412e-01
 -2.46210288e-01  1.85783124e+00 -1.38688465e+00 -6.17095312e-01
  3.17201418e-01  6.23674268e-01  1.49292999e+00 -9.76423532e-01
 -3.82976601e-01 -2.60690207e-01  1.70766236e-01  8.26517735e-01
 -2.11583554e-01  3.76376865e-01 -3.35489607e-01  2.43943241e-01
 -5.56896531e-01 -2.54079407e+00  4.54853536e-02 -1.37002473e+00
 -5.18558029e-01 -4.04306615e-01  1.54417059e+00  9.29264147e-01
  5.04373385e-01 -3.48011770e-01  1.06137045e+00  9.42427295e-01
 -1.63531044e+00  2.68180447e-01  1.90878938e+00 -5.53378810e-01
  1.53710885e+00 -1.34963776e+00 -1.08062145e+00  1.42821540e+00
 -3.89912809e-01 -1.78016690e+00 -2.97423597e-01 -1.37565820e+00
  6.39502691e-02 -6.36958519e-01 -6.17846013e-01  2.94418624e+00
 -7.81475182e-01  5.98880632e-01 -1.07926844e+00 -1.42745584e+00
 -1.78562823e+00  7.05095916e-01 -8.63072158e-01  1.40586631e+00
  5.11356477e-01 -1.19856043e-01 -5.20756272e-01  1.90644836e+00
  7.40389526e-01 -3.39624377e-01  3.75446328e-01 -5.94506528e-01
 -2.45683375e+00  1.09848964e+00 -5.34783931e-01  1.07138083e+00
 -1.21865714e+00  1.10891381e-01 -1.32278450e+00 -9.42587381e-01
 -4.84199665e-01 -2.41924498e+00 -8.14510188e-01  5.11259611e-01
 -1.77215656e+00  1.73160919e+00 -2.11298862e-01 -1.54508321e-01
  1.04978648e+00 -1.42601184e+00  1.05512174e+00  5.07387731e-01
 -1.16271744e+00 -1.26219104e+00 -8.29430043e-01  1.10266897e+00
 -1.35440086e+00  6.82785747e-01 -1.16496605e-01 -1.03705127e+00
  1.04641566e+00  1.50343593e+00  5.22745240e-01 -1.71935699e-01
 -5.12078923e-01 -5.96666985e-01 -7.69335424e-02 -2.22400035e+00
  1.10773462e+00  2.59095874e-01  2.37265823e-01  3.91199557e-01
 -2.00735950e-01  7.62546823e-01  3.10741264e-01 -8.35786664e-01
 -1.93175134e+00  1.79475185e-01  1.04040272e-01 -8.79243369e-01
 -7.42254317e-01  5.84302259e-01  8.93882175e-01  1.68194473e-01
  1.11196457e+00  2.07166290e+00 -1.83900185e+00 -2.89459972e-01
  1.02444844e+00 -6.75706285e-01 -4.75972022e-01  7.72637619e-01
 -1.18652557e+00  2.39121230e+00  2.48788901e-01  8.68349774e-01
 -7.12601070e-01  3.50331064e-01  1.57205751e+00  1.15135570e-01
  1.63546686e+00  8.54408772e-01 -1.47217216e+00  7.64569305e-02
  6.55593094e-02  2.26033454e-01  6.22884065e-01  5.25861181e-01
 -1.80676305e-01  3.17834625e-01  2.47224418e+00 -9.74078030e-02
  2.37111421e+00 -3.04449441e-01  1.76262150e+00 -1.15721406e+00
  1.15378511e+00 -2.13005157e-01 -5.66941811e-01 -5.18311713e-01
  2.22713026e+00  8.22168788e-01 -2.45806873e-01  1.50430464e+00
  2.14972699e+00 -9.41505445e-02 -2.24959514e+00 -1.68456047e+00
 -3.96122874e-01  2.10724009e-01 -6.20677478e-01 -9.79975467e-01
  2.16856456e-01 -2.08799219e-01  1.08174148e+00 -1.50825537e+00
  1.11094565e-01 -4.94577377e-01  8.19922320e-01 -3.96926125e-01
 -1.48234200e+00 -1.09135864e+00  1.42012801e+00  3.25051810e-03
  1.57242393e+00  1.23561517e+00 -1.60037582e+00 -6.51835834e-01
 -9.00688784e-02 -8.37593392e-01  3.44975047e-01  1.04624449e+00
  1.27124150e+00  8.14309437e-01  1.12042306e+00  1.16171628e+00
 -7.61518298e-01 -8.38565460e-01  8.64777859e-01 -2.11513471e-01
  1.85214008e+00  6.94911793e-01  1.99040694e-02 -5.53179925e-01
  1.10725338e+00  1.14477357e+00  7.64800898e-01  8.21834163e-01
 -2.38151130e-01 -5.28200166e-01 -2.13346783e-01  2.14458981e-01
 -1.28311553e+00  1.78364018e-01  1.26648309e+00 -8.02697945e-01
 -3.05638572e+00 -5.29964383e-01  9.87837387e-02  4.70988050e-03
  5.90278671e-01 -5.23031174e-01  2.27973852e+00 -4.28558141e-01
  1.67382359e-01 -8.20586363e-01  8.50066831e-01 -4.39823155e-01
 -8.49013406e-01 -8.86624503e-01  3.12967757e-01  2.95008180e+00
  1.40806863e+00 -4.95225944e-01 -8.50016482e-01  1.34081624e+00
 -1.55936273e-01 -2.57102066e-01 -6.61692737e-01 -2.13075529e-01
  2.66513635e-03  8.62408124e-01  6.46404357e-01 -6.47745586e-01
 -1.78459370e-01  8.72415734e-01  1.10337852e+00  1.61175384e+00
  1.46040311e+00 -8.13752776e-01 -6.33376005e-01 -4.58278331e-01
  3.01614618e-01 -2.36365852e+00 -2.35042641e-01 -5.08198101e-01
  2.72667277e-01 -1.44118557e+00 -4.72987183e-01  1.27239329e+00
  2.91711669e-01 -1.12952242e+00  5.43328682e-01  1.34205805e+00
 -1.19253050e+00 -4.61811974e-01 -9.10650400e-01 -5.15425253e-01
  3.00513925e-01  3.05804088e-01  2.71205015e-01 -4.76767958e-01
  1.78963865e-01 -3.50380875e-01  2.14457704e-01  2.14618965e+00
  7.30888415e-01  1.35106896e+00  4.12866172e-01  3.39202368e-01
 -6.22719358e-01 -8.80559648e-01 -2.93237825e-01  1.42410161e+00
  3.97165650e-01  6.58617688e-01 -1.52249727e-01  9.06474284e-03
  9.57143136e-01 -8.35747038e-01  7.68098829e-01 -7.56687343e-01
  1.06250652e+00 -8.57304190e-01 -4.97817570e-01 -4.67617080e-01
  1.67441539e+00 -1.40909997e+00 -6.78758508e-01  1.61186310e+00
 -3.22890712e-01 -5.54601380e-01 -1.48586426e+00 -1.13101643e+00
  1.61931718e-01  8.78573467e-01 -3.01001568e-01 -4.06103090e-02
  1.74338653e-01 -8.12975572e-01 -1.11662799e-01  3.82526089e-01
  4.99611530e-01 -6.13649855e-01  1.33096052e+00  1.40824374e-01
  1.15096421e+00 -1.24970366e+00  1.06964615e+00 -6.54326784e-01
 -1.76672433e+00 -6.11016748e-01 -7.34498029e-01 -3.86831586e-01
 -2.07434795e+00 -1.45536942e+00  8.35025273e-01 -5.32578666e-01
  1.11432200e+00  8.47555249e-02 -8.66444420e-01 -1.68829618e+00
  1.82075521e-02 -1.21903501e+00 -7.82702340e-01 -2.20128479e-01
 -3.44739532e-02  1.94504911e+00  8.63955815e-01 -1.64097076e+00
  5.98612997e-01 -5.86890238e-01  1.15020551e+00  9.49408864e-01
  8.62550782e-01 -5.51784013e-01 -1.07309747e+00 -8.62280445e-02
 -3.69177802e-01 -9.38569178e-01 -9.72278745e-02  9.71743795e-01
 -7.80472955e-01  6.56865891e-02  3.65873438e-01  1.90570279e+00
  5.06937115e-01  2.72546617e-01  5.41020334e-01 -3.28581225e-01
 -1.83218988e-01 -3.64163712e-01 -4.77833719e-01  1.01246452e+00
 -1.36169718e-01  1.07466775e+00  2.78411489e+00 -2.56473441e-01
  1.85953717e+00 -1.10469159e+00 -1.64360146e+00  8.02743170e-01
 -1.67616768e+00  5.38861190e-01  1.21615391e+00  1.43246306e+00
 -5.53654240e-01 -1.26244835e+00  1.06584859e+00 -9.17361103e-01
 -1.86810348e+00  1.95473658e+00 -1.43765661e+00 -2.05726804e+00
  4.77205637e-01 -2.75397233e-01 -1.06394678e+00 -5.51782620e-01
  4.81373193e-01  1.28887936e+00  5.07686312e-01  1.59600522e+00
 -1.54611843e+00  7.34210350e-01 -5.66308198e-01 -1.02201337e-02
 -9.96936634e-03 -5.41267058e-01 -6.97655231e-01  1.52438218e+00
  1.26078834e+00  2.28100493e-01 -1.45859502e+00  6.31222223e-01
 -2.58631325e-01 -2.13858105e+00  1.00119337e+00  7.92099319e-01
 -6.12267601e-01  3.40933968e-01 -6.11643637e-01  1.23043845e+00
  1.53096326e+00 -4.34671363e-02 -1.57742171e+00 -1.26883943e+00
 -5.68984938e-01 -4.86918945e-01  1.53107090e-01  1.96625562e+00
  4.04973619e-01  9.99314367e-01 -1.95348786e-01 -2.97492584e-01
  5.15419145e-01  1.53362959e+00  8.22771312e-01 -1.91904178e-01
 -4.57692304e-02 -1.19573479e+00 -6.84567186e-01  7.78249071e-01
 -2.62430486e-01  1.03160156e+00 -1.98101754e-01 -4.95577710e-01
  6.83312549e-01  5.97032213e-01 -6.86231468e-01  5.76408899e-01
 -4.14613697e-02 -6.49117486e-01  6.47718828e-01  9.07720247e-01
 -5.59110998e-01 -6.65591371e-02 -1.14210061e-01 -1.21848356e+00
 -2.34486614e-01 -3.47187598e-01  4.62169226e-01 -1.52839041e+00
  7.78304321e-01  9.88576265e-01  1.61927486e+00  6.60351939e-01
 -1.73683983e+00 -2.89710996e-01  3.94226992e-01 -5.87306727e-01
  3.06628971e-01 -1.12331149e+00  2.29283003e-01  1.42840105e+00
  1.58470807e-01  5.34205049e-01  7.04956511e-01 -9.32726030e-01
  3.92324428e-01  2.28631150e-01  7.29581188e-01  3.26676165e-02
 -7.03144817e-01 -1.54935673e-01 -1.10383783e+00 -9.05809859e-02
  4.01560027e-01 -2.99215772e-01  3.72240287e-01 -1.01418452e+00
  5.09364628e-01  1.18849091e+00  7.38275892e-01 -9.74295379e-01
  1.22667748e+00 -1.01773759e+00 -8.42949027e-01  1.19107022e+00
  4.52620722e-01 -5.25537105e-01 -1.51581863e+00 -2.96412198e-01
  2.00301100e+00 -1.86315642e+00 -3.09719779e-01  3.04419995e-01
  6.51192170e-01 -3.58917873e-01  1.13076694e-01 -2.20287595e-02
  2.88288003e-01 -6.61136457e-02 -3.10598291e-01 -9.32222514e-01
  2.23329513e+00 -1.84014571e+00  6.29962103e-01  7.18942958e-01
 -1.77392287e+00  5.57838908e-01 -7.24979387e-01  6.99960156e-01
 -1.34065314e+00  6.09454702e-01  7.03974772e-01  5.53017947e-01
  3.55215212e-01  2.07608537e+00 -9.05657641e-01  2.41514113e-01
 -1.31055510e-01 -6.53014707e-01  1.68057155e+00 -2.61682022e+00
  6.98358723e-01 -1.62483962e-01  1.51222011e+00  5.18213060e-01
  1.78587200e+00 -8.56828251e-01 -1.50883162e+00  5.64180594e-01
 -4.69556280e-01  8.57551485e-01  5.59685135e-01  7.53879131e-01
  2.72032615e-01 -5.94923770e-01  7.14472235e-01 -4.92347267e-01
  1.99803121e-01 -5.87202212e-01 -6.35618907e-01  2.14379457e+00
  3.09857395e-02 -1.72545467e-02  1.64875080e-01 -7.56993896e-01
  1.62677805e+00 -3.73001976e-01  2.39714132e-01 -6.46524010e-01
  1.56130311e-01  1.43574333e+00  7.92487806e-01 -2.07262498e-02
  3.18717799e-01 -1.16903094e+00 -7.83051419e-01 -1.48263466e+00
 -5.74157685e-02  1.00053486e+00 -1.10718178e+00 -1.63584157e-01
 -2.18015461e-01  1.89036454e+00  3.64064763e-01  9.46915783e-01
  2.41106853e+00  1.20343657e-01  3.51116722e-01 -3.25697284e-01
  2.49014166e-01 -1.09616033e-01  1.78612571e-01  1.22124694e-02
 -9.05533515e-01  1.05952902e+00 -1.54880036e+00  2.47689391e-01
  1.03485434e+00 -1.39323633e+00 -3.47703973e-01 -3.56048896e-02
 -2.40459569e+00  1.60399346e-02 -6.35489879e-01  1.47978855e-01
  4.41181570e-01  6.93841529e-01  4.59135943e-01  7.32909408e-02
 -1.50237164e+00  1.57456006e+00 -5.68718180e-01 -1.82822198e-02
 -5.45458752e-01 -1.79229695e+00 -2.83523356e+00  1.00535112e-01
  7.99126071e-01 -1.09350432e+00  9.64948493e-01 -3.64089347e+00
 -4.59906615e-01 -1.08177911e+00 -1.03268312e+00 -1.60588323e+00
 -6.46341016e-01  3.25598534e-01  5.78383339e-02  2.69296952e+00
  1.04747744e+00  1.64911382e-01 -3.89992763e-01 -9.42085426e-01
  9.64765637e-01  4.22829199e-01  1.04101107e+00 -1.08517026e+00
 -1.07431596e-01 -1.93413981e-01  8.01468019e-01 -8.53609738e-01
 -1.28880150e+00 -8.35960466e-01  6.96962305e-01  2.44067592e+00
  4.44604401e-01 -8.31259242e-01 -6.36840339e-01 -2.99520754e-01
 -3.94764263e-01 -1.38063158e+00  1.50706394e-01  1.88811223e-01
  5.03212419e-01  7.19356643e-01 -3.17712751e+00 -1.36861672e+00
 -2.16350329e+00 -2.25210045e-01 -2.27048944e+00  7.26359104e-01
 -2.36157505e-02 -7.21896579e-01  1.09455767e-01  1.66421245e+00
  1.58265703e+00 -1.27771098e+00  5.96556879e-02 -4.92316607e-01
 -2.79735762e-01  3.72506693e-01 -4.96804733e-01 -2.68302866e-01
 -1.62289118e-01 -8.31827751e-01 -2.66954738e-01  1.62707747e-01
  1.55335068e+00  7.80906043e-01 -8.37227759e-01  7.95237205e-01
  8.01294493e-01  1.00396409e+00  9.01774046e-01 -2.22200259e+00
 -3.58260569e-02 -1.68087964e+00  1.50133976e+00  1.40201798e+00
 -4.47520820e-01 -1.48764795e-01 -1.95150712e+00 -6.30203444e-01
  4.92574826e-01 -1.32101270e+00  3.19648726e-01  2.28685575e+00
 -2.95176926e-01 -7.59411374e-01 -6.25206295e-01  1.10445729e+00
  9.89959482e-01  8.20683333e-02 -4.81778756e-01  9.97778910e-01
 -6.57586994e-01 -8.34638626e-01 -9.27529953e-02 -4.67589871e-01
 -1.77562639e+00  1.50604550e+00 -3.26095107e+00  8.97090537e-01
 -8.59271259e-02  5.59558462e-01  1.38333122e+00 -1.07895750e+00
 -9.09493767e-01 -1.97360002e+00 -1.69212599e+00  2.17706612e+00
  4.82656277e-01  5.34804062e-02  4.71911346e-01  6.55736813e-02
 -1.49029209e+00 -1.82885160e-01 -1.59283267e-01  9.03667838e-01
 -6.03610481e-01  3.20723964e+00 -1.23847422e+00 -4.53873735e-01
 -6.34843849e-01  4.81152577e-01  5.77111532e-01 -1.15082816e+00
  1.13744170e+00  6.92484013e-01 -2.00119479e+00  6.27301350e-01
  3.02557376e-01  7.42119323e-01  1.65532847e+00 -1.46712898e+00
 -1.23704000e-01  1.23685494e+00  1.01608485e+00 -4.51626824e-01
 -3.75454659e-01 -1.22966967e-01 -2.26262252e-01 -1.58533510e+00
  7.45130888e-01 -1.38438640e+00  1.65802583e+00  1.62885615e+00
 -9.89568811e-01  8.29480823e-01 -9.50819999e-01 -5.98280503e-01
 -5.14182770e-01 -5.75716147e-01 -4.13438832e-01 -1.56195795e+00
 -4.36494120e-02  1.97657695e-01  1.03572269e+00 -2.01269430e-01
  6.67301887e-01  3.77205858e-01  3.50535354e-01 -2.68802164e-01
 -2.09402912e-01 -7.41548377e-01  2.22596849e+00 -7.49695920e-01
 -5.40569352e-01 -1.13213126e+00  9.12155643e-02 -1.98599202e-01
 -3.05905272e+00  6.97431306e-01 -1.61202868e-01 -9.92630791e-01
  1.03394046e+00 -8.45000688e-01  2.30802679e-01  2.49831150e+00
  2.94445043e-01 -8.09598833e-01  3.76400858e-01  1.57559972e+00
 -3.99292445e-01 -2.90804636e-03  2.99128100e-01  9.49934382e-01
  1.15101540e-01 -4.05295696e-01 -1.14367315e+00 -2.48927901e-01
  5.10636387e-01 -2.65714090e-01 -2.18123464e-01  3.08571540e-01
  7.18631627e-01  5.00778829e-01  2.28749707e-01 -3.48972967e-01