 1.18089313e-01 -9.46699369e-01 -2.87017750e-01  1.23923595e+00
  3.01984273e-01 -1.96090778e+00 -1.49892585e+00 -1.52933260e-01
 -1.07781916e+00  6.76978537e-01  1.23952628e-01 -1.02933609e+00
 -7.79364781e-01 -1.46897101e+00  3.79634718e-01  6.16322674e-01
 -1.09121129e+00 -1.71353690e+00  1.12597627e+00  2.42146927e-02
 -9.35596172e-01  6.28473107e-01  1.97495689e-01 -1.17785408e+00
  1.66002134e+00 -2.07587843e-01 -4.14743137e-01 -4.95854274e-01
 -6.63998320e-01 -2.04837045e+00 -9.82153430e-01 -8.86066077e-01
  1.44124063e-01  2.13240843e+00 -4.98288020e-01  4.74257993e-01
  2.00802044e-01 -9.31841302e-01 -1.25519599e+00  2.79748626e-01
  1.22521169e+00 -6.93463504e-02  4.68181469e-01 -1.27315749e-01
 -1.10593586e+00  1.31807410e+00 -4.81778852e-01 -1.63253422e+00
 -1.40718531e+00  8.86465865e-01 -3.48295648e-02 -2.24074091e+00
  7.35204153e-01 -1.14841591e+00  9.98422904e-01  7.69286397e-01
 -2.45268373e-01 -1.12358538e+00  8.42058694e-02  3.18019737e-01
 -8.73704891e-01 -9.33178903e-01  1.80699002e+00  4.04715870e-01
 -1.23417728e+00  1.08642846e+00  1.62127000e+00 -5.34749556e-01
  1.11388320e+00  8.09667845e-01 -1.54390934e+00 -8.75074480e-01
  7.10074821e-01 -4.47261833e-01  2.31253745e+00 -1.23361429e+00
  9.17789109e-01  6.03984452e-01 -1.21233373e+00  1.04412376e+00
  8.62205931e-02  2.94344441e-01 -7.71458596e-01  1.50603366e-01
 -7.99468362e-01  2.32909115e-01 -2.66260247e-02  2.43949022e-01
 -6.84409686e-02  2.73985729e-01  1.38516619e+00 -1.59956485e+00
  4.04725339e-01  1.29921215e-01  6.39366719e-02  8.82733860e-01
  1.11206155e-02  1.59020806e+00 -7.41474560e-01  2.94708269e+00
  4.71351025e-01  1.64393680e+00  1.55177770e-01 -7.43591987e-01
  4.51950035e-01 -9.55343641e-01 -6.25888708e-01  1.75996729e-01
 -1.14218574e+00 -8.93852755e-01 -1.09571932e+00  1.30421851e+00
  3.20134946e-01  4.55769518e-02  6.37180138e-01  2.65030919e+00
 -1.41557425e+00 -6.42513578e-01 -6.01403842e-01  2.56138977e+00
  7.50129047e-01 -8.41011553e-02 -1.08294704e+00 -8.66984376e-01
  9.42857665e-01  8.21230877e-01 -2.01891364e+00 -1.45091923e+00
  2.07641774e-01 -1.41188657e-01  8.86629587e-01 -4.04244566e-01
 -6.85518015e-01  8.93162146e-02  2.10960217e-01  8.03981045e-01
  1.66399384e-01  4.63794428e-02  3.99558957e-01  1.58368385e-01
  7.48734524e-01  1.31735134e+00 -7.58099953e-01  3.73524482e-02
  1.41288755e+00 -1.28108011e+00 -5.12544966e-01  1.74912998e+00
 -4.15216843e-01  7.59451922e-01 -1.64233867e-01  3.49892585e-01
  1.26830546e+00  3.62213021e-01  6.11228670e-01  3.14470244e-01
  9.25369303e-01 -9.69166606e-01  1.57122635e+00 -2.71917068e+00
  1.45938418e+00  4.10075285e-01 -1.67103490e+00  2.98525657e-01
 -4.99345212e-01  1.20919239e-01  5.09715669e-01 -1.33213636e+00
  4.47396906e-01 -1.68699993e-01  1.66943229e+00 -7.31776372e-01
 -5.95824638e-01 -2.70617464e-02 -1.72303073e-01  3.58518443e-02
 -4.89345527e-01  5.88592621e-01 -1.56645099e-01 -5.28730675e-01
  2.75642169e-01 -1.09908978e+00  2.29082897e-01  1.06400629e+00
  1.24919409e+00  2.71165299e-01 -5.09932458e-01  2.26938648e-02
 -3.03848272e-01 -1.18126843e+00  4.66435450e-01  1.27929738e+00
  3.54945038e-01  2.02368612e+00  1.24972394e+00  4.33170920e-01
 -1.53366904e+00  8.45214398e-02  2.46153241e-01  2.40613307e+00
  1.29971422e+00  1.32924979e+00  1.02380080e-01  3.98054629e-02
  5.97811725e-01 -1.68200345e+00  4.23614268e-01 -1.32971105e+00
  1.86590212e+00  6.74663217e-01  1.05170684e+00 -2.07022921e+00
  4.65794731e-01 -1.26626904e+00  1.60581867e-01  4.84247445e-02
  5.64133222e-01  2.32554826e+00  8.92527830e-01 -5.50709750e-02
 -4.89047275e-02 -1.35581367e-01  6.93406620e-01  8.06128570e-01
  5.81478395e-01  1.06226286e+00  1.17498094e+00  4.38611039e-01
  5.28917485e-01 -2.92792606e-01 -7.66174336e-01 -3.29924142e-01
  8.66002904e-01  9.30933074e-02 -6.42441918e-01 -1.21650795e+00
  3.69073426e-01  3.43600284e-01  4.55747972e-01 -6.64865732e-02
  2.37335903e+00  7.01080633e-01 -1.65074739e-01 -5.15304345e-01
  1.47331249e+00  1.48233179e+00  1.54140613e+00 -1.58045575e+00
 -9.32468493e-01  3.24923263e+00 -1.72821883e+00  1.34077616e+00
 -1.38487871e-01 -4.78249469e-03  1.97100435e+00  1.43948769e+00
 -2.31007505e-01 -2.44360720e-01 -3.62661126e-01 -8.89975668e-01
 -5.83971431e-01  4.59924519e-01 -4.36973502e-01 -1.45884297e+00
  1.37430559e+00 -3.84308063e-01  6.01143648e-02 -4.47476421e-01
 -3.06037569e-01 -9.39338675e-01  2.23832781e-02  2.57245334e-01
  1.76957471e-01 -1.61799615e+00  2.33089081e-01 -2.58690519e-01
  7.93611154e-01 -1.83102645e-01 -2.10134029e+00  1.30541615e+00
 -7.82835323e-01 -1.66907998e+00 -1.10006034e+00 -1.01846337e+00
 -4.34748558e-01  6.31226956e-01  2.28188215e+00  6.49332452e-01
  1.14090062e+00 -7.35420500e-01 -3.53428098e-01  5.61485309e-01
 -6.46267747e-01  1.44102885e-02 -7.19926685e-01 -1.21083083e-01
 -4.49936275e-01  9.94395592e-01 -1.29834982e-02  6.23895272e-01
 -6.93239081e-01 -2.87379784e-01  5.52866975e-01  1.12886107e+00
  2.74724584e-01 -5.96985955e-01  7.20460933e-01 -7.99023960e-01
  3.93245412e-01  1.85094427e+00  3.39692744e-01  1.82451465e+00
 -7.21824361e-02 -2.22528574e+00  4.85727401e-01 -5.28308566e-01
  3.50582148e+00  1.35351389e-01  2.15982428e-01  8.81082906e-02
  7.85303473e-01  4.14489960e-01  3.81407740e-01  1.08324142e+00
 -5.23982563e-01 -1.15322099e-01 -6.43417731e-02 -1.44024588e-01
  1.18059304e+00  1.95322992e+00  1.16744589e+00 -5.81522150e-02
 -3.12344974e-01 -2.23530923e-01  5.59557370e-01 -1.13132619e+00
  8.16432680e-01 -4.30019295e-01 -7.99259190e-01 -7.83209170e-01
  5.19262715e-01  1.23131294e+00 -1.05876471e-01 -6.95788545e-01
 -1.30904109e+00  3.28445944e-01  1.01424488e+00 -1.26023484e+00
  7.30760722e-01 -2.81202531e-02 -3.13235330e-01  1.28593275e+00
  7.42116218e-01  1.12180184e+00  9.94858926e-01 -1.15363827e+00
 -2.26241687e-01  1.83276498e+00 -1.19215934e+00  6.93884483e-02
  3.26120367e-02  1.08223963e+00  1.22787963e+00 -1.91995486e+00
 -3.79246476e-01  4.92448490e-01 -2.11325109e+00  2.04253777e+00
  2.97837131e-01 -1.07788421e-01 -9.84553823e-01  8.45550710e-02
 -1.36632416e-01  6.97752388e-01 -5.01702845e-01 -1.37531984e+00
 -4.36316838e-02  3.81794585e-01 -1.84242331e-01 -1.15742232e+00
 -5.70974955e-01 -5.49232995e-01  1.74476277e+00 -6.10200009e-01
 -8.37983944e-01 -1.23512425e+00 -1.98440836e+00 -1.59573181e-01
 -4.25572615e-01 -4.58827037e-01  6.64568483e-01 -4.56703065e-01
 -7.94730535e-01  9.37675020e-01 -4.74417162e-01 -1.11316959e+00
 -5.75340204e-01 -4.46678146e-01 -3.46539399e-01  5.96626992e-01
 -2.91929291e-01  1.16963090e-01  3.34405791e-01  4.06768243e-01
  1.14970223e+00  2.35028971e+00  1.80657390e+00 -1.13414541e-02
  1.48222451e+00 -3.09067150e+00  2.83194136e-01  8.13165036e-01
  1.23018427e+00 -1.72691837e-02 -8.65221089e-01 -7.42609443e-01
  6.80642651e-01  1.57808443e+00  1.24707166e+00  1.91567676e-01
  1.44889678e+00  4.65812445e-01 -9.86608737e-01 -1.24070690e+00
 -1.29890831e+00  4.52169773e-02 -6.82747596e-01  7.36821446e-01
  5.11443181e-01 -4.93784422e-01 -3.36155186e-01  9.85535423e-02
 -2.22137721e-01  1.04974716e+00  8.01476447e-02 -1.86786599e-01
 -1.62000555e+00 -7.61166375e-01  2.96734076e-01 -5.52450079e-01
 -1.24807727e-01 -2.97822038e-01 -5.77714114e-01 -1.63511198e+00
  1.70415406e+00  9.69118569e-01 -8.77169582e-01  1.46049638e+00
  1.61775336e+00 -2.75174346e-01  1.06374329e+00  3.13044747e-01
 -3.46293779e-01 -1.73876433e+00  8.81022902e-01 -1.95568595e+00
 -1.24452582e+00  1.21369740e+00  1.93074546e+00 -2.09063879e+00
 -2.16273154e+00  1.63182461e-01  1.45735904e+00  7.96372724e-02
 -1.59000301e+00  1.43869157e+00  5.29122179e-01 -1.35861764e-01
 -1.39304128e-01  1.32287214e+00 -4.92343582e-01 -3.07836854e-01
 -4.11927171e-01 -2.22510645e+00  1.17592981e+00  2.65388451e-01
 -2.27756230e-01 -1.70076279e+00  4.75011099e-01  2.25658787e+00
 -1.15540860e+00  1.28138596e+00  2.00098612e-02  3.27667685e+00
  6.03721385e-01  7.96091859e-01 -7.98868876e-01  1.21075280e+00
  1.65046290e-01 -6.95649987e-01 -2.99477431e-03 -7.78721497e-01
 -4.57758151e-02  1.06697794e+00 -1.05325774e+00  2.26780190e+00
 -9.70551769e-01  4.51792537e-01 -6.04108156e-01  1.05409345e+00
  1.33454132e+00  3.09956895e-01  2.24484401e+00 -8.41914827e-01
  4.65439210e-01 -5.25660025e-01 -1.59428034e+00  1.71465642e-02
  1.78201049e-01 -6.92992740e-01 -5.88346114e-01  1.32189403e+00
 -2.36671532e-01 -8.41643763e-01 -4.20334208e-02  8.13479871e-01
 -1.84109445e-01 -1.80809623e+00 -2.41720625e+00 -2.73658289e-02
  1.93285584e+00  2.26958159e+00  2.14335265e-01 -2.07353522e+00
 -4.19789362e-01 -2.48574259e-01  1.21627461e+00  7.73067241e-02
  9.05831112e-01 -1.22079775e+00 -1.79501263e+00  8.95401131e-01
 -5.65054721e-01  5.97150439e-01  2.28881042e+00  1.64184828e+00
 -2.05625739e-01 -1.71038615e+00 -4.66708054e-01 -1.60501326e-01
  5.90839861e-01  7.82556525e-01  7.66477465e-01 -1.73195197e+00
 -3.89204812e-01  1.07307036e+00  1.38481863e+00  5.20801149e-01
  1.08419543e+00  3.93604081e-01 -1.79421968e+00  7.26815452e-01
  1.17525011e+00 -2.78715910e-01  1.30372910e+00 -5.37403398e-01
 -4.38714949e-01 -2.73111947e-01  6.35782858e-01  1.28728089e+00
  6.74917557e-01 -1.14940869e+00  7.62000586e-01 -8.79606244e-01
 -1.10661313e+00  1.36105361e+00  5.05458897e-01  1.85919454e+00
 -7.36229229e-01 -2.73186413e-01  6.98759820e-01  5.69642928e-01
  7.16610490e-01 -5.49904940e-01  1.26154143e+00 -2.50614197e-02
 -1.32075926e+00  2.40294421e-01  5.39142937e-01 -1.13023427e+00
  7.24798577e-01  4.31369902e-01 -5.83107929e-01 -1.64886358e+00
  4.25146748e-01 -1.66807354e+00  6.46294783e-01 -5.41733038e-01
  7.59692308e-01 -6.27044517e-01 -4.52223870e-01  3.34543468e-01
 -7.60599651e-02 -3.50331473e-01 -5.18213881e-01  1.53478122e+00
  1.22568779e-01  1.76660116e+00 -7.08942696e-01  1.77239717e-01
 -8.60635454e-01 -3.59462566e-01 -2.53034565e-01 -1.40240943e+00
 -4.61576581e-01  1.88556934e+00  4.17584601e-01 -3.48758533e-01
 -5.91642802e-02 -2.19368784e+00  1.21575790e-01 -1.64875131e+00
  1.65139175e+00 -1.44284371e-01 -4.43072975e-01 -1.63908972e+00
 -6.57972005e-01  8.23743869e-01 -3.20482694e-01 -1.18983511e+00
  2.15772443e-01 -4.37445297e-01 -3.21825688e-01 -4.98091980e-01
  7.27286440e-01 -6.82530792e-01 -1.24817181e+00  7.59349610e-01
 -1.03230541e+00 -2.54774445e-02 -6.16596850e-01  1.07331247e+00
  7.03525637e-01  1.03739855e+00  8.18536778e-01  3.79251358e-02
 -3.03668181e+00 -9.17533199e-01  6.19962400e-01 -4.04987156e-02
 -3.88706383e-01 -1.44008631e+00 -2.16914780e-01  1.01701586e-01
 -2.31527189e+00  5.15058526e-02  1.83883553e-01  1.71968249e+00
  6.00331386e-01  2.83875066e-01 -7.59687174e-01 -1.05349829e+00
 -1.91764550e-01  2.44810572e-01 -6.52325927e-01  2.55375456e+00
  2.00238804e-01 -8.02107522e-01 -2.01075575e+00 -4.78137524e-01
  1.13842020e+00 -1.98219186e-01 -6.95883434e-01 -1.07740459e+00
 -1.22509845e+00  9.06310868e-01 -1.78984298e+00 -4.75868501e-01
  7.71890613e-01  1.01578130e+00 -3.73627591e-01  6.22649576e-01
 -1.96911968e-01  8.48246929e-01  5.73569699e-01 -2.72361023e-01
  9.79554296e-01 -4.46098327e-01  1.10183748e+00  5.40816332e-01
 -3.26775415e-01  1.95714894e-01 -2.68649860e-01 -6.22255676e-01
  1.62769628e+00 -9.85097456e-01 -2.43669238e-01 -2.38098140e-01
  1.76823796e+00 -7.53726227e-02  2.24614825e+00 -6.40588567e-01
  1.34065533e+00  1.45684901e+00  3.11023496e-01 -1.61589532e+00
 -7.33780121e-01  1.47591234e-01 -3.63679051e-01 -1.83198326e+00
  1.18179222e-01 -1.83550169e+00  6.20801470e-01 -5.11020880e-01
  3.76906050e-01 -1.10941230e+00  4.82548658e-01  5.35642713e-01
 -8.58383136e-02 -5.79647996e-01 -1.12856049e+00 -6.03380024e-01
 -3.34740688e-01  2.64049268e+00  1.00135090e+00 -1.19185113e+00
 -7.47863309e-01 -4.47832848e-01  1.24903452e+00  4.42109518e-01
  4.85930100e-01 -2.93447164e-02 -1.34396166e+00 -1.60792024e-01
 -4.29609366e-01  1.64080133e+00 -1.06001536e+00 -1.07202613e-01
 -5.28067984e-01 -6.59084676e-01  1.26881229e-01  2.07376587e-01
  1.56200209e+00  5.07781597e-01 -8.17730535e-01 -3.61472678e-01
 -4.57742152e-01  2.44555506e-01  1.60134873e+00  7.63382615e-01
  3.30104503e-01 -1.06675002e+00 -1.57927128e-01 -2.34619048e+00
  3.34191337e-01 -7.64026085e-01  9.82097859e-01 -2.89756518e-01
  4.94772198e-01  9.00815991e-01  1.11182418e+00 -6.44141415e-01
  1.38561901e+00 -1.39009269e+00 -2.87343156e-01  2.67994381e-02
  1.43712144e-02 -3.48197581e-01 -7.29745730e-01  9.47268584e-01
  9.27299150e-01  1.57812200e+00 -2.29301762e-01 -1.28495773e-01
 -7.30192074e-01  1.33802144e+00 -8.62945187e-01 -1.07588972e+00
  9.40512933e-01  1.44071673e-01 -1.53942867e-01  6.73531509e-01
 -8.65756711e-01 -1.55168997e-01  1.48006414e+00 -2.96411387e+00
 -1.37682680e+00 -6.36943146e-01  4.04090828e-01 -6.53802241e-01
 -1.71345734e+00  1.03948211e+00 -4.80499948e-01  2.09906653e+00
  1.23832663e+00  9.70773900e-01 -1.38050120e+00  4.17076363e-02
 -9.39375900e-01  5.13728174e-01  1.80647914e+00 -7.33873711e-01
 -1.20039889e+00  2.75809563e-01 -1.00842485e+00 -1.05851225e-01
  8.14167147e-01 -1.10467956e+00 -4.17738037e-01 -1.23055979e+00
 -8.30411708e-01 -7.82845446e-01  4.97247234e-01  8.75620976e-01
  4.18578107e-01 -3.21338757e-01 -1.48026190e+00 -1.37908377e+00
  1.30194259e+00 -4.31063337e-01 -1.82063527e+00  4.96146118e-01
 -1.98787415e-01 -3.33239134e-01 -7.95947429e-01  1.00015718e+00
 -3.03415288e+00  1.57738953e+00  2.97857228e-02  1.28542466e+00
  1.08572403e+00 -3.28529241e-01  3.20002209e-01  2.31758240e-01
 -6.85967384e-02 -9.40089561e-02  1.57652938e+00  1.95250460e-01
 -1.64871150e+00 -9.72416475e-01 -7.20548577e-01  2.29626578e+00
 -1.24629592e+00  8.58703264e-01  1.14647540e+00  2.18929150e+00
 -4.50833442e-01 -9.00415651e-01  3.29914085e-01 -5.57838884e-02
 -1.04373441e-01  5.76174788e-01 -3.85015575e-01  7.55945832e-01
 -4.35603919e-01 -1.06361224e-01  1.90615210e-01  2.15523204e-01
  6.42480655e-02  5.24971730e-01 -4.40512666e-01  1.04654508e+00
 -1.24036785e-01  1.36683087e+00  8.11623910e-01 -1.81245276e+00
  1.12577131e+00  5.67299170e-01  7.18966634e-01 -6.82478150e-01
  3.72901542e-01  4.40996759e-01 -6.46203557e-01  7.82871456e-01
  3.61077033e-01 -1.95417397e+00  9.54605826e-01 -2.39159692e-01
 -2.42848061e-01  3.88603782e-01  8.19246172e-01  2.33332322e-01
 -3.57789845e-01 -4.20269002e-01 -6.15995187e-01  2.74723166e-01
  4.59249412e-02 -1.59639376e+00 -4.04225067e-01  5.45985561e-01
 -5.90320072e-01  1.55992024e+00  9.39731786e-01  9.10452365e-01
 -1.94768280e+00 -1.46605191e-01  7.73266375e-01  2.11526983e-01
 -1.55886069e+00  9.35185055e-01  5.62099078e-02  1.85301375e-01
  2.66405279e+00 -1.56455731e+00  1.33554162e+00 -4.98520544e-01
  5.28536657e-01 -3.71578613e-01  1.65968049e-01  1.26512790e+00
  7.65687443e-01 -9.15773037e-01 -8.49305742e-01  1.47310292e-01
  5.79521709e-01 -1.25402087e+00 -1.39413446e-01 -4.71532327e-01
  4.44177306e-02 -4.31303421e-03  1.13761997e+00 -9.68259256e-01
  1.80562962e+00  3.74619366e-02  2.68303044e-01 -1.27888759e+00
  4.81531825e-01 -1.94379178e-01 -3.12219532e-01  3.43167775e-01
  1.07488348e+00 -7.97940074e-01 -1.09937229e-01  6.86251806e-01
 -4.47546408e-01 -3.49988713e-01 -5.87735170e-02  1.22644555e+00
  1.06899808e+00  6.80342771e-01 -1.89362652e+00 -1.44001233e+00
 -1.21223593e+00 -6.52706282e-01  5.18850535e-01 -1.70822690e-01
  2.18619004e-01  2.40692289e-01  8.07775807e-01 -7.79775161e-01
 -6.50771278e-01 -8.14033367e-01 -1.76314567e+00 -3.43585772e-01
  1.40132733e+00 -1.31830751e-01  1.31719129e+00  1.16739635e+00
  7.77193586e-01  7.03670612e-02  2.11308100e+00 -2.12277352e+00
 -5.24887993e-01 -9.70832405e-01  3.17336825e-01  9.41713747e-01
 -1.06779409e+00 -7.86120888e-01  4.48388034e-02 -3.90331537e-01
 -7.51269040e-02 -1.03491842e+00  9.07321409e-01  4.40814498e-01
 -6.19867741e-01 -3.73352307e-01  1.52449740e+00  6.81326387e-01
  5.42465096e-01 -1.55051860e+00 -5.25252671e-01 -7.54412352e-01
 -1.12398019e+00  1.67181212e+00  2.61412968e-01 -7.30766240e-01
  1.00182518e+00  4.16546839e-01 -2.31582166e-03  6.46395264e-01
 -1.57992624e-02 -6.31522403e-01  8.82441695e-01  3.86621921e-01
  1.19885490e+00  4.99601516e-01 -2.22666756e+00  3.25124118e-01
 -2.44172002e+00 -2.23057997e-01  6.49758414e-01 -5.56294386e-02
 -6.41080881e-01 -1.06598072e+00  6.13506826e-02  1.63092225e+00
 -4.52871718e-01 -3.34697400e-01 -4.18818400e-02  1.22212127e-01