 0.31180442 -0.13655034 -0.33366623 -0.10651689  0.80609    -0.47890901
 -0.31718878 -0.44317217  0.24048772 -1.22324631 -0.79734723  0.9501
  1.30008837 -0.26592624 -1.03191201  0.45779388 -0.05012318 -0.74202179
  0.16284494 -1.47158115 -0.47657833 -0.40350725  0.05958249  1.23536261
 -0.96116949 -0.08634196  1.59201597 -0.42166863  0.20195316 -0.31849796
  0.29954073 -0.11887048 -0.40103418 -2.22454505 -1.30762054  0.93410779
 -0.18789188  0.08394906 -0.74423838  1.65828952  0.2682384  -0.29557399
 -0.63993462 -0.7381529  -0.43080928 -1.36576301  1.61517989  0.50037292
  0.03231148 -0.65317867 -0.56303402 -0.15882462  0.01986468  0.93362186
  0.51825106  0.63778135 -0.15376679 -0.86430015  0.10528288  0.10173579
  1.51400855  1.31945553  1.22991704 -0.68940003 -2.1959453   0.03366285
 -0.87425863 -1.25803099 -0.07443862 -0.71256137 -0.80206225 -0.27685425
 -0.33933942  0.37766335  0.68096871  0.05984275  0.26636986  0.1114257
  0.74148973 -1.21491414 -0.8147612   2.24436878 -0.78396682  0.71137756
 -2.42360208  0.34229891  0.20436576 -1.50812936 -0.3301119  -0.6071599
 -0.42056945  0.90815968  0.14268221  0.44054013 -1.07352001  0.34145156
 -1.07645104  0.86499632 -0.15088644 -0.39048386  1.12870572 -2.16085569
  1.49678622  1.02125878  0.23802586 -0.65920612  0.21040555  0.94424209
 -0.78993961 -0.64853556  0.50753612 -0.66537654  0.47124231 -2.17531544
 -0.52408907  1.80029266  1.14008273  0.63442132  0.29853799 -0.33370883
  0.8118661  -0.14144922  1.38606541  0.17847215  0.03575345 -0.60858438
  0.44355929 -0.71507627  0.12822116  0.13228027  1.09572599 -0.05099596
  0.58545725 -0.00356927  0.31164467  1.4977281  -0.21445572  1.44454779
  0.05716631  0.28783837 -0.39506884 -2.1454391  -0.03241599  0.70441426
 -0.80833033  0.4122514  -0.21003612 -0.49016115 -0.5521851   0.17901124
  0.01642197 -0.58588945 -0.66571253  1.04504488  0.57917282 -1.72790717
  0.75802011  1.14426241  1.908857    1.00042544  0.28752552  0.42011581
  2.15991316 -0.72344953 -1.64982795 -0.77086909 -2.08294025 -0.36337317
  0.39127191 -0.328323    0.66972759 -0.60387744 -0.00895237 -0.22582465
 -0.01273778  0.63085389  1.29735143 -0.56826334  0.10565443  1.04527267
 -0.72784607 -1.20343959  1.54989005 -0.15487036 -0.16685612 -0.47918473
 -0.2502156  -0.5431995   0.55395545 -0.90389824 -0.62156081  0.06678605
 -1.2474024  -0.44760246 -1.95641267 -0.35864136 -0.05441639 -0.13349338
  0.0297234  -0.45291176  1.0548151  -2.26354504  1.34383132 -1.21777616
  1.19114112 -0.18324542  1.19646654  0.11947986  0.03022161 -0.29018781
  0.01780559  1.34282455  0.14684269  0.83849396  0.59008613  0.18616587
  0.90214857 -0.5680935  -1.00876749  1.03241659 -0.03121198  0.24110457
 -0.27303084 -0.34013438  0.35818622  1.15745016 -0.37849187 -0.27162194
 -0.54238171  0.52969904  1.12288194 -1.62981569 -0.22220261  0.93884971
  0.25016411 -1.6512188  -0.91871083 -0.04968952  0.31595681  1.82363063
 -0.84891968  0.39929867 -0.39236249  1.76915219 -0.55973703  0.57919581
 -0.24564212 -1.4074353  -0.60909418 -1.0522311   1.55425326  1.19320836
  0.04569025  0.77745297 -1.51691185  1.24706297 -1.15051865  0.43400404
 -0.43760371 -1.11350364 -0.61949336  0.3723258   2.55491443  0.79364739
  1.7918408  -0.35286352  0.880474   -0.25648304 -0.41668332 -1.26391899
 -1.49134979 -0.54014706 -0.19840835  1.67974135 -0.11499545 -0.2041595
 -1.50649855 -1.34336313 -0.76975052 -0.52886344 -0.59582549 -0.9714292
 -1.19010256  2.43295718  2.7183322  -1.38946426 -0.22770455 -0.79111522
 -0.21146439  0.51703705  1.80640277  1.83235951  0.46936578  1.5516989
  0.4291778  -1.01399843 -0.75835087  1.08845512  0.60936467 -0.7247593
  0.34486815 -0.76129821  0.10714262  0.12844516  0.55908118  0.38100231
  0.04309822 -0.96518827 -0.51737925 -0.90386385  0.01964762  0.73037288
 -0.21193374  0.61826371 -0.20621649 -2.08189721  0.42872481  0.54832103
 -0.22508642 -0.10807608  0.22819178  1.81478197  0.01668184 -0.87281951
 -0.90429056 -0.63501846 -1.56451302 -1.10255586 -0.58749011  0.23873028
  1.20939656 -0.5703045  -0.19054249  0.92128645  0.62976262 -0.64932095
 -0.71365635  0.04437872  0.45245278 -1.49575788 -0.10378371  0.80973934
  0.07384058 -1.41790025 -0.04404617 -0.32135784  0.67136025  1.06960817
 -0.46539253  0.53783648  1.21735704  1.55029367 -2.23637691 -0.58049065
  0.42485132 -0.25899547 -0.95958193 -0.108089   -1.3760653   0.18392289
  0.82759131  0.94519792 -0.65897334  0.53360129 -0.44287455  1.23999929
  0.42076774 -0.30206213  0.09856784 -0.09524394 -0.42639619  2.00775843
  0.16611039  1.6445732  -0.23685281 -0.59183578 -0.66191788  0.85439208
 -0.32816628  1.31725523 -0.51228827  1.19920276 -0.87201125  1.90049007
 -0.62653637 -0.38391241  0.95867123 -0.06305064  0.3254293  -0.02597999
  0.94571041 -0.52858504 -0.68885943  0.49913475 -0.05829901  1.03376432
  0.51675639 -0.49295272 -1.12404411  0.40466402  0.30900773 -1.15313793
 -0.35978628 -1.04340809 -0.19651427  2.04833153  1.17928116 -2.45611277
 -0.7784752  -0.73071194 -0.99581202  0.2041229  -1.2171272  -0.5615967
  0.54911994  0.60643458 -0.43326556 -0.1535449  -0.57903555 -2.05345745
 -1.82744878  0.466035    1.77279027  1.35584129  0.05252227  0.11270445
  1.22676182  0.28929271  0.78444382 -0.01870296 -0.35819267 -1.81002118
  1.22120789  0.6459128   1.27119324  1.17005866 -0.52493915 -0.59682686
 -0.09941105 -1.20610391  0.27790148 -1.63569637 -0.362454   -0.41872864
 -0.5798258  -0.03788029  0.25732253 -1.74640527  0.75706552 -1.29727195
  0.92897072  0.38060729  1.37326596 -0.95761648  0.23208721 -1.20078041
  1.39778911  0.79173597 -0.99474291 -0.37499102  0.029862   -1.0725319
 -0.02176126  0.73263833  0.67408817 -1.04432441 -0.30569665 -2.24844856
  0.12770381 -1.12899491  0.98985335  0.36515074 -0.8005154  -1.10758455
  0.41669002  1.39452304  0.0863004   0.96773626  0.7644914   1.36983634
 -1.31908809  0.02340025  1.67166296  0.98321495 -0.25098948 -0.92651255
 -2.45804724 -0.12493088 -1.1769752  -0.44942826 -0.74506738 -1.47945251
  1.69674177  0.88150281 -1.46484003  1.13957415 -0.02533726  1.35839793
 -0.87167126  0.88289479 -0.67353956 -0.52247471  0.0807232   0.79087479
 -0.94303824 -1.31832686  1.72842302  0.32233703 -0.9190548   0.92837962
  1.41334801  0.19798875  0.45325739  1.35129445 -0.50090286 -0.57993178
 -0.9972097  -1.12366564 -0.82209537 -0.4965864  -0.28664368  0.08824963
  0.94712383 -0.43483005 -0.6114838  -0.81573205 -1.27639342  1.05377115
  0.08860911 -0.03057937 -1.28006724  0.54572457  0.57466887  1.48010707
  1.40341069  1.73128272 -0.70589991 -2.21552849  0.27353373 -0.65235121
 -0.35010843 -0.05553432 -0.9362249   0.89246255  0.60316717  1.12595844
  0.24636669  0.91670947  0.67974764 -0.4238623   0.20205134 -0.68920786
  0.87092176  1.16150082  0.11250287 -0.26736522  0.08853407 -1.12809086
 -2.32196796 -0.29476244 -0.91960124  0.40097426 -1.56986802 -0.99753006
  0.0974023  -1.04779863 -0.10401214 -0.18987966 -0.72760921  1.18824697
  0.3122476  -1.52724426  0.83009722  0.26643176  0.67149015 -2.18557624
  0.01841267  0.58855148 -0.98444347 -0.54004554 -0.61109353 -1.99944134
 -0.28786723  0.88957697  1.58483607  0.49342537  1.21865695  0.71190176
 -0.97600362 -0.06749163  0.45099033 -0.85510738 -0.66047917  0.67889799
  1.1291628  -2.2728021  -0.580298    0.53613957  2.40097283 -0.08276924
 -0.36514027  2.78808066 -0.34990158 -0.54831257 -0.94633442  0.94220548
 -0.2795324   1.53597535 -0.27382023 -0.5541519   0.28814376 -0.826762
 -0.12919339  0.16193405 -0.4104363   0.61614315  0.63654011  0.81651246
  0.03162469 -0.86761642  1.58763771  0.31739787 -0.77866249  1.03939032
 -0.99964233 -0.30480653 -0.30191711  0.71675699 -0.42646898  0.54877288
  0.20842141  0.39393971 -1.36453292  0.97640447 -1.03379824 -0.06755991
 -3.263831    0.58586306  1.19165452 -0.38372155 -0.53476199  0.5042833
 -0.31433144  0.67548229 -1.98227288  1.31591718 -0.00490324 -1.5268997
 -0.93338531 -0.17159093 -0.67116233  0.26104217 -0.94271566 -0.35016973
 -0.90644657  2.01393706  0.99080635  0.62158256  0.90633813  1.63664394
  0.42421954 -0.73761835  0.59593697  0.42027562  0.20500862  0.11226918
  1.27695515 -0.02887969  0.14711988 -1.8293892   0.24566123  1.57861183
 -1.39674571 -0.99032611  1.82107579 -1.38685674  2.10081932 -0.90595552
 -0.84502636 -0.97687275 -0.66584163 -0.58777521  0.96989635  1.50639772
  0.45315577  0.88497086 -2.05360446  0.36363732 -0.8250955  -0.42191056
  1.56393568  1.13510345  0.60103431  1.08414401 -0.06285562 -1.24660997
 -0.58232342  0.45047083  0.4017761  -0.45667244 -0.24537791  0.05335096
 -1.18086917 -0.70552967 -0.55183916 -0.36381951  0.71918157 -0.52251587
 -1.07599259 -0.24812037 -1.05091955  0.77030797 -0.46812756 -1.75063307
  1.78543275  0.33386849 -0.40076666  1.67166721  1.26581057 -0.90599493
  0.29537996 -1.91959999  2.49670373 -0.26377164  1.26680722  2.5673233
  0.81458892 -0.89050057  0.15790936 -0.76844482 -1.77984175  1.61599385
  1.09047797  0.58276082  0.00773731  0.18709985 -0.70250393 -0.88349282
 -1.30791357  1.09605074  0.68592683 -0.14523927  0.82302342 -1.25658934
  1.25504515  0.65879952  0.26057025 -0.14322947  0.99656598 -1.13206234
  0.12668869  1.06594763  0.59342529 -0.31852278 -0.21480503  0.24084993
  0.04547556 -0.95138495 -1.4931938   0.16428114 -0.26801846  0.1789629
  0.82209661  1.68568832  1.24255681  0.20015509  0.11754877 -0.87296379
  0.7405467  -0.81466842  1.61236479 -1.57469147  0.11986502  0.68834003
 -1.71799258  0.17044054 -0.21461304  0.7489648  -0.38753525 -0.28096442
 -0.69284305 -1.82181006  0.70384023 -0.87586299 -1.07697565  1.51601041
  0.31574809 -0.41758342  1.35216928  0.38539317 -0.18783484 -0.95081581
 -0.94473549  2.86795306  0.23724625 -1.53737729  0.74185008 -1.27747341
  0.28017038 -0.27481673 -0.08356557  0.81540233 -0.6792519  -0.51502737
  0.04808397  0.20420764 -1.90945021  0.95441576  2.04297838 -0.61609489
 -0.87526773  1.01197078  0.02614481 -1.06462176  1.00492739  0.32054921
  3.50291899  0.56998932 -0.41513052  0.59938257 -0.73727422 -0.23733971
  1.22686957 -0.5301812  -0.53082625  1.60393089 -2.47333884 -0.3237998
 -0.35198473 -0.52364333  0.83629603  0.23056871  0.28172052 -0.07797378
 -1.03927573  0.99862271  0.34303573 -0.82275456 -0.05194271  1.02961655
 -1.55317212  0.69676492 -0.93739784 -0.84895197  0.12990093  0.4910537
 -1.32983052 -1.53202825 -0.97274288 -1.21408433  0.01442941 -2.29271678
 -0.47764242 -1.24435401 -0.29144057 -0.34337714 -0.53743842  0.14080007
  1.67215387 -1.33157887 -0.70498815  0.24930507  0.81288592  0.23557893
  0.69802992  0.25210295  0.72618943  1.1010884   0.49878787  0.09796935
  0.02137995  0.90859573  0.23032186 -0.12553639 -0.14760759  1.25757041
  0.2560189   0.52921138 -1.45460695  0.32958585  0.70357697  0.23953716
  0.36074153 -0.54586094 -1.01572609 -1.03768609 -0.37223545  0.18068023
  0.2186954  -1.86369086  0.86804674 -1.35181425 -0.20122566  0.05405494
  0.58437332  1.2172363  -1.34254332  0.53967518 -0.0600604   0.70160125
  0.95953503  0.23604462 -0.51311383  0.84323056 -1.05630544  0.9356005
  0.75151673  0.79523862 -0.07430381  0.18776354  0.51107022  0.20020335
 -0.43821406 -0.83581528  0.46888887 -0.3106898  -0.45644417  0.93929143
 -0.0677223  -0.11274912 -0.18169396  1.10394235  0.78405178  0.27359583
 -0.04225315  1.02505676 -1.20558226  0.25703023 -0.08598208 -0.74492166
 -1.5601353   0.47433553  0.97822973  0.30060187 -0.46526311  1.60324672
  0.87919303 -1.68399578  1.10320985  0.71586381  0.0720029   0.53423971
  0.30317827 -0.7206274   0.08796345 -1.01059596 -0.7224981   1.33460259
  0.49133799  1.3169908   1.39531729 -1.78571499  1.86354104  1.28972999
  0.71988214 -0.3518967   0.02406482  0.88626949  0.05708729 -0.338128
 -0.82829986  0.82291958  0.55895577  0.72372478  0.54040751 -0.86266767
 -0.27080093 -0.1066888  -1.69457614 -0.8674756   0.22196856  0.93492717
 -1.24749617  1.54103195  1.0813094  -0.65048672  0.08901569  0.90757471
 -0.12808341 -0.94698189  0.7175408   0.8703321  -0.61241093 -0.12015509
  1.62856939  0.01564645 -0.09193058  1.5936363  -0.86447364  0.84041035
 -0.70450259  0.24803035  0.57543126 -0.69053351 -0.2518424  -0.29920123
  0.38248409  0.46847978 -2.10818187  1.15605296