 2.27910463e-01 -3.53003314e-01 -2.40376517e-01  2.89936637e-01
 -5.84422167e-01  1.57737076e-01 -4.78197631e-01  8.65254704e-01
 -1.87268138e+00  7.10830765e-01  4.79676954e-01  9.77142241e-01
  9.74802278e-02 -5.70083278e-01  8.54858668e-01 -7.05607639e-01
 -1.39731062e+00  7.43222791e-01 -1.91719833e+00  4.23352320e-01
  1.23161030e-01  1.45337690e+00  2.30327059e-01  5.83334757e-01
  6.81182614e-01  2.00498910e-01 -5.85877851e-01  4.06928568e-01
 -3.56095136e-01 -7.58008323e-01 -1.11277508e+00 -2.46520623e-01
 -1.56987120e-01 -7.24403950e-01  5.90554313e-01 -1.60297448e+00
  2.39389783e-01 -4.99549348e-01 -1.54117477e+00  7.71188103e-01
 -6.57849943e-01 -3.02641820e-01  9.91897729e-02  1.54590413e-01
  2.50337946e-01 -9.50427316e-01  1.53455093e+00  1.10283133e-01
  1.60554665e-01  6.35274421e-01  3.81666486e-01  9.99470365e-01
 -6.95853764e-01 -1.25453804e-01 -1.07760272e+00 -1.42992590e+00
  9.22503619e-01 -9.48335065e-01  8.70476489e-01  1.21752217e+00
 -1.04665743e+00 -1.49125556e+00 -1.23190075e-01  6.97624942e-01
 -4.48953462e-01 -1.36673365e+00 -1.39665247e+00  1.51492394e-01
  1.04459496e+00 -1.16841743e+00  6.60883454e-01  2.58832716e-02
  1.20142693e+00  2.78849024e-01 -4.96764174e-01 -4.08203755e-01
 -6.39510059e-01 -9.61716442e-01  3.98706724e-01  9.27694705e-01
 -1.63197045e+00 -1.34444354e+00 -1.91983035e-01  1.10935667e+00
 -2.45659468e-01  4.29538181e-01 -8.88829132e-01  1.01919437e+00
 -5.73140873e-01  7.11458861e-01 -1.17044776e+00 -1.33780461e-01
  3.18092024e-01 -6.68506709e-01 -2.52263532e-01  7.22408418e-02
 -1.97316205e+00  2.36545287e-01  1.96988270e+00 -1.37686329e+00
  1.64397863e+00 -1.80624937e-01 -7.65042299e-01 -1.62243252e+00
 -1.68995375e-01 -8.67747555e-01 -6.20529052e-01 -3.27162015e-01
  7.72047241e-01  7.52184497e-01  7.29002481e-01 -1.35636978e-01
 -5.52147259e-01  1.47998965e+00 -5.55366206e-02  1.80292248e-01
  1.32827543e-01  1.30787046e+00 -1.07697441e+00  1.13661996e-01
 -7.42518218e-01 -1.19029740e+00 -2.68465724e-01  3.88330166e-01
 -3.74108304e-02  3.81743130e-01 -1.36986220e-02  7.30328136e-02
  1.42130436e+00  1.51443973e+00 -1.19295290e+00  1.34030742e+00
 -7.47851913e-01  4.31842224e-01  8.32409577e-01  4.86359761e-01
  1.09119028e+00 -8.26795362e-01 -6.99258488e-01  5.58226916e-01
  6.25903962e-01  5.64912609e-01 -3.18793348e-01 -6.35843824e-01
 -1.58049524e+00 -2.31271408e-01 -3.62549607e-01 -8.62308455e-01
  3.34217847e-01 -6.57774625e-01 -6.95598617e-01  1.94246374e+00
 -6.37563567e-01 -6.33179950e-01  7.32794020e-01  4.51064731e-01
 -1.73308574e+00 -1.53657289e+00  2.31497888e+00  2.36731276e-01
  5.80109146e-01  3.47926190e-02 -3.91041313e-01 -7.54324556e-01
 -3.11276164e-01 -3.37200666e-01 -2.72355781e-01 -3.82077782e-01
  3.10980306e-01  1.20435350e-02  1.93028167e+00  6.35501982e-01
  4.33590872e-01  4.23811968e-01  5.30387284e-01 -7.02503132e-01
 -7.83815682e-01 -4.70241340e-01 -1.53398609e+00 -1.53965324e+00
  9.99430531e-01 -2.96319508e-02  1.67343066e-01 -1.99652279e+00
  2.06051620e+00  1.54355505e+00  5.91906039e-01 -1.11790355e+00
 -1.40758446e+00  8.97483358e-01 -1.60873258e+00  2.05492696e-02
  8.72939072e-02  4.85280456e-01  1.04093730e+00 -4.52095766e-01
 -7.98117581e-01  1.17292946e+00 -7.04141765e-01  8.05173407e-01
 -2.22964195e-01 -1.22078466e+00 -1.29927074e+00 -4.39104155e-01
 -1.44622273e+00  1.62626140e-01 -7.78602193e-01  7.76763852e-01
 -1.08403856e+00  1.32519244e-01 -2.70619220e-01 -9.29908481e-01
 -3.58551578e-01  3.79965227e-01  3.24865023e-01 -8.71305861e-01
  7.34523356e-01 -1.40253942e-01  9.76258377e-01 -7.85573132e-01
 -2.35760046e-01 -5.89793402e-01  9.95083946e-01 -6.64004885e-01
  1.33015496e+00 -1.63488348e-01 -1.59138652e+00  3.92604545e-01
  4.06462497e-01 -4.26837891e-01 -1.29801329e-01  3.18129532e-01
 -6.97454654e-01  8.78114609e-01 -2.54207326e-02 -1.10375646e-02
  9.55843983e-01  5.92725589e-01 -1.31329583e+00  2.06012933e+00
  8.63914176e-01 -1.67967003e-01 -1.76306027e+00 -7.87582654e-01
  5.64573757e-01 -6.32599387e-01  1.12939519e+00  1.94001318e-01
 -4.52536151e-01 -1.44657533e+00  7.26380737e-01  1.84400180e+00
 -1.80513992e+00 -4.65169892e-02  4.91090164e-01 -1.71166575e+00
 -1.90589121e+00 -3.40289359e-01 -3.65612598e-01 -1.61635850e+00
 -2.08868341e+00 -1.83575608e+00 -1.03016016e-01 -9.93608342e-01
  1.51098937e+00  5.28759650e-01 -1.19272336e+00 -6.22716839e-02
  7.09695668e-01  6.17604368e-01  3.09991572e-01 -1.05504593e+00
 -4.68848588e-01  1.26735761e+00 -1.57946635e+00 -2.64086623e-01
 -1.23788254e+00 -5.36365199e-01  1.93423577e-01 -4.48062148e-01
  7.22969681e-01 -6.92777097e-01 -7.66744843e-01 -7.95987575e-02
  8.38859665e-02 -2.96394066e-01 -5.41803313e-01  1.62233139e+00
 -4.08429494e-01 -5.72825976e-01  3.37064516e-02  3.22240464e-01
 -8.76915653e-01  1.24051719e+00  5.69785321e-01  2.51021376e-01
  6.30442091e-01 -1.26178986e+00  1.61219854e+00  1.05028658e+00
  4.79984955e-01 -2.11430590e-01  8.35931819e-01 -1.78601777e+00
 -1.20557823e-01 -8.00514261e-02 -1.00591114e+00 -1.05056293e+00
  1.39375780e+00  1.25946421e+00 -4.62238722e-01 -1.17449321e+00
 -1.40221200e-02 -1.47295097e-01 -1.02255258e+00 -3.93276583e-02
  3.07096413e-01 -9.21618760e-01 -9.55311854e-01  6.55307820e-01
  5.01225041e-01  1.33640231e+00  2.01360037e+00  1.82824284e+00
 -4.26892480e-02  3.43890003e-01  6.84543240e-01  6.85903120e-01
  1.28077209e+00  2.33650037e-01 -9.59578084e-01  7.31852540e-01
 -2.95852344e-01  9.92804121e-01  8.51324841e-01 -1.61332940e+00
  1.56872066e+00 -6.63946076e-01  3.52330563e-01 -1.61321780e+00
  4.20573956e-01  7.84432034e-01  1.03013877e+00 -8.07926935e-01
  2.06734347e+00  2.03709691e+00  1.20125808e+00 -1.22975945e+00
 -4.69275710e-01 -1.00137840e+00  3.93809949e-02  9.41069988e-01
  7.30114290e-01 -5.58278759e-01  4.72993820e-01 -5.96391978e-01
  1.07718224e+00 -1.08286385e+00  1.03831172e+00 -4.80688540e-01
 -1.01223121e+00 -3.92257727e-01  6.53350294e-02 -7.64853186e-01
 -5.84478650e-01  1.58273599e+00 -2.53844173e-02  5.04357134e-01
 -1.54309470e+00 -1.94096724e+00 -1.05376694e+00  8.17880212e-01
 -7.43882305e-03  6.91948240e-01 -9.35138565e-01 -2.43485322e-01
  2.16529121e-01 -7.50382484e-01 -1.80454296e-01 -1.37384667e+00
  4.92725845e-01  1.12229889e-01  1.43691329e+00 -3.52239303e-02
 -1.27682665e+00  2.62808195e-01 -1.74333385e-02  5.00401778e-01
  4.67379768e-03 -8.74374210e-01 -7.52252764e-02  6.30185496e-01
  1.77623461e-01  7.17009914e-01 -1.41242297e+00  6.26374771e-01
 -2.79433346e-01  5.15194768e-01 -8.64759050e-02 -7.41457593e-02
  1.86611158e+00 -5.49030563e-01 -1.62126634e+00  1.12752651e+00
  1.74783809e+00 -3.34762064e-01 -1.25949816e-02 -2.20884936e+00
  1.02867712e+00 -6.43722849e-01  7.89253895e-01  8.38305827e-01
 -2.56520191e-01 -1.06844922e+00 -2.37241320e-01 -3.13641660e-01
  1.28078269e+00 -2.66511377e-01 -3.33756541e-01  1.48405772e-01
  1.95566886e+00  6.81786951e-02  3.22002022e-01 -7.17847201e-01
 -2.72764989e-01  2.38520786e-01 -1.58574305e-01 -2.55002179e+00
  2.00037647e-02 -1.03872168e+00  5.44045644e-01 -1.46009383e+00
  1.82383233e+00  1.91526152e-01 -3.51076607e-01  1.26398835e+00
 -1.41504198e+00 -4.27395608e-01  5.89557628e-01 -1.24541221e+00
  5.70569101e-01  3.62077111e-01  3.62684174e-01  2.26832169e-01
 -3.03699585e-01  6.77240780e-01  1.75599406e+00 -8.43081101e-01
 -2.17613193e-01 -4.43582076e-01  1.36960596e+00  5.08438388e-01
 -5.42835638e-01  1.32241094e+00  2.32836823e-01  5.88370811e-01
  2.14538753e+00 -5.93773072e-02  7.36834788e-01  8.74574361e-01
 -1.49396381e+00 -9.65700212e-01 -1.17965558e+00 -1.91671315e-01
 -5.50913249e-01 -4.43065530e-01  1.36556797e+00  1.38227573e+00
  6.36747199e-01  5.76720155e-01  5.14236134e-01  9.98949260e-01
  3.75387003e-01  2.40296850e-01  1.88473491e-01 -3.96153709e-01
 -7.13278376e-01 -5.57275859e-01 -3.29408450e-01 -6.81245067e-01
 -7.42172675e-01  2.69172930e-02 -1.39404349e+00  7.08778320e-01
 -1.16949281e+00 -7.86652538e-01 -3.98080362e-01  1.16814974e+00
  7.30599868e-01  6.93995167e-01  1.67433834e+00 -2.84900627e+00
  1.20114425e-02  2.21827254e+00 -1.09365326e+00 -1.89545638e+00
 -1.38670350e+00 -6.49377430e-01 -1.74826173e+00 -5.86618830e-01
 -6.44802856e-02  7.23588341e-01  1.28693229e-01  1.25937442e+00
  4.05939766e-01  7.10113322e-01 -1.16648840e+00  1.71989674e-01
 -1.32454972e+00 -6.55368076e-01  3.93188397e-01 -3.15954799e-01
  1.63478811e-01  9.50759969e-01 -9.73975467e-01 -7.47558781e-01
  3.89789030e-01  1.32183940e+00 -6.01738421e-01 -9.94622904e-01
 -2.12669917e+00 -1.52360748e-01 -2.76975474e-01  1.37920021e+00
 -8.34189119e-02  2.16271536e-01  5.49694613e-01  6.65994279e-01
 -6.64835539e-01 -5.74787189e-01 -1.45487272e+00 -5.80080337e-01
 -1.18370737e+00  1.27380920e-01 -5.86107486e-01  1.57282689e+00
 -7.97355837e-01  8.36644866e-02  8.75376137e-01  5.74142822e-01
  1.40011677e-01 -8.48176027e-01  4.59504770e-01  2.36842005e+00
 -5.53394210e-01 -1.65937030e+00 -8.25681464e-01  4.03678822e-01
  3.10553792e-01 -9.21037220e-01  1.18804161e+00  7.07434556e-01
  1.95006419e-01 -1.50095762e+00 -9.91503086e-01 -1.77020398e+00
 -7.62675333e-01  6.12678664e-01  2.68385554e+00  1.85074044e-01
 -3.58599486e-01  5.18660087e-01  7.78551388e-01 -4.90038850e-02
 -1.30679800e+00  4.32587447e-01 -6.47023631e-01 -1.49602881e-01
 -1.47135509e+00 -9.92358402e-01 -8.27695708e-02 -3.98579681e-01
  1.40836731e-01  3.88456282e-01 -2.26029465e+00 -5.63581147e-01
 -7.56567082e-01 -1.33562498e+00 -1.50282863e+00  1.14124236e+00
 -4.50753417e-01 -1.51748111e+00  1.31159780e+00  3.63697134e-01
  1.20031967e+00  4.98524936e-01 -1.03122982e+00 -2.38162629e+00
 -4.50504448e-01  2.38842768e-01 -9.63816286e-01 -1.12332865e-01
  1.52602567e+00  5.78089665e-01  3.13861461e-01  2.93440448e+00
  9.78913777e-01  8.24626983e-01  1.78861826e-01 -1.44720374e+00
 -5.14680304e-01  5.90456618e-01 -1.80280078e+00  1.44489147e-01
 -4.33259226e-01 -1.09001166e+00  1.91861624e-01  1.76185238e+00
 -1.09451933e+00 -5.85151110e-01  9.81961855e-02 -6.81052182e-01
  2.15469851e-01 -6.23466814e-01  6.13334153e-01 -1.06284858e+00
 -1.39296748e+00 -7.10619101e-01  7.49214888e-01 -5.44464782e-01
 -2.42246520e-01 -4.16561953e-01 -3.55948871e-01 -1.71533404e+00
  2.25212343e-01  1.86406106e-02 -6.43805734e-02  1.31396915e+00
 -9.85021640e-02 -5.85512344e-01 -4.28538616e-01 -3.05513604e-01
  1.12057831e+00 -1.83502400e-01  6.13718156e-02 -1.93476066e+00
  9.80098861e-01 -2.92896158e+00 -1.11075610e+00  1.65624059e+00
 -1.62491766e-01 -1.26695965e+00 -1.07935650e+00 -9.87113033e-01
  9.27013161e-01 -5.48555627e-01 -1.43920026e-01 -1.70449046e+00
  7.29459228e-01 -2.75164365e-02  3.72473433e-01 -2.09138226e+00
  1.74036955e+00 -2.61600223e-01 -4.84116603e-02  7.93744966e-01
 -1.60971398e+00  4.30212554e-01 -1.49070560e+00 -8.73949216e-01
 -2.25496186e+00 -1.23150177e+00 -2.49423318e+00 -5.67960075e-01
  2.65104043e-01 -3.06227110e-02  7.81532023e-01  4.86032163e-01
  6.43741950e-01  4.38666511e-01 -1.32972052e+00 -4.17225355e-01
  1.13005630e+00 -1.18982987e+00 -6.48873904e-02  3.58047526e-01
  1.77100633e+00  4.98767422e-01 -6.60813992e-01  1.15427684e+00
 -3.69874966e-02 -1.10889153e+00  1.10510568e+00  2.51868502e-01
  4.30386279e-01  2.77635103e-01  2.44132987e-01 -7.63348238e-01
  1.32338792e+00 -4.25933005e-03  1.71537072e+00  5.56941105e-01
  1.09704829e+00  2.26377098e-01 -1.39530072e-01 -3.80547589e-01
 -9.91099069e-01  1.24477044e+00  1.11887172e+00  3.65420833e-01
 -1.45996383e+00 -2.14688920e+00 -2.07688552e+00 -5.79980895e-01
 -4.02290529e-01  2.83758639e-02  4.19424302e-01  1.21930098e+00
  2.54285736e-02 -1.00792210e+00  1.28104906e+00  7.38616438e-01
  3.11163117e-01 -4.16316941e-01  1.12886539e+00  8.43206996e-01
 -6.90654535e-01  3.39257653e+00 -2.47285977e-01 -4.24414990e-01
 -1.08644707e+00  4.37070255e-02  1.59045791e+00  1.16707547e+00
  5.57592915e-01 -7.09416207e-01  3.22178978e-01  1.13125229e+00
  1.76724640e+00 -1.77980081e+00  7.98192747e-01  1.50254294e-01
  6.93359710e-01 -6.28954607e-01 -1.49938333e+00 -7.61376289e-01
 -3.19059580e-01 -3.11152798e-01 -3.48589387e-04 -9.41154234e-01
 -4.49920563e-01 -2.44473506e-01 -1.25420944e+00 -1.08160878e+00
 -5.74494501e-01  8.93672286e-01  1.87913312e+00 -8.52995722e-01
  4.10782708e-01 -1.82491689e+00  1.14606572e+00 -1.76931185e+00
 -9.69693037e-01  1.48277079e+00 -2.78770764e-01 -5.44459329e-01
  2.04385166e+00  6.71704882e-02  9.82783965e-01  3.86530213e-01
 -1.36696556e+00  2.93787159e-02 -4.70591622e-01 -6.38608436e-01
  1.40368814e-01 -3.04169891e-01 -2.33809618e-01  1.02161665e+00
 -1.53004292e+00 -1.95917957e+00  6.13130296e-02 -1.19488243e+00
  3.49270807e-01 -1.29936544e+00 -1.35950072e+00 -3.89045959e-01
  6.88887941e-01  4.08156580e-01 -7.31094034e-02 -3.45557547e-01
 -7.72066768e-01  2.53824190e-01  9.13976493e-01 -8.40194423e-01
 -1.54052835e+00 -4.71125804e-01  1.54548658e+00 -3.99859060e-01
 -3.51362886e-01  3.52332375e-02 -1.14976258e+00  1.37359776e+00
  1.56166301e+00  1.24291507e+00  1.11033320e+00  8.85166132e-01
  1.83117928e+00  2.38269235e-01  1.41451809e+00  5.21585180e-01
 -3.41293475e-01  2.09304697e-01 -1.20782711e+00 -1.51963580e-01
  1.11142663e+00 -1.79595048e+00 -1.41752548e+00  2.28956943e-01
 -2.92889656e-01 -1.18736782e+00  2.26793399e-01  1.63463747e+00
  1.16636738e+00 -6.65219016e-01  3.66439442e-02  1.34805996e+00
 -3.59024225e-02  1.57168032e+00  8.41377342e-01  3.64149299e-01
 -1.32875238e+00 -7.75414533e-01  5.37701992e-01 -8.99422408e-01
 -8.84989516e-01 -8.50982266e-01 -7.52876493e-01  1.19213083e+00
  2.81840913e-01 -6.16514739e-01 -5.41957993e-01 -4.21675013e-01
 -5.85578772e-01 -1.39638938e-01 -1.50629589e+00  1.55421669e+00
  1.36783676e-01 -5.88334178e-01  4.80077476e-01 -2.18645946e+00
  2.15026228e-01 -4.85305021e-02  6.19383536e-01 -1.15535913e+00
  1.55311447e+00 -1.17432107e+00  1.62886398e-01  1.16802477e+00
  1.05195758e+00  4.21803748e-01  4.22280677e-02  4.27726848e-01
 -5.61280783e-01  1.16269593e+00 -2.05298367e-01 -7.14801587e-01
  2.39004814e-01 -6.48320077e-01  4.54118962e-04 -3.53010378e-01
  8.51930947e-01  1.68427091e+00  2.43776033e-01  1.11710829e+00
  5.70151495e-01 -9.26318702e-02 -4.11700015e-01 -1.81310190e+00
 -5.13828676e-01 -2.66694796e-02  6.47627787e-01  6.23532255e-02
  8.75592423e-01  1.97998553e-01  1.19711578e+00  6.19354153e-01
 -6.02815942e-01  1.67629872e+00 -2.49243144e-01 -5.29936419e-01
 -1.02719415e+00 -6.00437723e-01 -8.24947661e-03  7.12280730e-01
  5.95930287e-01 -5.80457884e-01  2.79314756e-01 -2.67570120e+00
  1.74987240e+00 -1.12033688e+00  4.83523396e-02 -5.12728951e-01
 -1.30248075e+00 -2.26487710e+00  2.41525340e-01  2.35571602e-01
  1.42814367e+00 -7.70746291e-02 -7.03718683e-01  3.16541665e-01
  3.27222766e-01 -5.74689466e-01 -6.25511875e-01  1.56917584e+00
 -5.86870448e-01  9.09915149e-01 -6.81797935e-01 -1.08528588e+00
 -1.20809767e+00  2.30478497e-01  6.36677122e-01 -1.67287296e+00
  1.31522550e+00 -5.37492316e-01 -4.36166086e-01  9.82497816e-01
 -2.35423200e-01  1.10373839e+00 -8.53670435e-02  2.41297346e-01
  4.96940836e-01  1.38387765e-01 -8.14253124e-03 -1.10354326e+00
 -1.49570804e+00 -1.66582663e+00 -1.14071041e-01  1.25704109e+00
 -7.19868558e-01 -5.32984591e-02 -4.01336007e-01 -1.05100427e-01
  1.52017777e+00  2.00412778e+00  1.15920046e+00  7.30956064e-01
  5.62258188e-01 -4.56047274e-01 -2.29440976e-01  1.55323028e-01
 -1.75752234e+00  5.99071683e-01  1.18520029e+00  6.67633727e-01
 -1.52376028e+00 -6.59044170e-01 -4.13120744e-01 -3.36638291e-01
 -1.39506783e+00  1.07854996e+00 -1.28226779e+00 -6.54151551e-01
 -9.75179502e-01 -5.54015809e-01  1.98649770e+00 -3.53373436e-01
  6.84924205e-02 -9.76521466e-01 -9.52583463e-01  1.18285076e+00
  6.89229023e-01 -1.44186789e-01 -8.59387993e-01  1.10434013e+00
 -2.64554620e-01  1.65870900e-01 -8.84432753e-01  9.64315860e-01
 -1.61462191e+00 -1.12129501e+00 -1.32560529e+00  5.57625841e-01
  1.15673669e+00  1.81664517e-01 -1.00538996e+00 -1.94711459e-02
  1.03481087e+00  7.26575966e-01  6.65163746e-01  7.22831173e-01
  6.32439854e-01 -5.62401048e-01 -3.02383694e-01 -1.26113990e+00
  5.68833764e-01 -2.58872306e-02  9.74701076e-01 -3.44238157e-01
 -1.20371083e+00 -1.88482156e+00 -1.45384997e+00 -6.99439567e-01
 -3.85420112e-01  8.46758953e-01 -2.11105195e-01  6.16838667e-01
 -1.87253947e+00 -1.38336517e+00 -3.60187390e-01  2.98508930e-01