-2.61835758e-01 -7.71806160e-01  1.23063929e-01  1.54397041e-01
  6.24945524e-01 -1.00846551e+00 -1.06318417e+00 -5.61399658e-02
  2.03712971e-01  7.51461929e-01  6.31347580e-01  3.15346792e-01
  8.31483843e-01 -1.87161220e+00  1.21574282e-02  7.36677544e-01
 -1.01812093e+00  2.27079654e-01 -1.16996837e+00  1.72942754e-01
 -5.67444689e-01  2.00929319e+00  2.03679943e-01  2.01512451e+00
 -1.18479872e+00  1.44117039e-01  2.20523035e-01  8.15403309e-01
  8.03914041e-01  2.34040270e-01  1.52684889e-01  1.28006998e+00
 -9.59613960e-01 -1.79047697e+00 -1.47330554e+00  2.04249118e+00
 -4.31792466e-01 -1.79555869e-01  1.67907114e+00  5.95052287e-02
 -1.39226910e+00 -1.45534221e+00  5.60888158e-01  2.23661453e+00
 -1.38906429e-01 -2.44633028e-01 -4.91534369e-02  2.76047252e-01
  4.75369330e-01 -9.89269986e-01 -9.71169684e-02  2.35190635e-01
 -8.74662824e-01  1.84525881e-02 -4.04577738e-01 -2.64742113e-01
  1.12357143e+00 -1.68271852e-01 -1.46573714e+00  3.87595005e-01
 -1.80999503e+00  1.37260599e-01  6.68296048e-01 -4.48129497e-01
  3.69543294e-01  9.03920246e-01 -1.86317838e-01  3.75464130e-01
  3.13350305e-01  3.80015847e-01  5.82118264e-01 -9.01000572e-01
  1.30251745e+00  4.22382623e-04 -2.22872436e-01 -2.19478261e+00
 -8.95925980e-02 -3.46405989e-02 -1.87140784e-01 -9.19214916e-01
 -5.38570307e-02 -9.46399723e-01  2.68543507e-01 -2.66173611e+00
  4.80766274e-01 -1.07050397e+00  1.01964707e+00  1.02633337e-01
  7.58903604e-01 -1.89971998e-01 -2.85504496e+00  2.42888388e-01
  5.51007387e-01  7.96098616e-01 -1.63251764e+00 -6.25411691e-01
  1.25734802e+00  3.67703293e-01 -9.49331853e-01  3.06775648e+00
  6.01464006e-01  6.14124557e-01 -1.03524971e+00 -1.11262719e+00
 -3.12532709e-01  1.01101592e+00  1.08813850e+00 -1.31025816e-01
 -8.79255967e-01  1.12632249e+00 -5.96842126e-01 -1.76173419e+00
 -1.05208439e+00 -2.24933452e-02  5.20033464e-01  1.31441516e+00
  8.67548249e-01  1.68190068e+00  1.64508775e+00  7.76968987e-01
  1.99403866e-01 -2.00655570e+00 -2.09916703e+00 -6.80180336e-01
 -2.23940772e-01 -1.08434270e+00 -6.44731150e-01 -2.84985345e-01
 -3.39308038e-01  1.39031033e+00 -1.12982680e+00 -3.19549391e-01
 -3.84465762e-02  6.86339959e-02 -5.99890943e-01  8.35080600e-01
 -3.60633431e-01  5.66144371e-01 -2.48771468e+00  3.40521027e-01
  1.43756239e+00 -4.63684562e-01  1.42498679e+00 -9.58237801e-01
 -7.82958665e-01 -1.59192199e+00 -8.38176953e-01  1.41043879e+00
  1.92002060e-01 -1.59888975e+00  8.63964571e-01 -1.24652958e+00
  1.37429881e+00  2.48727324e+00 -3.12941715e-01  1.21660493e+00
  1.10530995e+00  1.17555681e+00 -1.36007550e+00 -6.68874046e-01
  8.78085273e-02 -7.41888242e-01  5.82969206e-01  2.75911579e-01
  1.85412618e+00  5.67096536e-01  9.72043854e-01 -3.12409381e-01
 -3.62490376e-01 -7.95264137e-01 -1.19559646e+00  5.39525896e-01
  3.58761730e-01  4.95426662e-01 -1.27861998e-01 -1.95827369e-01
 -4.09761565e-02  1.55940831e+00 -1.03549399e+00 -6.07065902e-01
  2.40141235e-01 -1.26665009e-01  2.78719228e-01 -1.47134803e+00
 -2.50716267e-01  3.43302939e-01  3.48789845e-01 -1.51993465e+00
 -8.41886363e-02  5.97415104e-01 -1.13386559e+00  1.39041954e+00
 -1.32461701e+00 -8.03757550e-01  2.65005194e-01 -8.56501211e-01
 -1.80072631e+00  6.63267457e-01 -7.44949883e-01 -1.51348291e+00
 -7.84751997e-01  6.24765914e-01 -3.95017327e-01  6.51956067e-01
  1.61007486e+00 -4.72692509e-01  1.56092651e+00 -4.56466555e-02
  1.06103937e+00  6.07821659e-01  1.20080171e+00  1.16372106e+00
 -2.07686275e-01 -5.26472419e-01  1.86289840e-01  1.68282999e-01
 -1.45041359e-01 -7.69812466e-01  5.27477079e-01 -1.07785996e+00
 -8.83413106e-01  7.90508434e-01  1.15649833e+00  2.97453653e-01
  9.44725467e-01  2.25395911e+00 -8.19295279e-01 -1.22934236e+00
  2.27291122e-02  1.62226852e-01  6.77439872e-02  1.83767392e-01
  3.58627898e-01  4.95529564e-01 -1.88790309e+00  2.04270043e+00
 -1.03868239e+00 -5.48355631e-01  7.94611093e-01 -7.85529203e-01
  3.66168639e-01  4.75767945e-01  3.55265644e+00  1.10795576e+00
 -7.06861199e-01 -1.02592890e-01  2.04177280e-02 -1.99779814e+00
  1.90820370e-02  2.53963653e-01 -9.46083352e-01 -1.32583148e+00
 -1.08037414e+00  1.35189440e+00 -4.92161115e-01  5.63805693e-01
 -1.24646143e+00 -2.31145479e+00  1.48447328e+00  3.81871544e-01
  1.70222851e+00  6.03109631e-01  7.09622004e-01 -6.26086868e-01
  5.12269603e-02  3.03292589e-01 -2.87668295e-01 -1.51637632e+00
 -1.48716711e+00 -9.14993970e-02  8.73065858e-01 -3.91813159e-01
  8.20951621e-01 -8.99153990e-01 -8.77820248e-01  1.78063212e+00
 -1.55374865e-01  3.93777287e-01 -1.26801529e-01  3.44279006e-01
  2.97367637e-02  1.78880672e+00 -5.72943034e-01  7.20528770e-01
  1.42604697e+00 -1.23677169e-01 -2.38075633e-01 -6.59933630e-01
 -6.26950998e-01  5.94819644e-01  9.27402790e-01  1.45004998e-01
 -6.08648444e-01 -2.17411816e-01 -7.03116636e-02 -7.54924174e-01
 -1.89107081e+00  2.51377877e-02  5.98864549e-01  8.23087405e-01
 -1.08015806e+00  1.11920579e+00  3.52720513e-01 -1.06304944e+00
  5.01054096e-01  4.26880168e-01 -7.84193299e-02  1.64036220e+00
  6.85267761e-01 -1.03539267e+00 -5.72160942e-01 -1.38954089e-02
  8.91135681e-01 -1.68118362e+00  2.99906928e-01 -8.80305371e-02
  8.56199111e-01 -2.55634125e-01  9.35964399e-01  4.56333177e-01
  6.65685409e-01 -3.27124706e-01  7.40754791e-01  2.23235106e-01
 -2.36301150e-01  9.57919900e-02 -1.06209000e+00  3.11729661e-01
 -1.96494084e+00  9.74860906e-02 -5.25623228e-01 -7.01553373e-01
  7.61640892e-01 -7.29580383e-02  1.23617775e+00 -2.98383795e-01
 -7.42861286e-02 -1.47065412e+00 -1.88503403e+00 -1.04237415e+00
 -1.60459692e+00 -1.37732246e-01  5.88878277e-01  3.23295889e-01
  1.12116527e+00 -9.73265657e-01  6.46971359e-01 -3.19627478e-01
 -5.05397654e-01  3.15003218e-01 -1.27476071e+00  1.68175550e-01
  7.39862655e-02 -4.51506116e-01 -5.35701609e-01  1.11458841e+00
 -7.85130588e-01  1.01894750e-01  2.52141405e+00 -9.61279399e-02
 -2.69526464e-01  1.80423403e+00 -1.75755604e+00 -1.13542277e+00
 -3.29460128e-01 -1.94791912e+00 -2.21675015e-01  1.39272132e+00
 -9.26635388e-01 -5.51395915e-01  3.31687285e-01  7.40350572e-01
 -1.43408145e-01 -9.16007781e-01 -1.46270665e-02 -4.01856232e-02
 -7.30726632e-01 -1.34258215e+00 -4.44465645e-01 -2.04633996e+00
  1.84864909e-01  1.56569333e+00  1.25216434e+00  2.19497028e-01
  1.55943731e+00  3.10334069e-01 -8.34920170e-01 -7.67014194e-01
  1.11856866e+00  1.02958737e-01 -1.29309906e+00 -8.84635958e-01
 -4.47558229e-01  8.39589870e-03  2.11226085e-02 -9.93706050e-02
  7.56269719e-01 -3.06835089e-01  6.42424317e-01  2.59234130e+00
  2.62885995e+00  4.25732229e-01 -5.83274644e-01 -1.16843361e+00
  1.33011306e+00  9.01338340e-03 -1.76869749e+00 -7.45638588e-01
  1.11508460e+00 -6.13657655e-01  2.03309083e-01  1.85713788e+00
 -1.58532055e+00 -1.50631555e+00 -1.29435377e-01  1.21425921e+00
 -1.74469114e-01  1.23889769e+00  5.47287462e-02  7.05519705e-01
  1.81873674e-01 -2.57373729e-01 -9.38264679e-01 -9.57087160e-01
 -7.51630346e-02  1.38050206e+00  7.51678775e-02  1.69173821e+00
 -1.07457997e+00  5.15383158e-01 -1.54039029e-01 -8.71282354e-01
  4.75846225e-01 -2.91739094e-01  1.09841418e+00 -1.37791709e-01
  7.25556037e-01 -1.10621808e+00 -1.89252347e-01 -7.30852375e-01
 -1.06239442e+00  6.33436956e-01 -2.70139714e-01  1.54544128e+00
 -2.81571119e+00  6.70734094e-01 -7.75760639e-02  1.17246865e-01
 -5.79602776e-01 -4.78156413e-01 -1.47016273e+00 -1.47217210e-01
 -7.94182241e-01  1.61944127e-01  3.69367271e-01 -7.96354724e-01
  1.04559421e+00 -8.55900639e-01 -4.93346596e-01  1.06985499e+00
 -8.77476736e-01 -5.12503820e-01 -7.51046039e-02  1.10354210e+00
 -9.81302740e-02 -1.64238194e+00 -3.59598026e-02 -9.11398995e-02
 -1.79648828e-01  2.54558645e+00 -1.18419352e+00  1.36555058e-02
 -6.81603749e-01  1.60588302e-03  9.45427554e-01  2.36431135e-01
 -1.09936687e+00  4.66480968e-01 -8.46050868e-01  1.06374405e+00
 -5.95179153e-01 -5.70431641e-01 -1.14541083e+00  5.88780621e-01
  3.54398800e-01 -1.05765455e+00  7.44951427e-01  1.45717825e-01
  5.04369974e-01 -3.03936099e-01 -2.49126658e-02 -8.04739863e-01
 -9.28494376e-01  7.10757078e-01  2.90353539e-01  8.14532646e-01
 -8.00244887e-01  1.22254407e+00  6.67676518e-01  3.29708178e-01
  5.95880283e-03 -7.17989264e-01  6.13215171e-01 -1.35149936e+00
  1.27735706e-03  9.38066648e-01 -7.35821724e-01  1.47213909e-01
 -3.14880812e-02 -8.96721651e-01 -1.28576204e-01 -1.33210699e-01
  4.84738503e-02 -4.26166886e-01  3.13125871e+00  4.35578121e-01
 -1.17748180e+00  3.40412500e-01  5.90281773e-01 -4.85400791e-01
 -1.21009578e-02  3.97813743e-01 -8.79309447e-01  2.67716680e+00
 -3.09959429e-01 -1.60053339e+00  1.08404482e-01  1.80575485e-01
 -1.18824672e+00 -1.79945941e+00  1.45964151e+00 -4.16644704e-01
 -4.39242395e-01  6.59387484e-01 -3.69717064e-01  4.10258499e-01
  1.53938512e+00  4.56939932e-01 -9.80727252e-01 -9.56101826e-01
 -3.83109146e-01  1.14317697e+00  1.33495687e+00  3.29934812e-01
  2.06388088e-01 -9.00565754e-01  8.92038271e-01  1.31980479e+00
 -1.96695242e+00  4.42581537e-01  1.12435111e+00  1.18421296e+00
  6.86698236e-01  3.05328808e-01 -2.22983554e+00 -1.73868565e-02
 -1.68801358e+00 -1.25731873e+00 -2.74160250e+00 -1.02019418e+00
  1.96122385e+00  6.00429934e-01  1.69568609e+00  1.87051212e-01
  1.75871781e-01  7.58616837e-01 -4.80471638e-02  5.00785773e-01
 -2.28652813e+00 -1.27121073e+00  4.79805664e-01 -2.24607020e+00
 -9.29212421e-01  9.87850591e-02 -2.26405914e+00 -4.42781390e-01
 -2.61974149e-02  1.04572722e+00 -7.19020975e-02 -2.18547473e+00
  2.81667262e-01  7.76436641e-01  4.89927863e-01 -1.26762025e+00
  2.82799386e-01 -1.13827444e+00 -6.90842588e-02 -8.90480646e-02
 -7.18681656e-01 -1.32126115e+00 -1.56689477e+00  3.07820997e-01
  2.39683042e-01 -7.99011000e-01  4.73071137e-01 -9.82750558e-01
  1.01726155e+00 -1.34599917e+00  9.10323975e-01  2.62722470e-01
  9.91696026e-02  3.39198928e-01  9.82555026e-01 -3.51301876e-01
 -9.32749747e-01 -1.70909397e-01  3.44998216e-01  7.75947229e-02
 -1.08626292e+00 -1.22829981e+00  9.40383196e-01  9.91998635e-01
 -1.24797523e+00  8.53930543e-01 -3.52479752e-01  1.10706508e+00
  1.71839775e+00 -1.20090889e-01 -5.36431846e-01  2.20602314e+00
  6.33552231e-02 -1.27620931e+00  1.54139843e+00  7.88923335e-02
  9.53446985e-01  4.89647059e-01  4.40569236e-01 -1.18442145e+00
 -2.43331367e+00 -1.12282842e+00 -5.11429845e-01 -4.73067091e-01
 -3.37907432e-01 -7.41763546e-01  2.63310322e-01 -1.51460599e+00
 -6.46905094e-01  2.42894292e-01 -2.31180406e+00  1.79756184e-01
  1.44549831e+00 -1.59994804e-01  7.73426000e-01 -1.03835810e-01
 -7.98298914e-02 -1.18801699e+00 -1.38553956e-01  1.09171647e+00
  2.19114837e+00  1.77034605e-01 -1.78150230e+00 -1.47688511e-01
  1.87686651e+00 -1.84163101e-01 -1.17125278e-01  5.04342704e-01
  3.63406864e-01 -1.02038766e+00 -1.16441181e+00  1.01232623e+00
 -7.75208522e-01 -1.31093527e+00  1.70852231e-01  5.60231255e-01
  3.78895720e-01  1.23881627e+00  2.00363273e-02  1.39104391e+00
 -9.58852873e-01  5.62388150e-01 -9.44842672e-01 -2.75905207e-01
 -1.05669143e-01  5.77772637e-01  6.15376793e-01  4.10758116e-01
 -1.17836620e+00 -1.28791689e+00  8.26184324e-01  8.07571480e-01
  5.34931172e-01 -1.00496907e+00  5.75253164e-01 -5.37342311e-01
  2.18348488e+00 -1.46283664e+00 -5.81867763e-01 -1.33376601e-01
  9.03188632e-01  5.09820567e-01  7.27933144e-01 -7.99075514e-01
 -4.43010610e-01 -4.03641104e-01  2.24221003e+00  5.77438983e-01
  7.82751841e-01  6.44072697e-01  1.46891409e+00 -6.87406468e-01
 -1.05347849e+00 -3.35026580e-02  1.91707788e+00 -1.02218600e+00
  4.67430464e-01  6.13550892e-01 -1.47177585e-01 -2.06648501e+00
  3.82833874e-01  8.15010361e-01 -1.24516199e+00 -1.30768950e+00
  1.48425860e+00 -5.89976329e-01  3.40920293e-01  4.74324340e-01
 -4.39474312e-01  3.56053537e-01  3.84373721e-01  1.69150156e+00
 -1.75912263e+00  1.26415401e-01  5.75189253e-01  1.16188740e+00
 -2.18790022e+00 -1.43055175e-01 -2.87320856e+00  7.30754121e-01
  3.34964159e-01 -2.38433727e+00  6.64261571e-01  5.79489897e-01
  3.65464023e-02  6.26585769e-01 -1.10358649e+00 -8.98576161e-01
 -1.07585461e+00 -1.41658177e+00  7.37018159e-01 -3.09319348e-01
 -1.83930849e+00  1.24777153e-01  1.08910857e+00 -1.60158072e+00
  7.61322926e-01  3.16257259e-01  1.40193163e+00 -5.01927968e-02
  3.80681870e-01  1.68693270e+00  2.07862651e+00 -8.99540813e-01
 -2.69723225e+00  5.21692359e-01  7.31009599e-01  9.37536068e-01
  1.17418269e+00  1.63117186e+00 -1.70552127e+00 -1.01123320e+00
  1.05943171e+00  1.22138476e+00 -3.59172361e-01  7.95130995e-02
 -3.28981164e-01  7.78319406e-01 -2.90872850e-01 -3.12553365e-01
  1.51897408e+00 -5.87973378e-01  5.80747829e-01 -8.29728710e-01
  3.47063786e-01 -2.14784031e+00  9.38538849e-01  9.77315635e-02
  9.96284772e-01 -1.79527053e+00  1.91241674e-01  2.80794696e-03
  1.34588230e+00 -1.09153709e+00  3.48057062e-01  9.25954727e-01
 -1.96827363e-01 -7.46987072e-01 -2.40810562e-01  5.69085910e-02
  2.89552972e-01 -2.67188023e-01 -1.21619052e+00 -5.81258542e-01
 -7.13449844e-01  1.30085744e+00  1.07583648e+00  4.79819530e-01
 -8.68550734e-01 -1.94850308e-01 -2.94773250e-01  2.84503683e-01
 -6.01956978e-03 -5.15366452e-02 -1.60963511e+00  1.24939706e+00
 -7.19649784e-01  1.28629365e+00 -9.21628515e-01  7.83146969e-01
 -1.96395225e-01 -1.79433012e+00  9.68527217e-01 -6.39181329e-01
  1.09798936e+00  1.61664079e+00  5.79084500e-01  7.40209188e-01
  8.21483727e-01 -5.99879109e-01 -9.45050776e-01  1.65239985e+00
  1.19136582e+00  1.93386125e+00 -6.21490450e-01  4.85305628e-01
  9.98885079e-01  5.92219032e-01  1.62959710e-01  6.20706816e-01
 -4.38539345e-01  2.09181822e-01  1.11009371e+00  1.74613792e+00
 -1.28180644e+00  1.10174645e-01  9.85561849e-02 -1.78625623e+00
 -6.66916963e-01 -6.77983931e-01 -1.32960996e-01  5.71298270e-01
  1.10229682e+00  6.38794851e-01  1.65697043e+00 -2.16564657e-01
  1.28181483e+00  6.72602663e-02  2.11755470e-01  1.18145886e+00
 -9.86544335e-01  1.15924216e-01  1.28608275e+00  4.81664904e-01
  4.01464500e-01 -9.77564506e-02  5.15968793e-02  4.95310040e-02
  1.27529018e-01 -1.15489547e+00 -5.50103541e-01  4.59595556e-01
 -1.25676061e-01  4.42044643e-01 -8.13701583e-01  7.94804583e-01
  2.16487049e-02 -5.47687932e-01 -1.69015471e+00  1.73596137e+00
  4.40657633e-01  7.25054456e-01  2.28545164e-01  4.80565219e-01
  1.11237489e+00 -1.03882498e+00  9.26469501e-01  7.21245650e-01
  7.49326366e-01  1.68972382e+00  3.86764088e-01  1.41889908e+00
 -4.27569532e-01 -9.72214590e-01  5.10844618e-01  2.55288528e-01
  1.39900864e+00  5.40955299e-01  1.08288468e+00 -3.71278642e-01
  4.37052581e-01  5.00985903e-01  1.46521472e+00 -1.46301119e+00
  8.59039095e-01  3.23893449e-01 -7.86517696e-01 -1.13409888e+00
 -6.96501250e-02 -1.84430394e-01 -1.78685443e+00 -4.61241220e-01
 -5.70931616e-01 -2.11886009e-01 -1.97256092e+00  1.31380602e+00
  3.11010345e-01  6.28750937e-02 -3.59587455e-01 -1.62541806e+00
  2.55258858e-01  7.38830896e-01 -5.66382689e-01  9.58532876e-01
 -4.49543604e-01  5.20598307e-01  7.83512357e-01 -1.61978346e+00
 -1.17479619e+00  4.66863621e-01 -1.11627282e+00  5.38239808e-02
 -2.31789037e+00 -2.80785587e-01  8.34525424e-01  1.11512734e-01
 -1.38081163e-01 -3.09487331e-01  1.28084887e+00 -8.99682118e-01
  2.74490434e-01 -1.61458062e-01 -6.04321955e-01  5.54064485e-01
 -3.86585188e-01  7.63879393e-01  5.26383612e-01 -8.71215628e-01
 -2.67105840e-02  4.16655291e-01 -2.92661118e-02  1.50231724e+00
 -2.92632235e+00 -1.05223416e-01 -6.14088583e-01  4.11697883e-01
 -8.81504278e-01  1.55154172e-01  1.38621696e-01 -4.32309235e-01
 -1.48867793e-01 -6.70624171e-01 -5.27362106e-01  1.18542068e+00
 -3.74654197e-01 -4.52467300e-01 -1.49222930e+00  1.94525230e+00
  4.29478566e-01  1.02548042e+00  1.14772856e+00  1.69105877e-01
 -2.81934631e-01  2.08743992e+00  1.45470313e+00  3.54299008e-01
  1.56378978e+00  3.79255080e-01  2.92999926e+00 -1.29630473e+00
 -7.42424519e-01 -5.62972496e-01 -1.66182201e+00  1.05465866e+00
 -4.07321920e-01  1.33483681e-01  9.48600728e-01  6.80992541e-01
 -2.46269101e+00  8.84280723e-01 -1.73469087e+00 -3.31827440e-01
 -6.82406966e-01 -1.68707968e-01 -5.39453215e-01 -1.23393577e+00
  7.37112723e-01  1.22741318e+00  9.21188375e-01 -4.43751761e-01
 -1.21161015e+00  3.15844610e-01  2.37769452e-01 -3.69768686e-01
 -3.15591432e-01  3.21812505e-01 -4.37057597e-01 -2.10292124e-01
 -1.53008322e-01 -9.74567914e-01  6.27299491e-01  4.47436451e-01