-2.26446178e+00  2.79369399e-01 -1.51483853e+00 -7.93027161e-01
 -8.20816263e-01 -3.96732437e-01 -1.41620573e-01  1.08276193e+00
 -7.62440210e-01  1.93428865e+00  2.73051515e-01 -7.38450217e-01
 -4.62389524e-01  1.47855491e-01  5.77244277e-01  1.94176290e+00
 -1.80080937e+00  5.09900762e-01 -5.04560368e-02  7.84171901e-01
  1.22460565e+00  9.57232563e-01 -7.70479772e-02 -4.61361382e-01
  1.46816986e+00  1.48987736e+00 -5.81148385e-01  5.23676840e-01
 -1.10723759e+00 -3.10026601e-01  3.37291354e-01 -1.10203396e+00
  1.21598940e+00 -1.48063266e+00 -6.12026735e-01 -1.23616720e+00
  8.10522147e-01  7.35125990e-01  3.06027195e-01  2.53323269e-02
 -1.75162548e-01 -1.63273541e+00 -8.70150194e-01 -4.54400919e-01
  1.44707951e+00 -1.40153355e+00 -8.42537550e-02 -1.12942134e+00
 -9.68078524e-01 -1.61010890e-01  6.62544049e-01  7.65777258e-01
 -5.88702599e-01 -1.83680140e+00 -3.08036740e-01 -1.04683401e+00
  3.71148288e-01  1.15687893e+00 -1.67314955e+00  5.02902814e-01
 -6.86690284e-01  6.02462932e-01  9.06899113e-01 -2.63813278e+00
 -2.92438671e+00 -4.47797108e-01  3.66794113e-02 -6.58380934e-01
 -3.19635993e-01 -1.06736768e+00  4.76529064e-02  4.72391922e-01
  1.88366404e-01  1.14966679e-01 -9.16507986e-02 -1.02797496e+00
 -6.64938560e-01  3.63467337e-01 -3.32438450e-01 -1.16987642e-01
  9.16338694e-01 -1.03114526e+00  3.73004727e-01  6.58632736e-01
  3.82239058e-01 -3.98063020e-01 -2.66116238e-01  2.92002256e-01
 -1.67266807e-01  1.70822308e-01  7.02594487e-01  2.52628502e-01
  7.46764943e-01  1.99242900e+00  2.86685582e+00  6.30824511e-02
  2.11378914e-01 -1.49482544e+00  1.65987420e-01 -4.42031315e-01
  5.53930841e-01 -7.79341235e-02 -1.32575093e+00 -8.26953123e-01
 -1.57610637e+00 -2.50805173e+00  7.62152275e-02  1.12326572e+00
 -2.60680820e+00 -5.11277928e-02  1.08852679e+00 -1.10856282e+00
 -1.95629149e-01 -1.59497132e+00 -4.66329771e-01  8.65420240e-01
  4.74297657e-01  1.34745826e+00  6.80564650e-01  1.41735251e-01
  8.54380890e-01 -6.69832324e-01  7.30163375e-01  3.05560021e-01
  7.15258147e-01 -6.27637598e-01  1.10596742e+00 -1.50345258e+00
  1.23146454e-01  3.47487360e-02  2.98927932e-01  8.40798311e-01
 -1.08866478e+00  8.61674675e-01  6.20004901e-01 -4.94176843e-01
  1.30705050e-01  4.51888826e-03 -3.34010135e-02  7.50749549e-02
 -5.19892733e-01 -4.67953195e-01 -3.23812208e-01  7.02605383e-01
  4.59720311e-01 -1.06885576e+00 -7.45144723e-01 -1.24953093e-01
 -7.52335775e-01  5.97616774e-01 -2.02305365e+00  8.68261450e-03
 -3.43192634e-01  8.63730798e-01 -1.67671404e-01  6.51918033e-01
 -1.17096152e+00  1.19592779e+00  1.45070398e+00  2.65754040e-01
  9.24388361e-01 -1.77111187e+00 -8.81757715e-01  4.82181248e-01
  4.04731246e-01 -3.92544783e-01 -1.31246271e+00  8.77328962e-01
 -5.17733992e-01 -9.37274802e-01  4.87916474e-01 -4.16925762e-01
 -1.63760606e-01  5.28184636e-01  1.80264194e+00 -5.31442418e-01
 -3.52339835e-01  8.48778336e-01  8.82446942e-01  9.95509816e-01
  2.79827155e-01 -3.29208752e-01 -1.69562513e+00 -1.29560328e+00
 -7.40169295e-01 -1.15305891e+00 -3.30030722e-01 -1.35910897e+00
 -1.95270962e+00 -8.07200174e-01  1.04964573e+00 -5.52223887e-01
  2.17303501e+00  3.44252815e-01  4.63956004e-01 -1.10660576e-01
  6.64825559e-01 -1.04483959e+00 -6.98650080e-01 -1.76079744e+00
 -5.73183172e-01 -2.61719913e-01  9.37824196e-01 -1.30207353e+00
  6.31872392e-02 -1.95163963e-01  1.11367013e+00  6.25886283e-01
  1.51425858e-01 -4.71154383e-01 -1.51897259e-01  1.13109926e-02
  1.80117286e+00 -9.03467031e-01 -1.47132276e-01  3.58802429e-01
 -5.18141248e-01 -4.66005103e-01 -5.71475398e-01  1.49567381e+00
  2.47381952e+00 -8.64000702e-01  3.04994670e-01 -1.08209089e+00
 -7.55211041e-01  7.93527623e-01  1.67836039e+00 -2.43939788e-01
 -1.73823124e+00  7.49670396e-01  1.36497375e-01  1.49228613e+00
  1.38566713e-01  1.27896661e-01 -6.40508685e-02 -1.60297562e-02
  2.53431880e-01  2.02744573e-01 -5.26311456e-01 -4.76184132e-01
 -1.60343209e+00 -1.51228599e-01 -3.64389438e-01  5.94313704e-01
 -1.21854133e+00  8.75108921e-01 -1.84603007e-01 -8.92996796e-03
 -1.56604638e+00  5.74999513e-01  7.51371400e-01  8.29987285e-02
  1.83970660e+00 -8.93295716e-01  2.89996822e-01  5.23775182e-01
 -3.37934865e-01  3.56007600e-01  1.14760628e-01  7.57199157e-01
  9.04165420e-01  1.67292559e+00  8.92478056e-01  1.10641112e+00
 -2.93637645e-01  5.66703900e-01  5.29955144e-01  3.26907649e-01
  1.92709360e+00  1.20578640e+00 -1.52770007e+00  7.37477733e-01
  9.03862883e-01  1.16057187e-02  1.10283855e+00  1.96659645e-01
 -1.39435627e+00  6.62088811e-01  5.13361551e-01 -2.23014889e-01
 -4.75395036e-02 -8.74967203e-01  1.68268355e-01  1.22321712e-01
 -2.22262008e+00  6.57205651e-01 -2.95131009e-01  2.09871451e+00
  1.57892355e+00  2.43935013e-01  7.11797841e-02  5.62871849e-01
  1.39221795e-01  1.04245197e+00  4.35719024e-01  2.62280858e-01
 -2.47814509e-01  1.25502506e+00  9.91852080e-01 -1.44031917e+00
 -1.08300033e+00 -1.88583501e-01 -4.22957274e-01  1.48420337e+00
 -5.51640596e-01  1.90561925e+00 -1.65236285e-01  9.44146474e-01
  1.58048170e+00 -1.47857421e+00  4.78254662e-01  6.48531884e-01
 -7.20331812e-01 -8.16112730e-01 -1.72509482e+00 -1.14522841e-01
 -8.64661570e-01 -8.06903829e-01  3.23182799e-01 -2.46456904e-01
 -1.98102237e-01  8.74279296e-01 -1.62750362e-01 -2.10099747e-01
 -1.16457988e+00 -8.32722862e-01  1.04146098e-01  2.76438474e-01
 -1.58455280e+00  4.04685568e-01  9.08802035e-02  7.82200516e-02
 -2.21691471e-01  1.50299942e-02 -2.07697947e+00  1.89433966e-01
 -8.54345994e-01 -8.70760778e-02  4.67659198e-01  2.54891277e-01
  9.03118059e-01  4.87222028e-01 -1.13933102e+00 -3.64937925e-01
  3.87193096e-01 -6.19261584e-01  7.85134650e-01 -2.56908429e-01
  1.55993288e-01 -5.18082702e-01 -3.25248288e-01 -4.00303189e-01
  4.49259468e-01 -4.66167096e-01  9.36031843e-01  9.23509547e-01
  5.60211471e-01  1.34435613e-01  1.29952056e+00 -2.86246006e-01
  6.78615509e-01 -1.03715025e+00 -2.57425993e+00  1.50833199e+00
  9.98094530e-01 -1.74189536e+00 -9.71991163e-03  9.18645524e-01
  7.30187669e-01 -7.73029731e-01 -4.34686803e-02 -1.40418173e+00
  1.61980775e-01  1.45294362e+00  8.01769430e-01  6.77295919e-01
 -2.02951868e-01 -4.39592951e-01  1.19613084e+00 -1.75696324e+00
 -1.80283194e+00 -8.20750313e-01 -8.46625488e-01  1.14663699e+00
  7.91936308e-01 -8.14769325e-01 -2.06327347e-01 -7.50807092e-01
 -3.40049402e-01  1.74079209e+00  4.50744813e-01  9.47369272e-01
 -2.79656056e-01  3.62938723e-01  1.02024911e+00  5.96511007e-01
 -1.09643206e+00  1.81551722e+00  1.70807503e+00 -1.42384077e+00
  7.19501947e-01  1.82746922e+00  7.88098932e-02 -2.53595680e-02
 -3.70559283e-01 -4.08814511e-01  3.01949098e-01  1.59292460e+00
 -5.04766789e-01 -4.51279935e-01  1.06928549e+00  3.40470674e-01
 -2.09995213e-01  2.56561517e-01 -4.49566341e-01  1.73291961e-01
 -9.19848605e-01 -4.38445969e-02 -2.14093476e+00 -7.81693757e-01
  1.85661088e-01 -1.55220924e+00 -2.94152569e-01  3.18734369e-02
 -6.28774148e-01  1.27067386e-01  3.13010430e-01 -1.16632616e+00
  4.55079026e-01 -1.62835186e+00 -9.26996879e-01  7.12676004e-01
  1.04719240e+00  8.24482072e-01 -4.26898000e-01  6.30570106e-01
  8.10957751e-01  6.52228833e-01  3.48274689e-02 -4.32541869e-01
  1.25213763e-01 -6.83949527e-01  6.12294969e-01 -3.03746257e-01
  5.29333760e-01 -1.22023076e+00  9.29840330e-01 -4.91445479e-01
  6.57671969e-01 -7.47211488e-01  7.08562786e-01  3.40814108e-01
 -1.83870014e+00 -1.35688077e+00  4.48924418e-01 -1.13329912e+00
 -5.36280290e-01  4.46829697e-01 -2.38805140e+00  1.43803913e+00
  7.12727526e-01 -1.08573487e-01  5.57449113e-01  1.69001503e-01
  5.75806662e-01 -9.10779843e-01 -5.61364439e-01 -1.11594120e+00
  8.65602869e-01  1.10534261e+00  8.84898215e-01  1.06217866e+00
 -7.06248902e-02 -3.33328968e-01 -7.51392293e-01 -6.95780951e-01
 -5.03511808e-01  1.02609840e+00  4.38756515e-02 -9.18084320e-01
 -1.49059180e+00  4.06643741e-01  4.46166434e-02  6.64892946e-02
 -1.77118432e-01 -3.61311738e-01  2.11696259e-01 -6.15980279e-01
  1.38424034e+00 -1.04479011e+00 -1.52531588e+00 -1.32240199e+00
  2.77639528e-01 -4.35256699e-01  8.51674068e-01 -1.15790282e+00
 -4.92937351e-01 -9.58844681e-01  1.70356622e+00  3.72773012e-01
 -1.45779231e+00  2.32824535e-02  4.36607502e-01 -1.02161686e+00
 -7.80985778e-01 -7.92309151e-01 -3.58628089e-01  2.19920862e-01
 -9.06235752e-01  4.81929199e-01  4.16571217e-01  1.35285540e+00
  1.79089243e-01  6.63726663e-01  2.51046295e-02  2.32311011e-01
  1.16579934e-01  8.55156588e-01 -2.88812746e-01  7.85254500e-01
 -2.04430113e+00  5.14086652e-01 -1.16652683e+00 -4.81280314e-01
  7.06116976e-01  2.31517413e-01  3.65814567e-01  7.83851939e-01
 -5.35168466e-01 -1.62265042e-01  7.67887229e-02 -1.13232505e+00
  7.28995758e-01 -1.10788917e+00 -7.00937168e-01  1.50264339e-01
 -1.18248264e+00 -5.83179117e-01 -1.15307948e+00  2.11779745e+00
  1.13780270e+00 -4.98705132e-01 -3.08407062e-02 -3.94727252e-01
  2.05454758e-01  1.72559671e-01  1.84340574e+00 -7.37463293e-01
  4.14500871e-02  2.75241260e-01 -9.15497453e-02  9.19382074e-01
 -6.86025372e-01  1.66631198e+00 -9.60696264e-01  2.32011683e+00
 -2.00324552e-01  2.64971463e+00 -1.27741912e+00 -1.21617884e+00
 -5.72049490e-01 -1.52236263e+00  2.41034443e-01  5.39382891e-01
  1.96339225e+00 -1.70603321e+00  4.25616887e-01 -1.03171910e+00
  1.23154735e+00  2.23394703e-01 -5.75786190e-01 -1.89890122e-01
  1.94583400e+00  1.53497846e+00  9.83653179e-02  2.71925736e+00
 -2.12203582e+00 -8.58736949e-01  5.09427226e-01 -6.37848289e-01
 -6.64273684e-01 -8.76003689e-01  1.10858387e-02  4.49769196e-02
 -3.36187971e-02 -1.70054344e+00  2.46975300e-01 -9.40928658e-01
  1.46325385e+00  1.83993509e-01  4.96534276e-01 -1.65961215e-01
 -1.00962683e+00  6.25709001e-01  8.94391699e-01 -5.94315599e-01
  1.75476339e+00  6.48194079e-01 -7.23810040e-01  5.42580922e-01
  9.00396996e-01 -3.79645547e-01  1.34609006e+00 -3.67459717e-02
  1.09615803e-01 -3.65775605e-01 -4.20700851e-01 -7.38413994e-01
  1.80200850e+00  4.18684364e-01 -2.45250597e-01  4.90783830e-01
  4.04380099e-02  1.30524406e+00 -1.09909000e+00  1.30000618e+00
 -5.48671957e-01  9.31048462e-03 -7.57009880e-01  1.25696204e-01
  5.57316925e-01 -1.64197203e+00 -5.90633410e-01  6.06855986e-01
 -3.73258412e-01 -1.45653705e+00  1.02833283e+00 -1.58679824e+00
 -1.13148123e+00 -2.16066142e-01  1.15056052e+00  1.34387713e+00
  1.61499532e-01 -2.88671060e-01  7.09771084e-01 -1.05840389e+00
  9.08513837e-01  1.48496733e+00 -8.72541610e-01 -4.74640347e-01
  9.55503937e-01 -6.94917618e-01 -9.79590869e-01 -2.14269920e-01
 -6.28350024e-01 -2.52164759e-01 -2.59612632e-01  1.40880595e+00
  1.86069052e-01  1.33127054e+00 -9.78362983e-01 -1.52441874e+00
  4.03543490e-01 -6.00872313e-01 -5.40523402e-01 -7.87680865e-01
 -6.23644708e-01  4.08008585e-01 -2.38114356e-01  7.14335177e-01
 -3.61310150e-01  6.81643227e-01 -9.99304812e-01 -1.77943457e+00
 -1.30396773e+00 -4.92505696e-01 -1.53706654e+00 -1.23172106e+00
 -2.47816587e+00 -6.02651124e-01  9.31579480e-01 -8.20352820e-01
  1.00760551e+00  6.40590743e-01  7.33456329e-01  8.10458473e-01
  1.68178721e+00 -1.21511134e+00  5.94202028e-01  8.18462344e-01
  3.19703492e-01  1.19151296e+00 -1.30558964e+00  6.48805348e-01
  7.55793461e-01 -7.47034822e-01 -6.95776379e-01 -1.45021962e+00
  8.96656253e-01  9.36862309e-01  3.31645976e-01  5.90271519e-01
 -1.03592373e+00 -6.54916845e-01 -4.62222266e-02  1.31697901e+00
  6.30846907e-01  5.85924793e-01 -1.99752337e-01  2.90252775e-02
  2.07648313e+00  1.40361722e+00 -5.53411861e-01  7.68352136e-01
  1.11507559e+00  7.01504213e-01  4.74713168e-02  9.31865941e-01
 -1.81173408e-01  3.04067927e-01 -1.21528393e+00  1.16575152e+00
 -6.21745027e-01 -1.21441913e+00 -1.04442209e-01  3.01248872e-01
 -1.84238688e+00  6.41888129e-01  1.15638909e+00 -4.31588163e-01
 -2.77950807e-01 -1.19603635e+00 -1.80947760e+00 -9.23119264e-02
  2.73460819e-01  9.49574471e-01 -3.62222284e-01  1.42476263e+00
 -9.14909925e-01 -8.43730860e-01  5.69559598e-01  1.54734768e+00
  6.10246462e-01  1.14696067e+00 -4.00598020e-01 -5.87774310e-01
 -1.04276141e+00 -1.01573556e+00  9.18195540e-01 -7.83192385e-01
  1.40534668e+00 -1.01451737e+00 -4.95118064e-01  6.04810331e-01
  1.05099299e+00 -1.03473573e+00 -2.65380290e-01 -5.74835614e-01
  2.84656933e-01 -1.06538348e+00 -4.20085223e-01 -4.50068042e-02
  1.97983714e-02 -7.23628066e-01  4.17079886e-01 -2.95987180e+00
 -1.64292857e+00 -4.52784952e-01  9.54820753e-01 -1.64186125e-01
 -9.96248817e-02  9.73565991e-02 -1.16515591e+00  9.35909826e-01
  5.76562532e-01  8.37566263e-01 -1.02191614e+00  6.47411474e-01
  1.24153609e+00 -1.39604739e+00  1.22578535e+00 -1.09970492e+00
  1.69410368e+00  1.31646048e+00  1.63988116e+00  1.04311872e+00
  1.87608748e+00  1.56320687e+00  1.24235470e-01  1.84368417e-01
 -2.64129900e-01 -1.39000499e-01  7.39047238e-01  1.85156862e-01
  1.39733492e+00  2.19393390e-01  6.11276183e-01  1.13261223e+00
  2.69484773e+00  7.66550692e-01  2.46937893e+00 -1.31104688e+00
 -7.02307802e-01 -1.44046312e+00 -1.75747851e-01 -1.77361448e-01
  1.76060055e+00  1.36456413e+00 -7.92601880e-01 -1.64133778e-02
 -7.69313541e-01 -1.80975789e-01  2.16808700e+00 -1.05850060e-01
  5.81714675e-01 -2.22795617e-01  1.10370099e+00 -4.63223752e-01
 -1.85546273e+00 -6.96073932e-01 -6.27071253e-01  5.91585522e-01
  8.86604487e-01 -1.21511663e+00 -6.93042815e-01 -4.07314814e-01
  3.02817232e-04  1.98414031e-01 -9.17781044e-01  1.32849965e-01
 -2.01666135e-01  4.45403714e-01  1.42788055e+00 -1.39077076e+00
  3.11166104e-02  7.01720862e-01  1.74742979e+00  1.10926176e+00
 -4.63977406e-01 -1.17993301e+00 -1.61014952e+00 -4.65717921e-01
  1.21939053e+00  4.36369692e-01  1.25612449e-01  1.89877361e-01
 -2.69089601e-02  4.89944443e-01 -1.13102791e-01  9.96603365e-02
  2.31195306e-01  6.50677878e-01  8.38178060e-01 -9.56032416e-02
  2.08311057e+00  1.49270611e+00  2.54976929e-01 -9.09034950e-01
 -8.44852693e-01 -4.48634000e-01 -4.12860459e-02 -1.33500384e+00
  1.31380000e+00 -9.68395275e-01  9.49907356e-01  9.92997464e-01
  2.84331223e-01 -4.88733609e-02 -7.51732846e-03 -4.50651309e-01
 -1.59315013e+00  8.35669576e-01  3.52256633e-01  1.22429039e+00
  2.78115376e-01  1.52749026e+00 -9.58266163e-01  7.60740953e-01
  6.95639684e-01 -5.86730747e-01  6.36210445e-01  8.27035731e-01
 -6.15962526e-01  2.24655529e+00 -1.72623714e-01  1.64070144e-01
 -3.69765557e-02  4.57281538e-01  2.16937642e-01  1.35222698e+00
  1.21650487e+00 -1.65728837e+00 -1.43353667e+00  5.88391861e-01
  1.19452550e-01 -1.27000619e+00  2.17259093e+00 -1.28229922e+00
 -4.63511702e-01 -1.45308146e+00  6.11595729e-01  1.32838731e+00
 -1.64666298e+00  5.32925334e-01  1.48631857e+00 -1.26605847e-01
  1.48559794e+00 -2.51179180e+00 -2.48391415e+00 -8.90796796e-01
  3.33959108e-01  1.67957023e+00  1.02924470e+00  2.63205688e-01
  7.01623059e-01  1.02167667e+00 -2.36937927e-01 -5.70393868e-01
 -1.24859975e+00 -1.49169938e+00  5.34662796e-01 -2.24600655e-01
 -1.19036853e+00 -1.45955290e+00 -2.81714401e+00 -1.13609109e+00
 -1.28454986e-01 -3.66237133e-01 -1.92511528e-01  7.00457702e-03
  1.24542375e-01  1.47580330e-01 -4.22488291e-01 -3.59138983e-01
  1.28876414e+00  5.25150921e-01 -7.47949435e-01 -1.35223988e+00
  3.44369120e-01  1.30801429e+00 -7.17935998e-01  7.05126491e-01
 -7.45445510e-01 -2.46788521e-01  2.76881246e-01 -1.15315083e-01
 -1.59342617e+00  1.52105256e-02  5.19102491e-01  7.64476459e-01
 -3.05645601e-01 -1.85097407e+00 -7.44567627e-01 -1.25593416e-01
  6.37512359e-01 -8.19040261e-01 -1.93371279e-01 -7.91041185e-01
 -2.20180909e+00  6.84209538e-01 -1.69685273e-01  5.90170961e-01
 -1.07643621e+00 -1.34539654e+00 -3.96316014e-01  6.52802740e-02
  1.28243158e+00  1.02264786e+00  7.69727551e-01 -2.55695508e-01
 -7.92905755e-01  2.33737766e-01 -4.76105392e-01 -2.97739077e-01
 -3.77699271e-02  7.28193819e-01  2.09699472e+00 -1.05272982e+00
 -1.39784129e+00  5.26782638e-01 -1.65943108e+00  5.20136379e-01
  3.93977058e-01  8.32411318e-01 -1.89567127e+00 -5.80623892e-01
  6.22292479e-01 -5.56237824e-01 -1.37082322e+00  3.04027699e-01
 -1.12081128e+00 -8.06002778e-01 -5.31016930e-01 -7.84993146e-01
 -1.13832077e+00 -1.74855620e+00  9.48603907e-01 -9.47382407e-01
  1.63281568e+00 -9.19526106e-01  2.54956296e+00  7.19141353e-01
 -1.14545912e+00  5.46436183e-01  2.40398121e-01  9.70336802e-03
  4.44210656e-01 -1.50014981e+00 -9.93390572e-01 -4.40828617e-02