-4.80413948e-01  1.21029831e-01  2.13861086e+00  1.74592483e+00
 -1.40731307e+00  2.54617892e-01 -1.88444656e+00  7.78723308e-01
  1.26836142e+00 -3.98583775e-01  2.50987569e-01  6.91308442e-01
  1.59092545e+00  5.27204668e-01 -3.72498690e-01  3.19196454e-01
  1.10493886e+00 -6.95718448e-01 -1.28895331e+00  1.73758117e+00
  4.44635241e-01 -1.49556357e+00  8.37941482e-01 -2.70029601e-01
 -5.96041553e-01  2.02435293e-01  3.40082853e-01  2.32076884e+00
 -6.05561005e-01  5.45011670e-01  7.68413621e-02 -1.01845860e-01
  1.22532107e+00 -6.53628047e-02  8.33180084e-01  2.54046224e-01
 -5.97036048e-01  8.98937225e-01 -1.47958541e+00 -3.30412484e-01
  1.75926741e+00 -1.54176956e+00  2.33772489e-01  1.51523243e+00
  7.14695773e-02  1.73191284e+00 -1.26880300e+00 -9.79856751e-01
 -1.51259781e-01  2.44138803e-01 -8.22310580e-01 -1.22559466e+00
  9.38631265e-01 -2.88674492e+00 -2.54851630e-01 -4.17248805e-01
  4.81847832e-01  6.48244400e-01 -1.32280103e-01 -1.08016291e+00
  1.87954161e+00  7.87688916e-01 -2.62370398e-01 -5.82458267e-01
 -9.07687526e-01 -2.10553440e+00  5.95389548e-01  1.10093939e+00
 -1.48827237e+00 -9.66677139e-01 -3.52745937e-01 -4.74281540e-01
 -3.48902162e-01 -1.47381500e-01  8.74533357e-01 -3.57109970e-02
  2.30691845e+00 -4.23057933e-02 -1.12350420e+00 -3.49428568e-01
  6.83435967e-01  2.46855365e-02 -2.11370930e-01  2.00419153e+00
  8.88264408e-01  6.95777088e-01 -1.40929312e+00  1.82587790e+00
 -7.18545873e-01 -2.93321519e-01 -2.77618248e-01 -1.76104748e-01
 -2.73884322e-01 -2.27936745e+00  8.73825819e-01 -1.60473327e-01
 -1.04850067e+00  5.23601602e-01  1.55721046e+00 -8.74066599e-01
 -1.77436938e+00 -1.18657078e+00 -6.31613026e-01 -6.47727164e-01
 -2.54334390e+00 -1.30200132e+00  1.33432338e+00 -3.33748453e-01
  3.26544067e-01  7.36844383e-01 -1.28859761e+00  1.41192241e+00
  1.22937707e-01  1.03499636e+00  2.90361841e-01 -4.41542561e-01
  8.67217434e-01  1.23208447e+00  7.16873929e-01 -9.50494538e-01
 -5.16304304e-01 -3.63830629e-01 -2.84521045e-01  6.39145982e-01
  1.06668570e+00 -5.30166682e-01 -2.37490728e+00 -8.20822790e-04
 -1.34873888e-01 -4.78083720e-01 -6.01704775e-01 -1.25438114e-01
  2.09877557e-01 -1.68211373e+00  1.05296732e+00 -1.16849740e+00
  4.89218523e-01  4.28914301e-01  2.14295523e-03 -2.52493923e-01
 -2.18313327e+00  1.69140322e+00  1.52491393e+00 -7.21584125e-01
 -1.91447916e-01  9.59733115e-01 -1.26506386e+00 -2.07862359e-01
 -1.82543166e+00 -2.81350518e-01  1.12884725e+00  9.82307243e-01
  2.27954156e+00 -9.46244289e-02  4.88228415e-02 -5.99607026e-01
  2.18004075e-01 -4.66357132e-01  1.55883822e+00 -2.79029425e+00
  1.25505152e-01  8.47751493e-01  7.10942208e-01 -7.24487227e-01
 -7.33156886e-01  2.79107106e-01  7.75129382e-01 -8.47491950e-01
  1.48563450e+00 -9.76047643e-01  1.04433428e+00 -1.82098552e-01
 -2.58686429e-01 -1.31654640e-01 -1.09264560e+00  1.49117825e+00
 -4.96062012e-01 -1.04661620e+00 -2.67629039e-01 -9.45418557e-01
  1.35007404e+00  9.10201165e-02 -1.75704637e+00  6.75518586e-02
 -1.32734755e+00 -5.60785920e-01  1.57643173e+00  7.27005340e-01
 -8.69610078e-01 -1.91536111e+00  1.14599357e+00  1.79981056e+00
 -5.02483769e-01 -1.55412037e+00 -9.38674397e-01  5.24368287e-01
  5.25967967e-01 -6.97493107e-01 -4.13194592e-01 -1.25924890e+00
  1.30208669e+00 -9.28082289e-01 -1.26368689e+00  6.07701881e-01
  8.70959168e-02  1.26464370e+00  1.37801364e-02  7.45518337e-01
  3.42915308e-01 -1.18881285e-01  5.46126760e-01  5.87873942e-01
 -6.09919906e-01  1.26385758e+00  3.41743761e-01  4.65114825e-01
 -5.21309635e-01  9.10711994e-01  1.83283230e+00  7.08604390e-01
  4.62416071e-02  9.49836370e-01  1.50746935e+00  1.12904655e+00
 -2.67202518e-01  1.36603313e-01  2.51010835e-02 -1.14278610e+00
 -9.71968166e-01  8.94019753e-01 -8.20024053e-01 -3.05200368e-01
 -1.10757763e+00 -6.65964559e-01  3.39206810e-01  6.94127178e-01
  1.91258246e-01 -6.03776459e-01 -2.16027316e-02 -5.35513837e-01
 -8.98148819e-01  5.79427336e-01 -6.28974108e-02 -9.88768662e-02
 -1.58801406e-01 -1.31842372e+00 -4.13851012e-01 -1.03028658e+00
 -1.30095721e+00  1.57587303e+00  5.45215117e-01 -1.63748049e-01
  7.35158066e-01 -2.27516926e-01  1.29256881e+00 -2.40599439e-01
  8.75833115e-01  1.04663261e-01  1.50594931e+00 -3.44424027e-01
  1.26382059e+00  1.09019548e-01 -6.52390150e-01  1.25572903e+00
 -1.25273194e+00  2.28265249e+00  5.50882392e-01  2.64308988e-01
 -5.61023058e-01 -1.04033375e+00  8.45323869e-01  2.06618354e+00
 -8.46530528e-01  1.24847091e+00  6.12073393e-01 -6.81312213e-01
  1.34815355e+00  2.45485424e-01  2.04458444e+00 -7.07589559e-01
  1.05170766e+00  1.11957620e+00  1.68998695e+00  1.60179371e-01
 -3.12977086e-01 -1.95840487e-01  6.75816761e-01  8.08442542e-01
  2.75467311e+00  1.68127656e+00  1.49729559e-01  2.61272456e-01
 -9.15993975e-01 -8.92181087e-01  1.45154290e+00  9.72619554e-02
  6.47516530e-01 -2.48116814e+00  2.24186047e+00 -5.61834382e-01
 -1.23750687e+00 -7.81392584e-01 -2.81159591e-02 -3.87232791e-01
  1.39012159e+00 -1.09275678e-02  1.61141476e+00 -6.66712692e-01
  1.18494587e+00  7.23053549e-01 -1.26000470e+00 -7.88330749e-01
 -1.98487579e-01  1.54701978e+00  2.04951099e-01 -7.46543176e-02
 -1.00724754e+00  1.54408120e+00  2.05203827e-01  1.06364945e+00
  1.11690553e+00 -1.26532696e+00 -2.90057882e-01 -3.23160383e-01
  9.58327484e-01 -2.95948171e-01 -1.94916027e-01 -2.22862911e-02
  9.41525164e-01  2.25936673e+00 -7.25901833e-01  1.72602053e+00
  3.24493141e+00 -8.28922567e-01  1.80371659e+00 -3.69395987e-01
 -9.29908046e-01 -6.72139590e-01 -5.43588549e-01  2.23005474e+00
  3.60625109e-01 -5.47659714e-01  5.61074746e-01 -1.02080674e+00
 -3.10548661e-01 -6.95139350e-01  1.21949008e+00 -4.99222392e-01
 -5.23553290e-01 -3.88401459e-01  1.84953772e-01 -8.55930458e-01
 -3.94676484e-01  4.23243103e-01 -4.95584027e-01  1.04550559e+00
  1.11528117e+00  1.37796404e+00 -9.93796855e-01  5.94969289e-01
  9.52496779e-01  1.23053851e+00 -3.21953202e-01  2.89317563e-01
 -4.87858927e-01  1.03384889e-01 -1.00768907e+00 -3.66086702e-01
 -1.09408247e+00  7.43650420e-01  2.28216953e+00 -1.42141762e-01
  1.64800810e+00  1.85904642e+00 -1.18416729e+00 -2.71680405e+00
  7.21520464e-01  1.49528300e+00 -6.87706365e-01 -3.43090911e-01
  2.31605658e-01 -5.65300527e-01  2.37828073e-01  4.25433428e-01
 -9.89474384e-01  4.22401016e-01 -3.74515603e-01 -1.60711010e+00
 -2.06752002e-01  5.41385954e-01  1.08300659e+00  6.85716639e-01
 -6.94530499e-01 -9.39037628e-02 -1.15764227e+00  1.81555557e+00
 -2.01717647e+00  4.32809700e-01 -2.79530141e-01  5.78956203e-01
 -4.98340435e-01 -1.47054103e+00 -6.34638954e-01 -1.14904687e-01
 -4.52982675e-01  1.18454935e+00 -8.47941967e-01 -1.22699532e+00
  3.16807472e-01  8.29217781e-01 -1.04410471e-01  1.37068298e+00
 -4.24093005e-01 -4.41645558e-01  1.37470192e+00  9.05058975e-02
 -1.74711337e+00  1.52603459e+00 -1.99088697e+00 -2.88660908e-01
  6.90828890e-01 -4.46164678e-01 -5.64568433e-01  1.69344467e-01
 -7.63604200e-01 -8.45979986e-01  7.82716804e-01 -7.51526070e-01
  1.02329996e+00  8.34855448e-01  1.12101975e+00  1.66568577e+00
 -9.53717854e-01 -1.56575636e+00 -2.29247383e+00  7.67118643e-03
  5.74254165e-01  4.26100506e-01  1.20935827e+00  1.00648919e+00
 -3.02699227e-01  1.25754969e+00 -1.83055518e+00  4.70259321e-01
 -2.83367582e-01 -1.06858652e+00 -2.12956371e-01 -8.66792396e-02
  5.51624294e-01 -3.82724804e-01 -2.04946819e+00 -1.21682030e+00
 -1.02053426e+00  2.51003159e-01  1.75120283e-01  1.85853318e+00
  1.76867310e+00  1.06933173e-01  5.67939110e-01  6.53161337e-01
 -3.73632648e-01 -6.72678107e-01  8.27039562e-01  3.16420909e-01
  4.53778862e-01 -5.72439019e-01  1.70443088e-01  1.19410178e+00
 -1.15368601e+00  2.34379997e-01 -1.63341474e+00 -1.18288790e+00
 -9.07444883e-01 -1.64111012e-01  1.20030485e+00  1.17430136e+00
  5.76778450e-02  4.27902307e-01 -6.15313870e-01  1.65107636e-02
 -6.20786904e-01  7.98299934e-02 -1.16441696e+00  1.48539569e+00
 -3.93956921e-01 -5.50511014e-01 -2.36341493e-01 -1.43600189e+00
  1.14026247e+00 -1.03535181e+00 -1.07694227e+00 -1.05868821e+00
  2.95540868e-01 -1.06682508e+00 -8.10732190e-01  1.05756657e-01
  3.09181768e-01  1.72621900e+00 -1.34217822e-01  1.76574855e+00
 -5.82302968e-01  8.70184866e-01  2.03061566e-01 -1.06093007e+00
 -1.47464128e-01  5.02202164e-01  2.76176110e-01  3.69289786e-01
  5.25480274e-01 -6.18688358e-01 -1.29795532e+00 -6.86665309e-01
  7.11540812e-02  4.08088296e-01 -9.93410482e-01 -4.37634346e-01
  1.63597094e+00 -4.74773910e-01 -6.11708756e-02  7.85847923e-01
 -1.00892952e+00  6.73624660e-01 -5.81327474e-01  3.37950317e-01
  4.15744882e-01  6.21903860e-01  9.71378422e-01  5.27905227e-01
  1.06354112e-01 -1.33929206e-01  9.54311391e-01 -1.71276722e+00
  1.17118688e+00  1.19275665e+00 -1.03729323e+00 -2.27899752e+00
  5.22113939e-02 -1.07024576e+00  1.00268052e-01  7.20036453e-01
  2.96507014e-01 -6.59232230e-01  4.66465085e-01  9.95932817e-01
 -8.81556311e-01  3.57604076e-01 -2.39659587e+00 -5.86278222e-01
  1.15128186e+00 -1.86332944e+00  8.31044407e-02  7.31762485e-03
  1.79622507e-01 -8.88377850e-01 -3.13920027e-01  1.51024163e+00
 -2.11645053e-01 -3.27643857e-02  5.96464006e-02 -1.26061522e+00
 -1.73213410e+00  1.71061292e+00  1.42000750e+00 -9.90982938e-02
 -6.86987910e-01 -7.97850418e-01  3.75160047e-01  1.46024910e-01
  5.61697699e-01 -4.04662157e-01 -2.53334834e+00 -3.43772708e-01
  1.15749600e+00 -1.66793157e+00  5.46780130e-01 -1.24255298e+00
 -7.60256316e-01  1.49554970e+00 -1.07309273e+00  5.44276241e-02
 -3.78365580e-01  9.59685282e-02  9.63992408e-01  6.17707843e-01
  1.97725153e+00 -1.74073473e+00  1.04800385e+00 -3.56019546e-01
 -3.15078910e-01 -1.38509514e+00 -1.74284879e-01  1.07642450e+00
  1.86485963e+00  4.15637142e-01  1.31460156e+00 -3.16556806e-01
 -2.58358033e-01  7.01445550e-01  3.15786450e-01 -1.44886195e+00
  1.07813539e+00 -7.99478005e-01 -3.39975485e-01 -6.38061002e-01
  1.33328493e+00 -6.78883231e-01  4.21686465e-01 -9.48155751e-01
 -6.54038177e-01  1.82882784e-01 -1.45479072e+00 -5.11883993e-01
  1.51980635e+00  1.64801006e+00 -1.84325668e+00 -2.73446715e-01
  3.09531112e-01 -2.06322930e-01  1.21556156e+00 -1.05065435e+00
 -5.76929995e-02  2.50429273e-01  2.71876446e-01  1.63421369e+00
  6.24598313e-01  3.71222257e-01  1.09991595e+00 -5.55646041e-01
  1.82288574e+00 -1.10638347e+00  8.93466056e-02  2.32348023e+00
 -1.78639833e+00 -5.73952170e-01  3.97559900e-01  4.65869482e-01
 -1.26779880e-01 -4.85458188e-02 -1.74641858e-01 -1.70288489e+00
  2.71790148e-02  2.19527310e-01  5.14344097e-01 -8.55843103e-01
  9.48942029e-01 -3.97761315e-01  1.01401212e+00 -1.16755647e+00
 -1.80716631e+00  9.50790403e-01  1.32919289e+00 -3.31165092e-01
  1.28412832e-02  1.87413230e+00 -5.60390547e-01  2.12021360e-01
 -6.16718305e-01 -1.21506318e+00 -7.24142497e-01  1.25851835e+00
  6.70342653e-01 -1.84164949e-01 -1.01540560e+00 -3.58998016e-01
  9.05416614e-02 -1.40928522e-01 -2.71434304e-01 -1.33772336e+00
 -9.62115733e-01 -3.08454902e-02 -9.55425060e-01  4.76960952e-01
  3.72430643e-01 -8.63916691e-01 -1.50243313e+00 -6.34473306e-01
  4.66870494e-02  2.03831160e+00 -9.27348043e-01 -9.35109593e-01
 -1.03546957e+00 -3.11962765e-01 -8.46226536e-01 -5.34168932e-01
 -3.79568368e-01  1.87888120e-01 -1.34531187e+00 -5.36436290e-02
 -5.02614350e-01  3.33445695e-01 -8.07600829e-01 -1.15389656e-01
  1.00467084e+00 -1.03947562e+00  3.74435270e-01  1.53772007e+00
  3.88137915e-01 -1.38575202e+00  5.53254838e-01 -9.75248219e-01
 -4.90339487e-01 -3.13248248e-01 -1.26174205e+00  4.25589119e-01
  1.12768903e+00  3.85489835e-01  7.30796895e-01  5.91379946e-01
 -5.84808022e-01  3.96191403e-01 -1.46477701e-01  8.43743183e-01
 -5.08535377e-01  1.16473671e+00 -1.42269246e+00 -9.91263399e-01
 -6.13304507e-01 -1.35048093e+00  1.04653083e+00 -9.33530526e-01
  4.71965324e-01 -1.01926384e+00  3.92043934e-01 -2.76869401e-01
 -2.17331144e+00  1.65295926e-01 -5.00623402e-01 -3.33925965e-01
 -1.47461010e-01  2.85874240e-01  1.29756848e+00 -1.15687526e-01
 -9.37452922e-01  5.91264640e-01 -4.49109480e-01 -6.32519557e-01
 -5.75778861e-01 -1.52577823e-01 -1.22815616e-01  2.01798845e+00
  8.92832348e-01  3.39993015e-01 -2.14039133e+00 -1.48614731e-01
 -6.31707673e-01 -1.91595691e+00 -1.19500433e+00 -2.34213891e+00
 -4.81444442e-01  1.38901953e+00 -6.57837434e-01 -8.28726487e-01
  1.35959865e+00 -7.47498383e-01  6.81327430e-01 -9.87251085e-01
  1.46920060e+00  1.15192052e+00 -8.21381498e-01 -7.91469353e-01
  9.22510317e-01  4.89477653e-01  9.34124379e-01  8.03644828e-01
 -1.22439825e+00 -2.33993348e-01 -3.11582725e-01 -3.34236886e-01
  1.66809103e-01  1.78504968e-01 -1.75673533e+00  9.49692949e-01
 -1.32107256e+00 -5.01121108e-01 -1.90336018e-01  1.40302050e+00
 -1.38154332e+00  2.21515376e+00  3.25866975e-01  2.32364572e-01
 -1.44766137e+00 -2.16146116e+00  1.01227715e+00 -1.73704894e+00
 -7.17340758e-02 -5.78708281e-01  7.74297797e-01 -5.68933205e-01
  1.85954741e-01 -3.53533230e-01 -7.83656628e-02  1.03013388e+00
  1.50439681e+00  1.94168564e+00  2.22443996e-02 -1.96530014e+00
 -1.49896768e-01 -1.46932154e-01 -1.87558848e-01  1.12384199e-01
 -2.51632130e-01  2.96253274e-01 -2.64658613e-01  1.61084653e-01
  2.85788622e-01 -8.31418642e-02 -3.54005322e-01  6.76930242e-02
 -1.69574316e-01 -6.02637205e-01 -6.02148292e-02  1.98691358e-02
  1.91409276e-01  1.34724432e+00 -2.41913501e+00 -2.17678348e+00
  1.81431733e+00  1.41571327e+00  3.96633612e-01  1.36658642e+00
 -6.41302888e-01 -2.73291336e-01  1.05467109e+00 -1.02334868e-02
  3.56024302e-01 -1.52081662e-01 -2.03485858e+00  5.50768941e-01
 -2.14983993e-01  5.57613974e-01  8.70833846e-01 -2.34239255e+00
  7.96137760e-01  7.51856272e-01 -3.80829055e-01  4.87962909e-01
 -1.18326044e+00  2.25883785e-01  1.12058431e+00 -3.70308555e-01
  4.02457126e-01 -2.38460709e+00  1.63648007e-02  2.95426733e-01
  1.43435671e-01 -3.74629158e-01 -1.93908770e+00 -8.37754109e-01
  5.71043538e-01  1.09935090e+00  1.31726023e+00  5.02063113e-01
 -1.86321680e+00  1.43147133e-01  2.06541106e-01  6.28869169e-01
  9.19849313e-01 -1.41121660e+00 -3.31460217e-01 -1.09860090e+00
  5.02645430e-01  2.39274307e-01 -7.88479779e-01 -1.67121882e+00
 -1.43081097e+00  1.42053012e+00 -1.43014782e+00 -9.08126914e-01
  7.85820247e-01 -1.57884546e-01 -4.98734243e-02 -1.59037800e+00
 -1.77568737e+00  3.96290582e-01  1.34464926e-01  2.03681350e-01
  9.42133837e-02 -9.34879551e-01  3.93093060e-01 -6.91492200e-01
  1.56701235e+00 -9.55691683e-01  4.77053771e-01  3.71360324e-01
  5.24802683e-01 -1.12998136e+00  2.83877442e-01 -1.31769670e-01
 -2.09494017e-01 -1.07841337e-01  5.64949560e-01  2.29454527e-01
 -1.28024792e+00 -1.98169217e-01 -2.44656356e-02  1.34660983e+00
 -9.56142627e-02  7.84257782e-02  1.58577414e+00  1.75426466e-01
 -2.54833096e-01  6.31756331e-01 -1.05506873e+00 -1.71791874e+00
  4.75863269e-02  1.41827520e+00 -6.07584932e-01  9.57186575e-01
  2.03084335e-01  4.20091655e-02 -1.39433460e+00 -3.75134558e-01
  1.37585216e+00 -1.45180660e-01 -5.76104741e-01 -3.70161006e-01
  1.37506558e+00  2.80967837e-01  7.15403903e-01 -1.48748175e-01
  4.80768555e-01  2.34867763e+00 -3.46211310e-01 -5.92553903e-01
 -4.47406647e-01  1.10203288e+00 -1.47829473e-01 -1.68691754e-01
  1.13171590e+00  1.90933408e+00  1.16640136e+00 -6.88433259e-01
 -4.05251514e-02 -3.52715137e-01 -8.80242170e-02  6.38818439e-02
  7.65241185e-01 -2.87001447e-01  5.10574535e-02  4.56806493e-02
 -1.08024890e+00  4.17102302e-01 -1.40387196e+00 -6.99678727e-01
  2.22838945e+00 -1.44150988e+00 -2.23967379e+00  5.75061416e-01
 -9.66007077e-02  1.16380446e-01  7.60113010e-01 -1.26232118e+00
  1.40047258e+00  3.88945072e-01  3.88557974e-02 -2.25704591e-02
 -1.85249221e+00  5.99458880e-01 -8.53899059e-01 -1.90619201e+00
 -1.35740813e+00  1.56774368e+00  7.50748916e-01  6.22745005e-01
 -2.40055921e-01  1.77512668e-01 -1.14511307e+00  1.00078855e+00
  5.82475571e-01  1.53034831e-01 -4.67667988e-02 -1.32916082e-01
  5.25117050e-01  9.91206929e-01  5.50431882e-01 -4.23364136e-01
 -2.47550792e-01 -5.33261668e-02  2.53954693e-01  4.19589507e-02
  1.64360131e+00 -1.45991833e+00  2.11708138e+00 -1.07518030e+00
 -7.88034785e-01  6.55587749e-01  6.62592355e-01 -6.50402021e-01
 -1.06538598e+00 -6.42967096e-01 -3.44593314e-01  1.00939303e-01
  2.42405915e+00 -2.27755737e-01 -1.95149700e+00 -5.52707434e-01
 -1.12752762e-01 -3.44070313e-01 -3.37196058e-01 -2.40944406e-01