 1.17674472e+00 -2.17908652e+00 -1.53995891e+00 -6.59930074e-01
 -2.12949383e+00 -1.24853403e-01  2.30613811e+00 -1.16003224e-01
 -8.57443570e-01 -1.08155200e-01  1.52669927e+00 -1.00110623e-01
 -1.29593032e-01 -9.90113522e-01 -4.49613775e-02 -4.06145436e-01
 -4.33101554e-01  9.00199343e-01  7.91743601e-01  6.81812500e-01
  1.33886665e+00 -1.56822229e+00  4.90794937e-01  1.11912171e+00
  1.21716369e+00  1.00537375e+00 -7.01744908e-01 -6.70671688e-01
  7.71337356e-02 -5.96561534e-01  7.30281221e-01  6.25554109e-01
  2.04314858e+00  1.86107161e-01  8.87446037e-01 -8.10296756e-01
 -5.26027856e-02  2.69972221e-01  7.46791496e-01  1.99467140e+00
 -5.66798899e-01  1.50605957e+00  1.46239263e+00 -2.60216936e-01
 -1.19080394e+00 -1.20782610e+00  8.25793095e-01  5.73353574e-01
  9.18843652e-01  3.83655217e-01 -8.31573144e-01 -4.76890977e-01
  1.69578752e+00  2.94226169e-01  1.18214589e+00 -1.64715524e+00
 -1.58334482e-01  1.19138141e+00 -7.07814852e-01  1.01752478e+00
  9.82654658e-01 -6.61213806e-01 -1.26374891e+00  8.30668827e-01
 -2.33464990e+00 -1.30989479e-01 -5.94938625e-01 -1.66038919e+00
  1.10964746e+00  2.21475588e-02  2.99805876e-01 -1.01673243e+00
 -1.15517015e+00 -9.50584347e-02  1.15930927e+00 -6.00004759e-01
  1.03464015e+00  1.77030663e+00  3.26904559e-01 -3.43959988e-01
  5.19485537e-01 -2.99151475e-02  3.90201703e-01  1.01230908e+00
 -2.76183111e-01 -5.83557653e-01 -1.82013750e+00  1.19881060e-01
  1.20119045e+00  6.23071754e-01 -3.32960640e-01 -1.13115074e+00
 -5.31887824e-01 -7.31163121e-01 -9.53413438e-01  9.05157118e-01
 -6.68895845e-02  2.04651592e+00  1.05125879e-01 -3.52869475e-01
  6.03184559e-01  2.04373463e-01 -1.52636702e-01 -4.45895473e-01
  3.47869608e-01  7.40028209e-01 -7.20024754e-01  1.32977180e+00
 -1.15318719e-01  9.63804171e-01  6.42674680e-01  4.03390256e-01
  6.86691138e-01 -7.16555051e-01  3.28702361e-02  3.91347472e-01
 -2.66627461e-01 -1.73298374e+00 -7.08952814e-01  4.37998545e-01
  6.88269438e-01  7.11858711e-01  6.40423084e-01 -1.24129792e+00
 -6.34282493e-01  1.30265188e+00 -7.35882173e-01 -1.16762898e+00
  2.55951707e-02  4.41188171e-02 -1.13839610e+00  2.60928790e-01
  1.32598762e+00  1.09011901e+00 -1.69870479e-01 -2.04470104e-01
 -4.87873652e-01 -1.53253207e+00 -1.06100676e+00  4.02431045e-01
 -7.16787968e-01 -9.31454747e-01 -6.73371029e-01  7.10842332e-01
  7.75272641e-01  3.98248598e-01  1.67182027e+00  4.64184253e-01
 -7.24822968e-01  1.17945881e+00 -1.40712232e+00 -1.22381338e+00
 -3.71199142e-01  1.72916488e-01  1.05775685e+00  5.01160239e-01
  3.11584398e+00  1.40703910e+00  9.85673105e-01 -1.69048002e+00
  2.15162056e-01  8.52328195e-01  1.07888353e+00 -5.61006394e-01
  1.16732427e+00 -2.50800800e+00 -6.91425427e-01  1.38704989e+00
  1.33165584e-01 -8.98219265e-01  1.33308328e+00 -8.05471027e-01
 -1.09494393e+00 -8.97158118e-02  5.97726721e-01  3.84959657e-01
 -6.43052570e-01 -4.74189008e-01 -7.27430584e-01 -2.69244554e-01
  1.08921127e-01  3.28112196e-01 -6.66833183e-01 -8.24181336e-01
  1.26205169e+00 -1.58774927e+00  3.58857791e-01 -2.13248145e+00
 -6.77998258e-01 -1.12443510e+00 -5.69569924e-01 -1.32954243e+00
  1.40515614e+00 -4.56304202e-01  9.96590276e-01  7.33778018e-01
  1.58102714e-01 -9.26175484e-03 -8.25636115e-01 -1.63771659e+00
 -9.04003288e-01  5.10297363e-01 -1.69847651e+00  1.06826612e+00
 -9.26286841e-01 -2.80607610e-01 -4.96501139e-01 -7.02247445e-01
 -5.46815120e-01  1.00314518e+00 -1.20839076e+00  1.39062972e+00
 -4.62337146e-01 -2.28919691e+00 -1.35502071e-01 -9.18440138e-02
 -4.67971371e-01  1.18985506e-01 -1.00936001e+00  4.49637239e-01
 -9.19850466e-01 -5.17299488e-01  9.43114350e-01  1.02617066e+00
  6.75604303e-01  1.27235293e+00  4.52259509e-01 -4.81990620e-01
  1.28867869e+00 -7.55713307e-01  1.12285595e-01  8.21778585e-01
 -7.47319332e-01  7.64381677e-01 -9.99021767e-01 -5.55736873e-01
  2.63807753e-01 -1.17661333e+00  6.34206205e-01 -1.09479666e+00
  1.25833173e+00  2.53954258e-01  2.65805475e-01 -5.68173925e-02
 -1.09726637e+00 -4.17029413e-01  1.50876861e-01  2.22423426e+00
 -8.83219853e-02  6.48435811e-01  6.38092708e-01  5.69051625e-01
  7.49768243e-01 -9.27503717e-01 -2.62401939e-02 -3.74717179e-01
 -1.61881340e+00 -6.63103189e-01 -7.23497329e-01 -4.34375997e-01
  7.40244633e-01  7.82957724e-01 -1.50822966e-01 -6.51282309e-01
  2.69947672e-01  6.48712126e-01 -1.69972941e-01 -2.87393761e-01
 -6.18614359e-01 -1.48765314e+00  6.37822693e-01  8.00522955e-01
  7.68114767e-01 -4.77131667e-01  2.21215636e-01  5.31407756e-01
  1.17292110e+00  1.47820328e-01 -1.79315027e+00 -1.63219953e-01
  9.22462083e-01  1.72459447e-01  2.49438556e+00 -1.62120800e+00
 -3.00489541e+00 -2.45709930e-01  1.39641532e+00  4.56514694e-01
  5.75238177e-01 -1.94822271e+00  1.36228742e+00  7.33601555e-01
  2.59212058e-01  8.45109346e-01  1.24976585e+00 -1.29273548e+00
 -1.65035709e-02 -4.81505587e-03  8.74325748e-01  5.27947069e-01
  3.16061936e-01  1.45487315e+00 -1.13445456e+00 -4.51215428e-01
  2.40401359e+00 -1.58577986e-01  3.76592008e-01 -1.49562112e+00
  6.97595185e-01  5.77947688e-01 -8.04120433e-01  1.20738963e-01
 -1.14452064e+00  9.11189145e-01  1.44977426e+00  3.88705254e-01
 -1.06446372e+00  9.37303742e-01 -1.73015897e+00  3.91982353e-01
 -7.44352512e-01  1.27183709e+00  1.72975738e+00  3.19277788e-01
  4.04066454e-01 -1.01379718e+00 -1.21632927e-01 -9.79481199e-02
  1.08658380e+00  1.57693103e+00  1.54115299e+00 -1.16174129e+00
  3.52661431e-01 -1.27567030e-01  8.03319203e-01 -1.48248375e+00
  1.10616692e+00 -8.08520458e-01 -1.80027829e+00  2.87584667e-02
  1.48578461e+00  6.62463796e-01  1.74960323e+00  1.37600362e+00
  1.00396109e+00 -7.76839701e-01 -1.24412907e+00 -1.77328392e+00
  6.35166299e-01  3.74873023e-01  2.73750582e+00 -7.46548399e-01
 -1.38871031e+00  1.45700666e+00  1.15679121e+00  1.26986037e+00
 -3.14425025e-01 -1.30518149e+00 -2.06006578e-01  3.44524555e-01
 -2.67632885e+00 -4.28588686e-01  6.22819885e-01  6.22853530e-01
 -1.17628601e+00  3.46380235e-01  5.33934667e-01  4.09730837e-01
 -1.50682222e+00  1.49576863e+00 -3.61071342e-01  7.48146219e-01
 -6.97643686e-01  8.75903944e-01 -5.00433494e-01  1.43259994e+00
 -3.77761351e-01 -6.61354043e-01  4.02950351e-01 -8.51691403e-02
 -6.56137572e-01 -2.93819994e-01 -1.33366575e-01  1.49023923e+00
 -2.29063562e-01 -2.80577550e-01  1.89085053e+00 -1.20590143e+00
  1.28220972e+00  1.48114803e+00 -1.31462537e+00 -1.12065176e+00
 -3.26516096e-02 -7.69472516e-01  1.33337852e+00  4.01876163e-02
 -1.42087263e-01  1.41940822e+00  2.32728371e+00  6.78289949e-01
 -1.30749729e+00  1.62699520e-02  5.72833410e-01 -7.23217797e-02
 -7.21160060e-01  9.54292145e-01  1.31312772e+00  1.03187269e+00
 -2.20516538e-01 -4.71335746e-01  6.82576134e-01  1.00150890e-02
  9.35649590e-02 -1.09854701e+00  4.54027152e-01 -1.90646976e+00
 -2.10527160e+00  5.19296235e-01  1.90375157e-01 -1.84111135e-01
  6.31068864e-01  1.39017873e+00  5.27346322e-03 -5.67214085e-01
  1.31908314e+00  5.75349906e-01 -6.19659154e-01 -2.12303318e-01
 -1.33247278e-01  1.00016162e+00 -5.86214949e-01  3.89338702e-01
 -4.11689183e-02  5.18542324e-01 -1.53392978e+00 -1.20210730e+00
  6.36904584e-01 -1.32985289e-01 -5.29853486e-01 -6.43019314e-02
 -4.56505338e-01  5.34995440e-01 -1.11743753e-01  1.28093161e+00
  1.19743098e+00  1.58292207e-01 -1.21302281e-01 -2.35895235e-01
  4.17935175e-01 -7.93451671e-01  1.80649594e+00  1.22303764e-01
  1.68743345e+00  1.48798934e+00  7.65533374e-01  3.55280745e-01
  7.71359988e-01  5.61721337e-01 -5.29389010e-01  1.16151580e+00
  4.96840220e-02  3.96408510e-01 -5.56165915e-01 -1.56130213e+00
  6.43918871e-01  7.72459215e-01  1.28242154e+00  2.97671152e-02
 -2.08133713e+00 -1.27309001e+00 -1.54431604e-01  8.67028079e-01
 -9.13923901e-01  8.99158451e-01 -7.41365652e-01 -3.56740756e-01
  8.39566985e-01  1.45974531e+00  1.32538831e+00 -6.97046967e-02
  1.60496561e+00  8.00590882e-01 -9.89827687e-02  7.65331034e-01
  7.62108682e-01 -9.88311427e-03  1.18774387e+00 -1.85466948e+00
 -1.27502881e+00 -2.14683589e-01 -4.04359734e-01 -1.66438508e+00
  3.37357455e-01 -5.03122667e-01  1.81849491e+00  1.80437159e-01
  1.39338350e+00 -1.33534553e+00  2.83431006e-01 -1.16847962e+00
 -2.18076321e-01 -2.01328667e+00  3.83321841e-01  5.01075057e-01
  7.14626238e-01 -1.75829230e+00  1.12438319e-01 -4.13391133e-01
 -1.22881747e+00 -4.50184294e-01  6.87053634e-01 -4.05575717e-01
 -3.39524214e-01 -7.44462065e-01  9.03653613e-01  4.83222130e-01
  1.89405551e+00 -7.51647396e-01 -7.02976461e-01 -6.78829185e-02
 -8.55855973e-01  1.07960332e-01 -2.22941893e-01 -5.35523959e-01
  1.47848311e+00 -6.86778186e-02 -4.09139782e-01 -2.54096640e-01
  9.87524298e-01 -8.48815326e-01  8.64963778e-01 -1.03700377e+00
  1.71672365e+00 -2.74556830e+00 -7.06692983e-01 -1.04222208e-01
  4.61298725e-01 -1.23362537e+00 -4.44114681e-01 -1.68508848e-01
  8.02495991e-01  1.95827434e+00 -6.28926527e-01 -1.07699482e+00
  2.05142995e+00  1.02347856e+00 -9.90337786e-01 -7.53416951e-01
 -1.46974097e+00  2.71768934e-01 -2.91767672e-01 -4.02334126e-01
 -1.42703086e-01 -1.31589504e+00 -1.71254266e-01  4.12624507e-01
 -2.17291268e+00  2.42538721e+00  7.50307611e-01  1.51015093e+00
 -6.02500794e-01 -1.99738952e+00 -5.87809070e-01 -2.44677426e-01
 -1.11213336e+00  2.27366232e-01  1.31311986e+00 -4.09064261e-01
 -5.98437009e-01  5.86170232e-02 -1.43869468e+00  1.60830092e+00
 -9.80892879e-01 -1.20195337e+00 -1.88572122e-01  1.35169763e-01
 -1.04872918e+00 -1.41917990e+00 -3.21852633e-01 -4.97624379e-01
  2.89294571e-01 -1.95693844e-01  2.65500685e+00 -2.67314678e-01
 -6.76549005e-01 -9.00833546e-01 -1.09173262e-01 -6.04015051e-01
  3.61585655e-01  2.23815422e+00  8.50546983e-01  2.60677368e-01
 -1.75595140e+00  1.07402883e+00  1.21054576e+00 -1.42727527e+00
 -2.04176885e+00 -1.24355598e-01 -3.79588216e-01 -2.27598981e-01
 -5.62204275e-01 -5.75560952e-01  6.08329339e-01 -3.40484070e-01
  8.73835197e-01  2.05499643e-01 -1.47894720e-01 -4.10458774e-01
  9.72994918e-01 -9.37003122e-01  7.30626425e-01 -5.15085415e-01
 -2.10770776e-03 -3.03856226e-01  6.47588031e-01  1.05315075e+00
  2.40120123e+00  1.61338437e-01 -9.46407987e-01  8.14308889e-01
  6.00444476e-02 -2.02656859e+00 -4.70536440e-01 -2.85495830e-01
 -1.55578195e+00 -1.52171880e+00 -1.00116211e-01 -1.88236031e-01
  1.30414017e+00 -6.47256672e-01 -1.29323725e+00  1.70945489e+00
  7.11844194e-01  5.18080314e-01  1.09920457e+00  9.61540439e-01
 -1.37852366e-01  1.53273194e+00 -2.14208331e+00  1.77486459e+00
 -9.05364421e-01 -1.96863495e-01 -3.57216880e-01 -3.93469635e-01
  1.96293385e+00  5.06717637e-01  8.96202214e-02 -7.67801926e-01
 -2.37248004e+00 -6.12316891e-01 -8.91489916e-01  6.73004214e-01
  1.28619111e+00 -1.26271455e+00 -1.31615584e+00  7.77785587e-01
  8.68037760e-01  1.22747011e+00  4.58391406e-01  5.72342432e-01
  1.10716054e-01  2.27021442e+00  2.89677993e-01  6.82477479e-01
  3.87458611e-01 -2.07656403e-02 -1.17965648e+00  6.40204810e-01
 -7.52050625e-01 -2.44821297e+00 -3.59148605e-01  1.16264763e+00
 -8.14612464e-02 -8.79459620e-01  2.25261633e-01  1.00265684e+00
 -6.16626118e-01  3.05050763e-01 -6.80127641e-02 -1.26571450e+00
 -3.08681757e-01  2.96092218e-01  6.25390654e-01 -1.37768733e+00
  1.04621015e+00  7.31574929e-01 -1.48289806e+00 -9.02661115e-01
 -1.10009817e-01  1.62585947e+00  9.59994741e-02 -6.82375851e-01
 -2.14261052e+00 -1.22117563e+00 -4.86460271e-01  6.13654923e-01
 -1.44920130e+00 -7.37931221e-01 -1.15574167e+00  7.41592328e-01
 -6.11541542e-01  1.55596509e+00 -7.82475314e-01  1.08467494e+00
 -3.23656299e-01 -9.98112643e-02 -3.40829468e-01 -2.55908202e-01
 -9.59576269e-01  1.19157466e+00 -1.06255872e+00 -1.21776165e-01
  1.84405545e+00  5.19764632e-01 -1.24523507e-03  1.11171279e+00
  1.98944677e-01  7.04183501e-01 -4.33581611e-01 -7.53959609e-01
 -3.86736330e-01  6.75688254e-01  1.58241295e+00 -8.79806324e-01
  1.09306538e+00 -2.28611482e-01  1.00546922e+00  5.31514639e-01
  2.09133078e+00  1.27324613e+00 -1.64950871e-01  2.25809335e+00
 -7.64829468e-02 -6.71871557e-01 -7.37027595e-01  1.12594805e+00
  1.03295579e+00 -6.20451519e-01 -1.04260929e-01 -5.69416499e-01
  1.65150495e-01 -4.53756289e-01  1.61103570e-01  8.60273313e-01
 -1.53687861e-01 -9.15407256e-02  1.46091354e+00 -1.74190402e-01
  1.05772634e-01 -1.15388327e+00  7.63579804e-01 -1.28309155e+00
  1.82753582e+00  1.32745899e+00 -1.41402793e+00 -6.99164481e-01
  1.47956583e+00 -1.63243358e+00  1.84687920e-02  3.05759635e-02
  6.56299350e-01  5.05125413e-02  1.04822004e-01 -4.50167801e-01
  9.76458074e-01  2.86472579e-01 -7.86121939e-01 -4.60848232e-01
  4.43815388e-01 -3.54507984e-01 -5.05142583e-01 -9.23661632e-01
 -7.28389035e-01  1.02218632e+00  9.57024037e-02  1.86772000e+00
 -3.61141794e-01 -3.64788905e-01  3.12654320e-01 -1.46002356e+00
  1.46514264e+00  6.28620249e-01  7.11177381e-01 -2.97350590e-01
  4.15156432e-01  4.81115840e-01 -1.91195603e+00 -3.57985188e-01
 -3.44904508e-01  1.06707068e+00  6.35955180e-01 -1.31814934e+00
  2.20589193e+00  8.64183160e-01  8.87216843e-01 -1.94562038e-01
 -4.66384356e-01  1.10440977e-01  2.43276548e-01  1.52511744e+00
 -5.63695479e-01  5.62818637e-01 -2.01958434e+00  2.16370727e-01
  1.18097583e+00  1.14041975e+00 -1.45068918e-01  2.99267429e+00
  1.20794633e+00 -3.37230492e-01 -6.44869077e-02  3.46640778e-01
  7.78657942e-01  5.28017181e-01  1.15285125e+00 -4.28851076e-01
 -8.76210033e-01 -7.19568897e-01 -2.35317473e+00  1.39283756e+00
  8.90805810e-01  9.67500362e-01 -4.68302231e-01 -7.56877036e-01
 -9.87809805e-01  1.38840229e-01 -3.74831748e-01  1.08817681e+00
  6.70509299e-01  5.91231333e-01 -1.27687028e+00  1.74107388e-01
 -7.76383539e-02 -9.04588986e-01  1.28435773e+00 -4.00194568e-01
 -1.59716790e+00 -1.91831176e+00 -1.43596699e+00  3.32497092e-01
 -1.08248975e+00 -1.58864776e-01 -6.32571026e-01  3.42067155e-01
  9.76988600e-01 -1.40103883e-01  7.81686938e-01  1.06285658e+00
  3.05716569e-01 -6.88879195e-01 -8.25403589e-01  1.43611730e-01
 -1.79052989e-01  1.02187521e+00  9.59726715e-01  8.39667313e-01
 -1.13411167e+00  2.38646598e+00 -3.92840697e-01 -3.16126810e-02
 -8.41074090e-01 -5.63859438e-01  2.14814313e+00 -5.81302887e-01
  8.66591870e-01 -8.55754222e-01 -9.68012288e-01  1.18439506e+00
  4.13665933e-01 -8.15394252e-01  2.08785098e-01 -5.44817831e-01
  1.16524920e+00 -1.16334965e+00 -1.35919634e+00 -1.38796105e+00
 -5.03472137e-02 -1.22280250e+00  3.12078589e+00  5.61371214e-01
  7.54604839e-01 -1.53889145e+00 -3.32798802e-01 -8.28071686e-02
  1.00342739e+00  4.78764343e-02 -6.47041055e-01 -1.14814824e+00
 -5.17849217e-01  3.48409626e-02  4.98681230e-01  7.24216282e-01
 -6.00005454e-01  1.59657632e-01  2.10821566e+00 -1.60279603e+00
 -9.38577681e-01  1.02075311e+00 -2.33990805e-01  6.16448420e-01
 -2.89327104e-01  2.31898433e+00  2.43715057e+00 -4.50704923e-01
  8.80924355e-01 -8.58308422e-01  1.58244668e-01 -1.48018670e+00
  2.25664232e-01  4.04696946e-01 -9.76868027e-01  6.94298361e-01
  3.06127000e-01 -3.93847819e-02 -4.23857431e-01  3.54273951e-01
  8.61466766e-01  7.84380127e-02 -1.81364849e+00  1.54711839e+00
  9.31737301e-01  1.30169116e+00  1.36359653e+00  1.28902703e-01
  5.01130717e-01  1.21116427e+00  6.22918527e-01  4.97575063e-01
  1.83086719e+00 -5.45433869e-01 -5.71629500e-01 -3.91362319e-01
  5.72778343e-01  3.61337875e-02  2.61699902e+00 -9.28430560e-02
  4.93691128e-01 -1.06744660e+00 -1.23352290e-01 -1.02026086e+00
  1.96881703e-01  1.26211848e+00 -1.71225319e+00 -2.30714724e-01
 -1.39341057e+00 -3.29824521e-01  1.27057935e+00 -8.68116111e-01
 -1.72667730e+00 -4.41215903e-01  4.61142949e-01 -6.91508133e-01
 -8.69998671e-01  5.13075518e-01  7.01550480e-01  4.82802114e-01
 -6.96960085e-01  2.23610883e-02 -7.51262795e-01 -4.96694902e-01
  1.24457499e+00 -1.40545571e+00  8.10125329e-01 -3.08067952e-01
 -6.14865853e-01 -1.11403224e-01 -1.29349335e-01  9.52422295e-01
 -1.42319995e-01 -2.43794581e+00  4.29153258e-01  1.15471230e+00
 -1.85454037e+00 -1.15149186e+00  1.46327074e-01  3.32907091e-02
 -4.12683563e-01 -2.89617530e-01  2.12439881e-01 -3.24214251e-01
 -3.62833805e-01  1.01217429e+00  1.55558087e-01  1.44356307e+00
 -7.89585275e-01  3.98934506e-01  7.57500936e-02 -5.71525208e-01
  3.16446829e-01 -9.77748493e-01 -2.85760447e-01 -2.36554653e-01
 -8.53185716e-01  5.08314987e-01 -2.11528932e-01  2.03170236e-01
 -1.10898979e-01 -5.50050122e-01  9.54207652e-01 -2.52733014e-01