-5.53187125e-01  9.28490095e-02 -4.37430966e-01  9.73833998e-01
  1.39461588e-01 -6.82099411e-02 -2.16830064e+00 -7.50411942e-01
  2.69840027e-01  3.69884119e-01 -3.02025984e-01 -3.54690301e-01
 -6.23314655e-01 -1.72296710e+00 -1.42853568e+00 -2.56322239e-01
 -1.97630248e+00 -5.11231145e-01 -4.76115670e-01  1.54532941e-01
 -8.61596647e-01  2.31704026e+00  1.04817910e+00 -3.01523327e-01
 -2.38861588e-01  2.26290273e+00 -2.13486098e-01 -5.09380794e-01
 -3.79227509e-01 -1.12571589e+00 -1.91018244e-01 -3.66778644e-01
  2.80286740e-01 -9.86824049e-01 -7.60052923e-01  6.05394132e-01
 -3.71935537e-03 -4.81786070e-01 -1.53963619e+00  6.54108913e-01
 -8.56917949e-01 -6.31153420e-01 -7.24926348e-03  8.16391774e-01
 -4.04522093e-01  9.08488475e-02 -3.84766057e-01  2.51347185e+00
 -2.20010859e-01 -1.89552570e+00 -8.86676479e-01 -1.01993889e+00
  4.40651481e-01  2.33567189e+00 -1.91366527e+00  5.28510862e-01
 -7.96151572e-01 -1.49405243e+00  6.93740759e-01  9.09582277e-01
  1.03684503e+00 -5.73804534e-01 -2.05464704e+00 -2.09867739e+00
  1.02195201e+00 -1.30635908e+00  2.14733097e-01  3.15151830e-02
  6.97018205e-01 -2.73899661e-01  1.30844533e+00  3.36102494e-01
  7.77730199e-01 -5.57241584e-01 -1.59495197e-01 -4.68645515e-01
 -1.02952346e+00 -1.90574497e-01  1.42929146e+00 -7.58644634e-01
 -1.94547516e+00 -1.66946591e-01  2.14758339e+00  1.02231353e-01
 -6.73225741e-01 -9.79650580e-01 -9.38133695e-02 -6.78433586e-01
 -8.32164995e-01  2.19379963e-01 -4.82507240e-01 -1.04875994e+00
 -1.51325998e+00 -5.77051510e-01  5.30621709e-01 -1.98238818e-01
 -1.23565292e+00 -5.28376718e-02 -9.51576402e-02  1.91741433e-01
  1.49995889e-01  9.99004129e-02 -8.68711014e-01 -1.08016110e+00
 -8.20739038e-02 -1.34601231e-01  1.31789083e+00 -4.64218828e-01
  3.37567431e-01  9.62998773e-01 -1.20397748e+00  3.69203855e-01
 -1.50169995e+00 -9.79408750e-01  1.39374581e+00  3.54575711e-01
 -8.33313290e-01 -3.33705696e-01  3.15911468e-01 -1.56998282e+00
 -1.33834156e-01  6.10731722e-01 -2.21701700e-01 -5.24010772e-01
 -1.16277267e+00  1.25346777e+00  3.08855052e-01  2.75252959e-01
  1.20705865e+00 -1.36940942e+00 -5.93069545e-01 -1.29320161e+00
 -8.54321398e-01  6.98288085e-01 -1.22996909e+00 -2.72339968e-01
  1.33462584e+00  1.03030076e+00 -1.19402638e+00 -3.10088308e-01
  4.22232316e-01  6.46386137e-02 -1.26751640e+00 -5.74918119e-01
 -5.39021586e-01 -3.26737486e-01 -1.22268304e+00  1.40462031e+00
 -3.12112731e-01  3.03380402e-01 -4.83678946e-01 -2.69238591e-01
 -1.52731298e-01 -1.57831581e+00  1.32017400e+00  8.51460830e-01
 -2.11954368e-01  7.77351087e-01 -9.77244978e-01 -1.51828033e-01
 -3.29376924e-01  1.33316443e+00  1.51464184e+00 -2.71930013e-01
 -1.49881842e+00  2.65040700e-01 -5.73044365e-01 -7.04331791e-01
 -6.43460426e-01  1.65083265e-01  3.81166184e-01 -3.20513666e-01
  9.27174014e-02  8.22127679e-01  8.03495577e-02  4.50295082e-01
 -8.74476339e-01 -8.05037116e-01  3.31944826e-01  9.56626667e-01
 -2.57133028e+00 -2.10237073e+00 -5.41158801e-01 -2.50465088e-03
 -2.35342397e-01  7.35329623e-01  1.86847101e-01  4.32518523e-01
 -3.32652648e-01  1.28894932e-02 -1.10362736e+00  4.67544088e-03
  2.08199259e-01 -1.35536045e+00  4.28404345e-01  6.25006267e-01
  1.09260698e+00 -1.23392309e+00 -2.70665783e-01  1.91829566e-01
  1.84869248e-01 -1.38487516e+00 -5.93016921e-01  2.02746012e-01
  3.79807728e-01 -1.03419541e+00  9.98622283e-01 -4.08794385e-01
  3.22971554e-01 -5.79116511e-01  1.82036765e+00 -3.13843199e-01
 -8.29881522e-01 -8.30313695e-01 -4.40342939e-01 -2.03243073e-01
  9.15923919e-01 -5.39239737e-01  3.88094455e-01  7.47484751e-02
 -7.24264523e-01  1.76258659e+00 -2.50820168e+00 -2.76340089e-01
  9.53389887e-02 -1.44531850e+00  1.17782789e+00 -3.63549779e-01
  9.16469817e-01  1.23461100e+00  9.77895223e-01 -2.42507062e+00
 -1.06806470e+00  4.14600532e-01  8.53692756e-01  2.55283875e-01
  5.80790407e-01 -9.96276467e-01  7.93382119e-01 -9.13448585e-02
 -6.11249180e-01 -9.64215328e-01 -5.28353579e-01 -4.06443732e-01
 -7.64407154e-01  5.86732164e-01  7.99019000e-01  1.14913060e+00
 -4.64257640e-01 -6.08927126e-01  1.38150018e+00 -1.08669459e+00
 -8.81679764e-01  1.00419843e+00  3.00200575e-01  1.06408874e+00
 -4.96898509e-01  3.80288495e-02 -1.69418768e+00 -1.27430949e+00
  1.12682068e+00 -1.01684335e+00  3.93339762e-01  1.88060620e-01
 -2.39924196e-01 -4.38239263e-01 -5.13718913e-01  1.23835002e+00
  1.64531487e+00  2.11375547e+00 -1.45270778e-01  3.08185910e-01
 -1.49627938e-01  1.88665429e-01  1.37524008e+00 -5.66049694e-01
  1.74020649e-01  7.47480373e-01 -1.19180423e+00 -9.78887493e-02
  5.81461146e-01 -1.13362516e+00 -4.45994239e-01 -1.17427185e+00
 -5.15432212e-03 -2.77213651e-01  1.01894404e+00 -3.98586965e-01
 -1.75389280e+00 -5.31844438e-01  2.07795885e-02 -1.19632248e-01
  3.34250021e-01 -7.79435007e-01  8.84896715e-02 -2.94582380e-01
 -1.26813106e-01  1.47812137e+00 -7.47402056e-01 -1.37764366e+00
  1.87307493e-01 -5.55503639e-01  6.81242749e-01 -1.02639975e-02
  4.01144111e-01  2.19034772e-02  5.02177199e-01 -3.11648291e-01
  1.25209540e+00 -1.78702544e-01 -6.86067795e-01  1.36271573e+00
  1.54415903e-01 -6.54073661e-01 -5.91164257e-01  2.93205202e+00
  1.34383644e-01 -8.03033198e-01  2.44992252e-01 -5.54235543e-01
 -1.15544639e+00  1.21297958e-01  1.26606450e-01 -3.99660292e-01
  1.54654202e+00  1.15307538e+00 -7.90282316e-01  1.10755954e+00
  3.60169666e-01 -5.43586481e-01  1.88630091e-01  5.16931842e-01
  4.18514623e-02  6.86391574e-01 -4.16898891e-01 -3.15010506e-01
 -5.96234084e-01  2.00960896e+00 -2.80497756e-01 -1.23419643e-01
  7.28800916e-01  1.11382931e+00 -1.81551085e-01 -8.71006109e-01
 -7.38360552e-01 -8.58824938e-01  4.03288065e-01 -1.29745551e-01
 -1.01033814e+00  5.48734226e-01 -2.85289860e-02 -8.78564987e-01
  7.78169248e-01 -6.26861345e-01 -9.48663946e-01  2.43087575e+00
 -8.78033025e-01  1.04035818e+00 -1.25835220e+00 -3.76147836e-01
 -9.67040100e-02 -1.26558114e-01 -6.98732103e-01  1.03617876e+00
 -1.61050920e-01  1.55131007e+00  1.48445154e+00  2.62991710e+00
 -5.21221593e-01 -4.35280663e-01  1.92089892e+00 -4.55408032e-01
 -1.28121518e+00  9.26990331e-01  4.32544658e-01 -2.72945507e+00
  9.24259785e-01 -1.44192033e+00 -5.79667470e-01  8.74233590e-01
 -6.88778360e-01  2.40705441e+00  3.40535526e-01 -5.92145693e-01
 -8.21250766e-01  2.50818838e+00 -2.22139803e-01  1.03340192e+00
 -8.02316624e-01 -1.42614055e-01 -1.35846609e+00  1.96125598e-01
 -7.39256059e-01 -4.65968045e-01  1.96349283e+00 -3.67035397e-01
  4.00928835e-01 -1.03540941e+00  1.95532717e+00 -2.73461031e+00
  8.92163664e-01 -6.17156683e-01 -1.11484808e+00  3.69844381e-01
 -3.04868787e-02  2.41335454e+00  1.09373697e+00  1.23860373e-01
 -1.35192260e+00  7.03933426e-02 -1.06084987e+00  2.07284802e-01
  1.16735910e-01 -3.53896225e-01  3.95578316e-01  1.27065991e+00
  6.64465673e-01 -5.98497074e-01  7.04721691e-01 -5.86396800e-01
 -9.27984881e-02  2.09603264e+00 -1.49921340e+00 -4.37934627e-01
 -4.46144028e-01 -2.26510420e+00  5.10486793e-02  1.57159210e+00
  1.36527985e+00 -3.66490704e-01  2.67464330e-01 -9.87271726e-01
 -2.72442115e-01  1.39694068e-01 -7.37619211e-01 -2.11424726e-02
 -1.22324328e+00 -1.56052323e+00  9.12622187e-01  7.37224689e-01
 -1.07562974e+00 -2.03186930e+00 -1.92526648e+00  5.29860956e-01
 -1.44703329e+00  1.46746888e+00  3.06996355e-01 -1.21621416e+00
 -1.29700606e-01  6.78200144e-01  2.33104426e-01  2.05902316e-01
 -1.69197100e+00 -9.10485119e-01  1.03883870e+00 -4.30501551e-01
  3.79169435e-01  1.30215146e+00 -1.15619422e+00  2.00214545e+00
  1.08843210e+00  3.80918499e+00 -9.66264405e-01 -2.19687635e+00
  1.19110807e+00 -5.08961820e-01  1.68076659e+00 -1.05655840e+00
 -8.56518947e-01 -2.25243307e+00 -1.15715851e+00 -2.57074774e+00
  7.01620001e-01  7.73685826e-01  5.41833943e-01 -1.68306141e+00
 -1.44961147e+00 -8.20566792e-02  9.24415150e-01  1.98456200e-01
  3.61765769e-01 -4.63569783e-01 -6.43865288e-01  3.78417570e-01
  5.72893672e-01  5.27396727e-01  1.03997460e+00 -2.25657117e-01
  6.71746059e-01 -3.33388220e-01  1.09217200e+00 -1.68372668e+00
  6.42940211e-01 -2.43041100e-01 -7.51690888e-01  1.91957299e-02
 -1.30612135e+00  1.37753553e+00  6.63005149e-02  4.04276432e-01
 -4.26653932e-01 -5.62699031e-01  5.30794362e-01  1.48969959e-01
  8.44317476e-01  5.91231314e-01 -1.45737516e+00 -8.10159607e-01
  1.61222445e-01  8.95909936e-02 -4.18542633e-01 -1.82241792e-01
 -7.96685404e-01  1.08456310e+00 -2.17662150e-01 -5.26137803e-01
  3.11496876e-01  7.39981069e-01  5.79643407e-01 -8.48256677e-02
 -2.79937843e-01  1.47711871e+00  2.20045562e+00  6.95973578e-01
 -6.87693312e-01  4.48422765e-01 -4.16818069e-01  1.30376376e+00
 -1.20508091e-01 -1.09512659e+00  7.85992785e-01 -8.57352328e-01
 -1.69647347e+00 -6.91946737e-01 -1.43352887e+00 -5.71915897e-02
 -1.05970191e-02  5.23886127e-01 -2.50006769e-01  7.51856075e-02
  1.34553504e+00  1.84905160e+00 -1.52330359e+00  5.39225345e-01
  1.61026015e-01  6.00033617e-01  6.77003352e-01  4.06810429e-01
 -1.58983348e-01  1.67390526e+00  9.57530384e-01 -2.28414717e-01
 -1.11942766e+00 -1.05033614e+00 -1.17729858e+00 -9.70279868e-01
  4.72592636e-01 -7.33826150e-01  8.95473054e-01  6.68468725e-01
  3.39078344e-01 -4.04776679e-01  1.66413767e+00 -7.78949090e-01
 -1.87038446e+00 -1.97907654e+00  1.44679015e-01  8.50719412e-01
  5.40843422e-01 -3.81835791e-01 -4.32006460e-01 -6.93555975e-01
 -9.65990068e-01  8.07836963e-01 -7.47119242e-01  9.30383027e-01
  3.37620280e-01 -4.52295763e-01  1.05789001e-01  2.63850061e-01
  2.16112128e-01 -5.78021114e-01 -2.14438378e+00  1.85722579e-01
  3.92033456e-01  6.66982573e-01 -1.37477527e-01 -2.03228229e-01
  4.10323382e-01  8.16750408e-01 -4.10064971e-01 -1.36822893e+00
  1.98914166e+00 -4.32499315e-01 -6.21876724e-02  5.79085215e-02
  2.31520668e-01 -5.94388977e-01 -4.83948221e-02  1.19577470e+00
  7.22374264e-01 -7.48879465e-03 -5.74017254e-02 -6.43451421e-01
  7.85676179e-01  9.79575314e-01 -5.70117920e-03  4.58824206e-01
  3.72247266e-01 -2.52781304e+00 -1.72589484e+00 -4.07506072e-01
  4.04497986e-01 -1.03978043e+00 -1.34873516e+00  6.09647062e-01
 -1.44369894e-01 -1.00206438e+00  5.39373061e-01 -6.45132470e-01
 -1.26440607e+00  4.56754607e-01  9.25891945e-01 -6.87759258e-01
  2.20156323e+00  1.29950460e+00  7.30725404e-01 -1.38212241e+00
 -1.19845724e+00  5.01638609e-02 -1.31322234e+00 -1.07612762e+00
  2.05584296e-01  8.87536659e-01 -4.22575477e-01 -6.81675412e-01
 -1.22730684e+00  1.30267864e+00  1.40905100e+00 -6.69835697e-02
 -6.92984992e-01  3.29000841e-02  7.22812837e-01 -7.99162813e-02
  4.48176089e-01 -1.06177462e-01 -9.70040922e-02  1.11194932e+00
 -1.54886784e+00  1.98787395e-02 -7.04254980e-02  2.03760101e+00
  9.33595933e-01  5.14262896e-01 -2.08647891e-01 -3.69522440e-01
 -8.79026745e-01 -8.20712415e-01 -1.37113169e+00 -4.96954722e-01
 -1.28118600e-01 -1.12070210e+00  5.64300060e-01 -9.28415105e-01
  1.40561172e+00 -5.23989488e-02 -2.03139616e+00  7.19750462e-01
  3.24821929e-01 -7.86972201e-01 -4.29444646e-01 -9.07970273e-01
  5.70310517e-01 -2.41151450e-01 -1.41033595e+00 -8.57067533e-01
 -2.88209117e-01 -4.72263073e-01  1.38432215e+00  1.79595851e+00
  2.79714699e-01  2.52710985e-01 -1.05477633e+00 -4.83648507e-01
  1.26529791e+00  2.81022039e-01  1.12046285e+00  8.14732541e-01
 -9.81084557e-02 -1.45186565e+00 -1.42874166e+00  8.41564858e-01
 -9.78127489e-01 -1.77738295e+00 -1.28138048e+00  2.50996842e-01
  1.14322589e+00  8.96891499e-01  1.29014808e+00  7.92362467e-02
  1.15384967e-01  9.23488348e-01 -4.12146287e-01 -6.18543289e-01
 -1.28356599e+00  1.94260789e+00  5.23909460e-02  1.35819014e+00
 -4.72276834e-01 -2.47283330e-01 -1.06675476e+00  1.07640461e+00
 -3.44728401e-01 -5.48832839e-01 -1.12741686e-01  2.36666819e-01
 -6.25822671e-01 -1.46326588e+00 -6.80491564e-01 -9.27787839e-01
  1.65792823e-01  2.03609457e+00 -4.68981607e-01 -1.72402302e+00
 -1.74203271e+00  4.25684866e-01 -1.48273978e-01 -1.21136112e-01
  1.71442983e+00  2.35168313e+00 -1.97165656e+00  2.10347987e-01
  1.02644330e+00 -3.03040749e-01  8.24581536e-01 -1.27428371e+00
  9.97816469e-01  3.28098107e-01 -4.01772261e-01 -1.86835241e+00
 -2.06006152e-01 -1.46843235e+00 -2.03769255e-01  8.32632634e-01
  1.93301667e+00  4.05091947e-01  7.71321551e-01 -2.23668078e-01
  1.20905217e+00 -1.27897147e+00 -6.89112113e-01  8.04202201e-01
 -7.27832972e-01  1.57862885e-02  1.87960248e-01 -4.31179348e-01
 -2.54678449e+00 -3.15147838e-01 -5.03277395e-01 -5.75256958e-01
 -9.98476194e-01  3.49444368e-01 -5.79742676e-01 -1.01958835e+00
 -3.18022245e-01 -1.23470807e+00  8.98232363e-01  1.52359398e+00
 -1.49721531e+00  1.33797136e-01 -1.77157880e+00  5.82073078e-02
 -1.00767711e+00 -2.26842856e+00 -1.03886794e-01  1.62742359e+00
 -4.95711782e-02  4.03410717e-01 -4.81938765e-02 -1.46042766e-01
  1.47277185e-01  7.63182349e-01  3.64338885e-01 -5.55808971e-01
 -7.88933770e-01 -1.27825952e+00  2.03732119e-01 -6.22837852e-02
 -7.82683294e-01  3.66110614e-01  3.76681765e-01  7.85930065e-01
  7.24610251e-01 -6.43146658e-01 -1.62415197e+00 -1.03395166e+00
  3.66372941e-01  7.56238551e-01 -7.52270163e-01 -9.24706344e-02
  1.72536477e+00 -6.66589479e-01  1.63569851e+00 -2.41711679e-01
 -9.72136669e-01 -9.16938790e-04 -8.72977770e-02  6.23456621e-01
 -7.16131545e-01  4.20178728e-01 -2.35120705e+00  8.26834925e-02
  1.01149230e-01 -5.87649225e-01 -1.45816722e+00 -9.03458236e-02
 -2.01651159e-01 -1.32526658e+00 -6.21181669e-01 -1.07743147e+00
  1.24070125e+00  1.90169100e+00 -1.38004274e+00  1.76068623e-01
  1.09638000e+00  2.04697945e+00 -1.88622915e+00 -4.31416412e-01
  1.53184590e-01  9.59603082e-01 -9.07059471e-02  1.66967393e+00
 -1.74756571e-01  3.10037863e-01  1.17776554e+00 -1.26913961e+00
 -1.57994706e+00 -2.82749648e-01 -4.29706431e-01 -1.15723804e+00
 -4.10578789e-02  4.38368980e-01 -2.64252135e-01 -1.93835337e+00
  3.36061342e-01  1.11569972e+00 -9.66009921e-01 -7.27515617e-01
 -9.18724351e-01  2.13815345e-02 -1.18569265e+00  9.95459120e-01
 -7.32128706e-01 -2.92810852e-01  6.63158433e-01 -1.45001689e-01
  1.36437432e+00 -9.20269694e-01  2.41029198e-01 -8.50803497e-01
 -2.68352998e-01  2.45306208e-02 -1.29153541e+00 -9.30763075e-01
 -9.41210300e-02  1.51542224e+00 -7.70793107e-01  3.48621319e-01
  1.69481250e-01 -2.95968460e-01 -8.00965327e-01 -1.10128459e+00
  9.21099785e-01  5.65471510e-01 -7.99704820e-01  9.77713399e-01
  2.94497380e-01  3.16369520e-01  5.54945604e-01  1.49264058e+00
  7.65223404e-01 -5.99494350e-01  1.33634940e+00 -6.80714711e-01
 -7.18030221e-01  3.08216151e-01  2.30689485e+00  3.10954621e-01
 -1.49800842e+00 -7.16217382e-01  4.10773054e-01 -5.18130496e-01
 -4.05068358e-01 -1.08274427e-01  4.01586110e-01 -2.86406442e+00
  5.13897185e-01 -1.98453848e-01 -8.60393424e-01  3.66554375e-01
  2.58688560e-02  4.86507826e-01 -5.97631183e-01 -3.51134949e-01
 -3.31853125e-01  6.06977548e-01  1.40777793e+00 -1.23387663e+00
  5.22491583e-01 -2.19902068e-01  9.52717279e-01 -9.37036378e-01
 -1.34006924e+00  7.42411030e-01  1.69654072e+00  6.57920520e-01
  3.82479299e-01 -1.48628248e+00 -8.42050670e-01 -1.56003386e-01
 -3.58279696e-01 -1.68388678e+00 -1.68621298e+00 -5.58108959e-01
 -1.04963793e+00  6.11346516e-01 -1.19096487e+00 -7.65329654e-01
 -6.19272699e-01 -3.89168694e-01  9.09939912e-02  1.93570260e-01
  1.16840874e-01 -9.91857287e-01  1.29852560e+00  2.71161737e-02
 -2.05082695e+00  2.79731653e-02  7.51064392e-01 -2.38171306e-01
  1.03879007e+00 -1.29107984e-01  6.84427671e-03  4.55987628e-01
  6.74168405e-01  1.89488842e+00  3.61061606e-01 -1.96761443e-01
 -3.91203255e-01  1.15529768e+00 -3.13435191e-01  3.69743497e-01
 -3.28352837e-01  1.57602666e+00  3.83014357e-01 -8.74049177e-01
 -1.84741331e+00 -5.14438074e-01  4.79490954e-01 -8.73196195e-02
  1.22601854e-01  1.12521232e+00 -3.51316269e-01  4.31573513e-01
  1.53487849e-02 -4.97400713e-01  4.21220532e-01 -1.15158949e+00
  1.64477456e+00 -2.27669291e-01  5.80099323e-01 -1.15255312e+00
 -9.04564198e-01  4.81833002e-02  1.64883953e-01  6.79961226e-01
  2.62199030e+00  7.73716903e-01 -2.44566050e-01  1.03850973e-01
 -4.58001162e-01 -8.81608650e-02 -3.96312065e-01 -7.19208704e-01
  6.19165801e-01  4.87051352e-01  1.25593229e-01  6.91247215e-01
 -9.48499668e-01  1.30509804e+00 -4.17265283e-01 -8.86803703e-01
  2.20916779e+00  2.63387364e-01 -1.02454155e+00  4.45644871e-01
  1.26459827e-01  3.74732971e-01 -1.41279227e+00  1.57234836e+00