-1.56821486e+00 -7.25798374e-01  4.00825800e-01 -7.10744742e-02
  2.28191209e-01 -1.97517225e+00 -1.23573562e+00  4.95724591e-01
 -2.99538596e-01 -1.16972295e+00 -1.19334641e-01  6.81959241e-01
 -1.69410780e-01 -6.55010146e-01  8.78077318e-02  1.65104734e+00
  5.10733600e-01  2.51492228e-01  1.97393440e+00 -3.33615781e+00
 -8.04426903e-01 -6.95423420e-01  5.48659935e-01 -8.40380957e-01
 -9.93957865e-01  1.05596771e+00 -2.34847164e-01  1.72076757e+00
  1.48341759e-01  3.09466051e-01 -1.79332079e+00  1.09275988e-01
  3.80957120e-02  1.46243059e+00 -1.19798942e+00 -1.38017633e+00
  1.14688059e+00 -6.26442955e-01  5.66244492e-01 -7.79464719e-01
 -7.44824104e-01  1.05187249e+00  2.17585814e+00  9.68940351e-01
  1.01072727e+00  7.39475816e-01 -6.71857830e-01 -8.14725505e-01
 -4.45617703e-01 -1.13734794e+00  5.64425416e-01 -2.00186677e+00
  3.17945094e-01  2.31053886e+00  4.89630637e-01 -1.04237952e+00
  2.54447689e+00  6.99836758e-03 -8.89800547e-01  3.78070530e-01
  8.95308181e-02 -8.29106250e-01 -5.72719780e-02 -1.86912365e-01
 -5.39874170e-01 -5.46093150e-01  1.57328685e-01  1.75735056e-01
  1.29357498e+00 -2.37841293e-01  5.32567278e-01  1.90491232e+00
 -2.33781024e-02 -3.57915329e-01 -4.81499425e-01 -2.09985055e-02
  1.21821301e+00 -8.57910241e-02 -1.05803417e-01 -6.39232468e-01
  1.69011111e-01 -3.81484050e-01 -2.76438677e-01  2.12704063e+00
 -1.80936809e-02  2.02873192e-02 -3.26762635e-01 -1.67358924e+00
 -1.55031741e-01  1.27510654e+00 -2.81416725e-01 -9.39857045e-02
  5.72166014e-01 -1.30567912e+00 -1.09654926e+00 -8.53656911e-01
  3.39896583e-01  9.83224178e-01  8.27219302e-01  2.78699833e+00
 -7.13969169e-01  1.06962402e+00  3.44060801e-01  3.57796262e-01
  9.06276879e-01 -3.04665014e-01  2.00533642e+00 -7.18214551e-01
 -1.13779752e-01  1.43354101e+00 -1.26746651e+00  6.68566111e-01
  2.94891387e+00 -1.64302352e-01 -4.74516781e-01  3.74749416e-01
 -2.46078066e+00  6.22047175e-01  1.67070200e+00 -3.18900808e-01
 -7.21343693e-01  6.52369730e-01  2.40082457e+00  2.11516188e-01
 -2.65685422e+00 -7.79728538e-01 -1.22135981e+00  1.84695361e+00
  6.35386078e-01  1.29460128e+00  1.22975016e+00 -6.36559627e-01
 -1.87709407e+00 -1.13310979e+00  7.91531302e-02 -4.04056909e-01
 -4.61271039e-01 -1.19062373e+00  7.65632845e-01  8.71185215e-01
 -1.39310376e+00  1.67183829e+00 -1.58229932e+00 -2.35659052e-04
  2.19897828e-01 -8.94867394e-01  1.67482673e+00  1.01951712e+00
  1.24118830e+00 -7.51543297e-01  8.67273783e-01  1.02699819e+00
  9.02151310e-01  1.84032387e-01 -1.68686084e+00  1.06233583e+00
  8.63385711e-01 -1.27472678e+00 -3.99487709e-01 -1.40055884e-01
 -2.27685129e-01 -1.12288340e+00 -1.36178698e+00  3.97531370e-01
 -5.92315681e-01  1.15877886e+00  1.56516794e+00 -1.10117360e+00
 -9.81366802e-02  4.71381823e-01 -1.04279168e+00  3.50592663e-02
  3.07635952e-01 -5.80989765e-01 -1.16538522e+00  8.94206355e-01
  3.79862904e-01  1.44854113e-01 -6.28017055e-01 -5.47525904e-01
 -7.15572449e-01 -5.70645225e-01 -8.05209499e-01 -1.68423381e+00
 -9.09677623e-01  1.89862671e+00 -5.29392148e-01  9.30856170e-01
 -2.30561111e-01  1.86003530e-01  1.90648967e-01 -1.29145563e+00
  1.13159567e+00  4.19479124e-01  9.92570022e-01  2.86617821e-01
  7.01479186e-02 -1.21427913e-02  6.27221571e-01  4.46942974e-01
  5.72082918e-01  9.42971603e-01 -4.39085379e-01  1.62629157e+00
 -9.46703651e-01  1.23175816e+00  9.78020194e-02  3.59564466e-01
  2.66085869e-01  1.20190172e+00  3.51775689e-01 -2.95157731e-01
 -7.58136257e-01 -3.34420077e-02  8.27133572e-01  2.74244537e-01
 -1.90411739e+00  1.50673299e+00 -3.61485736e-01  3.34864427e-01
  1.75743825e-01  2.01225411e-01  8.76506356e-01  2.91881504e-02
 -1.30793278e+00  1.14886845e+00  8.54170526e-01 -5.39734372e-01
  2.55331226e-01  1.30363828e-01 -1.37917311e+00  5.24351040e-01
 -1.67952996e-01  7.42069538e-01 -6.08644846e-01  1.67167068e+00
  6.84749129e-01 -1.27994855e+00  3.22324723e-01  5.39611184e-01
  2.60111222e+00  1.09143965e+00  2.20413087e+00 -4.57362171e-01
  5.09235927e-01  5.62801028e-01 -5.76578939e-01 -1.14486642e+00
 -3.04404623e-01 -4.06533443e-01  6.16867823e-01 -7.20701628e-01
 -2.27887922e-01 -1.13878286e+00 -7.60329789e-01  1.83047599e+00
 -9.55091899e-01  7.39241426e-01 -2.89885038e-01 -7.60917048e-01
  7.45827740e-02 -1.39270088e-01  2.72220069e-01  4.68596515e-01
  2.31003653e-01  1.77977270e+00 -6.31105607e-01  4.50413694e-01
 -1.06932726e+00  8.77945481e-01  6.51079851e-01  1.21997937e+00
  1.13376221e+00  3.55674406e-01  6.94679235e-01  5.18707070e-01
 -3.19407964e-01 -1.43629949e+00  5.39978210e-01 -1.00782786e+00
  2.65443211e-01  1.35833968e+00  3.42067605e-02 -3.31912274e-01
  2.50911761e-01 -2.25332237e+00  6.72899381e-01  8.06010597e-01
  2.97514636e-01 -9.41654767e-01 -3.48280214e-02 -4.10869617e-01
 -2.72822062e-01  2.72100424e-01  7.56035257e-01 -9.06244499e-01
 -8.76130597e-01  6.23037282e-01  7.90456273e-01  1.41142287e+00
 -1.02503009e+00  1.35572443e+00  1.90072741e+00 -2.23791385e-01
 -1.12932764e+00  5.81403785e-01  6.80135260e-02  1.10105703e-01
 -1.47140990e+00 -1.93638224e-01  8.87498179e-01 -6.27178245e-01
 -1.00173508e+00 -6.39357420e-01  1.61582494e-01  1.13961358e+00
 -1.76738007e+00 -5.34725556e-01 -1.25072091e+00 -1.17669937e+00
 -1.29382794e+00  1.99677737e+00  8.98071049e-01 -9.94845876e-01
 -1.44188174e+00 -8.79055735e-01 -4.50028247e-01 -1.61263214e+00
  1.19298527e+00 -1.64450166e+00  1.16063903e+00 -8.26982770e-01
  1.36620641e+00  1.19151649e-01 -1.99052989e+00 -1.91455041e+00
 -1.48432712e+00  6.06943170e-01  1.46057108e+00  7.10585353e-01
  4.96565091e-01  9.83661300e-01 -1.22861135e-01  1.29861807e+00
 -1.65264442e+00  1.43707380e+00  7.11981788e-01 -2.10009719e+00
  9.58056794e-01  5.57915772e-01  1.18903708e+00 -6.42338502e-01
 -1.48897136e+00  1.01404761e+00  1.55773562e+00  9.16240791e-01
  1.74733454e-01  4.39409497e-01 -6.73329364e-01 -1.90700510e+00
 -2.76159125e-01  8.16072001e-01  6.46348263e-01  1.22889348e+00
 -2.36692068e-01 -1.18715148e+00 -7.88813164e-03  6.10897013e-01
 -1.39458165e+00  3.14819262e-01  2.16039115e+00  2.18406074e-01
 -2.28887106e+00  7.23557255e-01 -7.93357755e-01  2.45379260e+00
  2.05092455e+00 -1.13429246e+00  1.34580181e+00  8.87643822e-01
  1.18796326e-01 -1.75576035e+00 -6.36369402e-01  7.56992280e-01
 -1.22606225e+00 -4.15829742e-01  1.06810301e-01  1.65654967e+00
  2.44547087e+00 -9.91967055e-02  5.75036743e-01  1.21390539e+00
 -4.35787617e-01  1.12818468e-01 -9.99489864e-01  6.01287516e-01
 -7.49617539e-01  1.06090408e+00 -9.51131269e-01  1.32411811e+00
  3.49725953e-01  1.44181586e+00 -3.94747728e-01  2.42432938e-02
 -2.32114711e+00  2.00003764e+00  1.26720155e+00  6.98354132e-01
  2.09774705e+00 -5.72783145e-02 -1.01603201e+00  3.78100453e-01
  1.70054404e+00 -5.39070206e-02 -2.24674858e-01 -1.01524359e+00
  8.35277331e-01  1.69788950e+00  1.15779146e-01  7.89629306e-03
  4.95318602e-01  1.48702283e-01 -8.18641694e-02  7.39986973e-01
 -2.27928376e-01 -1.59712428e+00  8.78985135e-01  1.72106527e-01
  1.14071416e+00 -2.78740775e+00  2.91890354e-01 -6.07237971e-01
 -1.85095435e+00 -7.96603365e-01  9.47951344e-01 -1.15771203e+00
  4.82073536e-01 -9.54334499e-01 -5.67600964e-01 -8.90723523e-01
 -3.14846673e-01  1.37368859e+00  1.28615654e-01  4.79172826e-01
  4.35276376e-01 -1.24641480e+00 -5.61038951e-01  2.23290896e-01
 -2.04551068e+00  2.50273613e-01 -2.66578461e-01  5.95425876e-01
  5.00277284e-01 -7.39836081e-01 -5.99599992e-01 -1.68933810e+00
  2.71790655e-01  2.92711396e-01  1.80083207e-01 -8.81586956e-01
 -4.15155859e-01  1.14641079e+00 -3.12367078e-01 -1.34230277e+00
 -6.52282840e-01  1.96918033e+00  6.17362050e-01  1.22747377e+00
  3.47250374e-02 -1.29353656e+00  1.06438651e-02 -1.80986540e+00
  7.80112160e-01  1.01460023e+00 -1.07562687e+00 -3.60682823e-01
  1.68045898e-01 -7.77218121e-02 -1.84849391e-02 -3.14013071e-01
  3.76901010e-01 -1.01678203e+00  4.45565902e-01 -3.89264539e-02
 -9.33091763e-01  2.09255926e-01 -1.82334154e+00  2.83188338e-01
  9.73728149e-02  9.33171924e-01 -3.38756828e-01 -5.37848047e-01
 -2.28885173e+00  1.30306452e+00 -3.78506655e-01  5.22845474e-01
 -9.51708143e-01 -4.07396885e-01 -8.13961468e-01  1.40927199e+00
 -3.45511844e-01  9.20954858e-01  4.92171797e-02  1.71035078e+00
 -1.93802142e+00  1.78738896e-01 -9.05820392e-01  1.13826368e+00
  8.18390377e-01 -1.51061336e+00  1.22965409e-02  1.39935943e+00
 -4.75903407e-02 -9.88024578e-02 -3.84646779e-01 -2.67232810e-01
 -1.70038023e+00  3.07088444e-01  1.22076595e-01 -1.59005073e-01
  1.15542501e+00 -4.22946760e-02  1.89284831e+00 -4.73141887e-01
 -1.54466941e-01  2.46494510e-01 -4.98364859e-02 -4.21406857e-01
  1.03225588e+00 -1.30688901e-01  1.50778610e+00  4.45801736e-01
 -1.09544051e-01 -9.30922292e-01 -8.10304026e-01  4.86683822e-01
 -9.07497763e-01 -1.00397111e+00  2.71602334e+00 -1.18752147e+00
  5.73845429e-01 -1.06475465e+00 -1.34965511e-01  3.95647920e-01
  1.45156184e+00 -2.97619525e-01 -6.55802207e-02 -5.65041966e-01
  8.15212683e-01 -6.48228027e-01  5.22216573e-01 -4.47886940e-01
 -7.66275015e-01 -1.43925755e+00  7.59385648e-01  8.44794283e-01
 -4.15649085e-01  1.41082905e+00  1.09014011e+00  3.40793519e-01
 -1.50007159e+00 -1.19521522e+00  6.89606330e-01  1.02027796e-01
  1.27081085e-01  3.71078989e-01  1.34772323e-01 -9.74274842e-01
  2.10175751e-01 -4.12101671e-03  6.08333341e-01 -5.43895300e-01
  7.54394852e-01  3.07680724e-01 -7.98105573e-01 -6.54087715e-01
 -4.51509116e-01  1.68179886e-01 -2.68103659e-01 -8.85724400e-01
 -8.79999330e-01 -1.57624469e+00  4.38732309e-01 -6.43910690e-01
  8.55370805e-01 -2.23768496e+00 -1.17729681e+00  9.69784140e-01
  7.11414840e-01 -9.03490700e-01  5.51362011e-02 -1.45731452e+00
  1.77940712e+00 -3.09956898e-01  1.43787882e-01 -8.11242622e-02
  1.04875398e+00  1.36962937e+00 -1.69041047e+00 -9.75632737e-01
 -9.33135475e-01  1.50294389e+00 -7.48026154e-02  3.07633290e-01
 -5.83137651e-01  4.58404579e-01  1.06543830e+00 -1.09059621e+00
 -9.37921023e-01 -1.11627775e+00  6.75948192e-01 -5.24618278e-01
 -6.86387043e-01  6.39443123e-01  4.59127887e-01  3.24258380e-01
  8.89170539e-01 -1.05678796e+00 -6.68123638e-01  2.82580031e-01
  1.03049868e+00  1.83893980e+00 -1.49249569e+00  3.98303274e-01
  7.57759613e-01  1.38149640e+00  4.37881909e-01 -7.88816567e-01
 -7.75293320e-01  9.61676561e-01  6.99356566e-01  2.28383230e-01
  3.97826503e-02  5.93953090e-01  1.06744207e-01 -1.07717885e+00
  1.02453231e+00 -1.05244423e+00  1.12239698e+00  1.62914204e+00
 -1.47749691e+00  7.26481041e-01 -2.44950997e-01 -1.18946195e+00
  3.71342932e-02  1.35618930e+00  8.05759293e-01 -7.47013249e-01
  2.19312032e-01 -7.96372649e-01 -6.50868447e-01 -9.17203725e-02
  6.88096980e-01  5.91718103e-01  8.20430526e-01 -8.71383824e-02
 -6.86110580e-01  7.27824708e-01  6.62729560e-01  7.64718871e-01
  1.91385841e-01  6.99547532e-01 -7.99168285e-02 -1.33777931e+00
 -2.17164404e+00  1.25934097e-01 -3.79155311e-01  8.08925302e-01
  1.65975666e+00  3.28678199e+00  8.74502063e-01 -1.21815316e+00
 -4.66834004e-01 -1.03393414e+00  5.96887570e-02 -4.95257399e-01
 -6.48305581e-01 -1.37805055e+00  1.55616421e-01 -8.81594846e-01
  1.22011542e+00  2.39859686e+00 -9.43469831e-01 -6.80610260e-01
  1.10997082e+00 -1.52150404e+00  1.13296726e+00  2.33789378e+00
  5.24051380e-01 -3.36569967e-01  1.36963514e-01  5.31616774e-01
 -6.67819685e-01  1.15031467e+00 -5.50338844e-01 -8.96756419e-01
 -6.51098431e-01  1.79871999e-01 -6.99622916e-01  2.22126079e-01
 -9.13366733e-01 -2.29160173e-01 -3.57346440e-01  2.57031007e+00
  5.67415830e-01 -4.44517212e-01  9.85105869e-01 -7.40909107e-01
 -7.98452001e-03  3.34330267e-01 -2.51650228e-01 -5.39005303e-01
  6.95551780e-01  4.51534667e-01 -8.12578951e-01 -6.79942952e-02
 -3.36371463e-01  1.18235116e-02  5.56270638e-01 -1.12033055e+00
  1.16613000e-01  1.16507656e+00  1.14479030e+00 -2.32779042e+00
 -1.35393148e+00 -1.22898351e-02 -1.93437464e-01 -1.10460464e+00
 -3.19761550e-02 -5.58577099e-01 -8.38395127e-01 -1.00576187e+00
  4.41524522e-01  4.07580503e-01  4.58144727e-01 -4.43848997e-01
  1.07239412e+00  1.70958397e+00 -3.47110710e-01 -2.12309123e-01
  2.19188776e-01  1.06255345e+00 -2.68061809e-01  7.49176280e-02
 -4.33974112e-01 -1.70234912e+00 -1.25737854e+00 -1.62813090e+00
 -1.47309068e+00  6.16941666e-01  4.34963382e-02  1.64144514e+00
 -1.08029837e+00 -1.12078951e+00 -6.34775272e-01  6.37465948e-01
  1.24881498e+00  3.40246851e-01  9.80150329e-01 -8.48309038e-01
  4.27208548e-01  5.50758472e-01  7.05491958e-01  1.94120964e+00
 -8.66528009e-01 -1.01970062e+00 -2.25254786e+00 -2.39822352e+00
 -5.84766761e-01  1.07489630e-01  9.58135559e-01  1.25184402e-01
 -1.01891389e-01 -7.90853083e-01  9.55474815e-01 -2.16647550e-01
  8.49497086e-01  6.96152151e-01  1.46486969e-01 -9.51474987e-01
 -1.07872645e+00  1.39575406e+00  4.16884796e-01  2.61217239e-01
 -1.22253602e+00 -1.84173431e+00 -8.32255883e-01  6.19859217e-01
 -8.75453114e-01  9.10417076e-01 -2.36445067e+00  6.00413620e-01
  4.94328066e-01 -3.90051380e-01  9.31250369e-02  1.07923485e+00
 -7.12941158e-01 -3.94667687e-01  1.25784272e+00 -1.74879929e+00
  6.76433649e-01 -6.97855917e-02  4.15361044e-01  1.16704444e+00
  2.39269934e-01  3.23501735e-01  3.92319982e-01  5.01924010e-02
 -5.16419811e-01 -1.42658029e+00  1.39443146e+00  6.14621800e-01
  1.25143702e-01  3.58645980e-01  4.01175011e-01  5.73030384e-01
 -6.45667024e-01  1.67948604e+00  4.00941563e-01  6.09885673e-01
 -1.68044114e+00 -1.29748666e-01 -5.38382561e-01  7.36961914e-01
 -1.43506978e-01 -6.78699262e-01 -5.07290171e-01  2.31649179e-01
 -2.29107321e+00 -6.12627739e-01  1.02884661e+00 -3.28897261e+00
  6.64733651e-02 -1.70939815e+00  8.26398773e-01  1.03689733e+00
 -1.29668702e+00  6.90064971e-01  1.23475782e+00  2.44591523e+00
  8.74715021e-01 -1.50783206e+00  1.45551631e+00 -3.43097636e-01
 -1.94848921e+00 -1.38657405e+00  1.44849536e+00  4.16339925e-01
  1.10846195e+00 -7.67959465e-01  3.16974046e-01  8.48635010e-01
 -6.89735918e-01  2.19871767e-01  2.60662222e-01  5.46015460e-01
 -3.79139335e-01 -6.45308409e-01  4.04454698e-01  2.20731220e+00
 -6.78254708e-01 -1.80154059e+00  5.17765359e-01 -1.77860985e-01
 -1.00306887e+00  1.14110302e+00 -1.36037603e-01  9.74653754e-01
 -1.84564211e-01  2.69977603e-01  1.80050486e+00  4.33400464e-01
 -1.57416308e+00  2.86405704e-02 -9.76019014e-02 -1.41256454e+00
  6.66410298e-01 -1.45448103e-01 -1.00413778e+00 -4.85937750e-01
 -1.03903476e-02 -6.93626054e-02  3.96116883e-02  2.66752037e-01
  9.15194707e-01 -3.65027108e-01  1.16377895e+00  4.91975487e-01
 -4.31964592e-01  1.06863500e+00  2.15495453e-01 -3.97135573e-01
 -3.89441618e-01  7.17888107e-01  1.27657533e+00  3.35111432e-01
 -1.73944608e-01  1.22310846e+00 -3.13743142e-01  4.84958089e-01
 -7.68631531e-01  2.08911386e+00 -5.99291579e-01  3.40781895e-03
  1.06210149e-01 -1.42415540e+00  7.07914917e-02 -1.29773817e+00
 -6.39777752e-01 -1.54841060e+00 -1.60315697e+00  1.12781202e+00
 -2.45518241e+00  1.44353097e+00 -1.97522429e+00 -2.65771242e-01
 -1.14389579e+00  4.74512641e-01 -1.26251160e+00  1.93367014e-01
 -1.45818795e-01  1.49223521e-01  2.65757525e+00 -6.95359854e-02
 -4.95974883e-01 -1.95354700e-01  1.96127261e+00  1.27661060e-02
 -2.60729840e-01 -8.00091794e-01 -9.13008831e-01 -4.32176286e-02
  3.02531161e-01 -1.32229452e+00 -1.94364457e-01 -1.77437809e+00
  9.42746548e-01 -5.17369583e-01 -3.35394744e-01  1.45102614e+00
  9.59473356e-01 -5.53862571e-01 -1.53524416e+00 -1.40761668e+00
 -8.55315991e-01  1.20650440e+00  7.09983905e-01 -7.34145648e-01
 -8.35664464e-02  1.44539927e+00  1.39574989e-01 -3.07927547e-02
  9.76980683e-01 -1.10708199e+00 -5.98074004e-02 -5.43336388e-01
  2.46452049e-01 -4.29908740e-01  1.02346594e+00 -1.23333941e-01
  4.11335457e-01  6.16665219e-01 -5.24422145e-01  3.16437742e-02
  9.14370301e-01  1.11282477e+00 -1.44751803e+00 -2.68256983e+00
  9.42236023e-01 -7.33954304e-01 -5.35874375e-01  3.20563980e+00
 -1.19165676e+00 -9.11323167e-01 -5.20152836e-01  2.83375971e-01
  1.71435108e-01 -3.96399822e-01 -2.03854976e-02 -2.42366274e+00
  5.46034101e-01 -5.51539105e-01 -6.28927913e-01  1.93417959e-01
 -3.72073551e-01  2.68606839e-01  1.84569179e+00  2.20732512e+00
 -1.06526931e+00 -3.10226527e-01 -4.40306156e-01 -4.34329894e-01
  3.52599072e-01 -2.55304200e+00  1.76413120e+00  5.72904970e-01
  2.53426287e-02 -1.57116332e-01  1.13674284e+00  3.87956811e-01