-2.27030035e+00 -3.74686432e-01  5.50509645e-01  2.84191822e-01
 -1.43826501e+00 -3.08795387e-01  2.88558800e-01  5.38292261e-01
 -5.72354008e-01  2.62578942e-02  4.94179170e-01  1.92195740e-01
  6.76804200e-01 -6.06376893e-02 -1.48974732e+00 -2.81842798e+00
 -1.21184717e+00  1.40302384e+00  7.68318069e-01  2.08175997e-01
 -5.17653274e-01 -1.49350033e+00  1.21127486e+00  7.48579209e-01
 -4.33291922e-01  1.24323308e+00  1.58659470e-01 -5.40109198e-01
  8.34268999e-01  4.49458404e-01  8.87071762e-01  1.25413757e+00
  9.77162759e-01  2.64863996e-01  6.17170230e-01 -8.76737413e-01
  4.33777952e-01  6.10291299e-01 -1.30979563e+00 -1.10369399e+00
 -7.53235907e-01  5.02602272e-01 -1.73535943e+00 -1.59830524e-01
 -1.07841371e-01 -1.47469223e+00 -1.39378406e+00  4.08242513e-01
  5.27046264e-01  1.78608266e-01 -1.15622719e+00 -3.65140825e-01
  1.06315093e+00  1.87802112e+00  1.57594744e+00  8.80664804e-01
  5.47667802e-01 -1.25602346e+00  2.05077508e+00 -1.63029982e-01
  5.78502141e-01 -2.33930050e-01  1.77552305e+00 -2.38857463e-02
  9.79697549e-01  1.94698557e+00 -5.95899200e-01 -6.73235300e-01
 -5.04404160e-02  1.19475185e+00  5.38161181e-01  7.46923313e-01
 -2.26990242e+00  1.32869282e+00 -1.46698202e+00 -7.20000442e-01
 -1.00977811e+00 -4.15373601e-02  6.56305612e-01  2.08171565e-01
 -3.70879843e-01 -4.94039803e-01  7.98177545e-01  8.89329703e-01
  8.56813874e-01  6.29323001e-01  3.74579444e-01 -7.62062006e-01
 -4.59982942e-01  7.49514320e-01  1.63590358e+00  6.18836143e-02
  4.28244061e-01 -8.33302101e-01 -5.07572524e-01  3.91960658e-01
 -5.91966741e-02 -1.32268498e+00  1.45396351e+00 -6.28247645e-01
 -1.60473808e-01 -3.10853001e-01  1.74066179e+00  2.11187770e-01
 -8.13484798e-01  6.43993988e-02  4.02926127e-01  1.62022532e+00
 -3.66925438e-01 -3.87519410e-01 -7.48046223e-04 -9.64314087e-02
  1.99916424e+00  8.90700555e-01 -1.35967407e+00 -5.51513660e-01
  3.49389359e-01  6.99597804e-02 -3.41277274e-01  1.85590280e+00
 -7.01567431e-01 -4.64965403e-01 -6.05790220e-02 -1.67939852e+00
  2.57253264e-03  1.10020976e+00  6.30506899e-01  8.59172076e-01
  1.32919587e+00  1.51948888e+00  7.50402059e-01 -1.72475249e+00
  4.43460934e-01  4.45258105e-01 -1.37502112e+00 -1.74772297e-01
 -6.52831640e-01  7.35438297e-01 -1.84022560e+00  1.49126063e+00
 -4.80687532e-01 -1.57830466e-02  1.58855328e+00 -1.04416252e+00
  5.92559034e-01  6.25315708e-01  6.20522254e-02  3.41314365e-01
  1.38750989e-01  1.37771698e-01  4.87782896e-01  4.31665981e-03
 -1.77921789e+00 -6.18651845e-01  8.80510748e-01  1.03867043e+00
 -1.71592290e-01 -1.68453519e+00  6.55841123e-01  2.56679691e-01
 -5.68073954e-01  5.33702284e-01 -1.58649686e+00  2.62185159e-01
  1.32456033e+00  3.98026446e-01 -5.13918289e-01 -1.03277988e+00
 -1.31351433e+00  1.73535776e-01  2.01980638e-01 -7.00448286e-01
 -9.50002906e-01  1.89996362e+00 -1.94561943e+00  1.11269148e+00
  3.02248275e-01 -5.33513314e-01 -1.75840331e-02 -3.92968452e-01
 -8.42847255e-01 -8.87736590e-01  1.23526805e-01 -8.22007708e-01
  8.15015933e-01  2.02292510e-01 -5.11247811e-01 -4.85358863e-03
  3.90827783e-01 -7.93013455e-02  6.49196639e-01 -6.12821268e-02
 -1.58856067e+00 -4.76629999e-01  2.76350304e-02  1.80141597e+00
 -7.14518035e-01  9.63583071e-01  2.44870500e-01  1.65871040e+00
  1.77379850e-01 -7.27477047e-01  1.75924787e+00 -3.79467187e-01
 -7.33258657e-01  3.39379970e-02  1.25897053e+00  1.13536801e-01
 -3.75921613e-01  4.53873353e-02 -9.80775569e-01  4.58041156e-01
  3.16920204e-01  4.96749506e-01  8.42714737e-02  5.97853756e-01
  1.14812240e+00  1.60407065e+00 -4.83775069e-01  2.14173026e-01
 -4.56407266e-01  6.00204342e-01  2.83923737e-01  8.45471262e-01
 -1.22901514e+00 -1.68294187e+00  9.12611320e-01 -5.75837839e-01
 -2.79021821e-02  2.28781233e+00 -9.74499405e-02  4.32881729e-02
  9.64000971e-01 -1.74959928e+00  7.37677499e-01  4.17236396e-01
 -6.03217552e-01  3.70015508e-01  2.28524931e-01  2.25897802e+00
  1.10558743e+00 -5.67935108e-01 -3.87926153e-01 -1.37733271e+00
  4.19085667e-01 -1.05741664e+00 -9.21111526e-01  6.02317903e-01
  3.47382212e-01  4.52423728e-01  1.27594798e+00  5.89928904e-01
 -3.74866370e-01 -6.30591686e-01 -2.93161186e-01  9.57551200e-01
 -8.89750555e-01 -3.28886895e-01 -6.07383600e-01  1.01440982e+00
 -7.74719217e-02  1.89277697e+00 -1.09060529e+00  1.90678441e-01
  2.17957122e+00 -1.46145460e-01  1.32525022e+00  1.04177266e+00
  2.14307340e-01  1.13443356e+00 -7.21138293e-01 -2.01798827e-01
  1.47795680e+00 -4.64929932e-01  2.31332867e+00  6.39671011e-01
  8.88842650e-01  2.45886050e-02 -7.33533985e-01 -9.16820210e-01
  1.08460414e+00  8.25248702e-01 -3.70289031e-01  6.11160676e-01
 -6.69217414e-01  1.43747724e-01 -5.46981432e-01  1.68019367e+00
 -3.88081569e-02 -6.16873091e-01 -5.17059570e-01  7.87512280e-01
 -1.16315633e+00  1.09834848e-01 -6.22273611e-01  1.35801354e+00
  1.16828937e+00  4.31951063e-03  3.93446009e-02 -1.05972758e+00
  4.51658998e-01 -2.52645086e-02  1.21236101e-01 -7.99815186e-02
  6.24418357e-01 -2.73241089e-01  2.14681255e+00  5.25897226e-01
 -1.70993351e+00  1.02837969e+00  7.86143544e-02  1.15406438e+00
 -1.28028989e+00  1.18850853e+00 -1.68148804e+00 -4.28114872e-01
  3.67608200e-01  1.11992679e+00 -9.96467740e-02 -9.56386976e-01
  7.25587201e-01 -1.14730302e+00  1.29739364e+00 -1.87598858e-01
 -4.13368833e-01 -5.53193130e-01  2.25725788e+00  2.57544939e-01
 -7.83928926e-03 -1.64373476e-01  8.91173213e-01 -9.70474872e-01
 -1.15129100e+00  1.13151840e+00  3.81208645e-01 -4.73759123e-01
 -6.45369238e-01 -8.64826050e-01  1.92145175e+00  5.11990391e-01
  4.04521440e-01  1.59678156e-02  1.63611750e+00 -1.68789339e+00
 -8.23678306e-01  9.73732307e-01 -1.14834917e+00 -6.90779809e-01
 -5.45645459e-01 -1.00095499e+00  1.36812055e+00  7.74311814e-02
  6.14538504e-01  3.13177400e-01 -6.16482996e-01 -1.17710554e+00
 -2.79225870e-01  2.41126061e-01  6.30936759e-01 -6.03286980e-01
 -5.36215994e-01  7.04487912e-01 -5.31333284e-01 -2.16039993e+00
 -2.26396937e+00  5.89627541e-01 -5.56582068e-01 -1.28461268e+00
  4.67452339e-01 -3.15363322e-01  1.92709218e+00 -1.02719929e+00
 -1.87061104e-01 -4.74389050e-01  1.39924189e+00 -3.70140604e-01
 -4.89102354e-01  4.13279199e-01  6.65939449e-01  5.61909885e-01
 -3.48282102e-01 -1.28067652e+00 -1.65237873e-01  6.32560385e-02
  4.86153470e-01 -2.38007643e+00  6.27729261e-01 -2.16379105e+00
  5.52989292e-01 -5.27317053e-01  1.38897305e-01 -7.75238455e-01
  1.13491430e+00 -7.63319025e-01  1.64555521e-01  1.29878465e+00
  2.03354952e-01  7.42616107e-01 -8.68908666e-01 -6.39955424e-03
  8.33648906e-01  1.85083283e-01  5.55298561e-01 -1.34408166e+00
  2.46332869e-02  2.73026853e-01  1.91711456e+00 -3.45731367e-01
 -1.84773776e-01  7.33325639e-01  6.70740067e-01 -2.99525157e-01
  1.13890718e+00 -1.76387966e+00  4.98116547e-01  1.75926623e+00
  3.86091420e-01  3.36999212e-01  9.56278835e-01  3.04933210e-01
  1.53978704e+00  5.67665757e-01 -2.19996536e-02  1.16845018e+00
 -2.05954289e+00  4.99395518e-01 -6.28815706e-01  7.40888796e-01
  1.53617387e+00  2.10943529e-01 -1.28234831e+00 -1.53026147e-01
  9.08497774e-01  1.07126670e+00  9.81744041e-01  1.96558272e+00
  6.74872471e-01  2.37147048e+00 -2.71409967e-01 -5.10019926e-01
  4.64537083e-01  3.29144767e-01 -2.16982457e-01 -3.15761485e-01
  2.38815269e-02 -9.14576330e-01 -2.19816199e+00  5.30344193e-01
 -3.04106400e+00 -7.45805671e-01 -1.75729898e+00  1.75695164e+00
  7.15593637e-04 -6.45696235e-01 -1.80176832e+00  9.07438705e-01
 -1.47398546e-01  7.86635057e-01 -6.16187891e-01 -1.43057169e-01
  8.95916449e-01 -4.94900941e-01 -9.09326905e-01  1.09139781e+00
 -6.75095880e-02  1.21191351e+00 -2.34091499e+00 -1.56833036e+00
 -1.47046799e+00  8.63596097e-01  6.11988414e-01  9.12309682e-01
  9.30693596e-01  1.18275364e-02 -3.35565104e-01  1.64360606e+00
  8.67871055e-01 -3.79815523e-01 -6.20256861e-01 -1.56341850e-01
 -7.49243972e-01  7.41656159e-01 -1.31767250e+00 -9.52765590e-01
 -8.77625610e-01 -4.67705169e-01 -2.61813280e-01 -9.27499487e-01
  1.33180132e+00 -3.75878938e-01 -4.33383150e-01  6.96792647e-01
 -2.98148998e-01  1.91133906e+00  4.85992294e-03  3.30746365e-01
 -1.13153036e+00  1.09509467e+00 -1.45707866e+00 -3.07875330e-01
 -2.58452714e+00 -8.46665766e-01  7.42709123e-01 -5.06460467e-01
  5.93052643e-01  8.14163538e-01  8.20660645e-01 -1.49748633e+00
 -1.27849826e+00 -1.72837259e+00  4.59829425e-01  2.25266337e-01
  4.13246599e-01  2.35631213e-01  8.50784725e-01  1.19728844e+00
 -3.90229230e-01  1.75114633e+00 -6.45895657e-01  3.71006043e-01
  5.33251055e-01  3.29018666e-01  2.67336824e-01 -2.27539298e+00
  5.40289059e-01  1.87877298e+00  7.65749980e-01 -1.20771842e+00
 -2.22289655e-01  3.35912303e-01  5.32270364e-02 -1.31933844e+00
 -6.97422028e-01 -6.41605758e-01 -1.67363612e-01  1.70311756e+00
 -5.05262332e-01 -7.43662726e-01 -1.08335692e+00 -4.06519840e-01
  1.09041327e+00  1.61389902e+00 -3.33236990e-03 -1.47752526e+00
  1.41408571e+00  8.32593006e-01 -5.61048522e-01 -5.43324482e-01
 -3.18167886e-01  6.76229179e-02 -1.42437925e+00  1.47152842e+00
 -2.97870397e-01  1.71831033e-01  1.06990257e-02  1.15835425e+00
 -1.49226556e+00  2.66960681e-01  6.95428949e-01 -1.93962853e-01
 -7.56944163e-01  5.25765545e-01  6.42661823e-01  7.19376652e-01
  4.35051389e-01  3.95124339e-01 -4.91935602e-01  1.15561820e+00
 -1.66791645e+00  1.09849664e-01  9.14826344e-01 -8.98060466e-01
 -1.39239382e+00 -7.02951053e-01 -6.60892820e-01 -3.85355442e-01
 -1.03984832e+00  1.45976221e+00 -3.46148507e-01  8.84842145e-01
 -1.16477576e+00  1.16319666e+00 -1.73890672e-01 -1.27252557e+00
  1.42752300e-01  5.35244074e-01 -1.32273139e+00  1.52252743e-01
 -1.88905758e+00 -3.59106625e-01 -1.06845466e-02 -1.14103857e+00
 -7.59982195e-01 -4.23823900e-01 -1.59277518e+00  3.32815708e-01
 -1.02769862e+00  1.62658786e+00 -8.15160667e-01 -5.56204908e-01
 -1.32812250e+00  1.97798368e+00  1.65728580e-01 -1.37113206e+00
  2.52456970e-01  6.40813780e-01  9.72316187e-01  6.68161985e-01
 -3.88866836e-01  1.00554647e+00 -8.85498945e-01  1.67829646e-01
 -1.67226598e+00  6.49332379e-01 -1.46893896e+00 -1.46099195e+00
  6.70304615e-01 -1.07008401e+00 -1.79924940e+00 -1.27919651e+00
 -4.26905779e-01 -1.68917876e+00 -2.14162400e+00  7.23714664e-01
  8.44555856e-01 -1.56303153e-01  4.43886374e-01 -1.11437321e-01
  2.93919202e-01 -3.04281952e-01  1.23742875e+00 -7.77959365e-01
  9.79351000e-01 -1.97014138e+00  8.79166592e-01 -1.20740311e-01
 -3.05941696e-01  7.71539928e-01 -2.71496383e-01  1.15192560e+00
  1.09373350e+00  9.56559939e-01  1.18719680e+00  4.70867115e-01
  8.20443530e-03 -1.35489655e+00  5.47587428e-01 -3.92418419e-01
 -4.55187089e-01 -1.08451931e+00  1.00223010e+00 -2.61909149e-01
 -1.23179612e+00  2.71637723e-01  4.03533118e-01 -4.30686451e-01
 -1.72053777e-01 -1.13232105e+00  1.26327139e+00 -1.76521610e+00
 -1.52862887e-01 -1.21845225e+00  7.28041220e-01 -8.71874764e-01
  9.94441680e-01 -1.11159298e+00 -4.38780383e-01  4.63437328e-01
  8.90470270e-01 -4.48970318e-01 -2.69780454e-01 -5.36314527e-01
  4.01882386e-01  2.44685692e+00 -3.36240047e-01 -9.80519785e-01
  1.28405844e+00 -9.86882166e-01  3.25768110e-01 -8.17746105e-01
 -1.19292081e+00 -3.70274888e-01 -2.96622823e+00 -5.29819692e-01
  3.91730892e-01 -8.81921726e-01 -9.89367431e-01  2.05770893e-01
  2.10450168e+00  1.22420860e+00 -6.92702524e-01 -4.23679877e-01
 -3.97579349e-01 -1.68237294e+00  7.43411459e-01 -1.71294589e-01
  1.52724764e+00 -4.45137340e-01 -1.32022408e+00  7.19039261e-01
  1.90472764e+00  2.08534046e-01  8.99534433e-01  2.61743475e+00
  1.34547093e+00 -1.35710244e+00  5.99431717e-01 -1.00038512e+00
 -1.04752586e+00 -1.10475747e+00 -2.34991627e+00 -1.27774570e+00
 -2.20947282e-01  4.45042710e-01  2.32532724e+00  6.68403659e-01
 -1.47018638e+00 -1.62331736e+00 -1.14786118e+00 -1.09536648e+00
  2.06675048e+00  1.26825765e+00  7.74782390e-01  1.83607415e-01
  1.51656743e+00  2.38421901e-01  4.34057665e-01 -1.80918338e+00
 -1.09373067e+00  4.47801541e-01  1.59415856e-01 -1.18972021e+00
  1.60715644e+00 -2.01269308e+00 -6.02367308e-01 -7.16474977e-01
  3.01012762e-01  8.92123848e-01 -1.37900675e-01 -2.25052462e+00
 -4.53958731e-01  1.69828928e-01 -4.57165320e-01 -8.53995835e-01
 -1.75583921e-01 -8.05282158e-01  1.32154304e+00  4.45928539e-01
 -7.68984772e-01 -9.37775113e-01  5.21316539e-01  2.93058822e-01
  1.18977126e+00  9.48752844e-02  1.92452659e+00 -3.85071122e-01
  5.33008246e-01 -2.49013571e-01  6.91805350e-01  1.10889760e+00
  8.19827350e-02 -4.42871361e-01  3.04333599e+00 -9.63097799e-01
 -1.38093330e-01  4.62906173e-01  2.75540946e-01 -4.80931282e-01
 -1.17107746e+00  8.59394467e-02  6.62171842e-01  5.16713924e-01
  5.39929664e-01 -6.75828732e-01 -5.92757606e-01  1.82696241e+00
 -2.54146158e+00  1.09038857e-01 -1.17299580e+00  2.96954113e-01
 -8.54181670e-01  5.62455408e-01  5.97858962e-01 -4.05267825e-01
  5.44302820e-01 -1.14776427e+00 -1.96954433e+00 -3.48327006e-01
 -1.21550830e+00  2.91463794e+00 -1.30714023e+00 -7.15176463e-01
 -1.57351561e+00  3.55568418e-01  5.85412743e-01 -4.03244446e-01
 -9.55289244e-01 -1.99661376e-01 -1.24879506e+00  1.12802742e+00
  6.81054311e-02  2.09871743e-01  1.10714345e+00  2.98291321e-01
 -5.85121606e-01  1.10975893e+00 -1.37994955e+00 -1.97186129e+00
 -4.30564932e-01 -1.28463446e+00 -4.84129528e-01 -6.58318077e-01
  5.05331223e-01  6.82738390e-01 -9.39067645e-01  2.86122141e-01
 -5.21974629e-01  1.02478133e+00  2.68637112e-03 -5.35772388e-01
  5.22762941e-01  1.16972705e+00 -2.29434055e-02 -2.29037620e+00
  1.08910257e+00 -1.45415888e+00 -1.88492599e+00  3.86704296e-01
 -6.69037887e-01  4.59595903e-01 -9.77827520e-01 -1.18719267e-01
  1.32303005e-01  1.25676443e+00 -1.69375366e+00 -9.14555436e-01
 -6.81902092e-01  1.60007178e+00  4.98542783e-01 -1.01851859e+00
 -1.70917048e+00 -4.92503885e-02  6.50803745e-01 -8.62678699e-01
  5.46840139e-01  3.83141600e-01 -6.87639182e-01 -8.04863451e-01
 -4.12694960e-01  1.55710883e-01 -5.25085356e-01  1.22736821e+00
 -2.30838562e-01 -3.88449004e-01 -3.10359745e-01  3.53240182e-01
 -9.12641938e-01  3.64496592e-01 -1.33397211e+00  4.23229556e-01
 -2.13628859e+00  1.17005281e+00  8.35004468e-02  3.59128787e-03
 -6.99167686e-01  4.33734883e-01 -1.13946874e+00  4.34349213e-01
 -8.57183514e-02  8.74850107e-01  8.66351372e-01 -3.39010327e-01
  6.38167502e-02  4.51418895e-01  6.56889644e-01 -5.13403758e-01
 -5.23325631e-01 -6.33315440e-01 -7.82545372e-01  7.25116037e-02
 -1.79606765e+00  1.19568751e-01 -1.65885209e+00  5.27497098e-01
 -1.16765284e+00  1.37113629e-01  2.22497257e-02  9.51904887e-01
 -6.39813691e-01  1.73242891e+00 -9.08391888e-01  1.65835390e+00
  3.89191338e-03 -6.68057514e-01 -1.10798457e-01 -1.19078203e+00
  1.38816923e+00 -9.04506103e-01  8.51886537e-02  1.13246150e-01
  4.68458294e-01 -1.00566849e+00  3.74066090e-01  1.27854402e+00
  7.74078770e-01  1.62854177e-01  3.06585957e-01 -8.43331407e-01
  3.51494292e-01  1.42876040e+00  3.44757611e+00 -1.80916076e-01
 -3.69744794e-01 -7.70547045e-01  8.80479522e-01 -1.52596194e-02
  1.33109947e+00  3.10035820e-01 -1.60195569e-01 -1.76485805e-01
  5.94072510e-01  7.24415874e-01 -1.37778878e+00 -1.39220216e+00
 -1.89941624e+00 -5.78838631e-01 -5.17508191e-02 -2.76041347e-02
 -7.39779991e-01 -8.40066564e-01  4.89445506e-01 -1.61113040e+00
 -1.85826322e+00  6.05678856e-01 -4.94770838e-01  8.74461615e-02
 -9.93260758e-01 -1.10236937e+00 -4.12699609e-02 -1.60127867e-01
 -3.34813291e-02  1.02014744e+00  1.56886819e+00  3.50561020e-01
 -2.14849574e-02 -1.83919785e+00  5.52301936e-01  9.22239636e-02
 -8.68276083e-02  3.43955929e-01  2.41588580e+00 -4.85255581e-01
  7.33698045e-01  1.78401203e+00  4.35049334e-02 -7.55129425e-01
 -1.00799142e-01 -1.66500664e+00 -5.91206216e-01  1.29573284e+00
 -7.90553816e-01 -1.13134353e+00  1.35178056e+00 -6.27110155e-02
  1.59218650e-01  1.05139948e+00 -9.15172205e-01 -5.61485629e-01
  1.70433736e+00  6.68142032e-01 -3.15557113e-02 -3.10243457e-01
  6.28118897e-01  6.35965350e-01 -5.13001960e-01  8.91272074e-01
 -3.15586190e-01  8.44221459e-01 -1.18877715e+00 -6.92440819e-01
 -2.44690928e-01  5.50218790e-01 -1.89829088e+00  5.09651299e-01
  1.46128483e-01  5.43837516e-01  1.51551576e+00 -6.80611852e-01
 -4.43780508e-01  9.60412384e-01 -1.16945541e+00 -1.91422767e-01
  8.57702621e-01  7.98397569e-01 -1.50169204e+00  1.18929219e+00
  9.21602547e-03 -1.07537425e+00 -2.56691647e-01  4.42708350e-01