-1.15320389e-02  2.74476417e-01  8.01981293e-01  2.91450369e+00
 -1.43306233e-01 -2.76773608e-02  1.29637124e+00 -1.12964749e+00
  7.13805115e-01  2.16493712e+00 -3.39510104e-01 -4.44997500e-01
 -1.88388286e+00  3.18832732e-01  1.06273112e+00 -1.36178600e+00
 -6.27255955e-01  7.02671113e-01 -8.19692317e-01  7.17286997e-01
 -1.01256139e+00  5.86050812e-01 -1.86731916e-01 -2.83038593e-01
 -2.29889647e-01 -1.32924812e+00 -1.07328007e+00  1.23863227e+00
 -1.58670130e+00  1.70687848e-02  1.56980857e+00 -2.85902516e-01
  3.22440094e-01 -5.48950712e-01  7.06286436e-01 -5.89263050e-02
 -1.23914471e+00  5.31271959e-01  1.51596879e+00  6.05213304e-01
 -9.07194928e-01 -6.33383631e-01  8.35402596e-01  2.18639997e+00
  3.15526520e-01 -9.61742873e-01  2.49245951e+00 -5.66195168e-02
 -2.36185349e+00 -8.30369985e-02 -2.44230738e-01  4.34047352e-01
 -2.00078256e+00  9.48182506e-01 -1.10728478e-01  1.68724720e+00
  3.61619484e-01 -2.42673110e+00 -6.33479868e-01 -4.09749038e-01
  3.11260025e-01  1.12230617e+00  5.09650322e-02 -5.46622421e-01
 -2.90412931e-02  8.78764375e-01  1.37520312e+00 -1.41691386e+00
  8.70109653e-01  9.74693353e-01  6.33622953e-01 -1.08430508e-02
 -1.31593282e+00 -1.06395202e+00  1.37833895e-01 -9.58729776e-02
  1.20240157e+00  1.10390157e+00  8.76901614e-01 -1.70444423e-01
  7.26657853e-01 -1.16090416e+00 -1.10728932e+00 -8.55626896e-01
 -3.02244665e-01 -6.02596694e-01  1.66109767e+00  8.58715646e-01
 -5.67277139e-01 -5.68009765e-01 -2.66786419e-01 -3.12371816e-01
  7.95333605e-01  5.74686601e-01 -2.10845329e-01 -6.93678661e-01
 -9.25607564e-01  5.39465077e-01 -7.29342679e-01  1.04580637e+00
  1.81313146e+00  1.28272931e+00 -6.30730544e-01 -4.96753436e-02
 -1.07296906e-01 -6.67776607e-01 -5.75037157e-01  1.94023453e-01
 -8.73804459e-01  4.00752982e-03 -5.67890600e-01  3.11061828e-01
 -1.21711399e-01  7.63243722e-01 -1.58482271e+00  2.30255359e-01
 -1.25609754e+00  1.03944651e+00 -1.73826498e+00 -3.81199027e-01
  8.67488789e-01 -2.46817101e-01 -6.22144714e-01 -1.63321648e-01
  2.44084269e-01 -2.42752280e-02  9.45994567e-01 -6.74961396e-01
  3.93181060e-01 -2.72661441e-01  6.00038415e-01  4.54934180e-01
 -1.31098100e+00 -7.94091124e-01  5.13768057e-01 -9.91619636e-01
  3.33392635e-01 -1.01506209e+00  1.07724642e+00 -1.34394577e+00
  1.55700302e+00  3.60393947e-01 -2.94950939e-01  2.19324286e+00
  9.36444742e-01 -1.41334445e+00 -1.54660361e+00 -6.71111844e-01
 -1.26637252e+00 -2.36305316e-01 -7.09322512e-01 -3.03786236e+00
 -1.83745071e-02 -9.43565181e-01 -1.80135261e-01  5.11367552e-01
 -1.74192173e+00  1.43088914e+00 -1.32943791e+00 -6.92308064e-01
  1.29603266e+00 -1.48311046e+00  1.24547627e+00 -1.04618289e+00
 -7.85477564e-01  9.72086137e-01 -1.46531807e+00  1.84856537e-01
 -1.30086751e+00  4.37713191e-01 -7.31916456e-01  7.24333885e-01
 -6.48674463e-02 -4.20278924e-01  1.41355050e+00 -1.40331934e+00
  1.17436730e+00 -9.66468034e-01  5.13410269e-01  3.73291972e-01
  4.55812562e-01  1.38297754e+00  1.64953597e+00 -7.47849896e-02
 -2.62929608e+00  4.27816927e-01  6.41819824e-02 -4.98781959e-01
  1.23348823e+00 -7.51636657e-02 -5.19487147e-01  8.35499436e-01
  9.77362193e-01 -5.14941429e-01 -1.14545362e+00 -7.28584970e-01
  1.13269207e-01 -1.48159916e+00 -7.55816079e-01 -1.95147170e-01
  9.25640691e-02 -1.64629198e+00  1.59696151e+00  1.81736876e-01
 -1.28601107e-01  1.08500604e-01  5.73429958e-02 -7.32267918e-01
 -1.51334124e+00 -9.16013472e-01 -3.83718467e-01  9.56523663e-01
 -8.64387643e-01  8.82979502e-01 -1.51181462e+00  7.24548537e-01
 -5.99931354e-01 -1.63371949e+00  4.23345136e-01 -1.06376013e+00
 -5.43855866e-01  9.60911641e-01  1.29557718e+00 -2.46005645e-02
  9.18157657e-01  5.77889667e-01  1.22397010e+00 -1.68340958e+00
 -7.83136183e-01 -9.91246976e-02  4.44483697e-01  6.34999572e-01
 -1.56500407e-01  3.25633533e-02 -4.24101600e-01 -1.97578490e-01
 -1.18252392e+00 -4.01132226e-01 -6.32394472e-01  1.41805132e-01
  6.74862481e-01  1.08464951e+00  5.91058454e-01 -1.23256831e-02
 -1.93665676e-01  3.13929938e-01 -8.96004455e-01  8.67033588e-01
 -1.28831960e+00  4.24029111e-01 -1.34420655e-01  4.75936788e-01
  1.80339151e-01 -6.88744634e-01 -3.37433467e-01 -2.81224806e-01
 -1.41611572e+00 -7.01616027e-01 -4.07198541e-02  4.00147026e-01
  3.69563087e-01 -3.77105981e-01 -6.39300454e-01 -2.05902285e-01
  2.17218606e-01  1.50149619e+00  1.23059814e+00  3.87658968e-01
 -5.62528030e-03 -8.11678164e-01  2.62292728e-01 -9.06541650e-01
  6.05484815e-01  1.47443513e-01  3.29754391e+00 -6.82267218e-01
 -1.01902784e-01  3.97138604e-01 -1.69665706e+00 -9.90884329e-01
  1.70836267e-01 -1.41548714e+00  1.25928026e+00  6.94106671e-01
 -1.48271960e+00 -4.41997293e-01  1.37793035e+00 -3.10460415e-01
 -1.16291563e+00  7.49399091e-01 -5.78399399e-01 -1.92349821e+00
  6.68579106e-01  8.15712857e-01 -1.73907942e+00 -3.96403486e-01
 -3.10415080e-01  1.41532627e-01  3.60217079e-01 -4.73905500e-03
 -4.91916517e-01  5.52163075e-02 -9.73736929e-01 -1.34916641e+00
 -1.61210521e+00  4.19483624e-01  6.51386937e-01 -7.01862988e-01
 -2.70213151e-01  1.58160539e+00  4.29140957e-01  1.00028297e+00
  1.14777308e+00  2.31400442e-01  2.39015479e-01  1.47691149e+00
  1.25245760e-01 -1.16166433e+00 -1.72026863e+00  2.38425040e-01
  1.25771418e+00  8.24792589e-01 -8.72679572e-01  2.59016561e-01
 -1.43070114e+00  2.86317104e-01  3.38041761e-01 -8.72810673e-01
 -1.64349562e+00 -1.92692336e-01  7.30755133e-02 -1.07554481e+00
  1.10395324e+00 -5.78445260e-03  1.22202570e+00  3.42457121e-01
  2.08281011e+00 -1.40887674e+00 -4.66308737e-01  1.22055645e-01
  1.22413311e+00 -2.32782744e-01 -1.19166684e-02  2.52955114e+00
 -1.62396338e+00 -1.95888624e-01 -3.59956419e-01 -1.08692658e+00
 -9.77779524e-01 -3.59036004e-01 -2.73548240e-02  3.32295912e-01
 -9.42419571e-01  1.32233759e+00  4.42885391e-01 -1.50586990e-02
 -4.80014835e-01  1.14965168e+00  2.02925263e+00  1.29892626e+00
 -5.73669596e-01  5.99136658e-01  2.03492847e-01  2.08730091e+00
  9.54248751e-01  6.20578903e-01  7.28718051e-01 -2.13058934e+00
  9.37635625e-02  4.01756561e-01  9.64709838e-01  2.44450306e-01
  4.44870433e-01 -1.08520410e+00 -2.98912151e-01 -1.00451295e+00
  8.64676436e-01 -2.89716707e-01 -6.31880219e-01  5.10277930e-02
  9.94377051e-01  1.51828479e-01 -5.74711107e-01 -3.32192630e-01
 -1.45181083e+00 -1.86306571e+00 -1.31680974e+00 -5.81237169e-01
 -1.99650090e-01  3.06154686e-01 -1.10978940e-01  4.79148978e-01
  8.55308380e-01 -7.31529408e-01  2.88200005e-01 -2.15034067e+00
 -1.67439123e+00 -9.49745957e-01 -8.29789700e-01 -9.85752913e-01
  7.98517705e-01 -8.02146334e-01  5.56717543e-01  9.86344144e-01
 -2.60614972e-01  1.39068208e+00  2.28649224e+00  3.77377144e-01
 -3.02175130e-01  1.32395573e+00  4.64272888e-01  1.71745905e+00
 -7.39620349e-01 -3.45041179e-01  8.88285560e-01  1.40825693e+00
  6.27434013e-01  7.55873731e-02  3.49050194e-01  6.92128308e-01
 -5.02581744e-01 -2.00065134e+00 -2.02523072e-01 -1.32497150e-01
  1.28287553e-01  1.31022436e-01  2.17301153e-01 -2.30669743e-01
 -1.12282409e+00  1.16155229e+00 -1.16585689e-01  1.66573270e+00
  1.78929406e+00  1.01337066e+00 -2.52013285e-02 -8.80533362e-01
  1.59233045e-01  8.64497612e-02  1.87533966e+00  1.86824385e-01
  5.98892955e-03 -4.67650689e-01 -7.07328510e-01 -2.50188964e-02
 -9.41895390e-01  6.87643687e-01 -1.79046346e-01 -7.00691659e-01
 -6.37486957e-01  8.82347085e-01  4.59872870e-01 -1.06588311e+00
 -1.41524586e-01 -1.07912092e+00  5.50455408e-01 -9.61938851e-01
  7.01865772e-02  2.81091376e-01 -9.94097861e-03  4.37611418e-01
 -4.59959618e-01  1.33857442e+00  2.40926958e+00 -5.21119735e-02
  6.78645605e-01  9.95909678e-01 -2.38565226e-02  1.59536008e+00
  1.22327281e+00  6.57449159e-01 -1.01548603e+00 -8.56762570e-01
 -3.33906900e-01  1.90273565e-01  9.77164569e-01 -4.98857077e-01
 -1.65461668e-01  1.98072046e-02  3.27792394e-01 -3.37166136e-02
  6.46740761e-01  2.65728055e-01 -8.61308726e-01  7.09063721e-01
  1.38887609e+00 -2.04782247e-01  5.99017581e-01 -1.18460030e+00
  3.78140297e-01 -2.01429591e+00  1.12766676e+00  6.49104873e-01
  1.88587988e+00 -1.17136692e+00  1.37751895e+00 -2.83093536e-01
 -7.44021872e-01 -3.19042682e-01 -5.01884092e-01  2.09168033e+00
  1.90782666e-01  1.44604371e+00 -4.78327926e-01  8.85620885e-01
  1.63824099e+00  5.26715247e-01  1.46460576e+00  9.60956986e-01
  1.37900427e+00 -1.64424310e+00 -7.02179413e-01 -5.73600724e-01
  5.95636844e-01 -1.36665117e+00 -1.18215047e+00 -5.72236332e-01
  2.68518313e-01  1.24453834e+00  1.92913862e+00 -5.50032763e-01
 -1.44649390e+00 -6.13657427e-01  1.99151483e+00 -6.36349182e-01
 -8.20491274e-01  4.00664148e-01  2.38081606e-01  5.93838084e-01
  6.90575907e-02 -3.58856943e-01  2.01709235e+00 -1.18399964e+00
  4.50259022e-01 -4.14555511e-01 -3.90481291e-01  1.42764621e+00
 -4.31609267e-01 -9.26930692e-01  9.29076168e-01  9.89302807e-02
 -1.97878912e-01  9.94202263e-01 -1.24567071e+00 -1.01253233e+00
  5.94249203e-01 -1.80857010e+00 -4.32528951e-01 -1.15759599e+00
 -8.91978527e-01  2.79497616e-01 -4.79243697e-01  3.61551763e-01
 -1.19921941e+00 -3.45975278e-01  1.45433427e+00 -3.69339545e-01
  4.16319428e-01 -7.60988656e-01  4.21537398e-01 -1.31471002e-01
 -1.34989232e+00  5.66441330e-01  2.25126071e+00  3.73976761e-01
  2.22346766e+00  7.21387157e-01 -1.01325190e+00  4.66853959e-01
  1.64040523e+00 -3.74064379e-01 -1.05032896e+00 -5.29002502e-01
  1.46833668e+00 -9.01992312e-01 -4.47389598e-01 -8.88011527e-01
  7.45709911e-01 -7.78463161e-02 -3.02308975e-02  1.73600865e-01
 -5.36599733e-01 -7.65670534e-01  9.12326580e-01 -7.11166950e-01
 -2.44385995e-01  8.88950684e-01  1.71793810e+00 -3.50652837e-02
  5.90638770e-01  1.18738079e+00  3.47200157e-01  1.45330020e-01
  9.48758445e-01 -9.71738476e-01  5.17674152e-01 -1.54185282e-01
 -7.69814465e-01  4.85284902e-01  8.11513114e-01  4.86977547e-01
 -4.58475131e-01  7.90148930e-01 -1.85442044e+00  3.50321998e-01
 -1.41251594e-01  5.17253189e-01 -3.84300701e-01  6.63534137e-01
  1.97994128e+00 -2.36866141e-01  5.52641000e-01 -1.64281760e+00
  9.22437534e-01 -6.44699134e-01 -7.31165347e-01  1.27788833e+00
 -2.28017986e+00  6.08122014e-01  1.35639375e+00  1.55060282e+00
 -4.93535718e-01  2.13862701e-01  1.29117694e+00 -9.27732625e-01
  5.71154587e-01  1.11123811e+00 -7.09163504e-01 -2.67577497e-02
 -6.90839546e-01  5.88904448e-01  8.30537087e-01 -9.71824565e-01
  3.65513851e-01  4.85766167e-01 -1.35642546e+00 -7.42853777e-01
 -1.41322913e+00  1.03396944e+00 -3.46371072e-01 -6.21287180e-01
 -1.34909060e+00  7.85546610e-02 -7.06715134e-01 -4.22550137e-01
 -1.20425366e+00  1.67196840e+00  7.34146459e-02  8.72650713e-01
 -6.71592401e-02  1.13662341e-01  5.22456260e-02 -7.09718532e-02
 -8.46113549e-01  1.20887584e+00  4.44570014e-01  1.07144072e+00
  1.20605166e+00 -2.00971123e-01 -8.63478941e-01  5.43303261e-01
  3.53654006e-01 -1.01038177e+00 -1.26333597e+00  4.41486023e-01
 -1.12769888e+00 -2.41825882e+00 -5.32780246e-01  9.02342447e-01
  1.03789029e+00  5.54753308e-01  1.04077251e-01 -7.16842418e-01
 -8.60223834e-01 -5.15951742e-01 -1.56339839e+00  1.76053576e+00
 -5.96387456e-01 -3.33483801e-01 -1.77619664e+00  3.60866693e-01
 -1.63324654e+00  8.11171058e-01 -2.16899221e-01 -1.48588822e+00
 -4.10917460e-01  1.90229615e-01 -7.66550522e-01 -1.21150915e+00
 -1.74659865e-01  1.32381426e+00  9.58186243e-01  1.41291065e-02
  5.79203750e-01  6.30245053e-01  8.86561868e-01 -1.30252802e-01
  3.70874015e-01  4.33446310e-01  1.08849241e+00  4.17323341e-01
  1.42669858e+00  1.30670103e-01 -5.65186489e-01  8.65518751e-03
  1.17118497e+00  9.31977081e-01  2.38046612e-01  4.81503685e-01
 -9.12966023e-02 -5.57027438e-01  1.23273729e+00  8.63291190e-02
  6.09149422e-01 -3.52317074e-01 -6.01875090e-01  7.82618627e-01
 -7.89147011e-01  1.00582721e+00  1.75785650e+00 -6.59902654e-01
  9.75641241e-02 -3.21566947e-01  1.69066585e-01  2.01144100e+00
  6.16700584e-01 -1.05695200e+00 -8.21984508e-01 -1.46896325e+00
 -1.67354386e+00  1.34403633e-01  1.25666795e+00 -5.56734936e-01
  4.14971137e-01  6.45551616e-01 -8.00694854e-01 -1.47437386e-01
 -7.19740563e-01 -1.63331972e+00  1.09909475e+00 -4.03422670e-01
  8.13974344e-01  2.44896312e-01 -2.07017399e-01 -7.58596584e-01
  2.23304227e-01 -4.04977776e-02 -4.03716748e-01 -4.93898333e-02
 -5.65071252e-01 -2.69272878e-01 -1.31036006e-01 -8.34826974e-01
  4.38985827e-01 -9.25466319e-01  1.37969833e+00 -2.44874687e-01
  1.24073115e+00  2.19643427e-01  2.87689715e-01 -6.50306241e-01
 -1.14199491e+00  8.91575693e-01 -3.47482010e-01  1.43296950e+00
 -1.15821726e+00  1.66659160e-01 -3.09247314e-01  1.73306313e-01
 -4.68019528e-01 -7.46877240e-01  6.81993254e-01  2.22342292e+00
 -7.72723323e-01 -6.91006221e-01 -6.48202975e-02 -7.02282412e-01
 -1.06868382e+00  9.13862635e-01  1.39508230e+00 -2.14809190e-01
  1.11486114e+00  1.69938070e+00  1.78068903e+00  2.23003072e+00
  1.93792873e+00 -2.90809775e-01 -6.68101909e-01 -3.95195866e-02
 -1.04375898e+00  1.31755694e+00  1.15017488e+00  9.92403033e-01
  1.75651403e+00  1.17107473e+00  1.37689206e-01 -7.90221414e-01
  6.25878921e-01  7.34714670e-01  8.58902452e-02 -2.51733093e-01
  5.63210042e-01 -1.22253500e+00 -2.17291101e-02 -7.16787188e-01
 -5.05516618e-01  6.13578913e-01 -2.40270779e+00 -1.04679099e+00
  8.31294219e-01 -7.34698024e-01 -4.87737157e-01 -1.39144488e-01
 -9.90131019e-01  1.20774950e+00  3.68720369e-01  2.90017267e-01
  5.35101845e-01 -4.91340329e-01  4.09129835e-01  1.14178724e+00
  2.10248213e-01 -6.53988517e-01 -4.51953893e-01  9.66135936e-01
 -5.26423125e-01  5.25242650e-01 -1.43482852e+00 -7.22217773e-01
  1.03688702e+00 -1.31900325e+00 -1.08591343e+00 -9.16980807e-01
 -6.22698348e-01 -4.76202513e-01 -1.45850467e+00  9.30436441e-01
 -7.44251304e-01  1.72757293e-01  1.21155527e-01  8.41240627e-01
 -5.80469794e-01 -1.89631661e+00 -1.05003689e+00 -1.69445900e+00
  2.28967081e-01 -1.73084059e-02  3.39342404e-01  9.63536910e-02
  4.84295678e-01 -3.54418513e-01 -1.01258762e+00  2.43148223e+00
 -1.30166729e+00 -1.80427081e+00  9.29016445e-01 -4.25382406e-02
 -3.88269648e-01  2.95568271e+00 -8.70853837e-01  5.83696478e-01
 -1.77438272e-01 -5.48248238e-01  4.85069029e-02  2.34476812e-01
  8.08354627e-01  3.19142419e-01 -4.52311368e-02  9.32248064e-01
 -6.12383198e-01 -2.63241657e+00  1.14838885e-01  8.37613778e-01
 -1.55995522e+00  4.31680297e-01  5.62369304e-01 -6.61346625e-01
  2.08921352e-01  4.89994974e-02  2.43830964e-01 -1.89706703e-01
  2.55496324e+00  8.18045769e-02 -5.31702630e-02 -7.75047523e-01
  4.87677397e-01 -2.17631079e-01  4.17847743e-01  3.54293028e-01
 -7.74783158e-01 -7.75783641e-01 -1.45624777e+00  7.56718192e-01
 -5.58841876e-01 -6.90772216e-01  7.12833875e-02 -2.08524848e-01
  1.75586624e-01 -7.03923180e-01  8.61247112e-01 -4.77991840e-01
 -2.26361205e+00  4.97535710e-02 -1.75891542e+00  3.00436207e-01
 -6.41529917e-01  4.42994297e-02  2.32167270e+00  4.70276555e-01
 -1.91711576e-01  1.96183786e-01 -4.76109791e-01  1.45050836e+00
 -1.42675579e+00  5.24151940e-01  6.53225792e-01  5.24282024e-02
 -7.58142328e-01  4.38687604e-01 -8.76437031e-02 -1.15764181e+00
 -7.64700934e-01  1.32137877e+00  2.59327100e-01  1.30909690e+00
  2.00773064e+00  6.39726678e-01 -8.52682981e-01  8.83257679e-01
  4.40507229e-01 -2.40259026e-01  1.90481921e+00  1.22680580e-01
  2.28591861e-02 -7.26992778e-01 -1.99166148e+00  7.01122475e-01
  3.79659011e-01  2.53434973e-01 -3.26089173e-01 -2.82679077e-03
  2.43024411e-01 -1.71259977e+00 -4.31391403e-01  2.22586257e-01
  4.86123945e-04  2.99881126e+00  8.68514144e-02  1.51324088e-01
  1.29278378e+00  1.43223491e+00  1.12024028e+00  5.73299552e-01
  3.65561006e-01  3.99155995e-01  5.76822390e-01 -6.67054179e-01
 -6.33314407e-01 -1.03448159e+00 -1.30516011e+00 -1.95067786e+00
  1.27193883e+00  4.46066845e-01 -2.02349297e+00  9.06085358e-02
 -7.98657622e-01 -8.64954862e-01 -3.90368828e-01 -1.79462731e-01
 -2.76164103e-01  1.50171355e-01  1.06663009e+00 -2.44092172e-01
 -3.04584019e+00  4.32003138e-01  1.00427910e+00 -2.57312822e+00
 -8.37602637e-01  9.72036214e-01 -1.30335003e+00 -1.23600961e+00
 -2.91311942e-01  1.01088097e-01 -1.87686500e+00 -1.20537790e+00
  6.04044899e-01 -5.34440181e-01 -5.57829694e-01 -2.20098997e-01
  7.21470242e-01 -1.09578149e+00  1.07446612e+00 -1.57755080e+00
  2.34379887e-01  3.07752013e-01 -2.07900150e+00 -2.06301400e-01
  2.10105204e-01  7.12981597e-01 -1.76963168e+00 -2.26504532e-01