-1.88686100e+00  7.11643490e-01 -6.20716944e-01 -3.21827711e-01
  2.23727843e+00 -6.34001834e-01 -1.64045845e-01  5.99031364e-01
 -3.62042597e-01 -7.72294554e-01 -1.71340194e+00  4.98453455e-01
  8.60891230e-01  2.66740380e-01 -2.15909224e-01  3.54596966e-01
 -6.04133414e-01 -5.50334378e-01 -5.34240529e-01  7.92299245e-01
  2.26680911e+00  8.21210504e-01  3.54201212e-01 -1.41285052e+00
 -4.47189260e-01  2.00025171e+00  1.18651737e+00  1.02550718e+00
  2.20999206e-01 -4.04098660e-01 -2.77683755e-01 -6.71788182e-01
 -1.76018459e-01 -8.20113006e-01 -2.95811419e-01  9.89269227e-01
 -4.63466535e-01 -8.72816428e-01  8.07648375e-01 -1.31452946e+00
  4.10231024e-01  1.10391998e+00 -7.21094142e-01 -5.56598122e-01
  8.33732136e-01 -2.04260367e+00  2.80514668e+00  1.57822465e+00
  1.02286303e+00  1.05447255e+00  1.29884878e-01  1.09336904e+00
 -2.12515832e+00  2.91075907e-02  1.32375040e+00  5.46733326e-01
 -1.15356802e+00  2.78790621e-01 -5.30525903e-01 -5.98645520e-02
 -1.76682694e+00 -3.69977100e-01 -4.57469071e-02  7.77499201e-01
 -9.43302457e-01 -5.10612757e-01 -3.74136968e-01  5.67066590e-01
  1.30117985e+00 -9.04995440e-02 -2.71986196e-01  1.69300307e+00
 -1.95758574e-01  1.06497025e+00  1.18238649e+00  2.59833792e-01
  1.31520103e+00 -2.20653728e+00  5.38445427e-01  1.01074556e+00
 -1.19553211e+00 -8.88431829e-01 -1.11508771e+00  6.77974533e-01
  1.32141134e+00 -2.83843322e-01 -1.43441120e+00 -5.94557194e-01
  1.47776287e-01 -4.28909640e-01 -1.31071202e+00  3.35034268e-01
 -2.30577020e-01 -3.44349985e-01  7.55557280e-01  1.05425410e+00
 -1.76124251e+00 -8.37912537e-01  2.80634142e-01  1.09834098e+00
 -1.57799017e+00  6.77255144e-02  6.40374609e-01 -1.14325711e-01
 -7.35738672e-01 -1.28938391e+00  5.56131945e-02  1.82771890e+00
  6.88916814e-01 -2.02365175e+00 -1.31946154e+00  6.77139460e-01
 -9.48044762e-01  1.08523047e+00  4.85886556e-01  1.22866567e+00
 -1.51980031e+00 -1.83534647e+00  1.25093241e+00 -1.72780491e-02
 -2.01551013e-01 -2.94841108e-01 -4.78395067e-01 -2.52013362e+00
  1.17162094e+00  4.87622853e-01  1.11948582e-01 -2.02121446e-01
  2.00340376e+00  2.85368133e-02  1.72063686e+00 -1.85167649e+00
 -2.94365723e-01 -1.43357758e+00  1.71183603e+00 -7.67608810e-01
 -4.20367959e-01 -5.12493200e-01  1.38423456e+00  1.03427803e+00
 -8.28365673e-01 -1.55558664e+00  3.22710794e-01 -3.29659430e-02
 -2.81514557e-01 -1.79010502e+00  1.26229239e-01 -8.40346383e-01
  4.10090953e-01  7.52189925e-02  4.80578931e-01 -1.59467723e+00
  1.37987794e+00 -7.89140876e-01 -1.62127626e-01 -1.03089988e+00
  1.73088561e-01  8.33042755e-02  1.85713547e-01  8.92085174e-01
 -1.38263020e+00  2.13169184e+00  1.10477312e+00  1.47419550e-01
 -6.37331936e-01  8.22742372e-01 -1.12201071e+00 -1.29331470e+00
  7.22528164e-01 -1.24854797e-01 -1.14702035e-01  1.64893541e+00
 -3.22401159e-01  1.86050205e+00 -7.77313836e-02  1.36320298e-01
  2.33055166e-01 -6.89004826e-01 -8.20238230e-01  1.29688236e+00
  1.15592399e+00 -1.04418592e+00 -8.98178581e-01  6.25591423e-03
  7.75258431e-01 -2.81624935e-01  1.21384462e+00 -1.12878340e+00
  4.65732207e-01  2.08327425e-02  4.03741692e-01 -9.19138946e-01
 -5.50205740e-01 -2.15275853e+00  1.39449939e-01  5.76544764e-01
  8.09880873e-01 -1.71905803e-01  5.82381930e-01  1.18931351e+00
 -1.85619542e+00 -6.53945805e-01 -8.17320440e-01  1.61802279e+00
 -9.44707193e-01  9.40914840e-01  4.17202607e-01 -2.56958904e-01
 -8.35396261e-01 -1.01049095e+00 -6.13889185e-01  3.04065542e-01
 -6.20589877e-01  8.87533088e-01  1.41208443e+00  6.01645192e-01
  4.19023971e-01 -2.67837844e-01  1.29744504e-01 -8.46093855e-01
 -1.43526224e+00 -4.72131750e-02  9.66168289e-01  6.44803699e-01
 -7.89310378e-01  7.24829903e-01 -1.45799173e+00 -1.15712701e+00
 -9.51511764e-01 -6.45470782e-01 -7.16408345e-02 -2.67075929e-01
 -9.62185907e-01  5.23897932e-01  8.98237958e-01  2.34726266e-01
  1.10262972e+00  2.26289123e-01  1.31409874e+00 -5.36930102e-01
 -3.77373665e-01  1.18605778e+00 -8.18362617e-01 -6.46245242e-01
 -1.53362652e+00  2.08651375e+00 -1.18951911e+00  1.30112931e+00
 -4.91470225e-01  3.28151062e-01 -2.87305703e-01  6.05589948e-01
  5.08941000e-01 -7.94847016e-01 -2.78211177e+00  6.69911978e-01
  3.19445144e-01  1.60616090e+00 -1.47973051e+00  1.92566412e+00
 -1.61205760e+00  2.10014392e-01  2.51698313e-01  1.54856728e-01
 -2.51216561e-01  5.37412600e-02 -2.79236408e-02 -1.07426040e+00
  3.71090923e-01  9.03317873e-01 -9.40497669e-01  7.21681205e-01
  2.23853705e+00  6.62015848e-02  1.00456016e+00  1.64858545e-01
  4.12696109e-01  2.80235799e-03  1.90637704e+00  6.49045647e-01
  1.63027383e+00  4.79303443e-01  1.59323770e-03 -2.28224461e-02
  1.36484549e+00  1.46592567e+00 -1.28348205e+00 -1.25963795e+00
  7.63129566e-01  4.30877477e-01  4.61980525e-01  3.71799674e-01
  5.35533530e-01  2.02214703e+00  2.61753800e-01 -3.06394423e-01
  3.48395890e-01 -4.01296733e-01  1.03336566e+00 -2.89210012e-01
 -8.83272312e-01 -7.39961273e-02  3.39422323e-01 -9.07533900e-01
 -5.74253394e-01  1.03827516e+00  2.11061009e-01 -7.94941814e-01
 -6.67099391e-02 -1.80969748e+00  1.73415386e-01 -1.98322301e+00
  1.38394194e+00  1.32455668e+00  2.17604501e+00  1.66989182e+00
  1.39738347e+00 -7.46867084e-01 -2.71178796e+00 -7.67269263e-01
 -1.64138874e+00  8.30094365e-01  6.58695881e-03  1.48801563e-01
 -5.72970913e-01 -1.77190593e+00  1.11491529e+00 -1.08492834e+00
  4.51322767e-01  9.13104554e-01 -3.32898833e-01  1.08050063e+00
 -1.57315771e-01 -3.27650294e-01 -1.03526739e+00 -2.31728340e+00
 -1.83249952e-01 -6.97944345e-01 -5.74689190e-02 -2.04523199e-01
 -1.27977083e+00  3.34214440e-01 -3.39915088e-01  2.17135427e+00
  5.09977910e-01  9.62304624e-01  7.37934900e-01  1.80642360e-01
  7.05819931e-01  2.09413680e-01 -1.52020029e-02  3.32165657e-01
 -5.08568486e-01  8.81494885e-01  5.79601120e-01 -1.32390549e+00
 -6.08890406e-01  9.93292039e-01 -1.43483248e+00 -1.49004426e+00
 -3.91773266e-01  1.33956626e+00 -2.22670837e-01 -2.07992952e-01
 -1.34182706e+00  4.56441533e-01 -6.16586993e-01  1.13616032e+00
  3.81813529e-01 -1.92671855e+00 -8.02645092e-01 -4.83217887e-01
 -2.08112878e+00 -4.08886976e-01 -1.31156772e+00  5.38238769e-01
  1.36109799e-01  3.23755991e-01  5.14455738e-01  3.89012081e-01
  8.51504074e-01  1.08370777e+00  7.32560192e-04 -1.47415868e+00
  8.11294001e-01  1.62822644e+00 -8.59810184e-01 -8.14207103e-01
 -4.63609785e-01 -4.73136308e-01 -1.34761888e-01  4.06344766e-01
 -5.32325105e-01 -6.62237603e-01  1.18754530e+00 -1.16357577e+00
 -1.12866846e+00 -1.46143543e+00 -2.78651997e-01 -1.10166799e+00
  1.71904328e-01 -7.59150015e-01  6.21252082e-01  7.47089039e-01
 -1.03835779e+00 -1.02782034e-01  4.32864943e-01  8.91500823e-01
 -1.42382619e-02 -2.03728659e-01  1.13872204e+00  1.15435345e-01
  8.15498564e-01 -7.29992966e-01  7.11259746e-01  1.64106907e-01
 -2.52657743e+00 -8.85358569e-01  7.28620908e-02 -1.63108401e+00
 -2.28448630e-01 -4.32275107e-01  8.38280377e-01  1.77159097e+00
 -4.23486783e-02  2.52317744e-01  3.46629665e-01  1.96569308e+00
  1.23115007e+00 -8.15540222e-01 -5.07855867e-01 -1.76388276e+00
  3.43529179e-01  1.74915014e-01 -7.26682570e-01  9.69602147e-01
  1.88012950e+00  6.12005488e-01 -1.37002664e+00 -1.05783087e+00
 -5.04301608e-01 -5.72503824e-01  9.61189853e-03 -5.48284008e-01
  1.67500153e-01 -1.32832737e+00 -3.75950755e-01  6.48673699e-01
 -5.97052645e-01  5.77148829e-03  9.34322262e-01 -6.32481883e-01
 -8.68954336e-02  7.72952609e-01 -1.12269965e+00  6.56837689e-01
  6.29838569e-01  8.55028428e-01  4.42528278e-01  5.26797722e-01
  3.41804511e-01  9.01877504e-01  3.60906182e+00 -1.24717533e+00
  5.23691910e-01  4.60277340e-02 -9.03038588e-01 -1.16500219e+00
  1.19514690e+00 -9.35885093e-01 -1.52377142e+00 -3.36323665e-01
 -1.11012866e+00 -2.65611193e-01  2.16393391e+00 -3.81101145e-01
 -1.49799575e+00  2.13870219e-01  1.32030007e+00  6.28608583e-01
 -6.57780327e-02  4.24686520e-01  8.82630707e-01 -1.04989367e+00
  6.81235737e-01  4.53034718e-01 -1.04469603e-01 -1.23938619e+00
 -2.61446659e-01 -1.03519167e+00  7.19983066e-02  1.21000312e+00
  1.33338811e-01  6.27392477e-01  6.46348285e-01 -1.51840803e-02
  6.24790466e-01  2.76867655e-01 -2.97356551e-01 -6.02957976e-01
 -9.58197020e-01 -2.61490288e-01 -2.20231963e-02  1.21564318e-01
  4.98560926e-01  2.16823410e+00  4.90378668e-01  8.87758123e-02
  2.01996273e-01 -2.84888134e-01 -4.58448617e-02  8.74916447e-02
  1.28479750e+00 -5.12393402e-01  1.05108692e+00  1.76411180e+00
  6.06603351e-01 -5.85114997e-01 -2.88175502e-01  2.82609742e-01
 -1.05606118e+00  5.29406316e-02 -6.21275764e-01 -6.03174019e-02
 -4.32702325e-01  1.61083238e+00  1.02700259e+00 -1.43436142e-02
  1.64301640e+00 -6.06825674e-01  2.87908535e+00  4.96027317e-01
 -2.91035089e-01 -1.25493243e-01  1.17106683e+00  8.48686310e-01
  1.05292133e+00  1.23424417e+00 -2.71065486e-02 -1.14172028e+00
  1.05821441e+00  4.14310225e-01 -1.63984630e+00 -1.80256971e+00
  8.80655132e-01 -1.09557322e+00  7.00261433e-01  1.17919224e-01
  3.71369077e-01 -1.45811667e+00  1.35395880e-01  2.22924815e-01
 -6.55895711e-01  4.29716359e-01 -1.08170363e+00  1.37680267e+00
  1.45372239e+00  7.82109595e-02 -4.99905110e-01 -2.68317442e-01
 -2.32068470e+00 -1.37316390e+00  4.52877648e-01 -5.93768176e-01
 -4.00946050e-03  9.27017973e-01 -2.90002309e-01 -1.34087458e+00
 -8.81804313e-01  1.30790316e+00 -9.09455102e-01  8.47370658e-01
  3.86721379e-01  7.04712159e-01 -3.84270346e-01  2.25296417e-01
  1.19725814e-01 -1.14426869e+00 -7.11484214e-01  1.52028761e+00
 -8.65765524e-01 -1.02263005e+00  1.17589196e+00 -7.40860174e-01
 -2.28436668e-01 -5.41805794e-01  7.83464923e-03  1.08880257e+00
  7.98859403e-01 -7.96485983e-01  1.10394738e-01 -7.35483174e-01
  2.82778159e+00 -7.23953888e-01 -1.43922787e+00 -8.43294790e-01
 -2.40047847e-01  5.12086690e-01 -7.80816209e-01  6.39024435e-01
 -7.88347050e-01  2.93429142e-02  1.69269176e+00  1.91515096e-01
  8.12752995e-01 -3.83134257e-01 -1.34563919e+00  1.70222752e-01
  1.87904707e-02  9.00913628e-01  2.30411569e+00  1.25812011e+00
 -5.17386996e-01 -9.25586518e-01  2.55356256e+00  1.55491248e+00
  7.25752187e-01  1.31317797e+00  4.56351567e-01  8.28804748e-01
  8.56564910e-02 -2.10647018e+00  1.65673434e-01  9.76587873e-01
 -7.77837098e-01  9.35776365e-02 -1.24087442e-01  5.44078245e-01
  5.75940074e-01  1.46079595e+00  1.94660924e+00  3.97959961e-01
  1.18582177e+00  1.21483010e-02 -1.16263185e+00  4.47071939e-01
  1.00418105e+00  2.02541999e-01  4.87203566e-01  8.73062449e-01
  1.21319604e+00  2.26662601e-01 -9.92385962e-02  2.30787099e-01
 -4.12964916e-01 -2.30603435e+00  1.85379106e+00 -1.20031071e+00
  3.68709850e-01  3.66339853e-01  3.79550598e+00 -5.45049160e-01
 -1.56782056e+00 -1.52970649e+00  3.47544937e-01  1.66189140e+00
 -1.02278504e-01 -4.07897846e-01 -1.36772928e+00 -1.35831101e+00
  8.74000580e-01 -3.33330420e-02 -1.76759542e+00  6.31668855e-01
  1.78178561e+00  2.11533213e+00  5.31525560e-01 -3.15419856e-01
  7.85939764e-01  1.57342044e+00 -2.27046803e-01 -2.69724123e-01
  2.57166623e-01 -5.81854034e-01  2.67421655e-02  1.19684175e+00
  5.70347178e-01  1.03573022e-01 -5.81606776e-02 -5.15074624e-01
 -2.35009118e+00 -3.16424129e-01  8.42228361e-01 -1.24403807e+00
  1.29454611e+00  3.86017743e-01  1.26240955e+00 -1.17263613e+00
 -3.38940818e-01 -5.20693005e-01 -8.67883526e-03  4.82448103e-01
  4.07380331e-01  7.51021456e-03 -9.91620807e-01 -1.40907133e-01
 -3.24951173e-01 -2.99530747e-02  4.48116970e-01 -1.58252386e+00
  1.69385652e+00 -1.17250941e+00  1.08570022e+00  9.12059063e-01
  1.19143518e+00  1.03123417e+00 -4.57965476e-01 -1.99735225e+00
  7.89904933e-01  6.59701595e-01  6.87138325e-01  1.49575105e+00
 -5.01498731e-01 -4.30960879e-01  1.47368329e+00 -4.10738418e-01
  1.36813772e+00  7.37393329e-02 -1.86825963e+00  7.48174517e-01
  1.92583293e+00 -7.74537073e-01  1.09699263e+00  8.87615398e-01
 -3.10422587e-02  1.38541034e-01 -1.89460839e+00  4.08220767e-02
 -2.80427905e-01 -6.53674206e-01 -2.08086063e-01 -2.10712397e-01
 -7.65936671e-01 -1.34319170e+00  5.42423944e-01 -1.61946190e-01
 -1.01267320e-01  1.06220061e+00  1.06002481e+00 -2.62915549e-01
  5.45581185e-01 -7.28636371e-01 -7.60823807e-01 -2.13176210e+00
 -8.79483415e-01 -1.33820798e+00 -1.54746516e+00  1.32031450e+00
 -9.26491439e-01  4.00434020e-03 -6.26012047e-01  1.83579197e+00
  7.17793036e-01 -9.58839547e-01  3.32004430e-01 -4.05544723e-01
 -2.27771644e+00 -1.16658063e-01  7.10205248e-02 -7.85688509e-01
 -3.46761519e-01  1.39052229e+00 -9.21252591e-01  1.89906738e-01
  1.95359494e+00 -2.24991503e-01 -1.04900522e-01 -7.64668156e-02
  8.77394798e-01 -1.70610553e-01 -1.06731354e+00  2.64210115e-01
 -6.19339916e-01 -8.05777330e-01 -1.37038277e+00 -4.94079353e-01
  1.48597900e+00 -2.28374342e+00  3.92353604e-01 -4.31538590e-01
  9.48200103e-01 -1.34159696e+00  1.84945855e-01 -1.44792542e+00
  1.23511788e+00  1.31112820e-01  7.94081164e-01 -4.45671819e-01
  3.60869281e-01  1.24769331e+00  1.62462468e+00  4.30995655e-01
 -1.26155436e+00 -1.71176620e-01 -1.28573379e+00 -2.09045299e+00
 -5.30196854e-03 -1.40828907e+00 -2.91783021e-01  1.22086725e+00
  8.60802463e-01 -2.31492419e-01 -5.48018003e-01 -3.11672086e-01
  9.85960510e-01  3.73112051e-01 -7.30843411e-02 -2.47439634e-01
 -7.97149073e-01  1.03905199e-01 -2.47819215e+00  3.05613488e-01
  2.06243257e-01  3.29675106e-01  8.51074795e-01  4.42715150e-01
 -6.94736597e-01  1.25948271e+00  2.01733069e-01 -1.05772355e+00
 -4.94679832e-01  1.11942044e+00  7.21329182e-01  6.83839868e-01
 -3.55516144e-01 -5.11388367e-02  5.81402284e-01 -1.21245209e+00
 -5.74145352e-01 -3.47333397e-01 -2.15370846e+00  1.20212645e+00
  2.50639192e-01 -4.09669728e-01 -2.50955827e-03  1.61532819e+00
  8.02638494e-01  1.18518824e+00 -1.39743863e+00  6.51483727e-01
 -8.17770963e-01  1.56688682e+00 -1.39287952e+00  7.69315371e-01
  3.44306438e-01 -3.84724955e-01 -5.40656522e-01  5.35552996e-01
 -1.33586322e+00  7.07636379e-01  8.51910383e-01 -7.70408270e-01
  1.67447842e+00 -8.32840217e-01 -8.08537198e-01 -1.29382922e+00
 -1.00300992e+00  1.90301149e-01 -4.17447158e-01 -4.50521112e-01
 -5.58733284e-01  6.34927161e-01  2.41001350e-01 -1.02526822e+00
 -1.32639539e+00  6.99181724e-01  3.91137449e-01  1.22805678e+00
  1.98030984e+00 -1.15514853e-01  1.97481618e+00 -1.14074270e+00
  1.03042695e+00  5.70943432e-01  1.39728684e+00 -9.11705765e-01
 -5.24348060e-01  5.05242144e-01 -1.04437871e+00  1.02573334e+00
 -2.80757569e-01 -1.71915309e-01  2.84672166e-02  1.53154966e-01
  1.27455477e+00  9.98360966e-01  5.09024945e-01  1.23004698e+00
 -4.60215817e-01  9.52402291e-01 -1.55056515e+00  1.02302042e+00
 -1.70283974e+00 -1.87503582e-02 -1.34810948e+00 -7.94103207e-01
  8.51091082e-01 -7.26588790e-01  1.28922351e-01  4.30495532e-01
 -1.90762384e+00  6.14705143e-01  2.10723206e+00  8.47541552e-02
  9.92849001e-01 -8.46888475e-02 -2.21191598e+00  1.02429492e+00
 -2.20053789e-01 -9.04331682e-01 -9.70356349e-02 -1.81207123e+00
 -6.46478453e-02 -9.96692268e-01 -2.31402410e+00 -8.07672845e-02
  3.37699961e-01 -2.40321327e+00 -2.25798286e-01 -8.11788199e-01
 -1.64059254e+00  1.43973457e-01  8.67272022e-01  9.41569127e-01
  1.36165070e+00  3.23780349e-01  5.59316780e-01  9.24356197e-01
 -2.09141599e+00  7.85684030e-01 -6.77449795e-01 -5.96876280e-01
  1.02007027e+00  8.56726030e-01 -7.98043759e-01  2.87526944e-01
  1.08563708e+00 -9.14777763e-01  9.79113914e-01  8.13739075e-01
 -1.03975341e+00 -6.83389125e-01 -9.67618720e-01 -6.90056157e-01
 -6.56867380e-01 -8.98026063e-01 -6.79070055e-01  1.29449094e+00
  1.02021548e+00  4.54008221e-01  4.27048410e-01  1.31401974e-01
  2.79422451e-01 -1.00882009e+00  1.20622937e-01  1.87468245e-01
 -7.20524727e-01  1.53730659e+00 -8.24524880e-01 -1.21861818e+00
  1.15946059e+00 -6.65592191e-01 -1.08548798e+00 -2.35487479e-01
 -2.25913328e-01  1.71925754e-01 -7.88736869e-01 -8.50857545e-01
 -2.41187446e+00 -5.33520164e-01 -3.24584840e-01  3.13761010e-01
  1.28387267e+00  1.49871883e+00  1.28310276e-02 -7.25402305e-02
 -1.02331586e+00  1.05376041e+00  2.45986447e-01  8.36843116e-01
 -9.11637558e-01  4.71325150e-01  1.32396534e+00  6.53968109e-01
  8.91038166e-01  6.83491419e-01  8.42667614e-01 -1.89210959e-01
 -1.78137557e-01 -1.15040248e+00 -3.22926354e+00 -8.64003692e-01
  4.67463687e-01  1.03431868e+00 -6.34179135e-01 -1.02210707e+00
 -9.33803935e-01 -1.42927680e-01 -1.14858945e+00  8.76203628e-01