 9.02075476e-03  1.03973265e+00  1.88864252e-01  4.03568776e-01
  3.28363407e-01  4.85625683e-01  1.74355060e+00 -5.74094589e-01
 -7.18292557e-01  1.05724723e+00  7.72446495e-01  8.16129001e-02
  9.99983825e-02  2.84242724e-02  2.09612152e-01 -1.38014200e+00
  1.43347231e+00  3.94479864e-01  2.70511933e+00 -2.49344018e-02
 -3.58967461e-01 -9.13355138e-02  2.43571061e+00  3.07125755e-01
 -1.64908982e+00  1.64578956e-01 -2.20771198e-01  1.61432846e-01
  1.10965080e+00  1.02014299e+00  4.98219501e-01  3.21418398e+00
 -1.05054069e+00 -6.36172111e-01 -6.60846001e-01 -9.14245364e-02
 -6.24779153e-01  1.41562775e+00  5.97225413e-01  7.24204327e-02
 -5.17980942e-01  6.49960846e-01 -5.34871597e-02 -1.77044572e-01
  9.69420110e-01 -6.23282500e-01 -2.61635365e-01 -6.62025625e-01
  7.84916748e-01 -1.78763552e+00 -6.07827077e-02 -4.44324621e-01
 -1.05339159e-01 -2.50066540e-01  3.59102284e-01 -1.40691924e-03
  1.60220195e-01  4.80957579e-01  2.22616172e-01  1.10239562e+00
  1.74952594e-01 -1.84834958e+00  9.24517281e-01  4.48097911e-01
 -6.12289391e-01 -7.14741476e-01 -7.50518014e-01  1.29820561e-01
 -4.71312067e-01  1.11223722e+00  1.73239739e-01 -1.13712788e+00
 -7.04948272e-01 -6.83302992e-01 -3.70575202e-01  1.63128303e+00
  1.11171489e+00 -1.83870219e-01 -1.18764378e+00 -1.39772860e+00
  8.61433827e-01  6.80568362e-01 -1.86527444e-01  4.24831943e-01
 -3.59605643e-01  5.94579651e-01 -4.84141878e-01  2.35566213e+00
  1.24538179e+00 -1.37386721e+00  2.17967200e+00 -7.49546340e-01
  1.10743900e+00 -8.01412409e-01  1.56607944e+00 -2.89082554e-01
  3.23377198e-01  2.07349420e+00  1.17448774e-01 -8.24275915e-01
  6.36771801e-01 -1.11594543e+00 -1.35320575e+00 -1.42005680e+00
 -1.47659992e-02 -3.56172647e-01  2.15660562e-01 -2.69158504e+00
  5.96322854e-01  1.03912680e+00  1.51440280e-02  4.65048222e-01
  2.13133634e-02 -2.36976021e-01  3.85074488e-02 -1.84569431e+00
  3.32984242e-02 -3.86672088e-01  1.26753491e-01 -6.24126343e-01
  6.11816867e-01  6.58573951e-01  5.61549217e-01  2.30079675e+00
 -6.11941954e-01 -5.85430578e-01  8.14471658e-01 -3.35033037e-01
 -1.42954297e-01 -2.50864461e-01 -1.05015319e-02  6.04340450e-01
  8.09601718e-01  1.44390460e+00  1.11757833e-02 -4.09977585e-01
 -1.01316924e+00  1.48858729e+00  7.29695502e-01 -8.69648626e-01
 -3.32171189e-02 -5.38438362e-01  3.60198540e-01  3.43580096e-01
  6.64998090e-01  6.17958588e-01  6.66881263e-02 -8.26493705e-01
 -2.48709514e+00 -1.22240247e-02  2.99118575e-01 -3.87258788e-01
 -5.30073899e-02  8.69180893e-01  7.81701410e-01 -8.68690064e-01
 -1.45990172e+00 -1.15319059e-01  8.62793684e-01 -7.06616580e-01
 -1.96092743e+00  6.87952184e-01  5.42729886e-02  1.18692097e+00
 -1.26490299e+00  1.20770281e+00  1.31227832e+00 -1.53725548e-02
  2.26169400e-01 -6.15063674e-01  4.48820581e-01  5.16049784e-01
  3.35698504e-01 -5.06017258e-01 -2.66052687e+00  3.93210525e-01
 -8.60342072e-01 -2.08896942e+00  3.45054536e-01 -1.63227603e-01
 -3.13493336e-01 -1.30325094e+00  3.96286956e-01  1.67179062e+00
  1.75939007e+00 -1.94190611e+00 -1.38114473e+00  6.24930586e-01
 -4.71815630e-01 -2.61065714e+00 -1.75193273e+00  1.32642871e-01
  4.22645965e-01 -7.20119497e-01 -9.61585814e-01 -1.40042931e-02
 -2.10213150e-01  8.89558152e-02 -5.60733624e-01  4.16010178e-02
  4.75298561e-01  7.49972689e-02 -1.19328438e+00  2.74135770e-01
 -9.45007801e-01  6.88173812e-01 -1.24138411e+00  1.46077916e+00
  1.26421440e+00 -1.69043731e+00  4.20178128e-01  1.68196378e+00
  2.44442775e-02  9.56128349e-01  2.40926916e-01 -1.15256336e+00
 -6.25952212e-01  8.47334231e-01  1.27238913e+00  5.90901147e-01
  4.18470444e-01 -7.65128230e-01  1.03466393e+00  1.48720482e+00
 -2.91619005e-01  1.20125099e+00 -5.38430039e-02 -8.48247429e-01
  2.17098186e-01  3.39558592e-01  1.26248343e+00  3.26202446e-01
 -8.22575711e-01  2.67530296e+00 -5.23374663e-01 -1.66121474e+00
 -1.13381484e+00 -5.57672094e-01  1.16674462e+00 -6.54826161e-01
  3.65718206e-01  1.47071093e+00  1.23974023e+00  1.26252334e+00
  1.17613502e+00  6.40182872e-01  2.69820131e-02 -1.13273887e+00
 -2.08429384e+00  1.33260094e+00  9.25150460e-02  1.84294299e-01
 -1.03970189e+00  2.15948353e-01 -2.72593942e-01 -9.90558138e-01
  5.88420153e-01  9.04100446e-02 -1.70511643e+00  1.60476401e-01
  6.05439548e-03 -6.54658125e-01 -8.04351839e-01 -1.70569351e-01
 -7.09609746e-02 -1.36086210e+00 -4.85625097e-01  1.74705406e+00
 -8.10555593e-01  2.04626585e-01  5.37408647e-01  1.14495459e+00
 -8.94635343e-01 -1.47661717e+00  5.69581644e-02  9.14966289e-02
  3.27401707e-01 -9.23573824e-02  1.84884132e+00 -4.70224150e-01
  3.04800576e-01  9.21517889e-01  5.44691546e-01 -3.81312330e-01
  3.04056157e-01 -1.07091119e+00  7.57562962e-01  5.70298750e-01
  9.75370263e-01 -5.10422552e-01  2.37515795e+00  1.19745801e-02
 -7.39751747e-01  8.65192158e-03 -4.54429583e-01 -9.41462046e-01
 -6.68911550e-01 -8.17823004e-01  4.42056002e-01  1.45396123e+00
 -6.35929826e-01 -1.99949253e-01  1.69780601e+00  2.20671225e-02
 -5.80809708e-01 -2.45849521e-01 -6.88723977e-01 -2.06407179e+00
 -4.01309204e-01  4.48805292e-01  1.00688964e+00 -1.38513041e+00
  1.10093937e+00 -9.93784028e-01  9.13396596e-01  9.04072889e-01
 -2.86855910e-01  1.09716666e+00 -1.58704631e+00  6.52563025e-01
  2.12167116e-01  1.65140911e+00  1.03172589e+00  9.04239198e-01
 -1.91544848e-01 -1.77460681e+00 -3.03055049e-01  8.96792880e-01
  1.12219020e+00 -1.30568209e-01  1.83628018e+00 -2.68613678e+00
  8.40799470e-01 -2.19465064e-01 -8.39653803e-01  5.49017455e-01
  2.19801280e+00  1.51850312e+00 -4.30305283e-01 -1.71740471e+00
 -1.10077964e+00  2.37100899e-01 -1.24046874e+00 -4.59622052e-01
  1.20904590e+00  1.86080550e+00 -8.80533102e-01  1.20369169e-01
  1.59299791e-01 -2.21477805e-01  6.86844750e-01  2.69280453e-01
  5.32608656e-01  1.36900012e+00 -4.50343008e-01 -4.79050079e-01
  1.02054305e-01  1.78954555e+00 -1.11802366e+00 -1.12017769e-01
 -8.61707921e-01  2.46071741e-01 -6.81702519e-01 -4.40047150e-01
  2.10116650e+00  2.10177196e+00  1.54261190e-01  2.41466903e-01
  8.73320329e-01  1.51073789e+00  8.92910325e-01  7.69852305e-01
  9.71667405e-01 -1.22094035e+00  1.31644350e+00  1.34696622e+00
 -7.97792348e-01  1.46114921e+00 -1.30869213e-01 -2.73375883e-01
  1.60063076e+00 -4.03189700e-02 -2.84490918e-01 -1.20823432e+00
 -6.34742772e-01  1.58251232e+00 -2.24489555e-01 -3.30949979e-01
  1.33394241e+00  2.77250222e-01 -1.33226919e+00  4.65784006e-01
 -4.62197911e-02  1.58661851e+00 -1.01989643e+00 -1.21964627e-01
 -3.78328863e-01 -8.55722875e-02  2.75687653e-03 -7.76206890e-01
 -1.22646704e+00  5.30893735e-01 -1.78261167e-01 -4.03985381e-01
  4.26127091e-01 -1.72770161e-02 -1.17930069e+00  1.30678813e+00
  4.07211944e-01 -2.19358284e-01 -1.30793648e+00 -6.29993630e-01
  2.91362310e-02 -1.53600468e+00 -2.03570668e-02 -3.09182974e+00
 -5.01356660e-02 -8.85864262e-01  1.41399667e+00 -9.97382109e-01
 -1.77156783e+00  1.07150700e+00  1.40147681e-01  1.12551727e+00
  7.64647427e-01  2.59013187e-01 -1.92839149e+00  3.15209899e-01
  6.82785566e-02  9.96898829e-01  1.05251467e+00  4.72247919e-01
  7.75255131e-01 -4.71554849e-02 -1.16724398e+00  7.83574432e-01
 -5.98053820e-03 -3.79268907e-01 -1.08313238e+00 -2.26054785e-01
 -2.51864858e-01 -1.12462531e+00  5.94178886e-01 -1.10958620e+00
  2.70997659e-01 -1.13025369e-01 -2.23511230e+00 -8.23361557e-01
 -1.25810600e+00  1.42250626e+00 -5.77350448e-01 -4.82690873e-01
  2.13886221e-01 -2.14329042e-02  1.19008831e+00  9.05435908e-01
 -5.93455080e-01 -1.85342864e-01 -6.82822371e-02  3.26201408e-01
  5.35301624e-01 -1.27197431e+00 -2.20510538e-01 -8.98088985e-02
  2.89285425e+00 -1.41680930e+00 -9.89833506e-01  6.37509730e-01
 -7.13245037e-01  5.05500464e-01  1.53407070e+00 -7.50843182e-01
 -2.45491111e-01  9.67050230e-01  1.22842773e-01  2.10469733e-01
  9.88066413e-01 -1.99537228e+00  5.16299439e-01  1.40418770e+00
  1.02038308e+00  1.51271752e+00  5.83044680e-01 -2.30331675e+00
 -6.47743396e-01 -3.55581070e-01 -3.16205736e-01  2.37120266e+00
  4.40798958e-01  8.78510125e-01 -8.27392539e-01  1.74860157e-01
  9.59959947e-01  3.80087974e-01 -9.74685071e-01  2.59186373e-01
 -4.31585557e-01  1.24826353e+00 -1.98538736e+00 -1.31945505e+00
 -4.04360250e-01  8.02154713e-01 -9.18594877e-03 -1.66885930e+00
 -1.58724381e-01 -6.96569647e-01  4.74807746e-01  2.25601337e+00
 -1.81782215e+00 -1.91637443e+00 -3.92527601e-02  8.15364284e-01
  3.23903621e+00 -4.77346970e-01  1.01431414e+00  2.34341776e+00
  2.31027063e-01  1.97218123e+00  1.28152018e+00 -6.54798946e-01
  4.80268695e-01 -1.97924134e-01 -7.48840434e-01  6.97750603e-01
 -7.55371897e-02 -5.68357310e-01 -5.78164174e-01 -4.49203727e-01
 -3.16693727e+00 -7.28352414e-01 -3.97993715e-02  4.87277826e-01
  6.27130092e-01 -9.10033535e-01 -1.60999429e+00  2.05624756e-02
 -5.54705631e-01 -1.19639541e+00  2.14950020e-01  4.11776251e-01
  1.30497762e+00 -1.59728349e-01 -1.63762221e+00  1.47339806e+00
  1.91736388e+00 -2.75482041e-01 -4.85274988e-01  2.65875814e-01
  1.19216368e+00 -2.09396246e-01  4.04940196e-01  3.80817935e-01
 -1.17882383e+00 -6.47765215e-01 -3.11286180e-01 -1.33472440e+00
  7.20356629e-01  4.78487188e-01 -2.69748785e-01 -1.88457321e-01
 -5.69179549e-02  5.41270269e-01 -3.50038394e-01 -1.89818323e+00
  2.49859529e+00 -2.53744423e-01  2.72987397e-01 -1.07429995e+00
  7.38879194e-02  1.17699065e+00  8.00839076e-02 -1.20081628e+00
  2.03022012e-01  1.21612773e+00  9.52590025e-01  8.89936088e-02
  1.15055255e+00 -1.25804539e+00  5.55972479e-02  6.58077307e-01
 -1.10197511e-02 -3.80751462e-01  1.16252742e-01  1.07197667e+00
 -3.52649757e-01  4.84854419e-01 -2.57000378e-01 -8.89618558e-01
 -9.52035603e-01 -5.16252488e-01 -9.84829005e-01  1.47571978e+00
  4.93504582e-01 -1.53389243e-01  1.14364870e-01  1.12289564e+00
  6.01398858e-01  6.20070521e-01 -3.80201689e-01  5.42425343e-01
  3.01582052e-01  1.93589325e-01  1.68730372e-01  1.33110049e+00
  2.06210558e-01  1.93151953e-01  1.96657088e-01 -3.40065642e-01
 -1.46834339e+00 -1.14039361e+00  8.87093195e-01 -6.66265638e-01
 -8.01884188e-01  8.86975696e-01 -5.61719492e-01 -1.84393908e-01
 -6.71307204e-01  4.66519894e-02 -7.42678120e-01 -1.12683672e+00
 -1.97788173e+00 -2.90928902e-01 -1.48466707e+00  1.01619120e-01
 -1.49693624e-01  7.72026916e-01 -7.63920361e-01 -6.47842640e-01
  2.35620349e-02  1.13916253e-01 -5.78713477e-01  1.41435978e+00
  6.82724507e-01 -3.72119039e-01  2.88750610e-04 -3.50719936e-01
  8.14675432e-01 -3.36677206e-01  9.63996904e-01  5.84547730e-01
  5.99089034e-01 -2.99691648e-01 -5.28769003e-02 -1.68187134e+00
  1.00738626e+00 -1.57047582e+00 -8.38557954e-01  3.77291988e-01
  5.15578067e-02  9.51562213e-01  1.66648063e-01  9.27381540e-01
  8.95564087e-01  6.25555425e-01 -2.50445948e+00  4.76632893e-01
 -7.06549790e-01  1.94452402e-01 -1.23820778e+00  1.47846500e+00
  8.91861944e-01  2.36339464e-01 -2.22713395e+00  7.73052788e-01
 -9.78880229e-01  1.56277219e-02 -7.04431691e-01 -1.38894404e-01
 -2.97495174e-01 -3.73796114e-02  2.95615731e-01 -1.57520714e+00
 -1.23145851e-01  1.88177443e-01 -4.04773478e-01  2.37571163e-01
  7.36874207e-01 -7.67083120e-01 -3.28017991e-01  8.96561058e-01
  1.56239751e-01 -2.62780548e-01 -3.86982639e-01 -4.04092194e-01
  3.34412091e-01 -1.85296316e-01 -1.13502298e+00 -8.73724735e-01
 -4.48996428e-01  6.19716562e-01  1.07645133e+00 -6.94561496e-01
 -1.93970896e+00 -2.77587482e-01  1.00909433e+00  1.87055763e+00
  1.39618470e+00 -5.96377092e-01 -1.39322455e+00  1.46947654e+00
  1.20026174e-01 -1.71856338e+00 -1.85762666e+00  1.31140096e+00
 -5.15804918e-01  6.78801201e-02  6.22933344e-01 -1.03427945e+00
  4.05558033e-01  1.68366187e+00 -1.29484264e+00  1.26628944e+00
  7.70039551e-01 -5.36763879e-01 -1.55664185e+00  7.16382811e-01
 -3.21866235e-01 -5.43322716e-01 -2.27810132e-01  1.18921751e+00
  2.73294710e-01 -8.57932401e-01 -4.63215608e-01  1.09965719e+00
 -1.08190553e+00 -7.72227855e-01  2.49961729e-01 -8.65530584e-01
 -1.86886806e+00 -4.96889617e-01 -8.12299916e-01  5.30636449e-01
  1.17948686e+00 -1.49714471e-02  1.47156930e+00 -8.46577197e-01
  1.07775333e-01  7.58291034e-01  2.40738514e+00  2.34888339e-01
 -5.73065759e-01 -2.85216251e-02 -1.39706128e+00  2.93893357e-01
 -1.19450821e+00  9.85649788e-01 -1.08681721e+00 -1.07191981e+00
  2.51754535e-01 -6.58916709e-01  7.61287258e-01  3.00195461e-01
  1.96211965e-01 -2.95472180e-01 -5.77465112e-02  2.17624787e-01
  2.47005088e-01 -2.11900105e+00 -1.45439292e+00 -3.53904757e-01
  5.03061059e-01 -1.41646775e+00 -1.06948546e+00 -1.07189793e+00
 -1.09100027e+00  9.97945570e-01 -8.68955045e-01  5.39585918e-01
 -1.61660258e-02 -1.91296145e+00 -4.44637364e-01  6.19370263e-01
 -2.00307037e+00  1.08074099e+00 -2.46935598e-01 -3.75259311e-01
 -6.16223752e-01 -9.40624508e-01  7.83443290e-01 -1.05855074e+00
  1.13444883e+00 -8.82933441e-01 -3.64201042e-01 -8.49416355e-01
  4.53815341e-01  1.16223811e+00  7.86566624e-01 -2.14947669e+00
 -1.32125210e+00 -4.10898532e-01  1.15932786e-01 -1.14926150e+00
 -3.24460247e-01 -3.79469633e-01 -1.56870503e+00  1.41330491e+00
  2.73143591e-01 -5.32710988e-02  1.06141518e+00 -1.39817864e+00
  1.57968459e+00 -4.94965716e-01 -1.27152527e+00 -6.44078764e-01
  8.94003155e-01 -9.17538074e-01  1.49437920e+00  2.11763426e-01
 -1.70901276e+00  5.13658145e-02 -2.25454730e+00 -1.07753483e+00
  2.24523929e+00  8.90282744e-01 -3.85034471e-01  1.73188892e-01
  1.22297888e+00  7.17703933e-01 -5.15082483e-01 -4.55671904e-01
 -3.50566915e-01  4.77961834e-01 -6.48498467e-01 -2.11766413e+00
 -7.85997134e-01  1.43215787e-01  7.35789923e-01 -1.15398078e+00
  7.66455681e-01  7.81525932e-01 -4.30007016e-01 -2.60545970e+00
  4.75528201e-01 -1.00751467e+00  7.52231743e-02 -1.58439336e-01
  6.12103398e-01  3.90843784e-01 -3.39402291e-01  1.74760272e-01
 -4.11555360e-01  5.67442713e-01 -4.90954550e-02  1.74688048e+00
 -2.86645647e-01 -1.50851678e+00 -3.90485861e-01 -1.36936947e-01
 -2.31749882e-01  1.71457794e+00  1.81630371e+00  9.69340973e-01
 -7.20305341e-01  6.24844445e-01  7.75019781e-01 -5.87971041e-01
 -2.06850020e+00 -3.61004394e-01  1.43111367e+00  6.60965540e-01
 -7.10808926e-02 -6.24015655e-02 -9.21907780e-02  8.54288768e-01
 -1.68297624e+00  7.95867694e-01 -4.57954487e-01 -1.83675979e+00
  1.47024233e+00  4.31423883e-01 -3.02145247e-01 -5.94903780e-01
  3.85441081e-01 -1.58656373e-01  2.67248702e-01 -5.02762781e-01
  8.89453007e-01 -8.69754141e-01  1.43828157e+00 -1.10061212e+00
  5.16135255e-01  1.82668747e+00  3.62481712e-01 -4.35413917e-01
 -9.71947151e-01  4.42924802e-01 -1.09149007e+00 -9.00775358e-01
 -1.17685206e+00 -9.31935793e-01 -1.34423002e+00  1.02459213e-02
 -4.31874495e-02 -1.19013514e+00 -1.44066354e+00 -7.77447452e-01
  1.93479059e-01 -3.66619604e-01  6.61295837e-01  4.06245401e-01
  1.08948392e+00 -1.33245304e+00  1.30467819e-01 -1.10370814e+00
 -5.80422312e-01 -1.45807766e+00  2.32081156e+00  1.60018255e+00
  6.03079824e-01  4.02732967e-01 -1.05307057e+00 -3.19831353e-01
  1.06018317e+00 -2.50940056e-01 -1.69964416e+00 -6.59714192e-01
 -1.81067777e-01 -7.44491037e-01  7.43907276e-01 -4.30905751e-01
  1.17813228e-01  4.42555373e-01 -2.59085395e-01  5.81074902e-01
 -2.94572487e+00  2.22614036e-01  1.11087250e+00  1.45529346e+00
  1.11551124e+00 -4.96483127e-01  4.27754106e-01  1.84454368e-02
  5.03715139e-01 -7.35838743e-02  1.47446956e+00 -1.39128409e-01
  2.21577906e+00  2.52922112e+00  1.02447066e+00  9.01298731e-02
  6.01516115e-01  1.24851849e+00  1.61678668e-01 -2.40150338e-01
  4.45051499e-01 -1.75761161e+00 -9.13838424e-01 -1.95287071e+00
  1.66394947e+00 -1.56981534e-02  7.26904830e-01  4.97957195e-01
 -8.76316677e-01 -1.04465722e+00  3.66904793e-01  5.16157134e-01
  1.49099290e+00 -2.26922218e+00  1.50716506e+00 -8.60604118e-01
 -1.08825445e+00 -8.77002628e-01  6.72648874e-01  1.37719537e-01
  2.05090217e+00 -1.12003732e+00 -1.10826602e-02 -4.17033098e-01
  3.86421715e-01  6.60120240e-02 -4.08299136e-01  5.09240469e-01
 -3.53437678e-01  1.58498367e+00  3.18280991e-01 -5.21097314e-01
 -9.79242657e-01  1.14237040e+00 -3.67612687e-01 -1.43820371e+00
 -1.21193419e+00  1.34643789e+00  7.63231778e-01 -1.06215165e+00
 -1.00348032e+00  4.72013517e-01 -1.59378553e+00  8.71731479e-01
  1.23570628e+00 -8.42028233e-01  7.27248799e-01 -6.92806434e-01
 -3.93354634e-01 -3.82264169e-01 -4.90733476e-01  2.05105683e+00
 -2.68648838e-01 -6.65487420e-01 -2.74491631e-01  7.61714299e-01