 2.41321449e-01 -1.25880294e+00  9.45135047e-02  6.74015953e-01
  1.51137398e+00  2.27236656e-01 -1.70905967e+00 -7.99300858e-01
 -3.59176647e-01  2.83593660e+00 -9.37643888e-02  7.40782638e-01
  1.37502692e+00  1.47446265e+00  1.57678843e+00 -6.77382581e-01
  3.39714980e-01  6.04413497e-01 -1.51572242e+00  1.74093753e-01
  1.56873192e-01 -7.71050497e-02 -1.48154994e+00 -1.36300522e+00
 -5.00549055e-01 -7.46598705e-01  2.57803059e-01  1.20640308e+00
  1.65132309e-01  6.57229279e-01 -3.08274332e-01  1.61805240e+00
 -1.28666380e+00 -4.06991276e-01 -9.09822779e-01 -1.77532027e+00
  1.50072609e+00  5.36007204e-01  1.11899729e+00  1.68711686e-01
 -7.16031101e-01  1.12398830e+00  3.01220234e-02  7.57148353e-02
 -2.62556345e-01 -6.86775787e-01  3.76107237e-02  7.38583606e-01
 -1.97150883e+00  3.38192055e-01 -1.51768803e+00 -1.57308921e+00
 -8.46630192e-01 -1.40702462e+00  5.14629267e-01 -8.30512359e-01
  2.48168235e-02  1.15619179e+00 -5.77507627e-01 -1.03043982e+00
 -1.18502746e+00 -6.85100848e-01 -1.23532629e+00  9.53609431e-01
  5.04827326e-01  6.88135320e-01  9.72011914e-02  2.12219333e+00
 -3.46460441e-01 -1.49269505e-02 -5.38118053e-02  8.84353103e-01
 -1.30651081e+00 -3.08580594e-01  3.23086564e+00  4.29331636e-01
  5.08754872e-01 -6.54282600e-01  1.50453351e+00 -2.33618157e-01
  1.43250281e+00 -3.72845088e-01 -2.34305921e+00  6.52705065e-01
  1.49959956e+00  4.18047754e-01 -5.37346799e-01  2.39750498e+00
 -8.63696162e-01  6.71433955e-02 -6.02664363e-01  8.72220429e-01
 -1.28786642e+00 -1.02406331e+00 -3.14905612e-01 -1.76729052e+00
  1.42973136e+00  1.71503643e+00  9.59962552e-01 -7.27976074e-02
  5.24105134e-04 -2.74037740e-01 -4.83960510e-01 -7.58020569e-01
  1.57360227e+00 -1.21630538e+00  8.00503768e-01 -7.23566003e-01
  4.80035424e-01 -1.48572294e+00 -9.46048236e-01  1.13844002e+00
 -1.03411555e+00  6.67271132e-01 -5.07087690e-02  2.97660161e-01
 -9.92926089e-01  1.63629434e+00 -2.40429005e-01 -1.99678135e+00
  3.24684244e-01  2.76010938e-01  1.01247273e+00  3.50528350e-01
 -1.77868232e-01  7.84125674e-01  1.29309869e-02 -4.03870671e-01
  3.53872315e-01 -3.10300392e-01  6.34065281e-01  1.36671011e+00
 -4.95390061e-01 -1.72725695e+00 -1.02065271e-01  4.14393954e-03
  8.77768301e-01 -1.57656007e-01  3.10238424e-01 -5.99745783e-01
  5.47217113e-02  5.11953036e-01  1.52184833e-01 -1.02914531e+00
 -1.23963822e+00  1.28378278e+00  4.07798050e-02  8.17498707e-01
 -3.09274297e-01 -5.61442032e-01 -9.85522040e-01 -2.84064870e-01
  1.67096695e+00 -8.21209690e-01  5.14885200e-02 -2.10443931e+00
 -9.53078789e-02 -5.10999396e-01  3.90704471e-01 -4.56939511e-01
 -7.60479620e-02 -3.34942012e-01 -3.10393634e-01  7.97220818e-01
 -9.78460878e-01 -1.13229874e+00  8.50527445e-02 -5.12150361e-01
  3.95020306e-01  5.85621471e-01 -7.11772640e-02  7.26308298e-01
 -4.18898751e-01  2.27913140e-01 -8.79406317e-01  8.43753190e-01
 -7.37949611e-01 -1.26051916e-01 -1.61763590e+00  9.99553210e-01
  1.12838881e+00 -9.95640113e-02 -1.10206067e+00  5.34313972e-01
  2.63661148e+00 -1.33029951e+00 -4.16455433e-01  8.00060007e-01
  2.03976746e+00 -1.72808637e-01  4.40214693e-01 -3.66564584e-01
 -3.50404109e-01  1.73275233e-02 -5.27545983e-01 -7.27152659e-01
 -1.18342655e+00 -1.00311887e+00  1.51190062e+00 -9.50547035e-01
  2.45991656e-01  3.86386552e-01  7.22682048e-02  5.15710785e-01
  7.20959593e-02  1.29754553e+00 -3.30494906e-01 -2.84452484e-01
  1.26556796e+00  1.37370158e+00 -1.12658153e+00  1.05235954e+00
  2.68640905e+00 -1.38068283e-01  9.92005146e-01 -8.37776089e-01
 -2.82098149e-01  1.07325208e+00 -1.28885372e-01  4.00976258e-01
 -2.76642837e-01 -6.12165198e-01  4.87646372e-02 -9.79528907e-01
 -8.35546375e-01  7.86101510e-04  4.31277580e-01  6.36077565e-01
 -1.65169043e+00 -1.26798042e-01  2.34334205e-01 -1.36363690e-01
  1.89685912e-01  5.78030219e-01 -4.48975372e-01 -8.91229742e-01
 -1.12099733e-01 -1.39016477e+00  1.38979799e-01 -1.47030520e+00
 -7.48819335e-01 -8.21541772e-01 -6.38767044e-01  3.32981239e-01
 -8.32554258e-01  1.18106619e+00  7.23044557e-02  1.97858291e+00
  1.02420624e+00 -1.12971961e+00  1.03098434e+00 -4.62952828e-01
  6.75999368e-01 -3.27371439e-01 -6.10523788e-01 -2.57500646e+00
  3.86370937e-01 -1.12152536e+00  1.15294190e+00  1.53243961e+00
  5.69806549e-01 -5.22507267e-01 -9.79602665e-01  1.18858940e-01
  6.11073352e-01 -7.25575584e-01  1.28180797e+00 -1.22364553e-01
  9.73459769e-01  2.84030082e+00 -1.30417713e-01 -1.27288723e+00
 -8.98770297e-01 -5.76802306e-01 -1.49839407e+00 -9.20644929e-01
 -4.01391708e-01 -9.66976281e-01  5.49398041e-01  1.40810969e+00
  9.84060203e-02 -4.22185755e-01  4.68578341e-01  1.36796873e+00
 -1.26253126e+00  1.06228159e+00 -1.27566268e-01  1.45053437e-01
  1.12591377e-01 -5.37813501e-01 -2.68860600e-01 -3.91607960e-01
  9.51142045e-01 -1.53903751e+00 -9.06597719e-01 -4.43958769e-01
 -2.19198575e+00  3.50935254e-02 -1.67824311e+00  1.06647266e-01
 -6.06124609e-01  8.63046428e-01  1.53544579e-01  2.37294712e-02
 -7.56154403e-01  2.25894999e-01  3.20932201e-01  7.05488980e-01
 -8.43503013e-01 -2.71465491e-01  4.03437915e-01  4.34317659e-01
  2.21563022e+00 -1.82756508e+00  9.93069354e-01  2.47643324e-01
 -3.43058116e-01  7.66356860e-01 -1.51282126e+00  1.30264569e+00
 -5.74888535e-01  6.23140955e-01  6.39558648e-01 -9.75763778e-01
 -6.60042083e-01 -8.04223216e-01 -8.53457033e-01  9.61663685e-01
  1.39815989e+00 -1.13033593e-01  2.95322952e-01  8.11974332e-02
  3.29740866e-02 -1.20777788e+00 -4.80688326e-01  4.51234831e-01
  6.24338807e-02 -1.25634620e+00 -7.19540949e-01 -8.72917316e-01
 -7.29367558e-01 -5.75431146e-01 -1.23809064e+00 -1.39648807e+00
  5.37970357e-01 -7.85264430e-01  4.25336703e+00  1.43814425e+00
  7.00120706e-01 -8.47410952e-01 -1.00760036e+00 -9.36660753e-01
 -3.16710647e-01 -3.49748685e-02  1.24566362e+00 -1.63261772e+00
  8.81605177e-01  4.14443884e-02 -4.58151827e-01  9.70467750e-01
 -2.06667222e+00 -2.93861463e-01  3.86979219e-01 -3.61237933e-01
  1.23362884e+00  5.70003589e-01  4.36017841e-01  9.26519768e-01
  2.14222136e+00  2.80898897e-01 -2.09245506e+00 -6.31432791e-01
 -9.49428648e-01 -9.87549565e-01 -8.61332988e-02  4.39530164e-01
  2.36301360e+00  3.74073187e-01  1.73857210e-01 -2.40178299e-01
 -4.84564051e-01 -1.09035085e-03  8.74865186e-01  1.89690243e-01
  8.66821117e-02 -1.06180415e-01  8.69847727e-01  9.13335434e-01
 -1.10366314e+00 -1.07002585e+00  5.83056044e-01  2.59621623e+00
  1.47502687e+00 -1.00924827e+00  4.33645029e-01  1.08288358e+00
  1.98587893e-01  2.64218417e-01 -1.89509298e+00  9.27622092e-01
  3.51484995e-01 -3.82532100e-01  5.82532587e-01  7.41949454e-01
 -4.40541785e-01 -1.39593594e-02  5.44182268e-02  8.64636765e-01
 -1.05250489e+00  1.67814759e+00 -7.49049895e-01 -2.61085647e-01
  1.67997773e+00 -7.09334333e-01  1.02605676e+00 -3.82673620e-01
  5.10651086e-01  5.43657166e-01 -3.21919073e-01 -1.14952301e-01
 -1.41112382e+00 -1.12571986e-01  1.87410893e-01  6.09542664e-01
 -1.15243474e+00 -8.63493369e-01 -6.83440353e-01 -9.86788443e-01
  4.28219561e-01  9.27165534e-01  5.05786489e-02  1.12555624e+00
  3.56919007e-01  6.61658847e-02  2.48990649e+00  1.63156432e+00
  8.28210803e-01 -8.41983425e-01 -8.46271934e-01 -7.11599463e-02
  1.10171889e+00 -9.95800374e-01 -1.38069121e+00 -1.09140468e+00
  3.15912510e-02  6.48102092e-01 -3.87865896e-01  4.29955043e-01
  1.57489122e+00 -2.12746847e-01 -1.90092686e-01 -8.27329067e-01
  6.89209483e-01  2.61604627e-02  4.57879021e-01 -1.91591854e-01
  4.67475737e-01 -3.28849569e-01 -1.20708280e+00  1.02030035e+00
  1.18203521e+00 -6.60770153e-02 -1.58107498e-02  3.26158344e-01
  1.07161346e-02 -1.24546124e+00  5.70159137e-01 -2.19383808e+00
  5.92689368e-01 -1.46043007e+00  4.35814578e-01 -3.36514735e-01
 -2.21352247e+00  5.87640773e-01  7.37153443e-01 -2.68888329e-01
 -1.21389743e+00 -1.11767870e+00  1.13961555e+00  9.45242768e-01
 -1.72393768e+00  9.15136462e-02  7.77982212e-01 -1.15483535e+00
 -7.34367870e-01 -5.71132908e-01 -1.45177785e+00 -7.51190909e-01
  9.04255375e-02  1.05737031e+00 -1.71293408e+00 -4.80649147e-01
 -4.18426118e-01 -1.32703057e+00 -1.44733264e+00 -8.04721932e-01
 -8.35984227e-01 -3.20184652e-01  5.27731761e-01  6.75561419e-01
 -1.73182149e+00 -1.02966308e+00 -8.04051339e-01  1.64245621e+00
 -8.08702361e-01  3.37769332e-01 -7.96238427e-01  1.60262624e+00
 -1.75432264e+00 -5.61942510e-02 -9.44412952e-01  5.64751317e-01
 -3.95345078e-01 -7.60599486e-01 -4.36600772e-01 -4.55225110e-01
  4.04546961e-01 -1.10197555e+00 -2.19514929e-01  5.20811542e-01
 -8.47006436e-01 -4.24903361e-01  2.73180502e-01 -9.81074999e-01
  1.10793214e+00  2.22517861e-02 -6.46750812e-01  5.48876346e-01
 -1.30349016e+00 -9.74306964e-01 -1.42155891e+00  1.64423538e-01
 -1.75828474e+00  6.82120271e-01  9.40034325e-01  1.09693622e+00
 -1.09231654e-02  1.78150341e+00  7.73158220e-01 -3.64504567e-01
  1.50886052e-01  6.35588883e-02 -1.44645117e+00 -1.59682896e+00
 -1.78806173e+00 -4.27674059e-01 -3.88967042e-01  1.31500430e+00
 -6.16535285e-01 -6.79431665e-01 -3.68771197e-01 -3.20754297e-01
 -7.92792026e-01  6.09069804e-01  9.05739828e-01  1.58060341e+00
 -1.24769284e+00 -8.16400921e-01 -1.31330958e-01  9.47171997e-01
  2.00689832e+00  6.51258170e-01  1.94332510e+00 -1.24380229e+00
  1.11046738e+00  1.21055435e+00  1.41977038e+00 -4.81589189e-01
  1.74825209e+00 -2.27275948e-01 -9.58600725e-01  5.46362499e-01
  3.35258667e-01 -5.63773802e-01 -5.90431295e-01  6.50302419e-01
  2.62396331e-01  4.74474019e-01  6.92797305e-01 -9.27846641e-01
  7.04093360e-01  5.59301521e-02 -1.07010203e+00  2.81269609e-03
  1.01544481e+00  1.17560825e+00 -3.09229166e-01 -2.05584315e-02
  1.41558126e-01  5.07074297e-01  1.01718901e+00  8.15127106e-01
  1.25271641e+00  4.55065029e-01  1.26117854e+00  7.50878731e-01
 -1.16711911e+00 -1.10364013e+00 -1.07953085e+00  3.49383514e-01
  7.84051401e-01 -3.05775494e-01  1.45774968e+00 -1.62660027e+00
 -1.00247480e+00 -6.92984944e-02  1.87204199e-02 -4.75427926e-01
  1.75757105e+00  1.52312896e+00  2.10131980e+00 -6.51715922e-01
 -6.14918408e-01 -5.14375414e-02 -4.42496572e-01  1.68246276e+00
 -1.84266047e-01  1.88928445e-01 -1.70438348e+00  3.64555440e-01
  2.22142372e-01 -2.39511551e-01 -3.32687589e-01  1.49977713e+00
  4.70975228e-01  8.27076593e-01 -1.37626189e-01 -7.50356493e-01
  1.33573896e+00  2.87470865e-01 -4.30008477e-01  3.49122440e-01
  6.76135456e-01  1.40606031e+00  4.79720547e-01 -9.07029906e-01
  1.76812614e+00  8.04752809e-02  1.14954270e+00 -7.59897710e-01
 -1.47743401e-01  6.14043705e-01 -7.47990727e-01  1.66700821e+00
  9.73050490e-01 -2.19324613e+00  1.39264352e+00 -4.09160537e-01
 -8.17707799e-01  6.74439242e-01 -1.74167778e-02 -1.73138959e+00
  1.37677422e+00 -1.41115220e-01 -7.94775550e-01 -8.22915813e-01
 -1.33980009e+00  3.49955341e-01  6.06886727e-01 -2.07709544e+00
 -3.57205305e-01 -6.31639584e-01 -1.20803508e-01  1.21021354e-01
 -1.53954922e+00 -1.43860549e+00 -1.18266521e+00 -5.60978086e-01
  7.40141423e-01 -1.31621895e+00  1.78173615e-01 -1.83453101e+00
 -1.62180216e-01  1.00663430e+00 -1.39777296e+00  4.89584329e-01
 -1.16692929e+00  3.04437768e+00 -5.33289403e-01  7.07749761e-01
  1.17935194e+00  3.33090342e-01  3.84042637e-01 -7.09360328e-01
  7.60802108e-01  2.23282851e-01 -2.02270851e+00 -1.79998879e-01
  6.11539959e-01 -4.39209166e-02 -1.08081310e+00  4.00720011e-01
 -1.90926738e-01 -2.44654432e+00 -7.08861867e-01 -8.18611077e-01
 -1.39713725e+00  5.23627364e-01 -1.71932154e+00 -2.86734131e-01
  8.30129074e-01 -3.14668617e-01  4.38892245e-01 -1.28804645e+00
 -1.68052299e-02 -5.54326323e-01  2.37279354e-01  1.47348887e+00
 -1.68227056e+00  3.98835451e-01  1.25712421e+00  3.95719718e-01
 -1.23274043e+00 -1.86849538e+00  3.82983985e-01  3.91298807e-02
 -3.12800123e-01  9.90997633e-03 -7.06839102e-01 -1.24785717e+00
  3.93931606e-02  2.03984194e+00 -8.79772873e-01 -1.92388347e+00
  5.89910324e-01 -5.90983135e-01  1.07548182e+00  9.65380192e-01
  1.26792676e+00  2.13226185e-01 -1.00050661e-01 -2.37986169e-01
 -1.09965082e+00  8.92203301e-01  6.11917076e-01  2.22038473e-01
 -2.07963449e+00  1.49830338e+00  3.13535655e-01 -1.24172310e-01
 -4.32209401e-01 -1.37434012e-01 -2.84730603e-01 -2.33138250e+00
  1.04346383e+00  1.65846073e+00  2.41717832e+00  8.02468283e-01
  1.58885421e+00 -2.35761766e-01 -5.70389355e-01  7.83533701e-02
  6.81395606e-01 -6.20147906e-01  3.41859594e-01 -1.21308825e+00
 -9.72821292e-01 -1.56219369e-01  3.59519831e-01 -2.08260050e+00
  2.99296377e-01  2.86579121e-01  1.70498704e-02 -2.26963867e-01
 -7.23722831e-01  3.78347900e-01 -4.88485506e-01  4.47649516e-01
  1.73006064e-01  1.01005553e+00 -1.19155269e+00 -1.25174122e-01
 -1.75581130e-02  3.43674055e-01 -6.09380994e-03  7.82295512e-01
 -8.36227947e-01 -1.68372607e+00 -4.15429169e-01 -1.12455805e-01
  5.05523060e-01  3.21331432e-01 -9.95372054e-01 -1.09324313e-01
 -8.27300433e-01 -2.24813070e-01 -1.79777950e+00  1.00467520e+00
 -6.70381651e-01 -1.25750900e+00  1.60177043e+00  4.03411287e-01
 -4.76570953e-02  3.16572069e-01 -1.39187932e+00  6.07533311e-01
  2.61061744e-01 -9.36923644e-01  2.77685757e-02  9.90916460e-02
  9.38307300e-01 -1.12217323e+00  1.01564569e+00 -1.24938184e+00
 -1.79603937e-01  1.68387564e+00  1.08604299e-01 -7.97785943e-01
 -3.72591785e-01  2.15519487e-01  1.21428202e+00 -1.94010080e+00
  1.10873630e+00 -1.49508251e+00 -3.81062199e-02  1.89164626e+00
 -3.55374208e-01 -1.13699365e+00 -4.97521278e-01  1.09755963e+00
  3.41523580e-01 -2.18153190e-01  1.09961986e+00 -4.17636691e-01
 -7.37726612e-01 -2.17229334e+00  1.84646476e-02 -1.52112477e+00
 -1.63687256e-01 -9.76705133e-02 -8.09957918e-02  1.57583422e-01
  1.47587125e+00 -4.82993603e-01  4.18968363e-01 -4.59412522e-02
  2.11604173e+00  1.17701197e+00 -1.43703700e+00 -1.08484412e+00
 -9.69110292e-01  6.60232279e-01 -1.12865595e+00  1.11605564e+00
  1.30431027e+00  9.59045256e-01 -2.89719121e-01 -2.27431067e-01
 -7.58808345e-01  1.28362169e+00  4.36983285e-02  1.25231273e+00
 -2.33604924e-01  5.05250660e-01 -1.28670746e-01 -6.80131286e-01
  1.78403008e-01 -6.86090324e-01  5.66329181e-01 -1.82247172e+00
  1.79637814e-01 -1.81512056e-01  1.93601042e+00 -1.16938423e+00
 -7.15194709e-01  6.83579181e-01  1.34993103e+00  1.32280838e+00
 -4.00775724e-02  6.91547728e-01 -1.63181651e+00  1.55018078e+00
 -1.04895073e+00  1.95198194e-01  1.39531202e+00 -1.86738000e+00
  1.67455737e-01  1.72355403e+00 -4.38783496e-01 -1.31835869e+00
  1.07500200e-01 -1.21927714e+00 -1.02186927e+00  3.04742707e+00
  1.42271046e+00 -7.29296063e-01  6.80181249e-02  6.22605976e-01
 -2.49116288e+00 -1.51048394e+00  2.80405415e-01 -4.88671979e-01
  9.02533232e-01  2.85486781e-01  5.15820981e-01 -2.60472907e-01
 -1.51779159e+00  1.57473783e+00  1.33434366e+00  2.21153409e-01
  1.24807732e+00 -3.39433832e-01 -1.38738699e+00 -1.17446444e+00
 -9.92739991e-01 -1.62216242e-01 -9.06112092e-01 -4.90369697e-01
  5.31046883e-01 -6.42720748e-01  3.39868832e-01 -1.78174159e-01
  4.42641806e-01 -6.94171240e-01  1.81601430e+00 -9.02117209e-01
  5.04863862e-01  9.67568607e-01  1.67104801e+00 -1.09746460e+00
 -6.93476607e-01  1.98962372e+00 -1.15819682e+00  6.41285822e-01
  7.17808007e-02 -1.60321764e+00  1.42012360e-01 -6.59128259e-01
 -3.46635025e-01  1.40076241e+00 -1.27170875e+00 -9.93921862e-01
  1.95624131e-01  1.15060667e+00  2.56288234e-01 -1.45525611e+00
 -4.11274725e-01 -1.74710217e+00 -5.14093786e-01  1.12974197e+00
  1.22974260e+00  1.65591889e+00 -9.13550610e-01  6.22925472e-01
 -1.18512454e+00 -1.10543616e+00  9.61373683e-01  2.16491673e-01
 -6.77589297e-01 -1.10201376e+00  4.44602938e-01 -1.17556418e+00
  3.78909594e-01  8.15601100e-01  1.34360320e+00  2.00553807e-01
 -2.47878398e+00 -1.93802747e+00 -6.34778310e-02 -3.55756607e-01
  4.72179262e-01 -1.44705869e+00  8.12617505e-02 -1.71002885e-02
  1.00186032e+00  5.69462951e-01  5.82323654e-01  1.35860680e+00
 -9.41350475e-02  7.19202998e-01 -8.10604828e-01  8.47903290e-01
 -1.04420028e-02  3.07131598e-01 -1.28801572e+00  1.44130257e+00
  4.28996071e-01  1.10145941e+00 -1.07776705e+00 -2.17919311e-02
  2.71655176e-01  1.51830847e-01  1.54629282e+00 -1.40714116e+00
  2.11742599e+00 -8.90976462e-01  3.03620261e-01  1.36341422e+00
 -2.13969730e+00 -2.68159246e-01 -3.38460126e-01 -1.12352821e-01
  7.41534513e-01 -1.39363554e+00 -3.68047688e-01  2.53201867e-02
  1.19044510e-01 -1.79311460e-01  9.28174648e-01  9.95246274e-01