-7.03457250e-01  3.06853568e-01  2.32088400e+00 -9.86518050e-01
 -7.43590039e-01  2.27443094e-02 -1.62346590e+00  1.47026431e+00
 -6.88307789e-01 -2.93868024e-01 -1.34363930e-02  7.13576802e-01
  8.19404842e-01 -6.67665435e-01  3.69752012e-02  5.58017701e-01
 -6.21650258e-02 -6.01832322e-01 -4.48026614e-01 -1.41274782e-01
  1.41024532e+00 -1.76280829e+00  3.03645339e-01 -8.35222873e-01
  1.61399038e+00  4.93479808e-01 -5.63975565e-01 -8.70874847e-01
 -5.84758288e-01  3.26976940e-01  7.72187944e-01  2.53417468e-01
  2.44888195e+00 -2.49964178e-01  1.52544945e+00 -1.71752792e-01
  3.89536327e-01  4.46401248e-01  7.36364357e-01  1.31891611e+00
 -3.86464531e-01  1.63835118e+00 -6.35560303e-03  5.54709362e-01
 -1.31263267e+00 -9.54722991e-01 -1.26604021e-01  2.07339978e+00
 -3.38438157e-01 -3.52265498e-01  8.34306037e-01 -5.74918629e-01
 -3.75337291e-01  1.36643814e-01  6.39860649e-01 -1.20387745e+00
  3.07629807e-01  4.31179919e-01 -6.16455646e-01  1.61174468e+00
 -1.74529040e+00  3.12630249e-01 -2.61538497e+00  1.27461653e+00
  1.55415407e+00  2.65644083e+00 -1.13184773e+00 -1.07079399e+00
 -7.42767474e-01  1.27959608e+00  8.31335168e-01  1.96243278e-01
 -5.73561076e-01  1.45260875e+00  4.68406521e-02  1.27285119e-01
  1.10961423e+00  1.58652779e+00 -9.05468916e-02 -5.80837332e-01
  1.19398855e+00  1.16076054e-01 -1.37093572e+00  2.43257941e-02
  5.13235437e-02  5.22745295e-01 -1.55872594e-01 -1.29706971e+00
  3.97885226e-01  3.14387880e-01 -4.00264266e-01 -9.19426280e-01
  1.43466528e+00 -4.77743901e-02 -9.94045861e-01 -4.62780846e-01
 -1.81188809e+00 -6.18797079e-01  1.46101792e+00  1.30166055e+00
 -1.21547463e+00 -1.48196177e-01  9.61440092e-01 -2.28791911e+00
 -1.91148431e-01 -9.69429709e-02  1.22241094e-01 -6.89773002e-01
 -1.37996009e+00 -3.39876365e-01 -1.25932119e+00 -1.29791347e+00
  2.03854016e-01 -1.62089093e+00 -1.29214025e-01 -2.43125691e-02
 -7.02675156e-01 -1.20999213e+00  3.69138096e-01 -1.39919256e+00
 -5.88012098e-01 -1.16679718e-01  8.62394959e-01  2.24861607e-01
  1.86065135e-01  5.89333552e-01 -1.98887934e+00 -9.46670423e-01
 -2.43616929e-01  2.68924281e-01 -7.06510532e-03  5.49148422e-01
  1.02857650e+00 -1.74140511e+00  4.56521480e-01  7.65562813e-01
 -1.14355077e+00  3.07068915e-01 -1.01612580e+00  1.61656419e+00
  2.99430755e-01 -1.33554590e-01 -1.57708950e+00  6.79224521e-01
  6.97843233e-01 -1.72507094e+00  6.85545457e-01 -7.88532355e-01
  8.93192979e-01 -5.46016475e-01  3.93607405e-01  1.10292555e+00
  2.44277281e+00 -2.47788726e+00 -1.02898076e+00  5.57934516e-01
  9.42591509e-01  4.56972728e-01 -5.89392849e-01 -5.34723255e-01
 -7.25936694e-01 -8.72428594e-01 -8.99833801e-01 -6.58667034e-01
  1.51297258e-02 -3.03036071e-01 -1.86965794e+00 -8.83531350e-01
  9.26193846e-01  9.16440076e-01 -9.89156588e-02 -5.10706855e-01
 -5.89879325e-01  2.15793082e-01 -8.03659381e-01 -7.25289364e-01
  1.38058666e+00 -1.46690997e+00  7.00207056e-01  4.26953562e-01
  1.79434730e-01 -8.41130851e-01  1.20690820e-02  6.60480370e-01
  4.44789761e-01  8.28236045e-02 -8.34174722e-01 -1.94833211e-01
  3.44424287e-01 -3.35168366e-01 -1.38475303e+00  9.02236412e-01
 -1.79783289e-03  2.68674675e-01 -1.45017497e+00  9.61181593e-02
  8.76076534e-01 -1.33287479e-01 -9.70341287e-01 -8.76427322e-02
  1.44368946e+00  4.19034353e-01  4.86151648e-02  1.04052885e+00
  1.88239611e-01  1.33833294e+00 -7.36399965e-01  2.12894986e-01
 -8.94648905e-01 -1.45076230e+00 -7.14190393e-01  6.68924376e-01
  9.62296169e-01  2.39050173e+00 -7.81037409e-01 -1.48398120e-02
 -2.11261155e+00  1.58417349e-01  4.28310229e-01  1.84052075e+00
 -2.62238518e+00 -9.08053702e-01 -1.14416633e+00  2.88899093e-01
  4.68200765e-01  1.53862945e+00 -5.62462162e-01 -3.26619965e-01
 -6.74020794e-02  9.14716734e-01  7.64904163e-01  1.95702432e-01
  2.83890827e+00 -2.10000480e+00 -8.76794123e-01  1.90824412e+00
 -1.14181700e-01 -2.22066579e+00 -7.63091582e-01  1.05785235e+00
  8.26400499e-01  6.80685564e-01 -1.03237454e-01  8.43815403e-01
 -6.76237689e-01  3.00320476e-01  8.82611206e-01  2.63219658e-01
  2.15571186e-01 -1.66170797e+00  2.51685002e-02  2.54598465e-01
 -4.74455834e-01  8.80646228e-01  1.48169072e+00  3.10416856e-01
 -7.04355795e-01  1.33132429e+00 -1.39937417e-02  1.63902180e-01
  8.25087659e-01  6.61517768e-01 -3.11042658e-01  5.45974591e-01
  4.69519812e-01 -6.97874281e-01 -6.71232572e-01 -1.71683624e+00
 -1.83883288e+00 -8.29770454e-04 -3.99977325e-01  2.05605628e+00
 -1.39792652e+00  7.74327422e-01  3.81487348e-01 -4.88610577e-01
  6.04384654e-01 -2.32261342e+00 -2.97500122e-01  6.40802063e-01
  1.14018396e+00  1.23709718e+00 -1.85233035e-01  4.04263236e-01
  5.86084706e-02  7.56199418e-01 -5.16721040e-01 -2.84611450e-01
 -3.80175009e-01  1.44383709e+00  2.12708072e-01 -5.91394262e-02
  8.42928481e-01  8.21584939e-01 -5.57302553e-01  9.52490735e-01
  2.49294551e-01  1.12653109e+00  3.09692798e-01 -2.91857902e-01
  1.04276871e+00 -1.27232073e+00 -2.71021884e-01  1.17787073e+00
  1.30061162e+00 -1.62048792e-01  1.30406598e+00 -7.58074128e-01
 -2.43526149e+00 -5.51040588e-01 -2.03733119e-01  4.54961060e-01
 -1.96921017e+00  1.11759043e+00 -4.59842219e-01  5.75199628e-01
 -1.06948749e+00 -4.80411200e-01 -1.55635017e+00  1.56974885e-01
 -1.06650541e+00  4.57023478e-01  1.67461964e+00 -5.74411305e-01
  1.08320615e+00  2.41877454e+00  1.13514313e-01  1.16908707e+00
 -4.31229380e-01  1.39618671e+00  4.49298553e-02  3.41230432e-01
  1.58783469e+00 -1.04485237e+00  2.66474138e-01 -2.52466406e-01
 -6.23227375e-01  1.97350813e+00  1.18652982e+00  1.40431150e+00
  1.96236407e-02  1.26751943e-01  5.64734857e-01 -1.94636001e+00
  1.28924049e+00 -1.04022558e+00 -6.68037585e-01  8.35759537e-01
 -9.66626273e-01  1.72217312e+00  1.26652390e+00  1.97387417e+00
 -8.10666849e-01  1.26666355e+00  5.48841122e-01 -2.33674839e+00
 -7.07879084e-01  1.07709896e+00 -4.29287608e-02 -3.49399398e-01
 -3.67904195e-01  9.64968050e-01  1.09050246e+00  2.21922667e+00
 -5.37690325e-01 -1.23751400e-01  1.57602946e+00 -5.56498380e-01
  2.10798365e+00 -6.21427623e-01  4.79953351e-01 -8.41088873e-01
 -1.02826931e-01 -8.86659513e-01 -1.66092589e+00 -7.51580015e-01
  1.83492094e+00 -1.79983504e+00  1.03698919e+00 -5.86077942e-01
 -1.39237402e-02 -2.93666743e-02 -8.52202541e-01  1.81603906e-01
 -2.22239530e-01  1.63579224e+00  1.69299646e+00 -1.21552691e+00
 -4.50958189e-01 -7.02669153e-01 -1.89608051e+00  1.36899516e-01
 -2.28219693e+00  2.66176509e-01 -4.62018377e-01 -1.03198801e-02
 -1.27753159e+00 -6.59978601e-02 -5.91337041e-01  7.70903642e-01
 -1.74545635e+00  3.58082854e-01  4.07760288e-01  4.91687426e-01
 -2.86100634e+00  4.08644376e-01  2.31420753e-01 -6.94472832e-02
 -1.44989351e+00  1.35593837e+00 -8.70493301e-01 -1.09322241e+00
 -1.02372507e+00  3.32347539e-01 -4.27564576e-01  2.10067266e-02
  1.19422836e+00  1.35657310e+00  1.95162388e-01  3.53663136e-01
  7.28407141e-01 -6.65681411e-01 -8.53771083e-01  1.68466418e+00
 -1.07725453e+00 -6.69422255e-01 -2.48168933e-01  5.81959257e-01
 -2.13495594e-01  3.03865967e-02  1.58891129e-01 -5.93910612e-01
 -1.96962510e+00  1.56605871e+00  1.24076035e-01  5.18011927e-01
  1.15261896e+00 -6.16636281e-01  1.85914241e-01  6.34030686e-01
  2.03886013e-01 -6.03558066e-01 -5.91216710e-01 -4.69819651e-01
 -2.20450499e-02  2.37161502e-01 -7.38926779e-01 -7.04674836e-02
 -1.76774420e+00  5.47189276e-01 -1.44779477e-01 -1.12539519e+00
 -6.38247933e-01  3.74800549e-02  1.13684774e+00 -1.17048479e+00
 -1.09308544e+00  3.17024232e-01 -1.17687238e-01 -3.65854039e-01
 -5.71716702e-02 -1.86639274e+00 -1.35094010e+00  6.81018477e-01
 -3.16995515e-01  1.49485034e+00 -5.30441853e-01 -6.22379743e-01
  1.72285270e+00  5.52753928e-01 -2.25926101e+00 -1.41654574e-01
 -1.80647812e+00 -1.06546245e+00 -8.21807572e-01  1.96350517e+00
  2.14255747e+00 -2.12068338e+00  1.48912902e+00 -1.40363242e+00
  9.86564626e-01  2.10583458e-01  1.54999747e+00  1.48381674e-01
 -5.81733182e-01 -1.88758030e+00 -1.53147720e+00 -1.28490763e-01
  1.07404516e+00 -8.96172144e-01 -1.37499515e+00 -8.88385331e-01
 -7.39740676e-01  1.77826153e-01  9.97449474e-01  5.68012839e-01
  1.37060986e+00 -1.09439444e+00 -3.47537697e+00  1.98446627e+00
  3.67545283e-01  1.42483935e+00 -4.74199098e-01 -1.41851207e+00
 -4.58094659e-02  5.19623005e-01 -1.41277999e+00  7.52503504e-01
  2.54415874e-02 -2.72592748e-01 -1.88091990e+00  2.96083326e-01
 -3.60442779e-01 -1.48900451e+00  5.85789170e-02  3.54511517e-01
  3.35977511e-02 -1.46858278e+00 -2.38282814e+00 -2.11029623e+00
 -3.15346590e+00  4.93658239e-01 -9.50011845e-01  7.13337817e-01
  3.73290770e-01  1.41447899e+00 -3.92557102e-01  2.49009615e-01
  2.39996121e-01  4.09388655e-01  1.25774218e+00 -6.52596315e-01
 -3.90294164e-01  8.95868833e-01 -1.07976133e+00 -2.42355099e-01
 -1.77181688e-02 -2.72550821e-01 -6.82730068e-01  1.73872455e+00
 -2.06925987e+00  3.93980161e-02 -9.12150072e-01  1.10596482e+00
 -1.54638053e+00  1.34120182e+00 -7.19232333e-01  3.06041294e-01
  2.31897944e-01 -1.71333862e+00  1.69477775e+00  6.05902694e-01
 -1.94828028e+00 -1.82016676e+00  5.15854489e-01 -2.16176895e-01
 -3.05608823e-02  4.23534727e-01 -1.38372863e+00  1.70400337e+00
 -5.46583002e-01  9.53340447e-01  1.64074724e+00 -1.33859285e-01
 -4.38072829e-01  1.97721598e-01 -1.32449290e+00 -7.83574526e-01
 -3.49907839e-02 -3.07427897e-01 -1.77455987e+00 -3.81730194e-01
  9.93172380e-02  1.12553060e+00 -6.62821656e-01  1.20690012e+00
 -1.66602498e+00 -8.63562408e-01 -5.63394410e-02  1.00984777e+00
  1.49607967e+00 -4.50445173e-01  1.22134622e-01 -2.82126478e-01
 -3.03529425e+00  6.11106069e-01 -5.49252146e-01 -1.32581441e-01
 -1.37212021e+00  3.93306289e-01  1.39396461e-01 -1.41066208e-03
  5.62872004e-01 -1.03589400e+00 -5.43053096e-01  1.20428653e+00
  3.15453294e-01  1.32528911e+00  7.24269678e-01  5.03646758e-01
  1.75904940e+00  3.19329576e-01  3.07102107e-01 -2.09426154e+00
 -8.54452660e-01  1.19953777e-01  5.39765841e-01  6.22517828e-01
 -1.74883194e+00 -1.91440625e-01 -6.13190919e-01  2.35615082e-01
  4.33426280e-01  3.67526628e-01  4.26506161e-01  5.33629817e-01
  5.01779967e-01 -1.56890827e-01 -1.86925880e-01 -7.56826943e-01
 -1.45336220e+00 -8.23574457e-01  2.20974590e-01  2.07658213e-01
 -2.27015268e-01 -3.87392964e-01  1.21531987e+00 -2.52129307e+00
  4.18007745e-01 -2.49286814e-03  1.61955807e+00 -3.17736299e-01
  2.59627171e-01  1.76861473e-01  4.63865567e-01 -8.40476511e-01
  4.37485799e-02  2.04446941e-01  1.60364215e+00 -8.99265372e-01
 -9.69235726e-01  1.75402041e+00  2.78774383e-01 -7.50030712e-02
  2.75017006e+00 -4.26311131e-01  8.19718697e-01  3.17951534e-01
 -2.82610033e-01 -6.00716179e-01 -3.52387119e-01  1.14902108e+00
 -3.45921515e+00 -1.08209338e+00 -1.85487462e+00  5.62159606e-02
 -2.41526504e-01 -9.16072895e-01  6.57166631e-01  5.90730668e-01
 -1.17341199e-01 -7.12637170e-01  1.21779363e+00 -4.49348708e-01
 -2.05390203e+00  7.39302557e-01 -4.95006881e-01 -1.09446119e+00
  7.72243793e-01  1.40359270e+00  1.20218119e+00  1.17192768e+00
 -4.65642745e-01 -7.20925919e-01  9.61333691e-01  8.21425505e-01
 -2.10884050e-02  3.20345850e-01 -4.40187357e-02  3.37159329e-01
 -1.10484827e+00 -4.16648698e-01  1.65752301e+00 -1.25749110e+00
  9.80206962e-01  3.75364068e-01  3.30639898e-01  1.46447427e+00
  6.34852873e-01  5.02187474e-01  1.48154080e+00 -6.17885165e-01
  2.61590539e-01  1.88726472e-02 -1.04460962e+00 -6.39253240e-01
 -5.59946994e-01 -1.31434681e-01  2.01947245e+00  1.86670969e-01
 -1.34749244e+00  1.24899208e+00 -1.09404273e+00 -3.13357373e-01
 -4.70251504e-01 -2.00182171e+00 -1.31835941e+00  5.59269890e-01
 -1.53183064e-02 -4.63968910e-01 -3.55408276e-01 -7.00748019e-01
  8.37036330e-01  4.94239325e-01 -2.00306745e-01 -3.89235913e-01
  7.16029094e-01  1.06526674e-01  1.86470956e+00  7.84182403e-01
 -1.13246356e+00 -4.89578599e-01  6.17122492e-01 -5.71351791e-02
  3.48410998e-01  3.51399776e-01  1.19675074e+00 -1.21783055e+00
 -6.30725448e-02  3.56735759e-02  1.05066556e+00 -4.20134877e-01
 -6.57850531e-01  2.91486164e+00 -2.41282762e-01 -2.47294065e-01
  8.61197461e-01 -1.19068512e+00 -1.34776480e+00  1.39841820e-01
 -1.10120968e+00 -5.35895373e-01 -3.42472804e-01 -9.72652443e-01
 -6.88571807e-01 -1.22905533e+00 -3.22164972e-01 -1.81269628e-01
 -3.04852750e-01  4.34614466e-01 -4.33200510e-01  9.77311624e-01
 -1.32018200e+00  1.03038410e-02  3.11501511e-01  8.80387821e-01
 -2.97362670e-01  4.41991886e-01  9.92496128e-03  9.76116692e-01
 -1.00823804e+00 -8.65693112e-01 -2.53280178e-01 -1.08358855e+00
 -3.20655986e-01  1.47837129e+00 -7.44717052e-01  5.61285021e-01
  8.03915368e-01 -5.41324313e-01 -2.12942822e-01  8.59017698e-01
  9.00291675e-01  6.78207693e-01 -2.96328429e-01  9.29578253e-02
 -4.77066620e-01  1.15680058e+00  6.68308221e-01  4.16333360e-01
  2.28277466e+00  2.30897456e+00  1.31915721e+00 -2.58474255e+00
  8.78831402e-02 -5.83963702e-01 -5.98443810e-01  1.17073449e+00
  1.08777598e+00  3.68097307e-01 -6.60914459e-02  7.01211769e-01
  1.01852798e-01 -1.63986133e-01  8.62422841e-01 -4.09004775e-01
  3.35793812e-02 -5.69275187e-01 -3.64390077e-01 -3.04397077e-01
 -5.06788825e-02  7.66565924e-01 -1.36237280e+00 -7.67511830e-02
  2.02039397e-01  1.59220548e+00  1.38854699e-01  1.53842975e-01
 -3.81411269e-01 -3.92342629e-01 -1.20728624e+00 -7.19354757e-01
 -2.85656960e-01 -7.69849412e-01 -5.95599660e-01  6.22622716e-01
 -8.78802679e-01  1.91268950e+00  1.03428550e+00 -4.82428452e-01
  1.58816375e+00  7.67730612e-01  1.68335363e+00 -9.31922760e-01
 -1.78956035e+00  4.78727659e-01  3.16738755e-01  1.75558714e-01
  1.19428552e+00 -8.87071432e-01  1.97787352e-01 -7.62042240e-01
  6.39636619e-01  1.73149878e-01  2.15280912e+00 -1.83066988e-01
  1.12526933e+00  1.20919033e+00 -1.37358948e+00  1.99979482e-01
  5.66503038e-01  1.27785507e+00 -1.77233460e+00  1.66901014e+00
 -1.22044790e+00 -7.66663866e-02 -7.06878437e-01 -4.69259100e-01
 -1.23856410e+00 -3.74973349e-01 -8.09571955e-01 -1.82516552e-01
 -9.23529681e-01  1.39613088e-01  1.43839119e+00 -1.14588679e+00
  1.18510472e-01  1.00664247e+00 -3.04846835e-01  1.56926636e-01
  2.84568637e-01  1.60185813e-01  2.59149571e-01  1.26667982e+00
 -7.83399597e-01  5.39990058e-01  1.82548336e+00  1.02289624e+00
  3.49592315e-01 -2.05980443e-01 -2.55791668e-01 -1.16706613e+00
 -6.79263873e-02  6.17907947e-01 -1.54024151e+00  6.47450621e-01
 -1.94416954e+00  3.56142702e-01 -9.62168666e-01 -7.87752135e-01
  1.75815141e+00  9.54506698e-01  3.86522251e-01  9.56573027e-01
  6.72032724e-01 -1.70302926e-01 -2.59145015e-01 -9.24451674e-01
 -3.44544771e-01 -8.60364310e-01  9.76977192e-01  1.14430500e+00
  4.93011771e-01  6.67584354e-01  1.15923340e+00  8.69944960e-02
 -8.94541705e-01 -1.03468613e-01 -5.90229210e-02 -6.73245940e-01
 -3.94761018e-01 -4.07448656e-01 -2.62795998e-01 -2.01940758e-01
 -7.28489090e-01 -1.15219707e+00 -1.65422460e-01  7.05534615e-01
  1.39732556e-02 -7.46623994e-01  8.03857988e-01  1.91540842e+00
 -5.99846510e-01  4.35411398e-01  1.67571090e+00  4.41719715e-01
  2.20216324e+00 -8.40196654e-01 -5.83144104e-01 -1.76854393e-01
  8.67226040e-01  1.61380766e-02  5.37288308e-01  1.34642185e+00
  1.20098137e+00  4.59724464e-01 -1.40161332e+00  9.99185978e-01
 -8.07000443e-01  1.08068547e+00  9.87997840e-01  6.95526050e-01
 -1.78196982e-01  9.77451941e-01  2.00880288e+00  1.26477492e-01
  1.92635515e+00  1.85160382e-01  5.81508871e-02 -8.29399373e-02
 -1.75415584e+00 -6.11314750e-01  1.24065329e+00  2.44909985e-01
 -9.16574618e-01  9.07087285e-01 -5.87605091e-01  3.11452284e-04
 -5.52776321e-01  1.48601893e-01  1.49218647e+00 -2.59449346e-01
  1.99831841e+00  1.61893521e-01  1.11479911e+00  1.53898730e+00
  1.04814232e+00 -3.10948978e-01 -9.93820924e-01  3.82569976e-01
 -1.05117585e+00  8.99647781e-01 -6.93987009e-01 -9.55837920e-02
  3.72916722e-01  1.41159652e-02  1.16731281e+00  1.55771059e-01
 -1.86907016e+00  8.25944351e-02 -1.04718857e+00 -5.29252607e-01
  7.09976923e-01 -3.46633702e+00  7.00301833e-01  1.17022375e+00
  3.83094215e-01 -2.71468017e-02 -1.65540199e+00 -8.85513440e-01
 -1.16940017e+00  2.53337160e-01  1.13241152e+00  6.58238033e-02
  6.92312990e-01 -1.21479376e-01  3.19178046e-01 -3.21651376e-01
 -1.03777143e+00  4.73554862e-01  1.03994201e+00 -6.37340346e-01
 -9.80228905e-01 -7.86286367e-01 -3.39183138e-01  1.72566880e+00
 -4.83076514e-01  9.53868328e-01  3.38701190e-01  3.61831401e-01