-9.27295652e-01 -3.99886735e-02  4.45107684e-01  7.13375860e-01
 -1.20902500e+00 -1.21055122e+00 -1.19468680e-01 -1.30317644e+00
  8.22281010e-01  1.11061029e-01 -4.57172648e-01 -6.57328841e-01
 -2.02745865e+00 -4.82466257e-01  5.60069037e-01 -6.55625259e-01
  1.03811342e+00 -5.69980038e-01 -6.25502484e-01 -4.37140174e-02
  2.17562162e+00  1.42130242e-01 -8.74755945e-01 -5.73401839e-01
  2.52294075e+00 -9.38254213e-02  2.79143286e+00  1.21168864e+00
  1.59960861e-01  7.08597486e-01 -8.78298221e-03 -9.02875223e-01
 -7.47935566e-01  1.45509755e+00  1.49802887e+00 -2.35682214e-01
  1.14410479e+00  4.59798855e-01 -5.57064101e-01  1.17423319e+00
 -8.13013091e-01 -3.46049463e-01  9.98342250e-01  1.64513853e+00
  5.18783857e-03 -5.28389308e-01 -3.04787559e-01 -1.41403902e+00
  7.03711746e-01  5.65950737e-01  3.62881898e-01 -6.03740880e-02
  2.46533391e-01  5.35747931e-02 -1.35724210e-01 -5.25249427e-01
 -1.29539504e+00 -5.09749873e-01 -5.30975549e-01  1.71858220e+00
 -1.13631067e+00 -6.00096492e-01 -2.19505047e-01 -9.99527352e-01
  6.66314209e-01 -4.63165752e-01  2.35266168e+00  6.78229274e-01
 -9.54594829e-03  1.18539253e+00 -1.61894181e+00  2.25135327e+00
 -7.64723233e-01 -9.94468513e-01 -1.21521338e+00  1.09324872e+00
  2.09580149e+00  6.48203078e-01 -4.77525537e-01  3.85623682e-01
  1.07147349e+00  2.29088681e+00 -6.34008191e-01  1.04844138e+00
 -1.30388541e+00  1.36680229e-02  9.22916147e-02 -4.16343882e-01
  3.73576031e-01  2.55771751e-01  6.02222172e-01  1.10635305e+00
 -1.15519089e+00  5.53623057e-01 -1.57276762e-01  1.19458800e+00
 -2.25429129e+00 -1.32355185e+00 -9.46084377e-01 -1.53202394e+00
  5.84493416e-01 -2.15390338e-01  1.33754702e+00  7.12016192e-01
  1.28526415e+00 -5.17467151e-01 -1.38836467e+00 -5.54964218e-01
 -1.23015033e-02 -1.86185521e+00  7.35930134e-01 -3.12955388e-02
  5.60611098e-01  1.04561454e+00 -1.30785293e-01 -7.63634061e-01
  1.23573998e+00  1.12393503e+00 -2.12124069e-01  1.86048279e+00
 -3.18413786e-01  7.00058404e-01 -8.25223065e-01  1.04430170e+00
 -2.20662925e+00  6.14108788e-01 -1.89945405e+00 -5.07792684e-01
  3.09344919e-01  1.07422090e+00 -1.22257216e+00  3.81347740e-01
 -4.43199285e-01  5.05790359e-01 -1.31700804e+00  1.79283014e+00
  6.64009230e-02 -9.64831555e-01 -2.36882955e-01 -5.46217521e-01
  1.27242589e+00 -1.94016959e-01  2.26319993e-01 -1.78837184e-01
  1.12976380e+00 -1.05694499e+00  1.43042633e+00  3.63308876e-01
 -1.39956607e+00 -8.76916148e-01  8.11930497e-01  4.85067882e-01
 -2.12473042e-01  9.56755094e-01  6.90773852e-01 -4.49781013e-01
 -1.35485140e-02 -1.46796630e+00 -2.03515357e-01  5.17172394e-01
 -4.92474385e-01  1.21454089e+00  4.07980910e-01 -6.73874657e-01
  9.06624725e-01 -1.40512807e+00  1.35264290e+00  1.55422636e+00
 -4.43773315e-01 -1.18803868e+00 -6.79103705e-03 -1.60050346e+00
 -1.82019950e+00 -8.48029285e-01  3.37674616e-01  9.79587069e-01
 -2.07434215e+00  1.34796351e+00 -1.47399988e+00  2.88135503e-01
 -1.07604204e+00  4.83177256e-01  4.57014610e-01 -1.49330837e+00
  3.16767635e-01 -2.41327650e+00 -7.65991655e-01 -4.90843864e-01
  2.45427265e-01 -2.03681159e+00  9.17500219e-01 -8.56178861e-01
  2.49925579e-01 -1.51490329e+00  1.22046037e+00  5.39878947e-01
 -1.57051547e-01  7.49595042e-01  7.49174282e-01  2.86923376e-01
  7.45736766e-02 -1.88308051e+00  4.07939309e-01 -4.02395951e-01
 -9.27950017e-02 -1.32160040e+00 -1.68425829e+00 -1.02992604e+00
  6.74673961e-01  1.16515078e+00  4.15485496e-01  2.76590458e-01
 -1.56302647e+00  9.67648790e-01 -1.08723072e+00  1.76494289e+00
 -6.00624618e-01  8.59891119e-01 -1.25410003e-02  2.19442160e-01
  3.81857078e-01 -2.54235188e-01 -4.90306818e-01 -1.00589291e+00
 -7.58506640e-01 -4.12505282e-01 -1.22855423e+00 -1.43772773e-01
 -1.25603130e+00  1.15799567e+00 -5.34016731e-01 -1.77192601e+00
  5.87549128e-01 -7.40145701e-01 -1.28500382e+00  7.45451541e-01
  3.60866972e-01  1.09828435e+00 -6.84861267e-02  5.89865035e-01
 -1.27969732e+00 -4.73754495e-01 -9.60513695e-02  1.86043630e+00
  1.76405351e+00 -7.54939844e-01  1.23847743e-01  9.94250476e-01
  1.67900690e-01  6.63714696e-01 -1.46860244e+00  1.49743591e+00
 -7.44450240e-01 -2.27006287e-01  1.22478963e+00  1.39437349e+00
  6.12524312e-01  1.92791033e-01  7.13237147e-01 -4.11886761e-01
 -1.45084639e+00 -4.32001524e-01 -5.26494831e-01 -9.33141016e-02
  1.05133382e+00 -4.01366774e-01  5.94740140e-01 -1.51498605e+00
  1.21635449e+00 -9.99703991e-01 -1.88088411e+00  1.58414961e-01
 -1.73687378e+00 -2.59637079e-01 -1.38914076e+00 -1.41870370e+00
  1.63620264e+00 -1.20488259e+00 -1.76431556e+00 -7.79016025e-01
 -7.41892131e-01  1.99490035e-01 -9.64675526e-01 -6.77545267e-01
 -6.83806564e-01  1.26151972e+00 -4.56485283e-01 -2.96658277e-01
 -1.39488285e+00 -4.43405645e-02  1.03249427e+00 -1.44603741e+00
 -3.86153221e-02 -2.58290476e-01 -7.93908525e-01  3.27837527e-01
 -1.05703157e+00  1.43836213e+00  4.64871956e-01 -5.69303775e-03
  1.11718849e+00 -1.71027206e+00 -4.18608429e-02  9.89056464e-02
  7.55933369e-01  1.63039760e+00 -6.01630217e-01  1.15764407e+00
  9.82074162e-01 -3.82039614e-01 -3.56347168e-02 -1.03352505e+00
 -1.16347525e+00  1.00067293e+00  1.82240553e-01  7.64105969e-01
 -2.67882096e+00 -3.15387073e-01  2.27809703e-01 -3.32902267e-01
  7.77866520e-01 -2.66599531e-01 -1.20064188e+00 -1.54220586e-01
 -1.61989579e+00 -7.36870013e-01 -8.54689992e-01  1.47058271e+00
  1.77605518e+00  2.08016322e+00 -3.60485024e-01  9.78362904e-02
  1.41360535e+00 -1.66072696e-01 -1.00973801e+00 -3.85831093e-01
  8.89411364e-01 -4.14668990e-01 -3.27246342e-01  8.99273353e-01
 -1.63338987e+00  2.85004326e-01 -3.05673579e-01  5.61170069e-01
  5.57796692e-01  8.96790585e-01  4.73483029e-01 -1.03207386e+00
 -5.77005314e-01  1.15214960e+00  2.56503689e-01 -4.70345896e-02
  9.70217960e-01 -1.13273108e+00  4.73896544e-01 -4.03701812e-01
 -8.61394752e-02  9.10949120e-01 -1.36121841e+00  1.20070181e+00
  7.36302479e-01  2.23226545e+00 -1.30979966e+00  5.87485287e-01
 -8.10488286e-01 -6.64643147e-01  9.27540870e-01  5.16432353e-02
  1.21811471e+00  3.58340071e+00 -7.50161999e-01 -2.98594174e-01
  2.48574315e+00  1.77951357e-01  1.24107724e+00  1.32883167e+00
 -7.90739794e-01  1.52512168e+00 -2.16453127e+00  8.42811230e-01
 -1.41860848e+00 -2.50502095e-01 -8.91485715e-01 -6.81162892e-03
 -6.62310091e-01  1.23009141e+00  7.73655186e-01 -9.14756363e-01
  8.56403423e-02  1.06809386e+00 -3.01431278e-01  5.36126590e-01
 -6.78671046e-01  1.65846429e-01  8.11900813e-01  2.22948962e-01
  1.08869718e+00  1.76734987e+00 -1.32014102e-01 -1.13654007e+00
  9.56137559e-01  4.24947090e-01  2.52130260e+00 -7.64117364e-01
  1.16584685e+00 -1.64795228e+00  3.72804095e-01  5.12056514e-01
  3.73473333e-01 -2.09186764e+00 -1.26342189e+00  2.73742934e-01
  5.15236060e-01  2.00113329e-01 -4.97036477e-01 -1.84232010e+00
  1.19753142e+00  7.04610251e-01  3.77085901e-01  9.84793907e-01
  7.96282586e-01 -1.88085350e-01  8.05787742e-01  1.01313121e+00
  1.72106804e+00  2.78630279e+00  6.94110233e-02  1.54940698e+00
  1.58196305e+00  8.56434326e-01 -4.17730256e-01 -4.01794856e-02
  2.11078525e-01  3.31372944e-01 -3.13012404e-01 -3.21148007e-01
  3.57502575e-01  2.05501838e-02 -6.59714880e-01 -4.76150857e-01
  6.76411606e-01 -9.13462773e-01 -4.00927114e-01  8.94129207e-03
  1.29115848e+00 -1.42040671e+00 -8.66712395e-01 -2.13971969e-02
 -1.27935432e+00  3.84993456e-01 -8.55915035e-01  2.50541594e+00
  3.72636679e-02  4.76024798e-01  8.89267037e-01 -2.14531351e-01
  4.11061805e-01  3.01891976e-01 -1.43469896e+00 -6.55995413e-01
  1.39523208e+00 -5.08672981e-01 -1.28236787e-01 -2.70972316e-01
  2.04665340e+00  7.51640720e-01  1.00784415e+00  4.56752772e-01
 -6.92152893e-01 -2.95312485e-01  1.10600495e+00  2.50746622e-01
  1.50392547e+00  1.16446122e+00 -1.42840606e+00  4.77001638e-02
  2.25101307e-01  1.28226975e-01 -1.11036384e+00  9.40642687e-01
 -5.75673944e-01 -4.73206583e-01  6.34809570e-01 -1.03905756e-01
 -6.91038623e-01 -1.20279013e+00 -1.75964812e-01  6.06695947e-02
 -1.13724485e+00 -1.69305440e+00 -1.22108314e+00 -5.75673793e-01
  1.65635855e+00  7.65530845e-03 -1.73936949e-01 -4.12201203e-01
 -1.26990274e+00  1.38384615e+00  6.40867712e-01 -4.73281636e-01
 -1.43064072e+00  1.43718196e+00 -7.68186035e-01  5.39479302e-01
  1.63836718e-01 -1.10214289e+00  1.71484691e+00  3.77074356e-01
  3.97417225e-01 -4.10152808e-02  5.05069703e-01 -6.84031566e-01
 -5.68120609e-01  4.60191529e-01  1.59175635e+00  7.56854534e-01
 -4.20618878e-01  1.17139421e+00  4.77585894e-01  8.03157902e-01
 -6.34928658e-01  7.71923142e-01  5.05063681e-01 -8.83794132e-01
  1.29110702e-01  7.74962488e-01 -2.80021125e-01  1.32979505e+00
  1.25870783e+00 -1.21448897e+00  7.28487738e-01 -1.30916281e+00
  1.04068864e-01 -4.36466899e-02  2.78800179e-01 -4.41676288e-01
  7.83111976e-01 -4.71908018e-01  1.26272838e+00  1.10103909e+00
  1.15408640e+00  9.43701003e-01 -5.95455934e-01 -1.59477477e+00
 -1.00841689e-01  5.41285466e-01  1.22224458e+00 -8.91576485e-01
 -1.75733008e+00  7.32381323e-01 -1.69910397e-01  5.21265791e-01
  6.80721932e-01  6.17850953e-01 -5.85990472e-01 -5.07385094e-02
  9.40467446e-02  3.04876143e-01  4.54962752e-01  2.11646588e+00
 -2.05544161e-01  1.43892236e+00 -3.90936534e-01 -1.04637640e+00
  7.84704515e-01  8.23216976e-01 -9.08449601e-01 -5.43541076e-02
  7.84569083e-01 -2.27284185e+00 -2.26398097e+00 -1.65092815e-01
  4.28822168e-01  2.17267327e-01  1.87825144e-01  9.16371284e-02
 -1.65571573e+00 -5.62417132e-01  1.26050621e+00 -1.83100351e-01
  2.36352137e+00 -2.75821004e-01 -1.36040465e+00  3.80989612e-01
 -1.13368002e+00  5.62223111e-01  2.08944896e+00 -9.51410809e-01
 -7.56284576e-01 -7.72161069e-01 -1.36120292e+00  9.38314822e-01
  9.15912231e-01  3.28693251e-02 -3.88974136e-01 -8.23143578e-02
  7.72131004e-01 -6.38477091e-01 -3.93179512e-01 -6.20013347e-01
 -5.28111648e-01  6.23111372e-01  4.00630987e-01 -6.95039619e-01
  1.31325889e+00  5.97888657e-01  2.85015543e-01  1.06330217e+00
 -3.85277230e-01  8.67622704e-01  3.81907475e-01 -2.70023635e-01
 -1.43100176e+00  1.14183715e+00  4.80361156e-01  6.17653498e-01
  4.76130338e-01  7.78419184e-01  9.15112436e-01 -4.62276335e-01
  9.38274625e-01  8.11353275e-01 -1.04990977e-01  3.12965957e-01
  2.15675043e+00  3.56653820e-01 -6.63484889e-01  1.11704658e-01
 -3.34013386e-01  2.12376772e-01  2.13079617e+00  1.67853831e+00
  2.20836530e+00  1.96787407e+00 -1.25115361e+00  9.12527374e-01
 -5.07324893e-01 -9.02915917e-01  5.09742416e-01 -2.13560492e+00
 -1.17902641e+00  6.09178956e-01 -1.51691797e+00 -1.73667702e+00
 -5.07411188e-01 -6.93726842e-02  1.81224053e+00 -1.72898517e+00
 -3.13153411e-01 -1.91627495e+00  2.50430587e-01 -4.41959087e-01
 -1.84501328e+00 -1.31843312e-01  1.54283122e+00 -9.44121691e-03
 -6.78947040e-01 -1.16740509e-02  1.34751120e+00  6.72092928e-03
 -8.76297677e-01 -1.30922242e+00 -1.33956795e+00  1.41234824e+00
  1.68601191e+00  4.28634890e-02 -5.78533408e-01 -8.57009074e-01
 -1.02660532e-01  5.61737326e-01 -1.51819719e+00 -6.48579765e-01
  5.12091284e-01 -1.02421140e+00 -6.43451596e-01 -5.23085162e-01
  9.28166739e-01 -3.24007369e-01  1.02875908e+00 -9.61617903e-01
 -6.72956096e-01 -2.28350221e-02  9.06569602e-01  5.92723725e-01
  1.54230041e-01  6.06355659e-01 -5.75343659e-01 -2.26741042e-01
  1.70484711e-01 -1.15608814e-01 -5.68146871e-01 -4.37313197e-01
 -1.34064917e+00  3.47113103e-01  1.81420424e-01 -4.02255874e-01
  5.37924125e-01 -1.42100026e-01  1.97411519e+00  1.41928357e+00
 -1.34112496e+00  2.74279948e-01  1.18051696e+00 -7.29763199e-01
  1.19640074e+00  4.41343062e-01 -2.07575001e+00  1.41486606e+00
 -6.35662558e-01 -5.46157984e-01  1.17710311e+00 -4.73858710e-01
 -6.86573753e-01 -1.00258422e+00  1.54048214e+00  7.49609994e-01
  9.87484406e-01  1.23952352e+00  5.16478797e-01  2.42521688e+00
 -7.69107459e-01 -5.74889179e-01  1.17930117e+00 -1.32061266e-01
 -2.57229403e-01 -4.82477319e-01  4.93254533e-01  4.36975056e-01
  1.21404304e+00 -1.18947346e+00  8.85801295e-01  9.32043492e-02
 -5.67964258e-01  2.34360353e+00 -3.33683196e-01  2.67715976e-01
  4.12395647e-01 -1.31769001e+00 -7.10211962e-01 -1.70762555e+00
  4.71849595e-01 -1.64144459e+00  8.72213113e-01  2.10348669e+00
 -2.06417519e-01 -6.53911933e-01 -5.92528546e-01 -9.89609012e-02
 -1.16004821e+00 -4.39741320e-01 -1.52753290e+00  1.55483666e+00
  1.50680500e+00 -4.65822894e-01  1.46947960e+00 -1.44789771e+00
 -6.05422081e-01  2.40759432e-01 -4.30021371e-01  1.40499312e+00
  7.34194390e-01  1.64932700e-01  1.06579480e+00 -1.45909028e-01
  2.02894168e+00  1.65716020e-01  9.84313731e-01  1.01628915e+00
  7.00139425e-01  8.21361102e-01 -4.13004353e-02  7.08153185e-02
 -5.30868385e-01  8.21248679e-01 -3.50755808e-01  3.57980464e-01
 -1.58689865e+00 -2.31696145e+00 -1.36740354e+00  6.45635441e-01
 -3.68597779e-01  1.09340044e+00 -9.23278984e-02  1.76358292e+00
  1.51085634e+00 -2.67102708e-01 -1.10296565e-01 -4.01062215e-02
  3.07730676e-01 -1.32283635e+00  3.56674253e-01 -3.80358509e-01
  1.34014541e+00  2.52523607e+00 -1.16701641e+00 -2.72940621e+00
 -1.37089412e-01 -2.51128277e-01  8.44149546e-02 -9.69588618e-01
  5.68434463e-01 -9.97479671e-02 -9.31392697e-01  6.04900334e-01
  9.79108032e-01  2.50024302e+00  3.04739721e-01  2.43064149e-02
  1.14168161e+00  3.91467342e-01 -2.87280560e-01  2.73180563e-01
 -4.30437368e-01  1.61493713e-03  1.94623703e+00  1.43311966e+00
 -1.81305844e-01 -1.25652440e+00 -6.14972411e-01  4.24773779e-02
 -1.89702292e+00  4.20737555e-03  1.25132553e+00  4.72349582e-01
  8.52286184e-01 -8.10822032e-02 -4.82037720e-01  1.24293423e+00
  7.78457072e-01  6.61541077e-01 -1.02845781e+00 -1.71736851e+00
 -8.27599127e-01 -1.33443653e+00 -1.16489628e+00  2.78086574e-01
 -1.26604763e+00 -1.87947053e+00  1.22464858e-02 -5.09641173e-01
 -1.85809006e+00  2.83682817e+00 -9.55582724e-01  1.76615159e+00
  1.44439477e+00 -3.49704767e-01  1.73459945e+00 -1.24865859e+00
  3.22028482e-01  1.07220541e+00  4.21408363e-01 -1.25223082e+00
 -2.09066793e-01  2.07282715e+00  6.45125349e-01  9.44178870e-01
 -5.19058708e-01  1.53236325e-01 -2.57576510e-01  6.73269463e-01
 -9.84797253e-02  6.47837212e-01 -1.40025445e-01  2.19425304e-01
  7.47786025e-01  3.44085809e-01  1.03203437e+00  9.48232418e-01
  1.36773730e-01  7.40172638e-01  3.98356098e-01  1.70798733e-01
  3.28145388e-01 -1.30839397e+00  1.31921222e-01  9.15016456e-01
 -2.52839193e+00  2.41322454e+00 -6.91702153e-01  3.78612495e-01
  2.24455550e+00  7.24218073e-01 -1.53230690e-01 -5.19742792e-01
 -7.15836094e-01 -1.99843948e+00 -3.61960469e-01  1.55353908e+00
 -6.22698414e-01  1.66464817e+00 -1.57591307e+00 -2.51394170e-01
  1.26692495e-01 -1.19647035e+00 -7.01062136e-01 -2.24509406e+00
 -3.84925943e-01 -1.41496925e+00  6.77416771e-01  4.65362625e-01
 -1.33583779e+00 -8.56393825e-01 -7.55177207e-01  1.10901370e+00
 -7.46382601e-01 -1.53902321e-01  9.97263933e-01  1.67094957e+00
 -3.77956554e-01 -1.25764458e+00  3.99731467e-01 -3.87440269e-01
  7.42309395e-01 -6.38087939e-01  2.67744064e+00 -3.34375533e-01
 -2.26777731e+00  1.81859757e+00  1.42021371e-01  6.30464012e-01
 -1.88157433e+00 -1.21434060e+00  2.04814762e-01  7.40936980e-01
 -1.22368986e+00 -1.17734735e+00  9.80474744e-01 -7.66956627e-01
  3.69061108e-01 -2.43173967e-01  4.82605922e-01  1.30892687e-01
 -5.48975441e-01 -1.36526098e+00  1.66270548e-01 -2.05098301e-01
  1.42304275e+00 -1.85947766e-01 -1.18594585e+00 -1.21885951e+00
 -2.90041063e-01  1.24880659e+00  3.78148613e-01  6.44715240e-01
 -1.26654882e+00  6.91285067e-01 -2.36475918e-01  1.14104724e+00
 -2.19075097e-01 -6.44906399e-01 -3.67887984e-01 -3.47312876e-01
 -6.85465779e-02 -9.68773940e-01  6.11154873e-01 -1.47533657e-01
 -1.35996267e-01  1.16687821e+00  6.58180471e-01 -9.60284010e-02
 -1.50496269e-01 -2.54930711e+00 -2.17909918e-01 -7.48009778e-01
 -4.23903870e-01 -3.44347641e-01  1.47238847e+00  2.32321232e+00
  1.07340508e+00 -1.38916336e+00 -2.22155250e+00  3.65529554e-01
 -2.58133510e+00 -9.78976567e-01 -5.50293939e-02 -1.80129174e+00
  9.05135950e-01  1.61403749e+00 -1.47086281e-01  5.70677406e-01
 -1.34775896e+00  1.16404775e+00  2.34010791e-01  5.09957261e-01
 -9.08320563e-01 -2.82384539e-01  8.50183340e-01  7.69775428e-01
  5.23361273e-01 -7.56918164e-01  1.81970186e-01 -8.40975819e-01
  1.26864329e+00  8.11054763e-01 -1.46544212e-02 -4.90273292e-01
  7.89310975e-01  9.57812147e-01 -9.01024290e-01  1.04645665e-01