 1.27446975e+00 -6.85662991e-01  1.01812657e+00 -1.18991827e+00
  9.27292673e-01 -8.84231674e-02 -2.60975605e-01 -7.73952232e-01
 -2.09995186e+00 -1.34748429e+00 -1.39262378e+00  1.37984083e+00
  1.79361896e+00  1.04015039e+00 -7.44093206e-01 -2.90721362e-02
  9.57378172e-01  1.02451841e+00 -1.64563594e+00  1.11737385e+00
 -1.15997286e+00 -2.18873144e-01  1.46826472e+00 -1.67174891e+00
  1.69166077e-01 -5.67692375e-01 -1.05528298e+00 -6.50792856e-01
 -5.41420898e-01  1.54116949e+00  4.69389144e-01 -9.63653998e-01
 -1.31174793e+00 -8.33860666e-01 -3.47220550e-01  6.31218730e-01
  1.68543370e+00 -7.32921238e-01 -3.06928273e-01 -3.31364812e-01
 -6.98213506e-01 -3.18204230e-01  6.61135000e-01 -1.37493624e+00
  8.10579816e-02 -7.62080840e-01  1.07509421e+00 -1.12698394e+00
 -5.56494661e-01 -5.09113405e-01  7.70226996e-01  1.83229718e-01
  4.72362638e-01  1.28634506e+00  4.80733910e-01 -1.15396383e-02
 -9.35405571e-02  1.70483594e+00 -5.09349913e-01 -1.09466393e+00
  5.69260054e-02 -1.73432584e-01 -6.52766510e-01 -4.47920079e-01
 -6.58484309e-01 -1.36535569e+00  2.30993145e+00  2.19356381e-01
  8.49856088e-01  7.13572012e-01  7.15023232e-01  3.59903826e-01
 -8.39708505e-01 -1.82851859e+00  8.38412170e-01 -1.32319702e-01
 -3.91613622e-01  8.90516450e-01  1.18706785e+00  2.98063713e-01
 -2.25354490e-01 -1.19490524e+00  1.27065267e+00 -8.52730337e-01
  5.21815576e-02 -1.41565635e+00 -9.16153226e-02 -2.89945802e+00
  2.26667056e+00  1.12439043e-01 -3.16930150e-01 -8.30597323e-01
 -5.75938839e-01 -3.39001049e-01 -3.41527977e-01 -2.05561160e+00
 -6.33516902e-01  1.39303568e+00  3.55213857e-01 -1.71389887e+00
  2.07059636e-01 -5.92542747e-01  8.07051863e-01 -9.49226961e-01
 -1.44267735e+00 -1.89346810e+00  1.53134323e+00  1.22543707e+00
 -4.73796342e-01 -3.52322990e-01  1.04165292e+00 -9.78339905e-02
 -2.23397843e+00  5.68080884e-01  2.10070182e-01  1.44796064e+00
 -1.40342145e-01  1.44542599e+00  8.58034508e-01 -1.33249045e+00
  2.55185031e+00 -6.87723930e-01 -1.41752266e-02 -4.33841868e-01
 -1.44421496e-01  1.64225514e+00  6.50057977e-01 -7.34979850e-01
 -1.26500534e+00 -1.57987151e+00  1.26954078e+00  5.41207910e-01
  1.39809251e+00 -4.55693173e-01 -9.60744236e-01 -2.12997858e+00
 -1.52518597e+00  4.63467023e-02 -2.33074235e+00 -6.92020233e-01
 -7.88708087e-02  6.05763254e-01 -5.09450923e-01 -7.41266755e-01
 -4.52624358e-01 -8.08731730e-01 -1.35017003e+00 -8.95198119e-02
 -6.93670347e-01  1.05060251e+00  1.09741623e+00 -1.55948600e+00
 -8.55091591e-01  1.30227543e+00  1.19053445e+00  1.35001629e-01
 -8.39228494e-01 -1.51324774e+00  1.12260550e+00  9.03559369e-01
  4.62930949e-01  1.03335658e+00  1.04998964e+00 -2.64070623e+00
 -5.31191214e-01  4.47177652e-01 -6.59394936e-01 -3.28929285e-01
  1.90203548e+00 -3.06765546e-01 -2.41654739e-01 -5.76495188e-01
 -2.30616079e-01 -1.89966481e-01 -1.09264647e+00 -1.37290852e+00
 -3.78432610e-01 -3.10706756e-01 -1.41327283e+00  2.06611764e+00
  1.57946985e+00  1.27411987e+00  3.56554435e-01 -8.02090654e-01
  8.83535931e-01  1.00445517e+00 -5.54907393e-01 -1.06691994e-01
  1.32602154e+00  2.79676783e-01  6.37928003e-01  6.43257926e-02
 -8.49466297e-01 -1.62432386e+00 -4.47502192e-01 -2.72582401e-01
  3.69967669e-01 -2.29332523e+00 -1.06005223e+00 -7.65273180e-01
 -5.95277330e-01 -3.95925192e-01  3.14505651e-01  3.45693372e-01
 -9.08514712e-01  1.04129954e+00 -4.97006975e-01  2.42764231e+00
 -7.36603423e-01 -1.55574269e+00  3.22045479e-01  7.93270735e-01
  1.25443241e+00  7.81428145e-01  7.63303679e-01 -3.50742392e-01
  5.31822752e-01  4.39847464e-01  3.50896722e-02  9.57234748e-01
 -1.15972675e+00 -7.39797252e-01 -4.19615465e-01 -1.78069316e+00
  1.02600391e+00  3.18546757e-02  7.99211645e-01 -1.05755998e+00
 -8.56547784e-02 -4.34824284e-01 -9.82189616e-01 -1.03011960e+00
  1.45322056e+00 -1.48359673e-01  1.06781695e+00  8.39464159e-02
 -6.93304099e-01 -3.05531439e+00  6.76832858e-01 -6.56096861e-01
 -1.32053453e+00  1.65310568e-01  8.03535624e-01  1.13941644e+00
 -2.93064677e-01 -1.33638854e-03  4.58266221e-01  8.64565617e-01
 -1.16795911e-01  6.50907946e-01  5.50181096e-01  5.02010810e-01
 -7.29737783e-01  3.15580341e-01 -3.59192039e-02  1.04053456e-02
 -1.27739368e-01  1.07814284e+00  4.71961702e-01 -6.65207244e-01
 -1.37923325e+00  6.35536329e-01  5.64425799e-02 -7.00435269e-01
 -6.24837744e-01  1.31571247e+00  1.00289330e+00 -1.74234459e+00
  2.79623076e-02 -9.30516132e-01  1.27054202e+00 -1.40747840e-01
 -3.24623064e-01 -8.10599506e-01  1.42373898e+00  6.82043550e-01
  9.64055060e-04 -5.25606694e-01  1.55491359e-01  1.95995906e+00
  1.77500153e+00 -2.56550815e-01 -1.01933920e+00 -1.18547098e-01
  9.54876578e-01  7.21969697e-01  1.65326875e+00 -1.13180796e+00
  5.73625330e-01 -1.39444378e+00 -9.88477510e-01  2.02940568e-02
  8.82459075e-02 -1.56645883e+00  3.25754202e-01 -5.24205069e-01
 -5.69249674e-01 -6.45188978e-01 -1.51837070e+00  1.25619974e+00
  8.29173635e-02  5.99996441e-01 -4.24903769e-01  4.64816377e-01
 -5.46981939e-01 -1.06497907e+00  6.01938932e-01 -7.68921309e-01
  3.15860050e-01  3.13616560e-01  9.94596029e-01  5.39829789e-01
 -2.88288385e-01  3.16472356e-01 -5.37773640e-01  6.62263668e-01
  1.11768424e+00  3.25964615e-01  8.41998701e-03  1.15884699e+00
 -2.93149082e-01  1.17349771e+00 -1.30256663e+00 -4.37909105e-01
  2.14154423e+00 -6.46929495e-01 -1.80580666e+00  1.30644703e+00
 -5.78890680e-01 -3.80845346e-01  2.22409324e+00  1.74533130e-01
 -5.13791680e-01 -9.75343480e-01  7.66716669e-01 -2.38227532e-01
  7.99050655e-01  1.46397962e-01  8.09500329e-01 -2.17352291e+00
  1.00472848e-02  3.14008336e-01  1.17337756e+00 -8.57960527e-01
  1.07618468e+00  1.14156484e-01 -7.14312379e-01  1.21305019e+00
  7.83225017e-01 -6.55907081e-02  7.14750511e-02  5.59892407e-01
 -1.51435255e+00 -1.68484867e-01 -1.82534873e-01  1.01272322e+00
 -1.56136151e+00 -9.39553864e-01  8.80338497e-01 -1.36454442e+00
  9.04206728e-02 -1.12018961e-01 -8.92163433e-01  6.30200000e-01
 -2.10072764e-01  1.38788129e-01  7.76643991e-01 -1.77556520e+00
  2.07259242e+00 -5.34970469e-03  5.88584452e-01 -3.96730846e-01
  5.53765016e-01  8.67314187e-01 -1.43052801e-01 -4.94358456e-01
 -1.46107368e+00 -3.99135377e-01  2.36099417e-01  1.49129014e+00
  1.60988175e+00  8.40497746e-01 -4.21465361e-01  3.79856831e-01
 -5.55680680e-01 -2.27622058e-02  5.42426447e-01  7.26293148e-01
  1.50960057e+00 -2.66287207e-02  2.30836571e-01  6.27938502e-01
  4.32195608e-01 -1.49918044e+00 -2.53931239e-01  6.82609453e-01
 -1.42528678e+00 -1.29197867e+00  8.97781032e-01 -4.15774915e-01
  9.23483303e-02 -9.18984927e-01 -1.40164357e+00 -1.60043635e+00
 -1.44089260e+00 -9.28355056e-02  8.57648430e-04 -4.98079233e-01
  2.22447968e+00 -3.95567947e-01  3.60520666e-01  1.93490410e-01
 -3.42881884e-01 -1.69162331e-01  2.89109514e+00  2.36269600e-01
 -3.99182065e-01 -4.26250958e-01 -8.48676119e-01 -9.72597852e-01
 -4.94100311e-01 -3.68214375e-01  1.23751739e-01  2.72291526e-01
 -2.01674124e+00 -1.11814933e+00 -1.14091775e+00 -1.15478618e+00
 -2.05227850e-01  1.20154279e+00  1.13431384e+00 -3.83797598e-01
 -4.32570192e-01  2.57663266e-01 -7.08441299e-02 -8.67959096e-04
  1.37017885e+00 -2.00144983e-01  3.73399523e-01  9.17051679e-01
 -7.16828172e-01 -3.41114552e-01 -6.15210900e-01  8.82820946e-01
  1.60958360e+00 -6.42082354e-01  5.53753343e-01  9.98159140e-01
  3.55742294e-01 -9.90903129e-01 -5.79244198e-01  1.15008011e+00
 -1.24643991e+00  7.26238700e-01 -3.84530885e-01  1.01331278e-01
  3.45356281e-01  1.74067837e+00 -9.94959074e-01  4.79436195e-01
 -6.82755065e-02 -6.42826776e-01  1.11132715e+00 -1.84054992e-01
  8.24479743e-01 -1.97900470e-02 -1.05304074e+00 -1.33486610e+00
  1.06151001e-01 -3.91361199e-01  1.80859386e+00 -6.46677749e-01
 -4.45241939e-01  5.01915501e-01  1.28183822e+00  1.48237315e+00
  2.82800278e-01 -3.13708239e-02  6.72438794e-03  1.84017031e+00
 -1.19168991e+00  1.69943333e+00  7.60074621e-01 -1.24255247e+00
  1.77195316e+00 -1.69152623e+00 -5.48661574e-01 -1.06345420e+00
  6.39225820e-01 -4.70488111e-01 -5.02300106e-01 -1.11144823e+00
  2.10225379e-01 -1.32016756e+00 -5.84976973e-02 -4.23048732e-01
  8.47350836e-01 -1.13566812e+00  3.56587501e-01 -1.69895116e-01
  1.14655751e+00  2.36786587e-01  1.12808180e+00  1.39173191e-01
  9.54133378e-01 -1.20677999e-01  2.04625946e-01  1.08303268e+00
 -6.25509143e-01 -5.61239620e-01 -1.36119154e-01  8.87555174e-01
 -6.23780418e-01  4.26151383e-01 -5.47686732e-01  5.10962709e-01
  2.00337213e-01  6.85594152e-01 -3.38635285e-01  3.39881605e-01
  3.00352618e-01  3.64183793e-01  2.74405425e-01 -1.03611372e+00
  7.40789821e-01 -7.73005573e-01 -3.83772092e-01 -8.49567404e-01
 -4.86776527e-01  1.42622564e+00 -1.82369905e+00  3.44011682e-01
  5.77792625e-01 -4.40079196e-01 -1.36143837e+00 -2.28110582e-01
  1.09925219e+00 -1.36806783e+00  1.59961978e-01 -8.36128814e-01
  1.42859022e+00  3.68189284e-01 -8.55800960e-01  5.23856477e-02
  1.79398763e-01  9.38039955e-02 -1.63702160e+00  1.12487915e+00
  8.12158001e-02 -1.74486062e-02 -8.87270153e-01  1.12793685e+00
  9.03094653e-01  1.29917237e+00 -1.11488877e-01 -8.08963624e-02
  7.04228531e-01 -2.34185305e-01 -3.28328503e-01  8.16826600e-01
  2.35698928e-01 -1.15707828e+00 -1.30793550e-01 -4.98467511e-01
  1.76548181e+00 -9.57413096e-01 -3.79666179e-01  1.73424105e+00
  1.46245139e+00 -3.80198312e-01 -6.32699051e-01  9.74146020e-01
  6.65268404e-01  1.78578819e+00 -2.80147642e-01  1.29112276e+00
  5.18058689e-01 -4.79846629e-01 -1.43454517e+00  1.64761254e+00
 -1.01983880e+00 -2.26748527e+00  6.86586319e-01 -4.67584373e-01
  1.63179773e+00  6.72666642e-01 -9.17599909e-02 -5.94915066e-01
  1.96785397e+00  1.62281994e+00 -5.85213425e-01  3.88367100e-01
  1.27213426e-03 -3.07026933e-01 -3.01541815e-01  1.78942874e+00
  1.25331071e-01  7.86954640e-01 -7.29977990e-01 -2.84263533e-01
 -1.56085826e+00 -1.83771568e+00 -1.77741132e+00 -1.48461864e-01
  5.18863974e-01  2.42376937e+00  6.04371628e-01 -4.62439094e-01
 -8.69036673e-02 -1.40106014e+00  8.32616540e-01  4.83597720e-01
  2.94479440e-01 -8.05692501e-01 -4.50407882e-01  7.25471522e-01
 -1.42933866e-03  7.86699746e-02 -4.22592203e-01  1.73380068e-02
 -3.97405913e-02 -7.85309422e-01  3.45377474e-01  1.75046113e+00
 -4.70317134e-02  1.07525733e+00 -9.29335291e-01  5.10203633e-01
 -4.01055364e-01 -3.08413508e-01  1.01843198e+00  4.80390300e-01
 -4.95581077e-02 -9.43806287e-01 -2.20438992e-01  1.47213446e-01
  1.10870058e+00  6.19429292e-01  3.56417469e-01 -1.63053420e+00
 -1.54865858e-01  2.09823650e-01 -1.47298003e+00 -4.69400927e-01
 -1.82067474e+00  4.54030823e-01 -7.03639493e-01 -7.59391911e-01
 -2.04403365e-01  5.28602740e-01  5.56261654e-01 -3.20692605e-01
  3.16918866e-01 -8.32356589e-01  1.15556882e+00  1.28639622e+00
 -9.14922950e-01 -1.65359421e+00  1.68753495e+00 -6.88552649e-01
 -2.69472527e-02 -2.51611755e-01 -1.29798196e+00 -4.74088899e-01
 -5.38663247e-01  1.05866874e+00  1.03037055e+00  1.01542480e-03
 -3.13940723e-02 -1.07900184e-01 -1.64233247e+00  5.84099890e-01
  1.51051932e+00  1.29555313e+00  1.60269601e+00  3.79031613e-01
 -1.08540657e+00  1.26817838e-01 -4.57004669e-01 -1.15390084e+00
  1.81906164e+00  1.19019717e+00  1.49666049e-01 -4.77177003e-01
 -6.42678155e-01 -4.94596243e-01  3.87720387e-01  2.86932171e-01
 -2.62053039e-01  1.07071547e+00  6.00955316e-01 -1.34756518e+00
  4.46445085e-01 -4.52916608e-01  1.33502163e-01 -1.27399376e-01
  1.04971795e+00  2.07412287e-01  5.48655628e-01  7.69112910e-01
  8.38856453e-01  2.09164266e+00  1.29931149e+00 -9.29580219e-01
  1.21122136e+00 -2.43010292e-01  8.80064219e-01  6.61589768e-01
  7.91529615e-01 -9.18081744e-01 -1.48073656e+00 -1.00341866e+00
 -2.07811070e+00  8.37839209e-01  5.51424829e-01  5.10176447e-01
 -9.68832409e-01 -7.69949802e-02 -6.08951427e-02  1.58333618e-01
  1.07062832e+00  1.58235761e+00 -2.36272990e+00  1.20408799e+00
 -2.29937792e-01 -4.36771827e-01  6.91001747e-01 -2.35480195e-01
  9.25323420e-01 -4.63959021e-02  4.98955369e-01  9.34336052e-01
 -1.28482128e+00 -3.51134943e-03 -6.23599380e-01 -9.82328791e-01
  2.08533916e+00 -3.90914726e-01 -3.02621528e-01 -1.61779114e+00
  1.16177748e+00 -2.23564730e+00  3.25907599e-01 -5.80868994e-01
 -9.72282606e-01  8.12549687e-01  4.30828128e-01 -1.84749789e+00
 -9.52934229e-01  1.36671764e+00 -7.56636498e-01  1.65079813e-01
  1.00481496e+00 -5.47435792e-01  4.05138298e-02 -5.28062498e-01
 -5.82779965e-01 -2.34978254e-01  4.31506524e-01 -7.63262665e-01
  9.29304417e-01 -2.22006197e-01  9.45636286e-01  5.39918039e-02
  1.04528365e-01  2.33560611e+00  8.86788852e-01  7.12973204e-01
 -1.16265830e+00 -2.18992694e-01 -1.11093589e-01  1.32419688e+00
 -2.32646950e-01 -4.51646951e-01 -1.62797216e+00 -4.18257296e-01
 -1.42321514e+00  8.01184492e-01  6.52048325e-02  1.53109194e+00
 -4.29039366e-01 -2.46727148e+00  3.14006111e-02 -6.49594243e-01
  1.47107471e-01 -1.11727836e+00  4.89966815e-01  8.81307054e-01
 -9.50635992e-01  2.76964283e-01  4.14339757e-01  4.04696449e-01
 -2.53115794e+00  3.11871990e-02  3.32208540e-01  2.03783026e+00
 -5.72464349e-01  1.70312542e+00 -9.76857232e-01  8.40442072e-01
 -8.95006302e-01  3.83987119e-01  7.12464822e-01  4.59412724e-01
  7.64089797e-01 -1.25971976e+00 -2.38087155e+00 -5.52014387e-01
  8.43914060e-02  2.95803910e-01 -1.44136059e-01 -1.76956664e+00
  1.08615536e+00 -3.00254856e-03 -5.89146668e-01 -8.15501633e-01
 -4.59189270e-01 -3.14351562e-01 -9.04812180e-01  8.36253948e-01
 -3.97484942e-01 -6.00864999e-01  1.56558929e+00 -7.13283829e-01
 -7.08193179e-01 -1.30724657e-01  1.68902540e-01  1.99224611e-01
  6.91789055e-01 -3.48976139e-01 -4.51332137e-01  5.12484663e-01
 -7.33794078e-01 -6.90045575e-01 -3.76549303e-01  1.01720177e+00
 -1.40228476e+00 -1.19697237e+00  1.33997910e+00  1.89330310e+00
  8.97779433e-01 -9.86464590e-02 -6.03704014e-01 -7.40796887e-01
 -1.11109224e+00  3.84763848e-01  2.25107727e-01 -1.30351093e-02
 -3.06564912e-01  9.10067000e-02 -7.52912597e-01 -1.31276899e+00
 -2.04460251e+00  9.03726715e-02  1.20178862e+00 -4.84065629e-01
 -9.67682106e-01 -1.88047041e+00 -5.70396497e-02  4.60753396e-01
  4.43855869e-01 -1.48126917e+00  1.27834963e-02 -6.65624254e-02
  4.97003889e-01  2.19063549e+00  4.28543439e-01  7.89178059e-01
  8.82196764e-01 -4.04059831e-01  1.59892489e+00 -1.53406273e+00
 -2.82597474e-01  5.22136196e-01  7.93817984e-01  1.53727431e+00
  7.27499319e-01  6.01223252e-01 -5.85250186e-01  2.22736500e-01
 -1.05119982e+00 -3.07306915e-01 -7.32383016e-01 -1.00098525e-01
 -8.20309781e-01 -1.19244517e+00 -1.37695480e+00  3.83499649e-01
 -5.77401089e-01 -1.99659839e+00 -7.84724934e-01  9.21335265e-01
  8.69061980e-01  7.97841178e-01  1.31163353e+00 -5.18101513e-01
  6.00908926e-02  5.11670697e-01 -4.03602574e-02  1.07205200e+00
  8.79084436e-01  1.29418075e-01 -5.14246834e-01 -1.26151918e-01
  8.40957194e-01  5.98643583e-02 -5.60275988e-01  1.42797011e+00
  1.82929818e+00 -9.06817897e-01 -1.22521883e+00  4.61043651e-01
  3.74018652e-01 -7.94507699e-01  1.80873581e+00  7.54251387e-01
  4.15280112e-01 -7.02574704e-01  8.23959227e-01 -8.65296457e-01
 -8.89958333e-01 -1.12045068e-01  1.20156565e-01  8.64423328e-01
  6.86747463e-02 -5.20570100e-01  5.40969819e-01 -3.72247178e-01
  1.31013456e+00 -9.70426255e-02  4.73164685e-01  1.09235392e+00
  1.51388986e+00 -1.15605428e+00  1.44040002e+00 -4.70748595e-01
  7.99156458e-02 -7.10505268e-01 -1.40731163e+00  3.27823581e-01
 -2.27719361e-01 -2.93815836e-01 -9.14529661e-01  1.40645727e-01
 -1.34199731e+00 -1.15821394e+00  1.29478064e-01  1.05334885e+00
  1.41224476e+00 -1.93057802e-01  1.21481245e+00  3.95741481e-01
  5.27702238e-01  1.38261792e+00  4.29716037e-01 -1.47848006e-02
 -1.28751104e-01 -4.88386799e-01  2.09318996e+00 -2.68618910e-01
 -2.57289559e-01  1.34899978e+00  5.49848303e-01 -7.97157424e-01
 -1.45359887e+00  5.79284573e-01 -1.34450637e+00 -1.18490083e+00
  8.52398795e-01  1.60422770e-01 -5.16133214e-01  3.84986662e-01
  4.59523924e-01 -2.53846491e-01 -5.83260854e-01 -1.33184634e+00
  1.50339041e+00  1.12482622e+00  1.33992285e+00 -1.84450161e-02
  6.68715784e-01 -6.87100378e-01  1.52599762e+00  7.15110704e-01
 -2.79009819e-01  7.01763263e-01  1.10291237e+00 -5.47823068e-01
  1.73096123e+00 -6.74685308e-01  3.25372989e-01  2.23041494e-01
 -2.33793881e-01  1.40623787e+00  3.55041878e-01  7.20901957e-01
 -9.56197352e-01  1.06124272e+00 -3.34774088e-01 -6.06956053e-02