-1.04418739e+00  5.45573156e-01 -5.20671787e-01  3.71796796e-01
 -8.48235754e-01 -1.95003879e+00 -1.09462761e+00 -7.81809004e-01
  9.17876170e-02  1.39301600e+00 -1.22583471e+00  8.38622531e-01
  2.40848551e-01 -6.71999471e-01  9.54642637e-02  3.90309910e-01
  9.63279964e-03  7.50686169e-01 -2.04327226e+00  3.51796401e-01
 -4.33886092e-01 -3.91269794e-01  7.09473951e-01 -1.15021676e+00
  2.50462521e-01  5.10956758e-01 -1.58345143e-01 -9.22878373e-02
  6.82773511e-01  9.91661868e-01 -4.12095915e-01  2.51152443e-01
 -6.94780694e-01 -1.63175681e-02 -1.49506357e+00 -8.04791372e-01
  4.80335723e-01 -7.90320994e-02  5.22135889e-01 -1.77276289e+00
  6.08876154e-02  1.55082064e-01  2.82625805e-01 -7.80931653e-01
  1.14887343e+00  3.77983183e-01 -1.11495583e+00  1.27640741e+00
  1.34758835e-01  4.97853544e-01 -4.92739781e-01 -2.08608317e-01
  2.51522790e-01 -5.51108549e-01  1.48912386e+00  6.61738265e-01
 -8.36624406e-01  1.10946808e+00  1.84947657e+00  1.93983121e-01
 -5.69756473e-01 -4.24023581e-01  4.34444499e-01 -5.76200389e-01
 -8.82855132e-01  5.44192847e-01  1.80226531e-01  9.31877132e-01
  1.19915926e+00  5.17427489e-01  1.18421266e+00  3.50123266e-01
  5.83486786e-01  6.33047687e-01 -1.96120672e-01 -1.85999470e-01
  5.25848768e-01 -3.40033704e-01  3.41688375e-01 -5.18750063e-02
  1.36848002e+00  3.06290542e-01  9.87140058e-01  7.03799730e-01
  3.21830995e-01  1.33164889e-02  9.62202892e-01  8.00830192e-01
 -4.25179144e-01  2.29179967e-01 -1.98243566e+00 -2.80826228e-01
  1.84453187e-01  5.26158809e-01 -4.68829104e-01 -1.55159466e+00
 -1.81911404e-01  1.09596645e+00  1.19629133e-02 -5.93914432e-01
  1.63961406e+00  1.02294364e+00  6.84405747e-01  1.26600317e+00
 -1.35266806e+00  6.91895173e-01 -3.79736204e-01 -1.03120178e+00
 -1.55902530e+00 -1.83310236e+00  7.30659124e-01  1.38936125e+00
  1.75216758e-01 -8.52475206e-01  1.05287582e+00 -8.37589639e-01
 -6.50719409e-01 -4.87679341e-01 -9.04309146e-01 -1.09151543e+00
  7.47525861e-01 -1.78016144e+00  2.54719641e-01  2.72277630e+00
  1.19260830e+00 -5.22555305e-01  6.39278003e-01 -8.12682220e-01
  4.23923480e-01  1.46703900e-01  7.91197927e-01 -2.22602228e+00
  8.51676325e-01  2.10953803e+00  1.02588864e-01  2.19542214e+00
 -2.87149584e-01  7.80032986e-01 -8.71178258e-01 -8.67657190e-02
 -2.72023019e-02  3.00077598e-02  4.27145578e-01  4.43443802e-02
 -1.72367064e+00 -1.08450482e-01  8.62009404e-01 -1.39622087e+00
  5.82838442e-01  4.28264870e-01 -1.84619148e+00 -4.53338762e-01
 -1.76820328e+00 -1.37255273e-01  6.00456658e-01  8.64064736e-01
  1.12319960e-01 -9.50464418e-01  9.73295198e-01  2.40232987e-01
  3.43256011e-01  9.09927849e-01  2.27447529e+00 -7.96309754e-01
  1.88348502e-01  4.31589873e-01 -4.26247964e-01  8.42265543e-01
 -7.21399353e-01 -5.91202142e-01 -1.63881394e+00  1.25446120e+00
  2.38303674e+00 -7.18542377e-03 -3.82962239e-01  1.08028941e+00
  3.67523230e-01 -1.80913044e+00 -2.49024961e+00 -1.71722383e-01
 -1.43661766e-01  1.53014112e+00 -2.88611938e-01  7.40229549e-01
  6.20478310e-01 -1.87586935e+00  8.55945314e-01  1.93410400e-03
 -1.01742488e-01 -1.82351815e+00 -5.72377184e-01  7.65335330e-02
  5.92954273e-01 -1.19157121e+00  1.93929339e-01 -1.04787460e-01
 -6.58968639e-01 -1.52118903e+00  6.23108048e-03  2.51980942e-01
  4.67729952e-01  1.72038627e+00  1.11600441e-01  3.73557962e-01
  1.72885397e-01 -6.76526181e-01  4.90720995e-01 -3.09353375e-02
  1.51924926e+00  6.69402109e-01 -5.21593186e-01  5.33902995e-01
 -1.18852765e+00  9.11912682e-02  8.61468735e-01  3.42411134e-01
  1.96583733e-01 -2.52922585e-01 -1.09651942e+00  3.68310855e-03
 -1.91898007e-01 -2.28194423e-01 -3.50715065e-01  4.13491664e-01
  1.73211327e+00  1.05733424e+00  4.13582551e-01  9.31717360e-01
 -3.66144431e-01 -1.24305479e+00 -1.26842148e-01 -1.24039955e+00
  2.00860247e-01 -4.29082397e-02 -4.62008453e-01  8.90598628e-01
 -8.27625246e-01  4.63569262e-01 -3.40098918e-01  9.87242808e-02
 -1.01946874e+00 -3.87683131e-01 -4.87816309e-01  2.50040744e+00
  1.21934761e+00  1.84903247e-02  4.32987444e-01  2.13841433e+00
 -1.08009430e+00 -8.61321359e-01 -4.48741119e-01  8.58615936e-01
  6.98602416e-01 -1.10151896e+00 -2.08318142e+00  1.25527976e-01
  1.28114466e-01 -1.54128557e+00 -1.81183106e+00  1.29701152e+00
  1.82857826e+00  7.58826632e-01  2.20891693e+00 -2.96519690e-01
 -4.56340875e-01 -6.23942526e-01 -3.25202588e-01  3.04137512e-01
 -4.58251227e-01 -4.44560062e-01 -1.79119409e+00 -4.13052293e-01
  7.22887532e-01 -9.39392935e-01 -1.02270159e+00  1.84952741e+00
 -1.06950177e-01 -4.54428866e-01 -1.05693130e+00 -4.13769491e-01
 -2.22396407e+00 -8.40360619e-01  3.87208693e-01 -1.20075709e+00
  1.05996354e+00  5.11624767e-01  1.00854844e+00  3.70903124e-01
  2.45494949e-01  4.96629730e-01  3.72030659e-02  9.93515461e-01
 -4.83382388e-01 -4.38572796e-01 -4.89670906e-02 -1.59775155e-01
  1.75137914e+00  4.59926177e-01 -5.05448975e-01 -9.92981033e-01
  6.40666055e-01 -5.90695011e-01  3.78088160e-01 -8.61985641e-01
  1.72241278e+00 -9.22726447e-01  2.10969284e-01  2.13323509e+00
  2.70410499e-01 -3.51713081e-01 -6.09929667e-01  4.91231103e-01
 -5.68825582e-01 -8.38942625e-03 -1.02755121e+00 -5.11023512e-01
  4.89420946e-01  4.56023583e-02  1.67605361e+00 -9.55323188e-01
 -7.35388905e-01 -1.63907182e-01 -8.34109392e-01  8.05972493e-01
  1.46250229e-01 -1.13382808e+00 -7.46151335e-01 -8.70466168e-01
  1.69212353e-01  4.56956670e-02  4.29667215e-01 -3.25785044e-02
  1.11474344e+00 -1.47056268e-01  6.58943743e-01  1.35040665e+00
  1.20464470e+00 -6.02232544e-01  8.55577288e-01  1.22409680e+00
  5.48363310e-01  9.50037113e-01  1.58203869e-01  3.36491511e-01
 -1.19696722e+00  2.92653997e-01  7.72775269e-02 -2.53915646e-01
 -2.42228614e-01 -2.84636419e+00  5.02468476e-01 -2.06673362e-01
  1.13288684e+00 -1.39715733e+00 -8.77431036e-01 -5.09454612e-01
  5.69356365e-01 -1.44396524e-01 -9.92551609e-01  2.19006181e-01
 -1.78883968e+00 -7.62510990e-01  6.41655330e-01  1.23945098e+00
  3.48297822e-01 -1.47479087e+00  4.35633266e-01 -3.42961409e+00
 -8.85515591e-01 -7.12837205e-01  1.22048868e+00  5.16525729e-01
 -3.10623676e-03 -5.61654104e-01  3.24534272e-01 -1.51731330e-02
  2.15481599e+00  6.66944988e-01 -8.97929613e-01 -1.05423097e-03
  1.07400319e+00  3.65961596e-01 -7.74165832e-01 -6.41168288e-01
 -5.65770818e-01  5.01163687e-01 -1.25523167e+00 -4.70456900e-01
 -1.04264460e+00  9.36855467e-01  2.09450715e-01  5.82966271e-01
  9.80574192e-01  9.72670816e-01  1.19167937e-01  1.04274621e+00
  2.00032238e+00 -1.06376862e+00 -2.01388510e+00 -4.98297582e-01
 -2.84802884e-01  5.83564380e-01  2.53890353e-01  3.81499555e-01
  9.13580953e-01 -1.00539520e+00  8.83769192e-01  1.29949254e+00
 -5.10312817e-01 -3.57012687e-01  1.28891921e+00  3.02770298e+00
 -2.45146166e-01  7.77208973e-01  2.03417762e+00 -4.07387836e-01
 -1.75839449e+00  1.47166655e+00 -7.64062518e-01  4.52732053e-02
 -2.59752823e-01  1.61136575e+00  1.68838087e-01 -5.31311185e-01
 -3.09782448e-01 -9.71965896e-01 -4.64079816e-01  2.83003251e-01
  1.36227827e+00 -1.54182648e+00 -1.26019889e+00  8.97637462e-01
  2.42970979e+00  7.93255667e-01 -1.20900069e+00  1.16413626e+00
 -9.75851167e-01 -1.19403740e+00  2.50398584e-01  1.82479237e-01
 -2.31329964e-01 -4.56492489e-01 -8.49716947e-01  9.31383832e-02
  6.67436453e-03  8.38575407e-02 -1.19565459e+00 -2.13984131e-01
  1.07888968e+00  1.59978421e+00 -9.08608609e-01 -1.90734859e+00
 -5.01075205e-01 -7.88153053e-02  6.82302761e-01 -1.96612392e-01
 -2.74104547e-01 -2.52691567e-01  1.99363760e+00  1.41755710e-01
 -1.72826359e-01  3.83162350e-01 -2.42339848e-01 -4.28899696e-01
 -3.93052051e-01  4.06449852e-01 -1.49553103e+00  3.22723608e-01
  2.55057735e-01  2.01604770e-01 -7.17617595e-01 -1.93655071e-02
 -8.98253589e-01  2.39952734e-01  3.71006147e-02 -5.82927944e-01
  3.88398014e-01  1.29332417e+00  7.33243362e-01  2.12807768e+00
 -7.11985080e-01  5.26678695e-02 -2.81788724e-01 -1.12807455e+00
  1.97723635e+00  1.67509994e+00 -7.08233612e-01 -5.31713930e-01
 -5.97456631e-01 -1.71281863e-01  9.68291862e-01 -7.13580744e-01
 -2.39912714e-01  1.56223788e-01 -1.94910034e-01 -1.07590163e+00
 -1.02472079e+00  1.68469158e-01 -9.07223842e-01 -3.59414519e-01
  1.21922752e+00 -9.70200458e-01 -4.37450362e-01  3.78259588e-01
 -1.16865143e+00  1.69439590e+00 -1.84831248e+00 -8.94680702e-01
 -2.40803925e+00  5.11950517e-01 -2.46558228e-01  6.43352586e-02
  1.30668931e+00 -9.81579086e-01 -7.87659646e-01  1.82256938e-01
  2.74191528e-01  1.37356971e-02 -7.26939393e-01  1.66975666e-01
  1.33029939e+00 -5.71569674e-01  8.37607800e-01  5.77713790e-01
  7.59999870e-01 -9.35854155e-01 -4.64702711e-01  5.56233631e-01
  3.69090513e-01  6.51228642e-01 -3.58352361e-01  3.11003568e-01
 -2.06914547e+00  5.92923916e-01  1.63522314e+00 -8.76676502e-01
  2.14250996e-01 -2.82970787e-01  2.17865829e+00  6.78545620e-01
  1.17392922e+00  1.08138271e-01 -3.15328871e+00  8.43999174e-02
  4.30983417e-02 -3.47931667e-01 -8.92186436e-01  2.24949497e-01
  8.24181503e-01 -1.11845449e+00  1.37061218e+00 -1.29082873e+00
  1.70236445e+00 -5.24441514e-01 -2.54378433e+00 -1.47062076e+00
  6.63583116e-02 -2.87887927e-01  8.49308592e-02  6.67023165e-01
  2.13303124e+00 -3.86791566e-02 -1.47734021e-01  2.31994679e-01
 -1.10951396e+00  8.87183723e-01  1.61519057e+00  1.87954677e-01
 -7.55054711e-01  6.58566002e-01 -1.88242220e-01  1.25831977e+00
  5.09205074e-01 -4.30650633e-01 -1.73431565e+00 -8.88583686e-02
 -5.30423659e-01 -8.52765024e-01 -7.30417473e-01  1.62075110e-01
  2.17413120e+00  8.13753785e-04 -1.39542097e+00 -3.64250898e-02
  4.14443663e-01  8.22809919e-01 -1.62845755e+00 -1.20673416e+00
  1.23697677e+00  1.92568486e-01  2.77250108e-01 -2.36409896e-01
  1.55651212e+00 -1.50925562e+00 -3.07875527e-01  4.88064606e-01
  9.96273644e-01 -1.42691023e+00 -3.46917627e-01  2.19474233e-01
 -9.17017669e-01 -6.20573873e-03 -3.85916844e-01 -6.97484536e-01
  2.46955824e-01  1.69119878e+00  1.72078599e-01 -8.30446726e-01
 -1.07055940e+00  8.17240547e-02  7.26793003e-01  2.34822618e-01
 -6.90244705e-01  4.52210890e-01 -2.29153155e-01  4.72457297e-01
  1.72926628e-01 -6.72641646e-02  1.47263340e+00 -1.56620498e+00
 -2.45369745e+00  1.39098929e+00 -1.93200859e+00  7.95931165e-01
  1.99512595e+00  8.25884305e-01  5.64842031e-01 -9.11830530e-01
 -1.67469122e+00  9.00876055e-01 -2.69005054e-01  1.53861282e-01
 -1.96147143e+00 -1.50286921e+00  1.17576312e+00 -7.24597745e-01
  7.28040132e-01  4.17932390e-01  2.75587526e-01 -3.52854513e-01
  7.27049736e-01 -9.28544338e-01 -5.25028918e-01 -3.48547552e-01
 -8.58281405e-02 -6.53098395e-01  2.08863709e-01  1.83364301e+00
  1.37393991e+00 -1.51650543e-01  1.08583364e-01  5.07316251e-01
  5.10663573e-01 -2.68185412e+00 -5.72665626e-01  4.85845232e-01
  1.14186854e+00 -5.30299750e-01 -4.74827573e-01 -3.46697249e-01
 -8.64049136e-01  4.21526213e-01 -1.17536087e+00 -1.19885205e+00
  1.35571050e+00 -2.29698457e-01 -2.71455029e-01  3.30088330e-01
 -9.19772741e-01 -6.50678831e-01 -2.59911623e-01  6.92693204e-01
  4.21022611e-01  1.20604925e+00  1.63600049e-01 -1.07128455e-01
 -7.81052116e-01 -5.42778769e-01 -2.92520982e-01 -2.72757687e-01
  2.76009914e-01 -7.56382360e-01 -3.99054697e-01  1.57993533e+00
  2.37427346e+00 -1.08820559e+00  5.26021093e-01 -1.24847309e+00
  9.49863906e-01  2.78224005e-01 -6.06613510e-01  8.57307480e-02
 -2.74746768e-01 -2.54719227e-01  1.00520060e+00  1.03775284e+00
  4.89942381e-01  9.17841072e-01 -1.60763383e+00 -8.34194364e-01
 -1.26574866e+00  1.28836368e+00 -1.11129289e+00  2.55132233e+00
 -1.97236760e-01 -1.32663625e+00 -1.99914734e+00  8.44666400e-01
  4.96674410e-01 -8.60147173e-01  3.47633653e-01 -1.11285226e+00
 -4.18129926e-01  6.09449221e-01 -1.14701283e+00 -1.12023207e+00
 -7.77223763e-01  5.20475498e-01 -1.41885534e+00  6.84378936e-01
  1.49743433e+00  3.93400021e-01  2.35069353e+00 -1.72270892e-01
  2.67322292e-01  8.78045369e-01  9.36231638e-01 -3.62116365e-01
 -1.39682874e-01  5.17697559e-01 -9.81721992e-02 -1.72713673e+00
  2.69290355e-01  7.60950893e-01 -5.89258973e-01  5.01767665e-02
 -1.95335268e-01 -1.59218116e+00  2.31583948e-01 -1.26127833e+00
 -6.84917860e-01 -1.04281628e+00 -1.35580545e+00  2.96020235e-02
  9.98501116e-01  1.97517395e+00  4.13755781e-01 -5.57811187e-01
  4.72503614e-01  8.36524547e-01 -1.80055900e+00  1.31413690e+00
  5.54722973e-01 -2.37231453e+00  4.18048994e-01  6.27121310e-01
  2.60209946e-01 -3.22942902e-01 -9.35058110e-02 -4.43989024e-01
  1.74378782e+00 -2.83213045e-01  3.00187047e+00  1.02626302e-01
 -1.61056023e+00  8.00455670e-01  5.56369822e-02 -1.37637103e+00
  1.78068627e+00 -1.60946065e+00 -1.54014885e+00  6.75408500e-01
  1.69682881e+00  5.17493925e-01  1.37209895e+00 -3.02829185e-01
 -1.10672097e+00  6.37747231e-01 -3.76884280e-01 -1.68306689e+00
  1.88031976e-01 -1.84240460e-01  1.41657048e+00  6.38006687e-02
 -3.03310416e-02 -1.12087378e+00  1.63041079e-01  1.79413811e+00
  7.86624548e-01 -8.26987312e-01 -1.08352785e-01 -2.02091893e-01
  3.64723568e-01 -3.14611983e-01 -1.50567790e+00 -6.68350002e-01
 -3.70664511e-01  1.62050183e-01  1.33432508e+00  7.59131795e-01
  3.97538943e-01  7.56043078e-01 -1.46067426e+00 -5.27058258e-01
  2.76498175e-01 -7.97711998e-01  3.38227689e+00 -9.56416267e-01
 -3.90792678e-01  1.12614427e+00  1.26801693e+00 -1.69553473e+00
 -4.74838190e-01  2.59719867e+00  1.55392943e+00  3.08787426e-01
  4.51931180e-01 -4.88156937e-02  3.09370105e-01  2.24630388e+00
  8.10657955e-01 -9.01589616e-02 -5.16571458e-01 -7.32227554e-03
  4.92644533e-01  2.70869914e-01  7.91309547e-01  2.46320656e-01
  5.55754152e-01  1.74288905e-02  1.21183192e+00  1.19667206e-01
 -3.28334282e-01 -1.92809702e+00 -2.97635814e-01  1.88158706e+00
 -1.78208358e-01  1.60426005e+00 -2.55331888e-01 -1.09425533e+00
  1.59340057e+00  2.39104759e-01 -8.45060391e-01  3.94663835e-01
  9.96546637e-01 -3.35077423e-01  1.22118604e-01 -6.79308648e-01
 -3.97737813e-01 -6.89520687e-01 -8.82990056e-01 -3.48295389e-01
 -1.32905950e-01  1.84763106e+00  8.61332387e-01  1.17104888e+00
 -1.23708507e+00 -9.91813597e-01  4.90266910e-02 -9.51149606e-01
  1.04299644e+00  6.25517767e-01  5.82852203e-01  1.05645975e+00
 -1.24300385e+00 -1.05637998e+00 -2.05448406e+00  4.87952524e-02
  1.41232530e+00  3.29042631e+00  2.37939805e-01  1.90396426e+00
  2.99752479e-01 -8.13685083e-01 -6.81748593e-01  3.84192623e-01
  6.97483923e-01  1.08668495e+00 -1.40391224e+00  6.49916512e-01
  8.32806060e-01 -1.31461090e+00  9.40826496e-01 -2.02395594e-01
  6.87577142e-01 -5.06751060e-01  6.90498988e-01  2.54953655e-01
  3.91419041e-02 -4.13235363e-01  1.98414268e+00 -3.02890749e-02
  1.70187139e+00  7.47796261e-01  2.68064021e-01  4.48238471e-01
 -1.29662424e+00 -9.75709966e-01 -2.36360048e-01  1.12734611e+00
  8.15405541e-01  1.58984053e+00 -2.51583392e-01 -8.94170200e-01
 -9.75145958e-01  2.13600026e-01  1.61170618e-01 -6.97113667e-02
 -1.26428163e+00 -1.41652242e+00  1.24397206e+00  6.10180945e-01
  6.37050140e-01  1.60295513e-01  9.48435121e-01 -1.15119825e+00
  1.10781024e+00 -7.71725537e-01  1.18950392e+00  5.31690715e-01
 -8.18953645e-02 -9.10955608e-01 -1.54683991e+00 -4.96413471e-01
 -2.10919874e-01  9.64259586e-01  3.67283024e-01 -1.20939224e-01
 -1.96051290e+00 -1.16520493e+00 -2.16334375e-01  8.20469162e-01
  1.56016725e-01  3.48923702e-01 -9.39224111e-01  1.85834752e+00
  1.18127462e+00 -7.44569336e-01  7.15054776e-01 -9.41497771e-01
  1.86574099e-01 -6.65411993e-01 -1.06506860e-01  7.48652381e-01
 -1.86963250e+00  4.69698938e-01  1.91662783e+00  1.39115260e+00
 -5.01599564e-02  2.05174283e+00  7.56631914e-01 -1.22375542e+00
  1.19574784e+00  1.54706827e+00 -1.09385390e+00 -5.57355111e-01
  8.43985315e-01  9.05048532e-01  3.21190213e-01 -1.31348623e+00
 -3.71128127e-01 -4.94578373e-01  6.10590240e-01 -1.46886370e+00
  9.03301773e-01 -1.83273594e+00  6.25103826e-01  9.50363789e-01
  1.18360927e-02  4.43580970e-02 -4.53661572e-01 -4.67323439e-01
 -2.72358454e+00  1.59680966e-01  8.86411213e-01  1.05232055e+00
 -7.49841154e-01  1.91051865e+00  1.48401950e-01 -1.92327353e+00
 -7.28893064e-01 -3.69217659e-01  1.05949802e+00 -5.21163555e-01
  4.48072205e-01  4.20522390e-01 -2.35389201e-02  2.35871745e-01
 -1.10567476e+00 -1.45101915e+00  3.90191027e-01 -2.29641278e-01
 -1.35319736e+00  3.43741142e-01 -1.09461562e+00 -7.31455846e-01
 -1.81719772e+00  1.79701460e+00  1.04500454e+00 -3.75491948e-01