-6.37865627e-02  1.69005671e+00  2.07945280e-01 -7.04809526e-01
 -2.48178883e-01 -4.59668824e-01  2.66832112e+00  5.29760775e-01
  1.53365058e+00 -1.14789670e+00  1.57684510e+00 -1.22062650e+00
  9.30614408e-01  9.53222196e-01  3.64573644e-02 -2.14182792e-02
  8.38500765e-01  3.04779451e-01  4.67660341e-01  4.60033639e-01
 -3.26185722e-01  1.49093683e-01  9.06038490e-04  4.16543467e-01
 -1.19289263e+00 -1.47788795e-01 -1.73138238e-01  9.29691109e-01
 -1.12069692e-01 -4.47001825e-02 -1.89655558e-02  9.10643009e-02
 -8.88090956e-01 -7.75094108e-01  7.31423695e-01  9.82047866e-01
  2.90656728e-01 -2.06306383e+00 -1.75303154e+00  1.89751665e-01
  1.10084845e+00 -6.56991058e-01 -1.88681961e+00 -2.29386733e-01
 -1.00161869e-01 -1.12737827e+00 -1.75455056e+00 -1.71616098e+00
 -4.58091664e-01  1.40313150e+00  4.58740050e-01  1.39359249e+00
 -1.21860197e-01 -7.35172675e-02 -1.11796115e-01 -3.57821947e-01
  8.52912922e-01 -1.14775148e+00  1.84282364e-01 -8.83452427e-01
 -3.15145168e-01  1.20689805e+00 -5.91506218e-01 -1.61321970e+00
 -6.06066174e-01  2.93752650e-01 -1.54198590e+00 -3.36386607e-01
  4.35916458e-01 -4.40797103e-01  2.55668273e+00  1.04046966e+00
  9.33699995e-03  8.77988518e-01  1.05930531e+00  3.70624576e-01
 -3.68511214e-01 -1.51361970e+00  3.94538994e-01 -1.34895152e-01
  1.04289187e+00  6.72791865e-03  1.43769723e+00  5.07059579e-01
  2.42736157e+00  1.33248947e-01 -9.08337923e-01  4.88625607e-01
  1.87613233e-01  1.92005151e+00 -5.34634555e-02  3.65592621e-01
  5.33608337e-01  1.23698574e+00  4.27968907e-01 -9.90762163e-01
  3.21778790e-01  3.44098600e-01  4.06713288e-01 -4.08216628e-01
 -9.81177583e-01  2.06464815e+00  6.69404427e-01 -1.23445569e-01
  1.97644263e+00  1.42103500e+00 -1.36183734e-01  8.52657637e-01
 -5.03263817e-01  8.83906783e-01  9.75799632e-02 -1.55846705e+00
 -5.35237627e-01 -1.05277366e+00  1.72960399e+00 -9.53201281e-02
 -1.39611078e+00  8.12141007e-01 -6.69842904e-01 -2.11609035e+00
  1.33942888e+00 -2.70319190e-01 -1.00385235e+00 -3.08321336e-01
 -5.02502498e-01 -1.00329755e+00  4.47656414e-01 -3.89149073e-01
 -7.20212330e-01 -1.95251014e+00  7.47961030e-01  8.40563001e-01
  2.05621176e+00  7.89318510e-02  1.71824161e+00 -1.56047273e+00
  8.36214589e-01 -5.28252923e-01 -6.38538270e-01  9.69179058e-01
  6.88414687e-02 -9.01061635e-01  1.11349585e+00 -1.66548062e+00
  1.10706077e+00  1.34003226e+00  2.69656053e-02  4.31148897e-01
  1.35634825e+00  1.05982400e+00  2.00419098e+00  4.84276704e-01
  8.72699133e-01  4.17981935e-01 -1.33798786e+00  6.93483781e-01
 -8.79536848e-02  1.89614109e-02 -1.70521776e-02  1.04540352e+00
  3.33503879e-01 -8.45408362e-02  3.43540935e-01  8.94412106e-01
  3.40634409e-01 -1.11006918e-01  1.23393210e+00  2.09393615e+00
  2.46809695e-01  4.64251749e-01 -4.68614015e-02 -1.14361471e+00
  8.62416899e-01  7.53631059e-01  1.67519751e+00  1.20354386e+00
  1.28643454e+00  4.87311814e-02  6.55059502e-01 -1.76201577e+00
  1.81765718e-01  7.01945741e-01 -5.11340567e-02 -5.16324323e-01
  8.63668220e-02  1.58524839e-01  7.86932390e-01 -8.59164872e-03
  1.89896994e+00  1.25382147e+00 -2.79995472e-01 -3.24590878e+00
 -1.99537020e+00 -5.73164785e-01  1.79227976e-01  1.17299903e-01
  1.15098294e+00  1.17413715e+00  1.24798413e+00  1.12940566e+00
 -1.57452627e-01  1.40334971e+00  1.99137803e-02  2.56535529e-01
  7.84459626e-01 -4.70549533e-01 -5.40068649e-01 -2.56401053e-01
  2.83611601e-01 -2.63951418e-01 -8.30487331e-01  9.67096429e-01
  4.89951734e-01 -3.12376079e-01 -4.96634361e-01 -1.71830233e-03
 -8.43397101e-01 -1.44928157e+00  7.87739966e-02 -1.35043148e+00
  1.18021972e-01 -2.55086307e-01  1.41327405e+00 -4.09650744e-01
 -6.61997942e-01  5.79066427e-01 -9.98896785e-01  1.08292708e+00
  2.67383912e+00  9.84293924e-01  1.11596693e-01 -2.58459955e-01
  1.78088662e+00  5.07421943e-01 -8.09851434e-01 -3.08680098e-01
 -5.17369076e-01 -3.72686380e-03 -2.34931256e+00  2.47287628e-02
 -4.34830044e-01  1.37721249e+00 -3.61719215e-01 -4.27259563e-01
 -1.07778491e+00 -4.67093445e-01 -4.67671117e-01 -1.10842240e+00
  3.82532069e-01  1.40805892e-01 -1.08849791e+00  1.16039668e+00
 -9.86383915e-01  1.47519643e+00  1.13703562e+00 -1.80085486e+00
 -1.21369834e+00  4.49885718e-01 -1.10366408e+00 -6.81819149e-01
  7.69820851e-01 -1.16753304e+00  2.35983090e-01 -4.49332280e-02
 -1.01980264e+00  5.70885864e-01 -2.70614947e+00 -1.29896071e+00
  1.33784573e+00 -1.43671835e+00  6.43082330e-01 -5.18326281e-01
  5.45451362e-01  6.22010626e-01 -1.81503603e-01 -1.13231913e+00
 -4.07445319e-01 -6.38759848e-02  2.00648154e+00  3.96672165e-01
 -3.51710100e-02  8.14079305e-01 -2.74732287e-01  1.82597917e+00
  1.44118816e+00  1.26188310e+00 -9.42121267e-01 -5.43219091e-01
  1.83172663e+00 -5.69747573e-01 -8.45623816e-01 -1.31419147e+00
 -1.20587703e+00  5.29389728e-01 -2.27670570e-01 -2.55387411e+00
 -1.49059090e+00  4.24869082e-01 -1.62593267e-01 -4.76702461e-01
  3.54730897e-01 -3.13617645e-01  9.48691473e-01 -1.91920783e+00
 -1.05191951e+00 -4.17302458e-01  1.05420566e+00  1.96165154e+00
  1.38195731e+00  8.93536543e-01  6.03069476e-01  8.99953458e-01
  5.25402782e-01  6.24248358e-01 -2.20368052e-01  1.95507657e-01
  1.62680619e+00  7.29927630e-01  5.92430965e-01 -4.21333404e-01
  3.03895244e-02  2.43090799e+00  2.73670679e-02 -5.25544878e-01
 -1.78759831e-01 -1.42058834e+00 -1.43423313e+00 -1.48979595e+00
  5.29116870e-01  3.78152270e-02  2.63889979e-01 -1.85813147e+00
 -1.79028927e-01 -7.59312536e-01  5.07357075e-01 -1.65605517e+00
  1.86814784e-01 -1.31478727e-01  2.76953021e-01  1.33160001e+00
 -1.83228087e+00 -2.25696221e-01  1.08713790e+00  9.38452704e-01
  3.08741517e-01 -7.32910660e-01  1.79243447e-01 -9.26403773e-01
 -6.82581855e-01  9.81420165e-01  1.16242259e+00  3.65187870e-01
  1.04696744e+00  3.88991981e-01  9.49252187e-01 -1.21707900e+00
 -1.57721102e-01  2.65347483e-01  2.33429396e+00 -7.92059512e-01
  1.28659089e+00  1.09705874e+00  1.30530061e-02  1.90850642e+00
 -7.08719653e-02  1.70272549e+00  5.65585102e-01  3.48407502e-01
  4.31435753e-01  2.82019194e-01 -9.92507452e-01 -4.62981722e-01
 -2.19261007e-01  1.04536339e+00  1.29401221e+00  1.37187425e+00
  5.77357793e-02 -6.98547553e-01 -2.89345115e-01 -1.99361167e-01
 -1.11174719e+00 -9.84602324e-02  7.25760603e-01  1.12573509e+00
 -7.72930461e-01 -6.08008069e-01 -6.74239631e-01 -1.31289077e+00
  2.93010344e-01 -1.93662584e+00 -1.41334760e+00 -1.07065609e-01
  1.57333204e+00 -7.63516901e-01 -2.29159194e-01 -7.93243321e-01
 -3.52003561e-01 -2.76030110e-01 -3.41849984e-01  1.07998439e+00
 -1.42710707e-01  1.31482071e+00  1.91093188e+00  1.67941274e+00
 -5.53347942e-01 -8.31441218e-01  6.34013299e-01  5.73021440e-01
 -3.44049724e-02  1.11149206e-01 -1.42910734e+00 -7.61587815e-01
 -5.00213059e-01  9.28353650e-02  1.81230023e+00 -2.32992302e-01
 -6.40027740e-01  2.06263742e+00 -4.86484770e-01  4.12835361e-01
  1.25041125e+00  1.33445240e+00  8.97425411e-01 -4.36908545e-01
 -7.49328620e-01 -1.65544834e+00  2.32139537e-01 -2.47518970e-01
 -1.24593284e+00 -2.21011668e+00  1.73487382e-01 -4.29581227e-01
 -1.60759797e-01  1.34916938e+00 -2.10409076e-01 -1.23637447e+00
  2.03727266e+00 -1.10141732e+00  8.22490889e-01  9.95342481e-01
 -4.38776496e-01 -1.78957013e+00  1.56650741e+00 -1.32869159e+00
  2.18332456e-01 -2.16232279e-01  4.86838884e-01 -1.32602971e+00
 -2.43215544e-01  4.09126491e-01 -2.42187366e-01 -3.69161193e-01
  7.15215972e-01 -2.24291821e-01  3.20818701e+00 -8.17354573e-01
  1.47560301e-01  3.74108139e-01  9.31232707e-01  4.42951296e-01
 -6.10660195e-01 -6.99637908e-01 -1.59010695e+00  4.93627259e-01
  6.24984714e-01  3.79161704e-01 -7.86441248e-01 -1.18549814e+00
 -1.07843237e-01 -1.89437618e+00  9.48983827e-02  6.39651150e-01
  1.52183733e+00  6.13546009e-01 -2.75690197e-01  6.12546467e-01
 -1.61683671e+00  1.87363269e+00 -7.12656692e-01  7.46549421e-01
 -8.37407779e-01  1.39635669e+00 -1.07322974e-01  1.23571511e+00
  4.93331044e-01 -2.95332816e-01 -1.28621728e+00  1.00316615e+00
  3.94839147e-01 -9.17752185e-01  4.22435898e-01  5.72443792e-01
  2.04770707e+00 -3.16144325e-02 -3.52660376e-01  5.57406368e-01
  8.62309984e-01 -1.38684652e+00 -6.55658306e-01  1.28315631e+00
  9.16685876e-01  8.85375026e-01  5.45230586e-01 -3.67610243e-01
  2.05418427e-01  1.23676203e+00 -1.13751037e+00  4.96876526e-01
  2.16777109e-01  1.06428021e+00  1.27490460e-02 -1.17210310e-01
 -9.38743873e-01  4.15382870e-01  2.03893707e-01  1.14945187e+00
  5.38739047e-01 -2.40546801e-01 -9.34234723e-01  5.99544794e-01
 -3.67744582e-02 -2.77801703e-01 -4.92965834e-01  6.34067942e-01
  8.81852622e-02  1.60397356e+00 -9.93126576e-01  1.05554717e+00
 -7.73512518e-02 -2.96748268e-01  7.51263989e-01  1.18581454e+00
 -2.71009307e-01  2.60672510e-01  1.55880624e+00 -5.30033792e-01
 -2.48885631e+00  4.27709091e-01 -3.40792921e-01 -3.63666243e-01
 -1.01056049e+00 -9.24104747e-02 -1.39023164e+00  2.44091575e-01
 -1.25886577e+00 -1.36612784e+00 -1.50556272e-01 -8.68947902e-01
 -9.35802909e-01 -1.48050057e-01  2.65425800e-01 -5.52410109e-02
 -8.70196053e-01  9.25247389e-02  1.44652156e+00  1.22022930e+00
  7.21016488e-01 -1.76822108e+00 -7.43286825e-01 -2.48123923e-01
  3.11587360e-02 -7.62390841e-01  1.60589252e+00  7.64166729e-01
  4.42697413e-01  2.40498648e-01  1.78614098e+00  1.95714580e+00
 -1.92804627e+00 -3.02058734e-01  1.44401641e-01 -1.68550873e+00
 -1.19855662e-02 -7.25873601e-01  1.53817694e-01  1.10028475e+00
  1.13310452e+00 -2.21348789e+00  4.01956562e-01  6.33755321e-01
  7.62052171e-01 -2.60086245e-01 -8.31863060e-01 -2.11621121e-01
 -2.28835111e-01  8.63673901e-01  2.05292751e-01  1.31614769e+00
 -1.68739336e+00 -1.12605084e+00  4.48256343e-01  7.26366185e-02
  7.05254355e-01  1.17997698e+00 -1.79577341e+00  5.56883242e-01
 -2.16923591e+00  1.38985716e-01 -1.78139264e-01  1.34697036e+00
 -1.78812409e-01  3.58122498e+00 -8.42610626e-01 -4.93361469e-02
 -8.42447072e-01 -1.78335241e+00  1.45750381e+00 -1.17866103e+00
  1.15221448e+00 -2.14675692e-01 -8.26934127e-01  1.19044869e-01
  1.70266011e+00  1.06070291e+00  6.69159599e-01 -2.39473314e-01
 -1.25721962e+00  1.17220108e+00 -1.16322936e-01 -1.28331719e+00
  2.32219854e+00 -1.98474756e-01 -5.41767692e-01  5.87746392e-01
  7.29734754e-01 -1.11456641e+00  1.58253573e+00  4.48368669e-01
 -1.87204952e-01  1.15808939e+00 -1.94004078e+00 -4.79735566e-01
 -3.96933172e-01 -1.40654796e+00 -3.61116676e-01  1.94345567e+00
  6.45395523e-01 -5.20757341e-01  4.86377866e-01 -3.90093885e-04
 -2.62603599e-01 -1.97745324e+00 -1.46007849e+00 -5.03744999e-01
  1.77726448e+00 -8.08789155e-01 -2.98724786e-01 -2.26893755e+00
 -1.53426688e+00  1.49541861e+00 -1.24983484e+00  3.30370080e-02
  1.48839802e+00  1.75904561e+00 -2.73856957e-01  3.02614593e-02
  1.13714204e+00 -1.40620053e-01  9.50223535e-02  2.91085945e-01
  9.29711117e-01  3.74759270e-01 -7.84528830e-02 -1.33857029e+00
 -2.06173941e-01  4.19419288e-01  6.16834734e-01  3.94445438e-01
 -1.12498205e+00 -4.52621675e-01  4.45925035e-02 -1.34318226e+00
  5.65764556e-01 -2.42958296e-01 -1.45085202e+00  5.86918884e-01
  2.44676716e-01  1.15900961e+00 -1.30934248e+00 -7.68512495e-02
 -4.68012562e-01  9.91697355e-02 -2.02594601e+00  4.54301415e-01
  1.07281008e+00 -1.97233469e+00  6.89689024e-01  2.79755569e-01
  5.69032555e-01  5.29738607e-01  1.83033834e+00 -1.11436291e+00
 -1.52811627e-01  3.49757763e-01  3.57083845e-01  3.55408151e-01
 -1.43935108e-01 -3.82019229e-01 -1.76029910e+00  7.45158187e-01
  9.55939880e-01 -7.46466380e-01 -2.83721794e-01 -7.72471001e-01
  4.32972952e-01 -3.92222450e-02  3.74960212e+00  1.75170812e+00
 -2.03799413e+00  4.55178717e-01  2.04844426e-01 -8.88222141e-02
 -1.84068969e+00  2.78524878e-01 -7.67980910e-01 -1.26885157e+00
  1.03925906e+00 -1.74441462e+00 -8.10006846e-01  3.86385295e-01
 -1.02083406e+00 -2.50930240e-01  1.71179611e-01  2.25308303e-01
 -5.82678970e-01 -1.24208486e+00  4.69758807e-01  2.23542385e+00
 -9.29160270e-01 -1.75601505e+00 -9.99078829e-01  7.63491663e-01
 -1.15058845e+00 -4.68180597e-01 -8.67903797e-02  5.64688026e-01
  2.21590903e-01  4.27994756e-01  7.10069905e-01  7.05003133e-01
 -2.32168551e-01 -8.39938084e-01  2.05324041e+00  2.47106216e-01
 -1.11276288e+00 -7.16365465e-01 -4.19201440e-01  3.21163914e-01
  5.90077325e-01  8.30807431e-02  1.07942446e-01 -1.44017711e-02
 -1.11176019e+00 -3.16153809e-01 -1.26496955e+00 -1.63503236e+00
  9.49360560e-01 -2.92070919e-01  2.93670061e-01  2.97962126e+00
  4.26887322e-01  3.75647033e-01 -4.76681692e-01  1.78854027e+00
  2.16233700e-01  4.60587391e-02 -2.59182806e+00 -3.02249613e-01
  2.07441043e-03  9.87208926e-01 -6.10412545e-01 -5.81994346e-01
 -2.27075617e-02  2.17124591e+00  4.99618712e-01 -2.12898091e+00
  4.15787881e-01 -9.52130009e-02  1.11003593e+00  8.51148459e-01
 -9.83446830e-01 -1.45434469e+00 -7.07762082e-01  2.78678278e-01
 -1.02154088e+00  1.03635311e+00  1.09639994e+00 -1.00760377e+00
  1.10611427e+00 -7.11601061e-01  7.29747718e-01 -1.03347017e+00
  1.12888151e-01  1.26297092e-01 -3.67387315e-01 -1.76376789e+00
 -1.74583814e+00  1.11548767e-01 -2.21425895e+00 -6.64105139e-01
  1.31549008e+00 -1.86748732e-01 -2.48902013e-01  7.24264792e-01
  3.15572139e-01 -2.31466711e+00 -3.39466723e-02 -2.32214332e-01
  9.01322255e-01  4.77629752e-01 -2.67149067e-01  1.35843124e+00
 -1.20219456e+00  2.59495149e-01  4.39396411e-01 -4.17380468e-01
 -6.20315623e-01 -1.59141195e+00 -8.64398452e-01  2.35374162e-01
 -1.76288044e-01 -1.03992098e-01  9.20035028e-01  2.20257246e-01
 -6.14881683e-01 -4.00225864e-01 -5.54223859e-01 -5.47177954e-01
  4.25395183e-01  1.09381089e+00  7.50384995e-01 -2.00665316e+00
 -1.17636295e+00  1.31959379e+00 -1.09328150e+00  1.69506799e+00
 -9.31131511e-01 -2.25653698e+00 -1.78564031e+00 -7.62239911e-01
 -1.80523611e+00 -2.77835624e-01 -3.41218093e-01  5.38039614e-01
 -3.56950880e-02  8.64080865e-01 -1.68589329e+00  4.21787782e-01
  3.26658503e-01 -3.02828082e-01 -6.59197218e-01  1.00348924e+00
  6.69835859e-01  1.82098125e-01 -6.60544927e-02  1.09590222e+00
 -9.26878629e-01 -9.17777430e-02 -1.42000794e-01 -1.01405534e+00
  1.01869310e+00 -1.53734554e+00 -5.65242761e-01 -9.14089041e-01
 -9.17174160e-01 -5.42887011e-01 -1.09455783e+00  8.17215918e-01
 -2.92343923e-01 -2.43913783e-01  4.38637142e-01  4.80614512e-01
 -2.65737784e-01  1.36005130e+00  1.57945191e+00 -6.44459002e-01
 -3.34807435e-01  5.34206804e-02 -1.14465921e+00 -2.29715267e-01
 -4.02060221e-01  8.62668474e-01 -1.38563301e+00 -7.36283793e-01
 -6.33215368e-01 -1.08821986e+00 -2.24704334e-02 -5.88284418e-01
  1.36508793e+00 -3.79799989e-01 -8.86216962e-01 -9.28590620e-01
 -1.90016646e-01  9.85778470e-02 -1.14283661e+00 -1.25116963e+00
  2.84814650e+00 -1.51611417e+00 -6.43934588e-02 -3.37445869e-01
  1.48383625e-02 -2.39169036e+00  2.40478413e+00 -1.92005175e-01
  5.12344405e-01  1.13675349e+00 -3.71673655e-01 -2.57181429e-01
  8.70149633e-01 -7.47006358e-01  1.11679664e+00 -2.43102799e-01
 -3.69381924e-01  1.11140890e+00 -2.01153709e-01 -5.33303375e-01
  3.55869174e-01  5.14673427e-01 -5.73935807e-01 -5.47541322e-01
  2.40329437e-01 -9.45694853e-01  2.74863049e-01  3.36395454e-01
  3.76480240e-01  6.93069442e-02 -1.52340128e+00  1.41078357e+00
  1.40113034e+00  1.17229882e+00 -1.72058186e+00  1.05231695e+00
 -7.96737381e-02  1.05600322e+00  9.63434850e-01 -2.69847524e-01
 -7.05552932e-01 -3.41242622e-01  1.89325819e+00 -3.45086204e-01
  5.99699509e-01 -2.27723429e-01  2.14346842e-01  1.22677874e+00
  3.43112036e-01  5.24698766e-01 -1.38272083e+00 -1.45264756e+00
  5.00846126e-01  1.13890677e+00  2.91658130e-01 -5.43366107e-01
 -1.89324425e-01  1.04572802e+00  3.63410927e-01 -9.19450579e-01
  5.34449563e-01 -1.47560852e+00 -4.06433466e-02 -2.11767605e+00
  9.57431191e-01  2.03325406e+00  2.86292396e-01 -5.08619039e-01
  1.46577655e-01 -1.37963613e+00  9.88294814e-01 -8.01439154e-01
  2.35814468e-01  1.23109238e+00 -1.26475899e+00 -1.79081519e-01
 -1.32163208e+00 -2.67372036e-02  4.93397216e-01 -6.04705020e-02
  2.56651150e-01 -4.60807315e-01  1.49723094e+00 -1.38332444e+00
  7.10201450e-01 -6.65343972e-02 -9.84878099e-01 -6.57051980e-01
 -2.52850261e-02  1.05362095e+00  8.24232073e-01  7.17032867e-01
 -3.83271487e-02  3.73338089e-01  6.16498447e-02 -1.56199446e+00
 -8.51359684e-01  8.56535023e-01  6.95135288e-01  1.15918966e-01
  2.76947323e-01  3.36947873e-01  1.19012750e+00 -7.50700046e-01