 2.91047888e-01  4.61178535e-01 -1.08074126e+00  1.35193794e+00
  6.86543033e-01  8.02344137e-03 -4.53492040e-02  6.67393313e-02
  1.16051155e+00 -4.24185644e-01  4.12964470e-01 -7.77124580e-01
 -6.53625544e-01 -8.13300197e-01 -1.54889409e-01  3.28832864e-02
 -1.07576204e+00  4.24807248e-01  1.73048491e-01  8.28305238e-01
  4.19939107e-01  1.00701190e+00  9.18855615e-01 -1.28755450e-01
 -1.03184352e-01  8.42883423e-02  1.07878006e+00  4.66436408e-01
 -7.36279326e-01  9.56745907e-01 -2.35915819e-01 -1.97475907e-01
 -3.36989683e-01 -7.15680842e-01  2.88755429e-01  4.16114819e-01
 -7.23791130e-01 -3.22807940e-01  4.65989544e-01 -1.41919933e-01
  5.48279604e-01  4.62823989e-01 -8.55126861e-01 -9.24051951e-02
  8.53088010e-01  6.04997316e-02  9.42480634e-01  3.03721172e-02
 -1.17252481e+00 -1.48759900e+00 -1.68764489e+00 -4.29857814e-01
  1.31180703e+00 -1.07803121e+00 -1.34947982e+00 -1.16035700e+00
  2.50686145e-01  2.22934489e-01  9.96076459e-01  2.64636036e+00
  2.49503138e+00  8.90141658e-02  9.22255140e-01  1.28936107e+00
  1.60244485e+00 -1.24162401e+00 -5.79396892e-01 -2.07117207e+00
  1.64511277e-01 -6.38710306e-01  1.38347297e-01 -7.21107163e-01
 -8.38834018e-01  4.84685232e-01 -1.34840589e-01  5.73377092e-01
 -1.18007742e-01  8.86515880e-01  1.37117190e+00  6.62608730e-01
 -3.18549193e-01  1.57537485e+00 -4.69054054e-01  1.22813321e+00
  2.35827583e+00 -1.20118061e+00  2.91780055e+00  4.20134436e-01
  1.38749281e+00  6.74064143e-01  7.34171855e-01 -1.36588642e-01
 -1.99880536e-01 -2.89843534e-01  7.04778926e-02 -3.18229272e-01
 -9.58730603e-01 -1.38261456e+00 -9.13428616e-02  1.06727320e+00
  2.37101835e-01  1.02320647e+00  1.38339415e+00  2.42115759e-01
 -1.09300506e+00  1.12205183e+00  5.15810730e-01 -2.50390347e+00
  1.46547429e+00  4.19587233e-01  2.19907063e-01 -5.70996161e-01
  2.45402252e-01  2.06299619e-01  3.69837384e-01 -1.29856989e+00
  3.79431586e-01 -8.84535010e-01  3.98714933e-01 -7.44879020e-01
  1.95215752e-01  9.92386042e-01 -1.18994881e+00  9.43331129e-02
 -2.80675066e-01 -3.57819598e-01 -3.69819623e-01  3.53419829e-01
  3.67625134e-01 -6.47668796e-01 -2.94143558e+00 -7.05717653e-01
 -2.03127168e+00  1.27158039e+00 -1.76292556e+00 -3.83409699e-02
  1.29759136e-03  6.49553165e-03 -3.36371217e-01 -8.88256205e-01
  7.88326633e-01 -7.90613361e-01 -9.87392630e-01  5.56199441e-01
 -2.96794478e-01 -1.72147225e+00 -6.85990105e-01 -1.52045175e-01
 -5.40130318e-01  3.67423188e-01  2.00398082e+00  1.75427703e+00
  5.74836342e-02  1.13278446e+00 -1.28755257e-01  4.95158080e-01
  1.75102301e+00  3.63803265e-02 -8.24644565e-01 -2.54517828e-01
  1.53329098e+00  1.30869559e-02  8.67376879e-01  1.08080355e+00
 -9.94912058e-01  7.22879343e-01  3.53283708e-01 -1.47590636e+00
 -1.41375104e+00  2.34036532e-01 -2.94363128e-02 -2.66855003e-01
  1.13027884e+00 -7.41722199e-01 -9.78873255e-01 -2.84831845e-01
 -5.84945369e-03 -1.16573589e+00 -2.08593701e-01  1.06535410e+00
  1.14181078e+00 -7.47590681e-01  7.40629626e-02 -1.30276668e-01
 -2.30158373e+00 -6.19475106e-01  6.48597832e-01  1.12234519e+00
 -7.78572297e-01  1.28138680e+00 -6.96723069e-01  7.29502903e-01
 -1.88452561e+00  1.84179353e-01 -2.27021618e-02 -3.58689209e-01
  2.28481229e-01  6.06740012e-01  5.09173913e-01  1.50673645e+00
  2.27481416e+00 -1.32380080e+00  1.92527003e-01  8.91797092e-01
 -1.45141331e-01 -3.38336713e-01 -1.14356702e+00  5.71153767e-01
  1.22158385e+00 -7.91092192e-01  1.30912762e+00  1.65394190e-01
  1.75258129e+00 -5.48386175e-01 -7.69252199e-01 -9.60529517e-01
 -9.58176156e-01  1.90796789e-01  7.13747230e-01 -8.36577441e-01
  8.26944090e-01  8.92641578e-01  9.58455564e-01 -2.21772315e+00
  1.56827477e+00  3.25729413e-01  1.25219741e-01 -2.22941288e+00
  1.23082738e+00  5.97145540e-02 -1.98406508e-01 -1.68274394e+00
 -1.18860428e-01  2.71399954e+00  3.70542160e-02  7.86655289e-01
  9.32313516e-01 -1.60254479e-01  9.53114818e-01 -6.39349778e-01
 -2.28020797e+00  1.10968712e+00 -4.83195464e-01 -1.15371218e+00
  1.49367281e+00  4.41800482e-01  9.31955077e-01 -1.94326270e+00
  2.94133159e-01 -1.44561569e-01 -7.99115690e-01 -4.71805234e-01
  1.99285792e+00 -1.51823944e+00  1.21051410e+00  1.11374870e+00
 -6.50958613e-02  1.37769267e+00  1.24328735e+00 -6.37601081e-02
 -6.79718722e-01  1.60263231e-01  2.21203298e-01  9.24101785e-01
  4.66376648e-03 -5.90393379e-01 -3.85004858e-01 -9.56818304e-01
  1.06878028e+00 -1.07516459e+00  1.53753773e+00 -1.43729755e+00
 -6.05871993e-01  7.73969784e-01 -4.12701705e-01  8.00730337e-01
  2.20089937e+00  4.32538815e-01  3.43152647e-02 -5.70659662e-01
  7.97935845e-01  9.82860982e-01 -2.31590020e+00 -2.24152579e+00
  2.76039034e-01 -5.77709815e-01 -1.46938183e+00 -5.26151367e-01
 -5.53119436e-01 -4.85628481e-01 -3.26517203e-01  1.50568196e+00
 -2.06642943e-01  5.39488720e-02  4.15848446e-01 -9.07815814e-01
 -1.30074338e+00 -4.80110228e-01 -8.04224056e-01 -2.09388154e-01
  5.35495383e-01 -9.70521454e-02 -1.89112167e-01 -1.08510265e+00
  4.81308000e-01 -5.96042399e-01 -2.21781676e+00 -1.45424789e+00
 -5.73653562e-01  9.71053010e-01 -1.59895022e+00 -4.66549034e-01
  3.68962633e-01 -1.66511219e+00  5.06680148e-01  4.01809679e-01
 -1.17991690e+00 -2.39287339e-01 -1.26052085e+00  8.32334356e-01
 -9.48094372e-01 -1.77911732e+00  1.39061386e-01 -1.09492297e+00
  3.14598727e+00 -7.23079784e-01 -1.60416511e-01 -1.92558474e+00
 -1.65572379e+00 -1.18907239e+00  8.10237104e-03  7.66890842e-01
 -1.70937220e+00 -1.68612213e-01  4.72912783e-01 -2.14257086e-01
  9.75319720e-01  2.96009857e-01 -7.30270178e-01  6.40630277e-01
 -8.06940290e-01  6.96350620e-01 -1.00388100e+00 -7.20830610e-01
 -9.95960872e-01 -7.63377093e-01 -1.25776752e+00  1.26014444e+00
  1.34019820e+00  1.35647212e+00 -7.29126340e-01  3.30253088e-01
 -2.30940417e+00  1.08289040e+00  1.48929474e+00  7.19015967e-01
  1.27388029e+00 -1.21858498e-01  2.00137474e-02 -6.85487331e-01
 -6.54573132e-01 -6.36293958e-01  2.00285656e+00  1.49703050e-01
  1.22370055e-02 -2.71455340e-01 -3.31084658e-01  7.58255289e-01
 -4.29422907e-01  1.02288773e-01 -1.79843329e-01  1.83252075e+00
  5.50195015e-01 -2.77854413e-01  9.10785035e-01 -1.32446013e+00
  6.82109480e-01  1.13612241e+00 -2.82440713e-01  1.05667468e+00
 -4.51537043e-01  2.22187820e+00 -4.34767974e-01  3.04838803e-01
  6.39324612e-02  9.66133166e-01  1.93636055e+00  4.55651847e-01
 -4.62758483e-01 -2.26744220e-01  2.46263762e-01 -4.09007825e-01
  4.63873106e-01 -1.67650689e+00  1.57977644e-01  9.76176901e-01
 -2.32534820e-01 -2.91740424e+00  7.24322096e-01 -4.38066181e-02
 -5.42464977e-01 -1.47370898e+00  1.29304296e+00  7.01326666e-01
 -8.07190234e-01 -6.82693324e-01  1.53812954e+00  2.33691725e-01
  1.74970871e+00  2.32775683e-01 -2.69766570e-01  2.47125722e-01
 -1.18091857e-01 -7.79374878e-01 -1.02150505e+00 -5.03590750e-01
 -2.29799304e-01 -2.53128769e+00  3.65465444e-01  1.42738834e+00
  6.24390420e-01  6.99811217e-01 -2.21228744e+00 -2.06882059e-02
  5.20556231e-01  5.40475616e-01  6.45774555e-01  9.78111237e-01
  3.28946133e-01 -1.37557611e-01 -7.29507900e-02 -5.48152248e-01
 -1.21399134e+00 -1.57017796e+00 -4.15465262e-01  3.25470866e-01
  1.32278508e+00  2.27959418e+00 -1.14254417e+00  5.34461709e-01
  2.18563766e+00 -9.57152930e-01  6.48177479e-01  2.42325888e-02
  1.15880842e+00  7.89960086e-01  4.12106325e-01  2.46223480e-01
  2.52331491e+00  3.30729974e-01  1.00478402e+00  1.02353712e+00
 -2.55811516e+00 -3.21571062e-01 -1.82068271e+00  5.72226867e-01
  7.34564829e-01  8.42942164e-01 -2.95332270e-02 -6.95020558e-01
 -5.80830024e-01 -1.59786923e+00 -1.36209545e-01 -1.53938475e+00
 -7.60505864e-01  9.15678165e-02  4.02579746e-01  1.83663972e+00
 -3.21149933e-01 -5.55518977e-01  6.32455786e-01 -4.50752428e-01
  1.04445005e+00 -9.94777355e-01  1.41060886e+00  7.89647836e-01
 -6.99496591e-01  2.17695646e+00 -9.50403672e-02  9.21564560e-01
  1.67897627e+00 -2.93499661e-01  3.34485603e-01  6.00304453e-02
 -1.39756446e+00 -4.30195712e-01  5.30022004e-01 -3.95570342e-01
 -1.17229264e+00  4.14001894e-01  2.23836224e-01  1.69859456e+00
  1.93237095e+00  3.27650990e-01  6.85251566e-01 -1.25234322e+00
 -1.59845502e+00 -4.15850055e-01  2.44795501e-01  1.58954666e-01
  8.68673497e-01  9.17228570e-01 -1.89622347e-01  2.64442372e-01
 -7.97094660e-01  1.95554777e+00  6.71049348e-01 -5.06277104e-01
 -2.10203040e-01 -1.70470158e-01 -5.13765586e-01  1.93689264e+00
 -1.56547833e-01 -5.93661911e-01  1.07254472e+00  1.00582297e+00
 -1.83682759e+00 -7.45426971e-01 -2.02109114e+00 -1.25359173e+00
 -9.61456772e-01 -2.80255521e-01 -7.14445132e-01 -1.20106144e-01
 -1.07522518e+00  4.15514777e-01 -1.28313604e+00  1.71768107e-01
  8.62183187e-02 -1.53303940e+00 -2.34743778e+00  1.04037485e-01
 -2.90188149e-01 -7.33435289e-01 -1.48932377e+00 -2.51992682e+00
  3.45637877e-01 -6.54794914e-01  4.11799492e-01  7.05900637e-01
 -1.65335363e+00  7.22400680e-01  5.27185082e-01 -1.24182247e+00
  1.64682396e+00 -1.07319113e+00 -3.30127114e-01 -2.30923019e-01
  7.66329818e-01 -1.98495581e+00 -1.83204572e+00 -2.78840516e-01
 -1.10125581e+00  1.55705898e+00 -1.02521550e+00 -3.45028686e-01
 -1.29143300e-02 -5.67979517e-02 -6.00885984e-01  1.26158823e-01
  1.28041241e+00 -3.33955755e-01 -6.51207139e-01  6.63989108e-01
 -7.82903035e-02 -2.40753661e+00  1.11445763e+00 -3.43725045e-01
 -9.96234727e-02  2.04302755e+00  7.23445698e-01  7.97756349e-01
 -8.99874378e-02  6.08504301e-01  4.72494991e-01 -3.95410562e-01
  3.40504285e-01 -1.28894603e+00  1.07572504e+00  5.64733742e-02
  5.49278637e-01 -1.82549944e+00 -6.68054614e-02 -9.62909757e-01
 -3.60369935e-01 -3.70116789e-02  5.88058074e-01 -9.30678465e-01
 -6.07171788e-01 -7.46924283e-01  9.73693147e-01 -2.09223244e-01
 -1.39446575e-01  7.16446664e-01  6.94177182e-01  5.28786587e-01
  4.88623523e-01  1.38704733e+00  3.41762912e-01  6.73468835e-01
  1.01137899e+00  9.43381953e-01 -1.57601958e+00 -2.88030510e+00
  7.00678204e-01  1.13715336e+00  1.19877551e+00 -5.34626915e-01
  1.10573581e+00  6.56441974e-01  1.56464874e+00  8.49349000e-03
 -9.61782819e-01  9.20007285e-01 -3.32656439e-02 -5.56552000e-01
 -8.36782474e-01 -1.33837922e+00  2.51780796e-02 -1.55232061e+00
 -1.10849046e+00 -7.42755586e-01 -8.21782022e-01  3.42322854e-01
  2.36416534e+00  1.58955394e+00  7.92396614e-03 -9.01759474e-01
  5.26744560e-01 -1.40737117e+00  1.73451982e+00  5.74207492e-01
 -5.55843074e-01  2.98002247e-01  1.87393772e-01  1.47655497e-01
 -1.88547716e-01  1.22997934e-01  9.10561174e-01 -8.91564687e-01
 -4.18661122e-01  1.53689484e+00 -4.50637197e-01 -8.98617756e-01
  1.00017688e+00  5.75361546e-01 -1.16949047e+00  1.42604629e+00
 -4.78694060e-01  1.50482995e+00 -8.37529081e-01  6.76711792e-01
  7.98634313e-02 -1.13655120e+00 -1.06693359e+00 -2.62657987e-01
 -1.45499736e-01  1.36818487e+00 -7.95456612e-01  8.78450130e-01
 -1.51727210e+00 -3.34570284e-01  1.77678395e+00 -3.83706247e-01
  5.39179824e-01 -1.07346130e+00 -1.71687264e+00 -1.78883229e-01
  3.93130432e-01  4.98714706e-02  9.57569096e-01  3.26045824e-01
 -1.55165597e+00 -5.09708950e-01  5.13314166e-01  9.89539873e-01
 -7.04521434e-01 -1.62988689e-01  5.53801115e-01 -5.06595055e-01
  4.07748249e-01 -9.24372689e-01 -4.80339614e-01 -1.07802444e-01
 -5.94134418e-01 -2.44499405e-01  1.53122858e+00  8.62437385e-02
 -7.89657435e-01 -2.28325255e+00  1.75407297e+00  3.84291181e-01
  1.29694927e+00  1.46955502e+00 -9.22193896e-01  2.10248503e-01
  1.26283427e-01  3.73613120e-01  7.72943369e-01  9.14445127e-01
 -8.69138665e-01  3.15238703e-01  9.42813391e-01  1.48701690e+00
 -1.45949538e-01 -2.78025335e-01  4.40751043e-01 -9.15962791e-01
  1.08962994e+00 -6.84542537e-01  2.97450296e-01 -2.03037490e+00
  7.93115944e-01  5.72347523e-01  1.54321273e-01 -2.68741864e-01
  8.49390657e-02  4.47184787e-01 -2.48493176e-01  2.21051736e+00
  1.60468658e+00 -3.13659877e+00 -5.19642323e-01  5.33522854e-01
  4.13766984e-02  1.78247510e-01 -1.08502345e+00 -1.27212068e+00
 -7.01496463e-01  1.16603006e+00 -1.20286331e+00 -8.81153331e-01
 -1.22773425e+00 -7.95280840e-02 -1.13700915e+00  1.19397068e-02
 -1.06479233e+00 -1.29478941e+00 -8.35623165e-01 -4.29431343e-01
 -5.11912027e-01  1.50115613e-01  2.27469787e-01 -3.96201050e-01
  3.81485231e-01  1.16800029e+00 -2.70776386e-01 -3.92092714e-01
  1.61193178e+00  1.30877851e+00  1.71726207e+00 -2.24906863e-01
 -8.98800841e-01  1.88631356e+00  6.52105408e-01 -3.95467520e-01
 -3.13115933e-01  1.30637306e-01  1.00345388e-01 -1.24628603e-01
 -3.35030420e-02  7.51013684e-01  9.25899723e-02  1.00243712e-01
 -3.72767978e-01  1.23317016e+00  3.50649320e-01  1.54520339e+00
  3.32484315e-01 -2.03976541e+00  3.40170266e-01 -6.14608610e-01
 -7.52023134e-01 -9.43282572e-01  3.06914143e-01  4.44885085e-01
  2.56699390e-01 -2.42067728e-01  5.20066911e-01 -1.37950867e+00
 -4.05483750e-01  5.58013259e-01 -5.85266459e-01 -1.72343518e-02
 -3.58307894e-01  7.46946722e-02  8.05150489e-01  2.84236252e-01
  1.34777394e+00 -5.38159979e-01 -5.27682631e-01 -2.75554656e-01
  1.83323019e+00 -1.95276962e+00  3.51068384e-01 -7.26652358e-01
  3.27956926e-02 -5.65560637e-01  3.37220699e-01  2.01158352e+00
  6.40291009e-01  9.32268058e-01 -4.82365986e-02 -1.54022713e+00
  6.91797949e-01  1.44732763e+00  1.34641665e+00  5.65734099e-01
 -9.96333822e-01 -5.83792678e-01  8.52759592e-01  4.27837241e-01
 -7.15604406e-02 -4.03578142e-01  5.04476227e-01  2.29685954e+00
 -9.70698655e-01  5.45353110e-01 -2.70003837e+00  1.08958270e+00
 -1.66309653e-01  6.22227841e-01  1.17987700e+00  1.10269435e+00
  5.17561929e-01 -8.06216299e-01  6.62579382e-01 -1.62676902e+00
 -6.08967003e-01  1.68569858e+00 -1.05216921e+00 -8.76442735e-01
 -9.09775500e-02  1.24359950e+00 -1.25109559e+00 -2.92968339e-01
 -1.73271357e-01 -2.50448095e-01 -6.06397939e-01  5.94399236e-01
  1.47963261e+00 -1.46159125e-01 -2.07680437e-01 -5.44278431e-01
  4.11242033e-01 -1.03558871e+00 -1.10454539e+00  1.00073681e+00
 -6.82458473e-01 -1.51748346e+00  4.84036224e-01 -3.01422481e-01
  1.15919778e+00 -9.18326029e-01  5.46026712e-01 -9.11839084e-01
  8.97954853e-01  1.08733465e+00  9.48513687e-01  2.52513551e-01
 -4.29164063e-01 -4.54389291e-01 -6.30209886e-01  1.29141561e+00
 -4.35174761e-02 -2.57997274e-01 -6.16161242e-01  6.41721955e-01
 -1.78371788e+00  4.36387659e-03 -5.37341344e-01  4.73718008e-02
 -1.71502049e-01 -4.18459043e-01 -1.53646114e+00 -1.89126790e-01
 -1.80672966e+00  1.01050979e-01 -8.69048242e-01 -9.69771179e-01
 -2.62900736e-01  3.73052779e-01 -2.42770613e-01 -1.72228405e+00
 -9.06709681e-01  1.36369856e-01  1.04488089e+00 -1.23335131e+00
 -7.57992874e-01  1.32155504e-01 -2.11691490e+00  6.12270969e-01
 -2.04251911e+00 -8.29757804e-01 -2.26272606e+00 -6.17003204e-01
  1.07948477e+00  1.25550071e+00 -5.81282704e-01 -6.21247784e-01
  1.32452309e-01 -1.38954815e+00 -2.20963443e+00  3.55968603e-01
 -1.20896136e-01  1.46453499e-01  8.23285556e-01  5.47825836e-01
 -2.51387516e-01 -1.08753969e+00 -5.04076822e-01  1.35787933e+00
  1.29437792e+00  7.52377976e-01 -1.59855569e-01  1.78427685e+00
  5.02180154e-01 -9.61522973e-02 -1.61303545e-01 -1.09405668e+00
  4.89060911e-02 -7.86073825e-01 -9.91439924e-01  1.39172059e+00
 -1.09521555e+00 -1.65202088e+00  7.72852022e-01  1.07027303e+00
  1.47584635e-01  9.54523324e-01  1.92630841e-01 -1.60677217e+00
  1.26911056e+00  9.30422534e-01  6.46301727e-01  7.17269394e-01
 -1.65932906e+00  5.09788517e-01  4.23560520e-01 -1.76898549e+00
 -6.02722605e-01 -1.36980054e+00  5.32680388e-01 -1.76125872e+00
 -6.13108492e-01  1.13898841e+00 -4.58919512e-01  1.39215268e+00
  1.01809660e+00  1.22350631e+00 -1.15793738e+00 -4.09628530e-01
  8.59762143e-01  1.39526458e+00  8.13384933e-02 -1.05987796e+00
 -1.90889720e+00  3.66404069e-01 -2.18258128e+00 -6.99065758e-01
  5.71228654e-01 -1.05364112e+00 -1.35507176e-01  8.50562729e-01
  1.52553210e-01  6.02779955e-01 -1.38407100e+00 -1.31296713e-01
 -1.70180049e+00 -4.22770519e-01 -9.89229151e-01  2.73175807e-01
 -1.33242384e+00 -6.44425535e-01 -6.53586234e-01  2.39425847e-01
  3.77756108e-01  2.89490360e-01 -1.03428100e+00  8.51027060e-01
 -1.32742135e+00  1.56876485e+00 -1.94624708e-01 -6.27822912e-01
 -3.44682592e-02 -1.16492018e+00  7.37239832e-01  1.80694952e+00
 -1.36317292e+00  1.81519114e-01  2.27914610e-01  4.90887449e-01
  5.53120625e-01 -1.07081508e-02 -1.97030112e+00  9.80925488e-01
  7.72999887e-02 -9.85350976e-01 -3.93595890e-01  1.11713174e+00