-3.91345483e-01 -5.81834221e-02  5.44058095e-01  1.72987544e+00
 -1.65033177e-01  8.60969293e-01 -1.59602590e+00  2.11636340e-01
  5.33920865e-01  1.12656525e+00 -8.62072578e-01 -3.06742656e-01
  9.50318310e-01 -3.95493494e-01 -1.05265287e+00  1.15410108e+00
  7.83210692e-01  8.83499789e-01 -2.63940779e-01 -1.09309233e+00
  5.79539916e-01  9.22646339e-01 -3.00204811e-01  1.88696490e-02
 -2.04476201e-01 -5.98407707e-01  1.09505887e+00 -2.27301825e-01
  2.46009909e-01 -4.18175646e-01  2.03872365e-01  1.21933402e-01
 -1.45314135e+00 -3.83600091e-02  7.09556046e-01 -5.49282233e-01
 -4.45371993e-01 -1.27406815e+00  2.49543940e-01  1.35759872e+00
  2.16290303e-02 -8.09174162e-01 -2.36881790e-01  1.77037838e+00
 -2.77693978e-01  1.20541495e+00 -1.66692272e+00  5.21568465e-01
  5.75400949e-01  5.64050462e-01  2.67661251e-01  3.93786585e-01
 -9.71033046e-01  1.72680800e-01 -5.00364372e-01 -3.78761014e-01
  6.85829410e-01 -7.93608438e-01 -1.20359414e+00 -3.91221889e-01
 -7.13999616e-01 -1.88058624e+00  4.80128385e-01 -9.26482743e-01
  1.76990973e+00 -6.66527292e-02 -1.21909454e+00  3.64859353e-01
  1.05819065e+00 -4.62442267e-01  5.62083030e-01 -2.64305540e-01
 -8.03771400e-01  3.14143222e-01 -1.46887702e+00  2.46757579e-01
  4.62046833e-01 -6.55184525e-01  5.57409976e-01 -5.17191499e-02
  1.26723010e-01  1.26671785e+00 -2.79427698e-01 -4.60103052e-01
  3.28190369e-01  1.47819568e+00 -1.03877149e-01  9.28548773e-02
 -2.85028673e-01 -3.07228712e-01  6.17144011e-01 -1.28207159e-01
  4.85983727e-01 -5.38756832e-01 -1.01386088e+00 -1.06080279e+00
  9.03650127e-02 -1.10456464e+00  1.43207741e-01  1.00361412e+00
  3.63131556e-01 -4.61651495e-01 -4.75512441e-01 -1.48489981e+00
 -1.46009175e+00 -3.99510640e-01 -1.93648112e+00  2.85200386e-01
 -8.99430830e-01 -3.31331552e-01  2.04318910e+00 -1.24034518e-03
 -9.98811449e-01 -4.27336521e-04 -2.40842842e-01  5.25994479e-02
 -3.66798195e-01  1.12671777e-01 -1.33104413e-01 -7.46757286e-01
  5.12981014e-02 -1.09214604e+00 -1.29084367e+00  1.24349114e+00
  1.48908637e+00  2.97352068e-01  1.18929895e-01 -4.78712083e-01
  1.82918095e-01  1.28558690e+00  2.07963192e-01 -1.93093580e-01
  1.24496943e+00  2.08031044e+00  1.39561851e+00  8.38708514e-01
 -7.79369756e-01 -1.55691767e+00  1.20581594e+00  3.61638095e-01
 -3.03326213e+00  4.12782385e-02 -8.12129782e-01 -6.28412402e-01
  3.07918342e-01  1.00148828e+00 -5.62998960e-01 -4.24681117e-01
 -1.32309695e+00 -5.45194341e-01  8.27288627e-01 -1.36842744e-02
  3.72149974e-01  1.30231012e+00 -1.16181346e+00  6.19167645e-02
 -2.15074357e-01 -1.34147669e+00 -9.75310662e-01  1.05568921e+00
 -4.84739351e-01  1.16101154e+00  7.87416185e-02  5.99652871e-01
 -1.04929481e+00  2.75273045e-01  1.08108905e+00  7.74016374e-01
  1.07834950e+00  1.05533046e+00  9.66047345e-01  5.62200884e-01
  2.71291067e-01 -7.03721965e-01  1.03800930e+00  1.92709633e+00
  4.55359950e-01 -4.43170891e-01 -3.73701216e-01 -4.71479682e-01
  1.23076068e+00  4.85625565e-01 -9.72393475e-01 -1.35385706e+00
  7.72760727e-01 -6.44371311e-01 -1.64864655e-01  3.27743542e-01
 -1.70391925e+00 -1.09744933e+00  7.26292904e-01 -2.32456599e+00
  5.46220883e-01  2.31522506e+00  9.36985483e-01  1.25044630e+00
 -2.18985781e-02 -2.91760032e-01  1.22044400e+00 -1.35451517e+00
  1.29187219e-02  1.28801270e+00  3.63447941e-01 -1.11063960e+00
 -6.23884869e-01  1.52281643e+00 -2.51698424e-02 -3.01266616e-01
  1.02914589e+00  2.41726381e+00  2.25780707e+00  6.40112440e-01
 -4.80006808e-01  6.78361611e-01 -9.96534191e-01  7.43866531e-02
 -1.95462351e+00 -2.45728654e-01  2.19887865e+00  2.33910355e-01
  3.57499237e-01  5.24100469e-01 -3.66696091e-01 -2.27804335e-01
  1.96466111e+00 -3.97601796e-02  8.88183653e-01  1.18114543e-01
 -2.76130934e-01 -9.69679727e-01  6.65152754e-01  1.93960073e-01
  7.42635526e-01  9.81354956e-01 -3.52064104e-01 -9.79559427e-02
  7.70451561e-01 -1.48555535e+00 -3.70562115e-01 -4.33033071e-01
  1.04981783e+00  2.44077772e-01  1.15616908e+00  6.83233868e-01
 -2.32573526e+00 -1.94751327e+00  9.16117001e-01 -4.83473514e-02
 -6.09850473e-01 -5.42742195e-01 -2.49815164e-02  9.50674535e-01
 -8.84565251e-01  6.70189190e-01  1.12415078e+00  5.98348037e-01
  1.01585312e-03  5.11789871e-01  9.54612482e-01  7.40483196e-01
 -4.58737789e-01  1.91530227e-01 -6.78232898e-01  1.53480544e+00
  9.16357199e-01  2.39311077e+00  4.03032316e-01  5.93922675e-02
 -2.96104218e-01  5.73939926e-01  1.92049832e-01 -7.25269335e-01
  1.61404393e+00 -1.31804784e+00  4.99182885e-01 -2.26500514e-01
  4.83933178e-01 -1.31787419e+00  1.59501652e+00  5.55006075e-01
 -2.00053254e-01 -1.40882885e-01 -9.11425684e-02 -1.84946930e+00
 -1.78787270e+00  3.55667026e-01 -1.52474255e+00  3.73451521e-01
 -9.81681279e-01  2.77349143e+00  3.76669807e-01 -3.41962861e-01
  7.67284776e-02 -1.67408344e+00  2.81594420e-02  3.92235891e-01
  3.23362437e-01 -7.77242130e-01 -1.88975857e-02  4.61660933e-01
 -1.52680975e+00 -9.07748535e-01 -2.41415744e-01  9.24213019e-01
  1.79303959e-01 -3.45561558e-01 -3.69832122e-01 -2.84383672e-01
  1.48651556e+00  9.20979173e-01  9.16194169e-03  3.56833827e-01
 -4.59765243e-02  7.82704708e-01 -6.93928184e-01 -6.31613696e-01
  1.22313880e+00  2.37648735e-01  1.52249119e+00 -7.79478187e-01
 -4.69229401e-01 -4.12785461e-01 -4.29918100e-01  6.21144812e-01
  7.11666278e-01  1.04835985e+00 -4.72252624e-01 -1.30232269e+00
  1.03973654e+00  5.32867404e-01  1.37894000e+00 -8.54094579e-01
  7.16563248e-01 -2.56028268e+00  4.34891412e-01 -7.96688577e-01
  1.04069727e+00 -1.21488797e+00  1.42178338e+00 -2.91799771e-02
 -1.01790115e+00 -3.07098795e-01 -1.51939269e-02  9.16574570e-01
  1.99625616e-01 -4.16091540e-01  3.02533509e-01 -1.19743736e+00
  9.75359341e-01 -1.66953187e+00 -1.68707440e-01 -2.15552793e+00
 -1.72916891e-01  1.35686613e+00  1.90597571e-01 -4.63811078e-01
 -1.56134086e+00  1.52953755e+00 -1.44169704e+00 -2.04301234e+00
  2.06319525e+00 -7.83470403e-01  5.46032108e-01  9.39566100e-01
 -2.49529937e+00  7.25598855e-01 -6.88322392e-01  3.43124964e-01
 -1.00919067e+00 -9.61495565e-01  8.56042528e-02 -1.66634455e+00
  1.61227787e+00  8.86968703e-01 -1.82297271e-01 -4.50278489e-01
  8.25103332e-01  1.12034491e+00  8.11495022e-01  1.16177365e+00
 -1.01572900e+00 -4.05783949e-01 -1.11974774e-01  4.38574372e-01
 -1.02726394e+00 -4.42496846e-01  1.72536312e+00  6.47256613e-01
 -4.22887935e-01  2.81984090e+00  3.69436016e-01  3.19562053e-02
  1.00295208e-01  1.28133101e+00 -1.60523374e-02  7.98202161e-01
 -3.93442328e-01 -1.45120375e-02  1.79690645e+00  4.22978608e-01
  6.06438598e-01  4.77766654e-01 -4.66327570e-01  6.33383785e-01
 -1.16637557e-01  6.80288771e-01  3.64487081e-01  1.47808613e+00
  6.31910201e-01  1.32635881e+00 -4.61147502e-01  2.23554167e-01
 -1.46017975e+00 -1.01905903e+00  1.30809482e+00 -5.64691507e-01
 -6.35377630e-03 -1.63724144e+00 -3.61264925e-01  3.09914416e-01
  1.38476160e+00 -3.52039107e-01  4.84939089e-01 -1.10656748e-01
  1.04556980e-01  4.37860921e-01 -2.37786483e-01  1.45515264e+00
 -8.16672095e-01  5.15974817e-02 -1.14229086e+00 -1.32220598e+00
  1.83274982e+00 -2.00033477e-01 -6.33154765e-02 -4.06654119e-01
  1.67884175e+00 -8.51218011e-02 -1.52036905e+00 -1.65299137e+00
  8.74323681e-01 -2.55110416e+00 -9.38876747e-01 -8.54298896e-01
 -1.74980804e+00 -6.31181855e-01 -9.21151851e-01  1.26624577e-01
 -9.78927682e-01 -2.79306991e-01  7.17978728e-01  5.26376874e-01
  2.51469720e-02 -6.46273496e-01  4.64370153e-01  2.83608039e-01
  7.79697054e-02  4.19427837e-01  3.87491750e-03  2.80732368e-02
  4.11344392e-01  3.74597552e-01 -3.57789272e-01 -1.51277835e+00
 -6.97899077e-01 -3.32545130e-01 -1.86856415e+00 -8.98909481e-02
  1.19571606e+00 -1.60286192e+00 -1.14485839e+00  8.49348030e-01
  2.73582842e+00  2.06718858e+00 -2.74136578e+00 -2.03114279e-01
  5.60663528e-01  3.46754320e-01  2.14049742e-01 -2.31729208e-01
 -1.40936095e+00 -3.28608381e-01 -9.52052899e-01 -1.01889912e-02
 -1.31020346e+00 -1.62254591e+00  4.63565406e-01  6.75545318e-02
 -3.23938738e-01  9.35905696e-01  4.66312997e-01  2.74552557e-01
  4.78965202e-01 -1.05620449e+00 -1.93458616e+00  6.52082628e-01
 -3.58643652e-02  7.81728331e-01 -2.72180758e-01 -3.88543698e-01
 -1.98002571e+00 -3.42195758e-01 -1.52700448e-01 -5.13280511e-01
  7.12370721e-01  9.71068079e-02 -9.94457292e-01  4.22257303e-01
 -1.61972675e+00 -4.84167607e-01 -5.69952781e-01 -1.23314099e+00
 -1.01646489e+00  3.71582011e-01  3.41135756e-01  4.30884737e-01
 -4.41866674e-01 -2.32400504e-02 -2.74989681e-01 -5.19030045e-01
 -1.30322202e+00 -8.05188774e-01  8.83555967e-01 -5.50502231e-01
 -2.73533102e-01 -3.60876938e-01 -4.38427676e-01 -1.97848951e-01
 -6.74582038e-01  1.42858415e+00  6.90526628e-01 -1.31209992e-01
  6.60888839e-01  6.15885369e-01  1.77646268e+00 -3.54165592e-01
  5.57745251e-01 -2.69454564e-01 -1.51723502e+00  9.45205317e-01
  1.81508420e+00  1.22741627e+00 -5.47925717e-02 -2.22764210e-01
  9.83940756e-01 -3.17155530e-01 -2.32314300e-01 -7.72454779e-01
 -3.66319925e-01  6.69490050e-01  5.59451914e-01 -3.29465126e+00
 -3.59274007e-01  1.06326206e-01 -6.30605519e-01  8.73567042e-01
 -1.84084373e+00 -3.92949509e-01 -6.12317774e-01 -5.56706151e-01
  3.63987563e-02 -1.03419203e+00 -6.47273987e-02 -7.59077783e-01
 -2.96895568e-01 -4.95880840e-02 -4.67501075e-01  5.53648332e-01
  1.41687700e+00 -1.36917816e+00  4.76777561e-01 -3.58310524e-01
 -2.35753344e+00 -2.51845456e+00 -1.06570420e+00  6.91011390e-01
  1.05119899e+00  7.30914598e-01 -5.60182649e-01  1.24236017e+00
  1.03270810e+00  9.23837008e-01  7.77264349e-01 -3.50035451e-01
 -1.42295531e+00  1.11344705e-01  1.27918993e+00  3.47086132e-02
  2.12640087e-02  8.24826734e-01 -6.88984010e-02  7.56956531e-02
 -1.17565933e+00  1.80546586e-02 -8.11138427e-01 -2.02666920e-01
  2.91889194e-01 -7.18294517e-01 -1.44849026e-01 -1.47629779e+00
 -7.25642231e-01  5.76796947e-01 -1.40933011e-01 -1.50068001e-01
 -2.34587853e-01  1.76821069e+00 -2.09794175e+00  1.06353715e+00
 -2.69233313e-01 -9.58107203e-01  7.19895275e-01 -1.12947007e-01
  7.53342785e-02 -2.49277660e-01 -8.98256551e-01 -5.48052907e-01
 -1.49196034e+00 -1.12585042e+00 -4.58477783e-01 -2.28662388e-01
 -1.60781599e+00  6.49313711e-01 -2.95913919e-01  5.09108477e-01
  2.49236292e+00 -7.30867950e-01  7.86629340e-01  2.30938123e+00
  1.30747110e+00  4.83941790e-01 -9.61075573e-01  4.42737253e-01
 -5.90962399e-01 -3.60924134e-02  3.69552853e-01  1.18262576e+00
  3.01374571e-02  3.92690048e-02 -3.90430262e-01 -8.16787585e-01
  3.95129610e-01 -7.74826460e-03  1.47252699e+00 -7.03306621e-01
  5.55924396e-01 -9.29554772e-02  1.06210119e+00 -1.41030704e+00
 -3.35978171e-01  7.37737131e-01 -5.31353856e-01 -2.24654203e+00
  2.67285810e-01 -6.26948311e-02  8.12257071e-02 -7.51667923e-01
 -1.15848767e-01  1.72457654e+00  1.09773020e+00 -1.45994648e+00
 -6.00487513e-01 -1.22623464e+00  1.79722452e+00 -3.37128490e-01
 -2.84775049e-02 -3.53198097e-01  1.34084991e+00 -1.03190577e+00
 -9.44020641e-01 -5.83552926e-01 -6.37029838e-01  2.06770685e-01
 -1.40469054e+00  4.10110661e-01  4.95758184e-01 -1.98140172e-01
 -8.66888532e-01 -7.16485931e-01  1.12057365e-01 -1.70902831e-01
  3.08987714e-01  1.92489121e+00 -1.01131937e+00  4.54489320e-01
 -2.92223753e-01 -2.50218484e+00 -3.34990082e-01 -3.89652362e-01
  6.43940621e-01 -2.12115119e+00 -1.55862293e+00  7.75552763e-01
 -1.21411483e-01  4.95315970e-01 -9.81166924e-01 -3.99653029e-01
 -1.25757282e-02  8.98249011e-01  1.13752211e+00 -2.81285239e-01
  8.82217166e-02 -2.23412016e-01  9.91544213e-01  6.99025442e-01
  5.82400883e-01  4.62417549e-01  5.30325226e-01  8.36984791e-01
  1.72573100e+00  7.13639096e-02  5.16313905e-01  7.01018142e-01
  1.27366699e+00 -1.79738334e+00  5.71921650e-01 -3.48568138e-01
 -3.33357452e-01  1.38963421e+00 -1.91391381e-01 -8.54735629e-01
 -6.17188642e-01  7.91456560e-01  1.89330140e+00 -3.12907557e-01
  1.45003477e+00  5.00987481e-01  1.10458532e+00  1.27021255e-01
  1.71733287e+00 -9.59151521e-01 -1.08630001e+00  4.28812357e-01
 -3.73099868e-01 -1.15514671e+00  1.24952917e+00 -1.19997392e-01
 -6.11560255e-01  2.17448147e+00  3.03118136e-01 -7.29899261e-02
 -8.94856906e-01 -9.43483757e-03  1.78147994e-01  1.84234034e-01
 -1.80981562e-01  2.30060698e+00  2.30327627e-01 -2.96802717e-01
  4.76426190e-01 -2.99525724e-01  7.97661761e-01  2.51659021e-01
  1.69748741e+00 -1.03427697e+00  9.89555614e-01  7.46034621e-01
 -1.12685362e+00  3.97457850e-01 -6.67070445e-01  2.00998609e+00
  2.36286751e+00 -7.23021269e-01  9.70874643e-01 -1.29604090e-01
  3.81773025e-02  1.43340503e+00 -6.55544641e-01 -1.41495365e-01
 -2.89051178e-01 -1.74972701e+00 -2.15262721e-03 -6.47564606e-01
 -2.30951785e-01 -8.20884409e-02  1.75237801e+00  7.83472489e-01
 -5.32685164e-02 -5.53170066e-01  6.36235958e-01 -1.65264740e+00
 -5.01742192e-01  1.62130631e+00 -9.89721403e-01 -2.80402914e-01
  1.59102096e+00 -1.36523045e+00 -4.57494234e-01  1.95429913e+00
  4.59321162e-01 -1.58520603e-01 -1.23197259e+00 -7.49363183e-01
 -9.46535713e-01 -1.39441631e+00  1.46525169e+00  6.44538348e-01
 -2.36605138e-01 -1.43892524e+00  7.05987000e-01  5.36607690e-01
  4.50895649e-01 -2.27890003e+00 -1.99106925e+00  8.28663613e-01
  3.77116540e-01 -2.08850301e+00 -1.30233630e+00  1.31242856e+00
 -6.89290517e-01 -1.32705625e+00 -4.41655348e-01  5.14367103e-01
  1.61760036e-01  2.84759695e-01 -1.80607251e+00 -1.16743524e+00
  5.20095963e-01 -5.32932303e-01  7.85056502e-01 -2.00109624e-01
 -6.63593369e-01 -1.21711950e+00 -3.51753097e-01  1.02282270e+00
 -3.81520287e-01 -3.17960064e-01 -1.19097362e+00 -8.42974703e-01
 -7.58677098e-01 -1.23722445e+00 -2.44478296e-01  6.93013286e-01
  1.14492342e+00 -8.03698291e-01  1.15218263e+00  1.60625061e-01
 -4.56600943e-01  4.82206176e-01 -1.21140273e-01 -1.85338471e+00
 -4.75964142e-02 -4.45624145e-01 -4.77140135e-01  3.94723173e-02
  2.59796105e-01  5.83954636e-01 -1.18536134e+00 -4.39089906e-01
  5.23628556e-01 -5.33443365e-01 -3.09035765e-01  4.11585656e-01
 -1.24106616e-01  1.44917971e+00  1.09209012e+00 -1.29750242e-02
  4.03950706e-01  1.09004840e-01  9.05696659e-02  3.10983084e-01
  3.77134570e-01  1.40803118e-01 -1.40753677e-01 -1.04795144e+00
  8.12006383e-01  5.61758598e-01 -1.73153420e+00  5.81316367e-02
 -3.69193538e-01 -9.89645167e-01 -5.44012840e-01  4.86771065e-01
  7.08921885e-01 -1.69843861e+00  8.29806630e-01  8.18846843e-01
 -5.60841259e-01  3.55739030e-01  1.64773968e+00  4.45245592e-02
  2.04155511e-01  5.92511033e-01  1.74988439e+00 -3.62287785e-01
 -3.00867802e-01  6.86870072e-01 -5.02155083e-01  1.00865148e+00
 -2.47228602e-01  2.54023732e-01  4.21675177e-01 -4.68646025e-01
  1.22844394e-01 -6.08846885e-02  8.00743910e-01 -1.26889144e+00
 -8.76727128e-01  1.14549591e+00  1.10299706e+00  6.00539824e-01
  8.92542713e-01 -1.95324726e-01  5.50817886e-01  5.02359441e-02
  1.02128134e+00 -1.06762473e+00  6.02011184e-01  1.26360328e-01
  7.80247929e-01  1.35647254e-01  6.53378002e-01 -9.29786790e-01
 -4.11017294e-01 -1.44181106e+00 -1.81849510e+00 -1.03013902e+00
 -1.04150148e+00 -5.14532660e-01  8.09869734e-01  5.82151430e-01
 -5.95140670e-01 -1.28253851e+00  2.43545624e-01  1.30930023e+00
  2.93103176e-01  8.49293743e-01  1.54497984e-01 -1.58406000e+00
  1.52134741e+00 -4.58378538e-01 -6.38943551e-01  6.03074902e-02
 -5.10311016e-01  8.25241645e-01 -3.19363289e-01  2.95592579e-01
  8.34709262e-02 -6.75174148e-01  7.48378821e-01  3.55276117e-01
 -1.34865340e+00 -7.24045954e-01 -9.64095798e-01  1.24212639e+00
 -4.02919992e-01  2.36012226e-01 -1.04875750e+00 -5.87606429e-02
  1.68321172e+00 -4.79342935e-01 -1.34486147e+00  5.86740115e-01
  5.67058716e-01 -4.38275035e-01 -8.20456059e-02  1.03064653e+00
  9.94684109e-01 -1.61179596e-01 -1.17339011e+00 -1.41227940e+00
  8.83953586e-01 -2.42628905e+00 -5.02201449e-01 -1.25736621e+00
  6.16542668e-01  1.47368605e+00  4.72228354e-01  4.93600691e-01
 -8.09148842e-01  7.92823193e-01  4.38657737e-01 -8.50766216e-01
 -1.36855601e+00  4.73072330e-02  1.03040265e+00  2.46024035e-01
 -1.84457397e-01  1.35177746e+00  1.24990960e+00 -2.01360847e-01
  4.00774192e-01  1.25271814e-01  1.18700246e+00  7.32102542e-01
 -7.36075004e-01  9.98252406e-01  1.40459211e+00 -7.10464229e-01
 -2.58063412e-01  1.70627422e+00 -5.90179667e-01 -3.53665792e-02
  5.47061221e-01 -1.18549673e+00 -7.32509978e-01 -8.41556890e-01
  1.51616611e-01 -2.98247822e-01  8.05361671e-01 -9.98953634e-02