-1.4414498   0.84436134 -1.48332863  0.39413517 -0.19313653 -0.23048176
  0.03742272  1.08431362 -0.77538966  0.16115294  0.8326759   0.40225353
  0.06726816 -1.69657898  1.50425317 -0.20857824 -1.28896953  0.28089458
 -0.31410016 -3.66434205  0.65438948  0.75686026 -1.07600518 -0.05751094
 -0.53303589  1.369361   -0.27356203 -0.79597992 -1.62595632 -0.92980866
 -0.65733556 -0.4523752  -0.67182553  1.49671994 -0.35346087  0.25676736
  0.20946412  0.26987784 -1.70241521  0.7333749  -0.32168614 -0.04985827
  1.18805202 -0.78247237 -0.35255526  0.32517324 -0.59717006  2.49980419
 -0.10823227 -1.03786751  0.0279224  -0.65642347 -1.6123684   0.97783697
  1.34347068 -1.71075799  1.49098236 -0.48362978 -0.10663202  1.77259328
  0.8277708   1.32645871 -0.88643911 -0.07993379  1.69427078  0.56922319
  0.9923695   0.17546247  1.01510335  0.18010879  0.1026413   0.61091454
 -0.66071851 -0.0905968   0.83352309 -0.60784566 -0.33611316 -0.54529215
 -0.68350511  3.08782337 -0.95633068 -0.97842836 -1.23133504  0.01350833
 -0.89001122 -0.46536062 -0.19825585  0.85514086  0.33891701 -0.88817747
 -0.72436823  0.04949111 -2.90913677 -0.53889369 -0.58512408  0.06911537
  2.09156747 -1.617603   -0.19482365 -0.8525957  -0.10747928 -0.35946802
  0.68206403 -0.21170774  0.37249281 -1.29181369  0.2507954  -0.30782363
 -1.14943214 -0.93439882  0.32270619 -1.24419472  0.61384088  1.43512165
 -2.1727177  -1.10596537  0.38511984 -0.05625553  1.21616684 -0.68927553
  0.08688996 -0.21188993 -0.44120996 -0.2992709   0.88737755 -0.67252504
 -0.68460354 -0.25237954  0.77075276 -1.75746228 -1.30751478 -1.40820798
  0.62230331 -0.62932178  1.13341779 -0.28187544  1.02892767  0.39322884
  0.36496881  0.59426628 -1.67123685 -0.25951487  1.21182384 -1.44749491
 -1.07066235 -0.05270751 -0.67248596 -0.03794571 -0.1928533   0.53772133
 -0.19577963 -0.10519747 -0.46338435  0.2214142   0.5678874  -0.20120465
  1.50348155  0.11390642 -0.44256539 -1.03456321 -1.07090391 -1.24735738
  1.02142805 -0.42402692 -0.24550379  1.00743431 -0.02017316  0.70901103
 -1.51781007  0.21381133  1.70762611 -0.71827738 -0.31346621 -0.84208786
  0.87598093 -0.76584934 -0.55071994  0.59885409 -0.91628897  0.2634864
 -0.60578689 -0.08855433 -1.97120304 -0.06961858 -0.53388397  0.11713254
 -1.00483796  1.74970401 -1.68450749 -0.64219837  1.57786091  1.76611722
 -0.90813924  0.32844614 -0.95132163  3.32915918 -1.56789451 -1.01379774
  0.72606759  1.47119515 -0.32772768 -0.24712609  1.69817778 -0.51370353
  0.68047859  2.53137201 -2.01085147  0.60908622 -1.35246462 -0.9887452
  1.29289603  0.04728458  1.5416649  -0.82739738 -0.93500006  0.98901773
 -0.66529567  1.07263469  0.24757025  1.11291824 -0.98039581 -0.46343983
 -1.57740635  0.65829811  0.59610942 -0.14710944  0.09426669  0.11341468
 -0.34104926 -0.42060096  0.1721762   0.82290144 -1.19076128  1.19746697
  0.84271852 -0.90062318 -0.46136599 -0.2976191  -0.37015481  0.97930887
  0.01468336  0.32783597  0.79212065  0.59602792  0.60862998  0.28373796
 -1.32919033  0.07889075 -1.28363849  0.31937026  0.93106533 -0.22794114
 -0.90528313 -0.88423345  0.41765585 -2.23408975  0.08820837  0.30714959
 -1.38139076 -0.01441578 -1.3084905  -0.82368628 -0.01402114 -1.49799555
  2.28749511  1.20431531 -1.1969595  -1.20119303  0.72421518  0.10901017
 -1.05783676 -0.79911001  0.89586182 -1.6784518  -1.72831019 -0.46730477
 -0.47777499 -0.87054646  0.77486315  0.59720288 -0.14171858 -0.74573997
  1.07853924  1.58563182  0.13500652  1.55194477 -0.31770752  0.57489787
 -0.03240705  0.52544334  1.18074266  0.68248627 -0.50451879  0.2230609
  0.88364794 -0.12369509  0.71405082 -1.13368126 -0.72651231  1.5545197
  0.80552106 -1.4490985   1.81214342 -0.88896573 -0.42412148  1.6090414
  0.43814749  0.42941176 -0.13595169  1.07760314 -0.94203521  0.35590551
  1.00726367  0.39991969 -1.34544634  0.30699976 -1.02011945  0.10660117
  2.04174032  0.05561494  0.24803974  0.76349042  1.53599449  0.29884292
  1.39415947 -0.03943422  1.739656    1.20653508  0.91737586  0.24890663
 -0.34951956 -2.03118559 -0.00942418  1.2199871   1.13381342  0.12346432
 -0.25823728 -0.13182828 -1.45252248 -1.21152501  0.43756408  1.0170233
 -0.90619495  1.44073209  0.46337389  1.24599612  0.69583452 -0.23807601
  0.17024741 -1.18360592 -0.31445534  1.50509108 -2.40777646  0.18877996
 -0.88470175 -1.87549008  1.86685098 -0.75362734  0.93599848 -0.07083631
  0.50423376 -1.41966108 -0.29067567 -0.9243056   1.01196064 -0.3611649
 -1.57402131 -0.53989757  0.99038038 -0.93647401  1.56267167 -0.00466833
  2.46891795  0.56918511  1.5377565   0.91437562  0.94552841  0.87129167
  1.01851399 -0.08197008  0.54320223  0.58313407  0.47129504 -0.35225629
  0.1944668  -0.93304767  0.76035849  0.14309183  0.4682834  -1.52554337
  0.57504034  0.47443741  1.41430199  0.28446424  0.0371244   1.01758957
 -0.1623375   1.45145577  0.28918924 -1.48555663 -1.04737689  0.51492927
 -0.41566047  0.36429841 -0.0295447   0.519995   -0.40118138  0.58513872
  0.64442052 -1.71883182  0.09796571  0.73983665 -0.37633239 -1.82589441
 -0.70741209  0.37146572 -1.1909537   1.02199759  0.81987077  0.12992082
  0.22747089  0.78137944 -0.50557221 -0.9844133  -1.86307325 -0.94892971
 -2.15667031  1.02738408  1.5843489   0.49969327 -1.01449866  0.40430742
 -0.42702874  0.71402875 -1.12705888 -0.52153699  0.17127858  1.2375735
 -0.24141122  1.81738992  1.30545092 -0.26000316 -0.31718403 -0.19278721
 -0.22804486  0.71152284  1.71183324  2.16774248  0.11857011  0.55152703
 -1.34092231 -0.13262486  1.4732775   0.88083028 -0.28254515 -0.76289812
  1.37961044 -0.16208677  1.72660606 -0.05982161 -1.33877974  0.60355612
 -0.86470967 -0.25624405 -1.45303211 -1.07911822  0.79165554 -2.02808217
  0.18852542  0.30519687  0.07563045  1.17988703 -0.83292499  0.44889187
 -1.52836688 -0.20391923  0.62249342  0.18239913 -0.69156167 -0.54341564
 -0.11407598  0.38884808 -0.49309794  1.56685043 -1.0255474   0.96708672
 -1.01290017 -0.60671808 -1.43105992 -0.96748205 -2.27553829 -2.15116401
 -0.24655891  0.22941595 -0.19347277 -0.22404532  0.21121279  1.09854473
 -0.81743569  0.74875491  0.13920346  0.86377995  0.16099886 -0.88074537
  0.42398416 -0.20309752 -1.34888403 -1.27871582  0.19987125 -0.52815827
  1.54780146 -0.48938332  0.75422871 -1.82923133  0.97189072  0.15360902
 -0.96249882 -1.08398195  0.43189648  0.38781405 -1.95159614  1.21147329
 -0.38543671  0.22560481  0.33459358  0.94927728 -0.51337829  1.33593688
 -1.29841068  0.1796332   0.96597229 -1.04846848  1.57745275 -0.13201048
 -0.26368198  0.12084984 -1.92078219 -0.16921953  0.11272698 -2.61546595
  0.19157989  1.3567279  -0.81057634  2.38978183  0.44709442  0.4792492
 -0.95161265  0.10824077  2.32532376 -1.42969195  1.02644544 -0.95233853
  0.06649692 -0.49475041 -0.48026374  0.01965464 -0.01693359  0.43717414
 -0.51936249  0.48958732  0.3728017  -0.53978793 -0.76943349 -1.44368224
  1.27866513 -0.65614922 -0.70619243  0.21986476 -1.37068175 -1.60454263
  0.34994846 -2.69273304  0.6081542  -0.28216923  1.2282834   0.45429891
  0.48990633 -0.25905458 -0.04958652  2.05596245  0.67535376  0.20952404
  1.15364988  0.03125205  0.72323804  1.59262748  0.69658075 -0.87421787
 -0.09130889  0.32542391 -2.28750954  0.45837936 -1.11197412 -1.11691784
 -1.77091683  1.05657237 -0.4223989  -1.07783486 -0.07256054 -1.50015124
 -0.32444789 -0.86601132  0.94511423  1.39416424  0.21935396 -1.33520338
 -0.43958962 -1.71013297 -0.27352231  0.61229887 -0.80682461 -0.89398222
 -1.11741404 -0.22558582 -0.23802858 -2.1448842  -1.26769623  0.0956485
 -0.72518229  0.44066735  1.22910373  0.19696363 -0.50829138 -0.53262417
  0.28481176 -2.17364382  1.34076251  0.33555519 -1.11869432 -0.44246968
  0.42110955  0.77472878  0.54286419  0.08823667  0.4769438   0.73383145
 -0.47626169  0.19900575  0.31287362  0.80918051 -1.33574034  0.58718168
 -2.40908736 -0.24750847  0.98169784  0.5115294  -0.75243902 -1.19546852
  1.95756331 -0.17523028 -1.65627091 -0.5647456   0.81175639  1.22864389
 -0.81783991  0.32015827 -0.06901407 -0.591627    1.10183431 -0.50590661
 -0.22081627  0.09091531  0.44031108 -0.40799226 -0.16031624 -0.66442224
 -1.11223161 -0.04151296  1.37419038  0.0067621   0.77700616  1.4406684
  0.94799202  0.97258532  0.62877576  0.27436334  1.22679042 -1.49776788
  0.45646391  0.10040958  1.51306609 -1.09600284 -1.61039871  0.62418759
  0.21488537  0.39088749  1.26559826  0.85584293  1.75531581 -0.85955303
  0.11179197 -1.10768821 -0.7335622   1.24620355  0.65078407  0.40493508
 -1.44827553 -1.76731296  0.1628012   0.50836805 -1.16188833 -0.18974349
 -2.01547639 -0.98712576  0.63766554 -0.03436832  1.11047429  0.44361801
  0.2597815   0.50042571  0.10128823 -2.20408319  0.53862185 -0.20564647
  0.72893516 -0.62421487  1.31983176  0.61307573  1.24770452  0.90955073
  1.20458062 -0.06544419  1.2435122  -0.60023618  1.85793057  0.24511485
 -0.32322728  0.71732175 -1.09286646 -0.5102185   0.37684108  1.57901163
  0.23457228 -0.88750617  1.80446391  0.46035175  0.52614566  3.32135688
  0.62633351 -1.64343808 -0.42434465  0.03904976  0.47512836  0.46697217
 -0.78837385 -0.36338063  1.18101756  0.6424092  -0.49087206  0.89764984
 -0.38389383  0.11054378 -0.21770579 -0.4716403   0.59813337  0.90032262
  0.53747852  0.25039925 -0.40760903 -0.59484776  0.95583305 -0.58512067
 -1.91649352  0.4635992   2.5693083  -0.27025874 -0.41171663 -0.07886183
  1.37758457  0.10581637  2.1680789   0.17166891 -0.10570803  0.93134992
  1.52613929  1.87562158  1.1531436   0.83161986 -0.11156528  0.53182825
  0.0770121   0.60378608 -0.06043548  1.00228482  0.02627009 -0.00542061
 -0.25002213  0.44692012  0.11162914 -0.27976169 -0.83135571 -0.88946576
  0.1079579  -0.89508731 -0.01145987  1.16538024  0.49527356  0.45304425
 -0.19851477 -0.78620184 -1.19268779 -1.2404865   0.05600418  0.39740836
 -0.64668382 -1.25116251  1.66172865  1.82766012  1.57459374 -0.86640595
  0.59333382  0.1210349  -1.08512221 -0.56041819 -0.3906057   0.28424998
  0.37915947 -1.32379534  1.22106028 -0.30970276 -0.50061549 -0.04304237
  1.00060925 -2.30740953 -0.48867056  0.8545768   1.84227278  1.92775945
 -1.67942691  0.71834729 -0.89390639  1.10628889  0.03304663 -0.13868508
  0.18100881 -0.48604554 -1.09238982 -0.91039695  0.01375913  0.14307771
  0.34918582  0.39274121  0.97442349  1.99598289  0.22919655  1.58337454
 -0.24781409  0.64367751  0.19980319 -0.25304979  0.0605449   0.42739885
 -0.58198212  0.48396625  0.0701922  -0.3161978  -2.31347424 -0.36650837
  0.83557402 -0.40530752  0.10953481  0.67656024 -1.92616559  0.48683087
  1.02552632 -1.24203462  1.19896305 -1.9314583   1.44953477 -0.61757654
 -0.81611665 -0.95136622  0.10007047  0.16220802  1.03768356 -0.69467617
 -0.41731729 -1.0234594  -0.69310342 -0.45054615 -1.22452005 -0.18708385
 -1.08656673  1.4731044  -1.44927875 -2.47006831  1.67129582 -0.69924108
 -1.11973284  1.3511792   0.57185931 -1.34752203 -0.58919023  0.49086961
  0.92532901  2.11890804  0.08460083 -0.05651327 -1.71959251 -0.36801349
 -0.94601814 -1.75693683 -0.59466268 -0.07400298 -0.95056064  0.98627703
  0.1985747  -0.05765498 -1.16034864 -0.11202177  0.02023534 -0.39864597
  1.21285775 -1.88053805 -1.89277632 -0.26902747  1.21426083  0.40567439
 -0.48233527  0.10746532  0.05478817 -1.43361199  0.18827643  0.99721973
  2.14018013  1.74389528  0.83324159  0.15000416 -0.91501807  1.37919911
  0.48493605  0.25199612 -0.21395754 -0.66699984 -1.27836337 -0.0384264
 -0.36128475 -0.00710409 -0.22628396  0.87330896 -0.59317683 -0.15767627
 -0.71242418 -0.02876729  0.22641195  1.11290131  0.2527565  -0.90434705
  1.22330014 -0.36839218 -0.30447944  0.77826049 -0.3422301   0.39084783
  1.01433351  0.0365186   0.22871384  1.83654025 -0.99388156 -0.59411895
 -0.06427415 -0.33251535 -2.77387826 -0.07698496  0.51357958  1.21091268
  0.24769501 -2.49387236  0.98209249 -2.46501766  1.44698115 -1.60495097
  1.51064975 -0.22615823 -0.15609223 -0.91733195 -0.46455662  0.41784013
 -1.62581739 -0.76882662  0.25569756  1.5076901   0.50864757 -1.25536675
  0.35629691 -0.00875609  0.08091101  1.76980639  1.00698028 -1.71022933
 -0.24304823 -0.79157299  0.30717893  1.03230428 -0.99706828  0.32156518
 -0.31568791 -0.64123388 -2.11764079 -0.49118798