-9.03427404e-02  6.86963650e-01  7.06349124e-01 -7.02961906e-01
 -2.09432629e-01 -9.95034887e-02  1.92349712e+00  3.84525548e-01
  1.58570677e+00  1.11251352e-01 -2.10373874e-01  3.80675127e-01
 -4.41659162e-01 -8.33930895e-01  6.13008067e-02  1.06802509e+00
 -6.25936215e-01  1.03891180e-02 -4.35232391e-01  1.57063027e-01
  5.27545391e-01  6.27189409e-01  1.69414036e-01  1.50751110e+00
 -8.16976458e-01  1.28496918e-01  2.19453810e-01 -6.73008873e-01
 -7.59405635e-01 -2.82255687e-01  1.10453873e+00  1.11221330e-02
  5.89611883e-01 -1.22856699e+00  1.96869248e+00 -6.12112664e-01
  2.66821005e+00 -1.03590773e+00 -1.68575444e+00 -1.47347073e+00
  1.34720841e-01  4.58449763e-01  2.69505490e-01  7.11215301e-01
 -7.34988862e-02  6.16193236e-02 -3.72115663e-01  1.13770227e+00
 -7.62506766e-01  8.65623233e-01 -4.08061674e-01  3.44030761e-01
  1.45789617e+00  4.54505829e-01  9.56241066e-01  1.07030483e+00
  1.57419878e+00  8.35532799e-01  1.48858818e+00 -2.56332634e-01
 -8.38121706e-01 -5.96617332e-01 -8.67954954e-01 -2.04420840e+00
 -1.23643354e-02  2.14373645e-01  4.58630871e-01  1.92782309e+00
 -7.79341120e-01 -5.27230108e-01 -7.58368826e-01 -1.66869004e-01
  7.47531148e-01 -4.38051149e-01  1.18137604e-02  1.00432919e+00
  1.35333277e-01 -7.11879442e-01 -6.56995871e-01 -1.92928755e-02
 -3.15315349e-01  2.03073116e+00 -1.54752700e+00  3.20606193e-01
  1.88163252e+00 -4.77943765e-01 -3.65625006e-01 -1.73866860e+00
 -9.21638429e-01  2.08424762e+00 -6.45153226e-01 -1.69221130e-01
  2.47419313e-02 -6.79634080e-01 -7.45871552e-01  2.15327293e+00
  1.15436765e+00 -5.22499218e-01  1.04090410e+00 -1.52937210e+00
  5.62039912e-01  1.19168706e-01  1.31601526e+00  2.36850417e+00
  8.04473279e-01  2.07965640e-01 -1.93939833e-01  8.53465626e-01
  1.76752720e+00  1.36259696e+00 -1.00123764e+00  7.65466137e-01
  2.08204130e+00 -3.99696829e-01 -4.63937410e-01  4.16130280e-01
  8.41210122e-02  1.53954891e+00 -1.58562658e+00 -3.16242767e-01
 -1.43854077e+00 -3.50841948e-01 -1.26203623e+00 -1.38705517e+00
 -7.34265928e-01 -2.13614762e-01 -5.31041918e-01 -3.71048723e-01
  7.30019758e-02  1.27449798e+00  4.20802339e-01 -4.52220409e-01
 -1.29820362e+00 -8.74888289e-01 -2.47729215e-01 -1.20120900e+00
 -8.91216283e-01  7.03913382e-01  1.39476267e+00 -2.17656526e-01
 -1.32848057e+00 -4.01882568e-01 -3.85446930e-01  2.71351522e-01
  8.32123126e-01 -6.15332137e-01  6.66967605e-01 -1.59078153e+00
 -1.16796007e+00 -2.40520203e-01  7.71741272e-01 -1.03167936e+00
  1.09959682e+00 -1.13039753e+00 -1.14039764e-01 -2.33638971e-01
 -8.84913582e-01 -1.44397320e-01 -5.74619317e-01  3.06483735e-01
 -1.43654859e+00 -3.73437834e-01  5.06399445e-01 -8.57583582e-01
  3.55999972e-01  1.32611784e+00 -9.94413800e-01 -3.34682275e-01
 -4.18150920e-01 -1.04281059e+00  1.19420969e+00 -3.27179949e-01
 -1.43336777e-01  1.98100664e-02 -1.57859690e+00 -2.02055522e+00
 -3.97484488e-01 -7.43619176e-01 -1.63325015e+00 -1.26687368e+00
 -1.09974723e+00  4.86862948e-01  2.42037604e+00  1.01817878e+00
 -6.92903199e-01  9.30436660e-01 -8.24873748e-01  1.37251586e-01
 -4.39238155e-01 -6.76140523e-01  5.22165501e-01 -3.01911259e-01
  6.24847619e-01  1.86492677e+00  8.64910352e-01 -1.20559600e+00
 -1.07448976e+00  8.95787797e-01 -1.89518483e-01 -4.25791520e-02
  2.13630114e-01 -4.53756377e-01 -2.19304100e+00  3.75007665e-01
 -1.74558683e+00  3.85091644e-01 -1.17075429e-01  1.02195332e-01
  2.26388275e-01 -9.99877989e-01  4.38187402e-01 -1.05597850e+00
 -4.52969320e-01 -3.94123565e-01  1.14661931e+00  1.71468671e+00
  3.58663372e-01 -1.01239698e+00 -6.26394464e-01 -5.38005516e-01
 -1.25759693e+00 -2.73765139e-01 -2.38155559e-01 -6.91632823e-01
  1.14316471e-02  1.04446851e+00 -3.68608328e-01  3.16252454e-01
 -2.64504446e-01 -5.76994785e-01  5.21297585e-01 -7.45435223e-01
  6.90262173e-01 -9.10731159e-01  7.58642303e-01  1.29620677e-01
  2.08578646e-01  4.34119456e-01 -1.56699815e-01  9.79748994e-01
 -1.75638818e+00 -8.48881164e-01  2.36704206e+00  1.35430355e+00
  4.43381424e-01 -5.02268842e-01  1.70778401e+00 -1.01361292e+00
  8.20494954e-01  6.70366323e-01  1.33513647e-01  3.81167063e-01
  8.03773983e-02 -2.02648514e-01  4.79006212e-01  3.13385472e-01
  1.04945316e-02  1.28316306e+00 -3.47112817e-01  1.03549358e+00
  3.73249038e-01  9.32215721e-01  1.20100548e+00  1.04924713e+00
 -1.42770521e+00  1.73229686e+00 -4.88016464e-01 -1.46134799e+00
 -8.75786293e-01  6.31359198e-01  1.54489738e+00  7.64810532e-02
 -1.34859645e+00 -7.18173168e-01 -7.73487452e-01 -7.25443264e-01
 -1.09300080e+00 -5.92618407e-01  3.51683321e-01  2.53410137e-01
  9.95086383e-02 -1.02052307e+00 -1.57364603e-01  9.02698509e-01
 -1.03537347e+00  7.48563396e-01 -5.12842702e-02 -8.03373611e-01
  1.40580160e+00  7.57944465e-01  8.24279500e-01  4.38069951e-01
  1.43279760e+00 -8.43816270e-01 -2.67686678e-02  8.88768652e-01
  6.74788536e-01  6.13339777e-01  1.30595165e+00 -1.82411445e+00
  1.58327132e+00  6.04910346e-01  1.14367148e+00  3.57436139e-01
 -1.23198757e+00 -2.44597489e-01 -5.59096000e-01  1.16208387e-01
  1.01231246e+00 -1.32128739e+00 -7.90309555e-01  1.08504395e+00
  6.14668820e-01  7.33034292e-01  7.34502512e-01  2.17287926e-02
 -5.21878902e-01  2.28953476e-01 -1.30271641e+00 -3.46066525e-01
 -2.08153451e-01 -8.88652276e-01 -8.66611966e-01 -9.18082028e-02
 -2.81164389e+00  1.82180702e+00 -6.02904941e-01  5.90702698e-01
 -6.59716015e-01 -2.28826129e-01  1.10584799e+00  1.25575395e+00
  5.07209348e-01  1.11862329e+00 -4.07697885e-01  1.19870461e+00
  5.12822310e-01 -1.82664755e+00  3.87405348e-02 -4.03942130e-01
  1.34245762e+00  7.59588414e-01 -3.15196928e-01 -1.05439698e+00
  5.84884360e-01 -6.37548847e-01  6.42007591e-01 -1.18945056e+00
  1.83750878e-01  3.48054237e-01 -8.65590854e-01  3.53976261e-01
  1.46295977e+00  2.66965646e-01  6.16171133e-01 -7.68931677e-01
 -6.90643659e-01 -1.60199373e+00  4.01089538e-01  7.28081662e-01
  1.14982283e+00 -6.04690980e-02  3.29880684e-01 -1.78732051e+00
 -1.22944627e+00  6.67479085e-01 -7.37151565e-01 -8.65804142e-01
 -4.47698106e-01  1.84585760e+00 -5.55844574e-01  1.64714196e-01
  7.11877970e-01 -6.14005841e-01 -7.01868106e-01  8.55667916e-01
 -6.39126692e-01 -5.65744201e-01 -4.93554071e-03  1.53751026e+00
 -8.86471591e-01 -4.80655089e-01 -9.16242650e-01 -3.93556918e-01
 -1.29672666e+00  1.21212272e+00  2.16878884e+00  1.51347858e+00
 -1.39573289e+00 -1.21128498e+00  3.89551980e-01 -1.16096766e+00
 -1.79731558e+00 -6.74224668e-01 -1.06104369e+00  4.52198610e-03
 -9.49059653e-01 -3.51607963e-01  1.47715674e+00  3.37848992e-01
 -1.50162595e-01  1.63679496e-01  1.37179987e+00 -7.65328459e-01
 -1.20943914e+00 -1.69760389e+00 -5.87924038e-01  1.40790354e+00
  1.37391107e+00  7.94286657e-01 -5.37611036e-01 -2.82039054e-01
 -7.06433323e-01  1.59446074e+00 -1.43247821e+00 -4.82560884e-01
 -4.36214725e-02 -5.78093196e-01 -5.46696782e-01 -2.51165922e+00
  1.15180297e+00  3.71890551e-01  2.02823700e-01  5.63049361e-01
  1.27581141e+00  2.06190630e-02  5.49836718e-01  5.41612379e-01
  2.43478332e+00 -3.68772171e-01 -4.54544018e-01  2.39860568e-01
 -6.14429393e-01  1.08028954e+00  3.77243605e-01 -8.22065654e-01
 -7.79224576e-01 -5.66495906e-01  1.68483034e+00 -6.95937653e-01
 -4.30593659e-02 -8.04493421e-01 -3.83731708e-01  4.58006985e-01
  1.36161616e+00  1.13066608e+00  1.26963736e-01 -5.30641829e-01
  1.59020246e+00 -1.14718527e+00 -1.26153444e+00 -6.24464485e-01
  5.40919742e-02 -6.02158306e-01  2.23036246e-01 -2.09168204e+00
 -8.21809184e-01  6.31831026e-02 -8.28801155e-01  1.20405502e+00
 -1.91590444e+00  1.19463869e+00 -6.00119328e-01  4.93846602e-01
 -4.24665690e-01  5.82930284e-01  1.15741698e-01 -8.66881247e-01
 -1.02061029e+00 -2.15091463e+00 -2.03950678e+00 -5.77517092e-01
  2.07768679e+00 -6.07821519e-01 -8.63238931e-01  1.04663882e+00
 -3.67630406e-01 -5.68342843e-01  1.09161632e+00  1.42910748e+00
  2.66262629e-01  9.73346923e-01 -1.89774820e+00 -9.12213202e-01
  3.95419032e-01  1.78665245e-01 -1.65171159e+00 -1.73135743e+00
 -8.85433563e-01 -1.11064658e-01 -8.82317906e-01 -9.99994364e-01
  5.69143250e-01 -1.01636521e+00  2.17483238e-01  2.45532008e-01
 -1.11543701e+00  8.17047671e-01 -1.27886020e-01  1.04631639e+00
 -5.96793276e-01  9.66628392e-01  1.25756024e-01 -5.33755735e-01
 -1.42171096e+00  2.19055460e+00 -4.86479765e-01  1.18919350e+00
  3.96538834e-01 -6.92113580e-01  1.94064380e-02 -6.67001803e-01
  6.10993038e-01  6.81762067e-01  1.36049065e+00 -1.10374686e+00
  1.57762358e-01 -9.13711811e-02 -3.29784631e-01  1.61364195e+00
  1.36441988e+00 -1.05002599e+00 -8.14991393e-01 -3.89836704e-01
 -1.62226986e+00 -5.59776331e-01 -1.38771665e+00  1.87938851e-01
  1.72602239e-01 -2.02629223e+00  1.28663757e+00  2.23820914e+00
  1.70304227e+00  7.75626731e-01 -5.79960753e-01  2.78793936e-01
  1.92896590e-01 -1.54871635e-01 -2.49120461e+00 -8.69748083e-01
 -9.05377559e-01  5.86247118e-01  9.40054454e-01  3.25662424e-01
 -7.75412022e-02  8.27739288e-01 -6.80769144e-02 -3.17411356e-01
  8.01014407e-01  6.50652754e-01 -1.31825498e-01 -1.75988694e+00
 -3.04993179e-01  1.44717681e-01  7.88080852e-01  4.98351324e-01
 -4.89426144e-01 -1.03843777e+00  3.19051090e-01 -8.93873300e-01
  8.90604958e-01  7.78627620e-01  1.35561315e+00 -6.99887175e-02
 -3.16856141e-01 -3.08301330e-01  6.40461119e-01 -5.56209920e-01
  5.64223753e-01  9.58751840e-01 -7.07157172e-01 -1.30929542e+00
  1.24125848e+00  4.21616937e-01  1.32759819e+00  1.39961164e-01
  1.52512702e+00  3.85518657e-01  1.01888474e+00 -6.24275068e-01
 -1.78262645e+00 -1.88077237e-01  1.82526377e+00 -2.43066490e+00
  1.71385633e+00 -8.28315281e-01  3.34996816e-01  1.68253260e+00
 -6.91966502e-01  4.02805192e-01  1.52851461e+00 -1.81532418e+00
  6.59048013e-01  8.09942092e-01  6.27602937e-01  5.38573898e-01
  8.21460989e-01  8.71443656e-02  7.69751998e-01 -1.82263432e-01
  2.63939566e-01  3.32915922e-02 -1.13651877e+00  9.48939252e-01
 -8.27473919e-01 -3.08101109e-01 -1.59847744e+00 -2.67166441e-01
 -6.85076473e-01  1.27616167e-01 -2.40451671e-01  5.10328502e-01
  7.60007045e-01 -4.00341462e-01  8.27516106e-01  3.28774072e-01
  1.29740093e+00  2.19331326e-01 -3.01554800e-01  7.22417463e-01
 -8.51162093e-01  4.08428769e-01 -1.74643994e+00 -1.05291238e+00
 -1.86177176e+00  1.69244867e+00  6.32457846e-01  2.10120945e-02
  4.19068825e-01  5.05850298e-01  1.23370501e+00 -1.57766239e+00
  5.53472897e-01 -9.34362574e-01 -8.37170881e-01 -7.90464801e-01
  5.79755621e-02 -3.97010001e-01 -8.17590190e-01 -3.88337303e-01
  1.17720400e+00  3.27794390e-01 -2.06467432e+00 -1.06580957e+00
 -5.61025894e-02  2.63283394e-01 -1.52792848e+00  3.12645498e-01
 -1.71315721e+00 -1.93125720e-02  8.24720074e-01  4.22309404e-01
  2.60979499e-01 -4.97520225e-01  9.59233142e-01 -1.40935297e-01
  8.43792024e-01  1.43885899e+00 -3.15492974e-01 -2.16582399e-01
 -9.14570455e-01  4.89259499e-01  7.24676472e-01 -8.34140208e-01
  2.52134728e-02 -4.50712365e-01  3.75721947e-01  8.31010200e-02
  8.88991486e-01 -1.44391003e+00 -1.23193362e+00  1.10788847e+00
 -3.01811360e-01 -1.70076569e-02 -6.41664439e-01  5.03212166e-01
  4.44759713e-01  2.37668697e-01 -1.24717584e+00 -1.72137862e+00
  2.44440464e-01  9.25617175e-01  1.39868603e-01 -1.70041489e-02
  6.81936173e-01  1.69754472e-01 -1.19146230e+00 -2.66222284e-01
 -1.52944116e+00 -1.42965188e-01  1.58246356e+00 -1.79764331e+00
  1.08397980e+00  5.46222108e-01 -6.14291339e-01 -9.78331541e-01
  9.74173094e-02 -1.16041283e+00  1.81587096e+00  2.38858645e-01
  6.07759706e-01 -8.92053024e-01 -1.44750218e+00 -3.28378550e-02
 -3.28361168e-02  2.61030441e+00  1.37991879e+00 -7.11257782e-01
  1.89482023e+00  8.00029681e-01 -7.15871400e-01  7.84481824e-01
  1.28839927e-01 -3.55154260e-01 -9.70734039e-01 -1.47368688e-01
  2.11532012e-01 -1.26621192e+00  5.10561672e-01  1.13803170e+00
  9.73028498e-02 -1.29010558e+00  4.17021194e-01  1.25668156e+00
 -7.84816287e-01 -6.40628214e-01 -1.37229822e+00 -9.74612240e-01
 -2.65866148e-01  9.03932721e-02  1.93874772e+00 -3.13780338e-01
  3.75286988e-01  6.51217824e-01  2.46303719e-01  7.41057302e-01
  4.41185778e-01 -1.43589527e+00  5.92010474e-01  9.90036477e-02
 -2.61373624e-01  6.22426642e-01  3.14501560e-01  9.53365859e-02
 -8.62893655e-01  1.10402242e+00 -3.17984445e-01  8.68208234e-01
  5.76616070e-01  3.42016973e-02 -8.48572890e-01 -9.74566437e-01
 -7.06754962e-01  3.20346066e-01  1.17655359e+00  9.72652743e-01
  4.93232137e-02  1.05507436e+00 -5.19776171e-01 -2.12882487e-01
  6.43340925e-01  1.13242982e+00 -4.79358933e-01 -8.70789444e-01
 -7.40846556e-01 -1.37912190e-01 -3.37096003e-01 -1.32640324e+00
 -1.05245903e+00 -4.41813979e-01 -1.61348240e+00 -4.38962762e-01
 -6.16679309e-03 -1.31424510e+00  5.02423649e-01  4.49641849e-02
  2.37992839e-01  6.58121537e-01  1.68317128e+00  1.37301566e+00
  1.26927807e+00 -9.45825005e-02  9.83646112e-01 -7.37076481e-01
  4.33493733e-01 -1.17288464e+00 -3.65619287e-01 -1.22583403e+00
  4.84222684e-01 -5.15552187e-01 -6.75211115e-01 -6.58149534e-01
  1.19048669e+00  8.08983210e-01  1.13241443e+00 -6.59744515e-01
 -9.11618578e-01 -4.70647925e-01  2.54629371e-01  6.64310423e-01
  1.81004232e-02  1.09192964e+00 -3.28793810e-01  4.55734662e-01
  8.50126266e-01 -7.62753568e-02 -1.03266637e-01 -1.07319387e+00
 -5.20062134e-01 -2.03429237e-01  6.64124106e-01  8.29289350e-01
 -7.59267116e-01 -4.97113062e-01 -4.43951745e-01 -2.02380105e-01
 -1.58695884e+00  5.70623024e-01  7.66027850e-02  2.80900714e-01
  2.20150203e-01  6.18112963e-01 -1.49265957e+00 -1.49929621e+00
  7.60936773e-01 -1.48801162e+00 -5.85766522e-01 -2.71012673e-02
 -1.33549318e+00 -9.94484689e-01 -8.99462051e-01  1.08662733e+00
 -1.45144831e+00 -4.50378285e-01  1.57385862e+00 -2.11272617e+00
  1.05138755e+00  9.95105210e-02 -6.33165186e-01 -1.22474446e+00
 -1.95730823e+00  3.02848697e+00 -6.42825773e-01  6.25447187e-02
 -1.53319532e+00  1.26001887e+00 -9.31312674e-01 -6.73755218e-01
  1.45413882e-01 -4.87424821e-01  2.32116957e-01 -1.03579783e+00
  9.91854025e-01 -1.57123472e-01 -6.91889589e-02 -1.71227282e+00
 -1.19899341e+00 -7.86499103e-01 -2.46756464e-01 -5.06488216e-01
 -3.61678631e-01  1.12531232e+00  7.64838710e-01  1.41200444e-01
 -2.67118800e-01 -1.20435241e+00 -1.01443618e-01  1.15703062e+00
  1.40331226e+00  4.29450777e-01  2.06863085e+00 -5.41905940e-01
 -2.75843426e+00 -9.52607422e-03 -1.40674097e+00  9.48974349e-01
 -4.98315582e-01 -3.29371811e+00 -1.76671501e-01  1.70530112e+00
  3.51636776e-01  2.30525679e-01 -8.49121115e-01 -6.18112789e-01
 -1.40760089e-01 -7.35350118e-01 -9.22264160e-02 -4.38093116e-01
 -2.25901754e-02 -6.43171015e-01 -1.17789100e+00  2.80494442e-01
 -5.59658772e-01  1.71250619e-01  1.26877051e+00 -1.77165112e+00
  7.86441235e-01  2.80626050e-01  2.24688112e-01 -1.58158727e+00
 -1.17164377e+00  8.65450623e-01 -2.76342964e-01  7.96269179e-01
 -1.26289220e+00  7.36526089e-01  1.19432778e+00  4.14107418e-01
 -5.25450086e-01 -2.64359967e-01  6.77298542e-01 -2.67165061e-01
 -9.95188409e-01 -5.18292883e-01  1.90798445e-01  2.55610773e-01
  2.22509632e-01 -1.01330083e+00  4.51256422e-01  4.42665320e-01
  1.24834491e+00  2.10596264e-02 -1.08602154e+00 -1.73841273e+00
  1.06251597e+00 -8.92359898e-01 -6.57670598e-01  7.87402644e-01
 -4.81652011e-01  1.42698722e+00  2.39876045e+00  2.23550645e-01
  1.47057745e+00 -7.92423123e-01 -1.02784219e+00 -1.71963559e+00
  7.11244277e-01  2.78904872e-02  1.14337540e+00 -5.69441652e-01
 -5.85336324e-02 -7.06820802e-01  4.05263911e-01  2.60257116e-01
 -9.16353184e-01 -7.38231905e-01 -1.12259613e+00 -6.76988543e-02
  3.14193386e-01  9.35449117e-01  1.48609043e+00 -7.20514369e-01
 -3.35690234e-04  7.84459385e-01  1.44385526e+00 -1.77450334e+00
  8.34973860e-01 -1.91549258e+00 -6.91684237e-01  1.02465742e+00
 -1.35210158e+00 -3.53998856e-01  2.91523950e+00 -5.59388421e-02
  5.60923782e-01 -2.40245242e+00 -1.16367535e+00 -1.44246430e-01
 -1.05297897e+00 -1.89843517e+00 -2.73544134e-01  3.29541935e+00
 -4.87316343e-01 -2.80246144e-02  1.45480230e+00  3.50552532e-01
  1.40378226e-01 -4.90623395e-01  1.98149187e-03  6.16015321e-02
  1.09369012e+00  2.61324209e+00 -3.30492861e-01  2.26756254e+00
  4.33998091e-01 -5.45472624e-01 -1.63494403e+00  4.63954872e-01
 -1.39334022e+00  1.33430370e+00  1.58991888e+00 -1.39736147e-01
 -1.52383548e+00  1.34621969e+00 -1.45417592e+00  6.85924488e-01
  6.17427974e-02  7.05671844e-01  6.76611450e-01  1.21416312e+00