 9.24856771e-01  9.45787427e-01 -7.33856055e-02  3.04508471e-01
 -3.58867597e-01 -7.09662005e-01 -2.65755031e-01 -4.18306714e-01
 -1.56041527e+00 -1.43337700e+00  7.70185147e-01  2.43814300e-01
  6.88089205e-01  1.10144635e+00 -3.80031595e-01 -6.40240641e-01
 -6.65052148e-02  1.08815026e+00  4.49459025e-01 -1.98396945e-02
 -3.70774883e-01  3.93687880e-02 -7.71260352e-01 -2.63611857e-01
  3.69680883e-01  1.19809576e+00  6.42360154e-01  8.89531688e-01
 -1.09954884e+00 -1.79080976e-01  2.66821361e+00  8.44699301e-02
  9.82476887e-01 -1.45383569e+00  4.31872093e-01  2.22119393e+00
 -2.07590686e-01  2.44454369e+00 -6.59549521e-01  1.59815121e+00
  7.23543866e-01 -1.46749535e-01 -2.09296179e+00  3.22200782e-01
 -4.60683636e-02 -1.74670517e+00  9.53213089e-01  1.18507305e+00
 -2.70070469e-02 -7.73542081e-01  5.14087291e-01 -1.85964962e+00
 -2.96158063e-01  7.11964751e-02  1.22887939e+00 -2.14679708e-01
 -9.25778737e-01 -2.59145043e-01 -3.87522974e-01  1.13934108e+00
  6.08166770e-01 -6.14206666e-01  7.85418700e-01 -2.70202529e-01
  1.57453116e+00 -2.77210562e-01 -5.49866468e-01 -1.33068171e+00
 -2.59006911e+00 -1.71355800e+00 -2.54743286e-02  3.96197689e-02
  9.94967453e-01  1.46557598e+00 -1.15173175e-01  2.71572259e-01
  1.45454441e+00  3.66833993e-01  5.64834198e-01 -9.95894050e-03
  6.55563657e-01  1.11077656e+00  9.52789166e-01 -8.75462681e-01
  5.27552598e-01 -6.94903848e-01 -3.67515473e-01 -7.76304193e-01
 -2.49355097e-01 -6.25872271e-01  5.18961133e-01  1.34435796e+00
 -1.13626665e+00 -9.16823652e-01  5.54778439e-02  2.96594205e-01
 -1.13607696e+00  1.42231060e+00  6.25510768e-01  7.03868721e-01
  1.76671639e+00  1.23568795e+00  1.65009385e-01 -2.28553121e-01
 -3.29149834e-01  1.85589246e-01 -9.38024660e-01  1.10381483e+00
 -4.53258187e-02  1.51627261e-01  2.51339065e-01  2.63566994e-01
 -9.86023214e-01 -1.06640952e-01 -8.27254091e-01 -1.51611892e+00
 -2.52631577e-01 -7.49902679e-01 -2.18865395e-01 -4.22768604e-01
  8.55134592e-02 -1.17075987e+00  1.94837276e+00 -1.90078170e+00
 -2.44053246e-01 -7.15870411e-01  9.37116754e-01 -1.31861602e+00
 -1.00953837e+00 -9.65496829e-01 -3.21782671e-01  9.69782724e-01
  1.24891074e+00 -5.45257916e-01  9.89110652e-01 -2.32113044e-01
  6.55482328e-01 -1.26065198e-01  3.31549160e-01  4.21451875e-01
  1.43059416e-01 -1.08867963e+00 -9.27999935e-01  1.24259354e+00
 -4.44197866e-01  8.28996138e-01 -3.77828521e-01 -7.76492127e-01
  1.44607787e+00 -1.10677904e+00 -1.00337442e+00  1.09498561e+00
 -7.37616452e-01 -4.54334934e-01  1.42976636e+00 -5.71877726e-01
  1.40435841e+00  1.47204744e+00 -2.21165684e+00  1.43712372e+00
 -4.02000078e-01 -7.09089094e-02 -2.31951262e+00 -1.68726171e-01
 -1.25407154e+00  1.74781922e-01 -1.09096065e+00  6.90509897e-01
  1.23275637e+00 -4.02204188e-01  9.54776623e-01 -1.83122190e+00
 -1.65454631e+00  8.93393461e-01 -1.26116063e+00  6.09059480e-01
 -1.24381654e+00 -3.77311997e-01 -1.13507452e+00  5.21164504e-01
 -1.83827006e-01  1.92098681e-01 -1.15852930e-01  5.29627867e-01
 -1.62782762e+00  2.78107493e-01 -7.42294643e-01 -2.60020329e+00
 -1.39399265e+00  1.69865246e+00 -1.85904865e+00 -4.47062973e-01
  1.26169877e+00  4.47804402e-01 -1.76676063e+00 -2.42664571e-01
  1.05007103e+00 -5.20255924e-01 -1.45683583e+00  8.41912121e-01
 -1.08684227e+00  3.43789768e-01 -8.89743603e-01 -4.70605012e-01
  8.84386816e-01 -1.54117912e-01  6.95328372e-01  3.70636321e-01
  5.33172457e-01  1.39744227e+00  4.66097216e-01  4.26036733e-01
 -1.10732746e+00 -1.53321238e+00 -1.34326777e+00 -1.40124058e+00
 -4.30329192e-01  8.63151386e-01 -1.15603488e+00  8.83276161e-03
 -2.20325351e-01  1.54723409e+00 -7.63764855e-01 -1.10057532e+00
 -1.13367903e+00 -1.20547764e+00  1.15402083e+00 -8.70550369e-01
  3.76286575e-01  8.23259918e-01 -1.03442317e+00  8.18950880e-01
  2.01648670e+00 -2.94069400e-01 -3.71839619e-02 -6.84597004e-01
 -8.09472971e-01 -2.31304377e-01 -8.31643155e-01  7.55508264e-01
  9.44785022e-01 -2.05261100e+00  4.60743900e-01 -5.98588150e-02
  3.46908835e-01  4.72837051e-01 -2.61720323e+00 -1.31711738e-01
 -2.34283265e-01 -1.68409159e+00 -1.68976884e+00 -4.19954179e-01
 -8.83399387e-01 -5.88950007e-01 -1.58407571e+00  1.08338467e+00
 -2.12086092e+00 -1.54166737e+00 -9.13676069e-01  3.94098462e-01
  4.47816141e-01  2.46180838e-01  1.97002945e-02 -1.97528441e-01
 -5.90864701e-01 -2.86149515e-02 -5.91138290e-02 -6.73331587e-02
  9.69632154e-02  6.85416890e-01  1.94765304e+00  5.11228729e-01
 -1.19999962e-01 -6.52119648e-02 -1.32921675e+00 -2.49611359e-01
  9.68403945e-01 -1.91499085e+00 -9.00922383e-01 -7.68740570e-01
  5.58049262e-01  2.27682019e-01  2.62134355e+00  2.09273548e+00
 -9.75137697e-01  8.88877669e-01 -3.83615899e-01  9.04809189e-01
  2.86638463e-02 -3.18464988e-01  4.75332867e-01 -2.09514820e-01
  2.35909381e+00  6.47045415e-01  6.41320145e-01  4.30741548e-01
 -2.06054659e+00 -3.80685948e-01  7.67696777e-01  5.84219048e-02
  1.02010324e+00  1.11436312e-01 -7.26306160e-01  1.37289171e+00
  2.15756413e-01 -7.41303500e-02  1.49434902e+00 -7.68097371e-01
 -5.78551378e-01 -3.10697281e-01 -1.72984568e-01  2.75554940e-01
 -2.00088459e-01  4.90699974e-01 -8.90471585e-01  2.45911858e-01
  2.10820742e-01  5.75282854e-01  2.12229984e+00 -5.05535394e-01
  1.19235688e+00  1.04092626e-01 -8.44961953e-01  1.08139102e+00
 -3.34646531e-01  1.49390372e+00 -7.44804639e-01 -9.11956136e-01
  1.52027550e+00 -1.88625891e-01 -6.51781273e-01  1.19472872e+00
 -1.99443622e-01  1.03791193e-01 -2.50428860e-01  1.19688769e+00
  1.25774877e+00  6.35335025e-01 -6.67283944e-01  4.57731808e-01
  9.92374783e-01  1.02360929e+00  3.98521098e-01  1.79343270e+00
 -1.47509490e+00 -2.64822665e-02 -4.16793850e-01  1.50931025e+00
  1.11389151e+00 -1.36115607e-02  1.37121829e+00  6.52685559e-01
 -1.56599114e-01  4.12587297e-01 -8.43392036e-01  2.32797636e-01
  1.01545481e+00  1.89617010e+00  2.59560832e-01 -7.02122287e-01
 -3.19102310e-01  7.01854442e-01 -2.74564110e-01 -5.98570839e-01
 -1.18222599e+00 -4.98693769e-01 -3.66679641e-02  2.96772263e-01
  4.36269729e-02 -3.98542290e+00  1.07785346e+00  4.00918429e-01
  1.71083679e+00 -3.41074264e-01 -5.77099080e-01 -6.02206192e-01
 -2.73466402e-01 -1.68050873e+00 -1.38164771e+00 -1.34287470e+00
 -1.74983468e+00  4.31759859e-01 -6.48799850e-01  9.83825032e-01
 -1.06124537e+00 -2.90485466e-01 -9.13485260e-01  1.52955722e+00
 -2.25082611e+00  3.67449293e-01 -1.21100164e+00  7.40406036e-01
  5.22016069e-01  7.02152223e-01  1.18490293e+00  7.73645880e-01
 -5.08628134e-01 -1.77816730e-01  2.58185759e-01  3.08738875e-01
 -3.67478405e-01 -3.12336148e-01  5.47221629e-01  4.58317445e-01
  1.96670139e-02  1.45086961e+00  7.02448442e-01 -1.78401663e+00
 -2.79469598e-01 -6.35411976e-01  9.35396571e-02 -1.65829972e+00
  9.74154518e-02  1.22528157e+00 -9.68227083e-01  1.17755834e+00
 -5.73798940e-01 -6.45324616e-02  1.35130506e+00 -1.33971483e-01
 -6.29257464e-01 -8.27954022e-01  9.20783324e-01  6.96643780e-01
 -2.04204319e+00 -4.24914581e-01  1.33531157e+00 -3.71453026e-02
 -1.07104744e+00  3.08282363e-01 -7.81218390e-01 -2.45707820e+00
 -1.81660130e+00  2.45794577e-01  4.23033053e-01  6.89503358e-02
  1.13743113e+00 -8.39850578e-01 -6.79113185e-01  1.16804132e-01
 -4.32019309e-01  1.70859621e+00  1.11183784e+00 -1.07954744e+00
  3.75076802e-01  4.75221653e-02 -8.89344450e-01 -8.30631653e-01
 -4.08021507e-01  1.26216129e+00 -2.51616934e-01  2.27296316e-01
 -3.89458782e-01  1.31335573e+00  7.93590289e-01 -1.20657427e+00
  1.06840389e+00 -8.58582176e-01  1.42110846e-01 -6.40474727e-01
  9.67472453e-01 -1.99463257e+00  5.97956073e-01  1.72730981e-01
 -4.99444524e-01 -4.54870947e-02  2.45898653e+00  2.04505651e-01
  3.99228696e-01  8.92826857e-02  1.70397442e-01 -1.61294631e+00
  9.12121811e-01  3.47647458e-01 -1.56412693e+00  5.59768254e-01
 -3.25275162e-02 -9.85574898e-01  1.13693399e+00  4.32176217e-01
  4.42041119e-01  9.42235618e-01 -4.28869810e-01  4.36486204e-01
  9.59487981e-01 -1.21712110e+00  4.15680957e-02  1.64432883e+00
  5.33861601e-01  1.21341793e+00  2.05420471e-01 -1.21667033e+00
 -4.81874252e-02 -1.00423317e+00 -7.81480594e-01 -2.36468147e-01
 -7.15168222e-02 -2.53931513e-01  3.02020427e-01  4.39704524e-01
  2.22902065e-01  1.81920402e+00  1.80440597e+00  2.16464346e-01
 -5.03572233e-01 -1.34408442e+00 -8.72599789e-01 -1.27634346e-01
  9.76414787e-01  3.66078233e-01 -4.29284779e-01  5.26863442e-01
  5.35851732e-01  1.23686169e+00  8.35898113e-01 -7.86889529e-01
 -3.52290413e-01  9.55213306e-01 -5.02682923e-01 -1.15313334e+00
  1.40818901e+00  2.62120446e-01 -1.45607993e+00  1.45455664e+00
  1.06453205e-01  5.39532192e-01 -1.13130841e-01 -9.22414059e-01
 -6.52228378e-01  1.54194207e+00 -2.93010466e-01 -3.36748608e-01
 -2.50841805e-01 -1.84433473e+00 -3.16533853e-01 -1.20232501e-01
  9.40554203e-01  5.83243188e-01 -1.03364057e+00  1.87150156e-01
  3.62812697e-01  1.39496181e+00  1.59462462e-01 -1.36044203e+00
  4.16980780e-01 -9.15002245e-02  1.18456195e+00  6.76232350e-01
 -4.76804636e-01  2.55014251e-01  7.13308934e-01  8.00496835e-01
  1.50866706e+00 -6.01065190e-02  1.53060100e+00  8.26125660e-01
 -1.16090651e-01 -1.02103808e+00  1.03911277e+00  1.93298763e+00
  1.96122322e-01  1.81883327e+00  1.13366825e-01  3.95349401e-01
 -6.77913560e-01  2.71563646e-02  1.21320422e+00  4.65684146e-01
  3.27395726e-01 -2.46705477e+00 -2.76744262e-01 -2.18533224e-02
 -1.38120045e+00  1.57698676e-01  8.43040424e-01  8.56699891e-01
 -3.22285414e-01 -7.29010042e-01  1.27934108e-01 -4.66910282e-01
 -1.65711717e+00 -9.24091761e-01 -9.42258533e-01 -3.19577616e-01
  1.85210370e-01 -1.49361301e+00 -1.76800936e-01 -8.44404467e-01
  1.65288212e+00  7.71299570e-01 -1.14493546e+00  1.79166917e-01
  6.34124603e-01 -1.07510558e+00 -6.76509682e-01 -6.52899169e-01
  4.22479534e-01 -1.79074313e+00 -5.20860443e-01  6.26531132e-01
 -5.13387193e-01  5.65328434e-02 -4.95252321e-01 -3.42736026e-01
  3.09629035e-01  1.20501433e-01 -6.35279186e-01  1.24970503e+00
 -4.34410335e-01  5.62049197e-01 -4.00555589e-01 -8.36691571e-01
 -9.70922967e-01  4.98162047e-02  3.22113292e-01  4.17537592e-01
  1.07556888e+00  4.61893973e-01 -1.16144751e+00  1.41883134e+00
  1.30207474e+00 -3.63587643e-01  1.03161774e+00  1.24292763e+00
 -1.96705296e-01 -9.17344640e-01  1.62339783e-01 -1.11461742e+00
  5.16334613e-02  4.28368572e-01  3.35599488e-01 -4.14927771e-01
  5.28820629e-01 -1.07439586e+00  9.15870325e-01  6.07061717e-01
  5.98516801e-01  6.00749610e-01  3.83823367e-01 -1.16995099e+00
  1.78717608e+00 -1.34658150e+00  1.25103458e+00  1.36553311e+00
 -3.87490874e-01  5.42495664e-01  2.78815585e-02  9.15314817e-01
 -2.28018154e+00  8.89176712e-01 -6.79179659e-01  1.04660871e+00
  2.86059403e-01 -4.73147470e-01  4.17495407e-01  1.28741195e-01
 -1.88162576e-01  1.98836638e-01  4.72009993e-01 -1.25711856e+00
  1.94902671e+00 -2.00138385e+00  2.54257261e-01 -1.98114663e+00
 -1.29920987e+00 -4.34839904e-01  1.57590048e+00  5.10851146e-01
 -3.06426289e-01  6.31479020e-01 -2.02119194e-01  3.55171040e-01
 -1.70324810e-01 -4.08501078e-01 -2.71181915e-01 -9.84058771e-01
 -6.26695555e-02 -2.93403979e-01 -7.28199493e-01  3.79397981e-01
  7.80841958e-01  6.42237410e-01  1.00990153e+00 -1.67527504e-02
 -7.71820029e-02  7.62501159e-01  1.79813039e+00 -8.22022320e-02
  8.40177770e-01  1.69073936e+00  8.51117673e-01  4.73265864e-01
  1.80903168e+00  1.78137563e+00  1.31084698e+00  1.15756740e+00
  5.87418345e-01  1.02415349e+00  2.81121289e-01 -7.84181420e-01
  7.76093275e-01  9.95211536e-01  2.64875390e-01 -1.27433477e+00
  3.49498716e-01  1.30394035e+00 -9.60259495e-02 -1.91697847e+00
  7.52322249e-01  1.06510265e+00 -7.76681386e-01  9.17400223e-01
 -1.17437035e-01 -6.90546625e-01  1.44752085e-01 -4.31688903e-01
 -3.59609616e-01  3.88447639e-01 -1.03982571e+00 -1.50226232e-01
 -7.53653855e-02 -1.19146292e+00  1.11221059e-02 -2.23589487e+00
 -1.20902148e+00  3.20784837e-01  9.74761868e-01  8.03525744e-01
  7.89214939e-01  6.81304927e-01  1.17773160e+00 -9.68807526e-01
 -1.31344516e+00  5.67499623e-01  1.33152141e+00  7.09537694e-01
  1.16106196e+00  6.03808750e-01 -5.64471828e-01  1.55468524e-02
  1.19203128e+00  6.44295062e-01  8.36237221e-01 -1.22132422e+00
 -1.45231865e-01  2.52247930e-01 -1.07991454e+00  4.94524011e-01
 -1.82843878e+00 -1.03851649e+00  2.11279326e+00  6.87335198e-01
  6.94566636e-01 -2.35455359e-02  2.75941197e+00 -4.81319269e-01
 -1.33183836e+00 -9.72257092e-01 -9.94816584e-01  1.37572905e+00
 -3.14078385e-01  1.23298063e+00 -1.44163598e+00  5.23871090e-01
 -4.40907265e-01  2.49950924e-01 -5.17911596e-01  1.65718951e-01
 -5.83897645e-01  1.70952049e+00 -8.12970837e-01 -3.79696371e-01
  1.83065348e+00  1.64477046e-01 -1.12187202e+00  2.92818572e-01
  4.42551242e-01 -3.69826475e-01  8.08736497e-02 -1.67200831e+00
 -3.82339752e-01 -5.88754914e-01  6.17913945e-01 -9.89863943e-01
 -1.66165438e+00 -6.99308051e-02  2.55869191e+00 -1.52147762e-01
  1.45151177e+00  1.60969377e+00 -1.36583425e-01 -3.83948986e-01
  1.74005129e-01  9.15789059e-01 -1.23827952e+00  1.21958740e-01
 -1.65639685e+00  9.09523457e-01 -1.96011428e+00  1.02655939e+00
  7.00461045e-02  8.94948315e-01 -2.27914360e-01  9.62597368e-01
 -3.70794435e-02 -4.06974821e-01 -2.46876894e-01  1.10308324e+00
 -1.35981296e-01  2.26702664e+00 -1.99655059e+00 -1.76112947e-01
 -9.93516785e-02 -4.13045583e-01  4.42752784e-01  1.57538873e+00
  2.51415200e-01  4.87793995e-01 -6.29549302e-02 -5.82654501e-01
  4.64992635e-01  5.73521297e-01  5.05725400e-01  2.24046319e-01
  1.14131831e+00 -2.93114740e-03  3.64978345e-01 -1.11270885e+00
  1.25392096e+00 -2.03971801e+00 -2.22752019e-03  3.74940736e-01
 -3.01045245e-01  1.63635183e-01 -2.36888628e+00  2.93526971e-01
  1.26839361e+00  2.58233800e-01 -6.56772470e-01 -1.16929568e+00
  3.70590321e-01  6.75037962e-01  4.83075580e-01 -7.75624465e-01
  9.97490744e-01 -2.01825988e+00  8.25778562e-01  6.31281044e-01
 -1.54945445e+00 -1.11297763e+00  5.71601644e-03 -7.00919902e-01
 -1.35962474e+00 -8.62090889e-01  4.52747169e-01  3.35082786e-01
  4.27250486e-01  4.27230966e-01 -3.41699021e-01  2.40188171e-01
 -8.47366214e-01  2.59504381e-01  6.39026988e-01  8.72327548e-01
 -7.28212384e-01  2.56525191e-01 -1.04844572e+00  1.50059410e+00
 -7.64174503e-01  6.95763290e-01  5.86255336e-02 -2.41844761e-01
 -2.44649538e+00  7.92063895e-01  4.55042413e-01 -8.74971836e-01
 -3.03762302e-01 -5.14351756e-01 -1.48925533e-01  5.18036888e-01
 -8.61945307e-01 -9.52632925e-01 -4.45815664e-01  4.05357213e-01
 -9.49483406e-01  9.20125064e-01 -5.01198322e-01 -2.60580284e+00
  6.97519056e-01 -1.05336871e+00 -6.08585370e-01  4.77886603e-01
 -1.19932157e+00  1.27862286e+00  1.15002047e+00 -8.63070120e-02
  9.22655273e-01 -6.04767934e-01 -2.25535267e-01 -2.84078393e-01
  3.14295615e-01  2.14207012e-02 -1.33114453e+00  5.22875149e-01
  2.75171020e-01  1.34811850e-02 -4.78183992e-01 -7.94213855e-02
  1.68984957e+00  8.91544956e-04  7.28310208e-01  8.97264379e-01
 -2.77837061e+00  5.66069815e-01 -1.10807645e+00 -3.63895309e-01
 -5.43237400e-01 -2.01760577e-01 -1.36971266e+00 -1.57926951e+00
 -1.48495132e+00 -2.79855971e-01 -1.26821871e+00 -6.71076827e-01
 -1.32919943e-01 -7.19816770e-01 -2.27370061e-01  1.02673320e+00
 -5.21280929e-01 -9.33631467e-01 -1.81803086e+00 -1.30762971e+00
  1.23687414e+00  1.52420672e+00 -7.34916584e-01  3.18404648e-01
  1.32195460e+00  4.50332057e-01  9.72501981e-01 -2.20301322e+00
  1.96609821e+00 -9.43729356e-01  7.32192915e-01 -5.19595550e-01
  4.47250873e-01 -2.92304515e-01  4.25874586e-01 -1.54259952e+00
  2.24136434e+00  1.34093456e-01 -3.98423562e-02 -2.34504151e-02
 -9.36553127e-01 -1.00787546e+00 -1.75395110e-02 -1.69276581e+00
  1.42604147e+00  4.47562925e-02 -7.01166892e-01  3.45185997e-01
  7.77198976e-01  4.64985863e-01 -9.01644824e-02 -1.32700941e+00
  1.74026504e+00 -9.26363511e-01 -8.90921435e-01  3.25205788e-01
  3.94935058e-02  8.45003319e-01 -1.35716533e+00  3.82215435e-01
  1.14339494e+00 -5.06958798e-01  4.25581801e-01  4.56778831e-01
 -4.13158638e-01  9.63883249e-01  2.28951259e+00  4.84799489e-01
 -2.19095040e+00 -1.76046820e+00  1.77689032e+00 -1.04634584e+00
  1.39077565e+00 -9.67708240e-02  1.69406465e+00  7.95962564e-02
 -5.38035173e-01 -1.00206729e+00  1.91349634e+00 -4.87087654e-01
  1.06751120e+00 -1.38008403e-01 -5.98005891e-01 -6.15598501e-01
  6.83678475e-01 -1.46103877e+00  1.50475845e+00 -2.23906023e-01