-4.24276237e-01  5.70976155e-01 -1.80469708e-01  4.56354174e-01
 -1.29590844e+00 -7.85335986e-01 -1.11044372e+00  3.09065343e-01
 -1.10262494e+00  2.90184080e-03 -6.09846349e-01  4.70209218e-01
  2.90874066e-01  9.47520940e-01  5.73861336e-02  6.18423692e-01
 -1.00558390e+00 -1.18267325e+00 -1.21661247e+00  1.34778660e+00
 -8.77725574e-01  4.09938104e-01 -9.09533881e-01 -1.01701655e+00
  1.72563227e+00 -1.44715205e+00 -2.94620838e-01 -8.75105263e-01
 -9.91884287e-01 -2.56738435e+00  1.04461624e+00  2.66007304e-01
 -1.00949924e+00  2.17508041e-01 -1.85717601e-02  4.15911247e-01
 -1.34058422e+00 -1.28239239e+00 -4.94871144e-01 -1.00535204e-01
  1.13412016e+00  1.09033170e+00 -6.10610570e-01  6.73196373e-01
  2.22734189e+00 -2.36445857e-01 -1.78672340e+00 -1.12818171e+00
  1.41957718e+00  1.81588389e+00 -1.07732933e+00  9.34036480e-01
 -2.58026888e-01  3.96273176e-01 -2.37140443e-01  2.99299129e+00
 -3.89847575e-01  1.88276777e+00  9.93935452e-02  2.51040117e-01
 -1.39061082e-01 -7.36960396e-01 -1.01190795e+00  1.21075800e+00
  8.45774499e-01 -2.36592990e+00 -2.02837427e+00  1.15438126e+00
  1.07587417e-01 -8.54728229e-01  2.34169692e+00 -5.81672170e-01
  2.01273380e+00 -7.56383135e-01  2.16784108e-01  6.73200039e-02
 -5.22529571e-01 -8.90068080e-01 -9.32101386e-01  5.86581775e-01
 -1.04198439e+00 -1.23376174e+00 -1.20865673e+00  1.20354239e-01
  3.95578736e-01  7.45035197e-01 -8.51257896e-01 -4.17578252e-01
 -2.06324307e+00 -1.70788502e+00 -1.82510014e+00  1.56526888e+00
 -4.67896874e-02 -3.42203997e-01  9.34225122e-01  3.13014799e-01
  3.15676732e-01  8.01603950e-01  9.19021503e-01  7.58733638e-01
 -1.13762108e+00 -2.08242740e+00 -1.25581978e+00 -9.58652600e-01
  2.02453366e-01  2.56199607e+00 -1.19945506e+00  2.66191524e-01
  1.01798039e-01 -9.50247233e-01  3.21395156e-02  8.33626973e-02
 -1.65656553e+00  4.54091853e-01 -1.22153941e-01  2.66076469e-01
 -1.95938861e+00 -1.23944091e-01 -1.08192607e+00  1.29773508e+00
  2.14385025e-01 -1.58697627e+00 -3.17489149e-01  3.21908450e-02
  2.63607934e-01  6.70634520e-01  5.66058987e-01  7.71056346e-01
  7.37680149e-02  1.61547160e-01 -4.29475615e-01 -5.34524162e-01
  1.23146289e+00  9.28735115e-01  1.24181793e-01  6.02300625e-01
 -1.00322078e+00  4.78102976e-01  1.00936868e+00 -1.54289164e-01
 -3.59016067e-01 -1.68948693e+00  3.33289282e-01  4.01375725e-01
  3.53608769e-01  2.04297959e-01 -1.31792452e+00  3.32627739e-01
 -5.87651798e-01 -1.22499956e+00 -1.41524750e+00 -2.55083781e+00
 -8.29038592e-01  1.78591828e-01  1.88263971e-01  9.13987267e-02
 -2.78491618e-01 -1.33874418e+00 -4.02557994e-01  8.38723110e-01
 -1.58874887e-01  7.66341838e-02 -1.09723288e+00 -1.88911482e+00
  2.46384222e-01 -8.52017890e-01  1.50319582e+00  1.00958073e+00
 -1.24632892e-01 -3.64501734e+00  2.77029026e-01  9.54130125e-01
 -8.74954561e-01 -1.39617775e+00 -1.15620442e+00 -3.18649862e-01
  2.45018094e-01 -1.14111362e+00  3.75694960e-02 -5.83622638e-01
 -6.84430350e-01 -7.47380494e-01  1.67986499e-01  7.97967365e-01
  8.90438815e-01 -1.71050978e+00 -1.29382348e+00  1.43708564e+00
  8.82204363e-01  7.01540288e-01 -3.83402717e-01 -1.35782486e+00
 -9.31260100e-01 -6.74242012e-01 -1.21510882e+00  1.64950920e+00
  5.82418574e-01  3.05736853e-01  1.44084200e+00 -3.59669268e-01
 -9.06286088e-02  9.83963157e-01 -2.64925750e-01 -1.48569892e+00
 -1.40214237e+00  7.14073236e-01 -1.27442258e+00 -4.37139380e-01
 -1.88006660e+00  4.59279654e-01 -3.60800514e-01 -5.32929070e-01
  1.38217281e+00 -1.00507745e+00  2.91660430e-01 -3.12718728e-01
 -1.26195211e+00  1.14491257e+00 -3.41125230e-01 -3.15102021e-01
 -1.13762866e+00 -2.66269048e-02 -1.91383629e+00 -1.39538615e+00
  1.17192224e+00 -1.08324388e-01 -5.54146882e-01  5.57025703e-01
 -6.80512716e-01 -4.95934844e-01 -2.11518831e+00  1.37311306e+00
  3.94721385e-02 -1.34602193e+00  1.05978063e+00  1.14347811e+00
  2.52794810e-01  4.69851323e-01 -1.26006680e+00 -1.18044868e+00
 -1.01396097e-03  3.17369350e-01  5.00335169e-01 -1.15570639e+00
 -4.72451617e-01 -1.54076879e+00  2.24320312e-01 -1.10428459e+00
 -5.01605118e-01  8.63305971e-01  4.31740055e-01 -3.78128126e-01
  5.66193658e-01 -2.17609953e-01 -6.14528654e-01  1.44466782e+00
  7.62093408e-01 -4.97808818e-01  9.63539806e-01 -5.57422244e-01
 -6.33561688e-01  8.53146535e-01 -1.87330426e+00 -4.93603978e-01
  6.87105629e-01  8.07084582e-01 -1.04485303e+00 -1.15247313e+00
  9.78725508e-01 -8.32521040e-01  1.85645322e+00  5.40939875e-02
 -1.50312956e+00 -1.88125860e-01 -7.83548216e-01  1.58302670e+00
 -1.19166860e-01  6.33175798e-01  2.08346304e+00 -1.02567688e+00
 -1.30360589e+00  1.09313853e+00 -3.41659764e-01  2.34000469e+00
  4.56744130e-01 -3.07564055e-02 -3.57249099e-01 -3.36339579e-01
  1.90971489e+00  2.10772284e+00  3.42290696e-01  8.82828817e-01
  1.21466460e-01 -2.14996808e-01  9.38919518e-01 -9.95898063e-01
  2.35274293e-01 -1.95536716e+00 -5.83211270e-01 -1.89365601e+00
 -9.78617649e-01  1.34586760e+00 -1.54305373e+00  6.65713797e-01
 -5.52725180e-01  7.90418127e-01 -6.76024003e-01  3.98549176e+00
 -3.17665811e-01 -2.76707450e-01  1.36951424e+00 -6.80154560e-01
 -1.00966019e+00  1.05264186e-01 -2.45181482e-01  2.33482053e-01
 -2.98718194e-01 -1.02459564e-01 -5.76463607e-01 -1.01710258e+00
 -3.45915770e-02 -3.91315013e-01 -1.44304191e+00  4.92502488e-01
  1.63049588e+00 -1.65663431e+00  1.31067386e+00 -1.93531736e+00
  1.67563556e+00  7.97241166e-01  4.03469376e-01 -3.67580879e-01
  8.73818420e-02  4.50308743e-01  1.21494046e-01  1.38258859e+00
  9.96343861e-01 -1.45861639e-01 -1.50386525e-01 -2.59931443e-01
 -5.51120224e-02  8.63273012e-01 -6.93861024e-01 -1.02487358e+00
 -6.70160537e-01  1.31440662e+00 -4.28221920e-01  1.24857068e+00
 -7.22873933e-01 -6.74441348e-01 -1.69636059e+00 -1.48284916e+00
 -1.20844851e+00 -6.03480194e-01  8.92246402e-01 -3.01634664e-01
  1.36924855e+00  3.85107037e-01  8.31909320e-01 -6.13476227e-01
  3.32127162e-02 -8.23864220e-02  6.30081456e-01 -3.86842264e-01
 -1.23793509e+00 -4.47331601e-01  9.31572197e-01 -1.40599100e+00
  6.97620300e-01 -1.64791453e+00  3.62937555e-01 -1.65037177e+00
  2.10326332e-02 -1.32960930e+00 -5.25386797e-01  1.60615427e+00
  1.95261800e+00  1.94138425e+00  2.04045204e-02 -1.66334473e-01
  1.31283858e+00 -5.46498640e-02  1.09227173e+00 -1.56284160e+00
  8.20579529e-01 -2.74381164e-01 -9.24434621e-01  1.81635501e+00
 -6.31464639e-01  1.93268434e+00  2.59163544e-01  3.09510375e-01
 -1.39582516e-01 -1.85790928e-01  6.13348403e-01  7.80925920e-01
  2.05209093e-01  9.75724253e-01  4.16790603e-01  5.60508747e-02
  1.31893707e+00 -2.58994441e+00  8.68363656e-01  1.15022723e-01
  6.06290142e-02 -1.01352042e+00 -1.83899939e-01 -3.22019545e-03
  2.75939436e-01  7.70742046e-01  4.04504701e-01  3.54723002e-01
  9.01838891e-01 -1.13933008e+00 -6.31571823e-01  7.05948293e-01
  4.55448532e-01 -3.29516248e-02  4.70711667e-01  8.96674898e-01
  2.62500523e-01  1.02892014e+00  1.11801511e+00 -1.74168193e+00
 -1.52651562e+00  1.29274795e-01 -7.75371530e-01 -6.95311871e-01
  6.25699990e-01 -6.19623485e-01  1.14056476e+00  5.50578544e-01
 -5.89382941e-01 -4.82656896e-01 -1.14635257e+00  8.36823563e-01
  6.03340703e-01 -4.07198283e-01 -1.69819389e+00 -1.17402366e+00
  7.68169034e-01  8.85632008e-01 -1.15428306e+00 -8.56745984e-01
  4.36153875e-01 -1.85892296e+00 -1.78158582e-01 -3.82978022e-01
  2.93945711e-02  3.04777795e-01 -1.59622250e+00 -1.72776308e+00
  1.93491723e+00  3.14685902e-01  5.69729668e-01 -7.76224221e-01
 -4.23061627e-01  3.32897568e-01 -2.27126289e-01  8.14148569e-01
 -7.01383283e-01  5.69490305e-01 -2.64602992e-01  1.54333908e+00
  2.66082830e-01 -4.26901085e-02  5.35988976e-01 -3.58836752e-01
 -1.12804584e+00  1.02993592e+00 -1.68130392e-01 -2.28190742e+00
 -3.69669929e-01  1.11839273e+00  1.89683361e+00  4.03153333e-01
  1.38508369e+00 -1.18713912e+00  2.17407403e-01  1.99672903e+00
  9.16465380e-01 -1.58608024e+00 -1.23730505e+00  1.29989897e+00
  3.80148285e-02  3.32552609e-01 -2.37807509e-02  4.99766585e-01
  1.21417304e+00  6.33363398e-01  1.70553541e+00  2.37348998e-01
  6.41344103e-01  1.29367170e+00 -3.83675235e-01  9.51168297e-01
 -1.22693418e+00 -1.39936944e+00 -3.48244954e-01 -1.04184864e+00
  1.33967027e+00  4.67582402e-01 -7.19747119e-01  1.06708847e+00
 -1.38603310e+00 -3.76052833e-01 -6.23329359e-01  2.58099177e-01
 -2.74881418e+00 -5.84584123e-01  8.77431364e-01  1.13739566e+00
  4.34424657e-01  2.48082734e-01  2.78959730e-01 -1.40223271e+00
  2.07112566e-01 -6.93619258e-01 -1.44500494e+00  5.34582598e-01
 -1.34053027e+00 -1.02293313e+00 -8.81224459e-03  9.16213113e-01
 -7.84838099e-01  7.72934263e-01  1.28955821e+00  8.33522925e-01
  2.75027525e-01 -1.06441269e+00 -1.01727614e+00 -7.61015839e-01
  9.24192560e-01 -1.71424639e-01  2.34602947e+00 -1.43749367e-01
  9.01658543e-01 -2.19291986e-01 -5.87605102e-01  7.50259583e-01
 -1.18713194e+00 -7.70491975e-02 -3.89516634e-01  1.60677220e+00
  2.53316368e-01 -1.23655787e+00 -1.69256112e-01  1.26223690e+00
  2.01038396e-01  2.98283791e-01 -1.08238547e+00  2.76741553e-01
 -6.95320297e-01  7.25192213e-01  5.96809910e-01 -3.26128458e-01
  1.26710064e+00  9.67162377e-01 -1.25561559e+00 -1.56413768e+00
 -2.40526078e-01  1.63682999e-01 -7.07614848e-01  2.57734289e-01
  4.82706329e-01  9.77736341e-01  7.02950829e-01 -2.27745993e-01
 -5.93896042e-01 -2.53957226e-01  2.01915393e-01 -1.55971334e+00
  3.38178926e-01  3.85173829e-01 -4.05956186e-01  1.17021852e+00
  7.72058840e-01  1.85828554e+00 -1.06755036e+00  2.29113900e+00
  5.21390252e-01  2.63809157e+00  6.31668607e-01 -1.23241689e+00
  4.32509844e-01 -3.22419593e-01  3.70526107e-01  1.38534490e+00
  8.31568806e-01 -1.92435442e+00 -4.86747304e-01  5.38491090e-01
  2.59829297e-01 -1.30293627e+00  6.03714763e-01 -4.08606227e-02
  1.66580541e+00 -2.16404735e+00 -1.25347289e+00  2.10792529e+00
 -2.38445487e-01  1.52891570e-01 -8.89775118e-01  1.28002548e+00
  3.66204918e-01 -6.84878057e-01 -1.46056716e+00 -4.22576173e-01
  5.62501865e-02 -3.24598600e-01 -5.58608255e-02 -3.01013639e-01
 -5.35366471e-01 -2.02080810e-01  3.12587213e-01  5.57639335e-01
 -8.32946212e-01  6.73985902e-02 -2.32070045e-01 -1.22075306e+00
 -6.46750966e-02 -5.64728017e-01 -2.90275260e-02  9.15220395e-01
 -1.01152408e-01  1.95207979e+00 -8.47762904e-01  2.06927963e-02
 -3.50865278e-01  1.18218844e+00  2.12727486e-01 -1.15475730e+00
  9.06203995e-01 -6.48660739e-01 -1.92685785e+00 -1.06152164e+00
  1.75618488e+00  1.13262143e+00  1.24466159e-01 -1.31756690e-01
  1.55387012e+00 -9.97481635e-01  8.33877323e-01  6.30299806e-01
 -4.52991098e-01 -1.80877766e+00  1.20836881e+00  6.37632166e-01
 -4.35387817e-01 -1.21683741e+00 -1.01181170e+00  8.32879130e-01
 -6.05892591e-01  2.83525363e-01 -8.42843300e-01  1.03722238e+00
  1.21862205e-01 -9.06062246e-02  6.63320884e-01  3.50960124e-01
  2.86950894e+00  1.93908606e-01  1.88000519e+00 -1.09529485e-01
 -7.51390931e-02 -1.07969884e+00 -1.84451924e+00 -7.08468808e-01
  1.13438104e-01 -5.96294475e-01 -7.62579333e-01 -1.54712297e+00
 -6.49700639e-01  2.34152589e+00  4.61120267e-04 -4.57549754e-01
  7.94118311e-01  8.96522044e-02 -1.72246065e-01 -1.65444563e+00
 -3.60399102e-01 -2.15137487e-01 -4.24752133e-01 -6.74636771e-01
 -1.44358646e+00  2.64926820e+00 -9.21738391e-01  3.46713701e-01
 -3.41370886e-01 -1.16330829e+00 -9.33359489e-01 -4.16192093e-01
 -7.81550190e-01  5.28307149e-02 -1.00394020e+00 -6.62724590e-02
  5.10644921e-01 -8.05186010e-01 -1.33950451e-01  1.87290730e-01
 -1.38451315e+00 -1.57854009e-01  8.92829387e-02  1.08800055e+00
 -6.70198384e-01  1.24494074e+00 -1.53286733e+00  9.30916052e-01
 -7.34046513e-02 -9.25854246e-01 -2.06977697e-01  1.03503594e+00
  6.81580631e-01 -1.54215171e-01 -1.13348506e+00  1.52930869e-02
  7.50101196e-01 -1.89178697e+00  3.28699947e-01 -7.58155801e-01
 -9.09104602e-01  1.82954902e+00 -8.26143403e-01 -1.03229860e+00
 -3.39563721e-01  1.21831336e-01  7.39413518e-01 -6.29678356e-01
 -1.00496945e+00 -1.22146220e+00 -1.66662830e+00  1.46175045e+00
  8.34640814e-01  8.88976280e-01  2.72818959e-02  1.99009143e+00
  4.72378655e-01 -1.69792521e+00 -1.50873359e-01  2.60748337e-01
 -4.25400036e-01  4.45121954e-01  2.84483825e-01 -1.37276606e+00
  1.94207769e-01 -1.07988064e+00  9.53934175e-01  1.60379401e+00
 -1.06387220e+00  3.31392612e-02  1.09883985e+00 -1.68240126e+00
  7.19150647e-01  2.29666754e-01 -1.89700985e-01 -1.67599347e+00
  1.26059589e+00 -4.97189484e-01 -7.42674869e-01 -8.03594011e-01
  6.46730890e-01  7.25179376e-01 -1.04869992e+00 -7.21795567e-01
  4.35949430e-01 -1.44052221e+00  3.75877243e-01 -3.71203928e-01
  2.75026858e-01 -1.31035221e+00  2.68696334e-01  2.26489063e+00
 -1.10880252e+00 -2.39457844e-01  6.25667149e-01 -1.78554415e+00
 -1.60229901e+00  1.42194140e+00  1.47049726e+00  2.23795379e-01
 -2.82985239e-01  7.60229362e-01 -6.04522758e-01 -1.69128939e-01
  1.57367985e-01  1.54042928e+00  1.13895350e+00  3.58014587e-01
  8.43531157e-01  1.29882902e+00  2.09792661e-01  2.41802799e+00
 -1.07736394e-01  4.47939167e-01  1.35878395e+00  5.22522233e-01
  4.81118846e-01  1.00084096e+00  4.15869844e-01  3.22385306e-01
 -8.40451495e-01  1.09839441e+00 -1.53568393e+00 -1.17691663e+00
 -6.30467939e-01 -1.79605417e+00  5.61202762e-01 -7.21215205e-01
  5.26927408e-01 -1.12655204e+00 -5.19052857e-01  9.55261900e-01
  7.54104391e-01 -1.98244393e-02  3.86364238e-01  1.20434879e+00
  1.96205703e-01  1.25005855e-01 -1.02917202e-01  1.03441257e+00
  8.27539831e-01 -1.04244382e+00 -1.42651987e+00  9.54970168e-01
  2.26844004e+00 -8.01768239e-01 -6.47954667e-01 -2.56006716e-01
  7.58184068e-01  4.87520665e-01  3.49970949e-01  1.51304974e-01
 -6.93799089e-01  7.54175681e-01 -7.20693979e-01 -1.11023718e+00
 -5.86723709e-01  1.69287283e+00 -1.20118181e+00  1.01684495e+00
 -9.83840843e-01  1.25399266e-01  1.01579232e+00  1.58609892e+00
 -8.97257791e-01 -3.21560413e-01  7.54317525e-01  6.28753618e-01
 -2.47045992e+00 -2.25097789e-01 -2.35586767e-01 -1.16728004e+00
 -9.72354259e-02 -6.05431547e-01 -6.22062273e-01 -9.86200390e-01
 -5.66406085e-01  1.07200745e+00  1.46898375e+00  7.14283946e-01
 -5.83519451e-01 -5.12633078e-01 -5.87583480e-01 -6.13092823e-01
  7.02262110e-01  5.07124430e-01  1.77543306e-01  2.61350049e-01
 -8.76614508e-01  7.48169409e-01  1.13686948e+00  4.39028045e-01
 -1.42155107e+00 -9.45859671e-01  6.15164975e-01 -9.94746145e-01
 -1.83258416e+00  1.59698933e-01  1.79233083e-01  1.14927117e+00
  6.22939867e-02 -2.01743380e-01  8.43334342e-02  1.58835739e-01
 -1.72398778e+00 -1.55519923e+00  4.56406710e-01  9.05715466e-01
 -5.31246711e-01 -6.05411273e-02  4.81179493e-01  7.80891915e-01
  1.64343750e+00 -2.81170645e-01  7.11400465e-02  1.19512023e+00
 -8.25900477e-01  7.16858693e-01  1.74804949e-01  4.72358469e-01
  5.14534341e-01 -1.71750570e+00 -1.75411376e+00  4.61776833e-02
 -1.24154492e+00 -2.03552157e-01 -6.24603874e-01 -7.43974273e-01
  1.25718024e-01  1.12330572e+00 -6.72515354e-02  1.08389660e+00
 -6.92794087e-01  2.77228933e-01  6.76457096e-01  2.26175020e+00
  5.22125792e-01 -1.34973059e+00 -2.32088581e-01 -7.39093917e-01
 -3.00065189e-01  1.85241880e+00 -6.02933388e-01 -1.93972189e-01
 -1.88896290e+00  3.75007665e-01  1.03417160e+00  5.20304983e-02
  1.14445350e+00  1.27614989e+00 -1.80177892e+00 -2.54473464e-01
 -4.25616125e-01 -6.13085113e-01  1.32197350e-01 -1.25752653e+00
  4.67438087e-01  3.66112182e-01 -6.11786336e-01 -1.34470650e-01
 -1.35018718e-01 -2.63260241e-01  1.29691217e+00  1.01062649e+00
  8.36752343e-01 -1.41160078e+00 -9.26165855e-01  2.69514050e-02
 -4.91715658e-01  8.55784008e-01  1.82140808e-02 -1.04500214e-01
  5.76045071e-01 -5.90711641e-01 -7.48748830e-01  8.79907328e-01
 -1.17786331e+00  7.47840290e-01  6.18625377e-01 -1.67013019e+00
 -9.11480086e-01  8.05995731e-01  1.73610702e+00 -9.50032857e-01
  6.47569615e-01 -2.61511641e+00 -1.10348033e+00 -1.87770479e-01
 -8.61062460e-01 -7.93202719e-01  2.31497934e-01 -4.96878463e-01
  1.38658162e-01  6.85490914e-01  2.22425857e+00 -7.35085435e-01
 -1.13620920e-01 -1.00538949e-01  1.18541672e+00  1.74853523e+00
  6.58347183e-01 -1.90943000e+00 -3.82446918e-01 -1.99880892e+00
  2.41798014e+00  3.68828890e-01  7.35290516e-02 -1.11678525e+00
 -3.55347973e-01  9.16386737e-01 -4.62305814e-01 -3.96082982e-01
 -1.46167343e-01  6.99569238e-01 -7.76744195e-01  2.20981247e+00
 -5.83411073e-01  4.59399550e-03 -1.79382273e+00 -6.99752400e-01