-1.26708908e+00 -1.35588424e+00  9.45118251e-01  1.30697315e+00
  4.03060152e-01 -6.88582794e-01  1.81181395e-01 -6.52032244e-01
  4.76306015e-01 -1.47274721e+00  2.88795839e-01 -1.56991780e-01
 -5.10387465e-01 -6.80989145e-01  1.26411286e+00  2.56439310e+00
 -6.91952574e-01  9.78362772e-01 -1.57671758e+00  2.67806685e-02
  6.24391049e-01 -7.05958984e-01  7.38930217e-01 -8.12642893e-01
  5.97782297e-01 -2.09656215e-01 -1.19542754e+00 -6.05803549e-01
 -1.65527717e-01 -1.66516186e+00 -2.49318285e+00 -1.71866176e+00
  3.90228680e-01  1.88051944e+00  3.40593339e-01 -7.77313108e-01
 -8.19740402e-01  2.59229555e-01 -7.61993308e-01 -1.37734414e+00
  1.15866916e+00 -1.46440532e+00  4.56264908e-01 -1.41353679e+00
 -1.02685707e+00  6.62960532e-01  5.55297379e-01 -7.35608716e-01
 -1.57838144e+00  7.16741005e-01  4.19007993e-01 -1.31360748e+00
  6.08725496e-03 -2.18185258e-01 -1.15117617e+00 -6.26133613e-01
 -2.48078471e-01  1.03475783e+00 -3.41528896e-01 -5.08757748e-01
  1.73939766e+00  1.42663301e+00 -1.10164371e+00  1.16548211e+00
  5.77525552e-01  9.90246598e-01 -4.50175488e-01 -7.48970408e-01
  3.75271274e-01  1.22732947e+00  5.70541163e-01  3.44276040e-02
  2.79368803e-01  2.31653535e-02  6.60738642e-01  6.37986514e-01
  2.75840781e-02  1.27855361e+00 -1.47700030e+00 -7.47605244e-01
 -5.70365034e-01 -1.21035993e-02 -7.30244204e-02 -4.51747668e-01
  1.14215166e+00 -1.78235665e+00 -5.17047066e-01 -2.77446760e-01
  6.94863729e-01 -2.15536073e-01  5.60306030e-01  7.17856122e-01
 -9.96414769e-02 -8.56166458e-01 -2.80711438e-01 -1.50138038e+00
 -6.67074227e-01 -6.89345972e-01 -4.56538757e-01 -3.00042927e-01
  3.81120262e-01 -5.07137970e-01 -2.21300640e-01 -2.67192605e+00
  1.18930286e+00 -3.09592663e+00  6.41853393e-01  9.84877341e-01
 -3.01067453e-01 -2.01006960e+00 -5.04123152e-01 -1.14010098e+00
 -5.00094293e-01 -1.81542792e+00 -1.19093683e+00  5.36862164e-02
  4.82932124e-01 -6.81906104e-02 -1.14990864e-02 -1.32906004e+00
 -2.74459141e-01  7.19648932e-01 -6.97819127e-01 -5.70183201e-01
 -4.46653763e-02 -7.39418303e-02 -1.27316280e+00 -3.93839765e-01
 -4.02420093e-01 -1.78413739e+00 -1.18612750e+00  8.35801684e-01
 -6.57472968e-01 -2.92727163e-01 -1.02107330e+00  1.29089111e+00
  8.73635571e-01  6.71324894e-01 -5.70234189e-01 -4.44886637e-02
 -1.18285457e+00  1.96850205e+00 -1.06111604e-01  4.82424519e-01
  2.15214770e-01 -6.18180527e-01 -7.03453446e-01 -1.75572714e+00
 -2.00595288e+00  6.50621834e-01 -1.07157474e+00 -2.99733926e-01
 -1.33779534e+00  1.42520043e+00 -9.75364839e-01  2.17544570e-01
 -1.25014853e-01 -1.60554093e+00 -9.15099140e-01 -9.53906390e-01
 -6.01545618e-01  2.27364366e-01 -2.91591276e-01  2.27238477e-01
  1.26548033e+00  1.91535603e-01 -1.78250679e+00 -1.02706518e+00
  4.12245399e-01  8.61035850e-01 -1.92312878e+00  2.62595328e-01
  1.67631841e+00 -8.12606743e-01 -1.50710001e-01  6.66114090e-01
 -7.96506537e-01 -1.36973600e-01 -4.03783650e-02  3.81281866e-02
 -1.37207629e+00 -1.41527624e+00 -5.07492135e-01 -7.73123684e-02
 -1.46901435e+00 -2.00784052e+00  1.64874909e-01  4.52971825e-01
  3.78171403e-01  8.69161759e-01  2.06899908e-01  1.37425695e+00
 -7.65999025e-01 -2.18105792e-01 -1.94855705e+00  7.56189249e-01
  1.36372113e+00  5.34408907e-01  1.22656365e+00  1.95748984e+00
  1.75630541e-01 -1.14709802e-01 -1.28654066e+00 -2.45517327e-01
 -2.39399162e-01  6.86504585e-01 -3.42206139e-01  1.65617875e-01
 -1.61944181e+00 -3.27345616e-01 -4.07055648e-01  7.98948715e-01
 -2.96151845e-01  3.03560571e-01  8.39346614e-01  3.16021492e-01
 -1.14554083e+00  1.66764631e-01 -5.91721976e-01  3.44270687e-01
 -1.17748161e-02 -7.69271235e-01 -2.89857902e-01 -2.90024708e-01
  5.52093221e-01  1.11583814e+00 -9.03242631e-01  1.06435751e+00
 -9.86151434e-02 -1.04214752e+00 -3.41101215e-01 -6.08707740e-02
 -1.08460206e+00  2.63283384e-01  6.16198213e-01  4.72403681e-01
  1.66649370e-01 -3.03283322e-01  5.99173980e-01  2.39438559e-03
 -1.24331733e+00 -3.50100271e-02  1.79353039e+00  1.39022869e+00
  5.70748307e-01  9.19298014e-01 -2.34811385e+00 -1.86079895e+00
 -1.98375161e+00 -9.92646941e-01  4.93973640e-01 -6.83168995e-01
  9.22582568e-01  7.39429531e-01 -1.48009677e+00 -3.73493122e-01
  7.34391145e-01  2.42462935e-01 -1.60181044e-01 -1.81038926e+00
 -6.91544306e-01  1.01601235e-01  4.28330789e-01  2.01371896e+00
 -7.61626492e-01 -7.50013891e-02  3.81205769e-01  1.65752597e+00
  7.83106087e-02 -2.68916820e-01  5.32736568e-01  9.91314454e-01
 -1.05311342e+00 -2.22502736e+00  4.95304554e-01 -3.24605761e-01
 -1.99119794e+00 -2.24190639e-01  9.08732212e-02 -1.52450207e+00
  8.82223454e-01  1.02822033e-01  1.24462208e+00 -1.47311364e+00
 -7.29079603e-01 -7.07517209e-01 -2.08943930e+00 -8.32772665e-01
  1.20971810e+00 -6.19764565e-02 -4.69568429e-01  9.67262984e-01
  5.59520100e-01 -6.06423737e-01  9.48933125e-01  9.09286080e-01
  1.36834718e+00 -9.93004969e-01 -1.11246499e+00 -4.70762459e-01
  9.19159743e-01  5.09887592e-01  3.18369001e-01 -6.64351483e-01
 -4.54702071e-01  1.23912588e-01  1.28249115e+00  6.94123183e-01
  5.47510042e-01 -2.07882328e-01  1.75119455e-01 -1.12071525e+00
 -1.55574801e+00 -7.65820291e-01  2.57025710e-01 -4.75488051e-01
  7.55251281e-01 -1.70532469e-01  4.63680947e-01  8.31794144e-02
 -4.72421459e-01 -2.07929130e-01 -5.85481593e-01 -1.91510683e+00
 -5.93060821e-01  1.90915386e+00  5.81913938e-01  2.03297085e-01
  2.69132212e-01 -1.25350548e-02  1.04802196e+00  1.07454720e-01
  1.09117403e+00 -3.66315874e-01  9.13163210e-01  1.31381643e-01
 -8.38079962e-02  2.03845351e-01 -1.38768849e+00 -8.51766017e-01
  5.04605785e-01  5.09261969e-03  1.37056230e-01  5.17582324e-01
 -1.58249146e+00  3.12315613e-01 -7.60967896e-01  8.07610420e-01
 -1.52292653e-01 -2.06416880e+00  3.44304357e-01  2.97896933e-01
 -1.22055492e+00  1.24889172e+00 -7.27118683e-01  5.30137166e-01
 -2.83939078e-01 -8.48497010e-01 -1.65498096e+00 -1.67148807e+00
  2.32479707e+00 -1.46274165e+00  1.21630845e+00 -3.22725967e-01
  1.40879318e+00  1.15175928e+00  2.37039929e-01 -1.66577196e+00
  4.09804921e-01  8.94916972e-01 -1.47761042e+00  5.58260448e-02
  1.49327876e+00  3.57398671e-01  8.40878257e-01 -2.16982953e-01
 -1.74865425e-01 -4.54577516e-01  1.01031484e+00 -1.10900548e+00
  1.82289644e+00  1.08087667e+00  7.81324786e-01  1.42884138e+00
 -1.19732395e+00 -2.26766618e-01  1.05002369e-01  2.02001956e+00
  8.59506259e-01  5.81688751e-01 -5.41271841e-02  6.96663555e-02
 -5.64596235e-01  3.07886946e-01  5.84346276e-01 -4.22467480e-01
 -1.76560342e-01  8.85305255e-02 -6.98177828e-01  5.15869588e-02
 -1.81249393e-01 -6.55248464e-01 -5.96946046e-01 -3.43134452e-01
  1.65016959e-01  4.75658949e-01 -1.33613114e+00  9.23625227e-01
  1.50211082e+00 -6.83389163e-01  1.08374782e-01 -1.53878647e+00
  1.10105502e+00  7.00887607e-01  1.03443917e+00 -1.07967148e+00
  4.97637643e-01  1.40198802e+00  3.20042632e-01  4.60369272e-01
 -8.29892206e-01 -1.13822557e+00 -4.64331080e-01 -5.26658274e-01
 -6.08645843e-01  3.77737455e-01 -1.20745340e+00 -1.62721577e+00
  1.26068806e+00 -2.53677440e-01  2.07180183e-01 -1.79711639e-01
 -7.53119577e-01  5.08012265e-01 -9.56915920e-02 -1.07049083e+00
 -4.60951356e-02  8.14431013e-02 -8.20213070e-01 -4.33729018e-01
 -7.36698087e-01 -8.58197088e-01  6.39939098e-01 -7.75229498e-01
  1.12241123e+00  7.05874026e-01  1.24059600e+00 -1.75773940e+00
 -1.18948645e+00  4.67379240e-02 -1.44967289e+00  5.93304686e-01
 -8.10855045e-01  1.02477547e+00  5.84508897e-01 -1.61448994e+00
 -1.95141853e+00  1.66624561e+00  4.30962635e-01  3.86330012e-01
  1.92772046e+00  1.69995659e+00 -1.87795578e-01 -2.08249979e-01
  6.42388435e-01 -5.10905648e-01 -4.29377321e-01 -2.20583590e-01
  1.29857200e+00 -3.52753043e-02 -4.68021816e-01  7.57045273e-01
 -3.69216261e-01  2.20077878e+00 -3.36899506e-01  2.50952874e+00
  1.01744535e+00  5.20176502e-02 -4.10238976e-01  7.24624710e-01
 -5.50863634e-01 -3.24585939e+00  9.55583086e-01  1.24178005e+00
  8.33254437e-01  4.40380914e-01  5.67194127e-01 -3.94884203e-01
  5.81195596e-01 -4.54476001e-01 -3.18042264e-01  1.43610988e-01
  3.17893831e-01  1.50183108e+00  2.61427507e-01 -1.14236033e-01
  9.98320441e-02  2.05041066e+00  7.56664243e-01 -3.41221449e-01
  3.44759987e-01 -5.92126279e-01  1.94671217e+00 -1.68753502e+00
 -5.37639414e-01 -1.43500128e-01  8.48764351e-02 -1.14132314e+00
 -1.90394675e-01  2.45504130e+00 -2.44582002e-01  7.54079109e-01
  8.93663338e-01 -1.04652057e+00 -7.65280557e-01 -2.16208128e+00
 -1.40625667e+00  1.05080662e+00 -6.45262397e-01  6.89476951e-02
  1.83124603e+00 -5.14209475e-01  7.11637450e-01 -1.04850481e+00
  2.42806261e-01 -3.68389774e-01 -8.59605014e-01  4.85425847e-01
 -1.19718185e+00 -3.16541354e-01 -5.01258231e-01 -1.40129606e+00
 -6.01622433e-02 -2.93513409e+00 -9.30790214e-01  6.47023391e-01
  6.77154499e-01  1.03837003e+00 -6.06505767e-01 -9.78219707e-01
 -7.80109959e-01 -3.55554483e-01  3.11269082e-01 -5.24959582e-01
  5.61440554e-01  1.51982281e+00 -7.84639999e-01 -3.88744267e-03
  5.05224060e-01  1.35128660e+00 -4.01257427e-01  1.56395633e+00
  1.56956046e+00 -3.75891593e-01  1.63316609e+00  1.14440186e-01
  1.45965301e+00  9.69640274e-01  4.47632871e-01 -1.08682277e+00
 -2.24332217e+00  1.01077032e+00  4.15387212e-01 -1.50422366e+00
 -1.92371163e-01 -4.25186085e-01 -1.70078461e+00  1.93067970e+00
  2.02752683e-01 -1.50377723e-01  2.45699969e-01  2.41531990e-01
 -1.98498910e-01  2.00687204e+00  6.82175907e-01  1.17402530e+00
  1.36605009e+00 -1.30901328e+00 -1.86330291e-01 -1.24090875e+00
  4.93622805e-01 -1.04405689e-01  7.67991259e-02  1.58348391e-02
  1.11502035e+00 -1.09839497e+00 -9.90039806e-01 -7.94827398e-01
  4.37841311e-02 -2.79180248e-01  1.18195326e+00  1.61992923e+00
  1.18900575e+00 -1.20119265e+00  3.45048647e-01  8.17200254e-01
  3.02116581e-01  1.41108652e+00 -1.61664741e-02  5.48178771e-01
  1.13913457e+00 -6.65377537e-01 -4.68329860e-01 -1.35428748e+00
  3.62112300e-01 -1.64333183e+00 -1.74138375e-01 -2.07410361e-01
 -9.42663886e-01 -6.30404702e-01  2.03436057e+00  7.72422768e-01
  9.48763829e-01 -9.16938672e-01 -2.99648793e-01 -1.58859430e+00
  1.06570472e+00  2.13557983e-01 -1.01044266e+00 -6.45658031e-01
  1.20223413e+00 -5.19778256e-01 -5.47665062e-01 -1.91899717e-02
 -1.39297869e+00  1.15097449e+00 -1.97337339e+00 -7.73706131e-01
 -7.53744087e-01  2.26541619e+00  5.31409197e-01 -1.21539295e+00
  5.99012189e-01 -1.01616940e-01 -7.87327318e-01  6.77648398e-01
  4.47297241e-01  3.91526498e-01  1.18537614e+00 -5.12072124e-02
  1.57560226e-01  2.62908075e-01 -4.31084481e-01  1.09284020e+00
 -2.22330124e+00 -8.18100606e-01  8.62160612e-01  7.71968411e-02
 -8.11241459e-01 -4.73010274e-01 -1.16755123e-01 -8.34244948e-02
  3.09718351e-01  1.01400876e+00 -4.88796630e-01 -1.42969825e+00
 -6.34492995e-01  5.79298756e-01  2.54568516e-01 -1.75776759e+00
  8.76674477e-01 -2.57411793e-01  6.00907637e-01  1.10551870e+00
  6.05359038e-02  1.49332975e+00  2.13721603e+00 -4.63943646e-01
 -8.67985390e-01 -8.62007578e-01 -3.23318997e-01  2.07806170e+00
 -5.91514737e-01 -5.13037256e-01 -6.38827236e-01 -3.50693137e-01
 -3.05581800e-01 -3.87566096e-01  8.01519852e-01  5.45210391e-01
 -7.74223401e-01  8.42698541e-01 -5.77501864e-01 -9.77437536e-01
  1.29725010e+00 -3.10626122e-01  1.05009109e+00  8.33198945e-01
 -4.24198306e-01 -2.60148037e-02  1.21739266e+00 -2.97958744e-01
  1.19245366e-01 -1.10669836e+00  1.40233690e+00  8.24010114e-01
 -1.09765036e+00  7.02245102e-01  6.18317097e-01 -5.17945181e-01
  1.22392087e+00 -1.79957122e-03  1.12321215e+00  3.98196402e-01
  1.28760430e+00  1.72252281e+00  2.69386400e+00 -6.99219099e-01
  7.56118609e-01 -6.47884562e-01 -2.76045183e-01 -2.96545054e-01
  2.07817240e+00 -9.95050177e-01 -1.88284833e-01 -1.54007363e-01
 -4.49966807e-01  1.41425411e+00  7.84038410e-01  1.75960140e+00
  8.99274126e-01 -3.70534804e-01  2.18896297e+00 -6.53267536e-01
 -2.36338794e+00  1.46744072e+00  1.95441301e-01 -1.96858329e-01
  6.60661979e-01 -1.80274553e-01 -2.80046471e-01  4.31166819e-01
  8.80311466e-01  3.66836426e-02  8.95581369e-01 -1.63189458e+00
 -1.45937316e+00 -1.81711992e+00  8.40849994e-01  9.67069986e-01
 -5.66382972e-01  2.12567779e+00 -5.61288468e-01 -1.21980147e+00
  6.26772453e-01 -7.29604138e-01  1.83963265e-01  2.53027367e-01
 -9.36660095e-01 -1.95889681e+00 -2.90773481e-02 -1.12204910e-01
  2.49216156e-01  5.76957293e-02  1.16585301e+00  1.01158010e+00
  2.43842420e-01  1.58441118e-01 -3.03656863e-01  1.02949953e+00
 -2.24900617e-01 -7.41477797e-01 -1.23349943e+00  5.68094335e-01
  1.39004514e+00  9.63623495e-01 -3.95944006e-01 -2.32700666e-01
  1.39749102e-01 -2.64569589e-01 -3.02993547e-01  1.01833149e+00
  1.15476435e-01  4.86829514e-01 -1.08859026e+00  1.26591563e+00
 -1.56642710e-01 -1.81582371e-01 -2.59385589e+00 -1.30325385e+00
 -5.03304586e-01 -2.21070109e-01  1.96428671e-01  1.21266775e+00
  4.76528611e-01  1.83178292e-01 -9.64286665e-02 -7.46482522e-01
  5.17833843e-01  1.27343574e+00  8.27495602e-01 -1.16094812e+00
 -2.76294180e+00  6.04216066e-01  1.11524614e+00  1.82339598e+00
  1.15609314e+00 -1.29339041e+00  7.74554494e-01 -4.21903781e-01
  9.12606090e-01 -2.21460582e-01 -6.79490479e-01  1.69527541e+00
 -1.26781038e+00 -1.69831136e+00  7.75664570e-01  7.45611700e-01
  1.30152570e+00 -1.65175291e+00  7.34587669e-01 -4.83796890e-01
  1.94248987e+00 -1.55825380e+00  2.88948140e-01  5.19653234e-01
 -1.53402232e-01  9.61869680e-01  7.13674684e-01 -4.77421911e-01
 -6.88875079e-01 -6.78096574e-01 -8.96905702e-01  1.57632361e+00
  5.72120653e-01 -4.69324561e-02 -1.38861802e+00  2.44488857e-01
 -7.90932694e-01 -1.35029617e+00  1.50481116e+00 -2.13986898e-01
  1.24783975e+00  8.20662239e-01  1.04238830e+00 -2.15319655e-01
 -1.31548200e+00  1.14801767e+00  8.79844118e-01 -2.15630986e-01
 -2.24749253e+00  1.22461348e+00  7.68424647e-01  9.18923048e-02
  1.26097902e-01  4.63473653e-01 -1.53968341e+00  2.11373647e-01
  9.55398299e-01 -4.41243550e-01  7.08839545e-01  9.35690429e-01
  4.04603770e-01  2.13751911e+00  7.27577690e-02 -7.28398477e-01
  1.85434701e+00  2.68678748e+00  1.31311813e+00 -1.19902048e+00
 -7.00567387e-01  1.04231133e+00  7.97118001e-01  2.67992291e-01
  9.35009926e-01  6.01052269e-01  2.29147419e+00 -1.88660813e-01
  1.25793404e+00  8.56987801e-02  6.24152829e-01 -4.39851502e-01
 -1.40742951e+00  2.01276125e+00  3.26706375e-01 -1.00946193e+00
 -8.28941921e-01  9.38005947e-01 -1.53670027e+00  9.74133030e-01
  7.31171080e-02  4.79131179e-01 -2.89761949e-01 -4.95472650e-01
  2.58472312e-01 -1.95605493e+00 -1.11329624e+00 -7.53517376e-01
  1.41434098e+00 -5.03188197e-02  4.81807655e-01  9.60770659e-01
 -5.11927988e-01  2.10454047e-01 -2.33297258e-01 -7.86604369e-01
  7.16780713e-01 -1.36651477e+00  7.95449231e-01  1.29882486e+00
  1.01194095e-02 -3.86071898e-01 -1.72820382e+00  1.31669227e+00
 -4.16752156e-01 -8.19963741e-01  1.06155822e+00 -5.92015915e-01
 -1.65825934e-01  1.04696804e+00  4.35165275e-01  4.79293567e-03
  9.33515145e-01  3.20028189e-01 -1.10064650e+00 -1.38282891e-01
  1.89557717e+00 -6.89436044e-01 -5.68625618e-01 -9.82196612e-01
 -8.74441496e-01 -1.22249261e+00  6.52159809e-01 -2.74975682e-01
 -1.36825139e+00 -1.45998363e+00 -1.14790068e+00 -1.43202030e+00
 -1.06432332e+00 -9.96932544e-01 -8.94906482e-01  9.39693744e-01
  1.91267105e+00 -5.12970300e-02  2.56417489e+00  2.25231335e+00
  4.74860814e-01 -5.61274649e-01  2.65101241e+00 -1.17989458e+00
  1.40970731e+00  1.97881132e-01 -4.59227691e-01  8.48178229e-01
 -3.97691302e-01  1.16236407e+00  1.13505850e-01  2.75506527e+00
 -1.46593332e+00  7.09705661e-01  1.21012538e+00 -1.33361059e+00
 -4.36266053e-01 -5.86996136e-01 -1.34199996e+00  4.75257785e-01
  1.33760424e+00  4.76092734e-01  1.75942133e+00 -4.81186969e-01
  4.96307854e-01 -3.79256938e-01 -1.30438558e-01 -1.26478776e-01
 -1.17393777e+00 -4.03989398e-01  4.73246887e-01 -1.08140922e+00
  4.91439050e-01  1.87761538e+00 -7.13173050e-01 -5.96581126e-01
  1.71395557e+00  6.05161532e-01 -7.91817474e-02  5.29770141e-01
  5.88134761e-01 -2.76717356e+00  8.83735356e-01  4.39982050e-01
 -8.31514615e-01 -6.81222794e-01  9.54072717e-01 -3.47465563e-01
  2.45983687e+00  1.62669013e-01 -6.73030744e-01  8.67604335e-01
 -1.45467965e-01  2.42113978e-01  1.01426977e+00  1.61096218e+00
 -4.28436162e-01  2.41981032e-01  8.20911161e-02  4.38950484e-02
 -1.46420840e+00 -9.11693225e-01  9.58565377e-01  1.10761608e-01