 2.68334553e-01  3.16150610e-01  6.60171690e-01 -9.16404476e-01
  3.69714001e-01  1.28792997e+00  8.49187790e-01 -5.13740398e-01
 -9.88396657e-01  2.44719401e+00  1.54694894e-01  3.54844543e-01
 -1.24493933e+00  2.54084677e+00 -1.48652612e-01 -8.09370874e-01
 -1.34573504e-01  1.13271026e+00 -4.73778313e-01 -1.22773129e+00
  1.40868671e+00 -5.77479237e-01  2.79304867e-01  6.04680777e-01
 -2.83915675e-01  8.50846262e-02  2.28832383e-01 -2.28345549e-01
 -2.94859663e+00  5.12965504e-01  1.29670897e+00  1.20083703e+00
  4.72763557e-01  8.38496539e-01 -4.65423254e-01 -5.86454303e-01
 -4.24681520e-01  9.83374735e-01 -1.20563240e+00 -2.72375845e-02
 -1.05066854e+00 -6.27988235e-01 -1.35590970e+00 -1.59494609e+00
  5.19964430e-01 -1.18886297e+00  6.09530053e-02  1.14148201e+00
 -4.67028373e-01 -1.95309402e-02  2.68078053e-01 -1.65994975e-01
 -8.66554778e-02  4.59797034e-01 -8.80448987e-01  3.78077472e-01
 -6.70625592e-01 -1.13566080e+00  3.91650429e-02 -2.35194336e-01
  9.17361508e-01 -2.88251768e-01 -6.28408073e-01  7.67172342e-01
 -7.84609911e-02  4.62708577e-01 -5.42347381e-01  1.01691220e+00
  1.45439966e+00  1.06746458e+00 -1.12321062e+00 -1.40377514e+00
  3.98296882e-01  7.83063184e-01 -7.28506962e-01 -4.58750766e-01
  5.33858411e-01  4.49271467e-01 -1.30599638e+00  1.99002601e+00
 -2.38852020e-01 -1.38709063e+00 -3.97883337e-01 -3.02905376e-01
 -9.01147937e-02 -2.04237842e+00  1.00115986e+00  5.86916093e-01
 -1.92909453e+00  1.04339393e+00  4.46783978e-02  1.38297900e+00
  7.55074320e-01 -4.34144641e-01 -5.35313429e-01  9.66816113e-01
  1.40864845e+00  7.26042165e-01 -2.14471190e+00  5.09679850e-01
  1.05358991e+00 -6.20579671e-01 -1.04263744e+00 -9.77024997e-02
 -4.17839875e-01 -1.00326164e+00 -1.05765684e+00 -1.31746339e+00
 -1.65329789e+00  4.16072267e-01  6.56025940e-01 -1.32644014e+00
  1.51272493e+00  1.44452071e-03 -5.99722595e-01 -2.15062915e+00
 -3.80645840e-01  2.19994431e-01  5.07294787e-01 -8.78373086e-01
  6.77091138e-01 -1.73478962e+00  4.83525504e-01 -2.16949756e+00
  5.68345294e-01 -1.12649496e-02 -4.95291095e-01  3.14743861e-02
  1.45744085e+00 -5.33914685e-01 -3.71504094e-01 -8.68127661e-01
 -2.24987120e-01  4.94925665e-01 -5.08388062e-01  9.99130216e-01
  9.24925739e-01 -2.14933673e-01  7.02295487e-01  6.07471247e-01
 -2.80261548e-01 -2.45253670e-01 -1.56690798e+00  3.86541966e-01
  3.31867127e-01 -3.33588186e-01 -3.49870576e-01  5.03931453e-02
  6.55679351e-01  1.33699351e+00  4.10312523e-01 -5.29123249e-01
  9.55615390e-01 -6.33539460e-02 -1.13788620e+00  1.46979258e-01
 -4.14345127e-02 -1.34104335e+00  1.29562963e+00  2.81109847e-01
 -4.72108161e-01 -6.36365654e-01 -7.59137176e-02  1.75591945e+00
  1.97323587e-01  2.76410532e-01 -4.31580912e-01 -1.50177545e-01
 -1.44201064e+00  5.36923647e-01 -8.20404033e-01  1.21488484e+00
  1.22494760e+00  7.34624342e-01  3.53081926e-01  4.62016998e-03
  1.23192777e+00 -1.74601961e-01  2.88548032e-01  6.76233075e-01
  4.73710501e-01 -1.07540116e+00 -1.48147707e+00 -1.16570259e+00
 -6.40125644e-01 -4.18090512e-01 -7.05833660e-01  4.75624365e-01
  2.09151005e-01 -1.54404836e-01  3.98361487e+00  1.02974842e+00
  1.45160055e-01 -1.73824476e+00 -6.67622466e-01  9.00596987e-01
 -7.89198557e-01  1.39882974e+00  8.36588489e-01  1.56386007e+00
 -3.84852807e-01  2.20434988e+00 -1.78715308e+00 -1.46908446e+00
  8.04903864e-01 -1.27548538e+00 -1.11260383e+00  4.54500744e-01
 -6.62118940e-01  2.01071707e-01  3.99811660e-01 -4.59310159e-01
 -1.65642635e+00 -1.13963398e+00 -1.31782170e-01 -1.26887785e+00
  2.21063482e-01 -5.46040738e-01  8.04437927e-01  1.13324135e+00
 -7.12684207e-01 -2.16752173e-01  1.54752010e-01 -6.59033433e-01
  1.57148566e-01 -2.59357556e-01  8.36767465e-02  2.44240274e+00
  1.14371340e-01 -9.01939366e-01  6.40466442e-01 -8.19193102e-01
  8.61858489e-01  7.21530148e-01  5.24257805e-01 -9.69127817e-01
  4.57826132e-01  2.97457293e-01  1.32884212e+00 -1.17129288e+00
  1.93474271e+00 -9.49598896e-01  1.08124593e+00 -2.81523691e-02
 -1.01636401e+00 -1.41154164e+00  1.91182772e+00 -2.02895626e+00
  1.31176943e+00 -3.25997916e-01  2.72890343e-01 -1.58666643e-01
 -1.52225384e+00  1.61984429e-01  1.46017688e+00 -2.37196092e+00
  1.24844513e-01  1.66013800e-01 -4.64450708e-01 -3.01102288e-01
  7.31600155e-01  6.30337164e-01 -3.03969185e-01  4.12080942e-01
  8.71793984e-01  9.37087054e-01  5.55530749e-01 -1.65369006e+00
 -2.60699659e-01  6.02259244e-01  6.50193627e-01 -2.85943048e-02
 -3.84690313e-01  5.26982295e-01 -4.87257302e-01 -6.21023791e-01
 -2.14156401e-01  1.03416575e+00 -1.93204237e+00  1.55462746e+00
 -1.08448375e+00 -1.98862879e-01  5.89892856e-01 -2.60707588e-03
 -9.28550638e-01  8.43745666e-01  9.86704796e-02  1.43239560e+00
 -6.56824281e-01 -3.11280743e-01 -2.39895994e-01 -7.61993795e-01
 -2.48467665e-01 -1.05486105e+00  1.89924437e+00 -2.03689679e+00
  7.45134363e-01  1.12612796e+00  2.58870492e-01 -1.20605349e+00
 -1.75034189e-01  5.18355258e-01  1.27939147e+00 -7.10294252e-01
  1.13062583e-01  3.75507108e-02  3.42172413e-01  8.54876569e-01
 -4.64622906e-01  7.10958744e-01 -2.51965596e-01  1.04035527e+00
  5.80833057e-01 -6.98410941e-01 -3.50069564e-02  5.36739280e-01
 -3.47369410e-01 -1.09853073e-01 -1.05408258e+00 -3.13981528e+00
  8.42276156e-01  4.55460951e-01 -2.28789563e+00  3.65808541e-01
  1.96829932e-01  1.05853578e+00 -5.49132058e-01 -9.04089588e-01
  1.07864281e+00 -1.36602245e-02 -1.36093369e-01 -8.47566061e-01
  3.41930688e-01 -9.67163813e-01 -6.95969258e-01 -1.30318113e-01
 -9.63412114e-01  1.16960242e+00  9.72425598e-01 -5.53617418e-01
  7.32753743e-02 -2.00614331e+00  8.11142116e-01 -1.38802361e-01
 -5.36712455e-01 -6.90630638e-01 -3.07480081e-01 -1.50098664e+00
  4.34724964e-01 -1.72463448e+00  9.06687325e-01 -9.96642786e-01
  2.04708774e-01 -8.32098363e-01  6.55955886e-01  7.55750946e-01
 -7.55983909e-02  1.57345157e+00  1.01236765e+00 -1.21793006e+00
 -2.51174931e+00 -1.59414921e+00 -1.81566440e+00 -1.26149567e+00
 -1.44421456e+00 -8.42706540e-01  9.48666391e-01  4.92449224e-01
  1.19146194e+00 -3.89310415e-01 -7.76227303e-01 -6.99308402e-01
 -3.25912925e-01  1.48401018e+00  9.91777787e-01  1.65763027e+00
  1.08467028e+00  1.17431054e+00 -4.94381470e-01  8.82752222e-01
  3.24636286e-01 -1.11023788e+00 -2.93633625e-01 -4.80998166e-01
 -1.43008087e+00 -3.07933363e-01 -1.04572379e-01  3.83983259e-02
  1.02058172e+00  1.94180777e-01 -1.04736858e+00  1.02442255e+00
  9.71287465e-01  5.34941637e-01  4.59626341e-01  5.61576362e-01
 -1.50598838e+00 -7.16631535e-01 -8.32038207e-01 -3.12951804e-01
  8.45897789e-01 -2.98511553e-01 -2.12310554e+00 -1.30917286e+00
  2.62406111e-01  1.81882456e+00  9.08401597e-01  1.12165994e+00
  1.98324337e+00 -1.80036572e+00 -3.11664881e-01 -1.47572915e-01
  7.32004439e-01  1.64990269e-01 -1.22345567e-01 -1.10100541e-01
  2.19917081e+00 -1.21555639e+00 -1.54000173e-01 -1.08383415e+00
  7.86292578e-01  9.73805623e-01 -3.27132905e-01 -5.69169598e-01
  2.94890117e-01 -1.13770524e+00  1.98376888e+00 -3.00036223e-02
  3.75926466e-01 -1.97311084e+00 -1.19712388e+00 -5.74790784e-01
 -7.62386236e-01  3.64498492e-01  4.47734040e-01  6.46810618e-01
 -2.58716819e-03 -1.42260127e+00  4.57596728e-01 -1.66897755e+00
  9.70157740e-01  1.41048683e+00  1.22138055e+00  1.05051110e+00
 -3.37400569e-01 -1.62982893e+00 -6.54447961e-02  8.56930099e-01
 -2.79040114e-01  6.02197644e-01  2.50409434e-01 -9.91511627e-01
  1.01498989e+00  3.11676951e+00  6.98072818e-03  5.17795123e-02
  1.50474167e+00  1.60938875e+00 -1.67609717e+00 -1.34944160e+00
  1.20984946e+00  1.39318078e+00  7.41669088e-01  1.71999898e+00
  4.83176808e-01 -4.45110350e-01 -2.52504418e-01 -1.25045462e-02
  7.73875112e-01  3.02409433e-01 -3.36912002e+00 -1.27352911e+00
 -1.48444929e-01  1.30007704e+00 -1.14565515e-01 -3.57105645e-01
 -6.48990433e-01 -2.48714089e-01  2.99304929e-01  6.63246230e-01
  1.37162222e+00  7.22494216e-01 -1.42277605e+00 -7.16355216e-01
  3.45235378e-01 -9.55933394e-01  4.08096226e-02 -9.31601386e-02
 -6.25603833e-01  4.46550951e-01 -7.66356610e-01  6.31169536e-01
  1.22355860e+00  7.44396433e-01 -1.66765791e+00  1.07612675e+00
 -9.41969227e-01  1.02082350e+00  1.43113219e+00  4.95329102e-01
 -1.37166703e+00  9.20338028e-01  2.67156817e+00  3.67845943e-01
 -5.58474154e-01  3.72526184e-03  2.04118361e+00 -3.79941852e-01
 -4.15122408e-02  2.13070277e+00 -6.39903602e-01 -1.07059028e+00
 -1.52169330e-01  7.82913283e-01  6.50598807e-01 -1.17689635e+00
 -3.98456054e-01  6.71321579e-01  4.42457137e-01 -1.00826337e+00
 -1.37144894e+00  8.47975753e-02  1.08011258e+00 -1.17126699e+00
  6.74188218e-01 -7.52208445e-01 -8.02429697e-01 -1.59641903e+00
 -1.46016742e+00 -1.53516575e+00  1.16494274e-01  1.51014124e+00
  3.86122312e-01 -1.18227326e+00  7.49110353e-01  1.99027266e+00
  2.83235983e-02 -8.91004647e-01  7.52871322e-01 -5.93329236e-01
 -1.32893766e+00 -5.90541652e-01  5.66319291e-01 -1.82361953e-01
 -6.09563512e-01  2.43623661e-01  1.54016586e+00 -2.01631707e+00
  1.08760566e+00  1.18784745e+00  1.14016963e+00  7.71448148e-01
 -2.91882979e-01  1.97392070e-01  1.43411018e-01 -1.66890595e+00
 -2.15468129e-01  9.55989407e-01 -5.24149846e-01  9.99101267e-01
 -6.18649307e-01  1.22274941e+00 -9.98537683e-01 -6.62351305e-01
  1.26428586e+00  2.69730647e-01 -1.18449778e+00  1.05797882e+00
 -1.06216220e+00 -7.49447519e-01 -1.39282274e+00 -1.31629102e+00
 -1.19886157e+00 -5.45444421e-01 -3.46629342e-01  1.62316918e+00
 -7.14478298e-01  1.80511043e-01  5.86891953e-02  1.00029232e+00
 -1.55806390e+00 -1.68594928e-01 -2.20449566e-01 -1.00630467e+00
  1.32845093e-01 -1.13341364e-02  1.32112165e-01 -1.18536454e+00
  1.12739909e+00 -2.05630600e+00  1.76908241e-01 -4.52976471e-01
  3.67398546e-01  5.23912972e-01 -2.75758480e-01 -1.34402988e-01
 -5.39868577e-01  3.06013279e-01 -1.18313029e+00 -1.19056629e+00
 -6.82273217e-01  2.44477810e-01 -2.27133780e-01 -4.77660288e-01
  8.37975480e-01  2.49912287e-01 -3.10899974e-01 -5.99505637e-01
  8.49396582e-01  1.58680417e+00 -7.75021562e-01 -1.36312523e+00
  4.83574589e-01  7.51279708e-01 -8.00199841e-01 -1.30586458e+00
 -4.56070306e-02 -3.34341893e+00 -5.49903469e-01  2.16881085e-01
  9.67904734e-01 -3.51872089e-01 -1.13701227e-01  1.63624933e+00
 -4.05097844e-01  4.55724278e-01 -2.00933123e+00  7.45580790e-01
  7.67133242e-01  4.06839850e-01  1.90674523e-02  1.44695687e+00
 -1.02387891e+00 -3.31070402e-01 -7.77746749e-01  2.36269576e-02
 -1.38518944e+00  7.03673018e-01 -2.91035965e-01  1.38012588e+00
  3.27849983e-01  1.17108739e+00 -1.70740807e+00 -5.26413854e-01
  6.48189946e-01 -9.19172822e-02  1.10456398e+00  1.00893989e+00
 -6.14212517e-01 -1.12750604e+00 -4.69546574e-01  7.59607308e-02
  7.70658899e-01  1.28706204e+00  3.41664916e-01  1.29515405e+00
 -1.94518301e+00 -1.85098728e+00  7.90497673e-01  2.28522113e-01
 -5.71758062e-01  1.37325446e+00 -1.48403621e+00 -1.47109537e+00
  9.72063662e-01 -6.63537885e-01  2.04116920e+00  1.29244601e+00
 -5.09810417e-01  8.99572313e-01  1.85860988e+00  1.86142744e+00
 -2.00704881e+00  1.34991713e+00 -3.80832623e-01 -6.44086659e-01
  1.84022030e+00  1.24433723e+00 -1.56597826e+00 -1.33842818e-01
 -6.45916281e-02  1.00000318e+00  5.87304137e-01 -1.78544421e-01
 -8.95441089e-01  6.67035832e-01 -3.24697371e-01 -2.89088303e-01
 -1.94545861e-01  6.12004238e-01 -1.72359069e-01  5.78526360e-02
  6.93965816e-01 -6.35167875e-01  1.33910056e+00 -2.29697491e-01
  1.04346681e+00 -9.37836897e-01 -2.64538789e-01  1.34172202e+00
  3.14994840e-01  5.70015426e-03  5.40237034e-01  1.25547095e+00
  4.16978700e-01  9.77833943e-01 -5.23864336e-01  1.11361315e-02
  7.68026994e-01  1.09038923e+00 -6.85591400e-01  1.39636883e+00
  3.29375037e-02 -9.77297269e-01  4.40521641e-01 -9.29618693e-02
 -1.95798230e-01  6.43775112e-01  1.42724285e-01  6.37969691e-01
 -8.36936013e-01  7.25320297e-01  1.52338741e+00 -1.32671992e+00
  8.62251952e-01  7.06082634e-01 -2.07805882e+00  3.15547255e-01
  3.83136308e-01  2.25742047e+00 -8.89508892e-01 -6.64449081e-01
 -7.66556699e-01  1.77378702e+00 -1.03922875e+00  7.09171429e-01
  1.51003850e+00 -8.81671502e-01  9.93468591e-01  6.11420509e-01
  3.47978091e-01 -4.39856125e-01  1.59491479e-01  2.72905542e-01
 -4.25415907e-01 -8.07547372e-01 -1.51953766e+00 -1.35860896e+00
 -3.53569124e+00  6.99453896e-01  1.53437528e+00  2.34387611e-01
  1.32545996e+00  5.34708692e-03 -4.33753631e-01  2.03833376e+00
 -1.33426120e+00  5.76004455e-01  1.66258909e+00  1.00550365e+00
  5.32381950e-03  4.83427365e-01  8.29401638e-02 -1.93439980e-01
 -2.83452001e-01 -1.55437637e+00 -2.43416552e-01  1.28465349e+00
 -1.18125966e+00  4.55353156e-01 -1.89273673e+00 -9.50203175e-01
  1.03556042e+00  8.82271422e-01  1.47279086e-01 -7.60573051e-01
  3.00263827e-01 -6.22568950e-02 -8.66808345e-01 -1.40979278e+00
 -1.78761201e-01 -2.90656516e-01 -4.76359402e-01 -4.90716046e-01
  8.43218672e-01  5.16645480e-01 -8.38481983e-01 -3.12253278e+00
  1.19015333e+00  5.04889519e-01  5.01469918e-01  1.16420592e+00
 -8.98693905e-01 -4.69438521e-02 -3.88756265e-01 -1.08797755e+00
 -7.85238681e-01  1.86415058e-01 -8.06100535e-01 -6.03315091e-02
  1.35278537e+00  2.94963181e-01 -6.61311221e-01 -1.70634520e+00
 -1.12418743e+00 -6.91504179e-01 -1.04856680e-01  7.38314163e-01
  1.72303622e+00 -9.01558480e-01 -8.05855887e-01 -1.31558122e+00
  5.81330601e-01  8.00574932e-01  1.31113218e+00 -2.19326111e+00
  2.61571168e-01 -1.52477450e+00 -1.03463491e+00 -3.15088801e-01
 -1.70520939e+00  5.10608650e-01 -6.67375865e-01  1.92537868e+00
 -1.20998147e-01 -6.37218993e-01  4.55386388e-01 -9.58624414e-01
  9.88032430e-01 -5.48347877e-01 -7.77399421e-01  7.37588643e-01
 -6.60902560e-01 -4.72292950e-01  7.47839741e-01  1.51853019e+00
 -9.21688813e-01 -1.61601243e+00 -9.27204231e-01 -2.78183152e-01
 -4.16574107e-01  1.32312223e+00 -1.58315933e+00  7.38677319e-01
  6.26182148e-01  6.10956861e-01 -6.53998795e-01 -1.16069887e+00
  4.61280283e-01 -8.57704918e-01 -2.55463216e-01  8.63613666e-01
  1.59105519e+00 -3.04574890e-01  4.18623005e-01 -6.44845447e-01
 -1.73061580e+00 -2.11862118e-01 -4.26320237e-01 -6.37949298e-01
  3.09337908e-01  4.17869934e-01  6.75873395e-01  4.29163411e-01
  6.82834762e-01 -1.25613833e+00 -6.04662378e-01  8.59118122e-01
  7.22955756e-01 -6.05517839e-01 -2.77684665e-02 -1.88831816e+00
 -2.08595719e-01  9.82347923e-01  4.72883998e-01 -7.49261063e-01
  6.13511066e-01 -6.48947125e-01  1.12144586e+00  8.41532181e-01
  1.72259038e+00 -4.02314023e-01  9.33980361e-02 -1.49165765e+00
  1.33624402e+00  1.69936993e+00  1.53782591e+00 -4.95988679e-01
 -1.34622252e-02  6.93401006e-01  1.52473477e+00 -7.86345204e-02
 -1.14776085e+00  6.85887744e-01  1.85485721e+00  1.92559449e+00
 -2.17114974e+00 -5.34768681e-01 -8.18413999e-01  5.05782843e-01
  1.13781039e+00 -8.50609634e-01 -4.76666493e-01 -7.88891554e-01
 -1.00489541e+00  3.25761792e-02 -1.13218984e+00 -2.39197440e-02
 -8.81395489e-01 -1.45675185e+00  7.39050465e-01 -9.45185296e-02
  9.01094818e-02  6.07968328e-01 -8.80364434e-01 -1.54448838e-01
  6.92059197e-01 -8.60060279e-01 -5.90948774e-01 -6.38697335e-01
 -1.45479858e-01  3.65528370e-01  6.39884659e-01 -1.61692727e-01
  1.17165352e+00 -1.83372272e+00 -6.49514317e-01  5.99960995e-01
 -1.51797182e-01 -9.82689823e-01 -8.28338808e-01  1.85775752e+00
 -4.14633507e-01 -8.81526474e-02 -9.55166464e-02 -1.56385864e+00
  5.15869741e-01  3.24418548e-01  5.89778693e-01 -1.53253249e-01
  9.53730928e-01  1.90238527e+00 -1.21705846e+00  1.37808547e+00
 -5.37697582e-01 -6.12271443e-01  1.31702658e+00 -1.02782594e+00
  1.46375865e+00 -1.58828022e+00  1.30698863e+00 -1.34293872e+00
 -8.08392976e-01  2.81903139e-01  1.57696451e+00  1.60557510e-01
 -5.53753621e-01 -4.17570527e-01 -1.36546250e+00  2.27688137e-01
  4.58833818e-01 -6.91325918e-01  1.63516663e+00 -7.69034945e-02
  9.06677454e-01 -6.03630307e-01 -1.31772361e+00 -1.20520857e+00
 -1.02752104e+00  2.26203391e+00 -1.52904798e-01 -1.05129750e+00
 -9.81798996e-01 -7.79973640e-02  1.00724875e+00 -2.49920543e-01
 -8.70985036e-01 -1.74094260e+00  1.68754374e+00 -1.13572288e+00
  8.27406087e-01  2.33263298e+00  3.56683733e-01 -8.91492042e-01
 -1.24367788e-01 -6.66232809e-01 -5.53472943e-01  1.61234207e-02
  6.50148104e-03  1.15463910e-02 -6.35585402e-01 -1.07425885e+00
 -5.99675161e-01  1.51328759e+00  2.23397200e+00  5.03128012e-01
  8.92309372e-01  2.64463464e-01  5.10174166e-01 -1.44022562e+00