-8.60970505e-01  1.19478801e+00 -3.61743506e-01  6.93205521e-01
 -8.08311331e-01  1.56665878e+00  1.45770217e-03 -7.44426428e-01
 -2.52955742e+00  4.00525877e-01  2.70891382e-01 -7.58019827e-01
  2.08980403e-01 -1.09388945e+00 -6.95096652e-01  8.61083230e-01
  3.66022839e-01  2.49693257e-02  2.44358776e-01  8.18933536e-01
  1.24847913e+00 -1.75523247e-01 -2.68180927e+00  1.59790189e+00
 -9.50731612e-01 -1.22229833e+00 -7.54007868e-01 -2.70055394e+00
  1.09139334e-01 -8.02746638e-02 -2.81323058e-01 -2.29650082e-01
  4.82937717e-01  9.85232883e-01 -7.99525203e-01  8.30504215e-01
  9.12223399e-01 -1.15880761e+00 -1.05218023e+00 -6.34155674e-01
  1.06415852e+00  2.72627732e-01  3.33692897e-02 -1.15480741e+00
 -6.40227223e-01 -9.02818524e-01  6.54387765e-01 -1.06321707e+00
 -1.30830795e+00  6.97155270e-02  1.01970200e+00  5.73642159e-01
 -9.82495413e-01 -5.36302730e-01 -9.19567413e-02  3.92009544e-01
  1.44396177e+00 -2.02631085e+00  1.02256158e+00 -1.51034553e+00
 -1.19456163e+00 -2.34475696e+00  4.97477033e-01  1.30067908e+00
 -1.45906165e-03 -1.50297328e+00  4.50665148e-01 -1.68042365e+00
 -1.27716359e+00  5.66812380e-01  8.62038243e-01  1.99846984e+00
  3.40320585e-01 -1.07984160e+00  6.28478796e-01  1.63005281e+00
  1.61641726e+00  1.25585723e-01  2.13695274e-01 -8.85434770e-02
 -1.34244116e+00  5.59313621e-01  1.62329464e+00 -9.70941937e-01
  7.51778488e-01 -3.36297496e-01 -1.95112854e+00 -9.58247739e-01
  5.21073739e-02  1.12983197e+00  2.89563560e-01 -1.32274305e+00
  1.53552666e+00  1.45671860e+00  8.11447947e-02 -6.82710855e-01
 -7.56496342e-01  1.62765562e+00  2.98923646e+00  1.55512085e+00
  4.30870799e-01 -6.81915265e-01  3.48525610e-01 -2.20912201e+00
  1.34167888e+00 -2.93526135e-01  1.90479497e-01  3.51458786e-01
 -1.06050822e+00 -1.05685498e+00 -7.02694919e-01  9.59874150e-02
 -3.43214829e-01  4.30073395e-01 -1.93147203e+00 -8.43873285e-01
  5.33375587e-01  9.20883144e-01  1.21162149e+00  1.19760383e-01
  6.99418251e-01 -1.77360388e-01 -8.23654975e-01 -5.88420659e-01
  3.82360225e-01 -4.25436434e-01  6.32067011e-01 -6.54766550e-01
  1.41497397e+00  4.58944265e-01 -3.21064691e-01 -4.33439360e-01
  1.97211086e-01  2.86357392e-01 -1.30047660e+00  2.22028442e+00
  9.17205421e-01  4.24871427e-01 -2.31685845e+00 -1.85192074e-01
 -2.03832767e-01 -2.70914572e-01  3.51182307e-01 -6.87777923e-01
 -7.09287452e-01 -7.63324141e-01  2.40622692e+00  7.32483068e-01
  4.26097220e-01 -2.70614461e-01 -6.62979298e-01  6.22285516e-01
  3.72250319e-01 -5.38066719e-01 -6.06086335e-01 -1.19434862e+00
  6.51636509e-02  4.56854406e-01 -8.29704964e-01  7.65312079e-01
  5.18770407e-01  5.36779334e-01  8.49516194e-01 -1.06954819e-01
  3.08984761e+00 -2.99742057e-01  1.05328255e-01  2.15689362e+00
 -6.64500201e-01 -1.06000523e+00 -7.35108669e-01 -9.94961114e-01
  1.46529716e+00 -7.57920418e-01 -9.23800557e-01  5.26176555e-01
 -1.32096010e-01 -7.22622080e-01  2.56435988e-01  2.17192519e-01
 -4.56041870e-01  9.61869557e-01  4.59066716e-01 -2.38714682e-01
 -8.36281760e-01 -1.41240003e-01 -2.93703399e-02  7.89757913e-01
 -1.14392735e+00 -5.59141486e-01 -5.46919056e-01  2.18085703e+00
 -8.89250529e-01 -1.47978835e+00  7.90005131e-02 -2.82806729e-01
 -9.01392691e-01 -1.67653425e-01  2.10236509e+00  1.50290459e-01
  4.17324552e-01  7.44120904e-01  1.01975881e+00 -1.58207029e+00
 -9.25949354e-01 -9.11851700e-01  9.70608047e-01  6.60340123e-01
  2.39634010e+00  1.35142888e+00 -2.41914305e-01 -2.19866962e-01
 -6.08036271e-01  1.40201630e+00 -7.66255318e-01 -4.44113171e-01
  6.61722342e-01  5.80809579e-01  1.54450389e+00  7.48290600e-01
 -1.84481800e+00  2.43627455e-01  4.95282599e-01  7.68129827e-01
 -1.79224706e-01  4.33266797e-01 -1.05596555e+00 -8.96348453e-01
 -1.34991466e+00 -1.83046032e-01 -8.08510376e-01 -1.92704008e-01
  2.22278387e+00  5.24990484e-01 -2.99129715e-01  2.50976644e-01
  1.84387860e+00 -6.12791462e-01  1.25489284e+00  1.47907751e+00
  2.65060490e-01 -1.02066147e-01 -1.53191869e+00 -1.95142297e+00
  8.67753758e-01 -1.41733864e-01  1.19868994e+00 -1.21909883e+00
 -1.39733363e+00 -8.05049480e-02  1.45536970e+00  4.22900217e-01
  5.85991037e-01  2.38600779e-01  1.33880450e-01 -6.35882731e-01
 -6.56139427e-02  5.25357709e-02 -2.20934051e+00  1.51696074e+00
  1.08969253e+00  8.16619551e-02  3.49540711e-02  9.56354785e-01
  4.87759764e-01  5.66371963e-01  2.97937123e-01 -6.46820778e-01
  1.57031905e+00 -1.37577830e-01  3.64993819e-01 -1.12239862e+00
 -1.52713081e-02  1.97391525e+00 -5.60324081e-01  8.42978028e-01
  2.39877171e-01  1.35109412e+00 -5.61640864e-01  1.79311303e+00
  1.43422273e+00 -7.97302160e-02 -3.43389562e-01 -5.13806267e-01
 -5.60576194e-01  1.26076271e+00 -2.14112128e-01  3.25566266e-01
 -2.67885439e+00  3.07891704e-01  6.52421996e-01  8.52007578e-01
  2.16818525e-01 -5.75356562e-01 -5.44211753e-01 -1.15559801e-01
  9.96036819e-01 -1.02974678e+00 -2.92389034e+00 -1.56248711e+00
 -5.17417880e-01 -1.15484366e+00  2.42191732e+00 -1.40795277e+00
  1.33106726e-01  2.12974813e-01 -4.17633221e-01 -2.52194339e-01
 -6.62047894e-01 -1.23712131e-01 -1.37420669e+00 -2.65845547e+00
  2.50584180e-01 -9.89023420e-01 -1.52708260e-01  5.21543437e-01
 -8.05565715e-01  7.70008108e-01 -2.50844253e+00 -5.08905507e-01
  1.30065687e-01 -1.11633677e+00 -1.45873284e+00  1.42065020e+00
 -1.33444853e-01  1.01366204e+00  4.01655233e-01  8.81109034e-02
 -9.46104740e-01 -3.53810875e-01  2.26025605e+00 -1.23107080e+00
 -8.44620671e-01 -8.86577161e-01 -3.18015476e-01  2.12999179e-01
 -1.41505581e-01 -7.29924158e-01  1.23459216e+00  1.09412963e-01
 -8.55818996e-01 -7.30844778e-01 -1.29862890e+00  4.77042612e-02
 -3.95804697e-01 -1.16862658e+00 -1.14302801e+00  5.91342496e-01
 -1.00726186e+00  1.04664138e+00 -1.28707699e+00  3.06992549e-01
 -2.09312613e-01 -1.12664802e+00 -2.04368214e+00 -1.34066632e+00
 -1.51345309e+00  1.16585712e+00 -1.76173274e+00  1.59147451e-01
  1.24362384e+00 -1.42441079e-01 -2.37507444e-01 -2.35011644e-01
 -1.28807458e+00 -7.94578745e-02 -1.05261819e-01 -1.26171968e+00
  1.30443385e+00  7.57499345e-01 -8.68589968e-02 -4.46811149e-01
 -1.37976080e-01  1.31889015e+00 -1.14906695e+00 -1.13688305e+00
 -2.75749795e-01  4.88609589e-02  2.48221132e-01 -5.05173630e-01
  1.35083862e+00  8.90746256e-01 -1.54978561e+00  7.03746768e-01
  1.69346719e+00 -1.94999468e+00  1.09655666e+00 -1.03067676e-01
  1.32444622e+00 -7.07190472e-01  1.37420104e+00  1.14945353e-01
  8.50154039e-01  1.99651653e+00  3.24345172e-01  1.36291748e-02
  1.35195509e-01 -6.86063189e-01  8.08423678e-02  2.97496119e-01
  1.01721719e-01  1.58007980e-01 -3.05798105e-01 -2.23777413e-01
 -2.66775633e-01  5.62000795e-01  3.60835742e-01  4.79966882e-01
 -6.57727186e-01 -8.53969260e-01  6.89897892e-01  6.65147365e-01
  8.58770890e-01  6.44457720e-01  1.50000047e+00 -1.05465789e+00
  1.64261334e+00 -3.88202124e-01  1.15987765e+00 -7.69122218e-01
 -5.16709777e-01 -1.31078917e+00  7.20991106e-01 -2.91822634e-01
 -4.53298190e-01  1.72497266e+00 -1.91023567e+00  5.29730599e-02
  1.55089422e+00 -6.83862183e-01 -9.53047228e-01  1.10347992e+00
 -1.97812377e+00 -2.75750481e-01 -3.00414139e-01 -9.07629546e-01
 -9.90169338e-01 -7.84433063e-02  5.65180464e-01  1.17504047e+00
 -5.05893211e-01 -1.84105927e+00  2.01261500e-01  8.38038615e-01
 -5.27463618e-02 -2.14984638e+00 -2.79443758e-01  1.08503865e+00
 -2.49761371e-01 -1.36971883e-01  2.33070425e+00 -1.47860905e-01
  2.16050938e-01  1.30360717e+00 -8.68911056e-01  1.30682672e+00
 -2.52246026e-01 -9.00079655e-01  7.64812188e-01  9.89115314e-01
 -1.60776509e+00 -2.46888541e+00  4.24512444e-01  4.12260708e-01
 -4.78489581e-01  3.11752487e+00 -2.60474653e-01  1.75118518e+00
  4.10836225e-01 -5.50725868e-01  8.95259339e-01 -1.47069310e+00
 -4.85999001e-01 -2.56749228e-01 -3.92498669e-01  2.62542745e-01
 -9.60707947e-01 -6.91436206e-01 -1.13384171e+00 -1.77254478e+00
  1.57760051e+00  5.53956160e-01 -5.99279339e-01 -8.80212904e-01
  6.84479461e-01 -1.19167428e+00  9.65053637e-01  2.11290220e+00
 -1.51109998e+00  6.42810123e-01 -7.87447700e-01 -1.28612758e-01
 -8.19097372e-01 -1.72101467e+00  3.04652939e-01 -8.15795796e-01
 -5.96984691e-01 -1.91569320e+00  7.21376064e-01  1.92281101e-01
  7.00762403e-01 -1.49871322e+00  3.73117660e-01 -1.87118512e-02
  2.90843377e-01  9.55566421e-01 -1.44216827e+00  5.99242940e-01
  5.77220243e-01 -4.00152403e-01 -7.06542496e-02 -2.79511121e-02
 -7.52972608e-02  5.44185746e-01 -5.24807842e-01 -5.52110788e-01
 -5.77978289e-02 -2.06627338e-01  5.62697604e-01  6.74014315e-01
 -1.80431638e-01 -7.86530928e-02  1.52975418e+00  3.69782652e-01
 -1.44327819e+00  9.03921395e-01 -9.93135574e-01 -8.54091907e-01
 -3.23967515e-01 -6.15061678e-01  8.83201858e-02 -2.31055619e-01
  5.26905069e-01 -9.05662324e-02  6.64123896e-01 -1.12075440e+00
 -5.81675329e-01 -5.90877956e-01  1.62165513e-01  2.62101916e-02
  3.85098691e-01  2.33509009e+00  1.68174557e-01 -5.61742615e-01
 -7.77743422e-01  1.51088630e-02 -2.36307380e-02 -5.27716986e-01
  7.90452884e-01 -8.72383885e-01 -3.06243423e-01  7.55780171e-01
 -3.40766661e-02  9.92633728e-02  1.31315609e-01  1.49325802e-01
 -5.51676545e-01  8.41892554e-01  5.41374115e-01  1.14413901e+00
  5.41497901e-01  1.52661053e+00  4.61178040e-01 -4.15385934e-01
  6.62439649e-02 -1.16562245e+00  9.86717920e-01  4.61960879e-01
 -8.20828700e-01  1.19854134e+00  6.94287817e-01  9.51938415e-01
 -1.32986002e+00  8.75277587e-01  4.96743894e-01 -7.87337713e-01
  1.40421947e-01 -7.93451974e-01 -1.01281406e+00 -1.20877537e-01
 -6.27072549e-01 -1.63949376e+00  5.75045628e-01 -6.64873793e-01
  1.75142938e+00 -1.05483011e+00  3.84721155e-01  1.29248849e+00
  1.13406824e+00 -6.61663775e-01 -2.69685376e-01  1.56921174e+00
  3.79142309e-01  7.03704792e-01  1.58870713e+00 -7.55555201e-01
 -1.76965309e-01  3.10497657e-01 -4.22894399e-01 -2.97643272e-01
  4.00547827e-01  1.23933720e+00  1.01159947e+00 -7.69509447e-01
  1.59952733e+00 -1.03324100e-02  6.93698744e-01 -3.76421985e-02
 -2.57961737e-01 -8.60311619e-01 -8.30972659e-01  4.76641834e-01
  1.96598381e-01  9.00549925e-01  6.73586861e-01 -8.07147866e-01
  4.09291404e-02  8.90644677e-01  2.18032605e-01  7.25650541e-01
 -1.29948964e+00 -9.65406853e-01 -1.13319942e+00 -2.46449881e-01
 -3.90704238e-02  4.82222173e-01 -1.83442634e+00 -1.17506309e+00
  1.64662442e+00  9.58732746e-01  3.06696892e-01 -4.64279210e-01
  9.10256560e-01 -1.12601641e+00  9.62980259e-01  7.92213319e-01
 -1.95019430e+00  5.72410726e-01 -8.78319008e-01 -2.72166348e-01
  6.53905465e-01  8.77510210e-01  4.16858650e-01  4.55389344e-01
 -9.87147639e-01  1.38414620e+00  8.76150884e-01 -1.20602302e+00
 -9.53656029e-01  5.59556083e-01 -1.23913115e+00  1.94521209e+00
  2.56860569e+00  1.08073004e+00  6.97162603e-01  1.82414294e+00
  8.15100012e-01 -9.17132901e-01 -1.21739146e+00 -7.35272389e-01
  5.49941139e-01  4.31326268e-01 -5.74035093e-01  1.40683001e+00
  3.14083708e-01 -7.32390792e-01 -3.28029723e-01  1.03716980e+00
 -1.29960903e+00  1.61013530e+00 -3.34591848e-02  1.11852665e+00
 -1.26285643e+00  2.01347951e-01 -2.35093219e-01 -1.02128209e+00
 -2.57118300e-01  3.40724654e-01  9.20492646e-03 -1.39090810e+00
 -7.68901058e-01 -1.73653956e-01 -2.75100584e-01  9.58681115e-01
  2.32822089e-01 -2.65390223e+00  1.67905641e-01 -6.26423732e-01
  1.29926755e-01  1.13632504e-01 -8.66407487e-01 -8.69431927e-02
 -1.76479705e+00  1.27717169e+00  5.86678799e-01 -1.06445399e+00
  1.05554346e+00 -7.45797480e-01 -4.96510083e-01 -1.09642461e+00
 -1.60656465e+00 -7.08638402e-01 -1.31045670e+00  9.62073340e-01
  3.21055222e-01  1.11583981e+00 -5.59981449e-01 -3.04791728e-01
 -1.21790024e+00  1.20304377e+00  1.40959264e+00  3.51698870e-01
  6.54528519e-01  1.72625289e-01  2.32709111e-01  5.74607686e-01
 -1.08649334e+00 -2.99861542e-01  5.08036683e-01  7.01619709e-01
 -6.22794753e-01  4.18498932e-01 -7.04885672e-01  1.82020970e+00
  2.60233703e-01 -4.01386299e-01  3.70537076e-01  1.79609533e+00
 -2.42529754e+00  7.23297604e-01  2.02062217e+00 -6.59687325e-01
  7.39977907e-01  9.10888700e-01 -6.29503094e-01 -3.01870223e-01
  5.35851604e-01 -2.73532144e-04  1.41824093e+00 -1.53216670e+00
 -8.53684265e-01  2.41531366e+00 -5.97293537e-01  1.30529030e+00
 -2.47992308e+00  4.64631928e-01 -1.41500172e+00  9.65944919e-01
 -4.31963565e-01  1.48032027e+00  6.48202190e-02  7.48488506e-01
  3.03027947e-01  8.97377065e-01 -2.50410087e-01 -1.12312818e+00
 -4.93278893e-01 -1.26271354e+00  1.39018625e-01 -2.67568970e-01
  1.29048374e+00  5.87866037e-01 -1.34761026e+00 -7.95023137e-01
 -2.73063872e+00 -1.32542125e+00  1.22712565e+00  1.26626331e+00
  1.20042558e-01 -2.43685124e+00  1.18188396e+00  1.15215244e+00
  2.68572134e-01 -9.41885905e-01  1.11871167e+00  1.10672250e+00
  1.78755240e+00  1.18899921e+00  1.75152353e+00  1.20572104e+00
 -1.64164012e-01 -1.37199358e-01  1.20223837e+00  8.30687610e-01
 -8.49389595e-01  9.56623787e-01 -9.15480026e-01 -2.36085793e-01
  2.00963235e+00  1.89800407e+00 -5.51128828e-02  2.05030843e-01
  6.13432920e-01 -3.40387940e-01 -3.65235332e-01  4.92233770e-01
 -9.70842838e-02  1.89363259e-01 -1.00300752e+00  1.36789834e+00
 -2.57049220e-01  1.59190389e+00 -1.30284602e+00 -1.38725959e+00
 -6.70640779e-01  1.56400959e+00 -1.46858875e+00 -7.60751390e-02
  1.30445332e+00  3.81177508e-01 -3.24777176e-01 -9.17803594e-01
  1.79348068e+00  4.73891447e-02 -4.69638733e-01 -1.11338486e-01
 -4.06483776e-02  5.16190284e-01  8.86080767e-01  6.96472438e-02
 -1.85553784e+00  1.00327296e+00 -9.34856482e-01 -7.88007323e-01
  1.71593696e+00  2.00600120e-01 -8.04552841e-01  1.26563771e+00
 -3.21729250e-01  1.79095663e-01  6.24850467e-01 -1.91548143e+00
  4.58716727e-01 -1.51119833e+00 -5.09668912e-01 -7.27647942e-01
 -9.80019821e-01 -1.29829170e+00 -5.61507426e-01 -9.77485923e-01
 -7.38214593e-01 -9.60092181e-01  1.82596333e+00 -5.94398391e-02
  3.57904567e-01 -1.39844012e+00 -7.77973206e-01 -1.30613330e+00
 -9.69926557e-02 -1.37584929e+00  3.72020103e-01 -1.04423369e+00
  7.45581870e-01 -1.92983765e+00  1.27109779e-01 -1.93585818e+00
 -8.13104886e-01  6.80667190e-01 -3.26569793e-01  2.23346135e-01
  1.82677070e+00 -8.15104635e-01  2.40005599e-01  3.27967121e-02
 -6.85514529e-01  4.49198255e-01 -1.90346788e+00 -1.22398235e-01
 -9.95566176e-01  1.69212557e+00  2.21103297e-01 -1.34608826e+00
 -1.88631976e+00 -9.12970462e-01 -5.82321002e-01 -2.47260018e-01
  1.09951898e+00 -2.79332059e-02 -5.30787300e-02  9.15238871e-01
  5.39369554e-01 -6.87207423e-01 -4.90588525e-01  6.82339333e-01
 -1.04837212e-01 -8.39240133e-01  1.94151170e-01  8.98601634e-01
 -4.70578332e-02  6.33781659e-01 -9.79316428e-01  5.18868005e-01
 -1.62810519e+00  1.12661756e+00  2.07059608e-01  1.49539867e-01
  5.27532945e-01 -5.74275722e-01 -5.13514386e-01  5.51145455e-01
  1.46152205e+00 -9.01958970e-02 -1.49619602e+00 -3.01560513e-01
 -2.84548618e-01  1.21071253e+00  1.45368287e+00  4.01605451e-01
  7.77597603e-01  4.14607758e-01 -2.36864054e-01  2.63476742e-01
  3.71979450e-01  1.71008010e+00 -1.18993445e+00 -1.18921988e+00
 -2.32990120e-02  5.85381387e-01  4.04309989e-01  8.06229204e-01
  1.07124740e-01  1.39220798e-01 -5.44406067e-01 -8.58328768e-01
  7.65171745e-01  1.49805859e+00 -8.49152216e-01 -5.13286011e-01
 -8.63258138e-01  1.63232394e-01  1.66855073e+00  3.65934177e-02
  7.81993822e-01 -7.28638684e-02  4.77709073e-01  6.45804875e-01
  8.60848894e-01 -1.84705589e-01  1.11143886e+00 -1.58790745e+00
 -2.24518550e-01  7.20615926e-01  4.27262818e-01 -4.85746973e-01
 -1.38860890e+00  7.81508157e-01  9.72618991e-01 -1.60629566e+00
 -2.54887106e-01  4.00767214e-01  2.97714421e+00  1.09443228e+00
 -2.26043783e+00  1.09724360e+00  6.33175538e-01  5.08042676e-01
 -3.57878387e-01  1.27961143e+00 -1.32327745e+00  1.25057158e+00
  1.36400084e+00  1.13682227e-01 -1.09473627e+00  1.50380701e+00
 -2.13398251e-01 -1.60700206e+00 -7.84936141e-01 -3.51944897e-01
  8.24507941e-01 -6.72003555e-01  5.90297888e-01  2.36891521e+00
  7.00183733e-01 -7.18480932e-01  3.77694114e-01 -1.87419451e+00
 -6.63835510e-02  1.12745867e+00 -1.32438228e+00 -2.81447378e-01
 -3.40450219e-01 -1.76399900e+00 -7.69556921e-02 -1.50858462e+00
 -1.01546697e+00 -1.82935514e-01  7.16198005e-01  2.71373474e+00
 -4.03064326e-01 -1.48529134e-01 -3.42351427e-01  6.80148452e-01
  2.71522148e-01  1.34137796e+00  8.35058051e-01  9.99819650e-01
  2.11769511e+00 -2.06874016e-01  9.92415469e-01  7.36307326e-01