-2.65954017e-01 -2.36958545e-01 -3.38179354e-01 -3.22608695e-01
  1.15396749e+00 -4.22918950e-01  1.01975372e+00  6.96267439e-01
  2.74187217e-01 -1.13914851e+00  3.19715801e-01 -1.42472594e-01
 -1.30540085e-01 -6.77425023e-01 -8.27476254e-01  9.23066360e-01
  1.07049284e+00  3.31025443e-01 -9.86109657e-02 -3.11908312e-01
  2.42358573e-01  6.66190016e-01  2.28061355e-01  1.61449199e-01
  3.95328894e-01 -5.07314767e-01  6.75131708e-01 -2.07955543e-01
 -5.30095553e-01  2.39172852e-01  5.46958682e-01  6.59140326e-01
  9.37994992e-01 -5.78197967e-01  5.05720950e-01 -1.46709839e+00
 -9.94941473e-01  1.64889897e+00  1.50405657e-01  4.61930134e-01
 -6.24164148e-01  8.99819683e-01 -7.33496000e-01  2.82039702e+00
  7.62584798e-01  1.65542125e-02 -1.00357180e-01 -1.50899424e+00
  1.21015714e+00  1.17798960e-01 -1.04354031e+00  6.38164944e-01
  7.90065088e-01 -6.45076808e-01 -1.32195053e+00  1.29443210e+00
 -1.97701335e-01  1.23681526e+00  1.96857506e-01  6.53237646e-02
 -1.35678245e-01 -7.81069585e-01  1.04387127e+00  8.47518320e-01
  2.82402573e-02  7.02508622e-01  3.90924761e-01 -9.39016267e-01
 -1.28730122e+00 -3.80005183e-01 -1.22200719e+00 -1.57616641e-01
  1.23005465e+00  1.42196351e+00 -7.03190884e-02  2.27087180e-01
 -1.05604315e+00  3.57593999e-01 -7.84331554e-01 -6.45670235e-01
 -8.00225652e-01 -7.21544580e-01  3.91740696e-01 -1.78328763e+00
 -5.39647425e-01 -1.00483374e+00 -2.62948178e-01 -7.82198052e-01
 -7.80555483e-01 -6.47845745e-01  1.87653260e+00 -1.75346723e+00
 -7.23318146e-01 -9.98414182e-01  7.13475015e-01 -2.08842474e-01
  1.62524369e-01 -4.08455943e-01  1.47445953e+00  1.38153246e+00
 -1.25530225e-01  7.58153567e-02 -5.15627056e-01 -2.11221793e-01
 -1.70150393e+00 -9.51462595e-02  1.78247793e-01 -1.95758295e-01
  1.51901534e+00 -1.02493100e+00 -1.62642605e+00  6.00062129e-01
  3.89779713e-01 -1.36598814e+00 -9.50346640e-01 -1.16656347e+00
 -1.94798095e-01 -1.58810493e+00 -8.70917469e-01 -1.15555508e-01
  5.94869457e-01 -1.04042994e+00 -9.23181938e-01  9.83107014e-01
  1.12366940e+00 -7.32510516e-01  1.28181203e+00  1.81279869e-01
 -5.11926656e-01  4.38197361e-01  7.50698650e-01  1.37534880e+00
 -5.00115888e-01  8.26011499e-01  2.46661006e-01 -9.49602848e-02
  3.84295504e-01  4.31069337e-01  1.13047587e+00 -1.96530380e-01
 -7.54464690e-01  1.63669485e+00  1.02516232e+00 -1.30996587e+00
 -1.40577439e+00 -2.22099083e-01  1.55891952e+00 -3.03878762e-01
 -7.26159109e-01 -7.65059900e-01 -1.14685042e+00 -1.66603476e+00
  1.16817176e+00 -2.31493150e+00  6.02260081e-01 -1.42932103e+00
 -4.77773909e-01 -6.19989488e-01  8.25263337e-01  5.62065876e-03
  2.84569861e-01  8.88179894e-02 -9.49157962e-01  1.07449340e+00
  2.00772302e-01 -1.01907054e+00  4.05968043e-01  8.31138589e-02
 -6.37171331e-01  4.43186034e-01  1.64970376e-01 -2.49885229e+00
  7.55655298e-01 -1.09906526e+00  4.80158825e-01 -4.51630160e-01
 -1.64756489e+00 -3.48280982e-01  4.66647132e-01 -1.04090137e-01
  1.36611004e-01 -7.99069674e-03  1.27158629e+00  4.19870932e-01
  1.51273694e-01 -6.99780425e-01 -4.37134158e-02  8.60189403e-01
  1.32420101e+00 -1.10073143e+00  1.20692871e+00  1.32947265e+00
 -6.63114601e-02  3.78814717e-01 -1.80305611e-01 -3.81818331e-01
  2.23856225e+00 -1.77804359e+00  1.34174452e+00  1.12626980e+00
 -8.15684036e-01 -1.07043548e-01  9.80371602e-01  7.73966603e-02
 -5.80364161e-01 -1.54280858e-01 -4.69500622e-01 -1.13007515e-01
 -3.99694124e-01 -3.20467129e-04 -1.22602643e+00 -1.58785522e-01
 -9.26751106e-01  2.50552981e-01  7.79578156e-01 -1.22496848e+00
 -1.85627523e+00  9.18037844e-01  1.11335082e-01  1.19378043e-01
 -2.29037537e-01 -1.12782748e+00 -4.48027353e-01 -1.04244711e+00
  7.45723638e-01 -1.02609410e+00 -5.12433846e-01 -1.33629236e+00
 -1.52455906e+00 -6.07396099e-01  3.71403967e-01 -2.36713447e-01
  1.16893084e+00 -3.22907040e-01  1.08913192e+00 -6.48674323e-01
  1.82299313e+00  1.46224605e+00 -3.96437436e-01  1.29431669e-01
 -1.23994857e-01 -7.05066371e-02 -6.86711655e-01 -8.28668801e-01
 -4.34853244e-01  9.03570107e-01 -1.46942147e+00  9.27950985e-01
  3.03131399e-01  1.26484741e+00  1.80195476e-01  6.58107059e-01
 -3.10887818e-01 -1.88669582e-01 -5.95885383e-01 -1.76767788e+00
 -5.49352590e-01 -6.81042954e-01 -1.14283958e+00  2.84485097e-01
  8.68566329e-01 -2.07247585e-01  1.07894122e-01 -1.64709058e+00
  6.97877439e-01 -4.90557246e-02  2.66977556e+00 -2.50046135e-01
 -1.39599216e+00 -7.24084877e-01  1.16575664e+00 -1.23629007e+00
  6.40835204e-01  1.00316804e+00  3.05893557e-01 -1.41111908e+00
  8.21060021e-01  1.64944687e-01 -9.36909712e-01  9.15339547e-01
 -2.49270752e-01  1.07927680e-02 -1.34842039e+00 -1.13626633e-01
  1.02113536e+00 -3.06469739e-01 -2.60480617e-01 -2.90760043e-01
 -2.42191019e-01 -1.45604342e+00 -4.35174284e-01 -1.47033944e-01
 -6.81561864e-01  1.12332548e+00 -6.57125900e-01 -1.84350171e+00
  4.57464347e-01 -7.88326568e-01 -1.43955731e+00 -6.49707496e-01
 -8.14717572e-01  9.77578481e-01 -2.59991710e-02 -8.15977285e-01
 -5.54032439e-01 -1.21594037e-01 -9.76075678e-01 -9.09656336e-01
  9.36890267e-01 -9.55604642e-01  5.31957650e-01  6.99810603e-01
 -4.34693864e-01  5.77831673e-01 -4.00145936e-01 -1.34228935e+00
  2.45378363e-01 -9.94541958e-01  8.97684354e-01  3.65203196e-01
  1.43076242e+00 -2.34799189e-01 -1.32336520e+00  9.60867685e-01
 -1.12284426e+00 -1.96266240e+00 -8.76929752e-01 -1.54041635e+00
 -6.12997827e-02  6.84274199e-01  7.61988258e-01 -2.25414674e+00
  1.16827806e+00  1.32879441e+00 -5.97768517e-01 -7.06012395e-01
 -6.39592365e-01  2.97709699e-01  1.83326719e+00 -1.14181867e+00
  4.31706947e-01 -1.33170603e+00 -1.11305107e+00  1.30860520e+00
 -1.25057459e+00 -1.92357745e-01 -2.00776673e+00 -1.44271522e+00
 -1.47377493e+00 -2.22778696e+00  6.86596583e-01  1.89351287e+00
  4.87552064e-01  1.01759921e+00 -5.54707620e-01  7.61463831e-01
  7.07354011e-02 -1.07629569e+00  1.42876650e+00 -5.79819097e-03
  1.96165843e+00 -1.14503401e+00  3.64969067e-02  1.40986109e+00
  7.35387212e-01 -1.38457261e-01 -1.67450099e-01  8.62011752e-01
  6.19426417e-01 -1.16124823e+00 -3.30899736e-01  5.55852649e-01
  1.52731892e-01  6.09730459e-01 -5.23636921e-01  3.89057366e-01
  1.37891809e+00  3.92099171e+00  6.67620873e-01 -7.55381309e-01
 -2.78244377e-01  7.57552666e-02  1.41878777e+00 -1.58405071e+00
  7.23389849e-01  2.02681337e-01  1.50831322e+00  6.95660023e-01
  3.41197850e-01 -1.46911142e+00 -1.50443282e+00  2.70812227e-01
  7.29963652e-01 -8.09614204e-01  7.45660992e-01  4.84202247e-01
 -1.13159415e+00  4.64961232e-01  2.52078089e-01  5.94097852e-01
  7.40356030e-01  1.90521159e+00  1.27300156e-01 -1.00634111e+00
  9.49423272e-01 -3.57639128e-03  2.16135527e+00  1.78302192e+00
 -2.31394115e+00  3.71797948e-01  4.97894314e-01 -1.14477811e+00
 -8.98522989e-01 -7.67025125e-01 -1.94553603e-01 -1.52284702e+00
 -2.48902389e-01 -1.30966161e+00 -1.00684722e+00 -1.60644949e+00
 -3.60890939e-01 -7.75133200e-01  9.37468670e-01 -9.89373984e-01
 -3.39737473e-01 -2.78370254e-01 -1.88891959e+00 -3.29365370e-01
  1.82806509e+00 -2.44507437e-01  7.83325384e-01  1.21797011e-01
 -2.23656599e+00 -3.18930945e-01 -1.07779086e+00 -1.59012948e-01
  1.94212123e+00  4.72138579e-01  3.33728051e-01  9.90796503e-01
  6.80151688e-01  5.79382941e-01 -2.27020100e+00  8.95912944e-01
  6.18677273e-01  2.59009773e-02 -5.41009241e-01 -8.97179659e-01
 -6.36107041e-01 -4.56676185e-01  1.27757793e+00 -3.88794864e-02
  9.16194136e-01 -4.67338279e-01 -1.63421968e-01 -7.68965125e-01
  4.67517937e-01  2.20917731e-01 -1.61127832e+00  1.32325229e+00
  6.12288965e-01 -1.60516345e+00 -1.22499707e+00  4.61469177e-02
 -1.43013931e+00  5.85074193e-01 -9.31184810e-01 -8.25839223e-01
  1.74173668e-01  7.60517765e-02  1.63884298e+00 -3.36106426e-01
 -9.23286584e-01 -3.98886143e-01  4.69489460e-02 -1.52149690e+00
 -3.31350877e-01  4.43569650e-01  1.11492256e+00 -6.40532242e-01
 -9.40639587e-01  9.13041674e-02 -4.52644368e-01 -2.30671950e-01
  1.08236412e+00  1.90937198e-01  1.60636170e+00  1.73616474e+00
  7.28351372e-01 -5.92096215e-01  1.01054204e+00  1.28871768e+00
  3.77041721e-01  1.80513468e+00  7.60327535e-01 -3.70410702e-02
  1.08851174e+00  6.31413951e-01 -1.68578016e+00 -2.43402662e-01
 -2.59981369e+00 -1.33254094e+00 -1.00377912e+00 -7.43304814e-02
 -1.59356759e+00 -1.25173974e+00 -5.22567740e-01  6.31838565e-01
 -1.78614030e-01  7.44633717e-02  7.35704148e-01  2.51960459e-01
  1.06854266e+00 -5.55164485e-02  1.32738067e+00 -4.62228817e-01
  1.64116447e+00 -4.14843787e-01 -2.09251277e-01 -5.27168211e-01
  1.71292079e-01  3.83802010e-01 -2.62256298e-01  6.34521085e-02
  4.54018135e-01 -1.63682964e-02  9.67243533e-01 -7.11794959e-01
 -1.84757599e-01 -4.24950598e-01 -1.19593754e-03 -3.26128421e-01
 -1.19475117e-01  3.60633376e-01  1.99470385e-01  1.39187713e-01
 -2.27389780e-01  5.37387338e-02 -4.11534528e-01  9.57377222e-01
  3.42471572e-01 -7.05797180e-01 -6.78370461e-02 -1.31388324e+00
  3.17712412e-01  8.40488133e-01 -8.41873396e-02 -2.49847397e-02
  3.06234947e-01 -2.83326462e-01 -1.41199718e+00  6.54545168e-01
  7.13762091e-01 -6.80586458e-02  1.51204804e+00  8.53833483e-01
 -4.07108835e-01 -1.13460256e+00 -1.54868851e+00  1.01733393e+00
  8.75337174e-01 -3.59130374e-01  1.04995547e+00 -6.59869041e-01
 -6.57834369e-01  7.61188023e-01 -2.00334984e-01 -3.23444806e-01
 -2.34781518e-01  3.15068865e-02  4.69960502e-01  1.48615577e-02
 -2.71938687e-01  1.50243306e+00 -6.37546333e-01  1.44007116e+00
  1.12883039e-02 -1.21860400e+00 -9.46893535e-01  4.11219308e-01
 -1.26245058e+00  2.61021315e+00 -1.10168548e+00 -3.58824948e-01
  5.45923833e-01 -1.33292122e+00 -7.48398844e-01 -5.07468714e-01
  5.76117767e-02 -2.93467801e-01  2.08099568e-01  5.61442491e-01
 -7.67316371e-01  2.77046928e-01  1.59601563e-01 -4.58111815e-02
  7.47382099e-01  1.51993576e+00 -1.05789418e-01 -4.47968244e-01
 -3.29055838e-01 -5.34827586e-01  1.91545378e+00  1.15122523e+00
 -9.01798631e-01  3.56313464e-01 -7.13890690e-01 -6.38403337e-01
  3.40943776e-01  8.71727822e-01  1.96377167e+00 -5.59701765e-02
 -1.15461609e+00 -2.18552193e+00 -4.09084251e-02  1.21292750e+00
  1.62068651e+00 -1.46527542e+00 -7.16090704e-01 -9.42116680e-01
  5.91293274e-01 -4.17669060e-01  4.69287777e-01 -1.78605946e+00
 -1.82517240e+00 -7.11627435e-01  7.30986245e-01 -7.07524069e-01
  5.19523449e-01 -3.60485689e-01  1.16122386e+00 -3.54110161e-01
 -1.94594418e+00  4.73178611e-01  6.41276484e-01  2.69171759e-01
 -5.34326377e-01 -6.62253886e-01 -1.24010300e+00  3.59530539e-01
 -9.03328954e-01  8.20971830e-01 -2.16682603e+00  3.51349327e-01
  5.75482979e-01  1.11625852e+00  9.99538352e-01 -5.45981484e-02
 -1.22662526e+00  5.84330724e-01  9.13249408e-01 -4.00717831e-01
 -4.79531009e-01 -1.18466888e-01  2.37307529e+00  2.82974818e-01
  1.96366131e+00 -1.11565767e-01 -1.25100883e+00 -1.42963965e+00
  1.11739827e+00  5.98790171e-01  1.72790498e+00  3.58230335e-01
 -5.30742518e-01 -1.43501030e+00  1.17133414e+00 -7.18741687e-01
 -2.87159084e-01 -3.66874278e-01  1.24691275e+00  3.21590159e-01
 -7.21322963e-01 -9.35963901e-01 -1.60793484e+00 -1.23764753e+00
  1.69883120e+00  5.51598131e-01  5.06093558e-01  1.06406708e+00
 -1.31166082e+00  5.48153284e-02 -2.04316674e+00 -2.06063623e-01
  4.05957161e-01  8.08879583e-01  1.39176143e+00 -1.14222943e-01
 -5.73018981e-01 -9.48789674e-02  7.39191269e-01  2.07885041e-01
  1.06248032e+00 -1.20161852e+00  5.98668877e-01  1.17115576e-01
  7.53239665e-02 -4.56217166e-01 -3.72993869e-01 -4.08675248e-01
  5.42842446e-01 -2.12977595e+00 -7.35532086e-02 -1.56172268e+00
 -6.74759378e-01  1.04029305e+00  8.09665170e-01  1.75653112e+00
 -1.93973756e-02 -1.35551112e+00 -1.53529439e-01  8.88008336e-01
 -7.47889548e-01  4.61196157e-01  6.62219724e-01 -3.31414439e-01
 -8.04728064e-01 -1.28931894e-02 -1.52301902e+00 -1.34389312e+00
 -1.43462545e-01  1.03503001e+00  7.49479164e-01  3.80402478e-01
  1.37302694e+00 -1.82626665e+00  2.36135692e+00  4.32156879e-01
 -1.22149859e+00 -3.26664845e-01  7.56799338e-01 -9.08694256e-01
  9.47682795e-01  4.70526738e-01 -5.80652710e-02 -1.57467137e+00
  5.53628727e-01  2.92980065e-01  5.68037348e-01  9.06362531e-03
  9.68637775e-02 -8.08363430e-01  1.19015370e+00  8.45898033e-01
  4.52561681e-01  1.30636313e+00  1.33614986e+00 -2.01175689e-01
 -7.22818663e-01 -7.52870637e-01  1.04999395e+00  1.06611050e+00
 -1.30272234e+00  1.87697425e-01  4.14158240e-01 -4.25458590e-01
  6.60361698e-01 -1.80853290e+00  1.25959909e+00 -5.21373292e-01
  5.15622817e-01 -6.79354792e-01  4.97088187e-01  1.58447896e+00
 -5.37834472e-01 -1.07671246e-01 -1.59154083e-01  2.76732820e-01
 -1.55974393e+00 -1.80653890e-01  3.36414500e-01  5.58361570e-01
 -1.47548532e+00 -6.29446380e-01  1.76361519e-03  2.21213965e-01
  8.66381784e-01 -4.17563747e-02  7.40685261e-01  9.37428022e-01
 -1.54901320e-01 -9.20941404e-02  2.52111779e-01  6.03230339e-01
  1.84460751e+00 -1.21345920e+00 -7.33021101e-02 -2.30963833e-01
  5.28478380e-01  7.18703107e-01 -1.19082668e+00 -8.52619685e-01
  9.32686500e-01  7.95917084e-01  4.44015802e-01 -9.58525271e-01
  3.24009377e-02  1.23533066e-01 -1.18012319e+00  7.30309624e-02
  9.96646092e-02 -1.35990492e+00 -1.16332070e+00 -1.13896948e+00
  6.61071303e-01 -1.49502553e+00 -9.89819279e-01 -1.05876272e+00
 -2.67095281e-01  4.46544433e-01  3.70489548e-01  2.47270642e-03
 -6.64108039e-02 -2.05297462e+00  2.56342076e-01 -5.12632366e-01
 -1.22120445e+00  1.61995436e+00  7.76064981e-01  3.18115915e-01
  2.11263335e+00  1.35238526e+00 -8.78928211e-02 -5.41194719e-01
  1.21962413e+00  9.53228201e-01 -4.23628017e-01  2.14592970e-01
  7.18374763e-01 -5.80020227e-01  8.84626348e-01  8.91292736e-01
 -7.41229388e-01 -1.04805425e-01 -8.65554775e-01  5.86580373e-01
 -1.95165851e+00  4.02638928e-01 -4.05584996e-01 -1.44227165e+00
 -1.76548367e+00 -2.03388194e+00 -4.75558997e-01 -8.32942144e-01
 -1.16157944e-01 -2.03100549e-01  1.35320308e-01 -2.43284839e-01
 -4.11112877e-01  1.54867159e+00  1.56778447e+00 -5.94774186e-01
 -1.12472015e+00  2.04892975e-01 -9.89449422e-01  9.13999721e-01
  2.45297763e-01 -4.13465218e-01  7.80481342e-01 -1.05649844e+00
 -5.95363061e-01 -1.31092710e+00 -9.21613688e-01  2.21753207e+00
  6.57022868e-01 -8.70824598e-01  2.17155585e-01  1.67047367e+00
  1.85436713e+00 -7.76565277e-01  4.57677597e-01  5.23393169e-01
  6.94099975e-01 -4.35213168e-01 -8.72840337e-01 -6.97865706e-02
  8.16022637e-01  2.56935222e+00 -9.43297621e-01  5.94709983e-01
  3.43956162e-01  2.50720226e-01 -5.74470489e-01  1.38091634e+00
  7.83997310e-02  1.60858193e+00 -2.74767763e-01 -2.51708442e+00
  1.04075292e+00  1.17875226e-01  1.20476180e+00  9.34051062e-01
  1.37603364e-01 -2.30322362e-01  1.25152039e+00 -1.52070272e+00
  7.58710622e-01 -3.95876126e-01  4.25493234e-01 -6.92083565e-01
  1.16015603e+00  1.21429893e+00  9.49368417e-01  1.46903437e+00
  7.11507028e-01  3.05014061e-01  1.34905444e+00 -5.88543186e-01
 -6.02741629e-01  6.73501855e-02  1.90677212e+00 -2.38830275e-01
 -2.85762491e-01 -2.37877435e-01 -1.41603227e+00 -1.38561396e+00
  4.37472265e-01 -1.27383283e+00 -8.65325086e-01 -1.13323312e+00
  4.09219448e-01 -8.86215782e-01 -9.42448606e-01  1.36126395e+00
 -8.70261878e-01  3.28596891e-01  1.52283507e+00 -1.88151884e-01
  8.50089302e-01  4.67596455e-01  1.55070102e+00  4.60477861e-01
 -1.02282251e+00  2.99966407e-01 -1.96721202e+00  7.73265042e-01
 -2.96594466e-01 -9.60286526e-01 -1.66177165e+00  1.39897294e+00
  3.76347684e-02 -6.90695587e-01 -1.64355558e+00  4.45782592e-01
  2.98414185e-01  5.58371524e-02  1.21919329e-01  7.91441016e-01
 -1.12906253e+00  1.09744516e+00  1.69033642e+00  1.55542181e+00
  7.53866666e-01 -1.23546849e-01 -1.16315606e+00 -2.81227185e+00
  9.85238672e-01  4.17765354e-01  2.46422284e-01 -9.94299276e-01
 -5.64905602e-01 -5.54664000e-01  7.93617758e-02 -2.91810518e-02
 -7.44558993e-01 -4.22009422e-01 -8.13866008e-01 -1.56191631e+00
  8.88834543e-01 -1.02522802e+00 -3.47695730e-01  5.06612471e-02
  9.00980872e-01 -1.24711292e+00  7.44364868e-01  1.58546597e+00
  1.08561709e+00 -6.04886365e-01 -1.04846801e+00 -1.58802375e+00
  7.13190295e-01 -2.77950167e-01  7.76700526e-01 -7.34849218e-01
 -5.72679656e-01 -9.58396075e-01  4.87267505e-01 -2.10360428e+00
  4.29286788e-01 -6.33415569e-01  1.00942937e+00 -2.34269386e-01
  8.92691938e-01 -1.87109461e-01  1.34329711e+00  1.69519943e+00
 -2.04966472e-01 -2.69013603e+00  8.35266184e-01  4.27188604e-01