 0.3195769  -0.85993503 -0.11591302  0.64551389  1.15733248  0.9594373
  0.65704605 -0.26518348  0.3595656  -0.16364636 -0.36894261 -0.91260956
 -1.5016734  -1.5287842  -0.16883194  1.07387275  0.95778929 -1.72302889
  1.14656797  0.22272277  1.09405059  1.43015336 -0.17456559 -1.07233475
 -1.47836073 -0.53181308 -2.77124199  0.63947534 -0.58262492  0.90216601
  0.96929407 -1.44179235 -0.11673679  1.09903799  0.42953756  1.9848645
 -0.73605462  0.62089517  1.00422232  1.43879932  1.08181567  0.63364769
  0.08158226  0.60042175 -0.58801602 -0.12458995 -0.24702808  0.30490848
  1.67471192  1.3252875   0.65200115 -0.51635479 -0.14626939  0.98330808
 -0.33926479 -0.5171828  -0.26370985 -0.15264321  0.23674656  1.79763768
 -0.71014462 -0.67332502  0.84420927 -2.64203882 -1.16812555 -0.60867988
 -0.25857741 -0.17805581  1.17036347 -1.96587399  0.4181002   0.52525793
  0.28230885  0.60895719  0.59862429 -0.93772599 -0.72802014 -0.12755274
 -1.08084449  1.22775432 -0.44571435 -0.9149032  -1.01922355 -0.85282011
  0.24710675  0.58583137 -0.65478701  0.44769627 -1.72995124 -1.58204776
 -0.23109965 -0.09075052  0.6984461  -0.81331947  0.96226576  0.15959464
  1.48954587  0.2163941  -0.58550236  1.72535356 -0.82956821 -0.2612103
  0.14416134  0.51099968  1.62937449 -0.2486572  -0.43894803  0.23438876
  1.43506944 -0.17109252 -1.8076799   2.61397843 -0.79346404 -0.25611536
  0.04178219 -0.26196366  0.45672193  0.84253031  0.1403066   1.21790515
  0.22021647 -0.50910534 -0.31369548  0.66410417  0.44375762  0.36708092
 -0.39290426  0.10307561 -0.7849106   0.89206898 -0.12970212 -0.52035585
 -1.5239774   0.26075216 -0.23989895 -1.25149344  1.4069311  -0.29391377
 -0.28799293 -0.54564711  0.03019738  1.07674051 -0.4366924   0.86752003
 -0.50499267  1.03509601 -1.11743834 -0.63356432 -0.63854156  0.4695255
  0.04956724  0.31752904 -1.19406189 -1.06942294 -0.18660827 -0.71484314
 -0.61409532  0.97040615  1.34238515 -1.22966607  1.67308571 -1.62590133
 -1.08109338 -0.69622214 -0.01930014 -1.12223111  0.67896152  1.40877396
  0.77353429 -0.84524298  0.15379209  1.75555565 -0.57496285  0.97394327
  1.65197594 -0.82223601 -0.92720495  2.08720491  0.13141946  0.48377368
  0.36663798 -0.34002143  0.027317   -0.28086952 -1.43437666 -0.0283151
  1.76302802  1.63817957  0.68272204  0.8182882  -0.84164141  0.16681125
  0.37852491  1.88381728  0.13396878  0.38181883  1.96892131  0.70396467
 -0.86323307  1.04773561  0.6608032  -0.5305201   0.4510085  -0.25674061
  0.46562172  0.18492422 -1.1785813  -1.4273605  -1.11680869  0.42866667
  0.46925587 -0.61942268 -1.60915899  0.41619529  1.158335    0.85663061
 -0.07613253 -1.33756661  0.49883006 -0.1489359   1.01166939  1.97521039
  0.27611756 -1.71364935  0.09570037 -0.28659068 -0.61748363  0.67596967
 -2.1127864  -0.15672743 -1.13919847  0.51025155  2.40620902  0.19489257
 -1.74449993  1.86440348 -0.29843864  1.15088257 -1.2134777   0.69758131
  0.53019431 -0.67889148 -0.55683517  0.71113988 -0.23911122 -1.63175212
 -1.36108411 -0.86224713 -0.02717885 -0.94775933  0.06863576  1.03363175
  0.58768772  0.01754136 -0.52568463 -0.55900364 -0.76772432  0.19887002
 -0.44270426 -1.0649474  -0.04242613 -1.06065801 -1.33205114 -0.15829211
 -0.13666877  1.4071912   1.52308459 -1.09272752 -0.41553706 -1.54409904
 -2.21513729  0.31578147 -0.51538699  0.00902204 -0.04588175 -1.60678022
  0.17605664  1.26763271  1.70449336  0.99700997  0.43716404  0.28741726
 -0.19778921 -0.111008   -1.48916295 -0.18535769  0.15200191  0.44448704
 -0.72868267  1.6585955   0.75937943  1.5493941  -0.4566805   2.13307875
  1.22513542 -0.56662722 -0.04778221  0.30058099  0.93014301 -0.23660578
 -0.84676561  0.38476123 -0.67723282 -0.97176945 -0.42172791 -0.11089408
 -1.02394544 -1.40420843  1.51363252 -2.36912094 -0.93852794  2.00829175
  0.26621808  0.35806533 -0.32690753  0.54315067  0.78708808 -0.1821553
 -0.55351865  0.43106591  0.1952326   0.37084543 -0.64448408 -0.02985566
 -1.64571563 -0.11178514 -0.01735556  1.62116259  0.50097598 -1.44648096
  1.13646101  0.58234489  0.49419136  1.0746595   0.22511934 -1.88563587
  1.01778392  0.71985983  1.1605982  -1.52925859 -0.45730862  0.77207505
  1.15125689 -1.08225193  0.83324628 -0.75479214  0.75113312 -0.96393642
 -0.02051931 -1.06772171  0.12635129 -0.97864593  0.19242286  0.83938889
  0.11933183  0.30610888  2.16972669 -0.34827762  0.01890268 -0.0395328
  0.02165125 -1.40044884 -0.14968531 -1.8777204  -1.89318013 -0.50550805
  1.96942466  0.08656104 -0.32762412 -0.17426022  1.67182152  0.88635907
 -0.94925473  1.42972054 -0.19997267  0.68725426  1.25281564  1.34902191
  0.52380228 -0.28021004 -0.67523873 -0.17570855 -1.62045091 -1.37756137
 -0.93354325 -1.47159624  0.39228132  0.20099747 -1.89668268  1.22928427
 -1.67611233  0.12032345  1.01042362 -0.8728864  -0.43968156 -0.92295547
 -0.00707001  0.41235572  1.17352606 -1.74743882 -0.73877914  0.46904246
 -0.79676382  1.09364248 -0.34225582  0.02586818 -1.00934846 -2.501328
 -1.69413988  0.5476438  -0.81493225 -1.36299422  0.17196342 -0.86789963
  1.16593758 -0.01335797 -0.96573939 -0.27859203  0.298435   -0.44757628
  0.19651126 -1.57409711 -0.49912214  0.83651243 -0.73073047  2.21819804
  0.0439079  -1.38371689  0.17737577 -0.19733102 -0.00510186  2.29475248
  0.85962144 -0.22765902  0.26792486  1.54192924 -0.18146849 -1.44787597
 -0.39476697 -1.57923283 -0.0534174   0.38158506 -0.69965775  1.24034649
  1.57303232 -0.69814542  1.23943069 -1.16235805 -2.67065241 -1.96856022
  1.5706586  -0.70963099  1.34859752 -0.86585332  0.64243003 -0.18847605
  0.06696449 -1.10023698 -0.67929208  1.66829034 -0.70013143  0.17600233
 -0.99963479 -1.06646723  1.84441408  1.89868872  0.7595049  -0.77178086
  0.68776785  1.22487138 -2.01868197  1.2059236  -0.77270566 -0.92052112
  1.18263775 -2.0048509  -1.05970158  0.23777768 -1.21005986  0.73799346
 -0.88234862 -0.76312192  0.2879904  -1.50497392 -0.21207032  0.22920666
  1.15397927  0.22500571 -0.21815429 -0.0377929  -1.2618505   0.78084944
  0.34431664 -0.38688292  0.36502187 -0.9331046  -0.01026269 -1.01430917
  1.50060248  1.82874442  0.08516461  0.75883408 -0.58028835 -0.52013716
  0.05401065  0.62921353 -1.60100411 -0.26567468  0.78538812  0.09466276
  0.56083731 -0.02694208 -0.94058496  0.27865698  0.90633693  0.35848627
 -0.25113918 -0.79458084  0.4503849   0.37203614  0.36239773  1.30852664
 -0.14391663 -0.40681618  0.71296738 -1.30551507  1.05622859 -0.95442531
 -0.59931584  0.32320393 -1.23773356 -0.66442041  1.3760217   0.07057442
 -1.81836724 -0.85262128 -0.33675333 -0.31734205  0.0273549   0.0416573
  0.10408147 -0.4928927   0.83530554 -0.29411402  1.09015597  0.58004095
 -0.38147368  0.80067781 -0.75474207  0.52793916 -0.83046088  0.96480334
 -0.39464331  0.72581591  0.17456554 -0.08100233 -0.72753858  1.1605991
  0.10790673 -0.17439146  1.50533021  2.75138682  1.1473749  -0.33697441
 -1.49199638  0.23882173  0.39395571 -1.44354613  0.35830363  0.50363444
 -0.8199716   0.47140403  0.65649805  0.30557848  1.60410796 -0.88568644
  0.17473123  0.58686813 -1.46647081  0.13439288 -0.69725484  0.024053
 -1.27754278 -0.25031247 -0.83060384 -0.93919958 -0.38120186 -1.14412801
  0.16171307 -1.44186273  0.34841461  0.92179559  0.11954125 -1.06125169
 -2.85942934  0.6986646   1.01673266  1.17027241 -0.16670219 -0.94272919
  0.52433813  0.98670411 -0.0230596  -0.46193034  0.9479057  -1.88510729
 -0.3882203   1.2168946  -0.03142567 -0.9948944   1.28382857 -0.5284716
 -0.70592341 -2.0220194  -0.06703739 -0.31013722  1.2698646   0.10357539
  0.73267423  1.34694762  0.28019938 -0.33803573 -0.98823236  0.10699099
 -1.00165272 -0.98916899 -0.50889247  0.48185063 -1.02753278 -0.20019528
 -0.71095117 -0.05598413  0.08665925 -0.88831492  0.24955571  0.61663508
 -0.09507526 -1.46076397 -1.31970578 -1.07040318  0.97273332 -0.89379728
 -0.33521194  1.59489074 -1.69715399 -0.15523369  0.59318335 -0.04587876
  0.07678017 -2.8082959   0.63307996  0.88532173  0.1281191  -1.88311687
 -0.08767521  0.27282785  1.74177132 -0.63617592  1.13634222 -0.76925591
  0.52932127  1.47052584 -1.46945059 -0.04935902  1.66456408  1.89462544
  0.24397068  0.31435115 -0.06641712 -0.70248384  0.39179975  1.68808161
  0.01269641  0.11204374  1.41924976  0.19483247  0.06110263 -1.03941269
 -0.11239451  0.31558156 -0.22008518 -0.87161429  0.96322666 -1.93589009
 -1.44541134 -0.27595479 -0.54883932 -0.65479797 -0.64051897  0.36029529
 -0.59731972  0.0523327   0.10549923  0.95872463 -0.02929956 -0.07976075
 -0.5603046   0.2020034  -0.30163243  0.77904509 -0.65280707  0.58625203
 -0.43049027  0.02718699 -0.47731851  0.04634714  0.88190964 -0.9832715
  1.60802527  1.08856113  0.73737663  1.26523171  1.09643206  0.74952744
 -0.09225568 -3.20197277  1.63352853  0.61134619  1.10890101  0.53034248
  0.67079089 -0.59064431  0.99005244  0.4767412   2.55911581 -0.16565474
  0.99487118 -0.05915104 -1.29969837  1.3418271  -1.0992133   1.38969725
  1.75649072 -0.45546552  0.83479296  1.1777838  -1.6020899   0.88867585
 -0.04957798 -1.09525968 -0.38645542 -0.30463408 -1.29566018 -1.01195041
  1.21892461 -1.03195133  0.65507945  1.89761565 -0.37892374  0.47775609
  0.73927347  1.21377063 -0.25704185 -0.1605485  -0.24968952  2.2839143
 -0.22374465  1.6188462  -0.07696032 -0.49654896  0.45971537 -0.15209983
  0.71400543 -0.76791115 -1.50333327  0.64169499  0.10598373 -0.77058378
 -0.9351427   0.97444876 -2.60647841 -0.64156537  0.91703223 -0.16086398
  0.66974354 -0.03112714 -1.44432721 -1.21165725  1.09632193 -0.30518408
  1.30184082  0.34279122 -1.52068698  0.47342066 -0.46136714 -0.85922561
  0.80108534  2.74874626 -0.33208715  1.44354923  0.39246953 -0.6412268
 -0.53975654  1.13035389 -1.00925805 -1.92893055 -0.05608992  0.56177775
  0.77643486 -0.32816082  0.07982489  1.17431729  0.65591134  0.24840508
 -0.30637369  2.2481509   1.05770493 -0.22531192 -0.2843028   0.90509038
  1.24690345 -0.27755393 -0.44031915  0.38221639 -1.05550905  0.2777113
  0.33542276 -1.3644813   0.54858858  1.57452725 -0.57294573 -0.2829036
 -0.48674673 -0.22784189  2.9958248   1.27387583  0.3663857   0.38869433
 -0.23999904  2.70316404  0.01407423  1.28027534  0.31759061  0.41195691
  0.04544212  0.22603274  1.97591178  3.24896523 -0.22818433 -0.86499878
 -0.21129052 -1.00271278  0.7685355  -0.17617637  0.09605169  0.49687866
  0.08545986  1.5201588   0.81181708 -1.76909382  0.24604992 -0.53707799
 -1.18098769  1.23822991  0.31798483 -1.2011301   0.10550437 -0.25384471
 -1.6998709  -0.99106899 -1.79921435 -0.27211556 -0.3241086   0.47532556
 -0.25024442  0.03592798  1.49500954  0.48259509 -1.15045616  1.08892124
 -1.3153306  -0.87423677 -1.26360434  0.33597663  0.07697524  0.58923859
  0.68752608  0.13364767  1.52905023  0.9327708   0.30583381  1.47437927
  0.43788011  0.00730403 -0.39363726  0.21261849 -1.10409857 -0.44594829
 -1.11408669 -0.49323422 -0.30523789 -0.41666019 -0.75665703 -0.33654706
  1.13302188  0.0388063  -1.51173781  0.72747529  0.77704781  1.07337406
  0.19690403 -0.49829443  0.22554052 -0.77685534  0.64308687 -0.89409812
 -0.69245872  0.58430937  1.4164465  -1.56946911 -0.95022081 -0.0969971
  0.88887313 -0.00966292 -1.93759796  0.96625448 -0.19267976 -0.9197077
  0.46895764  1.3869442   1.03644144  2.15342749  0.05931934 -0.38222166
  0.2009991  -1.64355937  0.74622992  2.48529202 -0.40286467 -0.25079186
  2.1226569   1.09811479  0.40926919  0.08278116  0.12938261 -0.52785559
 -0.76582747 -0.08191564  1.11626962 -1.32631813  0.08050118  0.9474528
 -1.70036014 -0.94710732 -0.97852729 -0.04903252  0.35998464  0.13091408
 -1.91075     0.07354698  1.47935026  0.91494895 -1.11564034 -0.2002585
 -0.54725108  1.5350193  -1.27500302 -0.31431016  0.88593577  0.56894974
 -0.41638719  0.47064502  0.19528211 -0.00466602  0.58628298 -0.66395144
 -0.34903057  0.17228784 -1.42413362  0.37537622  0.3223108   0.5362813
 -1.02085553 -0.14050452 -0.821286   -0.95997955 -1.05171574  0.41521854
  1.20221867  0.34878111  0.24648795  0.21326265 -1.0328995  -0.60197649
  0.39409037  0.37313672 -0.85696027 -0.12970555 -1.38270249 -0.19497357
  0.65498034  0.52413518 -0.11638113  0.82211712 -0.72003175 -0.98140081
 -1.28100879 -0.24592865 -0.0484754  -2.17735972