 9.98801864e-01 -1.55328634e+00  9.79611357e-01  1.54594221e+00
 -1.04070136e+00 -9.60274915e-03  2.51266314e-01  1.46853602e+00
 -2.06467684e-01  1.01935837e+00  4.32901013e-01 -1.49183966e+00
  4.97151025e-02  4.59936005e-01 -2.20921627e+00  1.40424480e+00
  3.42087206e-01  1.52333427e+00 -4.64428961e-01  1.73423741e+00
  8.23569472e-01  8.78230848e-01  1.56541475e-01  9.04439182e-01
 -5.34358934e-01 -1.97921187e+00 -1.88391137e+00  4.93335427e-01
 -1.55727490e+00 -5.63008305e-01 -1.99912909e+00  6.37279208e-01
  3.15170980e-01 -5.65129119e-01  9.04150403e-01  4.16494855e-01
  1.09732816e+00 -3.24516556e-01 -7.39830230e-01  4.31515367e-01
 -2.26654682e-01  8.92459205e-02 -1.55411789e+00  1.39371314e+00
  3.17422153e-01 -9.52980696e-01 -4.50156224e-01  1.84489063e-01
 -1.68489388e-01  1.27962218e+00 -1.24072997e+00  1.25083721e+00
 -5.47805694e-01  9.44434234e-01  1.23975912e-02  1.12117821e+00
 -8.93195546e-02  5.35283142e-01 -2.26627135e-01  1.68986737e-01
  7.95655331e-01 -2.10909230e+00  7.57561524e-01  8.49509071e-01
  6.12427682e-01 -8.72704494e-01 -1.29925477e+00  4.13203789e-01
  1.00551908e+00 -7.39532018e-02 -1.17244924e+00  1.53161050e+00
  6.42265988e-01 -6.35383073e-01 -5.32713765e-01 -5.91839790e-01
  1.86620526e-01 -6.96872527e-01 -4.86628242e-01  2.02938544e-01
  1.34247602e+00  2.15660719e-01  5.30459245e-01  2.55951205e+00
  3.65721632e-01 -9.75687957e-01  6.18143317e-01 -1.67216781e-01
 -2.42159078e-01  7.35570918e-01  2.61092179e+00 -1.54774158e+00
 -1.03820296e+00  1.11498655e-01 -7.14625934e-01  5.86807285e-01
 -7.68101337e-02 -4.05195785e-01  3.37660642e-01  2.26159047e-01
 -1.85918917e+00 -4.47227804e-01 -7.16242638e-01  8.58088732e-02
  9.19185922e-01 -1.33951044e+00 -3.32959561e-01  1.01412702e+00
  1.05573969e+00  7.93359765e-01  3.53641129e-01  6.65877982e-01
 -1.10001759e+00 -1.39222860e+00 -1.69807459e+00  3.22583129e-02
 -6.07109448e-01 -7.28794040e-01  3.25586739e-02  1.04010925e+00
 -1.25404278e+00  1.44358187e+00 -9.09627851e-01 -4.38472820e-01
  5.51101850e-01 -3.44320967e-01  4.55530197e-01 -1.48837741e+00
  1.40150052e-01 -1.12210658e+00  2.10009092e-01  4.51182723e-01
  1.34010350e+00  1.40911118e+00 -5.86879052e-01  4.20156505e-01
 -1.45136941e+00 -6.07258944e-01 -3.99135308e-02  1.02031863e+00
  1.90831390e+00  5.13459781e-01 -1.50723270e+00  1.17396847e+00
  1.95038399e-01  1.04485648e+00 -2.21085316e-01  1.13510595e+00
  1.37212590e+00  1.68016086e+00 -6.37280353e-01  8.21197160e-01
 -3.31087250e-01  5.85090504e-01 -3.98467423e-02 -5.21258229e-01
 -8.95210297e-01  5.88592454e-02 -5.93218478e-01  6.25702523e-01
 -1.73892017e+00  5.46615551e-01  8.08811985e-02  1.85822772e-01
 -4.17951492e-01 -2.52950342e-02 -2.51394607e-01  1.15778587e+00
  1.10037199e+00  3.85547495e-01  7.12626046e-01  2.04290715e+00
  5.85567044e-01 -5.54715679e-02 -1.31507317e-01 -7.12626159e-02
  6.61513861e-01 -1.02156729e+00  4.23260786e-01  1.42464685e+00
  1.35907217e+00  1.65254903e+00 -8.30465772e-01  1.55466189e+00
  8.55318416e-01 -1.68900426e-01  1.02295859e+00 -4.70273325e-01
 -3.18084514e-01  1.77907127e+00  4.27736869e-01  1.64185278e-01
 -5.26784593e-01 -5.92880349e-01  1.56340442e+00  1.05003211e+00
  7.45796618e-01  7.84794203e-01 -1.14699397e+00  3.81344729e-01
 -1.64634524e+00  1.02964371e+00 -7.14800641e-02 -7.89426656e-01
 -5.03761140e-01  3.95226356e-02  5.54292657e-01 -9.43600914e-01
  1.35782960e-01  9.33771852e-01  4.24712651e-01 -6.66842723e-01
 -1.54060114e+00 -4.75014543e-01 -1.78048249e+00  2.35100855e+00
 -6.24252247e-01  2.25099256e+00  7.35785687e-01  4.57947619e-01
 -1.69506051e+00  6.43613578e-01 -1.74418235e-01  8.69443446e-01
  1.73289798e-01 -1.05635391e+00  4.35947372e-01 -1.25847259e+00
  1.05291777e+00  2.36122757e-01  9.29733390e-01 -1.13168778e+00
  1.46063064e+00  1.63206809e+00  1.42002373e-01  3.60605475e-01
 -4.39705825e-01 -2.66966804e-01 -3.53820907e-01 -1.27145464e-01
 -1.70522771e+00 -6.81555833e-01 -1.29392757e+00  1.61298723e+00
  5.29003261e-02  8.60719745e-01  2.65921477e+00  1.06663774e+00
 -1.73002305e+00 -1.61487342e+00 -1.38171838e+00 -1.50738073e-01
  2.01312876e-01 -3.18045719e+00 -1.44743074e+00  6.81869241e-01
 -2.10302713e+00  1.87210958e-01 -5.68386505e-01  1.99032123e+00
 -1.51049714e-01  7.01411653e-01  6.99086735e-01 -4.80798955e-01
 -6.53579778e-01  1.21842106e-01 -1.35834615e-01  1.24022071e+00
  1.06685516e+00 -3.36863399e-01 -7.56570193e-01 -1.51739629e+00
 -6.97735435e-02 -9.27907237e-02  4.24823106e-01  1.22463703e+00
 -1.58723198e+00  6.90805606e-01  8.14656016e-01 -1.14210790e-01
 -1.99146697e+00 -3.77544138e-01 -4.98463006e-01  4.13056992e-01
  4.03496403e-01 -2.81292834e-01  1.03236916e+00 -8.46026852e-01
 -7.53740124e-01 -7.34587048e-01  2.01697148e+00  3.86014386e-01
  1.34718390e-01 -8.63127121e-01  6.92087992e-02  5.63702592e-01
 -1.20481611e+00 -6.92430526e-01 -4.90849785e-01  1.44890215e+00
 -1.81199329e+00 -4.32906860e-01 -3.06845564e-01  4.64452532e-01
 -4.02481940e-01 -1.41570904e+00 -3.79877558e-01 -7.21765580e-01
  5.09761625e-01 -5.89740966e-03 -1.88386338e-01 -4.37029863e-02
 -5.77439747e-01  2.45017729e-01 -7.60271428e-01  2.19806633e+00
 -2.71328824e-01 -1.72915202e+00  1.33995419e-01  1.80699861e+00
  3.67351577e-01  9.17837440e-01  1.72019800e-01  2.26036720e+00
 -2.36917300e+00  5.19249576e-01  3.50937338e-01  1.60096734e-01
  8.44019597e-01  2.28677467e-01  9.59172433e-01  2.92675609e-01
  6.10470198e-01  1.97547664e+00  1.02461913e+00  5.03670703e-01
 -5.20508905e-01  1.19714137e-01  2.58275159e-01  8.53675351e-01
  1.02542153e+00  3.23094820e-01 -1.59623841e+00 -8.51734863e-01
  2.11308830e-01 -1.01251273e-01 -4.76981947e-01  7.05621964e-01
 -3.92182522e-02 -1.41897036e+00 -8.07324828e-01  2.55139154e-02
 -6.67791010e-01 -4.10897563e-01 -9.40233070e-02  4.87193410e-01
  4.11446424e-01  2.08689677e+00  1.12510338e+00 -1.31822038e+00
  9.36648953e-01 -5.64538649e-01 -1.64380795e+00  5.61984146e-02
  1.04341472e+00  4.74834376e-01 -7.83741429e-01 -5.96099903e-01
  5.53288864e-03 -3.63109653e-01  1.04095149e+00 -6.29280057e-01
 -2.04205910e-01 -7.11901973e-01 -6.49837297e-02 -8.02982998e-01
  1.64035414e+00 -5.98502989e-02  5.65597940e-01  1.02136781e+00
 -1.36629814e+00 -1.40586291e+00  1.00778720e-01  6.39190376e-01
  3.76348729e-01  1.48552962e+00 -1.10575527e-01  3.49640262e-01
  2.08765336e-01  3.48472706e-01 -1.61279535e-01 -1.51325571e+00
  9.98290375e-01 -2.48089724e-01  9.34883763e-01  5.43433985e-01
  1.84598571e+00 -8.81313316e-01 -1.85899099e-02  1.64782640e-01
  7.73878290e-04  1.12109989e+00 -1.22822832e+00 -8.47843495e-01
  2.07095789e+00 -2.40052188e-01 -1.92283540e-01 -1.10126295e+00
  8.51154355e-01  6.27083423e-01  1.37028494e+00  1.92856163e+00
  5.41180071e-02 -5.47785176e-01  7.47097471e-01  5.06605290e-01
  6.73887927e-01  6.68124782e-01 -8.76797178e-01  6.01736392e-01
 -1.74195927e+00  2.08102553e+00  1.51717180e-01 -1.24782573e-02
  2.38917194e-01  6.60158293e-01  3.63752564e-01 -8.17215837e-01
 -3.59169956e-01 -3.52915640e-03  1.01123414e+00  1.32524262e+00
  6.00702263e-01  1.32956538e+00 -2.39286676e-01 -2.88456603e-01
 -3.92963821e-02  6.07843783e-01  2.56784190e-01  1.55765068e+00
  7.70862310e-01  5.75680974e-01 -1.72045351e+00 -8.48147657e-02
 -1.22283189e+00  1.33749388e+00 -8.91875485e-02 -8.18781623e-01
 -5.79095682e-01  6.19184518e-01 -2.45161680e-01 -4.31550604e-01
 -1.09092341e-01  2.22808802e+00  1.13655966e+00  1.65867525e-01
  2.00049696e-01 -2.99023968e-03  7.57133379e-01  4.88786163e-01
  2.02621075e+00  1.39556071e+00 -1.95006714e-01 -7.32125162e-01
 -1.03025680e+00 -4.38274592e-01  7.14106617e-01  7.07627004e-01
  1.96524562e-01  1.89620948e+00  1.44220616e+00  2.66818267e-01
  2.61616992e-01 -2.88864024e-01  1.44603849e+00  2.71883346e-01
  3.42037661e-01  7.22403391e-01 -8.20368186e-02  1.71139665e-01
  9.56533067e-01 -5.02240748e-01  1.56941928e+00  1.08633401e+00
 -3.76249742e-01 -2.25538118e+00 -1.63905570e-01 -1.27682679e+00
  8.33411483e-01  1.12811105e+00 -1.77463476e-01  4.89741643e-01
  1.67346186e-01  2.72016473e-01  1.66042616e-01 -9.09120544e-01
 -5.89170092e-01 -1.17971362e-01 -1.38007710e+00 -8.37150309e-01
 -1.18939848e+00  1.45870375e-01  8.53837553e-01  2.53177229e-01
  1.64981813e-01 -5.41891130e-01  4.30712162e-01  2.42922564e-01
  3.52255972e-01 -2.12292833e-01 -1.39101433e+00  7.08171837e-01
  5.74314934e-01  6.67792032e-01 -2.48760958e+00 -1.99736966e-01
 -1.17262995e+00 -1.50401339e+00 -1.14555717e+00  2.59897858e-01
  2.26173920e-01 -8.65486502e-01 -2.06723356e+00 -3.07166870e-01
 -1.66241579e+00  6.82074459e-01  1.53686489e-02 -7.67358320e-01
 -1.21925916e+00  1.90846366e-02  3.56597296e-01  3.30132907e-01
  1.10717328e+00 -5.10822633e-01  4.48002862e-01 -2.84339039e-01
 -5.56290016e-01 -5.12649410e-01  1.07967285e+00  4.76656865e-01
 -1.20556122e+00  6.35481926e-01  4.21399467e-01  3.44481142e-02
  7.64450555e-01  6.10393700e-01  7.83239884e-02  9.28532455e-01
  3.77172044e-01  3.18311354e-01 -5.01999939e-01 -4.51050245e-01
 -4.16654209e-01 -1.42191436e-01  1.02032889e+00  4.97254361e-01
 -4.96574713e-01 -1.45870931e+00  7.39653846e-02 -1.31479401e+00
 -9.11090609e-02 -3.45654903e-01  1.38213177e+00  7.34440684e-01
 -1.60086511e+00 -2.43260537e-01  3.60467062e-01 -6.44054696e-01
 -1.46806089e+00  1.06785004e+00  4.03172885e-01 -1.18733145e+00
 -8.11800986e-01  1.78389957e+00 -2.42303759e-01  4.66110405e-01
 -5.89034109e-01  8.79018541e-01  2.72893074e-01  1.76171752e+00
  1.02340509e-01  2.77695661e-01 -1.68862619e-01  1.31351168e+00
  1.19154237e+00 -1.19282809e+00  8.89405114e-01  3.73584436e-01
 -1.16408402e-01  1.79750972e-01 -5.21943236e-01  4.43966822e-01
 -1.23888247e+00 -7.48791567e-01 -2.84395614e-01 -1.00585323e+00
  5.53409897e-01 -1.37586584e+00  7.71664921e-01 -2.05068291e-02
  2.07652666e+00 -3.19491681e-01  2.13988126e-01  1.39124183e+00
  5.01298021e-01 -4.29883433e-01 -1.11875260e+00 -2.75017160e-01
  6.09916581e-01 -1.14073197e-01  4.74065788e-01 -5.67211345e-02
  6.40023419e-02  1.60103260e-01 -1.37094985e+00 -2.67370349e-01
  3.83666989e-01  7.25224762e-01 -1.47235146e+00 -8.21888713e-01
  5.31973379e-01 -7.70380511e-01  1.05910322e-01 -2.66664590e-01
  9.23421859e-01 -8.40483007e-01  8.06760316e-01  5.69122427e-01
  6.95277533e-01 -2.39555304e-02  6.08099604e-01 -5.96578748e-01
  1.14612314e+00 -1.27437214e+00 -2.59697674e-01 -1.52218656e+00
 -8.42095198e-01 -5.98325593e-01 -2.40272825e+00  7.03962615e-01
 -4.34977118e-01 -5.52057509e-02 -5.84897420e-01  1.09408950e+00
 -4.70071030e-01 -8.04292709e-01  2.40531356e+00 -1.58162812e-01
 -1.05027306e-02 -8.72149054e-01 -9.43073525e-02  1.49704964e+00
 -6.00055554e-01 -2.79489525e-01  2.28262488e+00 -8.43324036e-02
 -1.40813262e+00  1.55041295e+00 -9.41445509e-01  2.25450081e-01
 -5.68559679e-01  1.19554324e-01  7.98291175e-01 -1.55180950e+00
  2.40835614e-01  3.86233276e-02  9.55126625e-02 -1.21880818e-01
 -8.05531729e-01  6.45672975e-01  1.01799586e+00  2.40063393e+00
  8.59191562e-02 -7.93539634e-01 -3.09723991e-01 -6.91237080e-01
  5.11553783e-01  3.48700157e-01 -1.30708872e+00 -3.39079854e-02
 -2.08550562e-01 -1.17235197e+00  5.95152703e-01 -1.66249484e+00
  9.32604559e-01  3.10818919e-01  1.16052574e+00 -8.17538138e-01
  1.41814299e+00  8.44186669e-01  8.96433837e-01  3.36964874e-02
 -1.91058421e+00 -4.89715866e-01  4.08043210e-01  2.71705356e+00
 -9.41396929e-01  5.53422821e-01 -7.45621202e-01 -5.04905927e-01
  1.08346566e+00  1.87067088e+00 -7.71748536e-01  2.11698028e-01
  3.48813574e-02 -6.19618606e-01  1.60824730e+00  3.06572129e-02
 -9.23594747e-01 -2.51818273e-01  4.07599426e-01  6.76714053e-01
  5.04837576e-01 -1.45846984e+00 -4.37118165e-01 -2.10888949e+00
 -6.61812546e-01 -7.19693624e-01  8.80098933e-01  5.69649789e-01
 -8.01005127e-01 -6.40235448e-02 -8.61019344e-02 -2.07280774e-01
  2.40061629e-01 -9.27262443e-01 -8.28957923e-01 -1.28709677e+00
 -2.07769015e-01  1.07505890e+00 -6.33104102e-01 -3.40012130e-01
 -8.27456287e-01 -8.21588929e-01  1.21404449e+00 -6.79041215e-01
  4.61513228e-01  1.10904097e-01  1.56473944e+00  6.16892926e-03
 -8.56428647e-02 -4.26695813e-01 -6.67457817e-01 -3.14434935e-01
 -6.72524827e-01 -1.49883175e-01  2.05945769e+00  6.34953690e-01
  1.22060773e+00 -4.02510072e-01  9.52355274e-01 -1.59490740e+00
 -4.83338594e-01 -3.48427008e+00  1.34126543e-01  1.01152231e+00
 -1.56960118e+00  1.36073796e+00 -1.31706975e-04 -6.39617644e-01
  1.11485097e+00  9.76957101e-01 -1.69318246e+00  1.32593036e+00
  9.65649004e-01  2.14014855e-01  1.28223593e+00 -6.73120451e-02
  1.02674310e+00 -8.40932270e-01  5.86755516e-01 -7.59786771e-01
  6.55647212e-01  2.24714748e+00  8.77770551e-01 -8.79315897e-02
 -6.94814147e-01  1.39408585e+00  1.84286390e+00  2.23600853e-01
  5.85020568e-01  8.18143765e-01  7.59368160e-01  5.80275676e-01
  5.79532298e-01 -5.93141595e-01  7.02685299e-01  1.09583235e+00
  2.17492585e+00  8.55013492e-02  3.40034504e-02 -6.85690212e-02
  1.50226288e-01 -9.56476832e-01  6.15805549e-01 -4.02065512e-02
  9.10026738e-02  9.95946992e-01 -3.47061456e-01 -4.11437471e-01
  4.20428149e-02  8.75334418e-01 -8.47616444e-01 -1.27979889e-01
 -1.90444774e+00 -1.26720983e+00 -7.01311979e-01  8.81494770e-01
  7.31608323e-01 -1.07945841e+00 -6.47451822e-01 -1.72820914e+00
  6.44894708e-01  2.61515456e-01 -5.29097642e-01  1.08120573e+00
  1.24261710e-01 -2.06235767e+00 -1.02550397e+00  1.76773302e+00
  4.19486408e-02  8.27654597e-01  3.45577548e-01 -1.26603187e+00
 -8.69722774e-02 -9.00147491e-01  1.76663903e-01  1.61684114e+00
  6.25503329e-01 -2.09328489e+00  1.17699155e+00 -2.43466866e-01
 -3.53351903e-01 -1.84938427e+00  6.59913445e-02  6.66116156e-01
  3.90452367e-01 -4.78953165e-01 -2.52008204e-01 -5.22432380e-01
 -8.60873810e-01 -1.83749175e+00 -6.54386267e-01  1.38170519e+00
  9.54561538e-02  8.86146115e-02  3.18776614e-01  5.87302262e-02
  2.23371628e+00  2.13147769e+00  5.77094617e-01  7.97947029e-01
  3.48344736e-01  2.40416825e-01 -4.25176812e-01  1.21140431e+00
 -2.64279560e-01  6.76524976e-01  8.12871295e-01 -3.51471525e-01
  4.10665071e-01  1.74752460e+00 -6.77886527e-01 -5.09672467e-01
 -5.45918021e-01 -4.36130746e-01 -1.52056560e+00  1.63122130e+00
  6.93931232e-01  2.74667369e+00  1.02364863e+00  8.37293456e-01
 -5.78329377e-01 -1.93274852e+00 -7.17304004e-01  1.86657029e-01
 -2.81813883e-01 -8.84491738e-01 -4.80894036e-01  4.37646848e-01
  1.16930587e+00 -5.90606521e-01 -4.54034032e-01 -1.69977115e+00
  9.85691425e-01  4.81526362e-02 -6.31328116e-01  1.47572132e-01
  2.96760969e-01 -2.92817793e-01  3.46448726e+00 -2.16246659e+00
 -5.27342512e-01 -1.41110663e+00  1.51941677e-01 -2.75796202e-01
 -1.09546276e+00  1.93960552e-01 -1.47945965e-01  4.64480813e-01
  7.15542768e-01 -1.88720732e+00 -1.75749541e+00 -5.76232223e-01
  3.33924854e-01 -8.88498088e-02  1.13983559e+00 -4.17474852e-01
  6.71668884e-01 -4.32972200e-01 -1.04277733e-01  6.65114702e-01
  7.21591287e-01 -1.17335567e+00  4.12756572e-01  1.51981992e+00
 -8.52858738e-01  9.72779189e-01 -8.30356807e-02  1.52072992e+00
 -6.08985431e-01 -7.75944511e-01  8.21699925e-02 -6.60675695e-01
  1.26174714e+00  1.12436719e+00 -1.89099018e+00 -7.28694855e-01
 -1.19922797e+00  1.15946459e+00 -6.37224090e-01 -2.15084461e-01
 -2.60935226e-01 -1.59490391e+00  2.38461148e+00 -9.84545136e-01
 -2.10031748e+00 -1.77760581e+00 -1.43521451e+00 -1.08651111e+00
 -2.87695823e-01 -6.94463542e-01 -1.38474211e+00 -1.06034621e+00
 -9.52221539e-01 -1.01052985e+00  1.24780718e+00 -6.81177779e-01
  1.18488619e+00 -1.20434375e+00 -6.15095530e-04 -7.63948365e-01
  5.10204688e-01  7.45988168e-01 -1.12571194e+00 -3.19894878e-01
 -1.78280374e-01  1.38229781e+00  2.84860340e+00 -1.00414737e+00
 -6.98985381e-01  1.50069946e+00  1.39763822e+00  1.10645055e+00
 -6.51019658e-01 -1.70026045e+00  9.86780235e-01  3.36639575e-01
 -2.07052191e+00  9.29752062e-02 -2.02176723e+00  2.95576219e+00
 -2.28862087e-01  1.04843128e+00  5.96458446e-01 -2.57929762e-02
 -1.30081921e+00  9.79160190e-01 -1.05398072e+00  3.73304554e-01
 -2.60988325e-01  4.22955088e-01  1.59976220e-01  2.86734882e-01
  1.42469599e+00 -6.97452063e-01 -1.12333941e+00  9.69994578e-02
  7.80414790e-02 -8.41085627e-02 -9.21252464e-01  5.13707322e-01
 -6.39777641e-01 -1.39389018e+00 -3.66225423e-01 -1.67755266e+00
  8.95433008e-01 -2.01089754e-02 -8.80822579e-01 -1.26272043e+00