 2.96315587e-01  5.48888640e-01  5.21709455e-01 -4.30891352e-01
 -5.54296533e-01 -7.00626039e-01  8.44168316e-01 -1.42925951e+00
 -6.79276426e-01 -8.79691860e-01 -6.33937422e-01 -7.84968999e-02
  1.31325152e+00  6.32943715e-01  5.50065397e-03 -7.26970075e-01
 -1.66499285e+00  5.59541721e-01  1.13663613e+00  7.16115807e-02
  1.40665716e+00  9.81577616e-01  9.03300775e-01  3.85919277e-01
 -8.87178196e-01 -4.61973008e-01  1.75121940e-01  1.94377300e-01
 -1.71995776e+00  4.39389355e-01  1.12995515e+00 -9.95072272e-02
  4.22623248e-01 -1.57745332e+00  2.00901391e+00 -2.00467793e+00
 -1.73055364e+00  1.20708875e+00  1.04273905e+00 -1.50259664e-01
 -8.26674206e-02 -7.17916266e-01  1.37458207e+00 -9.54856738e-02
 -2.10667607e+00  1.82135835e-01 -5.05977674e-01  2.24319868e-02
 -8.97290381e-01 -7.10606469e-01  3.29098556e-01  1.68268630e-01
  2.70706677e-01 -2.65714523e-01  1.19530791e+00 -2.88623723e+00
 -8.47561805e-01  5.40662501e-01 -3.67257809e-01 -6.59837815e-01
  8.63850930e-01 -9.90115878e-01 -4.33725372e-02 -1.05994022e+00
 -4.48429190e-01  1.78394985e-01 -1.34622287e+00 -1.66636402e+00
 -3.54358479e-01 -1.58042643e+00 -2.91978403e-01 -1.28690993e+00
  1.00386361e+00 -1.14561133e+00 -8.92940443e-01 -9.19764468e-01
  9.11080371e-01 -2.59175992e+00 -4.89588693e-01  8.83403446e-02
  1.83687771e+00  7.53832896e-01 -9.33224412e-02  1.52837640e+00
 -3.45561929e-01 -2.30130946e-03  9.18682073e-01  2.39957883e-01
  5.55653642e-01 -8.12490176e-01 -5.19945142e-01 -5.38377348e-01
  1.06985732e+00  4.25539299e-01 -8.11162075e-02  1.02565251e-01
 -9.19237183e-01  8.66915999e-01  1.33543324e+00 -3.05173976e-01
 -1.71108747e+00 -8.92253494e-02 -9.82435539e-01  8.70458536e-01
  6.76135298e-02  1.92415109e+00  1.42769585e+00 -9.09841230e-01
 -1.95160958e+00  9.85487402e-01  1.28329081e+00 -3.64330490e-01
 -1.70865724e+00 -2.01273158e+00 -1.24739311e+00  4.13458962e-01
  2.18194042e-01  9.18438022e-01 -1.76027188e+00  4.81808604e-01
 -4.27169172e-01  5.84708013e-01 -5.02445709e-01  8.89967040e-02
  6.72297596e-01 -2.75279141e+00  2.56393280e+00 -9.57774710e-01
  2.56147191e-01 -4.21019640e-01  1.12628948e+00 -1.26988116e+00
  6.20744126e-01 -3.15490630e-01  1.22084461e+00 -5.79233291e-01
 -2.11820203e-01 -3.88678471e-01  8.96243667e-01  7.38012223e-01
 -5.36758208e-01 -1.52060809e+00  6.60341689e-01 -5.51025121e-01
  3.33813331e-01  4.62204019e-01 -6.60718338e-01  1.36199964e+00
  3.24334393e-01  6.80920468e-01 -7.25814747e-02  9.52876845e-02
 -2.56982024e-01  4.09353713e-01 -1.89715357e-01  1.57690570e+00
  3.65471288e-01 -5.70319900e-01  9.92541938e-01  7.37433318e-01
  1.83772761e+00 -4.31607162e-01 -3.81259767e-01 -9.73685680e-02
  5.00020404e-01  9.64471811e-02  6.19173816e-01  9.77004401e-01
 -2.11817912e+00 -1.15403783e-01 -1.93271517e+00 -1.36750053e-01
 -2.60890006e-01 -2.29143874e-01  4.44223070e-01 -3.02878963e-01
 -4.70566510e-01  2.25092025e-01  1.61097274e+00  4.87784423e-01
 -1.64593859e-01 -1.01675069e+00 -7.52369694e-01  1.16400168e+00
  5.82443212e-01 -6.44148440e-01 -1.54858340e+00 -1.17417332e+00
  1.49109016e+00  2.86465123e-01  2.13759145e-02 -6.37351703e-02
 -3.10341772e-02 -4.15683189e-01  1.13626665e+00  1.84779708e-01
  7.45765053e-02  5.47704681e-01  4.18149511e-01  1.94954882e-01
  5.39124507e-01  6.33502912e-01 -1.26876912e+00 -3.94189974e-01
  3.27600815e-01 -1.24556893e+00  2.45592894e+00  1.17405875e+00
 -5.16368785e-01 -9.31379596e-01  7.66799321e-01  1.36227038e-01
 -1.18154742e+00  1.52211301e+00  8.72753056e-02  1.14795008e+00
  7.01330751e-01  1.88644756e+00  1.88783184e+00 -1.25834088e+00
  1.47259679e+00  1.70241334e+00  3.13826247e-01 -3.93535088e-01
 -5.69737719e-01  3.25629485e-01 -7.01572543e-02  4.15190024e-01
  4.54745811e-01  4.81870830e-01  3.68683135e-01  1.49575715e+00
  8.47165322e-01 -6.09083764e-01 -9.94362561e-01  1.56195013e-01
  1.20052949e+00 -5.89907827e-01  3.65207062e-02  8.30053882e-01
 -4.95016097e-01 -4.01429095e-01 -1.24539145e-01 -4.20914731e-01
 -1.05577065e+00  1.20630391e+00  8.47224976e-01 -1.19531502e-01
 -8.65420109e-01  8.08948715e-02 -9.15582111e-01 -3.53498098e-01
  4.85206720e-01  1.65727022e+00  6.06854211e-01 -3.07496847e-01
 -1.23951488e+00 -2.13647626e-01  2.64434239e-01  8.19971422e-01
 -6.27991162e-01  1.71485588e+00  5.94212372e-01  1.20788867e-01
 -8.26074613e-01 -4.57209915e-01  2.39746385e-01 -1.26495031e+00
 -9.26772698e-01 -1.84013504e+00  4.90863573e-01  1.11058815e+00
  1.49440701e+00 -2.13843061e+00 -5.57659723e-01 -7.61300908e-01
 -2.69822169e+00 -1.09332487e+00  1.20105219e-01  8.44944271e-02
  3.64688763e-01  8.23798608e-02  7.03164115e-01 -6.30944900e-01
  6.45834519e-01  2.39374481e-03  1.25801379e+00  1.46412202e+00
 -8.94904107e-01 -1.02463170e+00  7.45558012e-01  9.67556353e-01
  1.15555945e+00  8.05590207e-02  1.96979430e-01  5.25889558e-02
  9.94584798e-01  1.59089808e+00  1.83706195e+00 -3.65583583e-01
  5.16116247e-01 -2.04244065e-01  7.79378429e-01 -1.73942895e+00
  1.77561844e-02 -1.37279260e+00  4.28388161e-01  2.84073086e-01
 -5.93139606e-01  4.59157691e-01 -6.37648926e-01  1.31881778e+00
 -1.18783137e+00  6.39591103e-01  1.59909287e+00  8.67397157e-02
 -8.22213593e-01 -4.20506428e-02 -1.06902084e+00 -3.70992047e-01
 -1.64537577e-01 -1.80059542e+00  1.08187170e+00  1.39301041e+00
  1.11642852e+00 -2.35471415e-01 -1.31734415e+00  1.33356300e+00
  7.54217777e-01  1.47773093e-02  8.08025333e-01 -1.56034926e+00
 -1.03996160e+00 -8.30764497e-01 -1.83807120e+00 -4.66074393e-01
 -4.30273004e-01  8.28133637e-01  3.13550347e-01 -3.56652361e-01
 -1.54232860e+00 -6.27991879e-01 -1.31191414e+00  4.41871200e-01
  5.56583633e-01  2.09203268e+00  1.17800417e+00 -3.60147196e-02
 -1.43148008e+00 -9.06265102e-01  8.72160069e-01 -6.01042009e-02
 -3.09670132e-01  1.64065556e+00  2.11328699e+00 -4.09917484e-01
  4.51413641e-02  5.57518949e-01 -1.25528766e+00 -4.42129499e-01
  6.03833546e-01  2.14706909e+00 -4.04593749e-01  8.36858982e-02
 -8.59027418e-01  3.85364620e-01  2.56587621e-02  1.29995611e+00
 -6.05429441e-01  4.54631763e-01  1.29591586e+00 -2.29316126e+00
  3.66698900e-01 -2.85482046e-01 -1.23886593e+00  9.55125948e-01
 -3.92883811e-01  1.29979831e+00 -6.52734286e-01 -1.52735453e+00
  1.36276785e+00 -1.38211976e+00 -2.17341490e+00  2.27164775e-01
  1.16034401e-02  3.71430132e-01 -5.45030786e-01 -4.07746715e-01
  2.89955745e-01 -3.93572601e-01 -8.06311058e-01 -5.95737654e-01
 -5.06832812e-02 -4.43916794e-01 -2.42566431e+00 -2.32582362e-01
  6.13888022e-01  6.97913974e-01  2.45827113e-01  5.70200108e-01
 -2.02445629e-01 -1.09770697e+00  6.45694171e-01  1.28974620e+00
  4.11427499e-02  1.09873005e-02  9.40146272e-01  1.72998013e+00
  9.65344745e-01  2.02251800e-01 -1.09272338e-01 -3.47943666e+00
  1.06347289e-01  9.09560986e-01  6.06666723e-02  8.17107706e-01
 -2.41428114e+00 -1.11132066e+00 -1.32941657e+00 -2.41920944e-01
  1.63403333e+00  3.14592224e-01  5.28941634e-02 -6.18786408e-01
  2.54532869e-01 -1.19962112e+00  2.35644204e-01 -1.24590581e+00
  4.42080636e-01  1.43986876e+00  5.27785051e-01  4.41784376e-01
  1.91922921e+00 -9.77544416e-02 -1.03556792e+00  2.19972070e+00
  1.48359730e-01  5.44793899e-01  2.13053061e-01  5.47911103e-01
 -2.14351515e+00 -2.73088264e-01 -6.20705147e-01 -6.31243676e-02
  1.71800665e+00  1.24699169e-01  1.14123788e+00  1.31419011e+00
  1.96767670e+00 -1.28215489e+00 -1.11002502e+00  1.29250743e+00
 -4.19532788e-01  2.50151755e-01  1.10532198e-01  4.36341208e-01
  7.00103087e-01 -7.68554557e-01 -3.71248856e-01  1.07280991e+00
  1.77103834e+00 -1.97873960e+00 -3.72223369e-01 -1.37177087e+00
  3.03526456e-01 -2.16952661e+00 -3.32330764e-01 -4.92502710e-01
  5.86302373e-01  1.44451429e+00  3.44187613e-01 -1.92366581e-01
  2.50282310e-01  4.64412237e-01 -8.67966260e-01 -1.02158358e+00
  6.47388404e-01 -3.07768569e-01 -1.17705159e+00  1.28336730e+00
  2.38078021e-01 -4.96951243e-01 -2.49471809e-01  4.24117881e-01
 -3.17073788e-01 -1.04353673e+00  1.20888579e-01 -2.25190289e+00
  4.34333955e-01 -1.23479561e-01  1.46254152e+00 -2.45568448e-01
 -2.37533336e+00 -2.09254243e-01  1.32189613e+00 -3.86153979e-02
  3.69862523e-01 -1.27444396e+00 -1.59291181e-01  2.69992154e-01
  3.13722580e-01 -2.16317001e-01  5.27083954e-01 -1.00551593e-01
 -1.40807664e+00 -7.76686185e-02 -4.57989320e-01 -4.88718057e-01
 -6.75465190e-01  1.76900932e-01 -5.80679949e-01 -2.33413322e-01
  1.53355518e+00 -5.62559297e-01 -8.39122884e-01  8.63556033e-01
  9.71584628e-01  1.76147472e+00  6.17353855e-01 -9.81620432e-01
 -5.45415378e-01  1.86547935e+00 -5.87079190e-01  1.44583389e+00
 -1.36812997e-01 -9.71816596e-03  9.99085571e-01  4.98946208e-01
  2.35995223e+00  8.34374709e-01 -6.92653939e-01 -1.23738726e+00
 -4.67843239e-01 -5.69365847e-01  6.84128379e-02 -4.88232558e-02
  3.77448768e-01  1.69678667e+00  1.43611481e+00 -3.76084990e-02
 -5.16701240e-01  1.32287387e+00 -1.42852281e+00 -1.07703174e-01
  9.05367172e-02  1.05205770e+00 -8.93918202e-01 -5.87642241e-01
  4.38837460e-01  4.31414525e-02  1.38581580e+00 -9.21575419e-01
  8.77425946e-01 -1.11459713e+00 -1.54366545e+00 -9.20722901e-01
  8.01258489e-02 -1.47133535e-01 -1.11983708e+00 -1.09383688e+00
  3.42420022e-01 -8.46179194e-01  1.99182230e+00 -4.60594731e-02
 -1.93588793e-01  9.08136745e-01 -4.14357342e-01 -8.13397309e-01
 -7.75669258e-01  5.87541636e-01 -1.11346041e+00  1.06931490e+00
 -5.10922486e-01 -3.01973218e-01 -5.42178757e-01 -1.27263378e+00
  1.90568735e-01  5.79874936e-01  1.04953742e+00 -1.07246515e+00
  1.54268708e+00 -2.18364530e-01 -1.81089735e+00 -6.46672241e-01
 -3.02246546e-01  2.33762623e-01  5.69386756e-01 -3.54103810e-01
  1.50731319e+00  1.04568441e+00  9.14135029e-02  1.70291597e+00
 -2.22151434e-01  1.27607239e+00 -2.77337643e-01  1.37077887e-02
 -3.11858677e-01  4.48266914e-01 -1.00557030e+00 -2.83796832e-01
  7.40761632e-01 -1.50633899e+00  1.89804268e-01  4.22265999e-01
  7.47669523e-01 -8.22042679e-01  1.02271051e+00  7.72504845e-01
  1.03602388e-01 -8.15804298e-01 -1.79079445e+00 -5.60310899e-01
  2.58220074e-01 -9.22032806e-01  1.10521026e+00 -5.92409923e-01
 -6.55737927e-01  7.59634191e-01 -5.80708676e-02  5.96941397e-01
  1.29660149e+00  3.52723522e-01 -1.04412529e+00 -1.79305784e+00
 -1.73921937e+00  1.05339559e+00 -1.18575484e+00 -3.72603764e-02
 -9.16155321e-01 -5.92845958e-01 -2.01571971e+00  4.78615042e-01
 -5.07262708e-01  2.11616446e+00  2.08301184e-01 -5.11225854e-01
 -8.09357293e-01  8.83587764e-01  1.46344395e-01 -1.77328971e+00
  2.90573809e-03 -3.28200388e-01 -1.68008630e-02 -1.33110537e+00
  6.71689382e-01  1.04233045e+00  1.11436203e-01 -1.31663912e+00
  1.48341843e-01  3.23517731e-01  6.16399325e-01 -8.62650230e-01
 -7.15869999e-01  7.64608477e-02 -8.99306852e-01 -9.84010567e-01
 -1.08911088e+00  6.89126947e-01  1.76069758e+00 -1.48221411e+00
 -2.95474904e-01  1.77541392e-01 -1.09314184e+00  1.21751572e+00
 -1.25104197e+00  6.42287465e-01  4.50115459e-01 -7.64199726e-01
  1.12433900e+00 -6.74167059e-01  2.20535279e+00 -1.82988986e-01
 -1.54310436e+00  9.41917844e-01  1.37358092e+00  8.72315282e-01
  3.75659671e-01 -1.79781838e-03  5.24525155e-01  2.19939655e+00
 -4.83224009e-01  5.25107538e-01  6.15485314e-01 -7.98833123e-02
 -1.31376155e+00 -6.61398542e-01  1.40995123e+00 -1.62803535e+00
  7.84359071e-01 -8.16910353e-01  1.99220406e+00  2.27037328e-01
 -1.52751201e+00  8.46901707e-01  6.62746228e-01  4.16152010e-01
  5.45772499e-01  7.79556543e-01 -4.77090077e-01 -1.56127118e+00
  3.10897746e-01  3.59216560e-01  3.33903153e-01  7.46822042e-01
  5.11280224e-01 -4.03970802e-01 -5.83576397e-01 -4.90627265e-01
 -7.22890810e-01  4.31527719e-01 -1.43138695e+00  4.95698157e-01
 -2.19279361e-01 -2.46184656e-01  6.30134703e-01 -1.01179129e+00
 -3.77360929e-01 -1.25091492e+00  1.05070797e+00 -6.46178648e-01
  4.77846180e-01 -4.02092317e-01  1.26606432e-01 -1.12279505e+00
  1.44425386e+00  1.24697966e-01 -9.03792369e-01  4.06762472e-01
  4.59961327e-01  3.14352876e-01 -4.09035049e-01 -1.83028403e+00
 -3.97054407e-01 -6.12236416e-01  2.02223279e+00 -1.14025776e+00
 -5.45111388e-01  1.31816653e+00 -1.06771386e+00  4.99726018e-01
  4.32153208e-01 -1.79461455e+00  2.02082096e-01  1.42753650e+00
 -4.31266263e-01 -1.37004776e-01 -1.27425789e+00  1.33289961e+00
 -7.48623941e-02 -1.59692467e+00 -1.25999504e+00  2.30892102e-02
 -3.08187796e-02 -1.56813908e-02  1.24442400e+00  1.26599196e+00
 -8.84849804e-01 -3.56383914e-01 -4.91885433e-01 -2.20661594e-01
 -1.24423595e+00 -1.62896702e-03 -3.68880727e-01 -5.63717409e-01
  2.08281305e+00 -1.32764630e+00 -1.27401929e+00  1.00285306e+00
 -2.50978263e-01  2.08066452e+00 -3.21609294e-01 -1.31529019e+00
  2.16479351e-01  1.24169976e+00 -6.03482754e-01 -2.12144023e-02
 -1.08131662e+00 -1.55542806e+00  1.37561140e+00  5.08606081e-01
 -5.75003205e-02  1.05707924e+00 -1.95405391e+00  1.04234110e+00
  6.06289797e-01  4.99443025e-01 -4.50014062e-01  2.11046281e-01
  7.28928597e-01 -2.30579874e-01 -1.84667226e+00  1.08649705e-01
 -8.67477560e-01  4.05263452e-01  8.70523496e-01 -3.47510151e-01
  6.22675279e-01  9.77872180e-01  6.11341568e-01  1.03524551e+00
 -2.02476322e+00  6.97496785e-01  1.05093966e+00  1.26271404e-01
 -2.40081105e+00  5.97308659e-01 -1.78800668e+00 -2.32886458e+00
  2.58808519e-01  7.95071007e-02 -6.82332926e-02  1.37635591e+00
  6.17620933e-01 -5.99527770e-01  6.31017772e-01  2.25123372e+00
 -5.94497692e-02 -8.83589878e-01  2.59414796e-01 -1.29001046e+00
 -6.16093407e-01  3.06415965e+00  4.22832384e-01  1.97542291e-01
 -9.79648303e-02  1.67112774e+00 -1.47134449e+00  1.81043170e-02
 -1.01924920e+00 -1.06665378e+00 -1.08696846e+00 -7.09714375e-01
  2.81013069e-01  1.03580436e+00  9.12528647e-01  7.46626821e-01
 -7.20168562e-01  3.03967029e-01  2.48270353e-01  8.54036822e-01
 -9.39071393e-02  9.92934789e-01 -4.38151147e-01  2.76319700e-01
 -1.42816569e+00  2.88073440e-01 -2.59181067e-02  6.47049369e-01
 -2.29074429e-01 -9.71519225e-01  1.02570942e+00  5.22812191e-01
 -8.55261740e-02  2.24678131e+00  1.02327311e+00 -1.01975064e+00
  1.39929294e+00 -1.80084505e-01 -1.29695966e+00  1.47025398e+00
  1.68451717e-01  3.23625036e+00 -2.11989482e+00 -1.48324569e+00
 -9.87302189e-01 -5.98329358e-01  2.87213438e-01  8.68906088e-01
 -8.61525507e-01  1.07745856e+00  2.74490477e-01 -3.98245989e-01
 -1.29405131e+00 -1.94195027e+00  3.60178522e-01 -8.97866179e-01
 -9.32876788e-02 -1.15873191e-01  1.03200486e+00 -4.57603220e-01
 -2.54110387e-01 -7.30509320e-02  2.90326849e-01  2.17018475e-01
 -1.47584554e+00  1.31116357e+00  8.58668164e-01 -5.07582099e-01
 -2.23935584e+00 -1.95559514e-01  5.89158411e-01 -7.29249893e-01
 -4.52721168e-01 -1.67027367e-01 -9.04109002e-01 -8.38582977e-01
 -5.20309436e-01  2.43895628e+00  1.89479955e-01 -6.70831682e-01
 -5.29177829e-01  4.70507477e-01  8.12551354e-01  1.24522144e-01
 -3.56926325e-01 -2.34177789e-03  3.78793423e-01 -3.73782636e-01
  4.25942615e-01 -9.19425112e-01 -1.28497151e+00  1.07488314e-01
  4.00361250e-01  5.51171122e-01  5.14801936e-01 -3.24347206e+00
  2.04000274e-01 -1.89439334e-01  1.26355060e+00  6.19261646e-01
 -9.25370568e-01 -1.64968326e+00  3.09301973e-02  1.06525568e+00
  2.43024201e-01  6.14520617e-01 -1.34557507e+00  1.04307025e+00
  2.32535958e+00  2.54245178e-01 -1.21630704e+00  7.55477973e-01
 -7.80390137e-01  2.53182389e-02 -1.34987221e-01 -9.51475288e-01
 -1.37176098e+00 -7.76012843e-01 -7.33705924e-01 -2.16716482e+00
  9.26250122e-01  3.54672007e-01 -1.43965866e+00  7.34772393e-01
  3.67354575e-01 -2.26802606e+00 -1.87276371e-01  5.69877656e-01
 -7.31452288e-01  6.91690667e-01  1.17139571e+00  7.53761717e-01
  1.02777828e+00 -8.30132526e-01  3.69930203e-01 -2.19118585e-01
 -4.05514089e-01 -1.44324453e+00 -1.41458717e-01  3.66644030e-02
  7.63440192e-01  4.78546803e-01  3.76379169e-01 -7.50277363e-01
 -8.28764623e-01 -4.34713325e-01 -1.11765044e+00 -1.95716353e+00
  1.46402490e+00  1.20801163e+00 -4.00211690e-02 -7.30419873e-01
  8.52207356e-02  3.82146221e-01  9.89065737e-02  7.05388988e-01
 -5.69603178e-01  8.60283884e-01 -5.95891297e-01  5.05407781e-01
  5.76567253e-02 -2.18275593e+00 -1.53705068e+00 -1.92234929e+00
  1.09602536e+00  5.72079037e-01  1.68201136e+00  7.25623949e-01
  8.16704180e-01  2.85157118e-01  1.32591566e+00  8.26036672e-02
  1.33830664e+00 -8.74949681e-02  1.23577537e+00 -1.27519276e+00
  1.70800556e-01 -3.90084880e-01 -5.19547385e-01  2.62988370e-01