 5.11086575e-01  6.07934710e-01 -1.72523604e+00  9.03080379e-01
 -1.43744808e+00 -2.87317802e-01 -1.32207879e+00  1.16489020e+00
  6.54916663e-01 -7.88916987e-01  5.19853826e-01  2.01363851e+00
  3.93562715e-01  1.11280938e+00  2.39158391e-01  2.87707466e-02
 -8.91794663e-01  1.34607021e-01 -1.14270628e+00 -2.16345720e-01
  4.10919959e-01 -8.85631889e-01  5.00062392e-01  1.33883087e+00
  3.64989339e-01  1.46775836e+00 -1.28946957e-01  6.89716022e-01
  3.69019295e-01  1.72756623e-01  1.39277711e+00 -3.90229675e-02
 -8.79388346e-01 -9.03716273e-01 -5.49155949e-01  1.49358717e+00
  7.24982556e-01  1.57063214e+00 -3.05441561e-01 -1.40979630e-01
 -3.30727431e-01 -1.20666796e+00  1.13919862e+00 -1.49244782e+00
  7.97317152e-01 -1.71772799e-01 -4.35390445e-01  2.41929168e+00
 -6.40033046e-01 -1.40472738e+00  6.25872955e-01  7.37101655e-01
 -1.40418907e+00 -1.60977507e+00 -1.70693305e+00  5.56903111e-01
 -4.58386654e-01 -7.81538664e-01 -1.32828738e+00  1.99372360e+00
 -1.28526227e+00 -8.36556069e-01  5.71672168e-01  9.81750113e-02
 -1.07267400e+00 -4.15616679e-01 -1.08629846e+00 -8.56249085e-01
  8.22675528e-01  5.88229953e-01 -1.14055340e+00  1.75972922e-01
  6.43510591e-01  1.03908768e+00  1.00057689e+00 -1.04485056e+00
 -1.33585970e+00 -3.26526701e-02 -1.63199666e+00  6.35924458e-01
  1.52149956e+00  1.16334691e+00  2.76012588e-01  1.26398998e+00
  1.32465032e-01 -6.73275007e-01 -1.61900958e+00 -8.82003860e-01
  1.31381028e+00  8.14296334e-01 -6.82333447e-01  1.10537475e+00
 -1.92420785e-01 -6.09439410e-01  3.37748048e-01 -2.17479752e-01
 -6.86456305e-01  1.62354485e+00 -3.84785155e-01  1.08558484e+00
  2.18274426e-01 -9.86222556e-01  2.90914164e-01  8.19804901e-01
  1.52228544e+00  1.12317259e+00  1.64976858e+00  7.56531014e-01
 -1.45609638e+00  1.88155019e+00 -1.16890796e+00 -1.76273178e+00
  9.01863859e-01  2.21762377e+00 -2.88964937e-01 -2.00247259e+00
 -4.72977101e-01  4.06831170e-01  9.64822358e-01  1.75276449e-01
 -1.85875581e-01 -7.22904309e-01  1.01109173e-01 -6.17212400e-01
  1.00549041e+00 -2.51540799e-03  6.43342461e-01 -3.48303757e-01
  9.90208939e-01 -1.72583489e+00  4.82895941e-01  1.72257375e-02
 -1.32590449e+00 -7.68158483e-01  1.86096558e+00 -3.63932105e-01
  2.98040150e-01  1.59465228e+00  7.05946638e-01 -1.41980751e-01
  7.40759748e-01  4.79026146e-01 -6.72740162e-01  1.73582609e-01
  1.32580877e+00  2.24772086e+00 -8.95416163e-01 -6.09898368e-01
  2.46070377e-01  3.78654167e-01  1.25750681e+00 -1.27267999e+00
 -5.65722272e-01  5.33408837e-01  3.75427372e-01 -8.56163487e-01
  2.01836400e+00  8.62357635e-01  1.21467025e+00  9.78651557e-01
 -2.04670640e-01  2.82135899e-01 -7.34935836e-01 -9.19197217e-01
 -7.39023391e-01  6.74772968e-01  6.65273791e-01 -7.71657753e-01
 -8.80841763e-01  1.17824577e+00 -7.98677673e-01 -1.79934422e+00
  2.25280895e+00 -1.58852438e-01  2.10715983e+00 -1.62281568e+00
 -1.29068080e-01 -4.63006917e-02 -6.27459760e-01 -2.25342544e+00
 -2.74797621e-01 -9.47091017e-01  1.07694449e-01 -2.90210996e-01
  3.73488003e-02  6.97803760e-01 -7.40073284e-01  2.32026318e+00
 -1.91566430e-01  1.31519572e-01  1.07963392e+00  7.25734814e-01
 -3.72418376e-01  9.95519482e-01 -4.49073341e-01 -2.09710239e-01
  2.31661433e+00 -9.17147302e-01 -9.49701013e-01 -4.87548071e-01
 -5.92207699e-01 -2.47800498e-01  2.20902895e+00 -6.30504186e-02
  4.86082416e-01  4.10771372e-02 -1.80148434e+00 -1.35642843e-02
  1.82382346e-01  4.03918071e-01  4.55546653e-03  1.79347409e+00
 -7.56512979e-01  2.11681803e-01 -4.06214884e-01 -1.65330354e+00
 -1.16851663e+00  1.83029891e+00 -1.36989395e+00  4.77895665e-01
 -5.60670186e-02  9.53765591e-01  1.25861241e+00 -1.10236043e+00
 -4.61451306e-01 -4.35942839e-01  1.93772950e-01  1.01311397e+00
  4.91113781e-01 -4.06573604e-01 -3.13095892e+00 -1.17637790e+00
 -9.42352333e-01  1.09761392e+00 -7.40893780e-01  2.66165093e-01
 -5.80539504e-02  1.03307954e+00 -1.80889052e-01 -2.69865801e-02
 -1.12135189e+00  1.35567721e-01  5.37674719e-01 -1.06678130e+00
 -1.33619444e+00 -1.45693449e+00 -2.29174499e+00 -1.52172364e+00
  5.21375545e-01  6.33863561e-01  5.95134618e-01  4.06012784e-02
 -1.39669914e-01 -2.66960816e-01 -4.60942737e-01 -1.77174863e+00
  1.03256406e-01  1.21185894e+00  1.17447342e-01 -1.84197760e-01
 -2.49592796e-01 -1.71418739e-01  1.50047181e+00 -1.73137128e+00
 -8.54817896e-01  3.07048852e-02 -4.43069689e-01 -3.71775345e-01
 -8.51908153e-01  5.83674977e-01  7.20198358e-02 -1.70176046e-01
 -1.38358363e-01 -5.53125309e-01  1.39434074e+00  1.08632169e+00
 -9.70531884e-02 -6.05430368e-01 -1.10457613e-01  1.37633589e+00
 -1.78842145e+00 -1.01201773e+00  5.47182627e-01  4.39155728e-01
 -1.47592276e+00 -6.12563916e-01  3.79571598e-01  8.96386778e-02
 -5.61000805e-01  2.15464900e+00  9.64770148e-02 -1.31325044e+00
 -5.70664541e-01  7.69114138e-02  1.20353792e+00 -2.23249161e-01
  1.16883747e+00 -1.40889515e+00 -4.56531793e-01  8.19206735e-01
  9.84122557e-01 -1.05568953e+00 -3.04364624e-01 -7.83491328e-01
 -1.77420742e+00 -5.83003317e-01 -1.04482390e+00  2.84181249e-03
  5.99362366e-01 -1.00753974e+00  4.97552383e-01  4.21900651e-01
 -4.63195504e-01 -4.45009348e-01 -9.14634344e-01 -2.22459691e+00
 -1.68383683e-01 -1.17030792e-01 -9.35746296e-01  6.06843092e-01
 -2.11264652e-01  6.84077768e-01  2.11488754e+00 -7.90205207e-01
  2.05315606e-01 -3.26355058e-01 -1.58726076e+00 -8.04886116e-01
 -1.10923096e-01  3.41714300e-01  5.90096190e-01 -1.41190949e-01
 -1.86527149e+00 -6.18546847e-01  1.92483994e+00 -2.89629582e-01
 -1.88346935e+00  1.59817469e+00  4.05293183e-01  1.14648694e+00
 -1.23880549e+00 -3.02512254e-01 -7.56377540e-01  1.17044361e+00
  1.79125190e+00  5.31533787e-02 -1.16637746e-01 -1.27663877e-02
  7.14713612e-01  9.92458360e-01  2.59586388e+00 -1.37906999e+00
  1.72137832e+00 -8.00621163e-01 -3.54583296e-01  1.77206956e+00
  2.27851338e+00 -1.19866254e-01 -2.82641292e-01  9.56292306e-01
 -7.74912857e-01 -1.26315123e-01 -6.19250684e-01 -6.79055744e-01
  4.69320250e-01 -1.00132809e+00  1.17631982e+00 -8.13741023e-01
 -1.16484337e+00 -9.46494648e-01 -2.21440269e-01  2.43091318e+00
 -3.27391870e-01 -1.11428627e+00  1.24788517e+00 -6.67190408e-01
 -3.08679834e-01 -4.53554236e-01  9.34076143e-01 -1.77726872e+00
 -2.68144082e-01  2.87123662e-01 -4.10974171e-01 -1.68923100e+00
 -1.60862950e+00  2.47794399e-01 -5.35777285e-01 -1.63468048e+00
  3.22820807e-01  1.97159590e-01  5.02591334e-01  1.03185662e+00
 -1.86793379e+00  8.61469264e-01 -1.45062011e+00  3.87657736e-01
  2.48376104e+00  8.89015225e-01  1.34467500e+00  1.78143684e+00
  1.09185627e+00 -9.07509755e-01  2.17293468e+00 -1.77684808e-01
 -6.77201654e-01 -2.19813806e-01  2.16290356e+00 -2.57031762e-02
 -1.23300959e+00  1.09366023e+00  1.33193074e+00 -9.81135190e-01
  8.92036969e-01 -7.22436866e-01  5.09283144e-02  1.15660072e+00
  2.38624096e-01 -6.11842620e-01  1.85362331e-04  2.99295560e-01
 -1.16229990e+00  1.57934080e-01 -2.92348008e-01  6.95579533e-01
 -1.24186212e+00 -1.23638540e+00  2.67155015e+00  8.90417633e-01
 -9.37758536e-01  7.31921279e-01 -1.57120159e+00 -9.82526467e-01
  2.55046117e-02 -1.93667003e-01 -1.41237251e-01 -5.76234340e-01
 -3.92874494e-01 -1.13915624e-01  7.80813589e-01  1.13690894e+00
  4.40496843e-01  2.73504652e-01  1.12558519e+00  5.63457913e-01
  6.44454776e-01  1.10070515e+00 -2.45567124e-01  2.05326356e+00
  6.32929545e-01 -3.73659389e-02  9.41304695e-02 -9.64426179e-02
  1.52269078e+00 -1.76743027e+00 -1.09548211e+00 -1.36764903e+00
  1.36907781e-01  2.17788539e+00 -7.77838563e-01  2.74360010e+00
  1.51656031e+00 -5.79595402e-01 -2.42025742e-01  5.15601817e-01
 -1.76667131e-01  2.01002723e-02  3.66401677e-01 -9.56268713e-01
  4.68281313e-01  6.67567502e-01  3.20794601e-01  1.63146375e+00
 -7.74880309e-01 -6.80476975e-01 -2.05766836e-01 -6.20317629e-01
  1.04673110e-01  2.50977134e-01  1.74272371e+00  3.42134025e-01
  4.88370274e-01 -2.01440630e+00  2.34642267e+00  1.93024471e-01
 -9.27533890e-01 -8.04769368e-02  3.67760630e-01  1.34092606e-01
  4.15267307e-01 -2.14399767e-01  7.84535778e-01 -1.13571526e+00
 -1.74616867e+00 -1.81331712e-01  2.81579681e-01  5.28144953e-01
 -1.85988579e-01 -1.15637012e+00  1.02044934e+00 -4.14880129e-01
  1.34347191e+00  1.24095193e+00 -1.09938364e+00  1.04262321e+00
 -4.17131146e-01  6.43357265e-01 -8.62452113e-01 -8.33976104e-02
 -1.50560179e+00 -8.01793763e-01 -2.37750731e-02  1.54048369e-01
  3.20237605e-01  1.13162498e-01 -1.03785359e+00 -9.48381708e-02
 -2.48113050e-01 -1.79797596e+00  1.43160153e+00  5.34424754e-01
  4.94273721e-01 -1.22939631e+00 -9.05447585e-01 -1.01643079e+00
 -6.71239037e-01  1.01805571e+00 -4.36166501e-01  2.84821097e-01
 -2.08209683e-01 -1.50977984e-01 -4.25380654e-01  1.19017060e+00
 -7.61026053e-01  1.09923542e+00 -1.40625921e+00  4.70191858e-01
  1.09060003e+00  3.47572711e-01 -7.07409743e-01 -2.32622222e+00
 -1.36437216e+00  1.45102267e-01  2.14615803e-01 -1.19106985e+00
  1.20897004e+00  5.89752503e-02  5.32637197e-01 -9.79362003e-01
 -2.02611693e+00 -3.50975624e-01 -4.39578218e-02  1.38302307e+00
  4.30318993e-01  2.16756488e+00  3.92289803e-01  5.52593124e-01
  3.71825610e-01 -1.78650495e+00  3.65700952e-01 -2.57510189e-02
  3.27677291e-01 -2.72545032e-01  7.23207859e-01  8.15442484e-02
  1.18626819e+00  1.52806496e+00  1.37678929e+00  1.44244139e+00
  2.69043508e-01  1.77904226e-01  6.36029680e-01 -8.34744322e-01
 -7.64582054e-02  5.36886915e-01  4.30549113e-01 -5.95866751e-01
  6.99931386e-01  5.35453109e-02 -7.69458560e-01  5.82002558e-01
 -9.95723418e-01  8.20435733e-01 -1.55869684e-01  4.36910137e-01
 -9.69631326e-01 -5.42020734e-01 -2.25198648e-01 -1.82804317e+00
  8.52196164e-01  2.45285186e+00  1.40785653e+00 -6.72140901e-01
  2.50572160e-02 -1.16029128e-01 -6.20589946e-01 -7.06421028e-01
  2.09458092e+00 -3.89212022e-01  1.38605047e+00 -7.21354082e-01
  2.48648933e+00  2.41552491e+00 -4.69358015e-01 -5.41701332e-01
 -1.35935146e+00  2.41100351e-02  4.06129614e-01  2.14756880e+00
 -4.51625389e-01  8.52975029e-01 -1.41757053e+00 -7.27601068e-01
  2.10831639e+00 -2.43252092e-01 -1.72943885e+00 -3.27094631e-01
 -1.84671265e+00  5.41955120e-01 -4.56910710e-01 -8.53339043e-01
 -2.57424854e-01 -2.57414544e-01 -1.50024669e+00  8.76380054e-01
  4.84993812e-02 -1.61034580e+00 -2.14003844e+00  1.78712411e+00
 -6.72355399e-01  7.33959378e-01 -5.64114763e-01  1.09965696e+00
 -5.13073911e-01  3.00336877e-01  1.09078352e+00  7.66115076e-01
  4.52547755e-01 -5.57390953e-01 -1.99087375e-01  4.67496653e-02
  3.13667914e-01  8.95377999e-01  5.89065530e-01 -9.10844101e-01
 -8.84077315e-01  5.64111293e-01 -9.66709763e-01 -3.80135417e-01
 -4.35450545e-01 -1.09383528e+00 -4.81547876e-01 -7.90769679e-01
  1.81495997e+00 -3.18866902e-02  6.64052774e-01  1.14654380e+00
 -1.15943349e+00  1.15899421e+00  2.95442442e-01 -6.69473205e-01
  3.85510047e-01 -4.88729993e-01  1.19484507e+00 -1.21235236e+00
 -1.38438619e+00 -1.48429667e+00  9.79678329e-02  5.72688183e-01
  1.59131740e+00 -1.73224638e+00  5.13616091e-01 -2.71789714e-01
 -1.21683398e+00 -4.99308880e-01 -1.04687125e+00 -7.09539762e-01
  4.75895675e-01  5.60948188e-01  5.06990117e-01 -1.16486510e+00
 -6.20337998e-01  5.07318567e-01 -6.97735989e-01  6.06813983e-01
  6.84167826e-01 -4.99499480e-01 -1.26011131e-01  1.16814007e+00
 -1.02423715e+00 -1.40952904e+00 -1.03262380e-01  1.64266211e-01
  1.47731043e+00  4.73739332e-01 -1.94214178e+00 -6.58980031e-01
  3.21130258e-01 -8.56916644e-01  1.13449032e-01 -4.29541254e-01
 -7.44298471e-01  3.96222032e-01 -1.40579089e-01 -1.83018841e+00
  7.09053985e-01  1.31010806e+00  4.04491853e-01 -1.17795704e+00
 -3.60600842e-01  1.26360865e+00 -3.36731879e-01 -1.13660762e+00
 -7.81858661e-01  2.27195112e-01  1.12168535e+00  1.93217864e-01
 -2.87581684e-01  1.68994962e+00  1.98707981e+00  1.23015074e-01
 -7.02232641e-01  2.44521341e-01 -1.25655802e+00 -1.09987444e+00
  2.14500390e-01  3.05315444e-01  9.37543942e-02 -1.71309342e-01
 -1.02322074e+00  1.18228124e-01  2.42670735e-01  1.39618071e+00
  1.08298937e+00  1.59172171e+00  5.39717760e-01  6.42690770e-01
 -2.18526118e+00  2.38691875e-01  1.15195232e+00  4.22753789e-01
 -6.27747202e-01  6.02319480e-01 -1.50853784e+00 -1.25192641e+00
  3.31444775e-01 -3.46127628e-01  1.15142931e+00  6.31716659e-02
 -5.79478572e-01 -2.70742071e-02  1.05477633e+00  1.17395544e+00
 -1.31230076e+00 -5.85864226e-01 -2.22293671e+00  3.52225427e-01
  9.75779923e-01 -2.10791996e-01  1.61438138e-02 -6.96805731e-02
 -1.96627473e-01  5.37763145e-01 -1.12476610e-01 -1.93588123e+00
  1.49508800e+00  1.86452602e-01 -5.05383435e-01 -6.34490319e-01
 -3.03529583e-01  1.26390620e-01  4.23086524e-01 -9.67683057e-01
  1.40532394e+00  1.22143181e+00 -6.45506276e-01 -6.19692418e-02
  1.41650486e+00 -4.11595165e-02 -5.04545843e-01  7.56593390e-02
 -3.97669028e-01  8.70336217e-01  1.78334592e+00  1.88852791e+00
  6.77574447e-01  8.74176124e-01 -7.01670192e-02 -4.11940032e-01
  1.90387294e+00 -6.33093314e-01  7.16106286e-03  1.14497139e+00
  1.45070223e+00 -1.37512004e-01 -1.12437232e+00  5.40934270e-01
 -1.38550421e+00 -3.44890145e-01  8.35124580e-02 -3.02927492e-01
 -1.19371865e+00  6.34480605e-01  2.00736728e-01  5.98367199e-01
  1.26120546e-01  8.89782003e-02 -2.21829448e-01  8.24616048e-01
  2.81837021e-02 -3.24787590e-02  4.84751066e-01 -5.77281680e-01
  3.20075084e-01 -3.16744336e-01 -3.70359484e-01  3.06127980e-01
  1.94775046e+00  2.65996006e-01  1.69777804e+00  6.91693881e-01
  6.24540509e-01 -6.26993280e-01 -5.75820319e-01  1.26468878e+00
 -6.44006295e-01  1.35939187e-01  7.90126827e-01  2.08848225e+00
 -2.13500996e+00  4.36359336e-01  5.24935493e-01 -9.26055861e-01
 -5.08731541e-01 -6.03636931e-01  1.66553428e-01 -1.81858289e+00
  1.52336149e+00  1.06020990e-02 -1.73075597e+00  5.40889923e-01
  6.17600947e-01  1.04906041e+00  5.05095884e-01  2.10742817e+00
  7.49096457e-01  1.68639119e-01  3.66969929e-01  5.04718620e-01
  2.14796545e+00 -2.42515681e-01  1.04468867e+00 -1.29333005e+00
 -2.98067650e-01 -5.32026319e-01  2.91732283e-01  1.64957222e-01
  4.59326582e-01  2.29753271e+00  2.97877234e-02 -1.17460031e+00
 -5.09183478e-01  5.24281403e-01  4.38895933e-01  1.34767607e+00
 -9.62681049e-01  1.00788717e+00 -1.58616948e-01 -1.89703378e-01
 -1.28575794e+00  5.72716989e-01 -8.03632423e-01  7.44623633e-02
  6.96630576e-01 -6.25921769e-01 -6.30710779e-01 -1.03943442e+00
 -6.57962502e-01 -1.40628600e+00 -4.79397324e-02  1.83508422e-01
  5.82477385e-01  2.04993114e+00  1.47525279e-02  2.70832870e-01
 -3.64140127e-01  2.56126871e-02  1.39462458e+00 -2.06700518e+00
  1.04924658e+00  1.44197378e+00 -1.89512781e-01 -1.23431582e+00
 -1.71160015e+00 -1.89561006e+00 -1.06801086e-01 -2.93034473e-01
  3.09251298e-01 -1.94112117e+00 -2.09933862e+00 -1.13489445e-01
  6.25618075e-01 -1.15071351e+00 -3.16197872e-01 -9.63730598e-01
  1.77486084e+00 -5.15791068e-01 -2.50128989e-01  1.03251830e+00
 -1.60217400e+00  5.86160536e-01  1.96989971e-01 -1.64033350e-01
  3.12083418e+00 -6.85419369e-01 -4.97760466e-02  7.59096040e-01
  2.47069909e-01 -3.50255319e-02  3.17327281e+00 -6.57005173e-01
 -1.88179845e+00  2.06285853e+00  7.78374867e-01 -1.52745667e-01
  9.83879539e-01 -1.59276345e+00  1.66651786e+00  6.27979902e-01
 -4.28211524e-01  1.76647372e+00 -1.24454053e+00  1.65315371e+00
  2.40173266e-01  7.02268144e-01 -7.51740776e-01  1.66479754e-01
  5.96581972e-03 -3.44817990e-01  3.32908877e-01  8.52097499e-01
 -1.83175434e-02 -1.01898373e+00 -2.59391935e-01 -1.78031661e+00
  6.91074552e-01  5.35914698e-01  6.36156142e-02  3.16199463e-01
 -3.78867618e-01 -5.25638542e-01 -1.31496043e-01 -1.63478965e+00
  9.97107764e-01 -7.20738384e-01  3.73311534e-01 -5.97619775e-01
 -9.36356141e-01 -2.06028717e+00 -9.92614034e-01  6.61064768e-01
 -5.56655559e-01  4.78386016e-01 -1.67232458e+00  1.04645312e+00
  9.62537737e-01 -4.81474026e-01  1.33279305e+00  1.07527747e-01
 -1.62317506e-01  9.03013092e-01  1.27769365e-02 -1.16737281e+00
  7.18691945e-01 -7.95525356e-01 -1.00101731e+00  9.59985223e-01
 -9.92655364e-01  9.71385271e-01  8.80277676e-01  1.36257325e+00
 -7.06725105e-01 -4.24963915e-04  5.35591382e-01  5.22359278e-02
 -1.68650792e+00  1.80798267e+00 -9.78359700e-01 -4.10347801e-01
 -4.66103485e-01 -6.94677025e-01  3.16061356e-01  4.53868663e-01
 -1.14256454e+00  6.32754068e-01 -7.38254147e-01 -5.90803267e-01
 -3.53366251e-01 -1.05266622e+00 -2.53304667e+00 -1.53511096e-01