 1.19562102e-01 -4.36476743e-01 -1.58642134e+00  1.95271923e-01
 -6.67663966e-01 -3.86224254e-01  1.16059279e+00  1.44163465e+00
  2.89324792e+00 -1.62352262e+00 -7.14989401e-01  1.67847065e-02
 -1.22646572e+00 -6.94975138e-01  1.29385718e-01  3.23223387e-01
  2.89542698e-01 -9.96388000e-01 -1.38354294e+00 -6.28738409e-01
  6.38442366e-01  1.21075824e-01  2.01363890e+00  1.15241822e+00
 -1.42363885e+00 -7.87998062e-01 -2.93880514e-02  1.06308696e+00
 -1.36733529e-01 -1.53707327e+00 -8.49395708e-01 -1.60483449e+00
 -4.97196734e-01  1.37380899e+00 -7.57089488e-01  1.02948433e+00
 -2.37465766e-01 -5.26948620e-01  1.32138995e+00  1.04138989e+00
 -3.76620141e-01  1.61486224e-01  6.01757666e-01 -3.59858011e-01
  6.51984015e-01  2.34447574e-01  5.19558523e-01  1.23139544e+00
  5.20190608e-01 -6.40919737e-01  1.91974981e+00  7.73337459e-01
  1.00932850e-01  7.92855485e-01 -1.64679788e+00  6.37956414e-01
 -3.65298030e-01 -1.23675578e+00  1.03636668e+00 -7.62449746e-01
 -8.28172115e-01 -1.38042374e+00 -9.66761311e-01 -2.76081757e-01
  7.86499792e-01  1.79098439e+00  9.98883857e-01 -5.32348979e-01
  2.39147584e+00 -1.01459463e+00 -7.16485456e-01 -1.88729500e+00
  8.44403751e-01  2.70542197e-01  3.02092766e-01 -5.03225605e-01
  1.43538875e+00  1.41704117e+00  1.77347799e-01 -4.31547306e-02
 -4.77627761e-01  1.23760129e+00  1.99051065e+00  1.43593366e+00
  3.38368140e-01 -1.02731181e-01 -7.97629388e-01 -9.45421835e-01
 -7.96647566e-01 -1.66427510e+00 -9.55619826e-01  3.48755181e-01
 -1.12610246e+00  4.15954006e-01 -3.22763182e-01  5.46293414e-01
 -1.09421093e+00  3.77081809e-02  8.31955491e-01  7.65923815e-01
 -5.89098412e-01  1.24825127e+00 -5.77401067e-01 -4.50631144e-02
  7.20890396e-01 -1.08899055e+00  6.72438357e-01  1.49074289e+00
  4.02065182e-01 -1.05264193e+00  3.88973088e-01  4.48315291e-01
 -5.41387065e-01  9.71825321e-01  9.06725172e-01 -1.65503190e-01
 -5.49045793e-02 -8.90214451e-01 -1.06319823e-01 -1.15386569e+00
  1.55997412e+00 -7.86525497e-01  1.28877017e+00  9.53459024e-01
 -1.39278792e+00  1.53402213e+00 -8.63572606e-01 -1.36871531e+00
  9.14347787e-01 -1.30056746e+00  8.93131054e-01 -1.81580352e-01
  1.45987177e+00 -1.13621678e+00  3.75632822e-01  2.18513314e-01
  1.08637092e+00 -1.13711204e+00 -3.60442882e-01  5.13413731e-03
  9.71192142e-01  1.16701041e-03 -7.01855863e-01 -1.83209051e-01
 -5.27131016e-01 -2.79425838e-01 -1.12725043e+00  1.64179352e+00
 -4.96427020e-01 -1.58946408e-02  4.34834254e-01 -1.09492989e+00
 -2.57029916e-01 -3.97734494e-01  5.83277446e-01  1.50724535e+00
 -2.24745596e+00 -1.33999364e+00  5.23625685e-01 -9.12179265e-01
 -2.75023935e-01  3.79426467e-01  2.19930091e+00 -5.79666103e-01
  2.97547752e-01  8.79533764e-01 -2.04160528e-01  7.31266588e-01
  1.71146517e+00 -1.34393746e+00 -1.88540224e+00  1.50720614e-01
 -8.47851011e-01 -7.73481853e-01  1.63464527e+00  1.60349638e+00
 -3.28640888e-01 -2.89789380e-01 -1.27974319e+00  3.87689831e-01
  4.24785268e-01  3.44417309e-01  9.01420636e-01 -1.42471718e+00
 -8.77101364e-01 -2.94659328e-01 -1.98590390e-01 -6.14200486e-01
 -8.02686274e-01  3.69684129e-01  1.11930022e+00  1.28169503e-01
 -2.71996951e-01 -7.81739114e-01  9.14663763e-01 -1.14842671e+00
 -1.87093292e+00  6.40874174e-01  1.98702979e+00  1.09942449e+00
  1.01598060e+00 -9.44310959e-01 -5.44547243e-01  1.13998236e-01
 -6.72960904e-01 -5.40631275e-01 -7.95190750e-01  6.20663056e-01
  1.00253974e+00  1.68625611e+00  1.06727361e+00  2.67327208e-01
 -1.10129528e+00 -4.25788026e-01 -5.83163458e-01 -7.18086573e-01
  1.36981621e-01 -7.67572753e-01 -5.74671662e-01  1.49911193e-01
  4.92674945e-01  2.75151119e-01  3.33994007e-01  6.76085513e-01
 -1.21214959e+00 -4.69578090e-01 -4.14756961e-02  1.23636873e+00
 -1.17902781e+00 -6.18303419e-01  4.28875418e-01  1.17956541e+00
  5.39561799e-01  1.18017171e-01 -6.93441442e-03 -1.24777937e+00
  1.48415435e-01  2.50964479e-01  6.37916266e-01 -1.42793531e+00
 -1.23708500e+00  1.43821549e+00  1.18173231e-01  1.26918702e+00
  2.03297324e-01 -5.93856231e-01  4.21260797e-01 -5.73338977e-01
 -9.40020818e-01 -5.01037059e-02 -8.44980474e-01 -5.10194186e-01
  1.88467301e-01 -1.60856040e+00 -2.46830681e-01 -5.82259112e-01
  1.25615814e+00 -8.36225879e-01  1.32224854e+00  2.90896993e+00
  7.55221477e-01 -1.17432323e+00  1.44296829e+00 -9.66976810e-01
  6.22993347e-01 -8.31427714e-01 -1.06086297e+00  6.19364302e-01
 -8.18637389e-01  3.43492235e-01 -3.25007216e-01  3.36953134e-01
  4.95667983e-01  5.85318628e-01 -3.88179652e-01 -8.10385154e-01
  1.31898034e+00  9.05053855e-01  7.47951458e-01 -1.43014895e+00
 -1.77075823e+00 -7.36036781e-01  1.02430365e+00 -7.03246077e-01
  1.51218541e+00 -5.45762353e-01  7.11965069e-01  1.95893613e+00
 -2.18569885e+00 -1.26248638e+00 -7.55406524e-01 -1.12414574e+00
 -2.49872197e+00 -1.01964557e-01 -1.34484737e-01  1.04085537e+00
 -2.95842012e-01  9.54411410e-01  1.00315879e+00  3.77781447e-01
  1.48096205e+00  1.37592186e+00  7.66050759e-01 -2.14061970e-01
  1.75024231e+00 -4.11343956e-01 -3.37823318e-01  1.16728539e+00
 -1.16332312e+00  8.58722599e-01 -1.62646710e+00  9.08972244e-03
 -2.23250319e+00 -1.20026742e+00  8.42524129e-01  4.94823550e-01
 -4.31747425e-01 -1.03201556e+00  9.03947273e-01  1.44860595e+00
  1.06633963e+00 -7.98358860e-01 -2.90798196e-01 -1.55557490e+00
  5.04946388e-01  4.56157835e-01  2.09264974e+00  1.28734557e-01
 -1.95762697e-01 -1.84879027e-01 -1.39720630e-01  9.19678916e-01
  1.84419030e+00 -1.65236828e+00 -1.10126674e+00  8.05087317e-01
 -1.32971258e+00  3.38594610e-01  9.84683748e-01  1.72318968e+00
 -9.99239076e-01  7.62490018e-01 -1.28237574e+00  9.64824625e-01
 -9.96472415e-03  3.91785273e-01 -5.43530272e-01 -5.37065499e-01
  5.07837027e-01 -2.06833647e+00  1.45784750e+00 -9.31856294e-03
 -1.26158054e+00 -9.62443333e-02 -6.00252112e-01 -6.74648144e-01
  4.58582814e-01 -1.39343621e+00 -1.65124975e+00  3.63261530e-01
  3.25610525e-01  1.08062715e+00  4.38334602e-01  8.39217545e-01
 -2.59609652e+00  3.88414453e-01 -3.94706842e-01  3.60420057e-01
 -2.08341922e+00  1.40489992e+00  6.22590755e-01  6.08092028e-01
  6.01821861e-01 -4.03381247e-01  2.08964918e+00 -7.71619674e-02
  6.45984978e-01 -6.73929296e-01  5.53303998e-01 -8.50248636e-01
 -1.01304374e+00 -4.08458146e-01  7.79608891e-01  3.47554827e-01
  7.92363060e-02  1.58076371e+00 -2.56604973e-01 -2.36328952e-01
 -9.09927803e-01  1.22887396e+00 -2.09768221e-02  5.92443979e-03
  1.69140320e+00 -3.63606246e-01  3.07183385e-01  5.22294623e-01
  3.27674550e-01 -1.15986179e+00  1.60829406e+00 -5.98243426e-01
  3.67707062e-02 -1.62671749e+00  2.23264414e+00 -8.24182988e-03
 -1.91895939e-01 -1.52647845e+00  4.34249702e-01 -6.24495923e-01
 -2.35597924e+00 -1.61758693e+00  9.99832942e-02 -5.71674345e-01
 -5.16955576e-01 -6.31571813e-01 -5.14138420e-02 -7.93135410e-01
 -3.46562518e-01  7.43096914e-01 -7.12135745e-01 -4.85134022e-01
 -9.69043869e-01  1.52508842e+00 -1.47398838e+00  4.55460118e-01
 -4.54363427e-01  5.37065760e-01 -1.88666193e+00 -1.31723647e+00
 -2.65149638e-01 -2.45851878e+00  1.05818382e+00 -1.86557211e-02
 -1.26849236e+00  1.30237022e+00 -1.61345276e+00 -3.40386250e-01
  5.20290914e-02 -1.04066368e+00 -1.94569433e+00 -3.71457820e-01
  1.51070868e-01  7.32423661e-01  1.07719872e+00 -9.95634658e-01
 -7.91500034e-01 -4.51721704e-01  2.71832362e-01  1.33891617e+00
  7.87453528e-02  1.90339907e-03 -4.52453344e-01  7.20152085e-01
 -1.97038652e-01  4.21663019e-02 -1.54942625e+00 -1.37647071e+00
  2.63002137e-01  3.16241237e-01 -1.99535899e-01  2.99257855e-01
 -1.01300847e+00 -1.70635593e+00 -6.42103274e-01 -1.57903197e-01
 -4.09114769e-03  1.21839620e+00 -1.11158337e+00 -1.58321651e-01
 -2.50207035e-01  3.44828938e-01  1.14719802e+00 -1.72577228e-01
 -3.67859339e+00 -6.70812325e-02  6.55439788e-01  1.60970482e+00
 -5.32830701e-01 -1.02129858e+00  5.21287054e-01 -4.13095909e-01
  8.01153846e-01  3.66125757e-01 -1.42263278e+00  9.32066931e-01
 -1.47392534e+00 -1.82353211e-01 -1.58538779e+00  5.82387972e-01
  1.21780462e+00  2.72605008e-01 -1.28244794e+00 -1.08715343e+00
  1.00682675e-01  1.49549476e+00 -1.24661623e+00 -2.64371386e-01
 -2.03339210e+00  2.79106435e-01 -1.41130812e+00 -2.80802922e-01
 -3.85858763e-01  1.27486113e+00  1.04949027e+00  1.52149307e+00
 -1.12590208e+00  8.97760513e-01  4.61533861e-02 -3.17122540e-02
  3.36596620e-01  7.72722388e-01  3.60992424e-01  9.04693376e-01
 -1.15955754e+00 -9.81170996e-01  1.03392244e+00 -8.61785232e-01
 -6.71759286e-01  1.43131999e+00  1.11263959e+00 -2.48799752e-01
  1.09851350e+00 -1.37003700e+00  3.41482091e-02  1.05144768e+00
  1.23283918e+00  1.55766744e+00  1.87324238e+00 -2.08257803e-01
 -1.20885997e-01 -8.84737061e-01 -7.30100948e-01  8.45255370e-01
 -4.69593059e-02 -7.04405272e-01 -5.48710641e-01  5.94804714e-01
 -7.42330563e-01  1.79582335e+00 -2.81771558e-01  8.82938360e-02
  9.91372435e-01 -1.84960314e-01 -1.45324720e-01 -1.34557531e+00
 -5.35874280e-01  4.85154397e-01  1.78871362e+00 -1.22635091e+00
  1.03098562e+00 -6.39188548e-01 -6.68261883e-01  1.10202968e+00
  1.58726454e+00  2.77959401e-01  1.91183967e-01 -6.31013043e-01
 -9.66756686e-02 -1.38937632e+00  1.17889468e+00  8.66101487e-02
 -5.76530445e-01  1.14075682e+00  2.31698018e-01 -5.20021092e-01
 -1.71384065e+00 -1.00930233e+00 -1.18232688e+00  1.23003786e+00
  1.08689390e+00  7.09314392e-01  1.50920072e-01 -9.49411192e-01
 -9.54525858e-01  1.75113228e+00 -8.57834554e-01  1.71264376e-01
 -8.89481090e-02  1.83077110e+00  6.49088835e-01 -4.25857341e-01
  2.87852924e-01  9.75303872e-01  1.17706289e+00  2.73359241e+00
 -1.06621332e+00 -1.33216166e+00  3.38603150e-02  1.84898553e+00
 -8.87427819e-01  1.96976589e+00  1.96542799e+00  5.74607175e-02
 -9.81074037e-01  1.53466364e-01  4.78807157e-01 -1.25032411e-01
  6.60286631e-01  1.07479258e+00 -1.72856102e+00 -4.36451367e-01
  7.32446707e-01  1.65950036e+00  1.21551911e+00  7.45193300e-01
 -1.50188310e+00  1.70690816e+00 -5.96498870e-01  1.57945020e+00
  5.42651227e-01  4.62305425e-01  4.92920123e-01 -1.67604797e+00
 -9.08106494e-01  3.13131378e-01 -1.82364754e+00 -1.18897870e+00
  7.27484166e-03  6.82025217e-01 -3.67648580e+00 -1.12770236e+00
  1.04416546e+00  5.27384822e-01  5.56790614e-01 -1.19399142e+00
 -4.19647190e-02 -2.43011203e-02 -1.17260426e+00  2.19364140e+00
  7.13433038e-01 -3.72787396e-01 -5.27269374e-01  8.32810630e-01
  4.02574808e-01  7.92225490e-01 -1.95613986e+00  3.85971400e-01
 -1.32770210e+00  2.75871327e-01 -1.93979287e-01 -1.10766924e+00
 -8.87713679e-01 -6.48943128e-01  1.82318029e+00 -7.55043474e-03
  2.08411148e+00 -1.73036638e+00 -1.21712680e+00  5.88428097e-01
 -5.96556292e-01 -1.04554994e+00 -1.08350879e+00 -1.53508902e+00
 -9.46353149e-01 -6.15816808e-01 -1.06923758e+00 -1.05921564e+00
 -2.46307172e+00  4.54907635e-01 -6.81986640e-02  3.54340388e-01
  7.29813905e-01 -5.68739829e-01  8.53161323e-01  4.06749910e-01
  6.09500783e-01  1.12707983e+00  1.14900950e+00  1.05131726e+00
  1.27744796e+00  1.60015320e+00  1.06502351e-01  2.09734879e+00
  1.10016811e+00 -1.83326060e+00 -5.39315691e-01  3.39153821e-01
 -8.85679106e-01  1.00462986e+00 -9.62662119e-01 -1.25689072e+00
 -2.10295482e+00 -8.08119552e-01 -5.90340524e-01 -3.40466846e-01
  1.02300335e+00 -9.81505588e-01  1.17425979e+00 -1.32450357e+00
 -1.02841772e+00  1.27980021e+00  7.47897346e-01  8.85604604e-01
 -1.85733083e+00 -1.39071557e-01  1.76402470e+00 -4.99229038e-01
 -2.47065106e+00  1.42358143e+00 -3.00240224e-01  5.09709024e-01
  1.31940280e+00 -9.71318790e-01 -1.41194839e-01  8.91441185e-01
 -2.48116312e-01 -2.21449024e-01 -1.45292410e-01  9.55794280e-02
  2.97824860e-01  6.91542363e-01 -6.26507083e-01  4.78540155e-02
  4.39334000e-01  2.02061229e+00  8.16976975e-01  8.04443722e-01
 -9.31188637e-01  1.91166123e+00  1.73874140e+00 -5.57055835e-01
  5.66900219e-01 -1.05537747e+00 -3.53823012e-01 -8.10454162e-01
 -1.51097752e-03 -2.16512366e-01 -7.39421438e-01  5.78540395e-01
  9.75428221e-01 -4.43957709e-01  2.50879952e+00  2.93054977e-02
 -1.35420166e+00 -4.19192564e-01 -1.14762451e+00 -4.28515685e-01
 -9.47921452e-01 -1.50808675e-01 -1.19194272e+00  1.79676501e+00
 -3.37745773e-01 -1.69534531e+00 -1.07287322e+00 -1.01477550e+00
 -4.38474692e-01 -1.97081307e+00 -1.91901068e+00  5.94717000e-01
  1.32961138e+00 -1.48613616e+00  1.77531638e+00  1.32557154e+00
  5.64201969e-01 -7.57034559e-01  9.92181086e-02  5.09390911e-01
  2.43802975e+00 -3.28194248e-01  5.15540111e-01  3.74599161e-02
  4.46137455e-01  2.14591612e-01 -3.74176499e-01  3.15779030e-01
  5.91711746e-01  8.26011880e-01 -1.04266633e+00  5.47585606e-01
  1.11909319e+00 -3.90859449e-01 -5.10211552e-01  2.19566937e-01
 -1.03978697e+00 -1.40489293e-01 -8.29485115e-02  2.68493244e-01
  1.53238321e-01  6.47029884e-01 -2.39848191e-01  4.55854626e-01
  4.46668051e-01 -2.84973787e+00  1.37066255e+00 -2.71566663e-01
 -9.03369674e-01 -4.97103472e-01 -1.45263896e-01  1.33289157e+00
  1.75440206e+00 -1.06786994e+00  4.27916896e-01 -1.71387327e+00
  5.85823478e-01  4.70678227e-01 -1.36562509e+00  9.67330240e-01
  1.91002012e+00  1.46636632e+00 -5.97101523e-01  2.53892470e-01
  5.65284341e-01  4.46529039e-01 -1.62522119e-01 -2.05867301e+00
  1.01596299e+00  1.66821888e+00  4.08569016e-01 -9.92548367e-01
 -1.99390504e-01  1.00877924e+00  8.34846152e-01  6.53646837e-01
 -1.15819357e+00  8.85918914e-01  4.91282969e-01  2.80050203e-01
 -2.59519362e-01 -5.62135941e-01 -8.75348012e-01 -9.18217441e-02
  8.27865402e-01  9.72496836e-01 -9.61726444e-02  2.77807512e-01
  8.65644871e-01 -4.80705794e-01  6.10554154e-01  4.08517588e-01
  7.50321489e-01 -9.03807510e-01 -9.15051412e-01 -1.24159127e+00
 -1.61786117e-01  1.30172410e+00 -1.28547727e-02 -7.72178408e-01
 -1.03808111e+00  1.84597042e+00 -4.84413299e-01 -1.55343686e+00
  5.89634187e-01 -4.53329548e-01  8.05637096e-01 -1.33567502e+00
  1.12434758e+00 -5.84154526e-01 -8.91935993e-01  1.37941595e+00
  7.24185854e-01  1.19416287e+00 -6.54427539e-01  1.16768149e+00
  4.80074949e-01  2.12933412e+00  4.74473767e-01  3.08437864e-01
 -1.05051497e+00  1.26212260e+00 -7.42187971e-01  9.59179213e-01
  1.12649436e+00  3.36833724e-04 -7.49917761e-01 -6.09186351e-01
 -7.15642340e-01 -4.29829056e-01  1.39925513e+00  1.12647156e+00
  1.19198494e-01  1.61358722e+00  3.50967977e-01 -4.54142395e-02
 -2.29290679e+00 -7.27419888e-01 -1.07072198e+00  3.13002998e-01
 -1.36346074e+00 -2.44892438e-01 -9.46168561e-02  1.44288040e+00
  1.05913221e+00  1.48139257e-01 -1.26194706e+00 -3.56678118e-01
 -5.80801362e-02  4.78643112e-01  1.78346933e-01  1.91694131e+00
  1.80823502e+00  4.01953934e-01 -5.28332039e-01 -5.98043748e-01
  9.96882553e-01  1.16575013e+00 -1.39283868e+00 -1.24887584e+00
  2.42316622e-01  2.94894920e-01 -9.27830739e-01 -2.28274751e-01
  1.36614838e+00  7.82590990e-01  5.10240189e-01 -4.36542018e-01
 -9.35931652e-01 -5.37755750e-01  2.86213054e-01 -3.96734839e-01
  1.76300417e+00  2.37688160e+00 -1.29743559e+00 -1.93488690e+00
  8.65764988e-01 -1.22756020e+00 -2.10831660e-01  4.50095279e-01
 -1.70188501e+00  7.27601621e-01  4.31271515e-01 -2.47202955e-01
 -1.11862115e+00  3.65353609e-01  1.27131124e-01  1.64459002e+00
 -2.13646122e+00 -1.27064601e+00 -1.16620006e+00 -6.64988578e-01
  4.74609412e-01  7.05082606e-02 -1.73689192e-01 -1.22534855e-01
  4.53025910e-01 -7.17097891e-01  3.35818006e-01  9.28304041e-01
 -1.68303662e+00  6.37705500e-01 -1.15457988e+00  1.54008107e+00
  7.12375602e-02 -4.19702653e-02 -9.24987090e-01  6.88326543e-01
  4.21599402e-01  1.29014770e+00  3.24181376e-01  9.83073203e-01
  6.55837663e-01 -3.33873463e-01  1.00668584e+00 -5.48159779e-01
 -1.10249420e+00  4.26897911e-01  2.33103492e+00  7.49725026e-01
 -3.39105323e-01  2.76564897e+00 -3.95917742e-01  1.23643128e+00
  6.14571605e-01  1.70547269e+00  1.94345414e-01 -6.67485662e-03
 -7.55473396e-01 -1.27542730e+00  4.86935554e-01 -2.00896424e+00
 -5.09673212e-01 -7.46636874e-01 -9.00247863e-01 -1.16965249e-01
  1.18592128e-01  2.93275685e-01  1.94060597e+00  8.15636599e-01
 -9.00693934e-01  2.49711343e-01  2.14374198e+00  1.09210616e+00
 -9.80053434e-01  4.65854583e-01  5.99664778e-01  1.60270981e+00
  1.13994607e-02  1.15118304e+00 -6.15402361e-01  1.51357993e+00
 -2.39109267e-01 -2.10872184e-01  2.22104356e-01 -7.37197202e-01
 -9.78541997e-01 -1.34476258e-01 -2.16240926e-01 -1.05096485e-01
  1.31309058e+00 -8.41937950e-02 -2.05998278e-01  2.31449624e-01